duration = 20.000;

entities =
{

	{
		entity_name = "Zs/NPC/Equipment/01/AC2/Camera",
		type = CAMERA,
		template_name = "",
		lt_grp = 0, srt_grp = 0, usr_flg = 0,
		flags = HIDDEN,
		spatialprops =
		{
			pos = { 17.21955, 1.682559, 25.01008 },
			orient = { {  0.954651,  0.000000, -0.297727 },
					   { -0.055362,  0.982560, -0.177515 },
					   {  0.292535,  0.185948,  0.938001 } }
		},
		cameraprops =
		{
			fovh = 30,
			hvaspect = 1.85,
			nearplane = 0.2,
			farplane = 5000
		}
	},

	{
		entity_name = "Zs/NPC/Equipment/01/ACOH/Camera",
		type = CAMERA,
		template_name = "",
		lt_grp = 0, srt_grp = 0, usr_flg = 0,
		flags = HIDDEN,
		spatialprops =
		{
			pos = { 17.69864, 1.763286, 24.04378 },
			orient = { {  0.514001,  0.000000, -0.857790 },
					   { -0.155416,  0.983450, -0.093127 },
					   {  0.843593,  0.181182,  0.505494 } }
		},
		cameraprops =
		{
			fovh = 25,
			hvaspect = 1.85,
			nearplane = 0.2,
			farplane = 5000
		}
	},

	{
		entity_name = "Zs/NPC/Equipment/01/ACS/Camera",
		type = CAMERA,
		template_name = "",
		lt_grp = 0, srt_grp = 0, usr_flg = 0,
		flags = HIDDEN,
		spatialprops =
		{
			pos = { 17.35185, 1.68258, 23.9281 },
			orient = { {  0.470449,  0.000000, -0.882427 },
					   { -0.085052,  0.995344, -0.045344 },
					   {  0.878319,  0.096384,  0.468259 } }
		},
		cameraprops =
		{
			fovh = 25,
			hvaspect = 1.85,
			nearplane = 0.2,
			farplane = 5000
		}
	},

	{
		entity_name = "Zs/NPC/Equipment/01/P/Stand",
		type = MARKER,
		template_name = "",
		lt_grp = 0, srt_grp = 0, usr_flg = 0,
		spatialprops =
		{
			pos = { 17.79475, -0.0054, 23.5231 },
			orient = { {  0.021518,  0.000000, -0.999768 },
					   {  0.000000,  1.000000,  0.000000 },
					   {  0.999768,  0.000000,  0.021518 } }
		}
	},

	{
		entity_name = "Zs/NPC/Equipment/01/P2/Stand",
		type = MARKER,
		template_name = "",
		lt_grp = 0, srt_grp = 0, usr_flg = 0,
		spatialprops =
		{
			pos = { 17.2817, 0, 23.55247 },
			orient = { {  0.021518,  0.000000, -0.999768 },
					   {  0.000000,  1.000000,  0.000000 },
					   {  0.999768,  0.000000,  0.021518 } }
		}
	},

	{
		entity_name = "Zs/NPC/Equipment/01/PC2/Camera",
		type = CAMERA,
		template_name = "",
		lt_grp = 0, srt_grp = 0, usr_flg = 0,
		flags = HIDDEN,
		spatialprops =
		{
			pos = { 15.95082, 1.724887, 24.77985 },
			orient = { {  0.852353,  0.000000,  0.522967 },
					   {  0.100386,  0.981404, -0.163614 },
					   { -0.513242,  0.191955,  0.836502 } }
		},
		cameraprops =
		{
			fovh = 30,
			hvaspect = 1.85,
			nearplane = 0.2,
			farplane = 5000
		}
	},

	{
		entity_name = "Zs/NPC/Equipment/01/PCO/Camera",
		type = CAMERA,
		template_name = "",
		lt_grp = 0, srt_grp = 0, usr_flg = 0,
		flags = HIDDEN,
		spatialprops =
		{
			pos = { 15.80123, 1.776796, 23.93796 },
			orient = { {  0.411413,  0.000000,  0.911449 },
					   {  0.181687,  0.979931, -0.082010 },
					   { -0.893157,  0.199339,  0.403156 } }
		},
		cameraprops =
		{
			fovh = 25,
			hvaspect = 1.85,
			nearplane = 0.2,
			farplane = 5000
		}
	},

	{
		entity_name = "Zs/NPC/Equipment/01/PCS/Camera",
		type = CAMERA,
		template_name = "",
		lt_grp = 0, srt_grp = 0, usr_flg = 0,
		flags = HIDDEN,
		spatialprops =
		{
			pos = { 16.1411, 1.696784, 23.91488 },
			orient = { {  0.417340,  0.000000,  0.908751 },
					   {  0.116645,  0.991728, -0.053569 },
					   { -0.901233,  0.128358,  0.413887 } }
		},
		cameraprops =
		{
			fovh = 25,
			hvaspect = 1.85,
			nearplane = 0.2,
			farplane = 5000
		}
	},

	{
		entity_name = "Layer_Br_01_Equip_hardpoint",
		type = SCENE,
		template_name = "",
		lt_grp = 0, srt_grp = 0, usr_flg = 0,
		spatialprops =
		{
			pos = { 0, 0, 0 },
			orient = { { 1, 0, 0 }, { 0, 1, 0 }, { 0, 0, 1 } }
		},
		up = Y_AXIS,
		front = Z_AXIS,
		ambient = { 65, 69, 65 }
	},

	{
		entity_name = "Set_br_01_equipment",
		type = COMPOUND,
		template_name = "br_01_equipment",
		lt_grp = 0, srt_grp = 0, usr_flg = 0,
		flags = LIT_AMBIENT,
		spatialprops =
		{
			pos = { 0, 0, 0 },
			orient = { { 1, 0, 0 }, { 0, 1, 0 }, { 0, 0, 1 } }
		},
		userprops =
		{
			category = "Room",
		}
	},

	{
		entity_name = "X/Shipcentre/01",
		type = MARKER,
		template_name = "",
		lt_grp = 0, srt_grp = 0, usr_flg = 0,
		spatialprops =
		{
			pos = { 4.886823, 0, -1.125666 },
			orient = { { -0.842718,  0.000000,  0.538355 },
					   {  0.000000,  1.000000,  0.000000 },
					   { -0.538355,  0.000000, -0.842718 } }
		}
	},

	{
		entity_name = "Zs/NPC/equipment/01/A/Stand",
		type = MARKER,
		template_name = "",
		lt_grp = 0, srt_grp = 0, usr_flg = 0,
		spatialprops =
		{
			pos = { 16.17631, 0, 23.55459 },
			orient = { { -0.278931,  0.000000,  0.960311 },
					   {  0.000000,  1.000000,  0.000000 },
					   { -0.960311,  0.000000, -0.278931 } }
		}
	},

	{
		entity_name = "Zg/PC/Player/01/A/Stand",
		type = MARKER,
		template_name = "",
		lt_grp = 0, srt_grp = 0, usr_flg = 0,
		spatialprops =
		{
			pos = { 17.67262, 0, 23.21775 },
			orient = { { -0.727360,  0.000000, -0.686256 },
					   {  0.000000,  1.000000,  0.000000 },
					   {  0.686256,  0.000000, -0.727360 } }
		}
	},

	{
		entity_name = "Cart_Mk_Gun_Stop",
		type = MARKER,
		template_name = "",
		lt_grp = 0, srt_grp = 0, usr_flg = 0,
		spatialprops =
		{
			pos = { 6.912987, 0.59, 10.31788 },
			orient = { {  0.010227,  0.000000, -0.999948 },
					   {  0.000000,  1.000000,  0.000000 },
					   {  0.999948,  0.000000,  0.010227 } }
		}
	},

	{
		entity_name = "Cart_Mk_Engine_Stop",
		type = MARKER,
		template_name = "",
		lt_grp = 0, srt_grp = 0, usr_flg = 0,
		spatialprops =
		{
			pos = { -3.753071, 0.77, 7.953939 },
			orient = { {  0.989314,  0.000000,  0.145801 },
					   {  0.000000,  1.000000,  0.000000 },
					   { -0.145801,  0.000000,  0.989314 } }
		}
	},

	{
		entity_name = "Cart_Mk_ShieldThrust_Stop",
		type = MARKER,
		template_name = "",
		lt_grp = 0, srt_grp = 0, usr_flg = 0,
		spatialprops =
		{
			pos = { 13.03507, 0.92, -6.606847 },
			orient = { { -0.811831,  0.000000, -0.583892 },
					   {  0.000000,  1.000000,  0.000000 },
					   {  0.583892,  0.000000, -0.811831 } }
		}
	},

	{
		entity_name = "Camera_Track_1",
		type = CAMERA,
		template_name = "",
		lt_grp = 0, srt_grp = 0, usr_flg = 0,
		spatialprops =
		{
			pos = { 9.014938, 16, 25.04373 },
			orient = { {  0.991609,  0.000000, -0.129272 },
					   { -0.025292,  0.980673, -0.194010 },
					   {  0.126774,  0.195652,  0.972445 } }
		},
		cameraprops =
		{
			fovh = 40,
			hvaspect = 1.333333,
			nearplane = 0.1,
			farplane = 100000
		}
	},

	{
		entity_name = "Camera_Track_2",
		type = CAMERA,
		template_name = "",
		lt_grp = 0, srt_grp = 0, usr_flg = 0,
		spatialprops =
		{
			pos = { 31.66962, 16, 3.892746 },
			orient = { {  0.184720,  0.000000, -0.982791 },
					   { -0.068111,  0.997596, -0.012802 },
					   {  0.980428,  0.069304,  0.184276 } }
		},
		cameraprops =
		{
			fovh = 40,
			hvaspect = 1.333333,
			nearplane = 0.1,
			farplane = 100000
		}
	},

	{
		entity_name = "Zg/NPC/mFloor2/01/A/Stand",
		type = MARKER,
		template_name = "",
		lt_grp = 0, srt_grp = 0, usr_flg = 0,
		spatialprops =
		{
			pos = { 18.31676, 0, 5.21741 },
			orient = { { -0.529593,  0.000000, -0.848252 },
					   {  0.000000,  1.000000,  0.000000 },
					   {  0.848252,  0.000000, -0.529593 } }
		}
	},

	{
		entity_name = "Zg/NPC/mFloor2/01/B/Stand",
		type = MARKER,
		template_name = "",
		lt_grp = 0, srt_grp = 0, usr_flg = 0,
		spatialprops =
		{
			pos = { 17.14913, 0, 4.844578 },
			orient = { { -0.594980,  0.000000,  0.803741 },
					   {  0.000000,  1.000000,  0.000000 },
					   { -0.803741,  0.000000, -0.594980 } }
		}
	},

	{
		entity_name = "Zg/NPC/mFloor2/02/A/Stand",
		type = MARKER,
		template_name = "",
		lt_grp = 0, srt_grp = 0, usr_flg = 0,
		spatialprops =
		{
			pos = { 21.84081, 0, 15.46489 },
			orient = { { -0.263935,  0.000000, -0.964541 },
					   {  0.000000,  1.000000,  0.000000 },
					   {  0.964541,  0.000000, -0.263935 } }
		}
	},

	{
		entity_name = "Zg/NPC/mFloor2/02/B/Stand",
		type = MARKER,
		template_name = "",
		lt_grp = 0, srt_grp = 0, usr_flg = 0,
		spatialprops =
		{
			pos = { 20.74454, 0, 15.25028 },
			orient = { { -0.577117,  0.000000,  0.816662 },
					   {  0.000000,  1.000000,  0.000000 },
					   { -0.816662,  0.000000, -0.577117 } }
		}
	},

	{
		entity_name = "Camera_0",
		type = CAMERA,
		template_name = "",
		lt_grp = 0, srt_grp = 0, usr_flg = 0,
		spatialprops =
		{
			pos = { 20.85253, 1.721785, 30.6749 },
			orient = { {  0.955532,  0.000000, -0.294887 },
					   {  0.031021,  0.994451,  0.100519 },
					   {  0.293251, -0.105197,  0.950230 } }
		},
		cameraprops =
		{
			fovh = 25,
			hvaspect = 1.333333,
			nearplane = 0.1,
			farplane = 100000
		}
	},

	{
		entity_name = "LtGlareSource",
		type = LIGHT,
		template_name = "",
		lt_grp = 0, srt_grp = 0, usr_flg = 0,
		spatialprops =
		{
			pos = { 20.85253, 11.72178, 30.6749 },
			orient = { { 1, 0, 0 }, { 0, 1, 0 }, { 0, 0, 1 } }
		},
		lightprops =
		{
			on = N,
			color = { 255, 255, 255 },
			diffuse = { 1, 1, 1 },
			specular = { 0, 0, 0 },
			ambient = { 0, 0, 0 },
			direction = { 0, 0, 1 },
			range = 2000,
			cutoff = 98.99998,
			type = L_POINT,
			theta = 90,
			atten = { 1, 0, 4e-006 }
		}
	},

	{
		entity_name = "LtShadowSource",
		type = LIGHT,
		template_name = "",
		lt_grp = 0, srt_grp = 0, usr_flg = 0,
		spatialprops =
		{
			pos = { 0, 0, 0 },
			orient = { {  1.000000,  0.000000,  0.000000 },
					   {  0.000000, -0.001908,  0.999998 },
					   {  0.000000, -0.999998, -0.001908 } }
		},
		lightprops =
		{
			on = N,
			color = { 255, 255, 255 },
			diffuse = { 0, 0, 0 },
			specular = { 0, 0, 0 },
			ambient = { 0, 0, 0 },
			direction = { 0, 0, 1 },
			range = 2000,
			cutoff = 98.99998,
			type = L_DIRECT,
			theta = 90,
			atten = { 1, 0, 4e-006 }
		}
	},

	{
		entity_name = "Zs/NPC/mFloor2/01/AC2/Camera",
		type = CAMERA,
		template_name = "",
		lt_grp = 0, srt_grp = 0, usr_flg = 0,
		flags = HIDDEN,
		spatialprops =
		{
			pos = { 17.37552, 1.703344, 6.802019 },
			orient = { {  0.985824,  0.000000,  0.167782 },
					   {  0.033244,  0.980174, -0.195331 },
					   { -0.164455,  0.198140,  0.966279 } }
		},
		cameraprops =
		{
			fovh = 30,
			hvaspect = 1.85,
			nearplane = 0.2,
			farplane = 5000
		}
	},

	{
		entity_name = "Zs/NPC/mFloor2/01/ACOH/Camera",
		type = CAMERA,
		template_name = "",
		lt_grp = 0, srt_grp = 0, usr_flg = 0,
		flags = HIDDEN,
		spatialprops =
		{
			pos = { 16.74968, 1.770063, 5.985014 },
			orient = { {  0.665843,  0.000000,  0.746092 },
					   {  0.153694,  0.978552, -0.137163 },
					   { -0.730089,  0.205999,  0.651563 } }
		},
		cameraprops =
		{
			fovh = 25,
			hvaspect = 1.85,
			nearplane = 0.2,
			farplane = 5000
		}
	},

	{
		entity_name = "Zs/NPC/mFloor2/01/ACS/Camera",
		type = CAMERA,
		template_name = "",
		lt_grp = 0, srt_grp = 0, usr_flg = 0,
		flags = HIDDEN,
		spatialprops =
		{
			pos = { 17.27164, 1.608767, 5.954011 },
			orient = { {  0.718527,  0.000000,  0.695499 },
					   {  0.043318,  0.998058, -0.044753 },
					   { -0.694149,  0.062284,  0.717132 } }
		},
		cameraprops =
		{
			fovh = 25,
			hvaspect = 1.85,
			nearplane = 0.2,
			farplane = 5000
		}
	},

	{
		entity_name = "Zs/NPC/mFloor2/01/ACU/Camera",
		type = CAMERA,
		template_name = "",
		lt_grp = 0, srt_grp = 0, usr_flg = 0,
		flags = HIDDEN,
		spatialprops =
		{
			pos = { 17.5981, 1.706285, 5.776641 },
			orient = { {  0.706250,  0.000000,  0.707963 },
					   {  0.068677,  0.995284, -0.068511 },
					   { -0.704624,  0.097007,  0.702919 } }
		},
		cameraprops =
		{
			fovh = 25,
			hvaspect = 1.85,
			nearplane = 0.2,
			farplane = 5000
		}
	},

	{
		entity_name = "Zs/NPC/mFloor2/01/PC2/Camera",
		type = CAMERA,
		template_name = "",
		lt_grp = 0, srt_grp = 0, usr_flg = 0,
		flags = HIDDEN,
		spatialprops =
		{
			pos = { 18.79, 1.772524, 6.329381 },
			orient = { {  0.693698,  0.000000, -0.720266 },
					   { -0.173877,  0.970424, -0.167463 },
					   {  0.698963,  0.241406,  0.673182 } }
		},
		cameraprops =
		{
			fovh = 30,
			hvaspect = 1.85,
			nearplane = 0.2,
			farplane = 5000
		}
	},

	{
		entity_name = "Zs/NPC/mFloor2/01/PCO/Camera",
		type = CAMERA,
		template_name = "",
		lt_grp = 0, srt_grp = 0, usr_flg = 0,
		flags = HIDDEN,
		spatialprops =
		{
			pos = { 18.7636, 1.73591, 5.481225 },
			orient = { {  0.150964,  0.000000, -0.988539 },
					   { -0.192354,  0.980886, -0.029375 },
					   {  0.969644,  0.194584,  0.148079 } }
		},
		cameraprops =
		{
			fovh = 25,
			hvaspect = 1.85,
			nearplane = 0.2,
			farplane = 5000
		}
	},

	{
		entity_name = "Zs/NPC/mFloor2/01/PCS/Camera",
		type = CAMERA,
		template_name = "",
		lt_grp = 0, srt_grp = 0, usr_flg = 0,
		flags = HIDDEN,
		spatialprops =
		{
			pos = { 18.21141, 1.66822, 5.540956 },
			orient = { {  0.265976,  0.000000, -0.963980 },
					   { -0.103697,  0.994197, -0.028611 },
					   {  0.958386,  0.107572,  0.264432 } }
		},
		cameraprops =
		{
			fovh = 25,
			hvaspect = 1.85,
			nearplane = 0.2,
			farplane = 5000
		}
	},

	{
		entity_name = "Zs/NPC/mFloor2/01/PCU/Camera",
		type = CAMERA,
		template_name = "",
		lt_grp = 0, srt_grp = 0, usr_flg = 0,
		flags = HIDDEN,
		spatialprops =
		{
			pos = { 17.74589, 1.682547, 5.500268 },
			orient = { {  0.218691,  0.000000, -0.975794 },
					   { -0.052626,  0.998545, -0.011794 },
					   {  0.974374,  0.053931,  0.218373 } }
		},
		cameraprops =
		{
			fovh = 25,
			hvaspect = 1.85,
			nearplane = 0.2,
			farplane = 5000
		}
	},

	{
		entity_name = "Zs/NPC/mFloor2/01/WFC/Camera",
		type = CAMERA,
		template_name = "",
		lt_grp = 0, srt_grp = 0, usr_flg = 0,
		flags = HIDDEN,
		spatialprops =
		{
			pos = { 30.81403, 3.212196, 14.55448 },
			orient = { {  0.469454,  0.000000, -0.882957 },
					   {  0.071444,  0.996721,  0.037986 },
					   {  0.880062, -0.080915,  0.467914 } }
		},
		cameraprops =
		{
			fovh = 30,
			hvaspect = 1.85,
			nearplane = 0.2,
			farplane = 5000
		}
	},

	{
		entity_name = "Zs/NPC/mFloor2/01/TCI/Camera",
		type = CAMERA,
		template_name = "",
		lt_grp = 0, srt_grp = 0, usr_flg = 0,
		flags = HIDDEN,
		spatialprops =
		{
			pos = { 17.29003, 2.430415, 6.08596 },
			orient = { {  0.693665,  0.000000,  0.720298 },
					   {  0.551871,  0.642637, -0.531465 },
					   { -0.462891,  0.766170,  0.445775 } }
		},
		cameraprops =
		{
			fovh = 15,
			hvaspect = 1.85,
			nearplane = 0.2,
			farplane = 5000
		}
	},

	{
		entity_name = "Zs/NPC/mFloor2/01/P/Stand",
		type = MARKER,
		template_name = "",
		lt_grp = 0, srt_grp = 0, usr_flg = 0,
		spatialprops =
		{
			pos = { 16.50311, -0.0054, 5.561682 },
			orient = { {  0.104483,  0.000000,  0.994527 },
					   {  0.000000,  1.000000,  0.000000 },
					   { -0.994527,  0.000000,  0.104483 } }
		}
	},

	{
		entity_name = "Zs/NPC/mFloor2/01/P2/Stand",
		type = MARKER,
		template_name = "",
		lt_grp = 0, srt_grp = 0, usr_flg = 0,
		spatialprops =
		{
			pos = { 17.00839, 0, 5.467976 },
			orient = { {  0.104483,  0.000000,  0.994527 },
					   {  0.000000,  1.000000,  0.000000 },
					   { -0.994527,  0.000000,  0.104483 } }
		}
	},

	{
		entity_name = "Zs/NPC/mFloor2/02/AC2/Camera",
		type = CAMERA,
		template_name = "",
		lt_grp = 0, srt_grp = 0, usr_flg = 0,
		flags = HIDDEN,
		spatialprops =
		{
			pos = { 20.81082, 1.677214, 17.12911 },
			orient = { {  0.980762,  0.000000,  0.195207 },
					   {  0.034667,  0.984105, -0.174173 },
					   { -0.192104,  0.177590,  0.965172 } }
		},
		cameraprops =
		{
			fovh = 30,
			hvaspect = 1.85,
			nearplane = 0.2,
			farplane = 5000
		}
	},

	{
		entity_name = "Zs/NPC/mFloor2/02/ACOH/Camera",
		type = CAMERA,
		template_name = "",
		lt_grp = 0, srt_grp = 0, usr_flg = 0,
		flags = HIDDEN,
		spatialprops =
		{
			pos = { 20.36107, 1.704378, 16.26789 },
			orient = { {  0.697120,  0.000000,  0.716955 },
					   {  0.119014,  0.986126, -0.115721 },
					   { -0.707008,  0.165999,  0.687448 } }
		},
		cameraprops =
		{
			fovh = 25,
			hvaspect = 1.85,
			nearplane = 0.2,
			farplane = 5000
		}
	},

	{
		entity_name = "Zs/NPC/mFloor2/02/ACS/Camera",
		type = CAMERA,
		template_name = "",
		lt_grp = 0, srt_grp = 0, usr_flg = 0,
		flags = HIDDEN,
		spatialprops =
		{
			pos = { 20.68821, 1.647933, 15.98697 },
			orient = { {  0.597005,  0.000000,  0.802238 },
					   {  0.079056,  0.995133, -0.058832 },
					   { -0.798333,  0.098545,  0.594099 } }
		},
		cameraprops =
		{
			fovh = 25,
			hvaspect = 1.85,
			nearplane = 0.2,
			farplane = 5000
		}
	},

	{
		entity_name = "Zs/NPC/mFloor2/02/ACU/Camera",
		type = CAMERA,
		template_name = "",
		lt_grp = 0, srt_grp = 0, usr_flg = 0,
		flags = HIDDEN,
		spatialprops =
		{
			pos = { 21.10147, 1.658623, 15.8657 },
			orient = { {  0.591505,  0.000000,  0.806302 },
					   {  0.026720,  0.999451, -0.019602 },
					   { -0.805859,  0.033138,  0.591180 } }
		},
		cameraprops =
		{
			fovh = 25,
			hvaspect = 1.85,
			nearplane = 0.2,
			farplane = 5000
		}
	},

	{
		entity_name = "Zs/NPC/mFloor2/02/P/Stand",
		type = MARKER,
		template_name = "",
		lt_grp = 0, srt_grp = 0, usr_flg = 0,
		spatialprops =
		{
			pos = { 20.02369, -0.0054, 15.64855 },
			orient = { { -0.118312,  0.000000,  0.992977 },
					   {  0.000000,  1.000000,  0.000000 },
					   { -0.992977,  0.000000, -0.118312 } }
		}
	},

	{
		entity_name = "Zs/NPC/mFloor2/02/P2/Stand",
		type = MARKER,
		template_name = "",
		lt_grp = 0, srt_grp = 0, usr_flg = 0,
		spatialprops =
		{
			pos = { 20.53717, 0, 15.66905 },
			orient = { { -0.118311,  0.000000,  0.992977 },
					   {  0.000000,  1.000000,  0.000000 },
					   { -0.992977,  0.000000, -0.118311 } }
		}
	},

	{
		entity_name = "Zs/NPC/mFloor2/02/WFC/Camera",
		type = CAMERA,
		template_name = "",
		lt_grp = 0, srt_grp = 0, usr_flg = 0,
		flags = HIDDEN,
		spatialprops =
		{
			pos = { 34.07586, 1.290728, 22.72222 },
			orient = { {  0.171432,  0.000000, -0.985196 },
					   {  0.158006,  0.987055,  0.027494 },
					   {  0.972443, -0.160380,  0.169212 } }
		},
		cameraprops =
		{
			fovh = 30,
			hvaspect = 1.85,
			nearplane = 0.2,
			farplane = 5000
		}
	},

	{
		entity_name = "Zs/NPC/mFloor2/02/TCI/Camera",
		type = CAMERA,
		template_name = "",
		lt_grp = 0, srt_grp = 0, usr_flg = 0,
		flags = HIDDEN,
		spatialprops =
		{
			pos = { 20.70094, 1.903228, 16.1563 },
			orient = { {  0.639179,  0.000000,  0.769058 },
					   {  0.472929,  0.788569, -0.393061 },
					   { -0.606455,  0.614946,  0.504037 } }
		},
		cameraprops =
		{
			fovh = 15,
			hvaspect = 1.85,
			nearplane = 0.2,
			farplane = 5000
		}
	},

	{
		entity_name = "Zs/NPC/mFloor2/02/PCU/Camera",
		type = CAMERA,
		template_name = "",
		lt_grp = 0, srt_grp = 0, usr_flg = 0,
		flags = HIDDEN,
		spatialprops =
		{
			pos = { 21.35712, 1.705283, 15.75446 },
			orient = { {  0.165961,  0.000000, -0.986132 },
					   { -0.085175,  0.996263, -0.014334 },
					   {  0.982447,  0.086373,  0.165340 } }
		},
		cameraprops =
		{
			fovh = 25,
			hvaspect = 1.85,
			nearplane = 0.2,
			farplane = 5000
		}
	},

	{
		entity_name = "Zs/NPC/mFloor2/02/PCS/Camera",
		type = CAMERA,
		template_name = "",
		lt_grp = 0, srt_grp = 0, usr_flg = 0,
		flags = HIDDEN,
		spatialprops =
		{
			pos = { 21.67623, 1.630008, 15.76473 },
			orient = { {  0.186860,  0.000000, -0.982387 },
					   { -0.072093,  0.997304, -0.013713 },
					   {  0.979738,  0.073386,  0.186356 } }
		},
		cameraprops =
		{
			fovh = 25,
			hvaspect = 1.85,
			nearplane = 0.2,
			farplane = 5000
		}
	},

	{
		entity_name = "Zs/NPC/mFloor2/02/PCO/Camera",
		type = CAMERA,
		template_name = "",
		lt_grp = 0, srt_grp = 0, usr_flg = 0,
		flags = HIDDEN,
		spatialprops =
		{
			pos = { 22.28156, 1.737395, 15.77472 },
			orient = { {  0.274849,  0.000000, -0.961487 },
					   { -0.188736,  0.980545, -0.053952 },
					   {  0.942782,  0.196295,  0.269502 } }
		},
		cameraprops =
		{
			fovh = 25,
			hvaspect = 1.85,
			nearplane = 0.2,
			farplane = 5000
		}
	},

	{
		entity_name = "Zs/NPC/mFloor2/02/PC2/Camera",
		type = CAMERA,
		template_name = "",
		lt_grp = 0, srt_grp = 0, usr_flg = 0,
		flags = HIDDEN,
		spatialprops =
		{
			pos = { 22.14701, 1.645677, 16.79298 },
			orient = { {  0.814759,  0.000000, -0.579800 },
					   { -0.096187,  0.986143, -0.135165 },
					   {  0.571766,  0.165896,  0.803469 } }
		},
		cameraprops =
		{
			fovh = 30,
			hvaspect = 1.85,
			nearplane = 0.2,
			farplane = 5000
		}
	},

	{
		entity_name = "LtGlareSource_g3",
		type = LIGHT,
		template_name = "",
		lt_grp = 3, srt_grp = 0, usr_flg = 0,
		spatialprops =
		{
			pos = { 20.85253, 11.72178, 30.6749 },
			orient = { { 1, 0, 0 }, { 0, 1, 0 }, { 0, 0, 1 } }
		},
		lightprops =
		{
			on = N,
			color = { 255, 255, 255 },
			diffuse = { 1, 1, 1 },
			specular = { 0, 0, 0 },
			ambient = { 0, 0, 0 },
			direction = { 0, 0, 1 },
			range = 2000,
			cutoff = 98.99998,
			type = L_POINT,
			theta = 90,
			atten = { 1, 0, 4e-006 }
		}
	},

	{
		entity_name = "LtShadowSource_g3",
		type = LIGHT,
		template_name = "",
		lt_grp = 3, srt_grp = 0, usr_flg = 0,
		spatialprops =
		{
			pos = { 0, 0, 0 },
			orient = { {  1.000000,  0.000000,  0.000000 },
					   {  0.000000, -0.001908,  0.999998 },
					   {  0.000000, -0.999998, -0.001908 } }
		},
		lightprops =
		{
			on = N,
			color = { 255, 255, 255 },
			diffuse = { 0, 0, 0 },
			specular = { 0, 0, 0 },
			ambient = { 0, 0, 0 },
			direction = { 0, 0, 1 },
			range = 2000,
			cutoff = 98.99998,
			type = L_DIRECT,
			theta = 90,
			atten = { 1, 0, 4e-006 }
		}
	}
};

events =
{
	{
		0.000, START_FOG_PROP_ANIM, { "Layer_Br_01_Equip_hardpoint" },
		{
			duration = 0.100,
			fogprops =
			{
				fogon = Y,
				fogtable = N,
				fogcolor = { 45, 45, 60 },
				fogmode = F_LINEAR,
				fogstart = 0,
				fogend = 300,
				fogdensity = 0.1
			}
		}
	}
};
