duration = 20.000;

entities =
{

	{
		entity_name = "Layer_br_01_Shipdlr_Hardpoint_Layer",
		type = SCENE,
		template_name = "",
		lt_grp = 0, srt_grp = 0, usr_flg = 0,
		spatialprops =
		{
			pos = { 0, 0, 0 },
			orient = { { 1, 0, 0 }, { 0, 1, 0 }, { 0, 0, 1 } }
		},
		up = Y_AXIS,
		front = Z_AXIS,
		ambient = { 144, 148, 144 }
	},

	{
		entity_name = "X/Shipcentre/01",
		type = MARKER,
		template_name = "",
		lt_grp = 0, srt_grp = 0, usr_flg = 0,
		spatialprops =
		{
			pos = { 14.58822, 3.94794, 5.530665 },
			orient = { {  0.547948,  0.000000, -0.836512 },
					   {  0.000000,  1.000000,  0.000000 },
					   {  0.836512,  0.000000,  0.547948 } }
		}
	},

	{
		entity_name = "Zs/NPC/Shipdealer/01/A/Stand",
		type = MARKER,
		template_name = "",
		lt_grp = 0, srt_grp = 0, usr_flg = 0,
		spatialprops =
		{
			pos = { -0.906647, 0, 9.030462 },
			orient = { {  0.662411,  0.000000,  0.749141 },
					   {  0.000000,  1.000000,  0.000000 },
					   { -0.749141,  0.000000,  0.662411 } }
		}
	},

	{
		entity_name = "Zg/PC/Player/01/A/Stand",
		type = MARKER,
		template_name = "",
		lt_grp = 0, srt_grp = 0, usr_flg = 0,
		spatialprops =
		{
			pos = { 0.173174, 0, 8.272089 },
			orient = { { -0.331927,  0.000000, -0.943305 },
					   {  0.000000,  1.000000,  0.000000 },
					   {  0.943305,  0.000000, -0.331927 } }
		}
	},

	{
		entity_name = "X/Shipcentre/03",
		type = MARKER,
		template_name = "",
		lt_grp = 0, srt_grp = 0, usr_flg = 0,
		spatialprops =
		{
			pos = { -0.001872, 1.560074, 30.49602 },
			orient = { {  0.720848,  0.000000, -0.693093 },
					   {  0.000000,  1.000000,  0.000000 },
					   {  0.693093,  0.000000,  0.720848 } }
		}
	},

	{
		entity_name = "X/Shipcentre/02",
		type = MARKER,
		template_name = "",
		lt_grp = 0, srt_grp = 0, usr_flg = 0,
		spatialprops =
		{
			pos = { -14.54266, 3.951979, 5.535014 },
			orient = { {  0.522962,  0.000000,  0.852356 },
					   {  0.000000,  1.000000,  0.000000 },
					   { -0.852356,  0.000000,  0.522962 } }
		}
	},

	{
		entity_name = "Camera_0",
		type = CAMERA,
		template_name = "",
		lt_grp = 0, srt_grp = 0, usr_flg = 0,
		spatialprops =
		{
			pos = { -3.288454, 4.150611, -4.925756 },
			orient = { { -0.998686,  0.000001,  0.051252 },
					   {  0.002889,  0.998411,  0.056284 },
					   { -0.051170,  0.056358, -0.997099 } }
		},
		cameraprops =
		{
			fovh = 31,
			hvaspect = 1.333333,
			nearplane = 0.1,
			farplane = 100000
		}
	},

	{
		entity_name = "Zg/NPC/mFloor2/01/A/Stand",
		type = MARKER,
		template_name = "",
		lt_grp = 0, srt_grp = 0, usr_flg = 0,
		spatialprops =
		{
			pos = { -5.099954, 0, 15.73724 },
			orient = { {  0.287503,  0.000000,  0.957780 },
					   {  0.000000,  1.000000,  0.000000 },
					   { -0.957780,  0.000000,  0.287503 } }
		}
	},

	{
		entity_name = "Zg/NPC/mFloor2/02/A/Stand",
		type = MARKER,
		template_name = "",
		lt_grp = 0, srt_grp = 0, usr_flg = 0,
		spatialprops =
		{
			pos = { 3.523019, 0, 14.26647 },
			orient = { {  0.897942,  0.000000,  0.440113 },
					   {  0.000000,  1.000000,  0.000000 },
					   { -0.440113,  0.000000,  0.897942 } }
		}
	},

	{
		entity_name = "Zs/NPC/mFloor2/02/B/Stand",
		type = MARKER,
		template_name = "",
		lt_grp = 0, srt_grp = 0, usr_flg = 0,
		spatialprops =
		{
			pos = { 5.065935, 0, 14.31436 },
			orient = { {  0.280728,  0.000000, -0.959787 },
					   {  0.000000,  1.000000,  0.000000 },
					   {  0.959787,  0.000000,  0.280728 } }
		}
	},

	{
		entity_name = "Zs/NPC/mFloor2/01/B/Stand",
		type = MARKER,
		template_name = "",
		lt_grp = 0, srt_grp = 0, usr_flg = 0,
		spatialprops =
		{
			pos = { -3.700912, 0, 16.85775 },
			orient = { {  0.941189,  0.000000, -0.337881 },
					   {  0.000000,  1.000000,  0.000000 },
					   {  0.337881,  0.000000,  0.941189 } }
		}
	},

	{
		entity_name = "Camera_Ship_1",
		type = CAMERA,
		template_name = "",
		lt_grp = 0, srt_grp = 0, usr_flg = 0,
		spatialprops =
		{
			pos = { 9.020385, 13.44624, -12.78118 },
			orient = { { -0.960274,  0.000000,  0.279060 },
					   {  0.031053,  0.993790,  0.106855 },
					   { -0.277326,  0.111276, -0.954310 } }
		},
		cameraprops =
		{
			fovh = 31,
			hvaspect = 1.333333,
			nearplane = 0.1,
			farplane = 100000
		}
	},

	{
		entity_name = "Camera_Ship_3",
		type = CAMERA,
		template_name = "",
		lt_grp = 0, srt_grp = 0, usr_flg = 0,
		spatialprops =
		{
			pos = { 0.139425, 13.66031, 0.048794 },
			orient = { { -0.999987,  0.000000, -0.005097 },
					   { -0.000016,  0.999995,  0.003158 },
					   {  0.005097,  0.003158, -0.999982 } }
		},
		cameraprops =
		{
			fovh = 31,
			hvaspect = 1.333333,
			nearplane = 0.1,
			farplane = 100000
		}
	},

	{
		entity_name = "Camera_Ship_2",
		type = CAMERA,
		template_name = "",
		lt_grp = 0, srt_grp = 0, usr_flg = 0,
		spatialprops =
		{
			pos = { -7.710969, 15.84167, -14.34766 },
			orient = { { -0.958987,  0.000000, -0.283449 },
					   { -0.044962,  0.987339,  0.152118 },
					   {  0.279860,  0.158624, -0.946846 } }
		},
		cameraprops =
		{
			fovh = 31,
			hvaspect = 1.333333,
			nearplane = 0.1,
			farplane = 100000
		}
	},

	{
		entity_name = "Zs/NPC/mFloor2/01/P2/Stand",
		type = MARKER,
		template_name = "",
		lt_grp = 0, srt_grp = 0, usr_flg = 0,
		spatialprops =
		{
			pos = { -3.825886, 0, 15.46627 },
			orient = { {  0.093930,  0.000000, -0.995579 },
					   {  0.000000,  1.000000,  0.000000 },
					   {  0.995579,  0.000000,  0.093930 } }
		}
	},

	{
		entity_name = "Zs/NPC/mFloor2/01/P/Stand",
		type = MARKER,
		template_name = "",
		lt_grp = 0, srt_grp = 0, usr_flg = 0,
		spatialprops =
		{
			pos = { -3.312056, -0.0054, 15.47417 },
			orient = { {  0.093930,  0.000000, -0.995579 },
					   {  0.000000,  1.000000,  0.000000 },
					   {  0.995579,  0.000000,  0.093930 } }
		}
	},

	{
		entity_name = "Zs/NPC/mFloor2/01/AC2/Camera",
		type = CAMERA,
		template_name = "",
		lt_grp = 0, srt_grp = 0, usr_flg = 0,
		flags = HIDDEN,
		spatialprops =
		{
			pos = { -3.883371, 1.711389, 14.27547 },
			orient = { { -0.941451,  0.000000, -0.337150 },
					   { -0.067026,  0.980040,  0.187162 },
					   {  0.330420,  0.198802, -0.922659 } }
		},
		cameraprops =
		{
			fovh = 30,
			hvaspect = 1.85,
			nearplane = 0.2,
			farplane = 5000
		}
	},

	{
		entity_name = "Zs/NPC/mFloor2/01/ACOH/Camera",
		type = CAMERA,
		template_name = "",
		lt_grp = 0, srt_grp = 0, usr_flg = 0,
		flags = HIDDEN,
		spatialprops =
		{
			pos = { -3.554075, 1.726569, 14.98823 },
			orient = { { -0.647127,  0.000000, -0.762382 },
					   { -0.133098,  0.984643,  0.112976 },
					   {  0.750674,  0.174581, -0.637189 } }
		},
		cameraprops =
		{
			fovh = 25,
			hvaspect = 1.85,
			nearplane = 0.2,
			farplane = 5000
		}
	},

	{
		entity_name = "Zs/NPC/mFloor2/01/ACS/Camera",
		type = CAMERA,
		template_name = "",
		lt_grp = 0, srt_grp = 0, usr_flg = 0,
		flags = HIDDEN,
		spatialprops =
		{
			pos = { -4.033476, 1.62774, 15.05718 },
			orient = { { -0.692328,  0.000000, -0.721583 },
					   { -0.061529,  0.996358,  0.059035 },
					   {  0.718955,  0.085270, -0.689806 } }
		},
		cameraprops =
		{
			fovh = 25,
			hvaspect = 1.85,
			nearplane = 0.2,
			farplane = 5000
		}
	},

	{
		entity_name = "Zs/NPC/mFloor2/01/ACU/Camera",
		type = CAMERA,
		template_name = "",
		lt_grp = 0, srt_grp = 0, usr_flg = 0,
		flags = HIDDEN,
		spatialprops =
		{
			pos = { -4.1732, 1.679297, 15.20364 },
			orient = { { -0.586266,  0.000000, -0.810119 },
					   { -0.037356,  0.998936,  0.027034 },
					   {  0.809257,  0.046111, -0.585642 } }
		},
		cameraprops =
		{
			fovh = 20,
			hvaspect = 1.85,
			nearplane = 0.2,
			farplane = 5000
		}
	},

	{
		entity_name = "Zs/NPC/mFloor2/01/PC2/Camera",
		type = CAMERA,
		template_name = "",
		lt_grp = 0, srt_grp = 0, usr_flg = 0,
		flags = HIDDEN,
		spatialprops =
		{
			pos = { -5.489282, 1.705442, 14.23951 },
			orient = { { -0.808545,  0.000000,  0.588435 },
					   {  0.122407,  0.978124,  0.168194 },
					   { -0.575562,  0.208021, -0.790857 } }
		},
		cameraprops =
		{
			fovh = 30,
			hvaspect = 1.85,
			nearplane = 0.1,
			farplane = 5000
		}
	},

	{
		entity_name = "Zs/NPC/mFloor2/01/PCO/Camera",
		type = CAMERA,
		template_name = "",
		lt_grp = 0, srt_grp = 0, usr_flg = 0,
		flags = HIDDEN,
		spatialprops =
		{
			pos = { -5.567066, 1.710101, 15.44162 },
			orient = { { -0.204470,  0.000000,  0.978873 },
					   {  0.158120,  0.986867,  0.033029 },
					   { -0.966018,  0.161533, -0.201785 } }
		},
		cameraprops =
		{
			fovh = 25,
			hvaspect = 1.85,
			nearplane = 0.2,
			farplane = 5000
		}
	},

	{
		entity_name = "Zs/NPC/mFloor2/01/PCS/Camera",
		type = CAMERA,
		template_name = "",
		lt_grp = 0, srt_grp = 0, usr_flg = 0,
		flags = HIDDEN,
		spatialprops =
		{
			pos = { -5.160803, 1.636368, 15.34425 },
			orient = { { -0.260734,  0.000000,  0.965411 },
					   {  0.087518,  0.995882,  0.023637 },
					   { -0.961435,  0.090654, -0.259661 } }
		},
		cameraprops =
		{
			fovh = 25,
			hvaspect = 1.85,
			nearplane = 0.2,
			farplane = 5000
		}
	},

	{
		entity_name = "Zs/NPC/mFloor2/01/PCU/Camera",
		type = CAMERA,
		template_name = "",
		lt_grp = 0, srt_grp = 0, usr_flg = 0,
		flags = HIDDEN,
		spatialprops =
		{
			pos = { -4.631718, 1.729508, 15.4329 },
			orient = { { -0.198768,  0.000000,  0.980047 },
					   {  0.123082,  0.992083,  0.024963 },
					   { -0.972287,  0.125588, -0.197194 } }
		},
		cameraprops =
		{
			fovh = 25,
			hvaspect = 1.85,
			nearplane = 0.2,
			farplane = 5000
		}
	},

	{
		entity_name = "Zs/NPC/mFloor2/01/WFC/Camera",
		type = CAMERA,
		template_name = "",
		lt_grp = 0, srt_grp = 0, usr_flg = 0,
		flags = HIDDEN,
		spatialprops =
		{
			pos = { -32.2235, 24.44271, -19.33637 },
			orient = { { -0.778222,  0.000000,  0.627989 },
					   {  0.322986,  0.857600,  0.400253 },
					   { -0.538564,  0.514317, -0.667403 } }
		},
		cameraprops =
		{
			fovh = 30,
			hvaspect = 1.85,
			nearplane = 1,
			farplane = 5000
		}
	},

	{
		entity_name = "Zs/NPC/mFloor2/01/TCI/Camera",
		type = CAMERA,
		template_name = "",
		lt_grp = 0, srt_grp = 0, usr_flg = 0,
		flags = HIDDEN,
		spatialprops =
		{
			pos = { -3.90503, 2.060809, 14.87293 },
			orient = { { -0.714364,  0.000000, -0.699774 },
					   { -0.444536,  0.772301,  0.453804 },
					   {  0.540437,  0.635256, -0.551704 } }
		},
		cameraprops =
		{
			fovh = 15,
			hvaspect = 1.85,
			nearplane = 0.2,
			farplane = 5000
		}
	},

	{
		entity_name = "Zs/NPC/mFloor2/02/P/Stand",
		type = MARKER,
		template_name = "",
		lt_grp = 0, srt_grp = 0, usr_flg = 0,
		spatialprops =
		{
			pos = { 4.473328, -0.0054, 12.71897 },
			orient = { { -0.666410,  0.000000, -0.745585 },
					   {  0.000000,  1.000000,  0.000000 },
					   {  0.745585,  0.000000, -0.666410 } }
		}
	},

	{
		entity_name = "Zs/NPC/mFloor2/02/P2/Stand",
		type = MARKER,
		template_name = "",
		lt_grp = 0, srt_grp = 0, usr_flg = 0,
		spatialprops =
		{
			pos = { 4.118287, 0, 13.09049 },
			orient = { { -0.666410,  0.000000, -0.745585 },
					   {  0.000000,  1.000000,  0.000000 },
					   {  0.745585,  0.000000, -0.666410 } }
		}
	},

	{
		entity_name = "Zs/NPC/mFloor2/02/AC2/Camera",
		type = CAMERA,
		template_name = "",
		lt_grp = 0, srt_grp = 0, usr_flg = 0,
		flags = HIDDEN,
		spatialprops =
		{
			pos = { 2.985427, 1.670509, 12.22841 },
			orient = { { -0.831320,  0.000000,  0.555795 },
					   {  0.100982,  0.983356,  0.151041 },
					   { -0.546544,  0.181689, -0.817483 } }
		},
		cameraprops =
		{
			fovh = 30,
			hvaspect = 1.85,
			nearplane = 0.2,
			farplane = 5000
		}
	},

	{
		entity_name = "Zs/NPC/mFloor2/02/ACOH/Camera",
		type = CAMERA,
		template_name = "",
		lt_grp = 0, srt_grp = 0, usr_flg = 0,
		flags = HIDDEN,
		spatialprops =
		{
			pos = { 3.985109, 1.753096, 12.6029 },
			orient = { { -0.999209,  0.000000, -0.039762 },
					   { -0.007581,  0.981658,  0.190498 },
					   {  0.039032,  0.190649, -0.980882 } }
		},
		cameraprops =
		{
			fovh = 25,
			hvaspect = 1.85,
			nearplane = 0.2,
			farplane = 5000
		}
	},

	{
		entity_name = "Zs/NPC/mFloor2/02/ACS/Camera",
		type = CAMERA,
		template_name = "",
		lt_grp = 0, srt_grp = 0, usr_flg = 0,
		flags = HIDDEN,
		spatialprops =
		{
			pos = { 3.697622, 1.644118, 12.83614 },
			orient = { { -0.998633,  0.000000,  0.052272 },
					   {  0.006042,  0.993297,  0.115435 },
					   { -0.051922,  0.115593, -0.991939 } }
		},
		cameraprops =
		{
			fovh = 25,
			hvaspect = 1.85,
			nearplane = 0.2,
			farplane = 5000
		}
	},

	{
		entity_name = "Zs/NPC/mFloor2/02/ACU/Camera",
		type = CAMERA,
		template_name = "",
		lt_grp = 0, srt_grp = 0, usr_flg = 0,
		flags = HIDDEN,
		spatialprops =
		{
			pos = { 3.655954, 1.64643, 13.21062 },
			orient = { { -0.999982,  0.000000,  0.006035 },
					   {  0.000173,  0.999588,  0.028716 },
					   { -0.006032,  0.028717, -0.999569 } }
		},
		cameraprops =
		{
			fovh = 20,
			hvaspect = 1.85,
			nearplane = 0.2,
			farplane = 5000
		}
	},

	{
		entity_name = "Zs/NPC/mFloor2/02/PC2/Camera",
		type = CAMERA,
		template_name = "",
		lt_grp = 0, srt_grp = 0, usr_flg = 0,
		flags = HIDDEN,
		spatialprops =
		{
			pos = { 2.064499, 1.584631, 13.31383 },
			orient = { { -0.212981,  0.000000,  0.977056 },
					   {  0.149217,  0.988269,  0.032527 },
					   { -0.965595,  0.152721, -0.210483 } }
		},
		cameraprops =
		{
			fovh = 30,
			hvaspect = 1.85,
			nearplane = 0.1,
			farplane = 5000
		}
	},

	{
		entity_name = "Zs/NPC/mFloor2/02/PCO/Camera",
		type = CAMERA,
		template_name = "",
		lt_grp = 0, srt_grp = 0, usr_flg = 0,
		flags = HIDDEN,
		spatialprops =
		{
			pos = { 2.918889, 1.723618, 14.46395 },
			orient = { {  0.607766,  0.000000,  0.794116 },
					   {  0.133757,  0.985713, -0.102369 },
					   { -0.782770,  0.168435,  0.599083 } }
		},
		cameraprops =
		{
			fovh = 25,
			hvaspect = 1.85,
			nearplane = 0.2,
			farplane = 5000
		}
	},

	{
		entity_name = "Zs/NPC/mFloor2/02/PCS/Camera",
		type = CAMERA,
		template_name = "",
		lt_grp = 0, srt_grp = 0, usr_flg = 0,
		flags = HIDDEN,
		spatialprops =
		{
			pos = { 3.244721, 1.600075, 14.08133 },
			orient = { {  0.653695,  0.000000,  0.756758 },
					   {  0.038594,  0.998699, -0.033338 },
					   { -0.755773,  0.050999,  0.652844 } }
		},
		cameraprops =
		{
			fovh = 25,
			hvaspect = 1.85,
			nearplane = 0.2,
			farplane = 5000
		}
	},

	{
		entity_name = "Zs/NPC/mFloor2/02/PCU/Camera",
		type = CAMERA,
		template_name = "",
		lt_grp = 0, srt_grp = 0, usr_flg = 0,
		flags = HIDDEN,
		spatialprops =
		{
			pos = { 3.591393, 1.697495, 13.75666 },
			orient = { {  0.682765,  0.000000,  0.730638 },
					   {  0.056723,  0.996982, -0.053006 },
					   { -0.728433,  0.077634,  0.680704 } }
		},
		cameraprops =
		{
			fovh = 25,
			hvaspect = 1.85,
			nearplane = 0.2,
			farplane = 5000
		}
	},

	{
		entity_name = "Zs/NPC/mFloor2/02/WFC/Camera",
		type = CAMERA,
		template_name = "",
		lt_grp = 0, srt_grp = 0, usr_flg = 0,
		flags = HIDDEN,
		spatialprops =
		{
			pos = { -52.68759, 10.04149, 5.493198 },
			orient = { { -0.326445,  0.000000,  0.945216 },
					   {  0.086165,  0.995836,  0.029758 },
					   { -0.941280,  0.091159, -0.325086 } }
		},
		cameraprops =
		{
			fovh = 30,
			hvaspect = 1.85,
			nearplane = 1,
			farplane = 5000
		}
	},

	{
		entity_name = "Zs/NPC/mFloor2/02/TCI/Camera",
		type = CAMERA,
		template_name = "",
		lt_grp = 0, srt_grp = 0, usr_flg = 0,
		flags = HIDDEN,
		spatialprops =
		{
			pos = { 3.593381, 2.051483, 12.70467 },
			orient = { { -0.992761,  0.000000,  0.120108 },
					   {  0.070538,  0.809378,  0.583037 },
					   { -0.097213,  0.587288, -0.803519 } }
		},
		cameraprops =
		{
			fovh = 15,
			hvaspect = 1.85,
			nearplane = 0.2,
			farplane = 5000
		}
	},

	{
		entity_name = "Set_br_01_Shipdlr",
		type = COMPOUND,
		template_name = "br_01_shipbuy",
		lt_grp = 0, srt_grp = 0, usr_flg = 0,
		flags = LIT_AMBIENT,
		spatialprops =
		{
			pos = { 0, 0, 0 },
			orient = { { 1, 0, 0 }, { 0, 1, 0 }, { 0, 0, 1 } }
		},
		userprops =
		{
			category = "Room",
		}
	},

	{
		entity_name = "Camera_Wide",
		type = CAMERA,
		template_name = "",
		lt_grp = 0, srt_grp = 0, usr_flg = 0,
		spatialprops =
		{
			pos = { -0.163025, 26.99539, -54.83825 },
			orient = { { -0.999988,  0.000000,  0.004864 },
					   {  0.000814,  0.985904,  0.167312 },
					   { -0.004795,  0.167314, -0.985892 } }
		},
		cameraprops =
		{
			fovh = 31,
			hvaspect = 1.333333,
			nearplane = 0.1,
			farplane = 100000
		}
	},

	{
		entity_name = "LtShadowSource",
		type = LIGHT,
		template_name = "",
		lt_grp = 0, srt_grp = 0, usr_flg = 0,
		spatialprops =
		{
			pos = { 0, 5.295341, 0 },
			orient = { {  1.000000,  0.000000,  0.000000 },
					   {  0.000000,  0.000234,  1.000000 },
					   {  0.000000, -1.000000,  0.000234 } }
		},
		lightprops =
		{
			on = N,
			color = { 255, 255, 255 },
			diffuse = { 0, 0, 0 },
			specular = { 0, 0, 0 },
			ambient = { 0, 0, 0 },
			direction = { 0, 0, 1 },
			range = 2000,
			cutoff = 98.99998,
			type = L_DIRECT,
			theta = 90,
			atten = { 1, 0, 4e-006 }
		}
	},

	{
		entity_name = "LtGlareSource",
		type = LIGHT,
		template_name = "",
		lt_grp = 0, srt_grp = 0, usr_flg = 0,
		spatialprops =
		{
			pos = { -1.297738, 19.43572, -6.434128 },
			orient = { {  1.000000,  0.000000,  0.000000 },
					   {  0.000000,  0.000234,  1.000000 },
					   {  0.000000, -1.000000,  0.000234 } }
		},
		lightprops =
		{
			on = N,
			color = { 255, 255, 255 },
			diffuse = { 1, 1, 1 },
			specular = { 0, 0, 0 },
			ambient = { 0, 0, 0 },
			direction = { 0, 0, 1 },
			range = 2000,
			cutoff = 98.99998,
			type = L_POINT,
			theta = 90,
			atten = { 1, 0, 4e-006 }
		}
	},

	{
		entity_name = "Zs/NPC/Shipdealer/01/AC2/Camera",
		type = CAMERA,
		template_name = "",
		lt_grp = 0, srt_grp = 0, usr_flg = 0,
		flags = HIDDEN,
		spatialprops =
		{
			pos = { -0.716573, 1.677214, 7.08255 },
			orient = { { -0.968514,  0.000000,  0.248958 },
					   {  0.042076,  0.985614,  0.163688 },
					   { -0.245377,  0.169009, -0.954582 } }
		},
		cameraprops =
		{
			fovh = 30,
			hvaspect = 1.85,
			nearplane = 0.2,
			farplane = 5000
		}
	},

	{
		entity_name = "Zs/NPC/Shipdealer/01/ACOH/Camera",
		type = CAMERA,
		template_name = "",
		lt_grp = 0, srt_grp = 0, usr_flg = 0,
		flags = HIDDEN,
		spatialprops =
		{
			pos = { 0.343999, 1.7645, 7.797944 },
			orient = { { -0.845420,  0.000000, -0.534102 },
					   { -0.095537,  0.983872,  0.151224 },
					   {  0.525488,  0.178874, -0.831785 } }
		},
		cameraprops =
		{
			fovh = 25,
			hvaspect = 1.85,
			nearplane = 0.2,
			farplane = 5000
		}
	},

	{
		entity_name = "Zs/NPC/Shipdealer/01/ACS/Camera",
		type = CAMERA,
		template_name = "",
		lt_grp = 0, srt_grp = 0, usr_flg = 0,
		flags = HIDDEN,
		spatialprops =
		{
			pos = { -0.054384, 1.596471, 8.015598 },
			orient = { { -0.864619,  0.000000, -0.502429 },
					   { -0.016706,  0.999447,  0.028749 },
					   {  0.502151,  0.033251, -0.864141 } }
		},
		cameraprops =
		{
			fovh = 25,
			hvaspect = 1.85,
			nearplane = 0.2,
			farplane = 5000
		}
	},

	{
		entity_name = "Zs/NPC/Shipdealer/01/P/Stand",
		type = MARKER,
		template_name = "",
		lt_grp = 0, srt_grp = 0, usr_flg = 0,
		spatialprops =
		{
			pos = { 0.643019, -0.0054, 8.063933 },
			orient = { { -0.331927,  0.000000, -0.943305 },
					   {  0.000000,  1.000000,  0.000000 },
					   {  0.943305,  0.000000, -0.331927 } }
		}
	},

	{
		entity_name = "Zs/NPC/Shipdealer/01/P2/Stand",
		type = MARKER,
		template_name = "",
		lt_grp = 0, srt_grp = 0, usr_flg = 0,
		spatialprops =
		{
			pos = { 0.173174, 0, 8.272089 },
			orient = { { -0.331927,  0.000000, -0.943305 },
					   {  0.000000,  1.000000,  0.000000 },
					   {  0.943305,  0.000000, -0.331927 } }
		}
	},

	{
		entity_name = "Zs/NPC/Shipdealer/01/PC2/Camera",
		type = CAMERA,
		template_name = "",
		lt_grp = 0, srt_grp = 0, usr_flg = 0,
		flags = HIDDEN,
		spatialprops =
		{
			pos = { -1.754722, 1.731246, 7.980563 },
			orient = { { -0.471432, -0.000001,  0.881902 },
					   {  0.184091,  0.977970,  0.098409 },
					   { -0.862475,  0.208743, -0.461046 } }
		},
		cameraprops =
		{
			fovh = 30,
			hvaspect = 1.85,
			nearplane = 0.2,
			farplane = 5000
		}
	},

	{
		entity_name = "Zs/NPC/Shipdealer/01/PCO/Camera",
		type = CAMERA,
		template_name = "",
		lt_grp = 0, srt_grp = 0, usr_flg = 0,
		flags = HIDDEN,
		spatialprops =
		{
			pos = { -1.392973, 1.790054, 8.890923 },
			orient = { {  0.084652,  0.000000,  0.996411 },
					   {  0.208271,  0.977911, -0.017694 },
					   { -0.974401,  0.209021,  0.082782 } }
		},
		cameraprops =
		{
			fovh = 25,
			hvaspect = 1.85,
			nearplane = 0.2,
			farplane = 5000
		}
	},

	{
		entity_name = "Zs/NPC/Shipdealer/01/PCS/Camera",
		type = CAMERA,
		template_name = "",
		lt_grp = 0, srt_grp = 0, usr_flg = 0,
		flags = HIDDEN,
		spatialprops =
		{
			pos = { -0.979095, 1.614689, 8.683013 },
			orient = { {  0.102687,  0.000000,  0.994714 },
					   {  0.055597,  0.998437, -0.005740 },
					   { -0.993159,  0.055893,  0.102527 } }
		},
		cameraprops =
		{
			fovh = 25,
			hvaspect = 1.85,
			nearplane = 0.2,
			farplane = 5000
		}
	}
};

events =
{
	{
		0.000, START_FOG_PROP_ANIM, { "Layer_br_01_Shipdlr_Hardpoint_Layer" },
		{
			duration = 0.100,
			fogprops =
			{
				fogon = Y,
				fogtable = N,
				fogcolor = { 61, 46, 46 },
				fogmode = F_LINEAR,
				fogstart = 0,
				fogend = 300,
				fogdensity = 0.1
			}
		}
	}
};
