duration = 38.366;

entities =
{

	{
		entity_name = "Zs/NPC/Bartender/01/AC2/Camera",
		type = CAMERA,
		template_name = "",
		lt_grp = 0, srt_grp = 0, usr_flg = 0,
		flags = HIDDEN,
		spatialprops =
		{
			pos = { 0.063709, 1.766401, -6.028767 },
			orient = { {  0.470999,  0.000000,  0.882134 },
					   {  0.209023,  0.971521, -0.111604 },
					   { -0.857012,  0.236952,  0.457585 } }
		},
		cameraprops =
		{
			fovh = 30,
			hvaspect = 1.85,
			nearplane = 0.2,
			farplane = 5000
		}
	},

	{
		entity_name = "Zs/NPC/Bartender/01/ACOH/Camera",
		type = CAMERA,
		template_name = "",
		lt_grp = 0, srt_grp = 0, usr_flg = 0,
		flags = HIDDEN,
		spatialprops =
		{
			pos = { 1.68562, 1.774551, -5.67085 },
			orient = { {  0.990525,  0.000000,  0.137331 },
					   {  0.027803,  0.979292, -0.200533 },
					   { -0.134487,  0.202451,  0.970014 } }
		},
		cameraprops =
		{
			fovh = 25,
			hvaspect = 1.85,
			nearplane = 0.2,
			farplane = 5000
		}
	},

	{
		entity_name = "Zs/NPC/Bartender/01/ACS/Camera",
		type = CAMERA,
		template_name = "",
		lt_grp = 0, srt_grp = 0, usr_flg = 0,
		flags = HIDDEN,
		spatialprops =
		{
			pos = { 1.467255, 1.68258, -6.455035 },
			orient = { {  0.985223,  0.000000,  0.171278 },
					   {  0.016509,  0.995344, -0.094960 },
					   { -0.170481,  0.096384,  0.980636 } }
		},
		cameraprops =
		{
			fovh = 25,
			hvaspect = 1.85,
			nearplane = 0.2,
			farplane = 5000
		}
	},

	{
		entity_name = "Zs/NPC/Bartender/01/P/Stand",
		type = MARKER,
		template_name = "",
		lt_grp = 0, srt_grp = 0, usr_flg = 0,
		spatialprops =
		{
			pos = { 2.40558, 0, -4.591557 },
			orient = { {  0.956466,  0.000000, -0.291844 },
					   {  0.000000,  1.000000,  0.000000 },
					   {  0.291844,  0.000000,  0.956466 } }
		}
	},

	{
		entity_name = "Zs/NPC/Bartender/01/P2/Stand",
		type = MARKER,
		template_name = "",
		lt_grp = 0, srt_grp = 0, usr_flg = 0,
		spatialprops =
		{
			pos = { 1.940631, 0, -6.185244 },
			orient = { {  0.956466,  0.000000, -0.291844 },
					   {  0.000000,  1.000000,  0.000000 },
					   {  0.291844,  0.000000,  0.956466 } }
		}
	},

	{
		entity_name = "Zs/NPC/Bartender/01/PC2/Camera",
		type = CAMERA,
		template_name = "",
		lt_grp = 0, srt_grp = 0, usr_flg = 0,
		flags = HIDDEN,
		spatialprops =
		{
			pos = { 0.237557, 1.783264, -7.538033 },
			orient = { { -0.294803,  0.000000,  0.955558 },
					   {  0.224056,  0.972122,  0.069124 },
					   { -0.928919,  0.234476, -0.286584 } }
		},
		cameraprops =
		{
			fovh = 30,
			hvaspect = 1.85,
			nearplane = 0.2,
			farplane = 5000
		}
	},

	{
		entity_name = "Zs/NPC/Bartender/01/PCO/Camera",
		type = CAMERA,
		template_name = "",
		lt_grp = 0, srt_grp = 0, usr_flg = 0,
		flags = HIDDEN,
		spatialprops =
		{
			pos = { 0.973545, 1.776796, -7.924986 },
			orient = { { -0.737337,  0.000000,  0.675525 },
					   {  0.134658,  0.979931,  0.146980 },
					   { -0.661968,  0.199339, -0.722539 } }
		},
		cameraprops =
		{
			fovh = 25,
			hvaspect = 1.85,
			nearplane = 0.2,
			farplane = 5000
		}
	},

	{
		entity_name = "Zs/NPC/Bartender/01/PCS/Camera",
		type = CAMERA,
		template_name = "",
		lt_grp = 0, srt_grp = 0, usr_flg = 0,
		flags = HIDDEN,
		spatialprops =
		{
			pos = { 1.166482, 1.689033, -7.404167 },
			orient = { { -0.744741,  0.000000,  0.667354 },
					   {  0.085625,  0.991735,  0.095554 },
					   { -0.661838,  0.128305, -0.738585 } }
		},
		cameraprops =
		{
			fovh = 25,
			hvaspect = 1.85,
			nearplane = 0.2,
			farplane = 5000
		}
	},

	{
		entity_name = "Zs/NPC/Bartender/01/WFC/Camera",
		type = CAMERA,
		template_name = "",
		lt_grp = 0, srt_grp = 0, usr_flg = 0,
		flags = HIDDEN,
		spatialprops =
		{
			pos = { -5.543985, 1.89518, -4.308216 },
			orient = { {  0.246322,  0.000000,  0.969188 },
					   {  0.048395,  0.998753, -0.012300 },
					   { -0.967979,  0.049933,  0.246015 } }
		},
		cameraprops =
		{
			fovh = 30,
			hvaspect = 1.85,
			nearplane = 0.2,
			farplane = 5000
		}
	},

	{
		entity_name = "Zg/NPC/mFloor2/01/B/Stand",
		type = MARKER,
		template_name = "",
		lt_grp = 0, srt_grp = 0, usr_flg = 0,
		spatialprops =
		{
			pos = { -1.152605, 0, -5.677176 },
			orient = { { -0.480035,  0.000000, -0.877249 },
					   {  0.000000,  1.000000,  0.000000 },
					   {  0.877249,  0.000000, -0.480035 } }
		}
	},

	{
		entity_name = "Zg/NPC/mFloor2/01/A/Stand",
		type = MARKER,
		template_name = "",
		lt_grp = 0, srt_grp = 0, usr_flg = 0,
		spatialprops =
		{
			pos = { -2.123085, 0, -5.749489 },
			orient = { { -0.633248,  0.000000,  0.773949 },
					   {  0.000000,  1.000000,  0.000000 },
					   { -0.773949,  0.000000, -0.633248 } }
		}
	},

	{
		entity_name = "Zg/PC/Player/01/A/Stand",
		type = MARKER,
		template_name = "",
		lt_grp = 0, srt_grp = 0, usr_flg = 0,
		spatialprops =
		{
			pos = { 6.592715, 0, 0.94885 },
			orient = { {  0.156515,  0.000000, -0.987676 },
					   {  0.000000,  1.000000,  0.000000 },
					   {  0.987676,  0.000000,  0.156515 } }
		}
	},

	{
		entity_name = "Zg/NPC/rTable3/01/C/SitLow",
		type = MARKER,
		template_name = "",
		lt_grp = 0, srt_grp = 0, usr_flg = 0,
		spatialprops =
		{
			pos = { -5.362183, 0, -3.719859 },
			orient = { {  0.999974,  0.000000,  0.007197 },
					   {  0.000000,  1.000000,  0.000000 },
					   { -0.007197,  0.000000,  0.999974 } }
		}
	},

	{
		entity_name = "Zg/NPC/rTable3/01/B/SitLow",
		type = MARKER,
		template_name = "",
		lt_grp = 0, srt_grp = 0, usr_flg = 0,
		spatialprops =
		{
			pos = { -4.409461, 0, -3.717504 },
			orient = { {  1.000000,  0.000000, -0.000126 },
					   {  0.000000,  1.000000,  0.000000 },
					   {  0.000126,  0.000000,  1.000000 } }
		}
	},

	{
		entity_name = "Zs/NPC/Bartender/01/A/Stand",
		type = MARKER,
		template_name = "",
		lt_grp = 0, srt_grp = 0, usr_flg = 0,
		spatialprops =
		{
			pos = { 1.454885, 0, -7.688424 },
			orient = { { -0.999388,  0.000000,  0.034986 },
					   {  0.000000,  1.000000,  0.000000 },
					   { -0.034986,  0.000000, -0.999388 } }
		}
	},

	{
		entity_name = "XTorch04",
		type = MARKER,
		template_name = "",
		lt_grp = 0, srt_grp = 0, usr_flg = 0,
		spatialprops =
		{
			pos = { -6.431707, 1.873224, 1.544553 },
			orient = { { 1, 0, 0 }, { 0, 1, 0 }, { 0, 0, 1 } }
		}
	},

	{
		entity_name = "XTorch03",
		type = MARKER,
		template_name = "",
		lt_grp = 0, srt_grp = 0, usr_flg = 0,
		spatialprops =
		{
			pos = { -1.687334, 1.873226, 6.431756 },
			orient = { { 1, 0, 0 }, { 0, 1, 0 }, { 0, 0, 1 } }
		}
	},

	{
		entity_name = "Set_br_01_bar",
		type = COMPOUND,
		template_name = "br_01_bar",
		lt_grp = 0, srt_grp = 0, usr_flg = 0,
		flags = LIT_AMBIENT,
		spatialprops =
		{
			pos = { 0, 0, 0 },
			orient = { { 1, 0, 0 }, { 0, 1, 0 }, { 0, 0, 1 } }
		},
		userprops =
		{
			category = "Room",
		}
	},

	{
		entity_name = "Layer_Br_01_Bar_hardpoint",
		type = SCENE,
		template_name = "",
		lt_grp = 0, srt_grp = 0, usr_flg = 0,
		spatialprops =
		{
			pos = { 0, 0, 0 },
			orient = { { 1, 0, 0 }, { 0, 1, 0 }, { 0, 0, 1 } }
		},
		up = Y_AXIS,
		front = Z_AXIS,
		ambient = { 120, 120, 120 }
	},

	{
		entity_name = "XTorch02",
		type = MARKER,
		template_name = "",
		lt_grp = 0, srt_grp = 0, usr_flg = 0,
		spatialprops =
		{
			pos = { 1.312376, 1.873226, 6.431756 },
			orient = { { 1, 0, 0 }, { 0, 1, 0 }, { 0, 0, 1 } }
		}
	},

	{
		entity_name = "XTorch05",
		type = MARKER,
		template_name = "",
		lt_grp = 0, srt_grp = 0, usr_flg = 0,
		spatialprops =
		{
			pos = { -6.431706, 1.873224, -1.545509 },
			orient = { { 1, 0, 0 }, { 0, 1, 0 }, { 0, 0, 1 } }
		}
	},

	{
		entity_name = "Camera_Mission",
		type = CAMERA,
		template_name = "",
		lt_grp = 0, srt_grp = 0, usr_flg = 0,
		spatialprops =
		{
			pos = { -0.48714, 2.239796, -4.718535 },
			orient = { {  0.075819,  0.000000,  0.997122 },
					   {  0.202222,  0.979219, -0.015376 },
					   { -0.976400,  0.202806,  0.074243 } }
		},
		cameraprops =
		{
			fovh = 30,
			hvaspect = 1.333333,
			nearplane = 0.1,
			farplane = 100000
		}
	},

	{
		entity_name = "Camera_News",
		type = CAMERA,
		template_name = "",
		lt_grp = 0, srt_grp = 0, usr_flg = 0,
		spatialprops =
		{
			pos = { 4.137158, 4.261464, 0.704439 },
			orient = { {  0.999079,  0.000000,  0.042899 },
					   {  0.000862,  0.999798, -0.020080 },
					   { -0.042891,  0.020099,  0.998878 } }
		},
		cameraprops =
		{
			fovh = 30,
			hvaspect = 1.333333,
			nearplane = 0.1,
			farplane = 100000
		}
	},

	{
		entity_name = "Zg/NPC/mTable3/04/B/SitLow",
		type = MARKER,
		template_name = "",
		lt_grp = 0, srt_grp = 0, usr_flg = 0,
		spatialprops =
		{
			pos = { 3.913933, 0, -2.40206 },
			orient = { { -0.163393,  0.000000, -0.986561 },
					   {  0.000000,  1.000000,  0.000000 },
					   {  0.986561,  0.000000, -0.163393 } }
		}
	},

	{
		entity_name = "Zg/NPC/mTable3/01/B/SitLow",
		type = MARKER,
		template_name = "",
		lt_grp = 0, srt_grp = 0, usr_flg = 0,
		spatialprops =
		{
			pos = { -4.752404, 0, -0.631304 },
			orient = { {  0.999987,  0.000000,  0.005133 },
					   {  0.000000,  1.000000,  0.000000 },
					   { -0.005133,  0.000000,  0.999987 } }
		}
	},

	{
		entity_name = "Zg/NPC/mTable3/01/C/SitLow",
		type = MARKER,
		template_name = "",
		lt_grp = 0, srt_grp = 0, usr_flg = 0,
		spatialprops =
		{
			pos = { -5.375761, 0, -2.456299 },
			orient = { { -1.000000,  0.000000, -0.000825 },
					   {  0.000000,  1.000000,  0.000000 },
					   {  0.000825,  0.000000, -1.000000 } }
		}
	},

	{
		entity_name = "Zg/NPC/mTable3/03/C/SitLow",
		type = MARKER,
		template_name = "",
		lt_grp = 0, srt_grp = 0, usr_flg = 0,
		spatialprops =
		{
			pos = { -0.20225, 0, -1.017268 },
			orient = { {  0.130562,  0.000000, -0.991440 },
					   {  0.000000,  1.000000,  0.000000 },
					   {  0.991440,  0.000000,  0.130562 } }
		}
	},

	{
		entity_name = "Zg/NPC/rTable3/01/A/SitLow",
		type = MARKER,
		template_name = "",
		lt_grp = 0, srt_grp = 0, usr_flg = 0,
		spatialprops =
		{
			pos = { -4.623878, 0, -5.551285 },
			orient = { { -1.000000,  0.000000, -0.000424 },
					   {  0.000000,  1.000000,  0.000000 },
					   {  0.000424,  0.000000, -1.000000 } }
		}
	},

	{
		entity_name = "Zg/NPC/mTable3/01/A/SitLow",
		type = MARKER,
		template_name = "",
		lt_grp = 0, srt_grp = 0, usr_flg = 0,
		spatialprops =
		{
			pos = { -4.407238, 0, -2.458475 },
			orient = { { -0.999977,  0.000000, -0.006845 },
					   {  0.000000,  1.000000,  0.000000 },
					   {  0.006845,  0.000000, -0.999977 } }
		}
	},

	{
		entity_name = "Zg/NPC/mTable3/02/A/SitLow",
		type = MARKER,
		template_name = "",
		lt_grp = 0, srt_grp = 0, usr_flg = 0,
		spatialprops =
		{
			pos = { -4.422875, 0, 0.633179 },
			orient = { { -0.999996,  0.000000, -0.002734 },
					   {  0.000000,  1.000000,  0.000000 },
					   {  0.002734,  0.000000, -0.999996 } }
		}
	},

	{
		entity_name = "Zg/NPC/mTable3/02/B/SitLow",
		type = MARKER,
		template_name = "",
		lt_grp = 0, srt_grp = 0, usr_flg = 0,
		spatialprops =
		{
			pos = { -4.513228, 0, 2.45924 },
			orient = { { 1, 0, 0 }, { 0, 1, 0 }, { 0, 0, 1 } }
		}
	},

	{
		entity_name = "Zg/NPC/mTable3/02/C/SitLow",
		type = MARKER,
		template_name = "",
		lt_grp = 0, srt_grp = 0, usr_flg = 0,
		spatialprops =
		{
			pos = { -5.356503, 0, 0.630867 },
			orient = { { -1.000000,  0.000000,  0.000388 },
					   {  0.000000,  1.000000,  0.000000 },
					   { -0.000388,  0.000000, -1.000000 } }
		}
	},

	{
		entity_name = "Zg/NPC/mTable3/03/B/SitLow",
		type = MARKER,
		template_name = "",
		lt_grp = 0, srt_grp = 0, usr_flg = 0,
		spatialprops =
		{
			pos = { -2.567904, 0, -0.943839 },
			orient = { {  0.212453,  0.000000,  0.977171 },
					   {  0.000000,  1.000000,  0.000000 },
					   { -0.977171,  0.000000,  0.212453 } }
		}
	},

	{
		entity_name = "Zg/NPC/mTable3/03/A/SitLow",
		type = MARKER,
		template_name = "",
		lt_grp = 0, srt_grp = 0, usr_flg = 0,
		spatialprops =
		{
			pos = { -2.097175, 0, -2.177231 },
			orient = { { -0.814477,  0.000000,  0.580196 },
					   {  0.000000,  1.000000,  0.000000 },
					   { -0.580196,  0.000000, -0.814477 } }
		}
	},

	{
		entity_name = "Zg/NPC/mTable3/04/C/SitLow",
		type = MARKER,
		template_name = "",
		lt_grp = 0, srt_grp = 0, usr_flg = 0,
		spatialprops =
		{
			pos = { 1.544426, 0, -1.962222 },
			orient = { {  0.182041,  0.000000,  0.983291 },
					   {  0.000000,  1.000000,  0.000000 },
					   { -0.983291,  0.000000,  0.182041 } }
		}
	},

	{
		entity_name = "Zg/NPC/mTable3/04/A/SitLow",
		type = MARKER,
		template_name = "",
		lt_grp = 0, srt_grp = 0, usr_flg = 0,
		spatialprops =
		{
			pos = { 2.10873, 0, -3.209985 },
			orient = { { -0.852697,  0.000000,  0.522405 },
					   {  0.000000,  1.000000,  0.000000 },
					   { -0.522405,  0.000000, -0.852697 } }
		}
	},

	{
		entity_name = "Zg/NPC/mTable3/05/C/SitLow",
		type = MARKER,
		template_name = "",
		lt_grp = 0, srt_grp = 0, usr_flg = 0,
		spatialprops =
		{
			pos = { 1.338194, 0, 3.758184 },
			orient = { {  0.844118,  0.000000,  0.536157 },
					   {  0.000000,  1.000000,  0.000000 },
					   { -0.536157,  0.000000,  0.844118 } }
		}
	},

	{
		entity_name = "Zg/NPC/mTable3/05/B/SitLow",
		type = MARKER,
		template_name = "",
		lt_grp = 0, srt_grp = 0, usr_flg = 0,
		spatialprops =
		{
			pos = { 2.981875, 0, 3.358706 },
			orient = { {  0.532777,  0.000000, -0.846256 },
					   {  0.000000,  1.000000,  0.000000 },
					   {  0.846256,  0.000000,  0.532777 } }
		}
	},

	{
		entity_name = "Zg/NPC/mTable3/05/A/SitLow",
		type = MARKER,
		template_name = "",
		lt_grp = 0, srt_grp = 0, usr_flg = 0,
		spatialprops =
		{
			pos = { 0.948197, 0, 2.072707 },
			orient = { { -0.540599,  0.000000,  0.841280 },
					   {  0.000000,  1.000000,  0.000000 },
					   { -0.841280,  0.000000, -0.540599 } }
		}
	},

	{
		entity_name = "Zg/NPC/rFloor2/01/A/Stand",
		type = MARKER,
		template_name = "",
		lt_grp = 0, srt_grp = 0, usr_flg = 0,
		spatialprops =
		{
			pos = { 4.99551, 0, 3.283018 },
			orient = { {  0.834451,  0.000000, -0.551082 },
					   {  0.000000,  1.000000,  0.000000 },
					   {  0.551082,  0.000000,  0.834451 } }
		}
	},

	{
		entity_name = "Zg/NPC/rFloor2/01/B/Stand",
		type = MARKER,
		template_name = "",
		lt_grp = 0, srt_grp = 0, usr_flg = 0,
		spatialprops =
		{
			pos = { 4.844009, 0, 2.402741 },
			orient = { { -0.993297,  0.000000, -0.115587 },
					   {  0.000000,  1.000000,  0.000000 },
					   {  0.115587,  0.000000, -0.993297 } }
		}
	},

	{
		entity_name = "Zg/NPC/mFloor4/01/A/Stand",
		type = MARKER,
		template_name = "",
		lt_grp = 0, srt_grp = 0, usr_flg = 0,
		spatialprops =
		{
			pos = { -2.284924, 0, 2.266325 },
			orient = { { -0.896570,  0.000000,  0.442903 },
					   {  0.000000,  1.000000,  0.000000 },
					   { -0.442903,  0.000000, -0.896570 } }
		}
	},

	{
		entity_name = "Zg/NPC/mFloor4/01/B/Stand",
		type = MARKER,
		template_name = "",
		lt_grp = 0, srt_grp = 0, usr_flg = 0,
		spatialprops =
		{
			pos = { -1.482086, 0, 2.62027 },
			orient = { { -0.433448,  0.000000, -0.901179 },
					   {  0.000000,  1.000000,  0.000000 },
					   {  0.901179,  0.000000, -0.433448 } }
		}
	},

	{
		entity_name = "Zg/NPC/mFloor4/01/C/Stand",
		type = MARKER,
		template_name = "",
		lt_grp = 0, srt_grp = 0, usr_flg = 0,
		spatialprops =
		{
			pos = { -1.643272, 0, 3.456176 },
			orient = { {  0.704415,  0.000000, -0.709788 },
					   {  0.000000,  1.000000,  0.000000 },
					   {  0.709788,  0.000000,  0.704415 } }
		}
	},

	{
		entity_name = "Zg/NPC/mFloor4/01/D/Stand",
		type = MARKER,
		template_name = "",
		lt_grp = 0, srt_grp = 0, usr_flg = 0,
		spatialprops =
		{
			pos = { -2.898003, 0, 2.883226 },
			orient = { { -0.328035,  0.000000,  0.944666 },
					   {  0.000000,  1.000000,  0.000000 },
					   { -0.944666,  0.000000, -0.328035 } }
		}
	},

	{
		entity_name = "Zs/NPC/mTable3/01/P/Stand",
		type = MARKER,
		template_name = "",
		lt_grp = 0, srt_grp = 0, usr_flg = 0,
		spatialprops =
		{
			pos = { -3.191884, 0, -0.016927 },
			orient = { {  0.903191,  0.000000, -0.429238 },
					   {  0.000000,  1.000000,  0.000000 },
					   {  0.429238,  0.000000,  0.903191 } }
		}
	},

	{
		entity_name = "Prop_ashtray_2",
		type = COMPOUND,
		template_name = "ashtray_2",
		lt_grp = 0, srt_grp = 0, usr_flg = 0,
		flags = LIT_DYNAMIC,
		spatialprops =
		{
			pos = { -4.740999, 0.843539, -1.526531 },
			orient = { {  0.390921,  0.000000, -0.920424 },
					   {  0.000000,  1.000000,  0.000000 },
					   {  0.920424,  0.000000,  0.390921 } }
		},
		userprops =
		{
			category = "Prop",
			Priority = "Room_Prop_1",
		}
	},

	{
		entity_name = "Prop_Winebottle_Yotsuru7",
		type = COMPOUND,
		template_name = "Winebottle",
		lt_grp = 0, srt_grp = 0, usr_flg = 0,
		flags = LIT_DYNAMIC,
		spatialprops =
		{
			pos = { -4.731794, 0.982473, -1.752667 },
			orient = { {  1.000000, -0.000437,  0.000004 },
					   {  0.000000, -0.008527, -0.999964 },
					   {  0.000437,  0.999964, -0.008527 } }
		},
		userprops =
		{
			category = "Prop",
			Priority = "Room_Prop_1",
		}
	},

	{
		entity_name = "Prop_mug_McMannis_2",
		type = COMPOUND,
		template_name = "mug_2",
		lt_grp = 0, srt_grp = 0, usr_flg = 0,
		flags = LIT_DYNAMIC,
		spatialprops =
		{
			pos = { 1.700786, 0.798627, 2.584507 },
			orient = { {  0.911083,  0.016184, -0.411906 },
					   { -0.411923, -0.002432, -0.911215 },
					   { -0.015749,  0.999866,  0.004451 } }
		},
		userprops =
		{
			category = "Prop",
			Priority = "Room_Prop_1",
		}
	},

	{
		entity_name = "Prop_ashtray",
		type = COMPOUND,
		template_name = "ashtray_1",
		lt_grp = 0, srt_grp = 0, usr_flg = 0,
		flags = LIT_DYNAMIC,
		spatialprops =
		{
			pos = { 1.232178, 1.205821, -6.975237 },
			orient = { { 1, 0, 0 }, { 0, 1, 0 }, { 0, 0, 1 } }
		},
		userprops =
		{
			category = "Prop",
			Priority = "Room_Prop_1",
		}
	},

	{
		entity_name = "Prop_Winebottle_9",
		type = COMPOUND,
		template_name = "Winebottle",
		lt_grp = 0, srt_grp = 0, usr_flg = 0,
		flags = LIT_DYNAMIC,
		spatialprops =
		{
			pos = { -0.469859, 1.349004, -8.755405 },
			orient = { {  0.997121, -0.012677, -0.074756 },
					   { -0.075100, -0.029301, -0.996745 },
					   {  0.010446,  0.999490, -0.030168 } }
		},
		userprops =
		{
			category = "Prop",
			Priority = "Room_Prop_1",
		}
	},

	{
		entity_name = "Prop_Winebottle_10",
		type = COMPOUND,
		template_name = "Winebottle",
		lt_grp = 0, srt_grp = 0, usr_flg = 0,
		flags = LIT_DYNAMIC,
		spatialprops =
		{
			pos = { -0.469449, 1.35437, -8.62928 },
			orient = { {  0.997866, -0.008192, -0.064772 },
					   { -0.064967, -0.026311, -0.997541 },
					   {  0.006468,  0.999620, -0.026787 } }
		},
		userprops =
		{
			category = "Prop",
			Priority = "Room_Prop_1",
		}
	},

	{
		entity_name = "Prop_Winebottle_11",
		type = COMPOUND,
		template_name = "Winebottle",
		lt_grp = 0, srt_grp = 0, usr_flg = 0,
		flags = LIT_DYNAMIC,
		spatialprops =
		{
			pos = { -0.46922, 1.357125, -8.505433 },
			orient = { {  0.997399, -0.033659, -0.063730 },
					   { -0.065544, -0.055880, -0.996284 },
					   {  0.029973,  0.997870, -0.057941 } }
		},
		userprops =
		{
			category = "Prop",
			Priority = "Room_Prop_1",
		}
	},

	{
		entity_name = "Prop_Winebottle_12",
		type = COMPOUND,
		template_name = "Winebottle",
		lt_grp = 0, srt_grp = 0, usr_flg = 0,
		flags = LIT_DYNAMIC,
		spatialprops =
		{
			pos = { -0.467961, 1.3601, -8.382541 },
			orient = { {  0.997599, -0.027208, -0.063687 },
					   { -0.064850, -0.044241, -0.996914 },
					   {  0.024306,  0.998650, -0.045899 } }
		},
		userprops =
		{
			category = "Prop",
			Priority = "Room_Prop_1",
		}
	},

	{
		entity_name = "Prop_Winebottle_13",
		type = COMPOUND,
		template_name = "Winebottle",
		lt_grp = 0, srt_grp = 0, usr_flg = 0,
		flags = LIT_DYNAMIC,
		spatialprops =
		{
			pos = { -0.335069, 1.356059, -8.625287 },
			orient = { {  0.996272,  0.000131, -0.086273 },
					   { -0.086273,  0.002146, -0.996269 },
					   {  0.000054,  0.999998,  0.002150 } }
		},
		userprops =
		{
			category = "Prop",
			Priority = "Room_Prop_1",
		}
	},

	{
		entity_name = "Prop_Winebottle_14",
		type = COMPOUND,
		template_name = "Winebottle",
		lt_grp = 0, srt_grp = 0, usr_flg = 0,
		flags = LIT_DYNAMIC,
		spatialprops =
		{
			pos = { -0.345145, 1.349652, -8.498448 },
			orient = { {  0.995332, -0.039604, -0.088008 },
					   { -0.089768, -0.045096, -0.994941 },
					   {  0.035435,  0.998197, -0.048440 } }
		},
		userprops =
		{
			category = "Prop",
			Priority = "Room_Prop_1",
		}
	},

	{
		entity_name = "Prop_Winebottle_15",
		type = COMPOUND,
		template_name = "Winebottle",
		lt_grp = 0, srt_grp = 0, usr_flg = 0,
		flags = LIT_DYNAMIC,
		spatialprops =
		{
			pos = { -0.34183, 1.362773, -8.380369 },
			orient = { {  0.997413, -0.003526, -0.071802 },
					   { -0.071889, -0.047309, -0.996290 },
					   {  0.000116,  0.998874, -0.047440 } }
		},
		userprops =
		{
			category = "Prop",
			Priority = "Room_Prop_1",
		}
	},

	{
		entity_name = "Prop_Winebottle_16",
		type = COMPOUND,
		template_name = "Winebottle",
		lt_grp = 0, srt_grp = 0, usr_flg = 0,
		flags = LIT_DYNAMIC,
		spatialprops =
		{
			pos = { -0.341174, 1.350396, -8.756046 },
			orient = { {  0.996122, -0.048871, -0.073159 },
					   { -0.074286, -0.021637, -0.997002 },
					   {  0.047142,  0.998571, -0.025183 } }
		},
		userprops =
		{
			category = "Prop",
			Priority = "Room_Prop_1",
		}
	},

	{
		entity_name = "Prop_mug_1_18",
		type = COMPOUND,
		template_name = "mug_1",
		lt_grp = 0, srt_grp = 0, usr_flg = 0,
		flags = LIT_DYNAMIC,
		spatialprops =
		{
			pos = { -0.212599, 1.169589, -8.756714 },
			orient = { {  0.999392, -0.031238,  0.015490 },
					   {  0.015864,  0.011768, -0.999805 },
					   {  0.031050,  0.999443,  0.012256 } }
		},
		userprops =
		{
			category = "Prop",
			Priority = "Room_Prop_1",
		}
	},

	{
		entity_name = "Prop_mug_1_19",
		type = COMPOUND,
		template_name = "mug_1",
		lt_grp = 0, srt_grp = 0, usr_flg = 0,
		flags = LIT_DYNAMIC,
		spatialprops =
		{
			pos = { -0.205866, 1.172972, -8.628149 },
			orient = { {  0.999392, -0.031238,  0.015490 },
					   {  0.015864,  0.011768, -0.999805 },
					   {  0.031050,  0.999443,  0.012256 } }
		},
		userprops =
		{
			category = "Prop",
			Priority = "Room_Prop_1",
		}
	},

	{
		entity_name = "Prop_mug_1_20",
		type = COMPOUND,
		template_name = "mug_1",
		lt_grp = 0, srt_grp = 0, usr_flg = 0,
		flags = LIT_DYNAMIC,
		spatialprops =
		{
			pos = { -0.205834, 1.173985, -8.503316 },
			orient = { {  0.999392, -0.031238,  0.015490 },
					   {  0.015864,  0.011768, -0.999805 },
					   {  0.031050,  0.999443,  0.012256 } }
		},
		userprops =
		{
			category = "Prop",
			Priority = "Room_Prop_1",
		}
	},

	{
		entity_name = "Prop_mug_1_21",
		type = COMPOUND,
		template_name = "mug_1",
		lt_grp = 0, srt_grp = 0, usr_flg = 0,
		flags = LIT_DYNAMIC,
		spatialprops =
		{
			pos = { -0.205929, 1.170925, -8.381281 },
			orient = { {  0.999392, -0.031238,  0.015490 },
					   {  0.015864,  0.011768, -0.999805 },
					   {  0.031050,  0.999443,  0.012256 } }
		},
		userprops =
		{
			category = "Prop",
			Priority = "Room_Prop_1",
		}
	},

	{
		entity_name = "Prop_mug_1_22",
		type = COMPOUND,
		template_name = "mug_1",
		lt_grp = 0, srt_grp = 0, usr_flg = 0,
		flags = LIT_DYNAMIC,
		spatialprops =
		{
			pos = { -0.070879, 1.172943, -8.381261 },
			orient = { {  0.999392, -0.031238,  0.015490 },
					   {  0.015864,  0.011768, -0.999805 },
					   {  0.031050,  0.999443,  0.012256 } }
		},
		userprops =
		{
			category = "Prop",
			Priority = "Room_Prop_1",
		}
	},

	{
		entity_name = "Prop_mug_1_24",
		type = COMPOUND,
		template_name = "mug_1",
		lt_grp = 0, srt_grp = 0, usr_flg = 0,
		flags = LIT_DYNAMIC,
		spatialprops =
		{
			pos = { -0.071137, 1.164631, -8.503428 },
			orient = { {  0.999392, -0.031238,  0.015490 },
					   {  0.015864,  0.011768, -0.999805 },
					   {  0.031050,  0.999443,  0.012256 } }
		},
		userprops =
		{
			category = "Prop",
			Priority = "Room_Prop_1",
		}
	},

	{
		entity_name = "Prop_mug_1_25",
		type = COMPOUND,
		template_name = "mug_1",
		lt_grp = 0, srt_grp = 0, usr_flg = 0,
		flags = LIT_DYNAMIC,
		spatialprops =
		{
			pos = { -0.079171, 1.174325, -8.628136 },
			orient = { {  0.999392, -0.031238,  0.015490 },
					   {  0.015864,  0.011768, -0.999805 },
					   {  0.031050,  0.999443,  0.012256 } }
		},
		userprops =
		{
			category = "Prop",
			Priority = "Room_Prop_1",
		}
	},

	{
		entity_name = "Prop_mug_1_26",
		type = COMPOUND,
		template_name = "mug_1",
		lt_grp = 0, srt_grp = 0, usr_flg = 0,
		flags = LIT_DYNAMIC,
		spatialprops =
		{
			pos = { -0.079055, 1.178035, -8.75661 },
			orient = { {  0.999392, -0.031238,  0.015490 },
					   {  0.015864,  0.011768, -0.999805 },
					   {  0.031050,  0.999443,  0.012256 } }
		},
		userprops =
		{
			category = "Prop",
			Priority = "Room_Prop_1",
		}
	},

	{
		entity_name = "Prop_Tumbler_28",
		type = COMPOUND,
		template_name = "Tumbler",
		lt_grp = 0, srt_grp = 0, usr_flg = 0,
		flags = LIT_DYNAMIC,
		spatialprops =
		{
			pos = { 0.064732, 1.165089, -8.375489 },
			orient = { {  1.000000,  0.000000,  0.000000 },
					   {  0.000000,  0.012072, -0.999927 },
					   {  0.000000,  0.999927,  0.012072 } }
		},
		userprops =
		{
			category = "Prop",
			Priority = "Room_Prop_1",
		}
	},

	{
		entity_name = "Prop_Tumbler_29",
		type = COMPOUND,
		template_name = "Tumbler",
		lt_grp = 0, srt_grp = 0, usr_flg = 0,
		flags = LIT_DYNAMIC,
		spatialprops =
		{
			pos = { 0.064732, 1.167668, -8.497692 },
			orient = { {  1.000000,  0.000000,  0.000000 },
					   {  0.000000,  0.002133, -0.999998 },
					   {  0.000000,  0.999998,  0.002133 } }
		},
		userprops =
		{
			category = "Prop",
			Priority = "Room_Prop_1",
		}
	},

	{
		entity_name = "Prop_Tumbler_30",
		type = COMPOUND,
		template_name = "Tumbler",
		lt_grp = 0, srt_grp = 0, usr_flg = 0,
		flags = LIT_DYNAMIC,
		spatialprops =
		{
			pos = { 0.064732, 1.168232, -8.756249 },
			orient = { {  1.000000,  0.000000,  0.000000 },
					   {  0.000000,  0.000717, -1.000000 },
					   {  0.000000,  1.000000,  0.000717 } }
		},
		userprops =
		{
			category = "Prop",
			Priority = "Room_Prop_1",
		}
	},

	{
		entity_name = "Prop_Tumbler_27",
		type = COMPOUND,
		template_name = "Tumbler",
		lt_grp = 0, srt_grp = 0, usr_flg = 0,
		flags = LIT_DYNAMIC,
		spatialprops =
		{
			pos = { 0.064732, 1.166682, -8.622728 },
			orient = { {  1.000000,  0.000000,  0.000000 },
					   {  0.000000, -0.024714, -0.999695 },
					   {  0.000000,  0.999695, -0.024714 } }
		},
		userprops =
		{
			category = "Prop",
			Priority = "Room_Prop_1",
		}
	},

	{
		entity_name = "Prop_Tumbler_31",
		type = COMPOUND,
		template_name = "Tumbler",
		lt_grp = 0, srt_grp = 0, usr_flg = 0,
		flags = LIT_DYNAMIC,
		spatialprops =
		{
			pos = { 0.191897, 1.168137, -8.755647 },
			orient = { {  0.999346,  0.000037,  0.036154 },
					   {  0.036154, -0.001024, -0.999346 },
					   {  0.000000,  0.999999, -0.001024 } }
		},
		userprops =
		{
			category = "Prop",
			Priority = "Room_Prop_1",
		}
	},

	{
		entity_name = "Prop_Tumbler_32",
		type = COMPOUND,
		template_name = "Tumbler",
		lt_grp = 0, srt_grp = 0, usr_flg = 0,
		flags = LIT_DYNAMIC,
		spatialprops =
		{
			pos = { 0.191897, 1.167858, -8.624668 },
			orient = { {  1.000000,  0.000000,  0.000000 },
					   {  0.000000, -0.000136, -1.000000 },
					   {  0.000000,  1.000000, -0.000136 } }
		},
		userprops =
		{
			category = "Prop",
			Priority = "Room_Prop_1",
		}
	},

	{
		entity_name = "Prop_Tumbler_33",
		type = COMPOUND,
		template_name = "Tumbler",
		lt_grp = 0, srt_grp = 0, usr_flg = 0,
		flags = LIT_DYNAMIC,
		spatialprops =
		{
			pos = { 0.191897, 1.167721, -8.497795 },
			orient = { {  1.000000,  0.000000,  0.000000 },
					   {  0.000000, -0.001003, -1.000000 },
					   {  0.000000,  1.000000, -0.001003 } }
		},
		userprops =
		{
			category = "Prop",
			Priority = "Room_Prop_1",
		}
	},

	{
		entity_name = "Prop_Tumbler_34",
		type = COMPOUND,
		template_name = "Tumbler",
		lt_grp = 0, srt_grp = 0, usr_flg = 0,
		flags = LIT_DYNAMIC,
		spatialprops =
		{
			pos = { 0.191897, 1.167873, -8.374328 },
			orient = { {  1.000000,  0.000000,  0.000000 },
					   {  0.000000,  0.006131, -0.999981 },
					   {  0.000000,  0.999981,  0.006131 } }
		},
		userprops =
		{
			category = "Prop",
			Priority = "Room_Prop_1",
		}
	},

	{
		entity_name = "Prop_Winebottle_66",
		type = COMPOUND,
		template_name = "Winebottle",
		lt_grp = 0, srt_grp = 0, usr_flg = 0,
		flags = LIT_DYNAMIC,
		spatialprops =
		{
			pos = { -1.02309, 0.98269, -0.919937 },
			orient = { { -0.999999, -0.001372,  0.000000 },
					   { -0.000006,  0.004071,  0.999992 },
					   { -0.001372,  0.999991, -0.004071 } }
		},
		userprops =
		{
			category = "Prop",
			Priority = "Room_Prop_1",
		}
	},

	{
		entity_name = "Prop_Tumbler_67",
		type = COMPOUND,
		template_name = "Tumbler",
		lt_grp = 0, srt_grp = 0, usr_flg = 0,
		flags = LIT_DYNAMIC,
		spatialprops =
		{
			pos = { -4.542637, 0.795512, 1.62622 },
			orient = { {  1.000000,  0.000000,  0.000000 },
					   {  0.000000, -0.003520, -0.999994 },
					   {  0.000000,  0.999994, -0.003520 } }
		},
		userprops =
		{
			category = "Prop",
			Priority = "Room_Prop_1",
		}
	},

	{
		entity_name = "Prop_mug_1_68",
		type = COMPOUND,
		template_name = "mug_1",
		lt_grp = 0, srt_grp = 0, usr_flg = 0,
		flags = LIT_DYNAMIC,
		spatialprops =
		{
			pos = { -4.858984, 0.79742, 1.237041 },
			orient = { {  0.999843,  0.007777,  0.015948 },
					   {  0.015967, -0.002340, -0.999870 },
					   { -0.007739,  0.999967, -0.002464 } }
		},
		userprops =
		{
			category = "Prop",
			Priority = "Room_Prop_1",
		}
	},

	{
		entity_name = "Prop_ashtray_1_69",
		type = COMPOUND,
		template_name = "ashtray_1",
		lt_grp = 0, srt_grp = 0, usr_flg = 0,
		flags = LIT_DYNAMIC,
		spatialprops =
		{
			pos = { -4.8431, 0.837783, 1.55211 },
			orient = { {  0.872094,  0.000000,  0.489339 },
					   {  0.000000,  1.000000,  0.000000 },
					   { -0.489339,  0.000000,  0.872094 } }
		},
		userprops =
		{
			category = "Prop",
			Priority = "Room_Prop_1",
		}
	},

	{
		entity_name = "Prop_ashtray_1_72",
		type = COMPOUND,
		template_name = "ashtray_1",
		lt_grp = 0, srt_grp = 0, usr_flg = 0,
		flags = LIT_DYNAMIC,
		spatialprops =
		{
			pos = { -4.737916, 0.837783, -4.655421 },
			orient = { {  0.952264,  0.000000, -0.305274 },
					   {  0.000000,  1.000000,  0.000000 },
					   {  0.305274,  0.000000,  0.952264 } }
		},
		userprops =
		{
			category = "Prop",
			Priority = "Room_Prop_1",
		}
	},

	{
		entity_name = "Prop_Winebottle_73",
		type = COMPOUND,
		template_name = "Winebottle",
		lt_grp = 0, srt_grp = 0, usr_flg = 0,
		flags = LIT_DYNAMIC,
		spatialprops =
		{
			pos = { 2.478441, 0.98297, -2.364871 },
			orient = { { -0.999892, -0.008635,  0.011921 },
					   {  0.012107, -0.021837,  0.999688 },
					   { -0.008372,  0.999724,  0.021939 } }
		},
		userprops =
		{
			category = "Prop",
			Priority = "Room_Prop_1",
		}
	},

	{
		entity_name = "Prop_Winebottle_74",
		type = COMPOUND,
		template_name = "Winebottle",
		lt_grp = 0, srt_grp = 0, usr_flg = 0,
		flags = LIT_DYNAMIC,
		spatialprops =
		{
			pos = { -1.660654, 0.984124, -0.900934 },
			orient = { { -0.300892,  0.000211,  0.953658 },
					   {  0.953577, -0.013014,  0.300869 },
					   {  0.012475,  0.999915,  0.003715 } }
		},
		userprops =
		{
			category = "Prop",
			Priority = "Room_Prop_1",
		}
	},

	{
		entity_name = "Prop_Tumbler_39",
		type = COMPOUND,
		template_name = "Tumbler",
		lt_grp = 0, srt_grp = 0, usr_flg = 0,
		flags = LIT_DYNAMIC,
		spatialprops =
		{
			pos = { -4.180536, 0.797142, -1.81228 },
			orient = { {  1.000000,  0.000000,  0.000000 },
					   {  0.000000, -0.000893, -1.000000 },
					   {  0.000000,  1.000000, -0.000893 } }
		},
		userprops =
		{
			category = "Prop",
			Priority = "Room_Prop_1",
		}
	},

	{
		entity_name = "Zs/NPC/mTable3/05/P/Stand",
		type = MARKER,
		template_name = "",
		lt_grp = 0, srt_grp = 0, usr_flg = 0,
		spatialprops =
		{
			pos = { 3.512634, 0, 1.614353 },
			orient = { { -0.298796,  0.000000, -0.954317 },
					   {  0.000000,  1.000000,  0.000000 },
					   {  0.954317,  0.000000, -0.298796 } }
		}
	},

	{
		entity_name = "Zs/NPC/mTable3/04/P/Stand",
		type = MARKER,
		template_name = "",
		lt_grp = 0, srt_grp = 0, usr_flg = 0,
		spatialprops =
		{
			pos = { 4.0741, 0, -0.752651 },
			orient = { {  0.651579,  0.000000, -0.758581 },
					   {  0.000000,  1.000000,  0.000000 },
					   {  0.758581,  0.000000,  0.651579 } }
		}
	},

	{
		entity_name = "Zs/NPC/mTable3/03/P/Stand",
		type = MARKER,
		template_name = "",
		lt_grp = 0, srt_grp = 0, usr_flg = 0,
		spatialprops =
		{
			pos = { -0.592967, 0, 0.559179 },
			orient = { {  0.845770,  0.000000, -0.533548 },
					   {  0.000000,  1.000000,  0.000000 },
					   {  0.533548,  0.000000,  0.845770 } }
		}
	},

	{
		entity_name = "Zs/NPC/mTable3/02/P/Stand",
		type = MARKER,
		template_name = "",
		lt_grp = 0, srt_grp = 0, usr_flg = 0,
		spatialprops =
		{
			pos = { -2.913492, 0, 2.731761 },
			orient = { {  0.717424,  0.000000, -0.696637 },
					   {  0.000000,  1.000000,  0.000000 },
					   {  0.696637,  0.000000,  0.717424 } }
		}
	},

	{
		entity_name = "Zs/NPC/mTable3/05/P2/Stand",
		type = MARKER,
		template_name = "",
		lt_grp = 0, srt_grp = 0, usr_flg = 0,
		spatialprops =
		{
			pos = { 2.606713, 0, 1.876619 },
			orient = { { -0.298796,  0.000000, -0.954317 },
					   {  0.000000,  1.000000,  0.000000 },
					   {  0.954317,  0.000000, -0.298796 } }
		}
	},

	{
		entity_name = "Zs/NPC/mTable3/01/P2/Stand",
		type = MARKER,
		template_name = "",
		lt_grp = 0, srt_grp = 0, usr_flg = 0,
		spatialprops =
		{
			pos = { -3.578187, 0, -0.877303 },
			orient = { {  0.903191,  0.000000, -0.429238 },
					   {  0.000000,  1.000000,  0.000000 },
					   {  0.429238,  0.000000,  0.903191 } }
		}
	},

	{
		entity_name = "Zs/NPC/mTable3/02/P2/Stand",
		type = MARKER,
		template_name = "",
		lt_grp = 0, srt_grp = 0, usr_flg = 0,
		spatialprops =
		{
			pos = { -3.555716, 0, 2.04109 },
			orient = { {  0.717424,  0.000000, -0.696637 },
					   {  0.000000,  1.000000,  0.000000 },
					   {  0.696637,  0.000000,  0.717424 } }
		}
	},

	{
		entity_name = "Zs/NPC/mTable3/03/P2/Stand",
		type = MARKER,
		template_name = "",
		lt_grp = 0, srt_grp = 0, usr_flg = 0,
		spatialprops =
		{
			pos = { -1.078796, 0, -0.249182 },
			orient = { {  0.845770,  0.000000, -0.533548 },
					   {  0.000000,  1.000000,  0.000000 },
					   {  0.533548,  0.000000,  0.845770 } }
		}
	},

	{
		entity_name = "Zs/NPC/mTable3/04/P2/Stand",
		type = MARKER,
		template_name = "",
		lt_grp = 0, srt_grp = 0, usr_flg = 0,
		spatialprops =
		{
			pos = { 3.372126, 0, -1.3825 },
			orient = { {  0.651579,  0.000000, -0.758581 },
					   {  0.000000,  1.000000,  0.000000 },
					   {  0.758581,  0.000000,  0.651579 } }
		}
	},

	{
		entity_name = "Zs/NPC/mFloor2/01/P/Stand",
		type = MARKER,
		template_name = "",
		lt_grp = 0, srt_grp = 0, usr_flg = 0,
		spatialprops =
		{
			pos = { -0.411874, 0, -4.85983 },
			orient = { {  0.351834,  0.000000, -0.936062 },
					   {  0.000000,  1.000000,  0.000000 },
					   {  0.936062,  0.000000,  0.351834 } }
		}
	},

	{
		entity_name = "Zs/NPC/mFloor2/01/P2/Stand",
		type = MARKER,
		template_name = "",
		lt_grp = 0, srt_grp = 0, usr_flg = 0,
		spatialprops =
		{
			pos = { -1.28731, 0, -5.21067 },
			orient = { {  0.351834,  0.000000, -0.936062 },
					   {  0.000000,  1.000000,  0.000000 },
					   {  0.936062,  0.000000,  0.351834 } }
		}
	},

	{
		entity_name = "Zs/NPC/mFloor4/01/P/Stand",
		type = MARKER,
		template_name = "",
		lt_grp = 0, srt_grp = 0, usr_flg = 0,
		spatialprops =
		{
			pos = { -0.707852, 0, 3.439439 },
			orient = { {  0.499908,  0.000000, -0.866078 },
					   {  0.000000,  1.000000,  0.000000 },
					   {  0.866078,  0.000000,  0.499908 } }
		}
	},

	{
		entity_name = "Zs/NPC/mFloor4/01/P2/Stand",
		type = MARKER,
		template_name = "",
		lt_grp = 0, srt_grp = 0, usr_flg = 0,
		spatialprops =
		{
			pos = { -1.514279, 0, 2.950408 },
			orient = { {  0.499908,  0.000000, -0.866078 },
					   {  0.000000,  1.000000,  0.000000 },
					   {  0.866078,  0.000000,  0.499908 } }
		}
	},

	{
		entity_name = "Zs/NPC/mTable3/01/WFC/Camera",
		type = CAMERA,
		template_name = "",
		lt_grp = 0, srt_grp = 0, usr_flg = 0,
		flags = HIDDEN,
		spatialprops =
		{
			pos = { -5.136827, 3.926605, 2.231171 },
			orient = { {  0.901032, -0.206258,  0.381574 },
					   {  0.382179,  0.793553, -0.473511 },
					   { -0.205134,  0.572479,  0.793844 } }
		},
		cameraprops =
		{
			fovh = 30,
			hvaspect = 1.85,
			nearplane = 0.2,
			farplane = 5000
		}
	},

	{
		entity_name = "Zs/NPC/mTable3/01/AC2/Camera",
		type = CAMERA,
		template_name = "",
		lt_grp = 0, srt_grp = 0, usr_flg = 0,
		flags = HIDDEN,
		spatialprops =
		{
			pos = { -5.019917, 1.717626, 0.161839 },
			orient = { {  0.831367,  0.000000,  0.555724 },
					   {  0.116143,  0.977917, -0.173750 },
					   { -0.543452,  0.208994,  0.813007 } }
		},
		cameraprops =
		{
			fovh = 30,
			hvaspect = 1.85,
			nearplane = 0.2,
			farplane = 5000
		}
	},

	{
		entity_name = "Zs/NPC/mTable3/01/ACOH/Camera",
		type = CAMERA,
		template_name = "",
		lt_grp = 0, srt_grp = 0, usr_flg = 0,
		flags = HIDDEN,
		spatialprops =
		{
			pos = { -3.674055, 1.907058, -0.189814 },
			orient = { {  0.987691,  0.000000, -0.156415 },
					   { -0.058794,  0.926667, -0.371256 },
					   {  0.144945,  0.375882,  0.915261 } }
		},
		cameraprops =
		{
			fovh = 20,
			hvaspect = 1.85,
			nearplane = 0.2,
			farplane = 5000
		}
	},

	{
		entity_name = "Zs/NPC/mTable3/01/TCI/Camera",
		type = CAMERA,
		template_name = "",
		lt_grp = 0, srt_grp = 0, usr_flg = 0,
		flags = HIDDEN,
		spatialprops =
		{
			pos = { -3.66489, 1.803114, -0.745409 },
			orient = { {  0.855721,  0.000000, -0.517437 },
					   { -0.328249,  0.773025, -0.542848 },
					   {  0.399992,  0.634375,  0.661494 } }
		},
		cameraprops =
		{
			fovh = 15,
			hvaspect = 1.85,
			nearplane = 0.2,
			farplane = 5000
		}
	},

	{
		entity_name = "Zs/NPC/mTable3/01/ACS/Camera",
		type = CAMERA,
		template_name = "",
		lt_grp = 0, srt_grp = 0, usr_flg = 0,
		flags = HIDDEN,
		spatialprops =
		{
			pos = { -4.138277, 1.393351, -0.924897 },
			orient = { {  0.996399,  0.000000, -0.084793 },
					   { -0.013612,  0.987030, -0.159959 },
					   {  0.083693,  0.160538,  0.983475 } }
		},
		cameraprops =
		{
			fovh = 20,
			hvaspect = 1.85,
			nearplane = 0.2,
			farplane = 5000
		}
	},

	{
		entity_name = "Zs/NPC/mTable3/01/PCS/Camera",
		type = CAMERA,
		template_name = "",
		lt_grp = 0, srt_grp = 0, usr_flg = 0,
		flags = HIDDEN,
		spatialprops =
		{
			pos = { -4.640594, 1.496277, -2.108375 },
			orient = { { -0.657181,  0.000000,  0.753733 },
					   { -0.017026,  0.999745, -0.014845 },
					   { -0.753540, -0.022589, -0.657013 } }
		},
		cameraprops =
		{
			fovh = 20,
			hvaspect = 1.85,
			nearplane = 0.2,
			farplane = 5000
		}
	},

	{
		entity_name = "Zs/NPC/mTable3/01/ACU/Camera",
		type = CAMERA,
		template_name = "",
		lt_grp = 0, srt_grp = 0, usr_flg = 0,
		flags = HIDDEN,
		spatialprops =
		{
			pos = { -4.206432, 1.391116, -1.416539 },
			orient = { {  0.980267,  0.000000, -0.197677 },
					   { -0.030880,  0.987723, -0.153133 },
					   {  0.195251,  0.156216,  0.968232 } }
		},
		cameraprops =
		{
			fovh = 20,
			hvaspect = 1.85,
			nearplane = 0.2,
			farplane = 5000
		}
	},

	{
		entity_name = "Zs/NPC/mTable3/01/PCO/Camera",
		type = CAMERA,
		template_name = "",
		lt_grp = 0, srt_grp = 0, usr_flg = 0,
		flags = HIDDEN,
		spatialprops =
		{
			pos = { -5.141108, 1.189465, -2.647478 },
			orient = { { -0.608311,  0.000000,  0.793699 },
					   { -0.061717,  0.996972, -0.047302 },
					   { -0.791295, -0.077759, -0.606469 } }
		},
		cameraprops =
		{
			fovh = 20,
			hvaspect = 1.85,
			nearplane = 0.2,
			farplane = 5000
		}
	},

	{
		entity_name = "Zs/NPC/mTable3/01/PCU/Camera",
		type = CAMERA,
		template_name = "",
