duration = 22.000;

entities =
{

	{
		entity_name = "Layer_Br_02_Trader_Hardpoint",
		type = SCENE,
		template_name = "",
		lt_grp = 0, srt_grp = 0, usr_flg = 0,
		spatialprops =
		{
			pos = { 0, 0, 0 },
			orient = { { 1, 0, 0 }, { 0, 1, 0 }, { 0, 0, 1 } }
		},
		up = Y_AXIS,
		front = Z_AXIS,
		ambient = { 100, 91, 100 }
	},

	{
		entity_name = "LtShadowSource",
		type = LIGHT,
		template_name = "",
		lt_grp = 0, srt_grp = 0, usr_flg = 0,
		spatialprops =
		{
			pos = { 0, 0.540637, 0 },
			orient = { {  1.000000,  0.000000,  0.000000 },
					   {  0.000000,  0.000000,  1.000000 },
					   {  0.000000, -1.000000,  0.000000 } }
		},
		lightprops =
		{
			on = N,
			color = { 0, 0, 0 },
			diffuse = { 0, 0, 0 },
			specular = { 0, 0, 0 },
			ambient = { 0, 0, 0 },
			direction = { 0, 0, 1 },
			range = 4000,
			cutoff = 98.99998,
			type = L_DIRECT,
			theta = 90,
			atten = { 1, 0, 1e-006 }
		}
	},

	{
		entity_name = "Camera_0_FOV35",
		type = CAMERA,
		template_name = "",
		lt_grp = 0, srt_grp = 0, usr_flg = 0,
		spatialprops =
		{
			pos = { -1.89161, 2.593418, 2.343702 },
			orient = { {  0.999998,  0.000000, -0.001864 },
					   {  0.000025,  0.999910,  0.013444 },
					   {  0.001864, -0.013444,  0.999908 } }
		},
		cameraprops =
		{
			fovh = 35,
			hvaspect = 1.333333,
			nearplane = 0.1,
			farplane = 100000
		}
	},

	{
		entity_name = "Zg/PC/Player/01/A/Stand",
		type = MARKER,
		template_name = "",
		lt_grp = 0, srt_grp = 0, usr_flg = 0,
		spatialprops =
		{
			pos = { -2.944783, 0, -4.727711 },
			orient = { {  0.599868,  0.000000,  0.800099 },
					   {  0.000000,  1.000000,  0.000000 },
					   { -0.800099,  0.000000,  0.599868 } }
		}
	},

	{
		entity_name = "Zs/NPC/Trader/01/A/Stand",
		type = MARKER,
		template_name = "",
		lt_grp = 0, srt_grp = 0, usr_flg = 0,
		spatialprops =
		{
			pos = { -2.142525, 0, -5.77534 },
			orient = { { -0.856796,  0.000000, -0.515655 },
					   {  0.000000,  1.000000,  0.000000 },
					   {  0.515655,  0.000000, -0.856796 } }
		}
	},

	{
		entity_name = "Set_Br_02_Trader",
		type = COMPOUND,
		template_name = "br_02_trader",
		lt_grp = 0, srt_grp = 0, usr_flg = 0,
		flags = LIT_AMBIENT,
		spatialprops =
		{
			pos = { 0, 0, 0 },
			orient = { { 1, 0, 0 }, { 0, 1, 0 }, { 0, 0, 1 } }
		},
		userprops =
		{
			category = "Room",
		}
	},

	{
		entity_name = "HPCan03",
		type = MARKER,
		template_name = "",
		lt_grp = 0, srt_grp = 0, usr_flg = 0,
		spatialprops =
		{
			pos = { -6.735912, 0.391591, -11.28251 },
			orient = { { -0.706682,  0.000000,  0.707531 },
					   {  0.000000,  1.000000,  0.000000 },
					   { -0.707531,  0.000000, -0.706682 } }
		}
	},

	{
		entity_name = "HPCan01",
		type = MARKER,
		template_name = "",
		lt_grp = 0, srt_grp = 0, usr_flg = 0,
		spatialprops =
		{
			pos = { -6.546635, 4.001575, -10.98957 },
			orient = { { -0.709841,  0.000000,  0.704362 },
					   {  0.000000,  1.000000,  0.000000 },
					   { -0.704362,  0.000000, -0.709841 } }
		}
	},

	{
		entity_name = "HPCan04",
		type = MARKER,
		template_name = "",
		lt_grp = 0, srt_grp = 0, usr_flg = 0,
		spatialprops =
		{
			pos = { -4.66699, 0.391591, -13.35391 },
			orient = { { -0.706682,  0.000000,  0.707531 },
					   {  0.000000,  1.000000,  0.000000 },
					   { -0.707531,  0.000000, -0.706682 } }
		}
	},

	{
		entity_name = "HPCan06",
		type = MARKER,
		template_name = "",
		lt_grp = 0, srt_grp = 0, usr_flg = 0,
		spatialprops =
		{
			pos = { 6.316114, 3.987473, -11.37352 },
			orient = { { -0.705711,  0.000000, -0.708500 },
					   {  0.000000,  1.000000,  0.000000 },
					   {  0.708500,  0.000000, -0.705711 } }
		}
	},

	{
		entity_name = "HPCan07",
		type = MARKER,
		template_name = "",
		lt_grp = 0, srt_grp = 0, usr_flg = 0,
		spatialprops =
		{
			pos = { 4.253919, 0.495084, -13.07167 },
			orient = { { -0.731530,  0.000000, -0.681809 },
					   {  0.000000,  1.000000,  0.000000 },
					   {  0.681809,  0.000000, -0.731530 } }
		}
	},

	{
		entity_name = "Zg/NPC/mFloor2/01/A/Stand",
		type = MARKER,
		template_name = "",
		lt_grp = 0, srt_grp = 0, usr_flg = 0,
		spatialprops =
		{
			pos = { 1.102464, 0, -9.232292 },
			orient = { { -0.846905,  0.000000,  0.531745 },
					   {  0.000000,  1.000000,  0.000000 },
					   { -0.531745,  0.000000, -0.846905 } }
		}
	},

	{
		entity_name = "Zg/NPC/mFloor2/01/B/Stand",
		type = MARKER,
		template_name = "",
		lt_grp = 0, srt_grp = 0, usr_flg = 0,
		spatialprops =
		{
			pos = { 2.003361, 0, -8.7081 },
			orient = { {  0.302230,  0.000000, -0.953235 },
					   {  0.000000,  1.000000,  0.000000 },
					   {  0.953235,  0.000000,  0.302230 } }
		}
	},

	{
		entity_name = "Zg/NPC/mFloor2/02/A/Stand",
		type = MARKER,
		template_name = "",
		lt_grp = 0, srt_grp = 0, usr_flg = 0,
		spatialprops =
		{
			pos = { -5.709553, 0, -7.751789 },
			orient = { { -0.916083,  0.000000,  0.400989 },
					   {  0.000000,  1.000000,  0.000000 },
					   { -0.400989,  0.000000, -0.916083 } }
		}
	},

	{
		entity_name = "Zg/NPC/mFloor2/02/B/Stand",
		type = MARKER,
		template_name = "",
		lt_grp = 0, srt_grp = 0, usr_flg = 0,
		spatialprops =
		{
			pos = { -5.878752, 0, -6.648997 },
			orient = { {  0.373547,  0.000000,  0.927611 },
					   {  0.000000,  1.000000,  0.000000 },
					   { -0.927611,  0.000000,  0.373547 } }
		}
	},

	{
		entity_name = "Camera_Wide",
		type = CAMERA,
		template_name = "",
		lt_grp = 0, srt_grp = 0, usr_flg = 0,
		spatialprops =
		{
			pos = { 0.212009, 9.21301, 2.027746 },
			orient = { {  0.999945,  0.000000, -0.010450 },
					   { -0.003355,  0.947066, -0.321023 },
					   {  0.009897,  0.321040,  0.947014 } }
		},
		cameraprops =
		{
			fovh = 35,
			hvaspect = 1.333333,
			nearplane = 0.1,
			farplane = 100000
		}
	},

	{
		entity_name = "HPCan02",
		type = MARKER,
		template_name = "",
		lt_grp = 0, srt_grp = 0, usr_flg = 0,
		spatialprops =
		{
			pos = { -4.442029, 4.001575, -13.07794 },
			orient = { { -0.709841,  0.000000,  0.704362 },
					   {  0.000000,  1.000000,  0.000000 },
					   { -0.704362,  0.000000, -0.709841 } }
		}
	},

	{
		entity_name = "HPCan05",
		type = MARKER,
		template_name = "",
		lt_grp = 0, srt_grp = 0, usr_flg = 0,
		spatialprops =
		{
			pos = { 4.49779, 3.987473, -13.19903 },
			orient = { { -0.705711,  0.000000, -0.708500 },
					   {  0.000000,  1.000000,  0.000000 },
					   {  0.708500,  0.000000, -0.705711 } }
		}
	},

	{
		entity_name = "HPCan08",
		type = MARKER,
		template_name = "",
		lt_grp = 0, srt_grp = 0, usr_flg = 0,
		spatialprops =
		{
			pos = { 6.355419, 0.495084, -11.11301 },
			orient = { { -0.731530,  0.000000, -0.681809 },
					   {  0.000000,  1.000000,  0.000000 },
					   {  0.681809,  0.000000, -0.731530 } }
		}
	},

	{
		entity_name = "Zs/NPC/mFloor2/01/AC2/Camera",
		type = CAMERA,
		template_name = "",
		lt_grp = 0, srt_grp = 0, usr_flg = 0,
		flags = HIDDEN,
		spatialprops =
		{
			pos = { 0.834999, 1.726745, -7.02524 },
			orient = { {  0.950157,  0.000000,  0.311771 },
					   {  0.068593,  0.975498, -0.209044 },
					   { -0.304132,  0.220010,  0.926876 } }
		},
		cameraprops =
		{
			fovh = 30,
			hvaspect = 1.85,
			nearplane = 0.2,
			farplane = 5000
		}
	},

	{
		entity_name = "Zs/NPC/mFloor2/01/ACOH/Camera",
		type = CAMERA,
		template_name = "",
		lt_grp = 0, srt_grp = 0, usr_flg = 0,
		flags = HIDDEN,
		spatialprops =
		{
			pos = { 1.67668, 1.760484, -7.928234 },
			orient = { {  0.974609,  0.000000, -0.223913 },
					   { -0.040713,  0.983331, -0.177206 },
					   {  0.220181,  0.181823,  0.958364 } }
		},
		cameraprops =
		{
			fovh = 25,
			hvaspect = 1.85,
			nearplane = 0.2,
			farplane = 5000
		}
	},

	{
		entity_name = "Zs/NPC/mFloor2/01/ACS/Camera",
		type = CAMERA,
		template_name = "",
		lt_grp = 0, srt_grp = 0, usr_flg = 0,
		spatialprops =
		{
			pos = { 1.534904, 1.714856, -8.224228 },
			orient = { {  0.971582,  0.000000, -0.236704 },
					   { -0.030995,  0.991390, -0.127223 },
					   {  0.234666,  0.130944,  0.963216 } }
		},
		cameraprops =
		{
			fovh = 25,
			hvaspect = 1.85,
			nearplane = 0.2,
			farplane = 5000
		}
	},

	{
		entity_name = "Zs/NPC/mFloor2/01/ACU/Camera",
		type = CAMERA,
		template_name = "",
		lt_grp = 0, srt_grp = 0, usr_flg = 0,
		flags = HIDDEN,
		spatialprops =
		{
			pos = { 1.443258, 1.678053, -8.494624 },
			orient = { {  0.957542,  0.000000, -0.288292 },
					   { -0.017033,  0.998253, -0.056575 },
					   {  0.287789,  0.059083,  0.955870 } }
		},
		cameraprops =
		{
			fovh = 25,
			hvaspect = 1.85,
			nearplane = 0.2,
			farplane = 5000
		}
	},

	{
		entity_name = "Zs/NPC/mFloor2/01/PC2/Camera",
		type = CAMERA,
		template_name = "",
		lt_grp = 0, srt_grp = 0, usr_flg = 0,
		flags = HIDDEN,
		spatialprops =
		{
			pos = { -0.0389, 1.630864, -8.529479 },
			orient = { {  0.236646,  0.000000,  0.971596 },
					   {  0.119429,  0.992417, -0.029089 },
					   { -0.964228,  0.122920,  0.234852 } }
		},
		cameraprops =
		{
			fovh = 30,
			hvaspect = 1.85,
			nearplane = 0.1,
			farplane = 5000
		}
	},

	{
		entity_name = "Zs/NPC/mFloor2/01/PCO/Camera",
		type = CAMERA,
		template_name = "",
		lt_grp = 0, srt_grp = 0, usr_flg = 0,
		flags = HIDDEN,
		spatialprops =
		{
			pos = { 0.540218, 1.719659, -9.254266 },
			orient = { { -0.339010,  0.000000,  0.940783 },
					   {  0.151535,  0.986942,  0.054605 },
					   { -0.928499,  0.161073, -0.334583 } }
		},
		cameraprops =
		{
			fovh = 25,
			hvaspect = 1.85,
			nearplane = 0.2,
			farplane = 5000
		}
	},

	{
		entity_name = "Zs/NPC/mFloor2/01/PCS/Camera",
		type = CAMERA,
		template_name = "",
		lt_grp = 0, srt_grp = 0, usr_flg = 0,
		flags = HIDDEN,
		spatialprops =
		{
			pos = { 0.812856, 1.750901, -8.928907 },
			orient = { { -0.246967,  0.000000,  0.969024 },
					   {  0.137068,  0.989945,  0.034933 },
					   { -0.959281,  0.141450, -0.244484 } }
		},
		cameraprops =
		{
			fovh = 25,
			hvaspect = 1.85,
			nearplane = 0.2,
			farplane = 5000
		}
	},

	{
		entity_name = "Zs/NPC/mFloor2/01/PCU/Camera",
		type = CAMERA,
		template_name = "",
		lt_grp = 0, srt_grp = 0, usr_flg = 0,
		flags = HIDDEN,
		spatialprops =
		{
			pos = { 1.004877, 1.744443, -8.854353 },
			orient = { { -0.305917,  0.000000,  0.952058 },
					   {  0.113987,  0.992807,  0.036626 },
					   { -0.945210,  0.119727, -0.303717 } }
		},
		cameraprops =
		{
			fovh = 25,
			hvaspect = 1.85,
			nearplane = 0.2,
			farplane = 5000
		}
	},

	{
		entity_name = "Zs/NPC/mFloor2/01/TCI/Camera",
		type = CAMERA,
		template_name = "",
		lt_grp = 0, srt_grp = 0, usr_flg = 0,
		flags = HIDDEN,
		spatialprops =
		{
			pos = { 1.555591, 2.006151, -8.1085 },
			orient = { {  0.935441,  0.000000, -0.353484 },
					   { -0.254831,  0.693025, -0.674372 },
					   {  0.244973,  0.720913,  0.648284 } }
		},
		cameraprops =
		{
			fovh = 15,
			hvaspect = 1.85,
			nearplane = 0.2,
			farplane = 5000
		}
	},

	{
		entity_name = "Zs/NPC/mFloor2/01/WFC/Camera",
		type = CAMERA,
		template_name = "",
		lt_grp = 0, srt_grp = 0, usr_flg = 0,
		flags = HIDDEN,
		spatialprops =
		{
			pos = { -1.151, -0.265217, -9.051478 },
			orient = { { -0.314880,  0.000000,  0.949132 },
					   { -0.554497,  0.811599, -0.183957 },
					   { -0.770314, -0.584215, -0.255556 } }
		},
		cameraprops =
		{
			fovh = 30,
			hvaspect = 1.85,
			nearplane = 1,
			farplane = 5000
		}
	},

	{
		entity_name = "Zs/NPC/mFloor2/01/P2/Stand",
		type = MARKER,
		template_name = "",
		lt_grp = 0, srt_grp = 0, usr_flg = 0,
		spatialprops =
		{
			pos = { 1.734239, 0, -8.5033 },
			orient = { {  0.603456,  0.000000, -0.797396 },
					   {  0.000000,  1.000000,  0.000000 },
					   {  0.797396,  0.000000,  0.603456 } }
		}
	},

	{
		entity_name = "Zs/NPC/mFloor2/02/AC2/Camera",
		type = CAMERA,
		template_name = "",
		lt_grp = 0, srt_grp = 0, usr_flg = 0,
		flags = HIDDEN,
		spatialprops =
		{
			pos = { -4.199304, 1.690736, -7.011569 },
			orient = { {  0.170490,  0.000000, -0.985359 },
					   { -0.162188,  0.986361, -0.028062 },
					   {  0.971920,  0.164598,  0.168165 } }
		},
		cameraprops =
		{
			fovh = 30,
			hvaspect = 1.85,
			nearplane = 0.2,
			farplane = 5000
		}
	},

	{
		entity_name = "Zs/NPC/mFloor2/02/ACOH/Camera",
		type = CAMERA,
		template_name = "",
		lt_grp = 0, srt_grp = 0, usr_flg = 0,
		flags = HIDDEN,
		spatialprops =
		{
			pos = { -4.848141, 1.738616, -6.654919 },
			orient = { {  0.636742,  0.000000, -0.771077 },
					   { -0.124896,  0.986795, -0.103137 },
					   {  0.760894,  0.161976,  0.628334 } }
		},
		cameraprops =
		{
			fovh = 25,
			hvaspect = 1.85,
			nearplane = 0.2,
			farplane = 5000
		}
	},

	{
		entity_name = "Zs/NPC/mFloor2/02/ACS/Camera",
		type = CAMERA,
		template_name = "",
		lt_grp = 0, srt_grp = 0, usr_flg = 0,
		flags = HIDDEN,
		spatialprops =
		{
			pos = { -5.074767, 1.725481, -6.942472 },
			orient = { {  0.669524,  0.000000, -0.742790 },
					   { -0.102140,  0.990501, -0.092065 },
					   {  0.735734,  0.137509,  0.663164 } }
		},
		cameraprops =
		{
			fovh = 25,
			hvaspect = 1.85,
			nearplane = 0.2,
			farplane = 5000
		}
	},

	{
		entity_name = "Zs/NPC/mFloor2/02/ACU/Camera",
		type = CAMERA,
		template_name = "",
		lt_grp = 0, srt_grp = 0, usr_flg = 0,
		flags = HIDDEN,
		spatialprops =
		{
			pos = { -5.066523, 1.686505, -6.942188 },
			orient = { {  0.721510,  0.000000, -0.692404 },
					   { -0.028989,  0.999123, -0.030207 },
					   {  0.691797,  0.041867,  0.720877 } }
		},
		cameraprops =
		{
			fovh = 20,
			hvaspect = 1.85,
			nearplane = 0.2,
			farplane = 5000
		}
	},

	{
		entity_name = "Zs/NPC/mFloor2/02/PC2/Camera",
		type = CAMERA,
		template_name = "",
		lt_grp = 0, srt_grp = 0, usr_flg = 0,
		flags = HIDDEN,
		spatialprops =
		{
			pos = { -4.521535, 1.706672, -8.321033 },
			orient = { { -0.706593,  0.000000, -0.707621 },
					   { -0.138598,  0.980631,  0.138397 },
					   {  0.693915,  0.195865, -0.692906 } }
		},
		cameraprops =
		{
			fovh = 30,
			hvaspect = 1.85,
			nearplane = 0.1,
			farplane = 5000
		}
	},

	{
		entity_name = "Zs/NPC/mFloor2/02/P2/Stand",
		type = MARKER,
		template_name = "",
		lt_grp = 0, srt_grp = 0, usr_flg = 0,
		spatialprops =
		{
			pos = { -5.329752, 0, -6.857927 },
			orient = { {  0.998897,  0.000000, -0.046962 },
					   {  0.000000,  1.000000,  0.000000 },
					   {  0.046962,  0.000000,  0.998897 } }
		}
	},

	{
		entity_name = "Zs/NPC/mFloor2/02/PCO/Camera",
		type = CAMERA,
		template_name = "",
		lt_grp = 0, srt_grp = 0, usr_flg = 0,
		flags = HIDDEN,
		spatialprops =
		{
			pos = { -5.414432, 1.708437, -8.271173 },
			orient = { { -0.985733,  0.000000, -0.168317 },
					   { -0.024322,  0.989504,  0.142441 },
					   {  0.166551,  0.144503, -0.975387 } }
		},
		cameraprops =
		{
			fovh = 25,
			hvaspect = 1.85,
			nearplane = 0.2,
			farplane = 5000
		}
	},

	{
		entity_name = "Zs/NPC/mFloor2/02/PCS/Camera",
		type = CAMERA,
		template_name = "",
		lt_grp = 0, srt_grp = 0, usr_flg = 0,
		flags = HIDDEN,
		spatialprops =
		{
			pos = { -5.359403, 1.70123, -7.8974 },
			orient = { { -0.989114,  0.000000, -0.147154 },
					   { -0.015913,  0.994136,  0.106959 },
					   {  0.146291,  0.108136, -0.983314 } }
		},
		cameraprops =
		{
			fovh = 25,
			hvaspect = 1.85,
			nearplane = 0.2,
			farplane = 5000
		}
	},

	{
		entity_name = "Zs/NPC/mFloor2/02/PCU/Camera",
		type = CAMERA,
		template_name = "",
		lt_grp = 0, srt_grp = 0, usr_flg = 0,
		flags = HIDDEN,
		spatialprops =
		{
			pos = { -5.330066, 1.727936, -7.612168 },
			orient = { { -0.990034,  0.000000, -0.140828 },
					   { -0.015848,  0.993648,  0.111415 },
					   {  0.139933,  0.112537, -0.983745 } }
		},
		cameraprops =
		{
			fovh = 25,
			hvaspect = 1.85,
			nearplane = 0.2,
			farplane = 5000
		}
	},

	{
		entity_name = "Zs/NPC/mFloor2/02/TCI/Camera",
		type = CAMERA,
		template_name = "",
		lt_grp = 0, srt_grp = 0, usr_flg = 0,
		flags = HIDDEN,
		spatialprops =
		{
			pos = { -5.112898, 1.913946, -6.909249 },
			orient = { {  0.743085,  0.000000, -0.669197 },
					   { -0.484335,  0.690056, -0.537813 },
					   {  0.461783,  0.723756,  0.512770 } }
		},
		cameraprops =
		{
			fovh = 15,
			hvaspect = 1.85,
			nearplane = 0.2,
			farplane = 5000
		}
	},

	{
		entity_name = "Zs/NPC/mFloor2/02/WFC/Camera",
		type = CAMERA,
		template_name = "",
		lt_grp = 0, srt_grp = 0, usr_flg = 0,
		flags = HIDDEN,
		spatialprops =
		{
			pos = { -3.680163, 0.278705, -10.26847 },
			orient = { { -0.869573,  0.000000, -0.493805 },
					   {  0.116395,  0.971823, -0.204967 },
					   {  0.479891, -0.235711, -0.845071 } }
		},
		cameraprops =
		{
			fovh = 30,
			hvaspect = 1.85,
			nearplane = 1,
			farplane = 5000
		}
	},

	{
		entity_name = "LtGlareSource",
		type = LIGHT,
		template_name = "",
		lt_grp = 0, srt_grp = 0, usr_flg = 0,
		spatialprops =
		{
			pos = { -1.987487, 12.57971, 3.359193 },
			orient = { {  1.000000,  0.000000,  0.000000 },
					   {  0.000000,  0.000000,  1.000000 },
					   {  0.000000, -1.000000,  0.000000 } }
		},
		lightprops =
		{
			on = N,
			color = { 255, 255, 255 },
			diffuse = { 0.164706, 0.164706, 0.164706 },
			specular = { 0, 0, 0 },
			ambient = { 0, 0, 0 },
			direction = { 0, 0, 1 },
			range = 2000,
			cutoff = 98.99998,
			type = L_POINT,
			theta = 90,
			atten = { 1, 0, 4e-006 }
		}
	},

	{
		entity_name = "Zs/NPC/mFloor2/02/P/Stand",
		type = MARKER,
		template_name = "",
		lt_grp = 0, srt_grp = 0, usr_flg = 0,
		spatialprops =
		{
			pos = { -5.265338, -0.0054, -6.348089 },
			orient = { {  0.998897,  0.000000, -0.046962 },
					   {  0.000000,  1.000000,  0.000000 },
					   {  0.046962,  0.000000,  0.998897 } }
		}
	},

	{
		entity_name = "Zs/NPC/mFloor2/01/P/Stand",
		type = MARKER,
		template_name = "",
		lt_grp = 0, srt_grp = 0, usr_flg = 0,
		spatialprops =
		{
			pos = { 2.167125, -0.0054, -8.226364 },
			orient = { {  0.603456,  0.000000, -0.797396 },
					   {  0.000000,  1.000000,  0.000000 },
					   {  0.797396,  0.000000,  0.603456 } }
		}
	},

	{
		entity_name = "Camera_0",
		type = CAMERA,
		template_name = "",
		lt_grp = 0, srt_grp = 0, usr_flg = 0,
		spatialprops =
		{
			pos = { -1.987487, 2.579711, 3.359193 },
			orient = { {  0.995572,  0.000000,  0.094003 },
					   { -0.000852,  0.999959,  0.009028 },
					   { -0.093999, -0.009068,  0.995531 } }
		},
		cameraprops =
		{
			fovh = 30,
			hvaspect = 1.333333,
			nearplane = 0.1,
			farplane = 100000
		}
	},

	{
		entity_name = "Bin_artifacts_3",
		type = COMPOUND,
		template_name = "StackBlue_manufgoods",
		lt_grp = 3, srt_grp = 0, usr_flg = 0,
		flags = LIT_DYNAMIC,
		spatialprops =
		{
			pos = { -6.43185, 3.907902, -11.10346 },
			orient = { { -0.709841,  0.000000,  0.704362 },
					   {  0.000000,  1.000000,  0.000000 },
					   { -0.704362,  0.000000, -0.709841 } }
		},
		userprops =
		{
			category = "Equipment",
			Priority = "Bin_1",
		}
	},

	{
		entity_name = "Bin_artifacts_3_2",
		type = COMPOUND,
		template_name = "Stackyellow_Radioactive",
		lt_grp = 3, srt_grp = 0, usr_flg = 0,
		flags = LIT_DYNAMIC,
		spatialprops =
		{
			pos = { -6.431851, 0.375554, -11.10346 },
			orient = { { -0.709841,  0.000000,  0.704362 },
					   {  0.000000,  1.000000,  0.000000 },
					   { -0.704362,  0.000000, -0.709841 } }
		},
		userprops =
		{
			category = "Equipment",
			Priority = "Bin_1",
		}
	},

	{
		entity_name = "Bin_artifacts_3_4",
		type = COMPOUND,
		template_name = "StackGreen_Refgoods",
		lt_grp = 3, srt_grp = 0, usr_flg = 0,
		flags = LIT_DYNAMIC,
		spatialprops =
		{
			pos = { -4.243578, 0.384218, -13.27484 },
			orient = { { -0.709841,  0.000000,  0.704362 },
					   {  0.000000,  1.000000,  0.000000 },
					   { -0.704362,  0.000000, -0.709841 } }
		},
		userprops =
		{
			category = "Equipment",
			Priority = "Bin_1",
		}
	},

	{
		entity_name = "Bin_artifacts_3_5",
		type = COMPOUND,
		template_name = "StackGreen_Refgoods",
		lt_grp = 3, srt_grp = 0, usr_flg = 0,
		flags = LIT_DYNAMIC,
		spatialprops =
		{
			pos = { -4.243582, 3.847788, -13.27483 },
			orient = { { -0.709841,  0.000000,  0.704362 },
					   {  0.000000,  1.000000,  0.000000 },
					   { -0.704362,  0.000000, -0.709841 } }
		},
		userprops =
		{
			category = "Equipment",
			Priority = "Bin_1",
		}
	},

	{
		entity_name = "Bin_contraband_1_1",
		type = COMPOUND,
		template_name = "StackGrey_hivalue",
		lt_grp = 3, srt_grp = 0, usr_flg = 0,
		flags = LIT_DYNAMIC,
		spatialprops =
		{
			pos = { 4.49185, 3.905396, -12.93925 },
			orient = { { -0.689538,  0.000000, -0.724249 },
					   {  0.000000,  1.000000,  0.000000 },
					   {  0.724249,  0.000000, -0.689538 } }
		},
		userprops =
		{
			category = "Equipment",
			Priority = "Bin_1",
		}
	},

	{
		entity_name = "Bin_contraband_1_2",
		type = COMPOUND,
		template_name = "StackGrey_hivalue",
		lt_grp = 3, srt_grp = 0, usr_flg = 0,
		flags = LIT_DYNAMIC,
		spatialprops =
		{
			pos = { 6.35078, 3.887964, -10.98674 },
			orient = { { -0.689538,  0.000000, -0.724249 },
					   {  0.000000,  1.000000,  0.000000 },
					   {  0.724249,  0.000000, -0.689538 } }
		},
		userprops =
		{
			category = "Equipment",
			Priority = "Bin_1",
		}
	},

	{
		entity_name = "Bin_contraband_1_3",
		type = COMPOUND,
		template_name = "Stackred_lightgoods",
		lt_grp = 3, srt_grp = 0, usr_flg = 0,
		flags = LIT_DYNAMIC,
		spatialprops =
		{
			pos = { 6.350842, 0.386001, -10.98676 },
			orient = { { -0.689538,  0.000000, -0.724249 },
					   {  0.000000,  1.000000,  0.000000 },
					   {  0.724249,  0.000000, -0.689538 } }
		},
		userprops =
		{
			category = "Equipment",
			Priority = "Bin_1",
		}
	},

	{
		entity_name = "Bin_contraband_1_4",
		type = COMPOUND,
		template_name = "StackGrey_hivalue",
		lt_grp = 3, srt_grp = 0, usr_flg = 0,
		flags = LIT_DYNAMIC,
		spatialprops =
		{
			pos = { 4.295364, 0.373479, -13.1457 },
			orient = { { -0.689538,  0.000000, -0.724249 },
					   {  0.000000,  1.000000,  0.000000 },
					   {  0.724249,  0.000000, -0.689538 } }
		},
		userprops =
		{
			category = "Equipment",
			Priority = "Bin_1",
		}
	},

	{
		entity_name = "Zs/NPC/Trader/01/AC2/Camera",
		type = CAMERA,
		template_name = "",
		lt_grp = 0, srt_grp = 0, usr_flg = 0,
		flags = HIDDEN,
		spatialprops =
		{
			pos = { -1.738897, 1.677214, -3.860248 },
			orient = { {  0.849058,  0.000000, -0.528299 },
					   { -0.089288,  0.985614, -0.143499 },
					   {  0.520699,  0.169009,  0.836844 } }
		},
		cameraprops =
		{
			fovh = 30,
			hvaspect = 1.85,
			nearplane = 0.2,
			farplane = 5000
		}
	},

	{
		entity_name = "Zs/NPC/Trader/01/ACOH/Camera",
		type = CAMERA,
		template_name = "",
		lt_grp = 0, srt_grp = 0, usr_flg = 0,
		flags = HIDDEN,
		spatialprops =
		{
			pos = { -2.965346, 1.7645, -4.224152 },
			orient = { {  0.966786,  0.000000,  0.255586 },
					   {  0.045718,  0.983872, -0.172933 },
					   { -0.251464,  0.178874,  0.951194 } }
		},
		cameraprops =
		{
			fovh = 25,
			hvaspect = 1.85,
			nearplane = 0.2,
			farplane = 5000
		}
	},

	{
		entity_name = "Zs/NPC/Trader/01/ACS/Camera",
		type = CAMERA,
		template_name = "",
		lt_grp = 0, srt_grp = 0, usr_flg = 0,
		flags = HIDDEN,
		spatialprops =
		{
			pos = { -2.650706, 1.596471, -4.55139 },
			orient = { {  0.975588,  0.000000,  0.219609 },
					   {  0.007302,  0.999447, -0.032439 },
					   { -0.219488,  0.033251,  0.975048 } }
		},
		cameraprops =
		{
			fovh = 25,
			hvaspect = 1.85,
			nearplane = 0.2,
			farplane = 5000
		}
	},

	{
		entity_name = "Zs/NPC/Trader/01/P/Stand",
		type = MARKER,
		template_name = "",
		lt_grp = 0, srt_grp = 0, usr_flg = 0,
		spatialprops =
		{
			pos = { -3.330439, -0.0054, -4.388075 },
			orient = { {  0.599868,  0.000000,  0.800099 },
					   {  0.000000,  1.000000,  0.000000 },
					   { -0.800099,  0.000000,  0.599868 } }
		}
	},

	{
		entity_name = "Zs/NPC/Trader/01/P2/Stand",
		type = MARKER,
		template_name = "",
		lt_grp = 0, srt_grp = 0, usr_flg = 0,
		spatialprops =
		{
			pos = { -2.944783, 0, -4.727711 },
			orient = { {  0.599868,  0.000000,  0.800099 },
					   {  0.000000,  1.000000,  0.000000 },
					   { -0.800099,  0.000000,  0.599868 } }
		}
	},

	{
		entity_name = "Zs/NPC/Trader/01/PC2/Camera",
		type = CAMERA,
		template_name = "",
		lt_grp = 0, srt_grp = 0, usr_flg = 0,
		flags = HIDDEN,
		spatialprops =
		{
			pos = { -1.018319, 1.731246, -5.028558 },
			orient = { {  0.184850,  0.000000, -0.982767 },
					   { -0.205146,  0.977970, -0.038586 },
					   {  0.961117,  0.208743,  0.180778 } }
		},
		cameraprops =
		{
			fovh = 30,
			hvaspect = 1.85,
			nearplane = 0.2,
			farplane = 5000
		}
	},

	{
		entity_name = "Zs/NPC/Trader/01/PCO/Camera",
		type = CAMERA,
		template_name = "",
		lt_grp = 0, srt_grp = 0, usr_flg = 0,
		flags = HIDDEN,
		spatialprops =
		{
			pos = { -1.636741, 1.790054, -5.788276 },
			orient = { { -0.379956,  0.000000, -0.925005 },
					   { -0.193345,  0.977911,  0.079418 },
					   {  0.904572,  0.209021, -0.371563 } }
		},
		cameraprops =
		{
			fovh = 25,
			hvaspect = 1.85,
			nearplane = 0.2,
			farplane = 5000
		}
	},

	{
		entity_name = "Zs/NPC/Trader/01/PCS/Camera",
		type = CAMERA,
		template_name = "",
		lt_grp = 0, srt_grp = 0, usr_flg = 0,
		flags = HIDDEN,
		spatialprops =
		{
			pos = { -1.969086, 1.614689, -5.46568 },
			orient = { { -0.396648,  0.000000, -0.917971 },
					   { -0.051308,  0.998437,  0.022169 },
					   {  0.916536,  0.055893, -0.396028 } }
		},
		cameraprops =
		{
			fovh = 25,
			hvaspect = 1.85,
			nearplane = 0.2,
			farplane = 5000
		}
	}
};

events =
{
	{
		0.000, START_FOG_PROP_ANIM, { "Layer_Br_02_Trader_Hardpoint" },
		{
			duration = 0.100,
			fogprops =
			{
				fogon = Y,
				fogtable = N,
				fogcolor = { 55, 55, 90 },
				fogmode = F_LINEAR,
				fogstart = 0,
				fogend = 100,
				fogdensity = 0.1
			}
		}
	}
};
