duration = 7.561;

entities =
{

	{
		entity_name = "Layer_Br_02_Bar_enter",
		type = SCENE,
		template_name = "",
		lt_grp = 0, srt_grp = 0, usr_flg = 0,
		spatialprops =
		{
			pos = { 0, 0, 0 },
			orient = { { 1, 0, 0 }, { 0, 1, 0 }, { 0, 0, 1 } }
		},
		up = Y_AXIS,
		front = Z_AXIS,
		ambient = { 128, 128, 128 }
	},

	{
		entity_name = "Camera_Enter",
		type = CAMERA,
		template_name = "",
		lt_grp = 0, srt_grp = 0, usr_flg = 0,
		spatialprops =
		{
			pos = { 1.686194, 3.755757, 5.915698 },
			orient = { {  0.947995,  0.000000,  0.318285 },
					   {  0.124110,  0.920843, -0.369656 },
					   { -0.293090,  0.389934,  0.872954 } }
		},
		cameraprops =
		{
			fovh = 35,
			hvaspect = 1.85,
			nearplane = 0.1,
			farplane = 100000
		}
	},

	{
		entity_name = "Camera_Enter_2",
		type = CAMERA,
		template_name = "",
		lt_grp = 0, srt_grp = 0, usr_flg = 0,
		spatialprops =
		{
			pos = { 3.913249, 0.530782, -0.484105 },
			orient = { {  0.898085,  0.000000,  0.439822 },
					   { -0.117954,  0.963367,  0.240854 },
					   { -0.423710, -0.268186,  0.865185 } }
		},
		cameraprops =
		{
			fovh = 35,
			hvaspect = 1.85,
			nearplane = 0.1,
			farplane = 100000
		}
	},

	{
		entity_name = "Camera_Enter_Path",
		type = MOTION_PATH,
		template_name = "",
		lt_grp = 0, srt_grp = 0, usr_flg = 0,
		spatialprops =
		{
			pos = { 0, 0, 0 },
			orient = { { 1, 0, 0 }, { 0, 1, 0 }, { 0, 0, 1 } }
		},
		pathprops =
		{
			path_type = "CV_CROrientationSplinePath",
			path_data = "OPEN,{3.913249,0.530782,-0.484105}, {0.965225,0.131845,-0.223661,0.030551}, {2.327942,1.431535,2.715796}, {0.980520,-0.032725,-0.193673,-0.000776}, {1.686194,3.755757,5.915698}, {0.967186,-0.196340,-0.158029,-0.032080}, "
		}
	},

	{
		entity_name = "character_trent",
		type = DEFORMABLE,
		template_name = "trent",
		lt_grp = 0, srt_grp = 0, usr_flg = 0,
		flags = LIT_DYNAMIC + LIT_AMBIENT,
		spatialprops =
		{
			pos = { 8.110768, 0, -3.096072 },
			orient = { { -0.321012,  0.000000, -0.947075 },
					   {  0.000000,  1.000000,  0.000000 },
					   {  0.947075,  0.000000, -0.321012 } }
		},
		compoundprops =
		{
			floor_height = 0
		},
		userprops =
		{
			category = "Character",
		}
	},

	{
		entity_name = "Monitor_Enter",
		type = MONITOR,
		template_name = "",
		lt_grp = 0, srt_grp = 0, usr_flg = 0
	}
};

events =
{
	{
		0.000, START_PATH_ANIMATION, { "Camera_Enter", "Camera_Enter_Path" },
		{
			duration = 4.000,
			start_percent = 1,
			stop_percent = 0,
			offset = { 0, 0, 0 },
			up = Y_AXIS,
			front = NEG_Z_AXIS,
			flags = POSITION + ORIENTATION,
			param_curve =
			{
				CLSID = "FreeFormPCurve",
				points =
				{
					{  0.000000,  0.000000,  0.000000,  0.000000 },
					{  1.000000,  1.000000,  0.000000,  0.000000 },
				}
			},
			pcurve_period = -1
		}
	},

	{
		0.000, SET_CAMERA, { "Monitor_Enter", "Camera_Enter" }
	},

	{
		1.625, START_MOTION, { "character_trent" },
		{
			animation = "Sc_MLBODY_WLKG_000LV_XA_01",
			duration = 1.299,
			time_scale = 1,
			weight = 1,
			heading = -1
		}
	},

	{
		2.875, START_MOTION, { "character_trent" },
		{
			animation = "Sc_MLBODY_WALK_STND_TRNS_000LV_XA_02",
			duration = 2.400,
			time_scale = 1,
			weight = 1,
			heading = -1
		}
	},

	{
		5.275, START_MOTION, { "character_trent" },
		{
			animation = "Sc_MLBODY_STND_IDLE_SMALL_000LV_xa_05",
			duration = 5.000,
			time_scale = 1,
			weight = 1,
			heading = -1
		}
	}
};
