duration = 11.562;

entities =
{

	{
		entity_name = "Layer_Br_01_Trader_Hardpoint",
		type = SCENE,
		template_name = "",
		lt_grp = 0, srt_grp = 0, usr_flg = 0,
		spatialprops =
		{
			pos = { 0, 0, 0 },
			orient = { { 1, 0, 0 }, { 0, 1, 0 }, { 0, 0, 1 } }
		},
		up = Y_AXIS,
		front = Z_AXIS,
		ambient = { 141, 141, 141 }
	},

	{
		entity_name = "Set_Br_01_Trader",
		type = COMPOUND,
		template_name = "br_01_trader",
		lt_grp = 0, srt_grp = 0, usr_flg = 0,
		flags = LIT_AMBIENT,
		spatialprops =
		{
			pos = { 0, 0, 0 },
			orient = { { 1, 0, 0 }, { 0, 1, 0 }, { 0, 0, 1 } }
		},
		userprops =
		{
			category = "Room",
		}
	},

	{
		entity_name = "LtShadowSource",
		type = LIGHT,
		template_name = "",
		lt_grp = 0, srt_grp = 0, usr_flg = 0,
		spatialprops =
		{
			pos = { 0, 1.500091, 0 },
			orient = { {  1.000000,  0.000000,  0.000000 },
					   {  0.000000,  0.000000,  1.000000 },
					   {  0.000000, -1.000000,  0.000000 } }
		},
		lightprops =
		{
			on = N,
			color = { 0, 0, 0 },
			diffuse = { 0, 0, 0 },
			specular = { 0, 0, 0 },
			ambient = { 0, 0, 0 },
			direction = { 0, 0, 1 },
			range = 2000,
			cutoff = 90,
			type = L_DIRECT,
			theta = 90,
			atten = { 1, 0, 4e-006 }
		}
	},

	{
		entity_name = "Camera_Wide",
		type = CAMERA,
		template_name = "",
		lt_grp = 0, srt_grp = 0, usr_flg = 0,
		spatialprops =
		{
			pos = { 7.616237, 12.07408, -9.167693 },
			orient = { { -0.629552,  0.000000, -0.776959 },
					   { -0.423009,  0.838798,  0.342755 },
					   {  0.651712,  0.544442, -0.528067 } }
		},
		cameraprops =
		{
			fovh = 35,
			hvaspect = 1.333333,
			nearplane = 0.1,
			farplane = 100000
		}
	},

	{
		entity_name = "Zs/NPC/Trader/01/A/Stand",
		type = MARKER,
		template_name = "",
		lt_grp = 0, srt_grp = 0, usr_flg = 0,
		spatialprops =
		{
			pos = { 0.106143, 1.189782, -4.613074 },
			orient = { {  0.472066,  0.000000,  0.881563 },
					   {  0.000000,  1.000000,  0.000000 },
					   { -0.881563,  0.000000,  0.472066 } }
		}
	},

	{
		entity_name = "HPCan01",
		type = MARKER,
		template_name = "",
		lt_grp = 0, srt_grp = 0, usr_flg = 0,
		spatialprops =
		{
			pos = { -7.490575, 0, 15.87314 },
			orient = { { -0.006315,  0.000000,  0.999980 },
					   {  0.000000,  1.000000,  0.000000 },
					   { -0.999980,  0.000000, -0.006315 } }
		}
	},

	{
		entity_name = "HPCan02",
		type = MARKER,
		template_name = "",
		lt_grp = 0, srt_grp = 0, usr_flg = 0,
		spatialprops =
		{
			pos = { -7.294885, 0, 9.582261 },
			orient = { {  0.044302,  0.000000,  0.999018 },
					   {  0.000000,  1.000000,  0.000000 },
					   { -0.999018,  0.000000,  0.044302 } }
		}
	},

	{
		entity_name = "HPCan03",
		type = MARKER,
		template_name = "",
		lt_grp = 0, srt_grp = 0, usr_flg = 0,
		spatialprops =
		{
			pos = { -7.605589, 0, 3.139445 },
			orient = { {  0.025811,  0.000000,  0.999667 },
					   {  0.000000,  1.000000,  0.000000 },
					   { -0.999667,  0.000000,  0.025811 } }
		}
	},

	{
		entity_name = "HPCan04",
		type = MARKER,
		template_name = "",
		lt_grp = 0, srt_grp = 0, usr_flg = 0,
		spatialprops =
		{
			pos = { -7.33021, 0, -2.121679 },
			orient = { { -0.095865,  0.000000,  0.995394 },
					   {  0.000000,  1.000000,  0.000000 },
					   { -0.995394,  0.000000, -0.095865 } }
		}
	},

	{
		entity_name = "HPCan05",
		type = MARKER,
		template_name = "",
		lt_grp = 0, srt_grp = 0, usr_flg = 0,
		spatialprops =
		{
			pos = { -8.463895, 0, -8.70155 },
			orient = { {  0.092090,  0.000000,  0.995751 },
					   {  0.000000,  1.000000,  0.000000 },
					   { -0.995751,  0.000000,  0.092090 } }
		}
	},

	{
		entity_name = "HPCan06",
		type = MARKER,
		template_name = "",
		lt_grp = 0, srt_grp = 0, usr_flg = 0,
		spatialprops =
		{
			pos = { -10.41435, 8.922196, -2.379997 },
			orient = { {  0.092090,  0.000000,  0.995751 },
					   {  0.000000,  1.000000,  0.000000 },
					   { -0.995751,  0.000000,  0.092090 } }
		}
	},

	{
		entity_name = "Zg/NPC/mFloor2/01/A/Stand",
		type = MARKER,
		template_name = "",
		lt_grp = 0, srt_grp = 0, usr_flg = 0,
		spatialprops =
		{
			pos = { 4.706629, 0, 6.260191 },
			orient = { {  0.754881,  0.000000, -0.655862 },
					   {  0.000000,  1.000000,  0.000000 },
					   {  0.655862,  0.000000,  0.754881 } }
		}
	},

	{
		entity_name = "Zg/NPC/mFloor2/01/B/Stand",
		type = MARKER,
		template_name = "",
		lt_grp = 0, srt_grp = 0, usr_flg = 0,
		spatialprops =
		{
			pos = { 3.418019, 0, 6.279343 },
			orient = { {  0.607323,  0.000000,  0.794455 },
					   {  0.000000,  1.000000,  0.000000 },
					   { -0.794455,  0.000000,  0.607323 } }
		}
	},

	{
		entity_name = "Zg/NPC/mFloor2/02/A/Stand",
		type = MARKER,
		template_name = "",
		lt_grp = 0, srt_grp = 0, usr_flg = 0,
		spatialprops =
		{
			pos = { 0.621117, 1.155653, 7.452008 },
			orient = { {  0.995274,  0.000000, -0.097108 },
					   {  0.000000,  1.000000,  0.000000 },
					   {  0.097108,  0.000000,  0.995274 } }
		}
	},

	{
		entity_name = "Zg/NPC/mFloor2/02/B/Stand",
		type = MARKER,
		template_name = "",
		lt_grp = 0, srt_grp = 0, usr_flg = 0,
		spatialprops =
		{
			pos = { -0.628024, 1.155653, 7.04243 },
			orient = { {  0.490597,  0.000000,  0.871386 },
					   {  0.000000,  1.000000,  0.000000 },
					   { -0.871386,  0.000000,  0.490597 } }
		}
	},

	{
		entity_name = "Zs/NPC/mFloor2/01/AC2/Camera",
		type = CAMERA,
		template_name = "",
		lt_grp = 0, srt_grp = 0, usr_flg = 0,
		spatialprops =
		{
			pos = { 4.761393, 1.686204, 4.514607 },
			orient = { { -0.958744,  0.000000, -0.284270 },
					   { -0.052875,  0.982549,  0.178328 },
					   {  0.279309,  0.186001, -0.942014 } }
		},
		cameraprops =
		{
			fovh = 30,
			hvaspect = 1.85,
			nearplane = 0.2,
			farplane = 5000
		}
	},

	{
		entity_name = "Zs/NPC/mFloor2/01/ACOH/Camera",
		type = CAMERA,
		template_name = "",
		lt_grp = 0, srt_grp = 0, usr_flg = 0,
		spatialprops =
		{
			pos = { 4.038672, 1.707609, 5.087141 },
			orient = { { -0.950988,  0.000000,  0.309229 },
					   {  0.039006,  0.992013,  0.119957 },
					   { -0.306759,  0.126139, -0.943392 } }
		},
		cameraprops =
		{
			fovh = 25,
			hvaspect = 1.85,
			nearplane = 0.2,
			farplane = 5000
		}
	},

	{
		entity_name = "Zs/NPC/mFloor2/01/ACS/Camera",
		type = CAMERA,
		template_name = "",
		lt_grp = 0, srt_grp = 0, usr_flg = 0,
		spatialprops =
		{
			pos = { 4.175307, 1.683877, 5.435723 },
			orient = { { -0.921589,  0.000000,  0.388168 },
					   {  0.040837,  0.994451,  0.096955 },
					   { -0.386014,  0.105204, -0.916474 } }
		},
		cameraprops =
		{
			fovh = 25,
			hvaspect = 1.85,
			nearplane = 0.2,
			farplane = 5000
		}
	},

	{
		entity_name = "Zs/NPC/mFloor2/01/ACU/Camera",
		type = CAMERA,
		template_name = "",
		lt_grp = 0, srt_grp = 0, usr_flg = 0,
		spatialprops =
		{
			pos = { 4.279069, 1.674293, 5.563596 },
			orient = { { -0.917957,  0.000000,  0.396680 },
					   {  0.023454,  0.998251,  0.054274 },
					   { -0.395986,  0.059125, -0.916351 } }
		},
		cameraprops =
		{
			fovh = 25,
			hvaspect = 1.85,
			nearplane = 0.2,
			farplane = 5000
		}
	},

	{
		entity_name = "Zs/NPC/mFloor2/01/PC2/Camera",
		type = CAMERA,
		template_name = "",
		lt_grp = 0, srt_grp = 0, usr_flg = 0,
		spatialprops =
		{
			pos = { 5.581906, 1.615342, 5.357295 },
			orient = { { -0.412801, -0.000001, -0.910821 },
					   { -0.119987,  0.991285,  0.054380 },
					   {  0.902884,  0.131735, -0.409203 } }
		},
		cameraprops =
		{
			fovh = 25,
			hvaspect = 1.85,
			nearplane = 0.2,
			farplane = 5000
		}
	},

	{
		entity_name = "Zs/NPC/mFloor2/01/P2/Stand",
		type = MARKER,
		template_name = "",
		lt_grp = 0, srt_grp = 0, usr_flg = 0,
		spatialprops =
		{
			pos = { 3.981442, 0, 5.569332 },
			orient = { { -0.592433,  0.015698,  0.805467 },
					   {  0.024977,  0.999687, -0.001112 },
					   { -0.805233,  0.019459, -0.592640 } }
		}
	},

	{
		entity_name = "Zs/NPC/mFloor2/01/PCO/Camera",
		type = CAMERA,
		template_name = "",
		lt_grp = 0, srt_grp = 0, usr_flg = 0,
		spatialprops =
		{
			pos = { 5.147731, 1.706414, 6.180793 },
			orient = { {  0.230628,  0.000000, -0.973042 },
					   { -0.135832,  0.990209, -0.032194 },
					   {  0.963515,  0.139595,  0.228370 } }
		},
		cameraprops =
		{
			fovh = 25,
			hvaspect = 1.85,
			nearplane = 0.2,
			farplane = 5000
		}
	},

	{
		entity_name = "Zs/NPC/mFloor2/01/PCS/Camera",
		type = CAMERA,
		template_name = "",
		lt_grp = 0, srt_grp = 0, usr_flg = 0,
		spatialprops =
		{
			pos = { 4.968316, 1.704054, 6.013763 },
			orient = { {  0.201940,  0.000000, -0.979398 },
					   { -0.125897,  0.991704, -0.025959 },
					   {  0.971272,  0.128546,  0.200265 } }
		},
		cameraprops =
		{
			fovh = 25,
			hvaspect = 1.85,
			nearplane = 0.2,
			farplane = 5000
		}
	},

	{
		entity_name = "Zs/NPC/mFloor2/01/PCU/Camera",
		type = CAMERA,
		template_name = "",
		lt_grp = 0, srt_grp = 0, usr_flg = 0,
		spatialprops =
		{
			pos = { 4.686881, 1.733582, 5.905085 },
			orient = { {  0.244573,  0.000000, -0.969631 },
					   { -0.124430,  0.991732, -0.031385 },
					   {  0.961614,  0.128327,  0.242551 } }
		},
		cameraprops =
		{
			fovh = 25,
			hvaspect = 1.85,
			nearplane = 0.2,
			farplane = 5000
		}
	},

	{
		entity_name = "Zs/NPC/mFloor2/01/TCI/Camera",
		type = CAMERA,
		template_name = "",
		lt_grp = 0, srt_grp = 0, usr_flg = 0,
		spatialprops =
		{
			pos = { 3.981541, 2.205348, 5.059381 },
			orient = { { -0.895051,  0.000000,  0.445964 },
					   {  0.323011,  0.689486,  0.648285 },
					   { -0.307486,  0.724299, -0.617125 } }
		},
		cameraprops =
		{
			fovh = 15,
			hvaspect = 1.85,
			nearplane = 0.2,
			farplane = 5000
		}
	},

	{
		entity_name = "Zs/NPC/mFloor2/01/WFC/Camera",
		type = CAMERA,
		template_name = "",
		lt_grp = 0, srt_grp = 0, usr_flg = 0,
		spatialprops =
		{
			pos = { 6.249297, 0.360701, 4.340524 },
			orient = { { -0.469535,  0.000000, -0.882914 },
					   {  0.349742,  0.918197, -0.185994 },
					   {  0.810689, -0.396123, -0.431126 } }
		},
		cameraprops =
		{
			fovh = 30,
			hvaspect = 1.85,
			nearplane = 1,
			farplane = 5000
		}
	},

	{
		entity_name = "Zs/NPC/mFloor2/02/AC2/Camera",
		type = CAMERA,
		template_name = "",
		lt_grp = 0, srt_grp = 0, usr_flg = 0,
		spatialprops =
		{
			pos = { 1.654407, 2.835264, 6.029911 },
			orient = { { -0.616657,  0.000000, -0.787232 },
					   { -0.146426,  0.982549,  0.114699 },
					   {  0.773494,  0.186001, -0.605896 } }
		},
		cameraprops =
		{
			fovh = 30,
			hvaspect = 1.85,
			nearplane = 0.2,
			farplane = 5000
		}
	},

	{
		entity_name = "Zs/NPC/mFloor2/02/ACOH/Camera",
		type = CAMERA,
		template_name = "",
		lt_grp = 0, srt_grp = 0, usr_flg = 0,
		spatialprops =
		{
			pos = { 0.835497, 2.931339, 6.067174 },
			orient = { { -0.936332,  0.000000, -0.351116 },
					   { -0.074486,  0.977239,  0.198633 },
					   {  0.343124,  0.212140, -0.915021 } }
		},
		cameraprops =
		{
			fovh = 25,
			hvaspect = 1.85,
			nearplane = 0.2,
			farplane = 5000
		}
	},

	{
		entity_name = "Zs/NPC/mFloor2/02/ACS/Camera",
		type = CAMERA,
		template_name = "",
		lt_grp = 0, srt_grp = 0, usr_flg = 0,
		spatialprops =
		{
			pos = { 0.736395, 2.820428, 6.472649 },
			orient = { { -0.962068,  0.000000, -0.272808 },
					   { -0.022766,  0.996512,  0.080285 },
					   {  0.271857,  0.083450, -0.958713 } }
		},
		cameraprops =
		{
			fovh = 25,
			hvaspect = 1.85,
			nearplane = 0.2,
			farplane = 5000
		}
	},

	{
		entity_name = "Zs/NPC/mFloor2/02/ACU/Camera",
		type = CAMERA,
		template_name = "",
		lt_grp = 0, srt_grp = 0, usr_flg = 0,
		spatialprops =
		{
			pos = { 0.752384, 2.833098, 6.642779 },
			orient = { { -0.958536,  0.000000, -0.284971 },
					   { -0.019322,  0.997699,  0.064992 },
					   {  0.284315,  0.067804, -0.956330 } }
		},
		cameraprops =
		{
			fovh = 25,
			hvaspect = 1.85,
			nearplane = 0.2,
			farplane = 5000
		}
	},

	{
		entity_name = "Zs/NPC/mFloor2/02/P2/Stand",
		type = MARKER,
		template_name = "",
		lt_grp = 0, srt_grp = 0, usr_flg = 0,
		spatialprops =
		{
			pos = { 0.434892, 1.155653, 6.50081 },
			orient = { { -0.886904,  0.002945,  0.461945 },
					   { -0.009520,  0.999651, -0.024650 },
					   { -0.461856, -0.026260, -0.886566 } }
		}
	},

	{
		entity_name = "Zs/NPC/mFloor2/02/PC2/Camera",
		type = CAMERA,
		template_name = "",
		lt_grp = 0, srt_grp = 0, usr_flg = 0,
		spatialprops =
		{
			pos = { 2.157819, 2.811639, 7.281845 },
			orient = { {  0.191348,  0.000000, -0.981522 },
					   { -0.129300,  0.991285, -0.025208 },
					   {  0.972968,  0.131735,  0.189681 } }
		},
		cameraprops =
		{
			fovh = 25,
			hvaspect = 1.85,
			nearplane = 0.2,
			farplane = 5000
		}
	},

	{
		entity_name = "Zs/NPC/mFloor2/02/PCO/Camera",
		type = CAMERA,
		template_name = "",
		lt_grp = 0, srt_grp = 0, usr_flg = 0,
		spatialprops =
		{
			pos = { 1.103384, 2.865236, 7.607584 },
			orient = { {  0.725047,  0.000000, -0.688699 },
					   { -0.105043,  0.988300, -0.110587 },
					   {  0.680641,  0.152524,  0.716564 } }
		},
		cameraprops =
		{
			fovh = 25,
			hvaspect = 1.85,
			nearplane = 0.2,
			farplane = 5000
		}
	},

	{
		entity_name = "Zs/NPC/mFloor2/02/PCS/Camera",
		type = CAMERA,
		template_name = "",
		lt_grp = 0, srt_grp = 0, usr_flg = 0,
		spatialprops =
		{
			pos = { 1.027744, 2.885735, 7.25697 },
			orient = { {  0.701324,  0.000000, -0.712843 },
					   { -0.107047,  0.988660, -0.105317 },
					   {  0.704760,  0.150168,  0.693371 } }
		},
		cameraprops =
		{
			fovh = 25,
			hvaspect = 1.85,
			nearplane = 0.2,
			farplane = 5000
		}
	},

	{
		entity_name = "Zs/NPC/mFloor2/02/PCU/Camera",
		type = CAMERA,
		template_name = "",
		lt_grp = 0, srt_grp = 0, usr_flg = 0,
		spatialprops =
		{
			pos = { 0.906748, 2.90846, 7.151337 },
			orient = { {  0.732053,  0.000000, -0.681248 },
					   { -0.113855,  0.985935, -0.122346 },
					   {  0.671666,  0.167128,  0.721757 } }
		},
		cameraprops =
		{
			fovh = 25,
			hvaspect = 1.85,
			nearplane = 0.2,
			farplane = 5000
		}
	},

	{
		entity_name = "Zs/NPC/mFloor2/02/TCI/Camera",
		type = CAMERA,
		template_name = "",
		lt_grp = 0, srt_grp = 0, usr_flg = 0,
		spatialprops =
		{
			pos = { 0.725986, 3.361001, 6.053187 },
			orient = { { -0.987886,  0.000000, -0.155182 },
					   { -0.112398,  0.689486,  0.715525 },
					   {  0.106996,  0.724299, -0.681133 } }
		},
		cameraprops =
		{
			fovh = 15,
			hvaspect = 1.85,
			nearplane = 0.2,
			farplane = 5000
		}
	},

	{
		entity_name = "Zs/NPC/mFloor2/02/WFC/Camera",
		type = CAMERA,
		template_name = "",
		lt_grp = 0, srt_grp = 0, usr_flg = 0,
		spatialprops =
		{
			pos = { 5.523336, 0.131247, 4.052063 },
			orient = { { -0.669433,  0.000000, -0.742872 },
					   {  0.311600,  0.907777, -0.280796 },
					   {  0.674363, -0.419453, -0.607696 } }
		},
		cameraprops =
		{
			fovh = 30,
			hvaspect = 1.85,
			nearplane = 1,
			farplane = 5000
		}
	},

	{
		entity_name = "LtGlareSource",
		type = LIGHT,
		template_name = "",
		lt_grp = 0, srt_grp = 0, usr_flg = 0,
		spatialprops =
		{
			pos = { 4.294756, 13.4, -12.15121 },
			orient = { {  1.000000,  0.000000,  0.000000 },
					   {  0.000000,  0.000000,  1.000000 },
					   {  0.000000, -1.000000,  0.000000 } }
		},
		lightprops =
		{
			on = N,
			color = { 255, 255, 255 },
			diffuse = { 0.164706, 0.164706, 0.164706 },
			specular = { 0, 0, 0 },
			ambient = { 0, 0, 0 },
			direction = { 0, 0, 1 },
			range = 2000,
			cutoff = 98.99998,
			type = L_POINT,
			theta = 90,
			atten = { 1, 0, 4e-006 }
		}
	},

	{
		entity_name = "Marker_Torch_Placement_01",
		type = MARKER,
		template_name = "",
		lt_grp = 0, srt_grp = 0, usr_flg = 0,
		spatialprops =
		{
			pos = { -1.412944, 2.977241, -4.815747 },
			orient = { { 1, 0, 0 }, { 0, 1, 0 }, { 0, 0, 1 } }
		}
	},

	{
		entity_name = "Marker_Torch_Placement_02",
		type = MARKER,
		template_name = "",
		lt_grp = 0, srt_grp = 0, usr_flg = 0,
		spatialprops =
		{
			pos = { 1.579615, 2.977241, -4.815747 },
			orient = { { 1, 0, 0 }, { 0, 1, 0 }, { 0, 0, 1 } }
		}
	},

	{
		entity_name = "Marker_Torch_Placement_03",
		type = MARKER,
		template_name = "",
		lt_grp = 0, srt_grp = 0, usr_flg = 0,
		spatialprops =
		{
			pos = { 1.579615, 2.977241, -3.588135 },
			orient = { { 1, 0, 0 }, { 0, 1, 0 }, { 0, 0, 1 } }
		}
	},

	{
		entity_name = "Marker_Torch_Placement_04",
		type = MARKER,
		template_name = "",
		lt_grp = 0, srt_grp = 0, usr_flg = 0,
		spatialprops =
		{
			pos = { -1.382896, 2.977241, -3.588135 },
			orient = { { 1, 0, 0 }, { 0, 1, 0 }, { 0, 0, 1 } }
		}
	},

	{
		entity_name = "Zs/NPC/mFloor2/01/P/Stand",
		type = MARKER,
		template_name = "",
		lt_grp = 0, srt_grp = 0, usr_flg = 0,
		spatialprops =
		{
			pos = { 3.544852, 0.005205, 5.29827 },
			orient = { { -0.592433,  0.015698,  0.805467 },
					   {  0.024977,  0.999687, -0.001112 },
					   { -0.805233,  0.019459, -0.592640 } }
		}
	},

	{
		entity_name = "Zs/NPC/mFloor2/02/P/Stand",
		type = MARKER,
		template_name = "",
		lt_grp = 0, srt_grp = 0, usr_flg = 0,
		spatialprops =
		{
			pos = { 0.162504, 1.136921, 6.065418 },
			orient = { { -0.886904,  0.002945,  0.461945 },
					   { -0.009520,  0.999651, -0.024650 },
					   { -0.461856, -0.026260, -0.886566 } }
		}
	},

	{
		entity_name = "Zg/PC/Player/01/A/Stand",
		type = MARKER,
		template_name = "",
		lt_grp = 0, srt_grp = 0, usr_flg = 0,
		spatialprops =
		{
			pos = { 2.474247, 1.176319, -6.128752 },
			orient = { { -0.253560,  0.000000, -0.967320 },
					   {  0.000000,  1.000000,  0.000000 },
					   {  0.967320,  0.000000, -0.253560 } }
		}
	},

	{
		entity_name = "Camera_0",
		type = CAMERA,
		template_name = "",
		lt_grp = 0, srt_grp = 0, usr_flg = 0,
		spatialprops =
		{
			pos = { 4.404093, 3.411451, -12.40429 },
			orient = { { -0.918001,  0.000000, -0.396578 },
					   { -0.000776,  0.999998,  0.001796 },
					   {  0.396577,  0.001956, -0.917999 } }
		},
		cameraprops =
		{
			fovh = 30,
			hvaspect = 1.333333,
			nearplane = 0.1,
			farplane = 100000
		}
	},

	{
		entity_name = "Bin_machines_2_1",
		type = COMPOUND,
		template_name = "StackBlue_manufgoods",
		lt_grp = 3, srt_grp = 0, usr_flg = 0,
		flags = LIT_DYNAMIC,
		spatialprops =
		{
			pos = { -7.490557, 0.387912, 15.87314 },
			orient = { { -0.006315,  0.000000,  0.999980 },
					   {  0.000000,  1.000000,  0.000000 },
					   { -0.999980,  0.000000, -0.006315 } }
		},
		userprops =
		{
			category = "Equipment",
			Priority = "Bin_1",
		}
	},

	{
		entity_name = "Bin_machines_2_2",
		type = COMPOUND,
		template_name = "StackBlue_manufgoods",
		lt_grp = 3, srt_grp = 0, usr_flg = 0,
		flags = LIT_DYNAMIC,
		spatialprops =
		{
			pos = { -7.450499, 0.379494, 9.52971 },
			orient = { { -0.006315,  0.000000,  0.999980 },
					   {  0.000000,  1.000000,  0.000000 },
					   { -0.999980,  0.000000, -0.006315 } }
		},
		userprops =
		{
			category = "Equipment",
			Priority = "Bin_1",
		}
	},

	{
		entity_name = "Bin_machines_2_3",
		type = COMPOUND,
		template_name = "Stackwhite_liquidgas",
		lt_grp = 3, srt_grp = 0, usr_flg = 0,
		flags = LIT_DYNAMIC,
		spatialprops =
		{
			pos = { -7.410129, 0.378768, 3.13695 },
			orient = { { -0.006315,  0.000000,  0.999980 },
					   {  0.000000,  1.000000,  0.000000 },
					   { -0.999980,  0.000000, -0.006315 } }
		},
		userprops =
		{
			category = "Equipment",
			Priority = "Bin_1",
		}
	},

	{
		entity_name = "Bin_machines_2_4",
		type = COMPOUND,
		template_name = "StackGrey_hivalue",
		lt_grp = 3, srt_grp = 0, usr_flg = 0,
		flags = LIT_DYNAMIC,
		spatialprops =
		{
			pos = { -7.372199, 0.379813, -2.869319 },
			orient = { { -0.006315,  0.000000,  0.999980 },
					   {  0.000000,  1.000000,  0.000000 },
					   { -0.999980,  0.000000, -0.006315 } }
		},
		userprops =
		{
			category = "Equipment",
			Priority = "Bin_1",
		}
	},

	{
		entity_name = "Bin_machines_2_5",
		type = COMPOUND,
		template_name = "Stackred_lightgoods",
		lt_grp = 3, srt_grp = 0, usr_flg = 0,
		flags = LIT_DYNAMIC,
		spatialprops =
		{
			pos = { -7.336696, 0.384027, -8.491368 },
			orient = { { -0.006315,  0.000000,  0.999980 },
					   {  0.000000,  1.000000,  0.000000 },
					   { -0.999980,  0.000000, -0.006315 } }
		},
		userprops =
		{
			category = "Equipment",
			Priority = "Bin_1",
		}
	},

	{
		entity_name = "Bin_machines_2_6",
		type = COMPOUND,
		template_name = "StackBlue_manufgoods",
		lt_grp = 3, srt_grp = 0, usr_flg = 0,
		flags = LIT_DYNAMIC,
		spatialprops =
		{
			pos = { -10.41434, 10.22861, -2.379997 },
			orient = { {  0.092090,  0.000000,  0.995751 },
					   {  0.000000,  1.000000,  0.000000 },
					   { -0.995751,  0.000000,  0.092090 } }
		},
		userprops =
		{
			category = "Equipment",
			Priority = "Bin_1",
		}
	},

	{
		entity_name = "Bin_machines_2_7",
		type = COMPOUND,
		template_name = "StackBlue_manufgoods",
		lt_grp = 3, srt_grp = 0, usr_flg = 0,
		flags = LIT_DYNAMIC,
		spatialprops =
		{
			pos = { -10.956, 10.22861, -8.236896 },
			orient = { {  0.092090,  0.000000,  0.995751 },
					   {  0.000000,  1.000000,  0.000000 },
					   { -0.995751,  0.000000,  0.092090 } }
		},
		userprops =
		{
			category = "Equipment",
			Priority = "Bin_1",
		}
	},

	{
		entity_name = "Bin_machines_2_8",
		type = COMPOUND,
		template_name = "StackBlue_manufgoods",
		lt_grp = 3, srt_grp = 0, usr_flg = 0,
		flags = LIT_DYNAMIC,
		spatialprops =
		{
			pos = { -10.34758, 10.22861, 4.434706 },
			orient = { {  0.092090,  0.000000,  0.995751 },
					   {  0.000000,  1.000000,  0.000000 },
					   { -0.995751,  0.000000,  0.092090 } }
		},
		userprops =
		{
			category = "Equipment",
			Priority = "Bin_1",
		}
	},

	{
		entity_name = "Bin_machines_2_9",
		type = COMPOUND,
		template_name = "StackBlue_manufgoods",
		lt_grp = 3, srt_grp = 0, usr_flg = 0,
		flags = LIT_DYNAMIC,
		spatialprops =
		{
			pos = { -10.35408, 10.22861, 10.37002 },
			orient = { {  0.092090,  0.000000,  0.995751 },
					   {  0.000000,  1.000000,  0.000000 },
					   { -0.995751,  0.000000,  0.092090 } }
		},
		userprops =
		{
			category = "Equipment",
			Priority = "Bin_1",
		}
	},

	{
		entity_name = "Zs/NPC/Trader/01/AC2/Camera",
		type = CAMERA,
		template_name = "",
		lt_grp = 0, srt_grp = 0, usr_flg = 0,
		spatialprops =
		{
			pos = { 0.306811, 2.761573, -8.559774 },
			orient = { { -0.941997,  0.000000,  0.335622 },
					   {  0.039155,  0.993172,  0.109896 },
					   { -0.333330,  0.116663, -0.935564 } }
		},
		cameraprops =
		{
			fovh = 30,
			hvaspect = 1.85,
			nearplane = 0.2,
			farplane = 5000
		}
	},

	{
		entity_name = "Zs/NPC/Trader/01/ACOH/Camera",
		type = CAMERA,
		template_name = "",
		lt_grp = 0, srt_grp = 0, usr_flg = 0,
		spatialprops =
		{
			pos = { 3.037128, 2.968429, -7.299732 },
			orient = { { -0.771621,  0.000000, -0.636082 },
					   { -0.113723,  0.983888,  0.137955 },
					   {  0.625833,  0.178786, -0.759189 } }
		},
		cameraprops =
		{
			fovh = 25,
			hvaspect = 1.85,
			nearplane = 0.2,
			farplane = 5000
		}
	},

	{
		entity_name = "Zs/NPC/Trader/01/ACS/Camera",
		type = CAMERA,
		template_name = "",
		lt_grp = 0, srt_grp = 0, usr_flg = 0,
		spatialprops =
		{
			pos = { 1.570529, 2.696834, -5.812363 },
			orient = { { -0.725659,  0.000000, -0.688055 },
					   { -0.022878,  0.999447,  0.024129 },
					   {  0.687674,  0.033251, -0.725257 } }
		},
		cameraprops =
		{
			fovh = 25,
			hvaspect = 1.85,
			nearplane = 0.2,
			farplane = 5000
		}
	},

	{
		entity_name = "Zs/NPC/Trader/01/P/Stand",
		type = MARKER,
		template_name = "",
		lt_grp = 0, srt_grp = 0, usr_flg = 0,
		spatialprops =
		{
			pos = { 3.875332, 1.189782, -6.330791 },
			orient = { { -0.105748,  0.000000, -0.994393 },
					   {  0.000000,  1.000000,  0.000000 },
					   {  0.994393,  0.000000, -0.105748 } }
		}
	},

	{
		entity_name = "Zs/NPC/Trader/01/P2/Stand",
		type = MARKER,
		template_name = "",
		lt_grp = 0, srt_grp = 0, usr_flg = 0,
		spatialprops =
		{
			pos = { 2.474247, 1.176319, -6.128752 },
			orient = { { -0.253560,  0.000000, -0.967320 },
					   {  0.000000,  1.000000,  0.000000 },
					   {  0.967320,  0.000000, -0.253560 } }
		}
	},

	{
		entity_name = "Zs/NPC/Trader/01/PC2/Camera",
		type = CAMERA,
		template_name = "",
		lt_grp = 0, srt_grp = 0, usr_flg = 0,
		spatialprops =
		{
			pos = { -1.471167, 2.864244, -6.91982 },
			orient = { { -0.530091,  0.000000,  0.847941 },
					   {  0.158704,  0.982329,  0.099214 },
					   { -0.832956,  0.187164, -0.520724 } }
		},
		cameraprops =
		{
			fovh = 30,
			hvaspect = 1.85,
			nearplane = 0.2,
			farplane = 5000
		}
	},

	{
		entity_name = "Zs/NPC/Trader/01/PCO/Camera",
		type = CAMERA,
		template_name = "",
		lt_grp = 0, srt_grp = 0, usr_flg = 0,
		spatialprops =
		{
			pos = { -1.275418, 3.016338, -4.758486 },
			orient = { {  0.066659,  0.000000,  0.997776 },
					   {  0.195581,  0.980601, -0.013066 },
					   { -0.978420,  0.196017,  0.065366 } }
		},
		cameraprops =
		{
			fovh = 25,
			hvaspect = 1.85,
			nearplane = 0.2,
			farplane = 5000
		}
	},

	{
		entity_name = "Zs/NPC/Trader/01/PCS/Camera",
		type = CAMERA,
		template_name = "",
		lt_grp = 0, srt_grp = 0, usr_flg = 0,
		spatialprops =
		{
			pos = { 0.751424, 2.742276, -5.940248 },
			orient = { { -0.024675,  0.000000,  0.999696 },
					   {  0.068669,  0.997638,  0.001695 },
					   { -0.997334,  0.068690, -0.024617 } }
		},
		cameraprops =
		{
			fovh = 25,
			hvaspect = 1.85,
			nearplane = 0.2,
			farplane = 5000
		}
	}
};

events =
{
};
