duration = 14.687;

entities =
{

	{
		entity_name = "Layer_Br_04_deck_Launch",
		type = SCENE,
		template_name = "",
		lt_grp = 0, srt_grp = 0, usr_flg = 0,
		spatialprops =
		{
			pos = { 0, 0, 0 },
			orient = { { 1, 0, 0 }, { 0, 1, 0 }, { 0, 0, 1 } }
		},
		up = Y_AXIS,
		front = Z_AXIS,
		ambient = { 128, 128, 128 }
	},

	{
		entity_name = "PlayerShip",
		type = COMPOUND,
		template_name = "PlayerShip",
		lt_grp = 3, srt_grp = 0, usr_flg = 0,
		flags = LIT_DYNAMIC,
		spatialprops =
		{
			pos = { 0.441345, -2.719611, 1.088021 },
			orient = { { -0.350949,  0.000000,  0.936395 },
					   {  0.000000,  1.000000,  0.000000 },
					   { -0.936395,  0.000000, -0.350949 } }
		},
		userprops =
		{
			category = "Spaceship",
		}
	},

	{
		entity_name = "Marker_Offset",
		type = MARKER,
		template_name = "",
		lt_grp = 0, srt_grp = 0, usr_flg = 0,
		spatialprops =
		{
			pos = { 0.441345, -2.719611, 1.088021 },
			orient = { { -0.350949,  0.000000,  0.936395 },
					   {  0.000000,  1.000000,  0.000000 },
					   { -0.936395,  0.000000, -0.350949 } }
		}
	},

	{
		entity_name = "Mk_Shipcentre_ref",
		type = MARKER,
		template_name = "",
		lt_grp = 0, srt_grp = 0, usr_flg = 0,
		spatialprops =
		{
			pos = { 0.441345, -2.719611, 1.088021 },
			orient = { { -0.350949,  0.000000,  0.936395 },
					   {  0.000000,  1.000000,  0.000000 },
					   { -0.936395,  0.000000, -0.350949 } }
		}
	},

	{
		entity_name = "Mk_takeoff_target",
		type = MARKER,
		template_name = "",
		lt_grp = 0, srt_grp = 0, usr_flg = 0,
		spatialprops =
		{
			pos = { 0.441345, 0, 1.08802 },
			orient = { {  1.000000,  0.000000,  0.000112 },
					   {  0.000000,  1.000000,  0.000000 },
					   { -0.000112,  0.000000,  1.000000 } }
		}
	},

	{
		entity_name = "Mk_Chase",
		type = MARKER,
		template_name = "",
		lt_grp = 0, srt_grp = 0, usr_flg = 0,
		spatialprops =
		{
			pos = { 0.441345, -2.719611, 1.088021 },
			orient = { { -0.350949,  0.000000,  0.936394 },
					   {  0.000000,  1.000000,  0.000000 },
					   { -0.936394,  0.000000, -0.350949 } }
		}
	},

	{
		entity_name = "Mk_Final_Destination",
		type = MARKER,
		template_name = "",
		lt_grp = 0, srt_grp = 0, usr_flg = 0,
		spatialprops =
		{
			pos = { 0.441345, 0, -66.99329 },
			orient = { {  1.000000,  0.000000,  0.000112 },
					   {  0.000000,  1.000000,  0.000000 },
					   { -0.000112,  0.000000,  1.000000 } }
		}
	},

	{
		entity_name = "Camera_ShipLaunch_01",
		type = CAMERA,
		template_name = "",
		lt_grp = 0, srt_grp = 0, usr_flg = 0,
		spatialprops =
		{
			pos = { -5.067054, 12.97968, 27.39725 },
			orient = { {  0.964935,  0.000000,  0.262489 },
					   {  0.087480,  0.942831, -0.321585 },
					   { -0.247483,  0.333271,  0.909771 } }
		},
		cameraprops =
		{
			fovh = 32,
			hvaspect = 1.85,
			nearplane = 0.1,
			farplane = 100000
		}
	},

	{
		entity_name = "Camera_ShipLaunch_03",
		type = CAMERA,
		template_name = "",
		lt_grp = 0, srt_grp = 0, usr_flg = 0,
		spatialprops =
		{
			pos = { -21.04312, 2.099041, -20.37051 },
			orient = { { -0.083276,  0.000000,  0.996527 },
					   { -0.245868,  0.969086, -0.020546 },
					   { -0.965719, -0.246725, -0.080701 } }
		},
		cameraprops =
		{
			fovh = 32,
			hvaspect = 1.85,
			nearplane = 0.1,
			farplane = 100000
		}
	},

	{
		entity_name = "Monitor",
		type = MONITOR,
		template_name = "",
		lt_grp = 0, srt_grp = 0, usr_flg = 0
	},

	{
		entity_name = "Camera_ShipLaunch_04",
		type = CAMERA,
		template_name = "",
		lt_grp = 0, srt_grp = 0, usr_flg = 0,
		spatialprops =
		{
			pos = { -15.30268, 2.679605, -16.52562 },
			orient = { {  0.925695,  0.000000,  0.378271 },
					   { -0.043268,  0.993437,  0.105886 },
					   { -0.375788, -0.114385,  0.919619 } }
		},
		cameraprops =
		{
			fovh = 32,
			hvaspect = 1.85,
			nearplane = 0.1,
			farplane = 100000
		}
	},

	{
		entity_name = "PlayerShipEngines_1",
		type = PSYS,
		template_name = "PlayerShipEngines",
		lt_grp = 0, srt_grp = 0, usr_flg = 0,
		flags = LIT_DYNAMIC + LIT_AMBIENT,
		spatialprops =
		{
			pos = { 0, 0, 0 },
			orient = { { 1, 0, 0 }, { 0, 1, 0 }, { 0, 0, 1 } }
		},
		psysprops =
		{
			sparam = 0
		}
	},

	{
		entity_name = "Camera_0",
		type = CAMERA,
		template_name = "",
		lt_grp = 0, srt_grp = 0, usr_flg = 0,
		flags = REFERENCE,
		spatialprops =
		{
			pos = { 0, 0, 0 },
			orient = { { 1, 0, 0 }, { 0, 1, 0 }, { 0, 0, 1 } }
		},
		cameraprops =
		{
			fovh = 60,
			hvaspect = 1.333333,
			nearplane = 0.1,
			farplane = 100000
		}
	},

	{
		entity_name = "X/Shipcentre/01",
		type = MARKER,
		template_name = "",
		lt_grp = 0, srt_grp = 0, usr_flg = 0,
		flags = REFERENCE,
		spatialprops =
		{
			pos = { 0, 0, 0 },
			orient = { { 1, 0, 0 }, { 0, 1, 0 }, { 0, 0, 1 } }
		}
	},

	{
		entity_name = "PlayerShip_engine_playership_1",
		type = SOUND,
		template_name = "engine_playership",
		lt_grp = 0, srt_grp = 0, usr_flg = 0,
		flags = SPATIAL,
		spatialprops =
		{
			pos = { 0, 0, 0 },
			orient = { { 1, 0, 0 }, { 0, 1, 0 }, { 0, 0, 1 } }
		},
		audioprops =
		{
			attenuation = 0,
			pan = 0,
			dmin = 50,
			dmax = 1000,
			ain = 360,
			aout = 360,
			atout = 0,
			rmix = 0,
		},
		userprops =
		{
			category = "Audio",
		}
	},

	{
		entity_name = "Char_Trent",
		type = DEFORMABLE,
		template_name = "trent",
		lt_grp = 0, srt_grp = 0, usr_flg = 0,
		flags = LIT_DYNAMIC + LIT_AMBIENT,
		spatialprops =
		{
			pos = { 0, 0, 0 },
			orient = { { 1, 0, 0 }, { 0, 1, 0 }, { 0, 0, 1 } }
		},
		compoundprops =
		{
			floor_height = 0
		},
		userprops =
		{
			Actor = "Player",
			category = "Character",
		}
	},

	{
		entity_name = "Char_Mk_Offset",
		type = MARKER,
		template_name = "",
		lt_grp = 0, srt_grp = 0, usr_flg = 0,
		spatialprops =
		{
			pos = { 39.3707, 0, -35.78008 },
			orient = { { 1, 0, 0 }, { 0, 1, 0 }, { 0, 0, 1 } }
		}
	},

	{
		entity_name = "Camera_ShipLaunch_02",
		type = CAMERA,
		template_name = "",
		lt_grp = 0, srt_grp = 0, usr_flg = 0,
		spatialprops =
		{
			pos = { -16.46481, 14.46839, 21.0738 },
			orient = { {  0.860551,  0.000000,  0.509364 },
					   {  0.177947,  0.936992, -0.300634 },
					   { -0.477270,  0.349351,  0.806330 } }
		},
		cameraprops =
		{
			fovh = 32,
			hvaspect = 1.85,
			nearplane = 0.1,
			farplane = 100000
		}
	}
};

events =
{
	{
		0.000, START_SPATIAL_PROP_ANIM, { "Marker_Offset", "Mk_Chase" },
		{
			duration = 15.375,
			target_part = "",
			target_type = ROOT,
			spatialprops =
			{
				pos = { 0.441345, -2.719611, 1.088021 },
				q_orient = { -0.350948, 0, 0.936395, 0 }
			}
		}
	},

	{
		0.000, START_SPATIAL_PROP_ANIM, { "Mk_Chase", "Mk_takeoff_target" },
		{
			duration = 4.000,
			target_part = "",
			target_type = ROOT,
			spatialprops =
			{
				pos = { 0.441345, 0, 1.08802 }
			},
			param_curve =
			{
				CLSID = "FreeFormPCurve",
				points =
				{
					{  0.000000,  0.000000,  0.000000,  0.000000 },
					{  1.000000,  1.000000,  0.000000,  0.000000 },
				}
			},
			pcurve_period = -1
		}
	},

	{
		0.000, SET_CAMERA, { "Monitor", "Camera_ShipLaunch_01" }
	},

	{
		0.000, ATTACH_ENTITY, { "PlayerShipEngines_1", "PlayerShip" },
		{
			duration = 16.000,
			offset = { 0, 0, 0 },
			up = Y_AXIS,
			front = NEG_Z_AXIS,
			target_part = "HpEngine01",
			target_type = HARDPOINT,
			flags = POSITION + ORIENTATION
		}
	},

	{
		0.000, START_PSYS, { "PlayerShipEngines_1" },
		{
			duration = 16.000
		}
	},

	{
		0.000, ATTACH_ENTITY, { "PlayerShip_engine_playership_1", "PlayerShip" },
		{
			duration = 16.312,
			offset = { 0, 0, 0 },
			up = Y_AXIS,
			front = NEG_Z_AXIS,
			target_part = "HpEngine01",
			target_type = HARDPOINT,
			flags = POSITION + ORIENTATION + ENTITY_RELATIVE
		}
	},

	{
		0.000, START_SOUND, { "PlayerShip_engine_playership_1" },
		{
			duration = 15.937,
			flags = LOOP
		}
	},

	{
		0.000, ATTACH_ENTITY, { "Char_Trent", "Char_Mk_Offset" },
		{
			duration = 0.000,
			offset = { 0, 0, 0 },
			up = Y_AXIS,
			front = NEG_Z_AXIS,
			target_part = "",
			target_type = ROOT,
			flags = POSITION
		}
	},

	{
		0.000, START_SPATIAL_PROP_ANIM, { "Camera_ShipLaunch_01", "Camera_ShipLaunch_02" },
		{
			duration = 8.812,
			target_part = "",
			target_type = ROOT,
			spatialprops =
			{
				pos = { -16.46481, 14.46839, 21.0738 },
				q_orient = { 0.860551, 0, 0.509364, 0.177947 }
			},
			param_curve =
			{
				CLSID = "FreeFormPCurve",
				points =
				{
					{  0.000000,  0.000000,  0.000000,  0.000000 },
					{  1.000000,  1.000000,  0.000000,  0.000000 },
				}
			},
			pcurve_period = -1000
		}
	},

	{
		0.000, ATTACH_ENTITY, { "PlayerShip", "Marker_Offset" },
		{
			duration = 16.000,
			offset = { 0, 5.69, 0.99 },
			up = Y_AXIS,
			front = NEG_Z_AXIS,
			target_part = "",
			target_type = ROOT,
			flags = POSITION + ORIENTATION
		}
	},

	{
		1.187, START_SPATIAL_PROP_ANIM, { "Marker_Offset", "Mk_Chase" },
		{
			duration = 3.468,
			target_part = "",
			target_type = ROOT,
			spatialprops =
			{
				pos = { 0.441345, 0, 1.08802 }
			},
			param_curve =
			{
				CLSID = "FreeFormPCurve",
				points =
				{
					{  0.000000,  0.000000,  0.000000,  0.000000 },
					{  1.000000,  1.000000,  0.000000,  0.000000 },
				}
			},
			pcurve_period = -1
		}
	},

	{
		2.750, START_SPATIAL_PROP_ANIM, { "Marker_Offset", "Mk_Chase" },
		{
			duration = 4.843,
			target_part = "",
			target_type = ROOT,
			spatialprops =
			{
				q_orient = { 1, 0, -0.000224, 0 }
			},
			param_curve =
			{
				CLSID = "FreeFormPCurve",
				points =
				{
					{  0.000000,  0.000000,  0.000000,  1.529412 },
					{  1.000000,  1.000000,  0.000000,  0.000000 },
				}
			},
			pcurve_period = -1
		}
	},

	{
		3.031, START_SPATIAL_PROP_ANIM, { "Mk_Chase", "Mk_takeoff_target" },
		{
			duration = 2.312,
			target_part = "",
			target_type = ROOT,
			spatialprops =
			{
				q_orient = { 1, 0, -0.000224, 0 }
			}
		}
	},

	{
		6.750, START_SPATIAL_PROP_ANIM, { "Mk_Chase", "Mk_Final_Destination" },
		{
			duration = 2.781,
			target_part = "",
			target_type = ROOT,
			spatialprops =
			{
				pos = { 0.441345, 0, -66.99329 },
				q_orient = { 1, 0, -0.000224, 0 }
			},
			param_curve =
			{
				CLSID = "FreeFormPCurve",
				points =
				{
					{  0.000000,  0.000000,  0.000000,  0.000000 },
					{  1.000000,  1.000000,  0.000000,  0.000000 },
				}
			},
			pcurve_period = -1
		}
	},

	{
		8.843, SET_CAMERA, { "Monitor", "Camera_ShipLaunch_03" }
	},

	{
		9.125, START_SPATIAL_PROP_ANIM, { "Camera_ShipLaunch_03", "Camera_ShipLaunch_04" },
		{
			duration = 5.187,
			target_part = "",
			target_type = ROOT,
			spatialprops =
			{
				pos = { -15.30268, 2.679605, -16.52562 },
				q_orient = { 0.71062, -0.079956, -0.699018, 0.079956 }
			},
			param_curve =
			{
				CLSID = "FreeFormPCurve",
				points =
				{
					{  0.000000,  0.000000,  0.000000,  0.000000 },
					{  1.000000,  1.000000,  0.000000,  0.000000 },
				}
			},
			pcurve_period = -1000
		}
	}
};
