duration = 59.062;

entities =
{

	{
		entity_name = "Layer_br_02_City_Traffic",
		type = SCENE,
		template_name = "",
		lt_grp = 0, srt_grp = 0, usr_flg = 0,
		spatialprops =
		{
			pos = { 0, 0, 0 },
			orient = { { 1, 0, 0 }, { 0, 1, 0 }, { 0, 0, 1 } }
		},
		up = Y_AXIS,
		front = Z_AXIS,
		ambient = { 0, 0, 0 }
	},

	{
		entity_name = "Traffic_Zone_1_Top",
		type = MOTION_PATH,
		template_name = "",
		lt_grp = 0, srt_grp = 0, usr_flg = 0,
		spatialprops =
		{
			pos = { 59.24515, 3.843835, -90.60107 },
			orient = { {  0.494974,  0.099937, -0.863142 },
					   { -0.004893,  0.993669,  0.112244 },
					   {  0.868894, -0.051334,  0.492329 } }
		},
		pathprops =
		{
			path_type = "CV_CROrientationSplinePath",
			path_data = "OPEN,{-4.999948,95.105965,-705.447266}, {0.002720,0.000100,0.999315,-0.036917}, {-27.640802,173.295425,402.713654}, {0.020380,-0.000737,0.999139,-0.036141}, "
		}
	},

	{
		entity_name = "Traffic_Zone_1_Bottom",
		type = MOTION_PATH,
		template_name = "",
		lt_grp = 0, srt_grp = 0, usr_flg = 0,
		spatialprops =
		{
			pos = { -14.80211, -55.08912, -65.21924 },
			orient = { { -0.485025,  0.063951,  0.872159 },
					   {  0.001601,  0.997386, -0.072243 },
					   { -0.874499, -0.033644, -0.483859 } }
		},
		pathprops =
		{
			path_type = "CV_CROrientationSplinePath",
			path_data = "OPEN,{-4.999856,99.343834,-576.102478}, {0.002927,0.000000,0.999996,0.000000}, {-30.244501,154.159103,699.460388}, {-0.018616,0.000000,0.999827,0.000000}, "
		}
	},

	{
		entity_name = "Traffic_Zone_2_Top",
		type = MOTION_PATH,
		template_name = "",
		lt_grp = 0, srt_grp = 0, usr_flg = 0,
		spatialprops =
		{
			pos = { 1.589632, -25.8452, 8.821735 },
			orient = { {  0.367616, -0.068468, -0.927454 },
					   {  0.068589,  0.996566, -0.046383 },
					   {  0.927445, -0.046562,  0.371050 } }
		},
		pathprops =
		{
			path_type = "CV_CROrientationSplinePath",
			path_data = "OPEN,{27.384096,159.886444,-732.345276}, {0.120669,-0.001490,0.992616,0.012255}, {-319.538818,105.587456,681.935669}, {0.117097,-0.002139,0.992952,0.018147}, "
		}
	},

	{
		entity_name = "Traffic_Zone_2_Bottom",
		type = MOTION_PATH,
		template_name = "",
		lt_grp = 0, srt_grp = 0, usr_flg = 0,
		spatialprops =
		{
			pos = { -38.83083, -91.75324, 66.39049 },
			orient = { { -0.214718,  0.024405,  0.976371 },
					   { -0.019023,  0.999394, -0.029164 },
					   { -0.976491, -0.024836, -0.214123 } }
		},
		pathprops =
		{
			path_type = "CV_CROrientationSplinePath",
			path_data = "OPEN,{261.323944,168.300522,-684.117737}, {0.120066,-0.001802,0.992652,0.014898}, {-88.330170,135.011978,761.762695}, {0.114307,0.000000,0.993445,0.000000}, "
		}
	},

	{
		entity_name = "Traffic_Zone_3_Bottom",
		type = MOTION_PATH,
		template_name = "",
		lt_grp = 0, srt_grp = 0, usr_flg = 0,
		spatialprops =
		{
			pos = { -29.28135, -42.32992, 105.9868 },
			orient = { {  0.348630,  0.052213,  0.935805 },
					   {  0.036520,  0.996932, -0.069229 },
					   { -0.936549,  0.058311,  0.345653 } }
		},
		pathprops =
		{
			path_type = "CV_CROrientationSplinePath",
			path_data = "OPEN,{-0.819494,99.365379,-276.666718}, {-0.009649,-0.000001,0.999954,0.000000}, {-6.211182,77.530563,220.406967}, {-0.006142,0.000000,0.999981,0.000000}, "
		}
	},

	{
		entity_name = "Traffic_Zone_3_Top",
		type = MOTION_PATH,
		template_name = "",
		lt_grp = 0, srt_grp = 0, usr_flg = 0,
		spatialprops =
		{
			pos = { 247.4544, 14.07362, -0.05883 },
			orient = { { -0.337167, -0.142849, -0.930544 },
					   { -0.073907,  0.989387, -0.125103 },
					   {  0.938539,  0.026593, -0.344146 } }
		},
		pathprops =
		{
			path_type = "CV_CROrientationSplinePath",
			path_data = "OPEN,{-5.008317,99.342155,-495.847931}, {0.014662,-0.000185,0.999813,0.012622}, {-6.346867,77.519806,-29.426680}, {0.015893,0.028910,0.999455,0.000460}, "
		}
	},

	{
		entity_name = "Traffic_Zone_2_Land",
		type = MOTION_PATH,
		template_name = "",
		lt_grp = 0, srt_grp = 0, usr_flg = 0,
		spatialprops =
		{
			pos = { 0, 0, 0 },
			orient = { { 1, 0, 0 }, { 0, 1, 0 }, { 0, 0, 1 } }
		},
		pathprops =
		{
			path_type = "CV_CROrientationSplinePath",
			path_data = "OPEN,{497.215790,145.715347,-291.495819}, {0.604626,-0.021231,0.795688,-0.029264}, {98.221207,94.648628,-217.367126}, {0.393337,0.389581,0.811059,0.188934}, {94.724442,92.077217,-68.863548}, {-0.089883,0.102520,0.980814,-0.139336}, {127.071022,49.519997,-64.940704}, {-0.284547,0.000000,0.958662,0.000000}, "
		}
	},

	{
		entity_name = "Traffic_Zone_2_Landi2",
		type = MOTION_PATH,
		template_name = "",
		lt_grp = 0, srt_grp = 0, usr_flg = 0,
		spatialprops =
		{
			pos = { 0, 0, 0 },
			orient = { { 1, 0, 0 }, { 0, 1, 0 }, { 0, 0, 1 } }
		},
		pathprops =
		{
			path_type = "CV_CROrientationSplinePath",
			path_data = "OPEN,{127.071022,49.519997,-64.940704}, {-0.284547,0.000000,0.958662,0.000000}, {168.339417,66.183693,-23.048697}, {0.545353,-0.268511,-0.737610,0.293978}, {234.482941,52.034580,-44.041367}, {0.780635,-0.263356,-0.527922,0.206279}, "
		}
	},

	{
		entity_name = "b_freighter_1",
		type = COMPOUND,
		template_name = "rtcprop_b_freighter",
		lt_grp = 3, srt_grp = 0, usr_flg = 0,
		flags = LIT_DYNAMIC + LIT_AMBIENT,
		spatialprops =
		{
			pos = { -75.34375, 98.32826, 398.8165 },
			orient = { {  0.999289,  0.000000, -0.037706 },
					   { -0.001028,  0.999629, -0.027232 },
					   {  0.037692,  0.027252,  0.998918 } }
		},
		userprops =
		{
			category = "Spaceship",
		}
	},

	{
		entity_name = "b_freighter_2",
		type = COMPOUND,
		template_name = "rtcprop_b_freighter",
		lt_grp = 3, srt_grp = 0, usr_flg = 0,
		flags = LIT_DYNAMIC + LIT_AMBIENT,
		spatialprops =
		{
			pos = { -43.13452, 98.32827, 397.6011 },
			orient = { {  0.999289,  0.000000, -0.037706 },
					   { -0.001028,  0.999629, -0.027232 },
					   {  0.037692,  0.027252,  0.998918 } }
		},
		userprops =
		{
			category = "Spaceship",
		}
	},

	{
		entity_name = "b_freighter_3",
		type = COMPOUND,
		template_name = "rtcprop_b_freighter",
		lt_grp = 3, srt_grp = 0, usr_flg = 0,
		flags = LIT_DYNAMIC + LIT_AMBIENT,
		spatialprops =
		{
			pos = { -4.031436, 98.32828, 396.1257 },
			orient = { {  0.999289,  0.000000, -0.037706 },
					   { -0.001028,  0.999629, -0.027232 },
					   {  0.037692,  0.027252,  0.998918 } }
		},
		userprops =
		{
			category = "Spaceship",
		}
	},

	{
		entity_name = "Mk_Ship_Park_01",
		type = MARKER,
		template_name = "",
		lt_grp = 0, srt_grp = 0, usr_flg = 0,
		spatialprops =
		{
			pos = { -75.34375, 98.32826, 398.8165 },
			orient = { {  0.999289,  0.000000, -0.037706 },
					   { -0.001028,  0.999629, -0.027232 },
					   {  0.037692,  0.027252,  0.998918 } }
		}
	},

	{
		entity_name = "Mk_Ship_Park_02",
		type = MARKER,
		template_name = "",
		lt_grp = 0, srt_grp = 0, usr_flg = 0,
		spatialprops =
		{
			pos = { -43.13452, 98.32827, 397.6011 },
			orient = { {  0.999289,  0.000000, -0.037706 },
					   { -0.001028,  0.999629, -0.027232 },
					   {  0.037692,  0.027252,  0.998918 } }
		}
	},

	{
		entity_name = "Mk_Ship_Park_03",
		type = MARKER,
		template_name = "",
		lt_grp = 0, srt_grp = 0, usr_flg = 0,
		spatialprops =
		{
			pos = { -4.031436, 98.32828, 396.1257 },
			orient = { {  0.999289,  0.000000, -0.037706 },
					   { -0.001028,  0.999629, -0.027232 },
					   {  0.037692,  0.027252,  0.998918 } }
		}
	},

	{
		entity_name = "Mk_Ship_Park_04",
		type = MARKER,
		template_name = "",
		lt_grp = 0, srt_grp = 0, usr_flg = 0,
		spatialprops =
		{
			pos = { 35.20656, 98.3283, 394.6452 },
			orient = { {  0.999289,  0.000000, -0.037706 },
					   { -0.001028,  0.999629, -0.027232 },
					   {  0.037692,  0.027252,  0.998918 } }
		}
	},

	{
		entity_name = "Mk_Ship_Park_05",
		type = MARKER,
		template_name = "",
		lt_grp = 0, srt_grp = 0, usr_flg = 0,
		spatialprops =
		{
			pos = { 71.76048, 98.32831, 393.2659 },
			orient = { {  0.999289,  0.000000, -0.037706 },
					   { -0.001028,  0.999629, -0.027232 },
					   {  0.037692,  0.027252,  0.998918 } }
		}
	},

	{
		entity_name = "Mk_Ship_Park_06",
		type = MARKER,
		template_name = "",
		lt_grp = 0, srt_grp = 0, usr_flg = 0,
		spatialprops =
		{
			pos = { 127.3588, 98.32832, 391.168 },
			orient = { {  0.999289,  0.000000, -0.037706 },
					   { -0.001028,  0.999629, -0.027232 },
					   {  0.037692,  0.027252,  0.998918 } }
		}
	},

	{
		entity_name = "Mk_Ship_Park_07",
		type = MARKER,
		template_name = "",
		lt_grp = 0, srt_grp = 0, usr_flg = 0,
		spatialprops =
		{
			pos = { -73.20019, 99.87813, 455.6256 },
			orient = { {  0.999289,  0.000000, -0.037706 },
					   { -0.001028,  0.999629, -0.027232 },
					   {  0.037692,  0.027252,  0.998918 } }
		}
	},

	{
		entity_name = "Mk_Ship_Park_08",
		type = MARKER,
		template_name = "",
		lt_grp = 0, srt_grp = 0, usr_flg = 0,
		spatialprops =
		{
			pos = { -43.40422, 99.87813, 454.5014 },
			orient = { {  0.999289,  0.000000, -0.037706 },
					   { -0.001028,  0.999629, -0.027232 },
					   {  0.037692,  0.027252,  0.998918 } }
		}
	},

	{
		entity_name = "Mk_Ship_Park_09",
		type = MARKER,
		template_name = "",
		lt_grp = 0, srt_grp = 0, usr_flg = 0,
		spatialprops =
		{
			pos = { -6.428635, 99.87813, 453.1062 },
			orient = { {  0.999289,  0.000000, -0.037706 },
					   { -0.001028,  0.999629, -0.027232 },
					   {  0.037692,  0.027252,  0.998918 } }
		}
	},

	{
		entity_name = "Mk_Ship_Park_10",
		type = MARKER,
		template_name = "",
		lt_grp = 0, srt_grp = 0, usr_flg = 0,
		spatialprops =
		{
			pos = { 30.78443, 99.87814, 451.7021 },
			orient = { {  0.999289,  0.000000, -0.037706 },
					   { -0.001028,  0.999629, -0.027232 },
					   {  0.037692,  0.027252,  0.998918 } }
		}
	},

	{
		entity_name = "Mk_Ship_Park_11",
		type = MARKER,
		template_name = "",
		lt_grp = 0, srt_grp = 0, usr_flg = 0,
		spatialprops =
		{
			pos = { 66.20588, 99.87814, 450.3655 },
			orient = { {  0.999289,  0.000000, -0.037706 },
					   { -0.001028,  0.999629, -0.027232 },
					   {  0.037692,  0.027252,  0.998918 } }
		}
	},

	{
		entity_name = "Mk_Ship_Park_12",
		type = MARKER,
		template_name = "",
		lt_grp = 0, srt_grp = 0, usr_flg = 0,
		spatialprops =
		{
			pos = { 114.1482, 99.87816, 448.5566 },
			orient = { {  0.999289,  0.000000, -0.037706 },
					   { -0.001028,  0.999629, -0.027232 },
					   {  0.037692,  0.027252,  0.998918 } }
		}
	},

	{
		entity_name = "Mk_Ship_Park_13",
		type = MARKER,
		template_name = "",
		lt_grp = 0, srt_grp = 0, usr_flg = 0,
		spatialprops =
		{
			pos = { -73.20019, 99.87813, 490.2969 },
			orient = { {  0.999289,  0.000000, -0.037706 },
					   { -0.001028,  0.999629, -0.027232 },
					   {  0.037692,  0.027252,  0.998918 } }
		}
	},

	{
		entity_name = "Mk_Ship_Park_14",
		type = MARKER,
		template_name = "",
		lt_grp = 0, srt_grp = 0, usr_flg = 0,
		spatialprops =
		{
			pos = { -46.55553, 99.87813, 490.2969 },
			orient = { {  0.999289,  0.000000, -0.037706 },
					   { -0.001028,  0.999629, -0.027232 },
					   {  0.037692,  0.027252,  0.998918 } }
		}
	},

	{
		entity_name = "b_fighter_1",
		type = COMPOUND,
		template_name = "rtcprop_b_fighter",
		lt_grp = 3, srt_grp = 0, usr_flg = 0,
		flags = LIT_DYNAMIC + LIT_AMBIENT,
		spatialprops =
		{
			pos = { 127.3588, 98.32832, 391.168 },
			orient = { {  0.999289,  0.000000, -0.037706 },
					   { -0.001028,  0.999629, -0.027232 },
					   {  0.037692,  0.027252,  0.998918 } }
		},
		userprops =
		{
			category = "Spaceship",
		}
	},

	{
		entity_name = "Mk_Ship_Park_15",
		type = MARKER,
		template_name = "",
		lt_grp = 0, srt_grp = 0, usr_flg = 0,
		spatialprops =
		{
			pos = { -17.45297, 99.87813, 490.2969 },
			orient = { {  0.999289,  0.000000, -0.037706 },
					   { -0.001028,  0.999629, -0.027232 },
					   {  0.037692,  0.027252,  0.998918 } }
		}
	},

	{
		entity_name = "b_fighter_2",
		type = COMPOUND,
		template_name = "rtcprop_b_fighter",
		lt_grp = 3, srt_grp = 0, usr_flg = 0,
		flags = LIT_DYNAMIC + LIT_AMBIENT,
		spatialprops =
		{
			pos = { -73.20019, 99.87813, 455.6256 },
			orient = { {  0.999289,  0.000000, -0.037706 },
					   { -0.001028,  0.999629, -0.027232 },
					   {  0.037692,  0.027252,  0.998918 } }
		},
		userprops =
		{
			category = "Spaceship",
		}
	},

	{
		entity_name = "b_elite_1",
		type = COMPOUND,
		template_name = "rtcprop_b_elite",
		lt_grp = 3, srt_grp = 0, usr_flg = 0,
		flags = LIT_DYNAMIC + LIT_AMBIENT,
		spatialprops =
		{
			pos = { 35.20656, 98.3283, 394.6452 },
			orient = { {  0.999289,  0.000000, -0.037706 },
					   { -0.001028,  0.999629, -0.027232 },
					   {  0.037692,  0.027252,  0.998918 } }
		},
		userprops =
		{
			category = "Spaceship",
		}
	},

	{
		entity_name = "b_elite_2",
		type = COMPOUND,
		template_name = "rtcprop_b_elite",
		lt_grp = 3, srt_grp = 0, usr_flg = 0,
		flags = LIT_DYNAMIC + LIT_AMBIENT,
		spatialprops =
		{
			pos = { 71.76048, 98.32831, 393.2659 },
			orient = { {  0.999289,  0.000000, -0.037706 },
					   { -0.001028,  0.999629, -0.027232 },
					   {  0.037692,  0.027252,  0.998918 } }
		},
		userprops =
		{
			category = "Spaceship",
		}
	},

	{
		entity_name = "l_freighter_1",
		type = COMPOUND,
		template_name = "rtcprop_l_freighter",
		lt_grp = 3, srt_grp = 0, usr_flg = 0,
		flags = LIT_DYNAMIC + LIT_AMBIENT,
		spatialprops =
		{
			pos = { 114.1482, 99.87816, 448.5566 },
			orient = { {  0.999289,  0.000000, -0.037706 },
					   { -0.001028,  0.999629, -0.027232 },
					   {  0.037692,  0.027252,  0.998918 } }
		},
		userprops =
		{
			category = "Spaceship",
		}
	},

	{
		entity_name = "civ_elite_1",
		type = COMPOUND,
		template_name = "rtcprop_civ_elite",
		lt_grp = 3, srt_grp = 0, usr_flg = 0,
		flags = LIT_DYNAMIC + LIT_AMBIENT,
		spatialprops =
		{
			pos = { -43.40422, 99.87813, 454.5014 },
			orient = { {  0.999289,  0.000000, -0.037706 },
					   { -0.001028,  0.999629, -0.027232 },
					   {  0.037692,  0.027252,  0.998918 } }
		},
		userprops =
		{
			category = "Spaceship",
		}
	},

	{
		entity_name = "civ_fighter_1",
		type = COMPOUND,
		template_name = "rtcprop_civ_fighter",
		lt_grp = 3, srt_grp = 0, usr_flg = 0,
		flags = LIT_DYNAMIC + LIT_AMBIENT,
		spatialprops =
		{
			pos = { -6.428635, 99.87813, 453.1062 },
			orient = { {  0.999289,  0.000000, -0.037706 },
					   { -0.001028,  0.999629, -0.027232 },
					   {  0.037692,  0.027252,  0.998918 } }
		},
		userprops =
		{
			category = "Spaceship",
		}
	},

	{
		entity_name = "civ_freighter_1",
		type = COMPOUND,
		template_name = "rtcprop_civ_freighter",
		lt_grp = 3, srt_grp = 0, usr_flg = 0,
		flags = LIT_DYNAMIC + LIT_AMBIENT,
		spatialprops =
		{
			pos = { 30.78443, 99.87814, 451.7021 },
			orient = { {  0.999289,  0.000000, -0.037706 },
					   { -0.001028,  0.999629, -0.027232 },
					   {  0.037692,  0.027252,  0.998918 } }
		},
		userprops =
		{
			category = "Spaceship",
		}
	},

	{
		entity_name = "armored_transport_1",
		type = COMPOUND,
		template_name = "rtcprop_armored_transport",
		lt_grp = 3, srt_grp = 0, usr_flg = 0,
		flags = LIT_DYNAMIC + LIT_AMBIENT,
		spatialprops =
		{
			pos = { -46.55553, 99.87813, 490.2969 },
			orient = { {  0.999289,  0.000000, -0.037706 },
					   { -0.001028,  0.999629, -0.027232 },
					   {  0.037692,  0.027252,  0.998918 } }
		},
		userprops =
		{
			category = "Spaceship",
		}
	},

	{
		entity_name = "Path_BOB1",
		type = MOTION_PATH,
		template_name = "",
		lt_grp = 0, srt_grp = 0, usr_flg = 0,
		spatialprops =
		{
			pos = { -75.34375, 98.32826, 398.8165 },
			orient = { {  0.999289,  0.000000, -0.037706 },
					   { -0.001028,  0.999629, -0.027232 },
					   {  0.037692,  0.027252,  0.998918 } }
		},
		pathprops =
		{
			path_type = "CV_CROrientationSplinePath",
			path_data = "OPEN,{-0.035148,1.636644,0.600062}, {1.000000,0.000000,0.000000,0.000000}, {-0.024900,-0.000002,-0.000217}, {0.981654,0.015847,0.164960,0.094300}, "
		}
	},

	{
		entity_name = "Path_BOB2",
		type = MOTION_PATH,
		template_name = "",
		lt_grp = 0, srt_grp = 0, usr_flg = 0,
		spatialprops =
		{
			pos = { -43.13452, 98.32827, 397.6011 },
			orient = { {  0.999289,  0.000000, -0.037706 },
					   { -0.001028,  0.999629, -0.027232 },
					   {  0.037692,  0.027252,  0.998918 } }
		},
		pathprops =
		{
			path_type = "CV_CROrientationSplinePath",
			path_data = "OPEN,{-0.035148,1.636644,0.600062}, {1.000000,0.000000,0.000000,0.000000}, {-0.024724,0.000012,0.000000}, {1.000000,0.000000,0.000000,0.000000}, "
		}
	},

	{
		entity_name = "Path_BOB3",
		type = MOTION_PATH,
		template_name = "",
		lt_grp = 0, srt_grp = 0, usr_flg = 0,
		spatialprops =
		{
			pos = { -4.031436, 98.32828, 396.1257 },
			orient = { {  0.999289,  0.000000, -0.037706 },
					   { -0.001028,  0.999629, -0.027232 },
					   {  0.037692,  0.027252,  0.998918 } }
		},
		pathprops =
		{
			path_type = "CV_CROrientationSplinePath",
			path_data = "OPEN,{-0.035148,1.636644,0.600062}, {1.000000,0.000000,0.000000,0.000000}, {-0.024724,0.000012,0.000000}, {1.000000,0.000000,0.000000,0.000000}, "
		}
	},

	{
		entity_name = "Path_BOB4",
		type = MOTION_PATH,
		template_name = "",
		lt_grp = 0, srt_grp = 0, usr_flg = 0,
		spatialprops =
		{
			pos = { 35.20656, 98.3283, 394.6452 },
			orient = { {  0.999289,  0.000000, -0.037706 },
					   { -0.001028,  0.999629, -0.027232 },
					   {  0.037692,  0.027252,  0.998918 } }
		},
		pathprops =
		{
			path_type = "CV_CROrientationSplinePath",
			path_data = "OPEN,{-0.035148,1.636644,0.600062}, {1.000000,0.000000,0.000000,0.000000}, {-0.024724,0.000012,0.000000}, {1.000000,0.000000,0.000000,0.000000}, "
		}
	},

	{
		entity_name = "Traffic_Zone_4_Bottom",
		type = MOTION_PATH,
		template_name = "",
		lt_grp = 0, srt_grp = 0, usr_flg = 0,
		spatialprops =
		{
			pos = { -27.83594, -68.82063, -135.7912 },
			orient = { { -0.341106, -0.048175, -0.938790 },
					   { -0.028193,  0.998761, -0.041009 },
					   {  0.939602,  0.012479, -0.342041 } }
		},
		pathprops =
		{
			path_type = "CV_CROrientationSplinePath",
			path_data = "OPEN,{-4.945467,99.341972,-395.980286}, {-0.000320,0.000000,1.000000,0.000000}, {-6.119651,77.521324,407.592377}, {-0.000262,0.000000,1.000000,0.000000}, "
		}
	},

	{
		entity_name = "Traffic_Zone_4_Top",
		type = MOTION_PATH,
		template_name = "",
		lt_grp = 0, srt_grp = 0, usr_flg = 0,
		spatialprops =
		{
			pos = { 59.45663, 9.840202, -151.0394 },
			orient = { {  0.337276,  0.047931,  0.940185 },
					   { -0.010866,  0.998835, -0.047023 },
					   { -0.941343,  0.005644,  0.337404 } }
		},
		pathprops =
		{
			path_type = "CV_CROrientationSplinePath",
			path_data = "OPEN,{-4.945467,99.341972,-395.980286}, {-0.000320,0.000000,1.000000,0.000000}, {-6.132671,77.521362,382.944794}, {-0.000262,0.000000,1.000000,0.000000}, "
		}
	},

	{
		entity_name = "Traffic_Zone_5_Background",
		type = MOTION_PATH,
		template_name = "",
		lt_grp = 0, srt_grp = 0, usr_flg = 0,
		spatialprops =
		{
			pos = { 74.71786, 102.8895, -842.5978 },
			orient = { { -0.169748, -0.070924, -0.982932 },
					   { -0.037385,  0.997152, -0.065494 },
					   {  0.984778,  0.025629, -0.171916 } }
		},
		pathprops =
		{
			path_type = "CV_CROrientationSplinePath",
			path_data = "OPEN,{-10.847954,99.365707,-796.262878}, {-0.009649,-0.000001,0.999953,0.000000}, {-0.825557,77.530670,658.802734}, {-0.006142,0.000000,0.999981,0.000000}, "
		}
	},

	{
		entity_name = "Path_BOB5",
		type = MOTION_PATH,
		template_name = "",
		lt_grp = 0, srt_grp = 0, usr_flg = 0,
		spatialprops =
		{
			pos = { 72.39888, 98.32832, 393.242 },
			orient = { {  0.999289,  0.000000, -0.037706 },
					   { -0.001028,  0.999629, -0.027232 },
					   {  0.037692,  0.027252,  0.998918 } }
		},
		pathprops =
		{
			path_type = "CV_CROrientationSplinePath",
			path_data = "OPEN,{-1.013748,-0.519671,0.600079}, {1.000000,0.000000,0.000000,0.000000}, {-5.918190,-19.148243,3.851553}, {0.881742,0.000004,-0.000002,0.471732}, "
		}
	},

	{
		entity_name = "Path_BOB6",
		type = MOTION_PATH,
		template_name = "",
		lt_grp = 0, srt_grp = 0, usr_flg = 0,
		spatialprops =
		{
			pos = { 124.7102, 98.32835, 391.2682 },
			orient = { {  0.999289,  0.000000, -0.037706 },
					   { -0.001028,  0.999629, -0.027232 },
					   {  0.037692,  0.027252,  0.998918 } }
		},
		pathprops =
		{
			path_type = "CV_CROrientationSplinePath",
			path_data = "OPEN,{-0.035148,1.636644,0.600062}, {1.000000,0.000000,0.000000,0.000000}, {-0.024724,0.000012,0.000000}, {1.000000,0.000000,0.000000,0.000000}, "
		}
	},

	{
		entity_name = "Path_BOB7",
		type = MOTION_PATH,
		template_name = "",
		lt_grp = 0, srt_grp = 0, usr_flg = 0,
		spatialprops =
		{
			pos = { 115.3155, 99.85858, 447.7939 },
			orient = { {  0.999289,  0.000000, -0.037706 },
					   { -0.001028,  0.999629, -0.027232 },
					   {  0.037692,  0.027252,  0.998918 } }
		},
		pathprops =
		{
			path_type = "CV_CROrientationSplinePath",
			path_data = "OPEN,{-0.035148,1.636644,0.600062}, {1.000000,0.000000,0.000000,0.000000}, {-0.024724,0.000012,0.000000}, {1.000000,0.000000,0.000000,0.000000}, "
		}
	},

	{
		entity_name = "Path_BOB8",
		type = MOTION_PATH,
		template_name = "",
		lt_grp = 0, srt_grp = 0, usr_flg = 0,
		spatialprops =
		{
			pos = { 65.6772, 99.85858, 449.6671 },
			orient = { {  0.999289,  0.000000, -0.037706 },
					   { -0.001028,  0.999629, -0.027232 },
					   {  0.037692,  0.027252,  0.998918 } }
		},
		pathprops =
		{
			path_type = "CV_CROrientationSplinePath",
			path_data = "OPEN,{-0.035148,1.636644,0.600062}, {1.000000,0.000000,0.000000,0.000000}, {-0.024724,0.000012,0.000000}, {1.000000,0.000000,0.000000,0.000000}, "
		}
	},

	{
		entity_name = "k_freighter_1",
		type = COMPOUND,
		template_name = "rtcprop_k_freighter",
		lt_grp = 3, srt_grp = 0, usr_flg = 0,
		flags = LIT_DYNAMIC + LIT_AMBIENT,
		spatialprops =
		{
			pos = { -17.45297, 99.87813, 490.2969 },
			orient = { {  0.999289,  0.000000, -0.037706 },
					   { -0.001028,  0.999629, -0.027232 },
					   {  0.037692,  0.027252,  0.998918 } }
		},
		userprops =
		{
			category = "Spaceship",
		}
	},

	{
		entity_name = "r_freighter_2",
		type = COMPOUND,
		template_name = "rtcprop_r_freighter",
		lt_grp = 3, srt_grp = 0, usr_flg = 0,
		flags = LIT_DYNAMIC + LIT_AMBIENT,
		spatialprops =
		{
			pos = { -73.20019, 99.87813, 490.2969 },
			orient = { {  0.999289,  0.000000, -0.037706 },
					   { -0.001028,  0.999629, -0.027232 },
					   {  0.037692,  0.027252,  0.998918 } }
		},
		userprops =
		{
			category = "Spaceship",
		}
	},

	{
		entity_name = "Traffic_Zone_Merge_2Bto4B",
		type = MOTION_PATH,
		template_name = "",
		lt_grp = 0, srt_grp = 0, usr_flg = 0,
		spatialprops =
		{
			pos = { 0, 0, 0 },
			orient = { { 1, 0, 0 }, { 0, 1, 0 }, { 0, 0, 1 } }
		},
		pathprops =
		{
			path_type = "CV_CROrientationSplinePath",
			path_data = "OPEN,{293.178070,82.735466,430.573914}, {0.898953,-0.000592,0.437056,-0.029420}, {17.366743,91.965843,213.709198}, {0.874065,-0.052859,0.459163,-0.149618}, {-23.023846,44.256809,-45.379257}, {0.978552,-0.010907,-0.127461,-0.161463}, {86.091461,19.308550,-175.635010}, {0.818989,-0.008717,-0.573270,0.023314}, {355.040558,13.985802,-272.638550}, {0.818977,-0.008717,-0.573287,0.023314}, "
		}
	},

	{
		entity_name = "Traffic_Zone_Merge_3Tto4T",
		type = MOTION_PATH,
		template_name = "",
		lt_grp = 0, srt_grp = 0, usr_flg = 0,
		spatialprops =
		{
			pos = { 0, 0, 0 },
			orient = { { 1, 0, 0 }, { 0, 1, 0 }, { 0, 0, 1 } }
		},
		pathprops =
		{
			path_type = "CV_CROrientationSplinePath",
			path_data = "OPEN,{-224.562531,113.150734,161.140671}, {0.808208,-0.039369,-0.584571,0.059378}, {18.043350,108.188499,74.791771}, {0.791538,-0.114022,-0.574534,0.174293}, {66.082367,99.242424,-49.912506}, {0.981790,-0.017009,0.107032,0.156021}, {-44.417744,96.106598,-155.930649}, {0.575124,-0.017975,0.817710,-0.016110}, {-303.936523,89.138649,-31.243465}, {0.575145,-0.017975,0.817695,-0.016110}, "
		}
	},

	{
		entity_name = "r_freighter_1",
		type = COMPOUND,
		template_name = "rtcprop_r_freighter",
		lt_grp = 3, srt_grp = 0, usr_flg = 0,
		flags = LIT_DYNAMIC + LIT_AMBIENT,
		spatialprops =
		{
			pos = { -73.20019, 99.87813, 490.2969 },
			orient = { {  0.999289,  0.000000, -0.037706 },
					   { -0.001028,  0.999629, -0.027232 },
					   {  0.037692,  0.027252,  0.998918 } }
		},
		userprops =
		{
			category = "Spaceship",
		}
	},

	{
		entity_name = "b_elite_1_smallengine02_01",
		type = PSYS,
		template_name = "gf_br_smallengine02",
		lt_grp = 0, srt_grp = 0, usr_flg = 0,
		flags = LIT_DYNAMIC + LIT_AMBIENT,
		spatialprops =
		{
			pos = { 0, 0, 0 },
			orient = { { 1, 0, 0 }, { 0, 1, 0 }, { 0, 0, 1 } }
		},
		psysprops =
		{
			sparam = 0
		}
	},

	{
		entity_name = "b_elite_2_smallengine02_01",
		type = PSYS,
		template_name = "gf_br_smallengine02",
		lt_grp = 0, srt_grp = 0, usr_flg = 0,
		flags = LIT_DYNAMIC + LIT_AMBIENT,
		spatialprops =
		{
			pos = { 0, 0, 0 },
			orient = { { 1, 0, 0 }, { 0, 1, 0 }, { 0, 0, 1 } }
		},
		psysprops =
		{
			sparam = 0
		}
	},

	{
		entity_name = "b_fighter_1_smallengine01_01",
		type = PSYS,
		template_name = "gf_br_smallengine01",
		lt_grp = 0, srt_grp = 0, usr_flg = 0,
		flags = LIT_DYNAMIC + LIT_AMBIENT,
		spatialprops =
		{
			pos = { 0, 0, 0 },
			orient = { { 1, 0, 0 }, { 0, 1, 0 }, { 0, 0, 1 } }
		},
		psysprops =
		{
			sparam = 0
		}
	},

	{
		entity_name = "b_fighter_2_smallengine01_02",
		type = PSYS,
		template_name = "gf_br_smallengine01",
		lt_grp = 0, srt_grp = 0, usr_flg = 0,
		flags = LIT_DYNAMIC + LIT_AMBIENT,
		spatialprops =
		{
			pos = { 0, 0, 0 },
			orient = { { 1, 0, 0 }, { 0, 1, 0 }, { 0, 0, 1 } }
		},
		psysprops =
		{
			sparam = 0
		}
	},

	{
		entity_name = "b_freighter_1_smallengine03_01",
		type = PSYS,
		template_name = "gf_br_smallengine03",
		lt_grp = 0, srt_grp = 0, usr_flg = 0,
		flags = LIT_DYNAMIC + LIT_AMBIENT,
		spatialprops =
		{
			pos = { 0, 0, 0 },
			orient = { { 1, 0, 0 }, { 0, 1, 0 }, { 0, 0, 1 } }
		},
		psysprops =
		{
			sparam = 0
		}
	},

	{
		entity_name = "b_freighter_3_smallengine03_01",
		type = PSYS,
		template_name = "gf_br_smallengine03",
		lt_grp = 0, srt_grp = 0, usr_flg = 0,
		flags = LIT_DYNAMIC + LIT_AMBIENT,
		spatialprops =
		{
			pos = { 0, 0, 0 },
			orient = { { 1, 0, 0 }, { 0, 1, 0 }, { 0, 0, 1 } }
		},
		psysprops =
		{
			sparam = 0
		}
	},

	{
		entity_name = "b_freighter_2_smallengine03_01",
		type = PSYS,
		template_name = "gf_br_smallengine03",
		lt_grp = 0, srt_grp = 0, usr_flg = 0,
		flags = LIT_DYNAMIC + LIT_AMBIENT,
		spatialprops =
		{
			pos = { 0, 0, 0 },
			orient = { { 1, 0, 0 }, { 0, 1, 0 }, { 0, 0, 1 } }
		},
		psysprops =
		{
			sparam = 0
		}
	},

	{
		entity_name = "civ_fighter_1_smallengine01_01",
		type = PSYS,
		template_name = "gf_ci_smallengine01_fire",
		lt_grp = 0, srt_grp = 0, usr_flg = 0,
		flags = LIT_DYNAMIC + LIT_AMBIENT,
		spatialprops =
		{
			pos = { 0, 0, 0 },
			orient = { { 1, 0, 0 }, { 0, 1, 0 }, { 0, 0, 1 } }
		},
		psysprops =
		{
			sparam = 0
		}
	},

	{
		entity_name = "civ_freighter_1_smallengine01_01",
		type = PSYS,
		template_name = "gf_ci_smallengine01_fire",
		lt_grp = 0, srt_grp = 0, usr_flg = 0,
		flags = LIT_DYNAMIC + LIT_AMBIENT,
		spatialprops =
		{
			pos = { 0, 0, 0 },
			orient = { { 1, 0, 0 }, { 0, 1, 0 }, { 0, 0, 1 } }
		},
		psysprops =
		{
			sparam = 0
		}
	},

	{
		entity_name = "civ_elite_1_smallengine01_01",
		type = PSYS,
		template_name = "gf_ci_smallengine01_fire",
		lt_grp = 0, srt_grp = 0, usr_flg = 0,
		flags = LIT_DYNAMIC + LIT_AMBIENT,
		spatialprops =
		{
			pos = { 0, 0, 0 },
			orient = { { 1, 0, 0 }, { 0, 1, 0 }, { 0, 0, 1 } }
		},
		psysprops =
		{
			sparam = 0
		}
	},

	{
		entity_name = "k_freighter_1_smallengine03_01",
		type = PSYS,
		template_name = "gf_ku_smallengine03_fire",
		lt_grp = 0, srt_grp = 0, usr_flg = 0,
		flags = LIT_DYNAMIC + LIT_AMBIENT,
		spatialprops =
		{
			pos = { 0, 0, 0 },
			orient = { { 1, 0, 0 }, { 0, 1, 0 }, { 0, 0, 1 } }
		},
		psysprops =
		{
			sparam = 0
		}
	},

	{
		entity_name = "l_freighter_1_smallengine03_01",
		type = PSYS,
		template_name = "gf_li_smallengine03_fire",
		lt_grp = 0, srt_grp = 0, usr_flg = 0,
		flags = LIT_DYNAMIC + LIT_AMBIENT,
		spatialprops =
		{
			pos = { 0, 0, 0 },
			orient = { { 1, 0, 0 }, { 0, 1, 0 }, { 0, 0, 1 } }
		},
		psysprops =
		{
			sparam = 0
		}
	},

	{
		entity_name = "r_freighter_1_smallengine03_01",
		type = PSYS,
		template_name = "gf_rh_smallengine03_fire",
		lt_grp = 0, srt_grp = 0, usr_flg = 0,
		flags = LIT_DYNAMIC + LIT_AMBIENT,
		spatialprops =
		{
			pos = { 0, 0, 0 },
			orient = { { 1, 0, 0 }, { 0, 1, 0 }, { 0, 0, 1 } }
		},
		psysprops =
		{
			sparam = 0
		}
	},

	{
		entity_name = "r_freighter_2_smallengine03_01",
		type = PSYS,
		template_name = "gf_rh_smallengine03_fire",
		lt_grp = 0, srt_grp = 0, usr_flg = 0,
		flags = LIT_DYNAMIC + LIT_AMBIENT,
		spatialprops =
		{
			pos = { 0, 0, 0 },
			orient = { { 1, 0, 0 }, { 0, 1, 0 }, { 0, 0, 1 } }
		},
		psysprops =
		{
			sparam = 0
		}
	},

	{
		entity_name = "atransport_engine01_01",
		type = PSYS,
		template_name = "gf_br_atransport_engine01",
		lt_grp = 0, srt_grp = 0, usr_flg = 0,
		flags = LIT_DYNAMIC + LIT_AMBIENT,
		spatialprops =
		{
			pos = { 0, 0, 0 },
			orient = { { 1, 0, 0 }, { 0, 1, 0 }, { 0, 0, 1 } }
		},
		psysprops =
		{
			sparam = 0
		}
	},

	{
		entity_name = "b_freighter_1_smallengine03_02",
		type = PSYS,
		template_name = "gf_br_smallengine03",
		lt_grp = 0, srt_grp = 0, usr_flg = 0,
		flags = LIT_DYNAMIC + LIT_AMBIENT,
		spatialprops =
		{
			pos = { 0, 0, 0 },
			orient = { { 1, 0, 0 }, { 0, 1, 0 }, { 0, 0, 1 } }
		},
		psysprops =
		{
			sparam = 0
		}
	},

	{
		entity_name = "b_freighter_2_smallengine03_02",
		type = PSYS,
		template_name = "gf_br_smallengine03",
		lt_grp = 0, srt_grp = 0, usr_flg = 0,
		flags = LIT_DYNAMIC + LIT_AMBIENT,
		spatialprops =
		{
			pos = { 0, 0, 0 },
			orient = { { 1, 0, 0 }, { 0, 1, 0 }, { 0, 0, 1 } }
		},
		psysprops =
		{
			sparam = 0
		}
	},

	{
		entity_name = "b_freighter_3_smallengine03_02",
		type = PSYS,
		template_name = "gf_br_smallengine03",
		lt_grp = 0, srt_grp = 0, usr_flg = 0,
		flags = LIT_DYNAMIC + LIT_AMBIENT,
		spatialprops =
		{
			pos = { 0, 0, 0 },
			orient = { { 1, 0, 0 }, { 0, 1, 0 }, { 0, 0, 1 } }
		},
		psysprops =
		{
			sparam = 0
		}
	},

	{
		entity_name = "b_elite_1_smallengine02_02",
		type = PSYS,
		template_name = "gf_br_smallengine02",
		lt_grp = 0, srt_grp = 0, usr_flg = 0,
		flags = LIT_DYNAMIC + LIT_AMBIENT,
		spatialprops =
		{
			pos = { 0, 0, 0 },
			orient = { { 1, 0, 0 }, { 0, 1, 0 }, { 0, 0, 1 } }
		},
		psysprops =
		{
			sparam = 0
		}
	},

	{
		entity_name = "b_elite_2_smallengine02_02",
		type = PSYS,
		template_name = "gf_br_smallengine02",
		lt_grp = 0, srt_grp = 0, usr_flg = 0,
		flags = LIT_DYNAMIC + LIT_AMBIENT,
		spatialprops =
		{
			pos = { 0, 0, 0 },
			orient = { { 1, 0, 0 }, { 0, 1, 0 }, { 0, 0, 1 } }
		},
		psysprops =
		{
			sparam = 0
		}
	},

	{
		entity_name = "civ_freighter_1_smallengine01_02",
		type = PSYS,
		template_name = "gf_ci_smallengine01_fire",
		lt_grp = 0, srt_grp = 0, usr_flg = 0,
		flags = LIT_DYNAMIC + LIT_AMBIENT,
		spatialprops =
		{
			pos = { 0, 0, 0 },
			orient = { { 1, 0, 0 }, { 0, 1, 0 }, { 0, 0, 1 } }
		},
		psysprops =
		{
			sparam = 0
		}
	},

	{
		entity_name = "k_freighter_1_smallengine03_02",
		type = PSYS,
		template_name = "gf_ku_smallengine03_fire",
		lt_grp = 0, srt_grp = 0, usr_flg = 0,
		flags = LIT_DYNAMIC + LIT_AMBIENT,
		spatialprops =
		{
			pos = { 0, 0, 0 },
			orient = { { 1, 0, 0 }, { 0, 1, 0 }, { 0, 0, 1 } }
		},
		psysprops =
		{
			sparam = 0
		}
	},

	{
		entity_name = "l_freighter_1_smallengine03_02",
		type = PSYS,
		template_name = "gf_li_smallengine03_fire",
		lt_grp = 0, srt_grp = 0, usr_flg = 0,
		flags = LIT_DYNAMIC + LIT_AMBIENT,
		spatialprops =
		{
			pos = { 0, 0, 0 },
			orient = { { 1, 0, 0 }, { 0, 1, 0 }, { 0, 0, 1 } }
		},
		psysprops =
		{
			sparam = 0
		}
	},

	{
		entity_name = "r_freighter_1_smallengine03_02",
		type = PSYS,
		template_name = "gf_rh_smallengine03_fire",
		lt_grp = 0, srt_grp = 0, usr_flg = 0,
		flags = LIT_DYNAMIC + LIT_AMBIENT,
		spatialprops =
		{
			pos = { 0, 0, 0 },
			orient = { { 1, 0, 0 }, { 0, 1, 0 }, { 0, 0, 1 } }
		},
		psysprops =
		{
			sparam = 0
		}
	},

	{
		entity_name = "r_freighter_2_smallengine03_02",
		type = PSYS,
		template_name = "gf_rh_smallengine03_fire",
		lt_grp = 0, srt_grp = 0, usr_flg = 0,
		flags = LIT_DYNAMIC + LIT_AMBIENT,
		spatialprops =
		{
			pos = { 0, 0, 0 },
			orient = { { 1, 0, 0 }, { 0, 1, 0 }, { 0, 0, 1 } }
		},
		psysprops =
		{
			sparam = 0
		}
	},

	{
		entity_name = "b_elite_1_small_EngineSound",
		type = SOUND,
		template_name = "engine_br_small",
		lt_grp = 0, srt_grp = 0, usr_flg = 0,
		flags = SPATIAL,
		spatialprops =
		{
			pos = { -960.3356, 0, -1391.313 },
			orient = { { 1, 0, 0 }, { 0, 1, 0 }, { 0, 0, 1 } }
		},
		audioprops =
		{
			pan = 0,
			dmin = 50,
			dmax = 1000,
			ain = 360,
			aout = 360,
			atout = 0,
			rmix = 0,
		},
		userprops =
		{
			category = "Audio",
		}
	},

	{
		entity_name = "b_elite_2_small_EngineSound",
		type = SOUND,
		template_name = "engine_br_small",
		lt_grp = 0, srt_grp = 0, usr_flg = 0,
		flags = SPATIAL,
		spatialprops =
		{
			pos = { -960.3356, 0, -1391.313 },
			orient = { { 1, 0, 0 }, { 0, 1, 0 }, { 0, 0, 1 } }
		},
		audioprops =
		{
			attenuation = 0,
			dmin = 50,
			dmax = 1000,
			ain = 360,
			aout = 360,
			atout = 0,
			rmix = 0,
		},
		userprops =
		{
			category = "Audio",
		}
	},

	{
		entity_name = "b_fighter_1_small_EngineSound",
		type = SOUND,
		template_name = "engine_br_small",
		lt_grp = 0, srt_grp = 0, usr_flg = 0,
		flags = SPATIAL,
		spatialprops =
		{
			pos = { -960.3356, 0, -1391.313 },
			orient = { { 1, 0, 0 }, { 0, 1, 0 }, { 0, 0, 1 } }
		},
		audioprops =
		{
			attenuation = 0,
			pan = 0,
			dmax = 1000,
			ain = 360,
			aout = 360,
			atout = 0,
			rmix = 0,
		},
		userprops =
		{
			category = "Audio",
		}
	},

	{
		entity_name = "b_fighter_2_small_EngineSound",
		type = SOUND,
		template_name = "engine_br_small",
		lt_grp = 0, srt_grp = 0, usr_flg = 0,
		flags = SPATIAL,
		spatialprops =
		{
			pos = { -960.3356, 0, -1391.313 },
			orient = { { 1, 0, 0 }, { 0, 1, 0 }, { 0, 0, 1 } }
		},
		audioprops =
		{
			attenuation = 0,
			pan = 0,
			dmin = 50,
			ain = 360,
			aout = 360,
			atout = 0,
			rmix = 0,
		},
		userprops =
		{
			category = "Audio",
		}
	},

	{
		entity_name = "Marker_ParkSound",
		type = MARKER,
		template_name = "",
		lt_grp = 0, srt_grp = 0, usr_flg = 0,
		spatialprops =
		{
			pos = { -960.3356, 0, -1391.313 },
			orient = { { 1, 0, 0 }, { 0, 1, 0 }, { 0, 0, 1 } }
		}
	},

	{
		entity_name = "b_freighter_2_engine_br_small_1",
		type = SOUND,
		template_name = "engine_br_small",
		lt_grp = 0, srt_grp = 0, usr_flg = 0,
		flags = SPATIAL,
		spatialprops =
		{
			pos = { 0, 0, 0 },
			orient = { { 1, 0, 0 }, { 0, 1, 0 }, { 0, 0, 1 } }
		},
		audioprops =
		{
			attenuation = -6,
			pan = 0,
			dmin = 50,
			dmax = 1000,
			ain = 360,
			aout = 360,
			atout = 0,
			rmix = 0,
		},
		userprops =
		{
			category = "Audio",
		}
	},

	{
		entity_name = "civ_elite_1_engine_nd_small_2",
		type = SOUND,
		template_name = "engine_nd_small",
		lt_grp = 0, srt_grp = 0, usr_flg = 0,
		flags = SPATIAL,
		spatialprops =
		{
			pos = { 0, 0, 0 },
			orient = { { 1, 0, 0 }, { 0, 1, 0 }, { 0, 0, 1 } }
		},
		audioprops =
		{
			attenuation = 0,
			pan = 0,
			dmin = 50,
			dmax = 1000,
			ain = 360,
			aout = 360,
			atout = 0,
			rmix = 0,
		},
		userprops =
		{
			category = "Audio",
		}
	},

	{
		entity_name = "civ_elite_1_engine_nd_small_3",
		type = SOUND,
		template_name = "engine_nd_small",
		lt_grp = 0, srt_grp = 0, usr_flg = 0,
		flags = SPATIAL,
		spatialprops =
		{
			pos = { 0, 0, 0 },
			orient = { { 1, 0, 0 }, { 0, 1, 0 }, { 0, 0, 1 } }
		},
		audioprops =
		{
			attenuation = -6,
			pan = 0,
			dmin = 50,
			dmax = 1000,
			ain = 360,
			aout = 360,
			atout = 0,
			rmix = 0,
		},
		userprops =
		{
			category = "Audio",
		}
	},

	{
		entity_name = "civ_elite_1_engine_nd_small_4",
		type = SOUND,
		template_name = "engine_nd_small",
		lt_grp = 0, srt_grp = 0, usr_flg = 0,
		flags = SPATIAL,
		spatialprops =
		{
			pos = { 0, 0, 0 },
			orient = { { 1, 0, 0 }, { 0, 1, 0 }, { 0, 0, 1 } }
		},
		audioprops =
		{
			attenuation = -6,
			pan = 0,
			dmin = 50,
			dmax = 1000,
			ain = 360,
			aout = 360,
			atout = 0,
			rmix = 0,
		},
		userprops =
		{
			category = "Audio",
		}
	},

	{
		entity_name = "civ_fighter_1_engine_nd_small_5",
		type = SOUND,
		template_name = "engine_nd_small",
		lt_grp = 0, srt_grp = 0, usr_flg = 0,
		flags = SPATIAL,
		spatialprops =
		{
			pos = { 0, 0, 0 },
			orient = { { 1, 0, 0 }, { 0, 1, 0 }, { 0, 0, 1 } }
		},
		audioprops =
		{
			attenuation = 0,
			pan = 0,
			dmin = 50,
			dmax = 1000,
			ain = 360,
			aout = 360,
			atout = 0,
			rmix = 0,
		},
		userprops =
		{
			category = "Audio",
		}
	},

	{
		entity_name = "civ_fighter_1_engine_nd_small_6",
		type = SOUND,
		template_name = "engine_nd_small",
		lt_grp = 0, srt_grp = 0, usr_flg = 0,
		flags = SPATIAL,
		spatialprops =
		{
			pos = { 0, 0, 0 },
			orient = { { 1, 0, 0 }, { 0, 1, 0 }, { 0, 0, 1 } }
		},
		audioprops =
		{
			attenuation = -6,
			pan = 0,
			dmin = 50,
			dmax = 1000,
			ain = 360,
			aout = 360,
			atout = 0,
			rmix = 0,
		},
		userprops =
		{
			category = "Audio",
		}
	},

	{
		entity_name = "civ_fighter_1_engine_nd_small_7",
		type = SOUND,
		template_name = "engine_nd_small",
		lt_grp = 0, srt_grp = 0, usr_flg = 0,
		flags = SPATIAL,
		spatialprops =
		{
			pos = { 0, 0, 0 },
			orient = { { 1, 0, 0 }, { 0, 1, 0 }, { 0, 0, 1 } }
		},
		audioprops =
		{
			attenuation = -6,
			pan = 0,
			dmin = 50,
			dmax = 1000,
			ain = 360,
			aout = 360,
			atout = 0,
			rmix = 0,
		},
		userprops =
		{
			category = "Audio",
		}
	},

	{
		entity_name = "civ_fighter_1_engine_nd_small_8",
		type = SOUND,
		template_name = "engine_nd_small",
		lt_grp = 0, srt_grp = 0, usr_flg = 0,
		flags = SPATIAL,
		spatialprops =
		{
			pos = { 0, 0, 0 },
			orient = { { 1, 0, 0 }, { 0, 1, 0 }, { 0, 0, 1 } }
		},
		audioprops =
		{
			attenuation = -6,
			pan = 0,
			dmin = 50,
			dmax = 1000,
			ain = 360,
			aout = 360,
			atout = 0,
			rmix = 0,
		},
		userprops =
		{
			category = "Audio",
		}
	},

	{
		entity_name = "Camera_0",
		type = CAMERA,
		template_name = "",
		lt_grp = 0, srt_grp = 0, usr_flg = 0,
		flags = REFERENCE,
		spatialprops =
		{
			pos = { 19.00151, 95.4094, 289.4519 },
			orient = { {  0.999444,  0.000000, -0.033339 },
					   { -0.001635,  0.998796, -0.049023 },
					   {  0.033299,  0.049050,  0.998241 } }
		},
		cameraprops =
		{
			fovh = 60,
			hvaspect = 1.333333,
			nearplane = 0.1,
			farplane = 100000
		}
	}
};

events =
{
	{
		0.000, ATTACH_ENTITY, { "r_freighter_1_smallengine03_01", "r_freighter_1" },
		{
			duration = 60.000,
			offset = { 0, 0, 0 },
			up = Y_AXIS,
			front = NEG_Z_AXIS,
			target_part = "HpEngine01",
			target_type = HARDPOINT,
			flags = POSITION + ORIENTATION
		}
	},

	{
		0.000, ATTACH_ENTITY, { "l_freighter_1_smallengine03_02", "l_freighter_1" },
		{
			duration = 60.000,
			offset = { 0, 0, 0 },
			up = Y_AXIS,
			front = NEG_Z_AXIS,
			target_part = "HpEngine02",
			target_type = HARDPOINT,
			flags = POSITION + ORIENTATION
		}
	},

	{
		0.000, START_PSYS, { "b_elite_2_smallengine02_01" },
		{
			duration = 3.125
		}
	},

	{
		0.000, ATTACH_ENTITY, { "b_elite_2_smallengine02_02", "b_elite_2" },
		{
			duration = 60.000,
			offset = { 0, 0, 0 },
			up = Y_AXIS,
			front = NEG_Z_AXIS,
			target_part = "HpEngine02",
			target_type = HARDPOINT,
			flags = POSITION + ORIENTATION
		}
	},

	{
		0.000, ATTACH_ENTITY, { "b_elite_2_smallengine02_01", "b_elite_2" },
		{
			duration = 60.000,
			offset = { 0, 0, 0 },
			up = Y_AXIS,
			front = NEG_Z_AXIS,
			target_part = "HpEngine01",
			target_type = HARDPOINT,
			flags = POSITION + ORIENTATION
		}
	},

	{
		0.000, START_PSYS, { "b_elite_1_smallengine02_02" },
		{
			duration = 6.437
		}
	},

	{
