duration = 20.000;

entities =
{

	{
		entity_name = "Layer_Br_03_Trader_Hardpoint",
		type = SCENE,
		template_name = "",
		lt_grp = 0, srt_grp = 0, usr_flg = 0,
		spatialprops =
		{
			pos = { 0, 0, 0 },
			orient = { { 1, 0, 0 }, { 0, 1, 0 }, { 0, 0, 1 } }
		},
		up = Y_AXIS,
		front = Z_AXIS,
		ambient = { 148, 148, 148 }
	},

	{
		entity_name = "Set_Br_03_Trader",
		type = COMPOUND,
		template_name = "br_03_trader",
		lt_grp = 0, srt_grp = 0, usr_flg = 0,
		flags = LIT_AMBIENT,
		spatialprops =
		{
			pos = { 0, 0, 0 },
			orient = { { 1, 0, 0 }, { 0, 1, 0 }, { 0, 0, 1 } }
		},
		userprops =
		{
			category = "Room",
		}
	},

	{
		entity_name = "LtShadowSource",
		type = LIGHT,
		template_name = "",
		lt_grp = 0, srt_grp = 0, usr_flg = 0,
		spatialprops =
		{
			pos = { 0, 0, 0 },
			orient = { {  1.000000,  0.000000,  0.000000 },
					   {  0.000000,  0.000000,  1.000000 },
					   {  0.000000, -1.000000,  0.000000 } }
		},
		lightprops =
		{
			on = N,
			color = { 0, 0, 0 },
			diffuse = { 0, 0, 0 },
			specular = { 0, 0, 0 },
			ambient = { 0, 0, 0 },
			direction = { 0, 0, 1 },
			range = 2000,
			cutoff = 90,
			type = L_DIRECT,
			theta = 90,
			atten = { 1, 0, 4e-006 }
		}
	},

	{
		entity_name = "Zg/PC/Player/01/A/Stand",
		type = MARKER,
		template_name = "",
		lt_grp = 0, srt_grp = 0, usr_flg = 0,
		spatialprops =
		{
			pos = { 2.36796, 0, -0.322763 },
			orient = { {  0.814113,  0.000000,  0.580706 },
					   {  0.000000,  1.000000,  0.000000 },
					   { -0.580706,  0.000000,  0.814113 } }
		}
	},

	{
		entity_name = "Zs/NPC/Trader/01/A/Stand",
		type = MARKER,
		template_name = "",
		lt_grp = 0, srt_grp = 0, usr_flg = 0,
		spatialprops =
		{
			pos = { 3.012616, 0, -1.476192 },
			orient = { { -0.953756,  0.000000, -0.300583 },
					   {  0.000000,  1.000000,  0.000000 },
					   {  0.300583,  0.000000, -0.953756 } }
		}
	},

	{
		entity_name = "Camera_Wide",
		type = CAMERA,
		template_name = "",
		lt_grp = 0, srt_grp = 0, usr_flg = 0,
		spatialprops =
		{
			pos = { -9.55856, 22.11917, 8.196791 },
			orient = { {  0.850023,  0.000000,  0.526746 },
					   {  0.257971,  0.871866, -0.416294 },
					   { -0.459252,  0.489744,  0.741106 } }
		},
		cameraprops =
		{
			fovh = 35,
			hvaspect = 1.333333,
			nearplane = 0.2,
			farplane = 10000
		}
	},

	{
		entity_name = "HPCan01",
		type = MARKER,
		template_name = "",
		lt_grp = 0, srt_grp = 0, usr_flg = 0,
		spatialprops =
		{
			pos = { -4.600702, 0, -15.71152 },
			orient = { { -0.999997,  0.000000,  0.002523 },
					   {  0.000000,  1.000000,  0.000000 },
					   { -0.002523,  0.000000, -0.999997 } }
		}
	},

	{
		entity_name = "HPCan02",
		type = MARKER,
		template_name = "",
		lt_grp = 0, srt_grp = 0, usr_flg = 0,
		spatialprops =
		{
			pos = { -1.863683, 0, -15.75943 },
			orient = { { -0.999821,  0.000000,  0.018900 },
					   {  0.000000,  1.000000,  0.000000 },
					   { -0.018900,  0.000000, -0.999821 } }
		}
	},

	{
		entity_name = "HPCan03",
		type = MARKER,
		template_name = "",
		lt_grp = 0, srt_grp = 0, usr_flg = 0,
		spatialprops =
		{
			pos = { 1.558081, 0, -15.82412 },
			orient = { { -0.999821,  0.000000,  0.018900 },
					   {  0.000000,  1.000000,  0.000000 },
					   { -0.018900,  0.000000, -0.999821 } }
		}
	},

	{
		entity_name = "HPCan04",
		type = MARKER,
		template_name = "",
		lt_grp = 0, srt_grp = 0, usr_flg = 0,
		spatialprops =
		{
			pos = { 5.890295, 0, -15.90601 },
			orient = { { -0.999821,  0.000000,  0.018900 },
					   {  0.000000,  1.000000,  0.000000 },
					   { -0.018900,  0.000000, -0.999821 } }
		}
	},

	{
		entity_name = "HPCan05",
		type = MARKER,
		template_name = "",
		lt_grp = 0, srt_grp = 0, usr_flg = 0,
		spatialprops =
		{
			pos = { 13.98182, 0, -8.527802 },
			orient = { { -0.017877,  0.000000, -0.999840 },
					   {  0.000000,  1.000000,  0.000000 },
					   {  0.999840,  0.000000, -0.017877 } }
		}
	},

	{
		entity_name = "HPCan06",
		type = MARKER,
		template_name = "",
		lt_grp = 0, srt_grp = 0, usr_flg = 0,
		spatialprops =
		{
			pos = { 14.04582, 0, -4.948094 },
			orient = { { -0.017877,  0.000000, -0.999840 },
					   {  0.000000,  1.000000,  0.000000 },
					   {  0.999840,  0.000000, -0.017877 } }
		}
	},

	{
		entity_name = "Camera_0_FOV35",
		type = CAMERA,
		template_name = "",
		lt_grp = 0, srt_grp = 0, usr_flg = 0,
		spatialprops =
		{
			pos = { -1.908647, 1.600028, 1.704305 },
			orient = { {  0.463583,  0.000000,  0.886054 },
					   { -0.032295,  0.999336,  0.016897 },
					   { -0.885465, -0.036448,  0.463275 } }
		},
		cameraprops =
		{
			fovh = 35,
			hvaspect = 1.333333,
			nearplane = 0.2,
			farplane = 10000
		}
	},

	{
		entity_name = "HPCan07",
		type = MARKER,
		template_name = "",
		lt_grp = 0, srt_grp = 0, usr_flg = 0,
		spatialprops =
		{
			pos = { 14.22755, 0, 5.21559 },
			orient = { { -0.017877,  0.000000, -0.999840 },
					   {  0.000000,  1.000000,  0.000000 },
					   {  0.999840,  0.000000, -0.017877 } }
		}
	},

	{
		entity_name = "Zg/NPC/mFloor2/01/A/Stand",
		type = MARKER,
		template_name = "",
		lt_grp = 0, srt_grp = 0, usr_flg = 0,
		spatialprops =
		{
			pos = { 8.562705, 0, -10.59496 },
			orient = { { -0.999145,  0.000000, -0.041337 },
					   {  0.000000,  1.000000,  0.000000 },
					   {  0.041337,  0.000000, -0.999145 } }
		}
	},

	{
		entity_name = "Zg/NPC/mFloor2/01/B/Stand",
		type = MARKER,
		template_name = "",
		lt_grp = 0, srt_grp = 0, usr_flg = 0,
		spatialprops =
		{
			pos = { 9.098134, 0, -9.609461 },
			orient = { {  0.268403,  0.000000, -0.963307 },
					   {  0.000000,  1.000000,  0.000000 },
					   {  0.963307,  0.000000,  0.268403 } }
		}
	},

	{
		entity_name = "Zg/NPC/mFloor2/02/A/Stand",
		type = MARKER,
		template_name = "",
		lt_grp = 0, srt_grp = 0, usr_flg = 0,
		spatialprops =
		{
			pos = { 9.963645, 0, -0.959687 },
			orient = { { -0.602616,  0.000000, -0.798032 },
					   {  0.000000,  1.000000,  0.000000 },
					   {  0.798032,  0.000000, -0.602616 } }
		}
	},

	{
		entity_name = "Zg/NPC/mFloor2/02/B/Stand",
		type = MARKER,
		template_name = "",
		lt_grp = 0, srt_grp = 0, usr_flg = 0,
		spatialprops =
		{
			pos = { 10.12266, 0, 0.319873 },
			orient = { {  0.894230,  0.000000, -0.447607 },
					   {  0.000000,  1.000000,  0.000000 },
					   {  0.447607,  0.000000,  0.894230 } }
		}
	},

	{
		entity_name = "Zs/NPC/mFloor2/01/AC2/Camera",
		type = CAMERA,
		template_name = "",
		lt_grp = 0, srt_grp = 0, usr_flg = 0,
		flags = HIDDEN,
		spatialprops =
		{
			pos = { 7.494591, 1.730254, -9.358319 },
			orient = { {  0.532464,  0.000000,  0.846452 },
					   {  0.171838,  0.979177, -0.108096 },
					   { -0.828826,  0.203010,  0.521377 } }
		},
		cameraprops =
		{
			fovh = 30,
			hvaspect = 1.85,
			nearplane = 0.2,
			farplane = 5000
		}
	},

	{
		entity_name = "Zs/NPC/mFloor2/01/ACOH/Camera",
		type = CAMERA,
		template_name = "",
		lt_grp = 0, srt_grp = 0, usr_flg = 0,
		flags = HIDDEN,
		spatialprops =
		{
			pos = { 8.274266, 1.709502, -9.246654 },
			orient = { {  0.905139,  0.000000,  0.425116 },
					   {  0.060852,  0.989702, -0.129564 },
					   { -0.420738,  0.143143,  0.895818 } }
		},
		cameraprops =
		{
			fovh = 25,
			hvaspect = 1.85,
			nearplane = 0.2,
			farplane = 5000
		}
	},

	{
		entity_name = "Zs/NPC/mFloor2/01/ACS/Camera",
		type = CAMERA,
		template_name = "",
		lt_grp = 0, srt_grp = 0, usr_flg = 0,
		flags = HIDDEN,
		spatialprops =
		{
			pos = { 8.342911, 1.698392, -9.524211 },
			orient = { {  0.925358,  0.000000,  0.379095 },
					   {  0.041518,  0.993985, -0.101344 },
					   { -0.376815,  0.109519,  0.919791 } }
		},
		cameraprops =
		{
			fovh = 25,
			hvaspect = 1.85,
			nearplane = 0.2,
			farplane = 5000
		}
	},

	{
		entity_name = "Zs/NPC/mFloor2/01/ACU/Camera",
		type = CAMERA,
		template_name = "",
		lt_grp = 0, srt_grp = 0, usr_flg = 0,
		flags = HIDDEN,
		spatialprops =
		{
			pos = { 8.364546, 1.694257, -9.776833 },
			orient = { {  0.935189,  0.000000,  0.354150 },
					   {  0.024034,  0.997695, -0.063464 },
					   { -0.353333,  0.067863,  0.933033 } }
		},
		cameraprops =
		{
			fovh = 25,
			hvaspect = 1.85,
			nearplane = 0.2,
			farplane = 5000
		}
	},

	{
		entity_name = "Zs/NPC/mFloor2/01/PC2/Camera",
		type = CAMERA,
		template_name = "",
		lt_grp = 0, srt_grp = 0, usr_flg = 0,
		flags = HIDDEN,
		spatialprops =
		{
			pos = { 7.373687, 1.675523, -10.52374 },
			orient = { { -0.291535,  0.000000,  0.956560 },
					   {  0.146644,  0.988179,  0.044693 },
					   { -0.945253,  0.153304, -0.288089 } }
		},
		cameraprops =
		{
			fovh = 30,
			hvaspect = 1.85,
			nearplane = 0.2,
			farplane = 5000
		}
	},

	{
		entity_name = "Zs/NPC/mFloor2/01/P2/Stand",
		type = MARKER,
		template_name = "",
		lt_grp = 0, srt_grp = 0, usr_flg = 0,
		spatialprops =
		{
			pos = { 8.664083, 0, -9.637327 },
			orient = { {  0.951661,  0.000000, -0.307150 },
					   {  0.000000,  1.000000,  0.000000 },
					   {  0.307150,  0.000000,  0.951661 } }
		}
	},

	{
		entity_name = "Zs/NPC/mFloor2/01/PCO/Camera",
		type = CAMERA,
		template_name = "",
		lt_grp = 0, srt_grp = 0, usr_flg = 0,
		flags = HIDDEN,
		spatialprops =
		{
			pos = { 8.118134, 1.694854, -10.88993 },
			orient = { { -0.813236,  0.000000,  0.581934 },
					   {  0.073675,  0.991953,  0.102959 },
					   { -0.577251,  0.126604, -0.806692 } }
		},
		cameraprops =
		{
			fovh = 25,
			hvaspect = 1.85,
			nearplane = 0.2,
			farplane = 5000
		}
	},

	{
		entity_name = "Zs/NPC/mFloor2/01/PCS/Camera",
		type = CAMERA,
		template_name = "",
		lt_grp = 0, srt_grp = 0, usr_flg = 0,
		flags = HIDDEN,
		spatialprops =
		{
			pos = { 8.127236, 1.670428, -10.61024 },
			orient = { { -0.765514,  0.000000,  0.643420 },
					   {  0.057566,  0.995990,  0.068490 },
					   { -0.640839,  0.089469, -0.762444 } }
		},
		cameraprops =
		{
			fovh = 25,
			hvaspect = 1.85,
			nearplane = 0.2,
			farplane = 5000
		}
	},

	{
		entity_name = "Zs/NPC/mFloor2/01/PCU/Camera",
		type = CAMERA,
		template_name = "",
		lt_grp = 0, srt_grp = 0, usr_flg = 0,
		flags = HIDDEN,
		spatialprops =
		{
			pos = { 8.330675, 1.697235, -10.3401 },
			orient = { { -0.843316,  0.000000,  0.537418 },
					   {  0.038583,  0.997419,  0.060545 },
					   { -0.536031,  0.071794, -0.841140 } }
		},
		cameraprops =
		{
			fovh = 25,
			hvaspect = 1.85,
			nearplane = 0.2,
			farplane = 5000
		}
	},

	{
		entity_name = "Zs/NPC/mFloor2/01/TCI/Camera",
		type = CAMERA,
		template_name = "",
		lt_grp = 0, srt_grp = 0, usr_flg = 0,
		flags = HIDDEN,
		spatialprops =
		{
			pos = { 8.278769, 1.992515, -9.490027 },
			orient = { {  0.938473,  0.000000,  0.345352 },
					   {  0.260237,  0.657401, -0.707178 },
					   { -0.227035,  0.753541,  0.616953 } }
		},
		cameraprops =
		{
			fovh = 15,
			hvaspect = 1.85,
			nearplane = 0.2,
			farplane = 5000
		}
	},

	{
		entity_name = "Zs/NPC/mFloor2/01/WFC/Camera",
		type = CAMERA,
		template_name = "",
		lt_grp = 0, srt_grp = 0, usr_flg = 0,
		flags = HIDDEN,
		spatialprops =
		{
			pos = { 6.952949, 0.239825, -12.11494 },
			orient = { { -0.877083,  0.000000,  0.480339 },
					   { -0.178328,  0.928531, -0.325621 },
					   { -0.446009, -0.371254, -0.814399 } }
		},
		cameraprops =
		{
			fovh = 30,
			hvaspect = 1.85,
			nearplane = 0.2,
			farplane = 5000
		}
	},

	{
		entity_name = "HPCan08",
		type = MARKER,
		template_name = "",
		lt_grp = 0, srt_grp = 0, usr_flg = 0,
		spatialprops =
		{
			pos = { 14.29093, 0, 8.760735 },
			orient = { { -0.017877,  0.000000, -0.999840 },
					   {  0.000000,  1.000000,  0.000000 },
					   {  0.999840,  0.000000, -0.017877 } }
		}
	},

	{
		entity_name = "Zs/NPC/mFloor2/02/AC2/Camera",
		type = CAMERA,
		template_name = "",
		lt_grp = 0, srt_grp = 0, usr_flg = 0,
		flags = HIDDEN,
		spatialprops =
		{
			pos = { 8.439798, 1.748715, -1.02196 },
			orient = { { -0.353496,  0.000000,  0.935436 },
					   {  0.205918,  0.975471,  0.077815 },
					   { -0.912490,  0.220130, -0.344825 } }
		},
		cameraprops =
		{
			fovh = 30,
			hvaspect = 1.85,
			nearplane = 0.2,
			farplane = 5000
		}
	},

	{
		entity_name = "Zs/NPC/mFloor2/02/ACOH/Camera",
		type = CAMERA,
		template_name = "",
		lt_grp = 0, srt_grp = 0, usr_flg = 0,
		flags = HIDDEN,
		spatialprops =
		{
			pos = { 8.735196, 1.737033, -0.342127 },
			orient = { {  0.216230,  0.000000,  0.976342 },
					   {  0.165125,  0.985594, -0.036570 },
					   { -0.962278,  0.169126,  0.213115 } }
		},
		cameraprops =
		{
			fovh = 25,
			hvaspect = 1.85,
			nearplane = 0.2,
			farplane = 5000
		}
	},

	{
		entity_name = "Zs/NPC/mFloor2/02/ACS/Camera",
		type = CAMERA,
		template_name = "",
		lt_grp = 0, srt_grp = 0, usr_flg = 0,
		flags = HIDDEN,
		spatialprops =
		{
			pos = { 8.930542, 1.678065, -0.548396 },
			orient = { {  0.193379,  0.000000,  0.981124 },
					   {  0.094610,  0.995340, -0.018648 },
					   { -0.976552,  0.096430,  0.192478 } }
		},
		cameraprops =
		{
			fovh = 25,
			hvaspect = 1.85,
			nearplane = 0.2,
			farplane = 5000
		}
	},

	{
		entity_name = "Zs/NPC/mFloor2/02/ACU/Camera",
		type = CAMERA,
		template_name = "",
		lt_grp = 0, srt_grp = 0, usr_flg = 0,
		flags = HIDDEN,
		spatialprops =
		{
			pos = { 9.241852, 1.674175, -0.591312 },
			orient = { {  0.320445,  0.000000,  0.947267 },
					   {  0.035366,  0.999303, -0.011964 },
					   { -0.946607,  0.037335,  0.320222 } }
		},
		cameraprops =
		{
			fovh = 25,
			hvaspect = 1.85,
			nearplane = 0.2,
			farplane = 5000
		}
	},

	{
		entity_name = "Zs/NPC/mFloor2/02/PC2/Camera",
		type = CAMERA,
		template_name = "",
		lt_grp = 0, srt_grp = 0, usr_flg = 0,
		flags = HIDDEN,
		spatialprops =
		{
			pos = { 9.195091, 1.730054, -1.749441 },
			orient = { { -0.932187,  0.000000,  0.361976 },
					   {  0.072565,  0.979700,  0.186875 },
					   { -0.354628,  0.200469, -0.913264 } }
		},
		cameraprops =
		{
			fovh = 30,
			hvaspect = 1.85,
			nearplane = 0.2,
			farplane = 5000
		}
	},

	{
		entity_name = "Zs/NPC/mFloor2/02/PCO/Camera",
		type = CAMERA,
		template_name = "",
		lt_grp = 0, srt_grp = 0, usr_flg = 0,
		flags = HIDDEN,
		spatialprops =
		{
			pos = { 9.888648, 1.710094, -1.542728 },
			orient = { { -0.968250,  0.000000, -0.249984 },
					   { -0.036985,  0.988995,  0.143254 },
					   {  0.247232,  0.147951, -0.957594 } }
		},
		cameraprops =
		{
			fovh = 25,
			hvaspect = 1.85,
			nearplane = 0.2,
			farplane = 5000
		}
	},

	{
		entity_name = "Zs/NPC/mFloor2/02/PCS/Camera",
		type = CAMERA,
		template_name = "",
		lt_grp = 0, srt_grp = 0, usr_flg = 0,
		flags = HIDDEN,
		spatialprops =
		{
			pos = { 9.683926, 1.711877, -1.374336 },
			orient = { { -0.981520,  0.000000, -0.191357 },
					   { -0.024596,  0.991705,  0.126159 },
					   {  0.189770,  0.128534, -0.973379 } }
		},
		cameraprops =
		{
			fovh = 25,
			hvaspect = 1.85,
			nearplane = 0.2,
			farplane = 5000
		}
	},

	{
		entity_name = "Zs/NPC/mFloor2/02/PCU/Camera",
		type = CAMERA,
		template_name = "",
		lt_grp = 0, srt_grp = 0, usr_flg = 0,
		flags = HIDDEN,
		spatialprops =
		{
			pos = { 9.578305, 1.714777, -1.01642 },
			orient = { { -0.964572,  0.000000, -0.263820 },
					   { -0.024674,  0.995617,  0.090213 },
					   {  0.262664,  0.093527, -0.960344 } }
		},
		cameraprops =
		{
			fovh = 25,
			hvaspect = 1.85,
			nearplane = 0.2,
			farplane = 5000
		}
	},

	{
		entity_name = "Zs/NPC/mFloor2/02/TCI/Camera",
		type = CAMERA,
		template_name = "",
		lt_grp = 0, srt_grp = 0, usr_flg = 0,
		flags = HIDDEN,
		spatialprops =
		{
			pos = { 8.879831, 2.104394, -0.468868 },
			orient = { {  0.335060,  0.000000,  0.942197 },
					   {  0.712763,  0.654005, -0.253469 },
					   { -0.616202,  0.756490,  0.219131 } }
		},
		cameraprops =
		{
			fovh = 15,
			hvaspect = 1.85,
			nearplane = 0.2,
			farplane = 5000
		}
	},

	{
		entity_name = "Zs/NPC/mFloor2/02/WFC/Camera",
		type = CAMERA,
		template_name = "",
		lt_grp = 0, srt_grp = 0, usr_flg = 0,
		flags = HIDDEN,
		spatialprops =
		{
			pos = { 5.377252, 0.127979, -0.176658 },
			orient = { {  0.123060,  0.000000,  0.992399 },
					   { -0.232681,  0.972125,  0.028853 },
					   { -0.964736, -0.234463,  0.119630 } }
		},
		cameraprops =
		{
			fovh = 30,
			hvaspect = 1.85,
			nearplane = 0.2,
			farplane = 5000
		}
	},

	{
		entity_name = "Zs/NPC/mFloor2/02/P2/Stand",
		type = MARKER,
		template_name = "",
		lt_grp = 0, srt_grp = 0, usr_flg = 0,
		spatialprops =
		{
			pos = { 9.270746, 0, -0.284984 },
			orient = { {  0.812622,  0.000000,  0.582791 },
					   {  0.000000,  1.000000,  0.000000 },
					   { -0.582791,  0.000000,  0.812622 } }
		}
	},

	{
		entity_name = "LtGlareSource",
		type = LIGHT,
		template_name = "",
		lt_grp = 0, srt_grp = 0, usr_flg = 0,
		spatialprops =
		{
			pos = { -1.908647, 11.6, 1.704305 },
			orient = { {  1.000000,  0.000000,  0.000000 },
					   {  0.000000,  0.000000,  1.000000 },
					   {  0.000000, -1.000000,  0.000000 } }
		},
		lightprops =
		{
			on = N,
			color = { 255, 255, 255 },
			diffuse = { 0.164706, 0.164706, 0.164706 },
			specular = { 0, 0, 0 },
			ambient = { 0, 0, 0 },
			direction = { 0, 0, 1 },
			range = 2000,
			cutoff = 98.99998,
			type = L_POINT,
			theta = 90,
			atten = { 1, 0, 4e-006 }
		}
	},

	{
		entity_name = "Zs/NPC/mFloor2/02/P/Stand",
		type = MARKER,
		template_name = "",
		lt_grp = 0, srt_grp = 0, usr_flg = 0,
		spatialprops =
		{
			pos = { 9.005013, -0.0054, 0.154867 },
			orient = { {  0.812622,  0.000000,  0.582791 },
					   {  0.000000,  1.000000,  0.000000 },
					   { -0.582791,  0.000000,  0.812622 } }
		}
	},

	{
		entity_name = "Zs/NPC/mFloor2/01/P/Stand",
		type = MARKER,
		template_name = "",
		lt_grp = 0, srt_grp = 0, usr_flg = 0,
		spatialprops =
		{
			pos = { 8.859882, -0.0054, -9.1622 },
			orient = { {  0.951661,  0.000000, -0.307150 },
					   {  0.000000,  1.000000,  0.000000 },
					   {  0.307150,  0.000000,  0.951661 } }
		}
	},

	{
		entity_name = "Camera_0",
		type = CAMERA,
		template_name = "",
		lt_grp = 0, srt_grp = 0, usr_flg = 0,
		spatialprops =
		{
			pos = { -1.908647, 1.600028, 1.704305 },
			orient = { {  0.463583,  0.000000,  0.886054 },
					   { -0.032295,  0.999336,  0.016897 },
					   { -0.885465, -0.036448,  0.463275 } }
		},
		cameraprops =
		{
			fovh = 30,
			hvaspect = 1.333333,
			nearplane = 0.2,
			farplane = 10000
		}
	},

	{
		entity_name = "Bin_contraband_3_1",
		type = COMPOUND,
		template_name = "StackGreen_Refgoods",
		lt_grp = 3, srt_grp = 0, usr_flg = 0,
		flags = LIT_DYNAMIC,
		spatialprops =
		{
			pos = { -4.600702, 0.378814, -15.71151 },
			orient = { { -0.999997,  0.000000,  0.002523 },
					   {  0.000000,  1.000000,  0.000000 },
					   { -0.002523,  0.000000, -0.999997 } }
		},
		userprops =
		{
			category = "Equipment",
			Priority = "Bin_1",
		}
	},

	{
		entity_name = "Bin_contraband_3_2",
		type = COMPOUND,
		template_name = "StackGreen_Refgoods",
		lt_grp = 3, srt_grp = 0, usr_flg = 0,
		flags = LIT_DYNAMIC,
		spatialprops =
		{
			pos = { -1.863683, 0.385827, -15.75944 },
			orient = { { -0.999821,  0.000000,  0.018900 },
					   {  0.000000,  1.000000,  0.000000 },
					   { -0.018900,  0.000000, -0.999821 } }
		},
		userprops =
		{
			category = "Equipment",
			Priority = "Bin_1",
		}
	},

	{
		entity_name = "Bin_contraband_3_3",
		type = COMPOUND,
		template_name = "StackGrey_hivalue",
		lt_grp = 3, srt_grp = 0, usr_flg = 0,
		flags = LIT_DYNAMIC,
		spatialprops =
		{
			pos = { 1.005081, 0.379085, -15.81367 },
			orient = { { -0.999821,  0.000000,  0.018900 },
					   {  0.000000,  1.000000,  0.000000 },
					   { -0.018900,  0.000000, -0.999821 } }
		},
		userprops =
		{
			category = "Equipment",
			Priority = "Bin_1",
		}
	},

	{
		entity_name = "Bin_contraband_3_4",
		type = COMPOUND,
		template_name = "StackGrey_hivalue",
		lt_grp = 3, srt_grp = 0, usr_flg = 0,
		flags = LIT_DYNAMIC,
		spatialprops =
		{
			pos = { 4.027953, 0.380784, -15.87082 },
			orient = { { -0.999821,  0.000000,  0.018900 },
					   {  0.000000,  1.000000,  0.000000 },
					   { -0.018900,  0.000000, -0.999821 } }
		},
		userprops =
		{
			category = "Equipment",
			Priority = "Bin_1",
		}
	},

	{
		entity_name = "Bin_contraband_3_5",
		type = COMPOUND,
		template_name = "StackGrey_hivalue",
		lt_grp = 3, srt_grp = 0, usr_flg = 0,
		flags = LIT_DYNAMIC,
		spatialprops =
		{
			pos = { 7.272495, 0.374152, -15.93216 },
			orient = { { -0.999821,  0.000000,  0.018900 },
					   {  0.000000,  1.000000,  0.000000 },
					   { -0.018900,  0.000000, -0.999821 } }
		},
		userprops =
		{
			category = "Equipment",
			Priority = "Bin_1",
		}
	},

	{
		entity_name = "Bin_contraband_3_6",
		type = COMPOUND,
		template_name = "Stackwhite_liquidgas",
		lt_grp = 3, srt_grp = 0, usr_flg = 0,
		flags = LIT_DYNAMIC,
		spatialprops =
		{
			pos = { -7.4004, 0.374776, -15.70444 },
			orient = { { -0.999997,  0.000000,  0.002523 },
					   {  0.000000,  1.000000,  0.000000 },
					   { -0.002523,  0.000000, -0.999997 } }
		},
		userprops =
		{
			category = "Equipment",
			Priority = "Bin_1",
		}
	},

	{
		entity_name = "Bin_contraband_3_7",
		type = COMPOUND,
		template_name = "Stackred_lightgoods",
		lt_grp = 3, srt_grp = 0, usr_flg = 0,
		flags = LIT_DYNAMIC,
		spatialprops =
		{
			pos = { 14.40739, 0.386208, -8.512753 },
			orient = { { -0.023088,  0.000000, -0.999733 },
					   {  0.000000,  1.000000,  0.000000 },
					   {  0.999733,  0.000000, -0.023088 } }
		},
		userprops =
		{
			category = "Equipment",
			Priority = "Bin_1",
		}
	},

	{
		entity_name = "Bin_contraband_3_8",
		type = COMPOUND,
		template_name = "Stackred_lightgoods",
		lt_grp = 3, srt_grp = 0, usr_flg = 0,
		flags = LIT_DYNAMIC,
		spatialprops =
		{
			pos = { 14.48288, 0.381409, -5.243952 },
			orient = { { -0.023088,  0.000000, -0.999733 },
					   {  0.000000,  1.000000,  0.000000 },
					   {  0.999733,  0.000000, -0.023088 } }
		},
		userprops =
		{
			category = "Equipment",
			Priority = "Bin_1",
		}
	},

	{
		entity_name = "Bin_contraband_3_9",
		type = COMPOUND,
		template_name = "Stackdrab_oremetals",
		lt_grp = 3, srt_grp = 0, usr_flg = 0,
		flags = LIT_DYNAMIC,
		spatialprops =
		{
			pos = { 14.69516, 0.342324, 3.947832 },
			orient = { { -0.023088,  0.000000, -0.999733 },
					   {  0.000000,  1.000000,  0.000000 },
					   {  0.999733,  0.000000, -0.023088 } }
		},
		userprops =
		{
			category = "Equipment",
			Priority = "Bin_1",
		}
	},

	{
		entity_name = "Zs/NPC/Trader/01/AC2/Camera",
		type = CAMERA,
		template_name = "",
		lt_grp = 0, srt_grp = 0, usr_flg = 0,
		flags = HIDDEN,
		spatialprops =
		{
			pos = { 3.853661, 1.677214, 0.291047 },
			orient = { {  0.701665,  0.000000, -0.712507 },
					   { -0.120420,  0.985614, -0.118588 },
					   {  0.702257,  0.169009,  0.691571 } }
		},
		cameraprops =
		{
			fovh = 30,
			hvaspect = 1.85,
			nearplane = 0.2,
			farplane = 5000
		}
	},

	{
		entity_name = "Zs/NPC/Trader/01/ACOH/Camera",
		type = CAMERA,
		template_name = "",
		lt_grp = 0, srt_grp = 0, usr_flg = 0,
		flags = HIDDEN,
		spatialprops =
		{
			pos = { 2.57609, 1.7645, 0.224591 },
			orient = { {  0.999758,  0.000000,  0.021984 },
					   {  0.003933,  0.983872, -0.178831 },
					   { -0.021630,  0.178874,  0.983634 } }
		},
		cameraprops =
		{
			fovh = 25,
			hvaspect = 1.85,
			nearplane = 0.2,
			farplane = 5000
		}
	},

	{
		entity_name = "Zs/NPC/Trader/01/ACS/Camera",
		type = CAMERA,
		template_name = "",
		lt_grp = 0, srt_grp = 0, usr_flg = 0,
		flags = HIDDEN,
		spatialprops =
		{
			pos = { 2.805312, 1.596471, -0.167251 },
			orient = { {  0.999887,  0.000000, -0.015054 },
					   { -0.000500,  0.999447, -0.033247 },
					   {  0.015045,  0.033251,  0.999334 } }
		},
		cameraprops =
		{
			fovh = 25,
			hvaspect = 1.85,
			nearplane = 0.2,
			farplane = 5000
		}
	},

	{
		entity_name = "Zs/NPC/Trader/01/P/Stand",
		type = MARKER,
		template_name = "",
		lt_grp = 0, srt_grp = 0, usr_flg = 0,
		spatialprops =
		{
			pos = { 2.182755, -0.0054, 0.150761 },
			orient = { {  0.770614,  0.000000,  0.637302 },
					   {  0.000000,  1.000000,  0.000000 },
					   { -0.637302,  0.000000,  0.770614 } }
		}
	},

	{
		entity_name = "Zs/NPC/Trader/01/P2/Stand",
		type = MARKER,
		template_name = "",
		lt_grp = 0, srt_grp = 0, usr_flg = 0,
		spatialprops =
		{
			pos = { 2.478112, 0, -0.269772 },
			orient = { {  0.770614,  0.000000,  0.637302 },
					   {  0.000000,  1.000000,  0.000000 },
					   { -0.637302,  0.000000,  0.770614 } }
		}
	},

	{
		entity_name = "Zs/NPC/Trader/01/PC2/Camera",
		type = CAMERA,
		template_name = "",
		lt_grp = 0, srt_grp = 0, usr_flg = 0,
		flags = HIDDEN,
		spatialprops =
		{
			pos = { 4.280486, 1.731246, -1.01356 },
			orient = { { -0.050527,  0.000000, -0.998723 },
					   { -0.208477,  0.977970,  0.010547 },
					   {  0.976721,  0.208743, -0.049414 } }
		},
		cameraprops =
		{
			fovh = 30,
			hvaspect = 1.85,
			nearplane = 0.2,
			farplane = 5000
		}
	},

	{
		entity_name = "Zs/NPC/Trader/01/PCO/Camera",
		type = CAMERA,
		template_name = "",
		lt_grp = 0, srt_grp = 0, usr_flg = 0,
		flags = HIDDEN,
		spatialprops =
		{
			pos = { 3.501294, 1.790054, -1.607259 },
			orient = { { -0.586081,  0.000000, -0.810252 },
					   { -0.169360,  0.977911,  0.122503 },
					   {  0.792355,  0.209021, -0.573135 } }
		},
		cameraprops =
		{
			fovh = 25,
			hvaspect = 1.85,
			nearplane = 0.2,
			farplane = 5000
		}
	},

	{
		entity_name = "Zs/NPC/Trader/01/PCS/Camera",
		type = CAMERA,
		template_name = "",
		lt_grp = 0, srt_grp = 0, usr_flg = 0,
		flags = HIDDEN,
		spatialprops =
		{
			pos = { 3.253772, 1.614689, -1.215781 },
			orient = { { -0.600662,  0.000000, -0.799503 },
					   { -0.044686,  0.998437,  0.033573 },
					   {  0.798254,  0.055893, -0.599723 } }
		},
		cameraprops =
		{
			fovh = 25,
			hvaspect = 1.85,
			nearplane = 0.2,
			farplane = 5000
		}
	}
};

events =
{
	{
		0.000, START_FOG_PROP_ANIM, { "Layer_Br_03_Trader_Hardpoint" },
		{
			duration = 0.100,
			fogprops =
			{
				fogon = Y,
				fogtable = N,
				fogcolor = { 60, 60, 40 },
				fogmode = F_LINEAR,
				fogstart = 0,
				fogend = 100,
				fogdensity = 0
			}
		}
	}
};
