duration = 20.000;

entities =
{

	{
		entity_name = "Layer_Br_05_Commons_Ambi",
		type = SCENE,
		template_name = "",
		lt_grp = 0, srt_grp = 0, usr_flg = 0,
		spatialprops =
		{
			pos = { 0, 0, 0 },
			orient = { { 1, 0, 0 }, { 0, 1, 0 }, { 0, 0, 1 } }
		},
		up = Y_AXIS,
		front = Z_AXIS,
		ambient = { 128, 128, 128 }
	},

	{
		entity_name = "LtFlM01",
		type = LIGHT,
		template_name = "",
		lt_grp = 0, srt_grp = 0, usr_flg = 0,
		spatialprops =
		{
			pos = { 2.695804, 1.186705, -2.820603 },
			orient = { {  0.635026,  0.000000,  0.772491 },
					   {  0.000000,  1.000000,  0.000000 },
					   { -0.772491,  0.000000,  0.635026 } }
		},
		lightprops =
		{
			on = Y,
			color = { 205, 193, 156 },
			diffuse = { 0.803922, 0.756863, 0.611765 },
			specular = { 0, 0, 0 },
			ambient = { 0, 0, 0 },
			direction = { 0, 0, 1 },
			range = 10,
			cutoff = 180,
			type = L_POINT,
			theta = 180,
			atten = { 1, 0, 0.16 }
		}
	},

	{
		entity_name = "LtFlM02",
		type = LIGHT,
		template_name = "",
		lt_grp = 0, srt_grp = 0, usr_flg = 0,
		spatialprops =
		{
			pos = { 2.70933, 1.186, -0.192904 },
			orient = { { -0.999998,  0.000000,  0.001795 },
					   {  0.000000,  1.000000,  0.000000 },
					   { -0.001795,  0.000000, -0.999998 } }
		},
		lightprops =
		{
			on = Y,
			color = { 205, 193, 156 },
			diffuse = { 0.803922, 0.756863, 0.611765 },
			specular = { 0, 0, 0 },
			ambient = { 0, 0, 0 },
			direction = { 0, 0, 1 },
			range = 10,
			cutoff = 180,
			type = L_POINT,
			theta = 180,
			atten = { 1, 0, 0.16 }
		}
	},

	{
		entity_name = "LtFlM03",
		type = LIGHT,
		template_name = "",
		lt_grp = 0, srt_grp = 0, usr_flg = 0,
		spatialprops =
		{
			pos = { 2.675607, 1.186, 2.089122 },
			orient = { {  0.666212,  0.000000, -0.745762 },
					   {  0.000000,  1.000000,  0.000000 },
					   {  0.745762,  0.000000,  0.666212 } }
		},
		lightprops =
		{
			on = Y,
			color = { 205, 193, 156 },
			diffuse = { 0.803922, 0.756863, 0.611765 },
			specular = { 0, 0, 0 },
			ambient = { 0, 0, 0 },
			direction = { 0, 0, 1 },
			range = 10,
			cutoff = 180,
			type = L_POINT,
			theta = 180,
			atten = { 1, 0, 0.16 }
		}
	},

	{
		entity_name = "LtFlM04",
		type = LIGHT,
		template_name = "",
		lt_grp = 0, srt_grp = 0, usr_flg = 0,
		spatialprops =
		{
			pos = { 2.680678, 1.186, 4.628856 },
			orient = { {  0.666212,  0.000000, -0.745762 },
					   {  0.000000,  1.000000,  0.000000 },
					   {  0.745762,  0.000000,  0.666212 } }
		},
		lightprops =
		{
			on = Y,
			color = { 205, 193, 156 },
			diffuse = { 0.803922, 0.756863, 0.611765 },
			specular = { 0, 0, 0 },
			ambient = { 0, 0, 0 },
			direction = { 0, 0, 1 },
			range = 10,
			cutoff = 180,
			type = L_POINT,
			theta = 180,
			atten = { 1, 0, 0.16 }
		}
	},

	{
		entity_name = "LtPtBluFlr05",
		type = LIGHT,
		template_name = "",
		lt_grp = 0, srt_grp = 0, usr_flg = 0,
		spatialprops =
		{
			pos = { -4.055615, 2.523631, 8.845632 },
			orient = { {  0.666212,  0.000000, -0.745762 },
					   {  0.000000,  1.000000,  0.000000 },
					   {  0.745762,  0.000000,  0.666212 } }
		},
		lightprops =
		{
			on = Y,
			color = { 119, 226, 249 },
			diffuse = { 0.466667, 0.886275, 0.976471 },
			specular = { 0, 0, 0 },
			ambient = { 0, 0, 0 },
			direction = { 0, 0, 1 },
			range = 16,
			cutoff = 180,
			type = L_POINT,
			theta = 180,
			atten = { 1, 0, 0.0625 }
		}
	},

	{
		entity_name = "LtTbM01",
		type = LIGHT,
		template_name = "",
		lt_grp = 0, srt_grp = 0, usr_flg = 0,
		spatialprops =
		{
			pos = { 6.161928, 1.034107, -0.390007 },
			orient = { {  0.635026,  0.000000,  0.772491 },
					   {  0.000000,  1.000000,  0.000000 },
					   { -0.772491,  0.000000,  0.635026 } }
		},
		lightprops =
		{
			on = Y,
			color = { 205, 193, 156 },
			diffuse = { 0.803922, 0.756863, 0.611765 },
			specular = { 0, 0, 0 },
			ambient = { 0, 0, 0 },
			direction = { 0, 0, 1 },
			range = 4,
			cutoff = 180,
			type = L_POINT,
			theta = 180,
			atten = { 1, 0, 1 }
		}
	},

	{
		entity_name = "LtTbM02",
		type = LIGHT,
		template_name = "",
		lt_grp = 0, srt_grp = 0, usr_flg = 0,
		spatialprops =
		{
			pos = { 5.459629, 1.600982, 4.672988 },
			orient = { {  0.635026,  0.000000,  0.772491 },
					   {  0.000000,  1.000000,  0.000000 },
					   { -0.772491,  0.000000,  0.635026 } }
		},
		lightprops =
		{
			on = Y,
			color = { 205, 193, 156 },
			diffuse = { 0.803922, 0.756863, 0.611765 },
			specular = { 0, 0, 0 },
			ambient = { 0, 0, 0 },
			direction = { 0, 0, 1 },
			range = 4,
			cutoff = 180,
			type = L_POINT,
			theta = 180,
			atten = { 1, 0, 1 }
		}
	},

	{
		entity_name = "LtInfBlu01",
		type = LIGHT,
		template_name = "",
		lt_grp = 0, srt_grp = 0, usr_flg = 0,
		spatialprops =
		{
			pos = { 0, 0, 0 },
			orient = { { -0.777336, -0.075376,  0.624554 },
					   { -0.312737,  0.907728, -0.279689 },
					   { -0.545843, -0.412734, -0.729182 } }
		},
		lightprops =
		{
			on = Y,
			color = { 111, 181, 215 },
			diffuse = { 0.435294, 0.709804, 0.843137 },
			specular = { 0, 0, 0 },
			ambient = { 0, 0, 0 },
			direction = { 0, 0, 1 },
			range = 2000,
			cutoff = 120,
			type = L_DIRECT,
			theta = 144,
			atten = { 1, 0, 4e-006 }
		}
	},

	{
		entity_name = "LtInfPnk01",
		type = LIGHT,
		template_name = "",
		lt_grp = 0, srt_grp = 0, usr_flg = 0,
		spatialprops =
		{
			pos = { 0, 0, 0 },
			orient = { { -0.862270,  0.347014,  0.368878 },
					   { -0.501776, -0.684074, -0.529399 },
					   {  0.068631, -0.641580,  0.763980 } }
		},
		lightprops =
		{
			on = Y,
			color = { 221, 174, 200 },
			diffuse = { 0.866667, 0.682353, 0.784314 },
			specular = { 0, 0, 0 },
			ambient = { 0, 0, 0 },
			direction = { 0, 0, 1 },
			range = 2000,
			cutoff = 120,
			type = L_DIRECT,
			theta = 144,
			atten = { 1, 0, 4e-006 }
		}
	},

	{
		entity_name = "LtBar01",
		type = LIGHT,
		template_name = "",
		lt_grp = 0, srt_grp = 0, usr_flg = 0,
		spatialprops =
		{
			pos = { 2.262569, 1.605455, -3.615698 },
			orient = { { 1, 0, 0 }, { 0, 1, 0 }, { 0, 0, 1 } }
		},
		lightprops =
		{
			on = Y,
			color = { 255, 255, 255 },
			diffuse = { 0.686275, 0.247059, 0.501961 },
			specular = { 0, 0, 0 },
			ambient = { 0, 0, 0 },
			direction = { 0, 0, 1 },
			range = 4,
			cutoff = 180,
			type = L_POINT,
			theta = 180,
			atten = { 1, 0, 1 }
		}
	},

	{
		entity_name = "LtBar02",
		type = LIGHT,
		template_name = "",
		lt_grp = 0, srt_grp = 0, usr_flg = 0,
		spatialprops =
		{
			pos = { 5.179143, 1.605455, -3.745413 },
			orient = { { 1, 0, 0 }, { 0, 1, 0 }, { 0, 0, 1 } }
		},
		lightprops =
		{
			on = Y,
			color = { 255, 255, 255 },
			diffuse = { 0.686275, 0.247059, 0.501961 },
			specular = { 0, 0, 0 },
			ambient = { 0, 0, 0 },
			direction = { 0, 0, 1 },
			range = 4,
			cutoff = 180,
			type = L_POINT,
			theta = 180,
			atten = { 1, 0, 1 }
		}
	},

	{
		entity_name = "LtFireplace",
		type = LIGHT,
		template_name = "",
		lt_grp = 0, srt_grp = 0, usr_flg = 0,
		spatialprops =
		{
			pos = { -13.87673, 0.995623, -15.48027 },
			orient = { { 1, 0, 0 }, { 0, 1, 0 }, { 0, 0, 1 } }
		},
		lightprops =
		{
			on = Y,
			color = { 255, 255, 255 },
			diffuse = { 0.592157, 0.839216, 0.858824 },
			specular = { 0, 0, 0 },
			ambient = { 0, 0, 0 },
			direction = { 0, 0, 1 },
			range = 2000,
			cutoff = 90,
			type = L_DIRECT,
			theta = 90,
			atten = { 1, 0, 4e-006 }
		}
	},

	{
		entity_name = "LtInfBlu01",
		type = LIGHT,
		template_name = "",
		lt_grp = 0, srt_grp = 0, usr_flg = 0,
		spatialprops =
		{
			pos = { -15.85581, 0, 1.607595 },
			orient = { { -0.874923,  0.000000, -0.484262 },
					   {  0.140870,  0.956754, -0.254512 },
					   {  0.463320, -0.290897, -0.837086 } }
		},
		lightprops =
		{
			on = Y,
			color = { 255, 255, 255 },
			diffuse = { 0.592157, 0.729412, 0.858824 },
			specular = { 0, 0, 0 },
			ambient = { 0, 0, 0 },
			direction = { 0, 0, 1 },
			range = 2000,
			cutoff = 90,
			type = L_DIRECT,
			theta = 90,
			atten = { 1, 0, 4e-006 }
		}
	},

	{
		entity_name = "LtInfSteel01",
		type = LIGHT,
		template_name = "",
		lt_grp = 0, srt_grp = 0, usr_flg = 0,
		spatialprops =
		{
			pos = { 11.60061, 7.429193, -16.07044 },
			orient = { {  0.424747,  0.258523,  0.867615 },
					   {  0.010330,  0.956914, -0.290188 },
					   { -0.905253,  0.132219,  0.403776 } }
		},
		lightprops =
		{
			on = Y,
			color = { 255, 255, 255 },
			diffuse = { 0.721569, 0.721569, 0.721569 },
			specular = { 0, 0, 0 },
			ambient = { 0, 0, 0 },
			direction = { 0, 0, 1 },
			range = 2000,
			cutoff = 90,
			type = L_DIRECT,
			theta = 90,
			atten = { 1, 0, 4e-006 }
		}
	},

	{
		entity_name = "LtPillar03",
		type = LIGHT,
		template_name = "",
		lt_grp = 0, srt_grp = 0, usr_flg = 0,
		spatialprops =
		{
			pos = { -13.53157, 1.605455, -10.7267 },
			orient = { { 1, 0, 0 }, { 0, 1, 0 }, { 0, 0, 1 } }
		},
		lightprops =
		{
			on = Y,
			color = { 255, 255, 255 },
			diffuse = { 0.403922, 0.47451, 0.701961 },
			specular = { 0, 0, 0 },
			ambient = { 0, 0, 0 },
			direction = { 0, 0, 1 },
			range = 4,
			cutoff = 180,
			type = L_POINT,
			theta = 180,
			atten = { 1, 0, 1 }
		}
	},

	{
		entity_name = "LtTbl01",
		type = LIGHT,
		template_name = "",
		lt_grp = 0, srt_grp = 0, usr_flg = 0,
		spatialprops =
		{
			pos = { -1.558295, 1.191704, 5.104587 },
			orient = { { 1, 0, 0 }, { 0, 1, 0 }, { 0, 0, 1 } }
		},
		lightprops =
		{
			on = Y,
			color = { 255, 255, 255 },
			diffuse = { 1, 0.784314, 0.576471 },
			specular = { 0, 0, 0 },
			ambient = { 0, 0, 0 },
			direction = { 0, 0, 1 },
			range = 5,
			cutoff = 180,
			type = L_POINT,
			theta = 180,
			atten = { 1, 0, 0.64 }
		}
	},

	{
		entity_name = "LtTbl02",
		type = LIGHT,
		template_name = "",
		lt_grp = 0, srt_grp = 0, usr_flg = 0,
		spatialprops =
		{
			pos = { 3.068199, 1.191704, 3.899894 },
			orient = { { 1, 0, 0 }, { 0, 1, 0 }, { 0, 0, 1 } }
		},
		lightprops =
		{
			on = Y,
			color = { 255, 255, 255 },
			diffuse = { 1, 0.784314, 0.576471 },
			specular = { 0, 0, 0 },
			ambient = { 0, 0, 0 },
			direction = { 0, 0, 1 },
			range = 5,
			cutoff = 180,
			type = L_POINT,
			theta = 180,
			atten = { 1, 0, 0.64 }
		}
	},

	{
		entity_name = "LtTbl03",
		type = LIGHT,
		template_name = "",
		lt_grp = 0, srt_grp = 0, usr_flg = 0,
		spatialprops =
		{
			pos = { 0.568851, 1.191704, 0.373254 },
			orient = { { 1, 0, 0 }, { 0, 1, 0 }, { 0, 0, 1 } }
		},
		lightprops =
		{
			on = Y,
			color = { 255, 255, 255 },
			diffuse = { 1, 0.784314, 0.576471 },
			specular = { 0, 0, 0 },
			ambient = { 0, 0, 0 },
			direction = { 0, 0, 1 },
			range = 5,
			cutoff = 180,
			type = L_POINT,
			theta = 180,
			atten = { 1, 0, 0.64 }
		}
	},

	{
		entity_name = "LtTbl04",
		type = LIGHT,
		template_name = "",
		lt_grp = 0, srt_grp = 0, usr_flg = 0,
		spatialprops =
		{
			pos = { 5.57219, 1.191704, 0.280342 },
			orient = { { 1, 0, 0 }, { 0, 1, 0 }, { 0, 0, 1 } }
		},
		lightprops =
		{
			on = Y,
			color = { 255, 255, 255 },
			diffuse = { 1, 0.784314, 0.576471 },
			specular = { 0, 0, 0 },
			ambient = { 0, 0, 0 },
			direction = { 0, 0, 1 },
			range = 5,
			cutoff = 180,
			type = L_POINT,
			theta = 180,
			atten = { 1, 0, 0.64 }
		}
	}
};

events =
{
};
