duration = 20.000;

entities =
{

	{
		entity_name = "Layer_bw_01_Shipdlr_Hardpoint_Layer",
		type = SCENE,
		template_name = "",
		lt_grp = 0, srt_grp = 0, usr_flg = 0,
		spatialprops =
		{
			pos = { 0, 0, 0 },
			orient = { { 1, 0, 0 }, { 0, 1, 0 }, { 0, 0, 1 } }
		},
		up = Y_AXIS,
		front = Z_AXIS,
		ambient = { 144, 148, 144 }
	},

	{
		entity_name = "X/Shipcentre/01",
		type = MARKER,
		template_name = "",
		lt_grp = 0, srt_grp = 0, usr_flg = 0,
		spatialprops =
		{
			pos = { -4.662083, 0, 2.839714 },
			orient = { { -0.507222,  0.000000,  0.861816 },
					   {  0.000000,  1.000000,  0.000000 },
					   { -0.861816,  0.000000, -0.507222 } }
		}
	},

	{
		entity_name = "Zs/NPC/Shipdealer/01/A/Stand",
		type = MARKER,
		template_name = "",
		lt_grp = 0, srt_grp = 0, usr_flg = 0,
		spatialprops =
		{
			pos = { 8.123564, 0, -5.495643 },
			orient = { { -0.423074,  0.000000,  0.906095 },
					   {  0.000000,  1.000000,  0.000000 },
					   { -0.906095,  0.000000, -0.423074 } }
		}
	},

	{
		entity_name = "Zg/PC/Player/01/A/Stand",
		type = MARKER,
		template_name = "",
		lt_grp = 0, srt_grp = 0, usr_flg = 0,
		spatialprops =
		{
			pos = { -9.288252, 0, -11.11347 },
			orient = { { -0.697136,  0.000000,  0.716939 },
					   {  0.000000,  1.000000,  0.000000 },
					   { -0.716939,  0.000000, -0.697136 } }
		}
	},

	{
		entity_name = "Zg/NPC/mFloor2/01/A/Stand",
		type = MARKER,
		template_name = "",
		lt_grp = 0, srt_grp = 0, usr_flg = 0,
		spatialprops =
		{
			pos = { 0.250499, 0, -6.31334 },
			orient = { {  0.926714,  0.000000,  0.375769 },
					   {  0.000000,  1.000000,  0.000000 },
					   { -0.375769,  0.000000,  0.926714 } }
		}
	},

	{
		entity_name = "Zg/NPC/mFloor2/02/A/Stand",
		type = MARKER,
		template_name = "",
		lt_grp = 0, srt_grp = 0, usr_flg = 0,
		spatialprops =
		{
			pos = { 7.506979, 0, 2.736855 },
			orient = { {  0.130023,  0.000000,  0.991511 },
					   {  0.000000,  1.000000,  0.000000 },
					   { -0.991511,  0.000000,  0.130023 } }
		}
	},

	{
		entity_name = "Zg/NPC/mFloor2/02/B/Stand",
		type = MARKER,
		template_name = "",
		lt_grp = 0, srt_grp = 0, usr_flg = 0,
		spatialprops =
		{
			pos = { 8.526073, 0, 2.828678 },
			orient = { {  0.983174,  0.000000, -0.182669 },
					   {  0.000000,  1.000000,  0.000000 },
					   {  0.182669,  0.000000,  0.983174 } }
		}
	},

	{
		entity_name = "Zg/NPC/mFloor2/01/B/Stand",
		type = MARKER,
		template_name = "",
		lt_grp = 0, srt_grp = 0, usr_flg = 0,
		spatialprops =
		{
			pos = { -0.092158, 0, -7.145598 },
			orient = { { -0.434408,  0.000000,  0.900716 },
					   {  0.000000,  1.000000,  0.000000 },
					   { -0.900716,  0.000000, -0.434408 } }
		}
	},

	{
		entity_name = "Camera_Ship_1",
		type = CAMERA,
		template_name = "",
		lt_grp = 0, srt_grp = 0, usr_flg = 0,
		spatialprops =
		{
			pos = { 16.71223, 8.809298, 9.382797 },
			orient = { {  0.103632,  0.000000, -0.994616 },
					   { -0.102500,  0.994676, -0.010680 },
					   {  0.989320,  0.103055,  0.103081 } }
		},
		cameraprops =
		{
			fovh = 31,
			hvaspect = 1.333333,
			nearplane = 0.1,
			farplane = 100000
		}
	},

	{
		entity_name = "Zs/NPC/mFloor2/01/P2/Stand",
		type = MARKER,
		template_name = "",
		lt_grp = 0, srt_grp = 0, usr_flg = 0,
		spatialprops =
		{
			pos = { 0.361545, 0, -7.413144 },
			orient = { { -0.992314,  0.000000, -0.123747 },
					   {  0.000000,  1.000000,  0.000000 },
					   {  0.123747,  0.000000, -0.992314 } }
		}
	},

	{
		entity_name = "Zs/NPC/mFloor2/01/P/Stand",
		type = MARKER,
		template_name = "",
		lt_grp = 0, srt_grp = 0, usr_flg = 0,
		spatialprops =
		{
			pos = { 0.384851, -0.0054, -7.926506 },
			orient = { { -0.992314,  0.000000, -0.123747 },
					   {  0.000000,  1.000000,  0.000000 },
					   {  0.123747,  0.000000, -0.992314 } }
		}
	},

	{
		entity_name = "Zs/NPC/mFloor2/01/AC2/Camera",
		type = CAMERA,
		template_name = "",
		lt_grp = 0, srt_grp = 0, usr_flg = 0,
		flags = HIDDEN,
		spatialprops =
		{
			pos = { 1.805138, 1.682559, -7.202106 },
			orient = { { -0.215818,  0.000000, -0.976434 },
					   { -0.181573,  0.982558,  0.040133 },
					   {  0.959403,  0.185955, -0.212053 } }
		},
		cameraprops =
		{
			fovh = 30,
			hvaspect = 1.85,
			nearplane = 0.2,
			farplane = 5000
		}
	},

	{
		entity_name = "Zs/NPC/mFloor2/01/ACOH/Camera",
		type = CAMERA,
		template_name = "",
		lt_grp = 0, srt_grp = 0, usr_flg = 0,
		flags = HIDDEN,
		spatialprops =
		{
			pos = { 0.729775, 1.784991, -7.72691 },
			orient = { { -0.852813,  0.000000, -0.522216 },
					   { -0.101388,  0.980972,  0.165574 },
					   {  0.512279,  0.194150, -0.836586 } }
		},
		cameraprops =
		{
			fovh = 25,
			hvaspect = 1.85,
			nearplane = 0.2,
			farplane = 5000
		}
	},

	{
		entity_name = "Zs/NPC/mFloor2/01/ACS/Camera",
		type = CAMERA,
		template_name = "",
		lt_grp = 0, srt_grp = 0, usr_flg = 0,
		flags = HIDDEN,
		spatialprops =
		{
			pos = { 0.731234, 1.674975, -7.426712 },
			orient = { { -0.839292,  0.000000, -0.543681 },
					   { -0.050043,  0.995755,  0.077252 },
					   {  0.541373,  0.092045, -0.835729 } }
		},
		cameraprops =
		{
			fovh = 25,
			hvaspect = 1.85,
			nearplane = 0.2,
			farplane = 5000
		}
	},

	{
		entity_name = "Zs/NPC/mFloor2/01/ACU/Camera",
		type = CAMERA,
		template_name = "",
		lt_grp = 0, srt_grp = 0, usr_flg = 0,
		flags = HIDDEN,
		spatialprops =
		{
			pos = { 0.53322, 1.711707, -7.078022 },
			orient = { { -0.887733,  0.000000, -0.460359 },
					   { -0.033232,  0.997391,  0.064082 },
					   {  0.459158,  0.072186, -0.885417 } }
		},
		cameraprops =
		{
			fovh = 25,
			hvaspect = 1.85,
			nearplane = 0.2,
			farplane = 5000
		}
	},

	{
		entity_name = "Zs/NPC/mFloor2/01/PC2/Camera",
		type = CAMERA,
		template_name = "",
		lt_grp = 0, srt_grp = 0, usr_flg = 0,
		flags = HIDDEN,
		spatialprops =
		{
			pos = { 1.410724, 1.750299, -6.040562 },
			orient = { {  0.575290,  0.000000, -0.817949 },
					   { -0.171000,  0.977903, -0.120270 },
					   {  0.799875,  0.209059,  0.562578 } }
		},
		cameraprops =
		{
			fovh = 30,
			hvaspect = 1.85,
			nearplane = 0.2,
			farplane = 5000
		}
	},

	{
		entity_name = "Zs/NPC/mFloor2/01/PCO/Camera",
		type = CAMERA,
		template_name = "",
		lt_grp = 0, srt_grp = 0, usr_flg = 0,
		flags = HIDDEN,
		spatialprops =
		{
			pos = { 0.590655, 1.788821, -5.905107 },
			orient = { {  0.932197,  0.000000, -0.361951 },
					   { -0.070610,  0.980787, -0.181854 },
					   {  0.354997,  0.195081,  0.914287 } }
		},
		cameraprops =
		{
			fovh = 25,
			hvaspect = 1.85,
			nearplane = 0.2,
			farplane = 5000
		}
	},

	{
		entity_name = "Zs/NPC/mFloor2/01/PCS/Camera",
		type = CAMERA,
		template_name = "",
		lt_grp = 0, srt_grp = 0, usr_flg = 0,
		flags = HIDDEN,
		spatialprops =
		{
			pos = { 0.60006, 1.694538, -6.257987 },
			orient = { {  0.930029,  0.000000, -0.367487 },
					   { -0.043998,  0.992807, -0.111350 },
					   {  0.364843,  0.119728,  0.923339 } }
		},
		cameraprops =
		{
			fovh = 25,
			hvaspect = 1.85,
			nearplane = 0.2,
			farplane = 5000
		}
	},

	{
		entity_name = "Zs/NPC/mFloor2/01/PCU/Camera",
		type = CAMERA,
		template_name = "",
		lt_grp = 0, srt_grp = 0, usr_flg = 0,
		flags = HIDDEN,
		spatialprops =
		{
			pos = { 0.492599, 1.713666, -6.68328 },
			orient = { {  0.956037,  0.000000, -0.293246 },
					   { -0.026149,  0.996016, -0.085253 },
					   {  0.292078,  0.089173,  0.952228 } }
		},
		cameraprops =
		{
			fovh = 25,
			hvaspect = 1.85,
			nearplane = 0.2,
			farplane = 5000
		}
	},

	{
		entity_name = "Zs/NPC/mFloor2/01/WFC/Camera",
		type = CAMERA,
		template_name = "",
		lt_grp = 0, srt_grp = 0, usr_flg = 0,
		flags = HIDDEN,
		spatialprops =
		{
			pos = { 18.98388, 23.62272, 6.977033 },
			orient = { {  0.648235,  0.384915, -0.656987 },
					   { -0.614573,  0.773884, -0.152984 },
					   {  0.449545,  0.502936,  0.738217 } }
		},
		cameraprops =
		{
			fovh = 30,
			hvaspect = 1.85,
			nearplane = 0.2,
			farplane = 5000
		}
	},

	{
		entity_name = "Zs/NPC/mFloor2/01/TCI/Camera",
		type = CAMERA,
		template_name = "",
		lt_grp = 0, srt_grp = 0, usr_flg = 0,
		flags = HIDDEN,
		spatialprops =
		{
			pos = { 0.680202, 2.048316, -7.522953 },
			orient = { { -0.888452,  0.000000, -0.458969 },
					   { -0.317187,  0.722773,  0.613996 },
					   {  0.331730,  0.691085, -0.642150 } }
		},
		cameraprops =
		{
			fovh = 15,
			hvaspect = 1.85,
			nearplane = 0.2,
			farplane = 5000
		}
	},

	{
		entity_name = "Zs/NPC/mFloor2/02/P/Stand",
		type = MARKER,
		template_name = "",
		lt_grp = 0, srt_grp = 0, usr_flg = 0,
		spatialprops =
		{
			pos = { 9.332172, -0.0054, 2.802546 },
			orient = { {  0.252531,  0.000000, -0.967589 },
					   {  0.000000,  1.000000,  0.000000 },
					   {  0.967589,  0.000000,  0.252531 } }
		}
	},

	{
		entity_name = "Zs/NPC/mFloor2/02/P2/Stand",
		type = MARKER,
		template_name = "",
		lt_grp = 0, srt_grp = 0, usr_flg = 0,
		spatialprops =
		{
			pos = { 8.826274, 0, 2.712265 },
			orient = { {  0.252531,  0.000000, -0.967589 },
					   {  0.000000,  1.000000,  0.000000 },
					   {  0.967589,  0.000000,  0.252531 } }
		}
	},

	{
		entity_name = "Zs/NPC/mFloor2/02/AC2/Camera",
		type = CAMERA,
		template_name = "",
		lt_grp = 0, srt_grp = 0, usr_flg = 0,
		flags = HIDDEN,
		spatialprops =
		{
			pos = { 8.754161, 1.677214, 1.228535 },
			orient = { { -0.942074,  0.000000, -0.335406 },
					   { -0.056687,  0.985614,  0.159219 },
					   {  0.330581,  0.169009, -0.928521 } }
		},
		cameraprops =
		{
			fovh = 30,
			hvaspect = 1.85,
			nearplane = 0.2,
			farplane = 5000
		}
	},

	{
		entity_name = "Zs/NPC/mFloor2/02/ACOH/Camera",
		type = CAMERA,
		template_name = "",
		lt_grp = 0, srt_grp = 0, usr_flg = 0,
		flags = HIDDEN,
		spatialprops =
		{
			pos = { 9.18949, 1.746935, 2.320386 },
			orient = { { -0.458048,  0.000000, -0.888928 },
					   { -0.159028,  0.983868,  0.081944 },
					   {  0.874587,  0.178898, -0.450658 } }
		},
		cameraprops =
		{
			fovh = 25,
			hvaspect = 1.85,
			nearplane = 0.2,
			farplane = 5000
		}
	},

	{
		entity_name = "Zs/NPC/mFloor2/02/ACS/Camera",
		type = CAMERA,
		template_name = "",
		lt_grp = 0, srt_grp = 0, usr_flg = 0,
		flags = HIDDEN,
		spatialprops =
		{
			pos = { 8.696119, 1.594347, 2.348701 },
			orient = { { -0.470660,  0.000000, -0.882315 },
					   { -0.029340,  0.999447,  0.015651 },
					   {  0.881827,  0.033253, -0.470400 } }
		},
		cameraprops =
		{
			fovh = 25,
			hvaspect = 1.85,
			nearplane = 0.2,
			farplane = 5000
		}
	},

	{
		entity_name = "Zs/NPC/mFloor2/02/ACU/Camera",
		type = CAMERA,
		template_name = "",
		lt_grp = 0, srt_grp = 0, usr_flg = 0,
		flags = HIDDEN,
		spatialprops =
		{
			pos = { 8.299977, 1.668712, 2.488899 },
			orient = { { -0.393602,  0.000000, -0.919281 },
					   { -0.030472,  0.999450,  0.013047 },
					   {  0.918776,  0.033148, -0.393385 } }
		},
		cameraprops =
		{
			fovh = 25,
			hvaspect = 1.85,
			nearplane = 0.2,
			farplane = 5000
		}
	},

	{
		entity_name = "Zs/NPC/mFloor2/02/PC2/Camera",
		type = CAMERA,
		template_name = "",
		lt_grp = 0, srt_grp = 0, usr_flg = 0,
		flags = HIDDEN,
		spatialprops =
		{
			pos = { 7.391296, 1.731246, 1.392184 },
			orient = { { -0.884094,  0.000000,  0.467309 },
					   {  0.097548,  0.977970,  0.184549 },
					   { -0.457014,  0.208743, -0.864618 } }
		},
		cameraprops =
		{
			fovh = 30,
			hvaspect = 1.85,
			nearplane = 0.2,
			farplane = 5000
		}
	},

	{
		entity_name = "Zs/NPC/mFloor2/02/PCO/Camera",
		type = CAMERA,
		template_name = "",
		lt_grp = 0, srt_grp = 0, usr_flg = 0,
		flags = HIDDEN,
		spatialprops =
		{
			pos = { 7.118295, 1.776642, 2.317954 },
			orient = { { -0.443822,  0.000000,  0.896115 },
					   {  0.183504,  0.978808,  0.090885 },
					   { -0.877125,  0.204778, -0.434417 } }
		},
		cameraprops =
		{
			fovh = 25,
			hvaspect = 1.85,
			nearplane = 0.2,
			farplane = 5000
		}
	},

	{
		entity_name = "Zs/NPC/mFloor2/02/PCS/Camera",
		type = CAMERA,
		template_name = "",
		lt_grp = 0, srt_grp = 0, usr_flg = 0,
		flags = HIDDEN,
		spatialprops =
		{
			pos = { 7.641283, 1.614689, 2.408324 },
			orient = { { -0.416500,  0.000001,  0.909136 },
					   {  0.050822,  0.998436,  0.023282 },
					   { -0.907714,  0.055901, -0.415848 } }
		},
		cameraprops =
		{
			fovh = 25,
			hvaspect = 1.85,
			nearplane = 0.2,
			farplane = 5000
		}
	},

	{
		entity_name = "Zs/NPC/mFloor2/02/PCU/Camera",
		type = CAMERA,
		template_name = "",
		lt_grp = 0, srt_grp = 0, usr_flg = 0,
		flags = HIDDEN,
		spatialprops =
		{
			pos = { 8.099489, 1.69836, 2.542706 },
			orient = { { -0.348460,  0.000000,  0.937324 },
					   {  0.060593,  0.997908,  0.022526 },
					   { -0.935363,  0.064644, -0.347731 } }
		},
		cameraprops =
		{
			fovh = 25,
			hvaspect = 1.85,
			nearplane = 0.2,
			farplane = 5000
		}
	},

	{
		entity_name = "Zs/NPC/mFloor2/02/WFC/Camera",
		type = CAMERA,
		template_name = "",
		lt_grp = 0, srt_grp = 0, usr_flg = 0,
		flags = HIDDEN,
		spatialprops =
		{
			pos = { 8.190762, -0.496719, 0.820442 },
			orient = { { -0.987648, -0.092797, -0.126258 },
					   {  0.002015,  0.798183, -0.602412 },
					   {  0.156679, -0.595225, -0.788136 } }
		},
		cameraprops =
		{
			fovh = 30,
			hvaspect = 1.85,
			nearplane = 0.2,
			farplane = 5000
		}
	},

	{
		entity_name = "Zs/NPC/mFloor2/02/TCI/Camera",
		type = CAMERA,
		template_name = "",
		lt_grp = 0, srt_grp = 0, usr_flg = 0,
		flags = HIDDEN,
		spatialprops =
		{
			pos = { 8.730434, 1.903228, 2.207242 },
			orient = { { -0.528407,  0.000000, -0.848991 },
					   { -0.522084,  0.788569,  0.324942 },
					   {  0.669489,  0.614946, -0.416685 } }
		},
		cameraprops =
		{
			fovh = 15,
			hvaspect = 1.85,
			nearplane = 0.2,
			farplane = 5000
		}
	},

	{
		entity_name = "Camera_Wide",
		type = CAMERA,
		template_name = "",
		lt_grp = 0, srt_grp = 0, usr_flg = 0,
		spatialprops =
		{
			pos = { 20.44544, 24.85379, 25.03731 },
			orient = { {  0.781119,  0.000000, -0.624382 },
					   { -0.294635,  0.881662, -0.368596 },
					   {  0.550494,  0.471882,  0.688683 } }
		},
		cameraprops =
		{
			fovh = 35,
			hvaspect = 1.333333,
			nearplane = 0.1,
			farplane = 100000
		}
	},

	{
		entity_name = "LtShadowSource",
		type = LIGHT,
		template_name = "",
		lt_grp = 0, srt_grp = 0, usr_flg = 0,
		spatialprops =
		{
			pos = { 0, 5.295341, 0 },
			orient = { {  1.000000,  0.000000,  0.000000 },
					   {  0.000000,  0.000234,  1.000000 },
					   {  0.000000, -1.000000,  0.000234 } }
		},
		lightprops =
		{
			on = N,
			color = { 255, 255, 255 },
			diffuse = { 0, 0, 0 },
			specular = { 0, 0, 0 },
			ambient = { 0, 0, 0 },
			direction = { 0, 0, 1 },
			range = 2000,
			cutoff = 98.99998,
			type = L_DIRECT,
			theta = 90,
			atten = { 1, 0, 4e-006 }
		}
	},

	{
		entity_name = "LtGlareSource",
		type = LIGHT,
		template_name = "",
		lt_grp = 0, srt_grp = 0, usr_flg = 0,
		spatialprops =
		{
			pos = { 16.10868, 10.69071, -5.904792 },
			orient = { {  1.000000,  0.000000,  0.000000 },
					   {  0.000000,  0.000234,  1.000000 },
					   {  0.000000, -1.000000,  0.000234 } }
		},
		lightprops =
		{
			on = N,
			color = { 255, 255, 255 },
			diffuse = { 1, 1, 1 },
			specular = { 0, 0, 0 },
			ambient = { 0, 0, 0 },
			direction = { 0, 0, 1 },
			range = 2000,
			cutoff = 98.99998,
			type = L_POINT,
			theta = 90,
			atten = { 1, 0, 4e-006 }
		}
	},

	{
		entity_name = "set_bw_01_Shipdlr_1",
		type = COMPOUND,
		template_name = "bw_01_equipment",
		lt_grp = 0, srt_grp = 0, usr_flg = 0,
		flags = LIT_AMBIENT,
		spatialprops =
		{
			pos = { 0, 0, 0 },
			orient = { { 1, 0, 0 }, { 0, 1, 0 }, { 0, 0, 1 } }
		},
		userprops =
		{
			category = "Room",
		}
	},

	{
		entity_name = "Zs/NPC/Shipdealer/01/AC2/Camera",
		type = CAMERA,
		template_name = "",
		lt_grp = 0, srt_grp = 0, usr_flg = 0,
		flags = HIDDEN,
		spatialprops =
		{
			pos = { 9.985843, 1.677214, -6.097646 },
			orient = { { -0.614327,  0.000000, -0.789052 },
					   { -0.133357,  0.985614,  0.103827 },
					   {  0.777701,  0.169009, -0.605490 } }
		},
		cameraprops =
		{
			fovh = 30,
			hvaspect = 1.85,
			nearplane = 0.2,
			farplane = 5000
		}
	},

	{
		entity_name = "Zs/NPC/Shipdealer/01/ACOH/Camera",
		type = CAMERA,
		template_name = "",
		lt_grp = 0, srt_grp = 0, usr_flg = 0,
		flags = HIDDEN,
		spatialprops =
		{
			pos = { 9.781085, 1.774757, -4.958558 },
			orient = { {  0.091765,  0.000000, -0.995781 },
					   { -0.195195,  0.980600, -0.017988 },
					   {  0.976462,  0.196022,  0.089984 } }
		},
		cameraprops =
		{
			fovh = 25,
			hvaspect = 1.85,
			nearplane = 0.2,
			farplane = 5000
		}
	},

	{
		entity_name = "Zs/NPC/Shipdealer/01/ACS/Camera",
		type = CAMERA,
		template_name = "",
		lt_grp = 0, srt_grp = 0, usr_flg = 0,
		flags = HIDDEN,
		spatialprops =
		{
			pos = { 9.376617, 1.63881, -5.183061 },
			orient = { {  0.059744,  0.000000, -0.998214 },
					   { -0.072337,  0.997371, -0.004329 },
					   {  0.995589,  0.072466,  0.059587 } }
		},
		cameraprops =
		{
			fovh = 25,
			hvaspect = 1.85,
			nearplane = 0.2,
			farplane = 5000
		}
	},

	{
		entity_name = "Zs/NPC/Shipdealer/01/P/Stand",
		type = MARKER,
		template_name = "",
		lt_grp = 0, srt_grp = 0, usr_flg = 0,
		spatialprops =
		{
			pos = { 9.627625, -0.0054, -4.459572 },
			orient = { {  0.732864,  0.000000, -0.680375 },
					   {  0.000000,  1.000000,  0.000000 },
					   {  0.680375,  0.000000,  0.732864 } }
		}
	},

	{
		entity_name = "Zs/NPC/Shipdealer/01/P2/Stand",
		type = MARKER,
		template_name = "",
		lt_grp = 0, srt_grp = 0, usr_flg = 0,
		spatialprops =
		{
			pos = { 9.249462, 0, -4.807531 },
			orient = { {  0.732864,  0.000000, -0.680375 },
					   {  0.000000,  1.000000,  0.000000 },
					   {  0.680375,  0.000000,  0.732864 } }
		}
	},

	{
		entity_name = "Zs/NPC/Shipdealer/01/PC2/Camera",
		type = CAMERA,
		template_name = "",
		lt_grp = 0, srt_grp = 0, usr_flg = 0,
		flags = HIDDEN,
		spatialprops =
		{
			pos = { 8.724035, 1.721317, -6.69566 },
			orient = { { -0.996357,  0.000000, -0.085277 },
					   { -0.016326,  0.981503,  0.190751 },
					   {  0.083699,  0.191448, -0.977927 } }
		},
		cameraprops =
		{
			fovh = 30,
			hvaspect = 1.85,
			nearplane = 0.1,
			farplane = 5000
		}
	},

	{
		entity_name = "Zs/NPC/Shipdealer/01/PCO/Camera",
		type = CAMERA,
		template_name = "",
		lt_grp = 0, srt_grp = 0, usr_flg = 0,
		flags = HIDDEN,
		spatialprops =
		{
			pos = { 7.988977, 1.758526, -6.041429 },
			orient = { { -0.841541,  0.000000,  0.540193 },
					   {  0.101384,  0.982230,  0.157941 },
					   { -0.530594,  0.187680, -0.826587 } }
		},
		cameraprops =
		{
			fovh = 25,
			hvaspect = 1.85,
			nearplane = 0.2,
			farplane = 5000
		}
	},

	{
		entity_name = "Zs/NPC/Shipdealer/01/PCS/Camera",
		type = CAMERA,
		template_name = "",
		lt_grp = 0, srt_grp = 0, usr_flg = 0,
		flags = HIDDEN,
		spatialprops =
		{
			pos = { 8.419908, 1.636119, -5.703666 },
			orient = { { -0.851462,  0.000000,  0.524416 },
					   {  0.038489,  0.997303,  0.062492 },
					   { -0.523002,  0.073393, -0.849166 } }
		},
		cameraprops =
		{
			fovh = 25,
			hvaspect = 1.85,
			nearplane = 0.2,
			farplane = 5000
		}
	},

	{
		entity_name = "Camera_0",
		type = CAMERA,
		template_name = "",
		lt_grp = 0, srt_grp = 0, usr_flg = 0,
		spatialprops =
		{
			pos = { 15.46998, 1.951606, -6.848354 },
			orient = { { -0.235097,  0.000000, -0.971972 },
					   {  0.112161,  0.993320, -0.027129 },
					   {  0.965479, -0.115395, -0.233526 } }
		},
		cameraprops =
		{
			fovh = 31,
			hvaspect = 1.333333,
			nearplane = 0.1,
			farplane = 100000
		}
	},

	{
		entity_name = "LtGlareSource_g3",
		type = LIGHT,
		template_name = "",
		lt_grp = 3, srt_grp = 0, usr_flg = 0,
		spatialprops =
		{
			pos = { 16.10868, 10.69071, -5.904792 },
			orient = { {  1.000000,  0.000000,  0.000000 },
					   {  0.000000,  0.000234,  1.000000 },
					   {  0.000000, -1.000000,  0.000234 } }
		},
		lightprops =
		{
			on = N,
			color = { 255, 255, 255 },
			diffuse = { 1, 1, 1 },
			specular = { 0, 0, 0 },
			ambient = { 0, 0, 0 },
			direction = { 0, 0, 1 },
			range = 2000,
			cutoff = 98.99998,
			type = L_POINT,
			theta = 90,
			atten = { 1, 0, 4e-006 }
		}
	},

	{
		entity_name = "LtShadowSource_g3",
		type = LIGHT,
		template_name = "",
		lt_grp = 3, srt_grp = 0, usr_flg = 0,
		spatialprops =
		{
			pos = { 0, 5.295341, 0 },
			orient = { {  1.000000,  0.000000,  0.000000 },
					   {  0.000000,  0.000234,  1.000000 },
					   {  0.000000, -1.000000,  0.000234 } }
		},
		lightprops =
		{
			on = N,
			color = { 255, 255, 255 },
			diffuse = { 0, 0, 0 },
			specular = { 0, 0, 0 },
			ambient = { 0, 0, 0 },
			direction = { 0, 0, 1 },
			range = 2000,
			cutoff = 98.99998,
			type = L_DIRECT,
			theta = 90,
			atten = { 1, 0, 4e-006 }
		}
	}
};

events =
{
	{
		0.000, START_FOG_PROP_ANIM, { "Layer_bw_01_Shipdlr_Hardpoint_Layer" },
		{
			duration = 0.100,
			fogprops =
			{
				fogon = Y,
				fogtable = N,
				fogcolor = { 61, 46, 46 },
				fogmode = F_LINEAR,
				fogstart = 0,
				fogend = 300,
				fogdensity = 0.1
			}
		}
	}
};
