duration = 38.366;

entities =
{

	{
		entity_name = "Zg/NPC/mFloor2/01/B/Stand",
		type = MARKER,
		template_name = "",
		lt_grp = 0, srt_grp = 0, usr_flg = 0,
		spatialprops =
		{
			pos = { 0.760485, 0, -5.561591 },
			orient = { { -0.999976,  0.000000, -0.006945 },
					   {  0.000000,  1.000000,  0.000000 },
					   {  0.006945,  0.000000, -0.999976 } }
		}
	},

	{
		entity_name = "Zg/NPC/mFloor2/01/A/Stand",
		type = MARKER,
		template_name = "",
		lt_grp = 0, srt_grp = 0, usr_flg = 0,
		spatialprops =
		{
			pos = { 0.152295, 0, -3.974061 },
			orient = { { -0.339682,  0.000000,  0.940540 },
					   {  0.000000,  1.000000,  0.000000 },
					   { -0.940540,  0.000000, -0.339682 } }
		}
	},

	{
		entity_name = "Zg/PC/Player/01/A/Stand",
		type = MARKER,
		template_name = "",
		lt_grp = 0, srt_grp = 0, usr_flg = 0,
		spatialprops =
		{
			pos = { 1.737576, 0, -5.654794 },
			orient = { { -0.996257,  0.000000,  0.086439 },
					   {  0.000000,  1.000000,  0.000000 },
					   { -0.086439,  0.000000, -0.996257 } }
		}
	},

	{
		entity_name = "Zs/NPC/Bartender/01/A/Stand",
		type = MARKER,
		template_name = "",
		lt_grp = 0, srt_grp = 0, usr_flg = 0,
		spatialprops =
		{
			pos = { -1.925047, 0, -4.324418 },
			orient = { { -0.811922,  0.000000,  0.583765 },
					   {  0.000000,  1.000000,  0.000000 },
					   { -0.583765,  0.000000, -0.811922 } }
		}
	},

	{
		entity_name = "Zs/NPC/Bartender/01/P/Stand",
		type = MARKER,
		template_name = "",
		lt_grp = 0, srt_grp = 0, usr_flg = 0,
		spatialprops =
		{
			pos = { -0.108805, -0.0054, -2.922449 },
			orient = { {  0.633661,  0.000000, -0.773611 },
					   {  0.000000,  1.000000,  0.000000 },
					   {  0.773611,  0.000000,  0.633661 } }
		}
	},

	{
		entity_name = "Layer_bw_02_Bar_Hardpoint",
		type = SCENE,
		template_name = "",
		lt_grp = 0, srt_grp = 0, usr_flg = 0,
		spatialprops =
		{
			pos = { 0, 0, 0 },
			orient = { { 1, 0, 0 }, { 0, 1, 0 }, { 0, 0, 1 } }
		},
		up = Y_AXIS,
		front = Z_AXIS,
		ambient = { 129, 129, 129 }
	},

	{
		entity_name = "RefFloorHt01",
		type = MARKER,
		template_name = "",
		lt_grp = 0, srt_grp = 0, usr_flg = 0,
		spatialprops =
		{
			pos = { -4.254882, 0.009617, -7.088205 },
			orient = { { 1, 0, 0 }, { 0, 1, 0 }, { 0, 0, 1 } }
		}
	},

	{
		entity_name = "Camera_Mission",
		type = CAMERA,
		template_name = "",
		lt_grp = 0, srt_grp = 0, usr_flg = 0,
		spatialprops =
		{
			pos = { -2.464606, 2.728652, 0.897929 },
			orient = { {  0.999094,  0.000000, -0.042561 },
					   { -0.000361,  0.999964, -0.008464 },
					   {  0.042560,  0.008471,  0.999058 } }
		},
		cameraprops =
		{
			fovh = 35,
			hvaspect = 1.333333,
			nearplane = 0.2,
			farplane = 5000
		}
	},

	{
		entity_name = "Zg/NPC/mTable2/01/A/SitLow",
		type = MARKER,
		template_name = "",
		lt_grp = 0, srt_grp = 0, usr_flg = 0,
		spatialprops =
		{
			pos = { 0.806266, 0, 3.067586 },
			orient = { { -0.999987,  0.000000,  0.005197 },
					   {  0.000000,  1.000000,  0.000000 },
					   { -0.005197,  0.000000, -0.999987 } }
		}
	},

	{
		entity_name = "Zg/NPC/mTable2/01/B/SitLow",
		type = MARKER,
		template_name = "",
		lt_grp = 0, srt_grp = 0, usr_flg = 0,
		spatialprops =
		{
			pos = { 0.579287, 0, 4.983426 },
			orient = { {  0.999993,  0.000000,  0.003812 },
					   {  0.000000,  1.000000,  0.000000 },
					   { -0.003812,  0.000000,  0.999993 } }
		}
	},

	{
		entity_name = "Zs/NPC/mTable2/01/PC2/Camera",
		type = CAMERA,
		template_name = "",
		lt_grp = 0, srt_grp = 0, usr_flg = 0,
		flags = HIDDEN,
		spatialprops =
		{
			pos = { -0.927015, 1.68243, 4.227362 },
			orient = { {  0.198861,  0.000000,  0.980028 },
					   {  0.222506,  0.973885, -0.045150 },
					   { -0.954435,  0.227041,  0.193668 } }
		},
		cameraprops =
		{
			fovh = 30,
			hvaspect = 1.85,
			nearplane = 0.2,
			farplane = 5000
		}
	},

	{
		entity_name = "Zs/NPC/mTable2/01/AC2/Camera",
		type = CAMERA,
		template_name = "",
		lt_grp = 0, srt_grp = 0, usr_flg = 0,
		flags = HIDDEN,
		spatialprops =
		{
			pos = { 0.25325, 1.702196, 5.703404 },
			orient = { {  0.860509,  0.000000,  0.509436 },
					   {  0.114883,  0.974241, -0.194053 },
					   { -0.496313,  0.225510,  0.838343 } }
		},
		cameraprops =
		{
			fovh = 30,
			hvaspect = 1.85,
			nearplane = 0.2,
			farplane = 5000
		}
	},

	{
		entity_name = "Zs/NPC/mTable2/01/ACOH/Camera",
		type = CAMERA,
		template_name = "",
		lt_grp = 0, srt_grp = 0, usr_flg = 0,
		flags = HIDDEN,
		spatialprops =
		{
			pos = { 1.745975, 1.879337, 5.178379 },
			orient = { {  0.970864,  0.000000, -0.239630 },
					   { -0.091165,  0.924805, -0.369357 },
					   {  0.221611,  0.380442,  0.897860 } }
		},
		cameraprops =
		{
			fovh = 20,
			hvaspect = 1.85,
			nearplane = 0.2,
			farplane = 5000
		}
	},

	{
		entity_name = "Zs/NPC/mTable2/01/PCO/Camera",
		type = CAMERA,
		template_name = "",
		lt_grp = 0, srt_grp = 0, usr_flg = 0,
		flags = HIDDEN,
		spatialprops =
		{
			pos = { 0.195472, 1.179647, 2.86515 },
			orient = { { -0.626074,  0.000000,  0.779764 },
					   { -0.073080,  0.995598, -0.058676 },
					   { -0.776331, -0.093721, -0.623318 } }
		},
		cameraprops =
		{
			fovh = 20,
			hvaspect = 1.85,
			nearplane = 0.2,
			farplane = 5000
		}
	},

	{
		entity_name = "Zs/NPC/mTable2/01/PCS/Camera",
		type = CAMERA,
		template_name = "",
		lt_grp = 0, srt_grp = 0, usr_flg = 0,
		flags = HIDDEN,
		spatialprops =
		{
			pos = { 0.624263, 1.432813, 3.464672 },
			orient = { { -0.619184,  0.000000,  0.785246 },
					   { -0.044656,  0.998382, -0.035212 },
					   { -0.783975, -0.056869, -0.618182 } }
		},
		cameraprops =
		{
			fovh = 20,
			hvaspect = 1.85,
			nearplane = 0.2,
			farplane = 5000
		}
	},

	{
		entity_name = "Zs/NPC/mTable2/01/ACS/Camera",
		type = CAMERA,
		template_name = "",
		lt_grp = 0, srt_grp = 0, usr_flg = 0,
		flags = HIDDEN,
		spatialprops =
		{
			pos = { 1.24644, 1.335042, 4.523383 },
			orient = { {  0.980626,  0.000000, -0.195891 },
					   { -0.028662,  0.989238, -0.143479 },
					   {  0.193782,  0.146314,  0.970072 } }
		},
		cameraprops =
		{
			fovh = 20,
			hvaspect = 1.85,
			nearplane = 0.2,
			farplane = 5000
		}
	},

	{
		entity_name = "Zs/NPC/mTable2/01/ACU/Camera",
		type = CAMERA,
		template_name = "",
		lt_grp = 0, srt_grp = 0, usr_flg = 0,
		flags = HIDDEN,
		spatialprops =
		{
			pos = { 1.058826, 1.353498, 3.988661 },
			orient = { {  0.975086,  0.000000, -0.221827 },
					   { -0.034338,  0.987946, -0.150941 },
					   {  0.219153,  0.154797,  0.963333 } }
		},
		cameraprops =
		{
			fovh = 20,
			hvaspect = 1.85,
			nearplane = 0.2,
			farplane = 5000
		}
	},

	{
		entity_name = "Zs/NPC/mFloor2/01/AC2/Camera",
		type = CAMERA,
		template_name = "",
		lt_grp = 0, srt_grp = 0, usr_flg = 0,
		flags = HIDDEN,
		spatialprops =
		{
			pos = { 1.100465, 1.682559, -2.454923 },
			orient = { {  0.967366,  0.000000, -0.253384 },
					   { -0.047118,  0.982558, -0.179887 },
					   {  0.248964,  0.185955,  0.950493 } }
		},
		cameraprops =
		{
			fovh = 30,
			hvaspect = 1.85,
			nearplane = 0.2,
			farplane = 5000
		}
	},

	{
		entity_name = "Zs/NPC/mFloor2/01/ACOH/Camera",
		type = CAMERA,
		template_name = "",
		lt_grp = 0, srt_grp = 0, usr_flg = 0,
		flags = HIDDEN,
		spatialprops =
		{
			pos = { 1.579694, 1.774352, -3.571768 },
			orient = { {  0.477191,  0.000000, -0.878799 },
					   { -0.170624,  0.980971, -0.092650 },
					   {  0.862076,  0.194156,  0.468111 } }
		},
		cameraprops =
		{
			fovh = 25,
			hvaspect = 1.85,
			nearplane = 0.2,
			farplane = 5000
		}
	},

	{
		entity_name = "Zs/NPC/mFloor2/01/PCO/Camera",
		type = CAMERA,
		template_name = "",
		lt_grp = 0, srt_grp = 0, usr_flg = 0,
		flags = HIDDEN,
		spatialprops =
		{
			pos = { -0.223716, 1.762225, -3.625062 },
			orient = { {  0.389520,  0.000000,  0.921018 },
					   {  0.179677,  0.980786, -0.075990 },
					   { -0.903322,  0.195085,  0.382036 } }
		},
		cameraprops =
		{
			fovh = 25,
			hvaspect = 1.85,
			nearplane = 0.2,
			farplane = 5000
		}
	},

	{
		entity_name = "Zs/NPC/mFloor2/01/PCS/Camera",
		type = CAMERA,
		template_name = "",
		lt_grp = 0, srt_grp = 0, usr_flg = 0,
		flags = HIDDEN,
		spatialprops =
		{
			pos = { 0.11049, 1.694538, -3.622622 },
			orient = { {  0.395087,  0.000000,  0.918644 },
					   {  0.109989,  0.992806, -0.047304 },
					   { -0.912035,  0.119730,  0.392245 } }
		},
		cameraprops =
		{
			fovh = 25,
			hvaspect = 1.85,
			nearplane = 0.2,
			farplane = 5000
		}
	},

	{
		entity_name = "Zs/NPC/mFloor2/01/ACS/Camera",
		type = CAMERA,
		template_name = "",
		lt_grp = 0, srt_grp = 0, usr_flg = 0,
		flags = HIDDEN,
		spatialprops =
		{
			pos = { 1.242406, 1.670566, -3.56107 },
			orient = { {  0.510846,  0.000000, -0.859672 },
					   { -0.079128,  0.995755, -0.047021 },
					   {  0.856023,  0.092045,  0.508677 } }
		},
		cameraprops =
		{
			fovh = 25,
			hvaspect = 1.85,
			nearplane = 0.2,
			farplane = 5000
		}
	},

	{
		entity_name = "Zs/NPC/mFloor2/01/ACU/Camera",
		type = CAMERA,
		template_name = "",
		lt_grp = 0, srt_grp = 0, usr_flg = 0,
		flags = HIDDEN,
		spatialprops =
		{
			pos = { 0.936093, 1.701269, -3.729248 },
			orient = { {  0.409817,  0.000000, -0.912168 },
					   { -0.065849,  0.997391, -0.029584 },
					   {  0.909788,  0.072189,  0.408747 } }
		},
		cameraprops =
		{
			fovh = 25,
			hvaspect = 1.85,
			nearplane = 0.2,
			farplane = 5000
		}
	},

	{
		entity_name = "Zs/NPC/mFloor2/01/P2/Stand",
		type = MARKER,
		template_name = "",
		lt_grp = 0, srt_grp = 0, usr_flg = 0,
		spatialprops =
		{
			pos = { 1.255568, 0, -3.905592 },
			orient = { {  0.085313,  0.000000, -0.996354 },
					   {  0.000000,  1.000000,  0.000000 },
					   {  0.996354,  0.000000,  0.085313 } }
		}
	},

	{
		entity_name = "Zs/NPC/mTable2/01/P2/Stand",
		type = MARKER,
		template_name = "",
		lt_grp = 0, srt_grp = 0, usr_flg = 0,
		spatialprops =
		{
			pos = { 1.75754, 0, 4.613054 },
			orient = { {  0.717356,  0.000000, -0.696707 },
					   {  0.000000,  1.000000,  0.000000 },
					   {  0.696707,  0.000000,  0.717356 } }
		}
	},

	{
		entity_name = "Zs/NPC/mFloor2/01/PC2/Camera",
		type = CAMERA,
		template_name = "",
		lt_grp = 0, srt_grp = 0, usr_flg = 0,
		flags = HIDDEN,
		spatialprops =
		{
			pos = { -0.160417, 1.692124, -2.764791 },
			orient = { {  0.834743,  0.000000,  0.550639 },
					   {  0.098632,  0.983827, -0.149522 },
					   { -0.541734,  0.179123,  0.821243 } }
		},
		cameraprops =
		{
			fovh = 30,
			hvaspect = 1.85,
			nearplane = 0.2,
			farplane = 5000
		}
	},

	{
		entity_name = "Zs/NPC/mFloor2/01/WFC/Camera",
		type = CAMERA,
		template_name = "",
		lt_grp = 0, srt_grp = 0, usr_flg = 0,
		flags = HIDDEN,
		spatialprops =
		{
			pos = { 4.655705, 3.725362, 0.78175 },
			orient = { {  0.631570,  0.000000, -0.775319 },
					   { -0.175733,  0.973974, -0.143151 },
					   {  0.755140,  0.226659,  0.615133 } }
		},
		cameraprops =
		{
			fovh = 30,
			hvaspect = 1.85,
			nearplane = 0.2,
			farplane = 5000
		}
	},

	{
		entity_name = "Zs/NPC/mTable2/01/WFC/Camera",
		type = CAMERA,
		template_name = "",
		lt_grp = 0, srt_grp = 0, usr_flg = 0,
		flags = HIDDEN,
		spatialprops =
		{
			pos = { -1.433822, 2.906945, 8.762938 },
			orient = { {  0.948792,  0.000000,  0.315903 },
					   {  0.088435,  0.960016, -0.265608 },
					   { -0.303272,  0.279944,  0.910855 } }
		},
		cameraprops =
		{
			fovh = 30,
			hvaspect = 1.85,
			nearplane = 0.2,
			farplane = 5000
		}
	},

	{
		entity_name = "Zs/NPC/mFloor2/01/P/Stand",
		type = MARKER,
		template_name = "",
		lt_grp = 0, srt_grp = 0, usr_flg = 0,
		spatialprops =
		{
			pos = { 1.769447, -0.0054, -3.902139 },
			orient = { {  0.085313,  0.000000, -0.996354 },
					   {  0.000000,  1.000000,  0.000000 },
					   {  0.996354,  0.000000,  0.085313 } }
		}
	},

	{
		entity_name = "Zs/NPC/mTable2/01/P/Stand",
		type = MARKER,
		template_name = "",
		lt_grp = 0, srt_grp = 0, usr_flg = 0,
		spatialprops =
		{
			pos = { 2.143444, -0.0054, 4.952408 },
			orient = { {  0.717356,  0.000000, -0.696707 },
					   {  0.000000,  1.000000,  0.000000 },
					   {  0.696707,  0.000000,  0.717356 } }
		}
	},

	{
		entity_name = "Zs/NPC/mTable2/01/TCI/Camera",
		type = CAMERA,
		template_name = "",
		lt_grp = 0, srt_grp = 0, usr_flg = 0,
		flags = HIDDEN,
		spatialprops =
		{
			pos = { 1.323851, 1.837122, 4.858837 },
			orient = { {  0.963678,  0.000000, -0.267068 },
					   { -0.170762,  0.768879, -0.616170 },
					   {  0.205343,  0.639394,  0.740951 } }
		},
		cameraprops =
		{
			fovh = 15,
			hvaspect = 1.85,
			nearplane = 0.2,
			farplane = 5000
		}
	},

	{
		entity_name = "Zs/NPC/mTable2/01/PCU/Camera",
		type = CAMERA,
		template_name = "",
		lt_grp = 0, srt_grp = 0, usr_flg = 0,
		flags = HIDDEN,
		spatialprops =
		{
			pos = { 1.050803, 1.505408, 3.974823 },
			orient = { { -0.646270,  0.000000,  0.763109 },
					   { -0.103046,  0.990841, -0.087269 },
					   { -0.756119, -0.135035, -0.640351 } }
		},
		cameraprops =
		{
			fovh = 20,
			hvaspect = 1.85,
			nearplane = 0.2,
			farplane = 5000
		}
	},

	{
		entity_name = "Zs/NPC/mTable2/01/ACOL/Camera",
		type = CAMERA,
		template_name = "",
		lt_grp = 0, srt_grp = 0, usr_flg = 0,
		flags = HIDDEN,
		spatialprops =
		{
			pos = { 1.55236, 1.429785, 5.398477 },
			orient = { {  0.986586,  0.000000, -0.163243 },
					   { -0.028609,  0.984523, -0.172902 },
					   {  0.160717,  0.175253,  0.971317 } }
		},
		cameraprops =
		{
			fovh = 20,
			hvaspect = 1.85,
			nearplane = 0.2,
			farplane = 5000
		}
	},

	{
		entity_name = "Zs/NPC/mFloor2/01/PCU/Camera",
		type = CAMERA,
		template_name = "",
		lt_grp = 0, srt_grp = 0, usr_flg = 0,
		flags = HIDDEN,
		spatialprops =
		{
			pos = { 0.531312, 1.713666, -3.746436 },
			orient = { {  0.329967,  0.000000,  0.943993 },
					   {  0.084179,  0.996016, -0.029424 },
					   { -0.940232,  0.089173,  0.328652 } }
		},
		cameraprops =
		{
			fovh = 25,
			hvaspect = 1.85,
			nearplane = 0.2,
			farplane = 5000
		}
	},

	{
		entity_name = "Zs/NPC/mTable2/01/Prop",
		type = MARKER,
		template_name = "",
		lt_grp = 0, srt_grp = 0, usr_flg = 0,
		spatialprops =
		{
			pos = { 0.803981, 0.797955, 3.712306 },
			orient = { { -0.999964,  0.000000,  0.008444 },
					   {  0.000000,  1.000000,  0.000000 },
					   { -0.008444,  0.000000, -0.999964 } }
		}
	},

	{
		entity_name = "Zs/NPC/mFloor2/01/TCI/Camera",
		type = CAMERA,
		template_name = "",
		lt_grp = 0, srt_grp = 0, usr_flg = 0,
		flags = HIDDEN,
		spatialprops =
		{
			pos = { 1.377607, 2.048316, -3.591417 },
			orient = { {  0.424298,  0.000000, -0.905523 },
					   { -0.625793,  0.722773, -0.293226 },
					   {  0.654488,  0.691085,  0.306671 } }
		},
		cameraprops =
		{
			fovh = 15,
			hvaspect = 1.85,
			nearplane = 0.2,
			farplane = 5000
		}
	},

	{
		entity_name = "LtShadowSource",
		type = LIGHT,
		template_name = "",
		lt_grp = 0, srt_grp = 0, usr_flg = 0,
		spatialprops =
		{
			pos = { 0, 0, 0 },
			orient = { {  1.000000,  0.000000,  0.000000 },
					   {  0.000000,  0.000000,  1.000000 },
					   {  0.000000, -1.000000,  0.000000 } }
		},
		lightprops =
		{
			on = N,
			color = { 255, 255, 255 },
			diffuse = { 0, 0, 0 },
			specular = { 0, 0, 0 },
			ambient = { 0, 0, 0 },
			direction = { 0, 0, 1 },
			range = 2000,
			cutoff = 98.99998,
			type = L_DIRECT,
			theta = 90,
			atten = { 1, 0, 4e-006 }
		}
	},

	{
		entity_name = "LtGlareSource",
		type = LIGHT,
		template_name = "",
		lt_grp = 0, srt_grp = 0, usr_flg = 0,
		spatialprops =
		{
			pos = { 3.726893, 12.93554, 9.435546 },
			orient = { {  0.933193,  0.000000, -0.359375 },
					   { -0.051526,  0.989668, -0.133798 },
					   {  0.355662,  0.143376,  0.923552 } }
		},
		lightprops =
		{
			on = N,
			color = { 255, 255, 255 },
			diffuse = { 1, 1, 1 },
			specular = { 0, 0, 0 },
			ambient = { 0, 0, 0 },
			direction = { 0, 0, 1 },
			range = 2000,
			cutoff = 98.99998,
			type = L_POINT,
			theta = 90,
			atten = { 1, 0, 4e-006 }
		}
	},

	{
		entity_name = "Camera_News",
		type = CAMERA,
		template_name = "",
		lt_grp = 0, srt_grp = 0, usr_flg = 0,
		spatialprops =
		{
			pos = { 0.682599, 3.05951, -1.791312 },
			orient = { {  0.746452,  0.000000, -0.665439 },
					   { -0.091193,  0.990565, -0.102295 },
					   {  0.659161,  0.137042,  0.739410 } }
		},
		cameraprops =
		{
			fovh = 35,
			hvaspect = 1.333333,
			nearplane = 0.2,
			farplane = 5000
		}
	},

	{
		entity_name = "Set_bw_02_bar_1",
		type = COMPOUND,
		template_name = "bw_02_bar",
		lt_grp = 0, srt_grp = 0, usr_flg = 0,
		flags = LIT_DYNAMIC + LIT_AMBIENT,
		spatialprops =
		{
			pos = { 0, 0, 0 },
			orient = { { 1, 0, 0 }, { 0, 1, 0 }, { 0, 0, 1 } }
		},
		userprops =
		{
			category = "Room",
		}
	},

	{
		entity_name = "Camera_0",
		type = CAMERA,
		template_name = "",
		lt_grp = 0, srt_grp = 0, usr_flg = 0,
		spatialprops =
		{
			pos = { 5.067368, 3.797693, 10.00566 },
			orient = { {  0.852803,  0.000000, -0.522232 },
					   { -0.144580,  0.960913, -0.236099 },
					   {  0.501820,  0.276851,  0.819470 } }
		},
		cameraprops =
		{
			fovh = 35,
			hvaspect = 1.333333,
			nearplane = 0.1,
			farplane = 100000
		}
	},

	{
		entity_name = "Zg/NPC/mTable2/02/A/SitLow",
		type = MARKER,
		template_name = "",
		lt_grp = 0, srt_grp = 0, usr_flg = 0,
		spatialprops =
		{
			pos = { 3.162482, 0, 3.141398 },
			orient = { { -0.999987,  0.000000,  0.005197 },
					   {  0.000000,  1.000000,  0.000000 },
					   { -0.005197,  0.000000, -0.999987 } }
		}
	},

	{
		entity_name = "Zg/NPC/mTable2/02/B/SitLow",
		type = MARKER,
		template_name = "",
		lt_grp = 0, srt_grp = 0, usr_flg = 0,
		spatialprops =
		{
			pos = { 3.194671, 0, 5.041421 },
			orient = { {  0.999993,  0.000000,  0.003812 },
					   {  0.000000,  1.000000,  0.000000 },
					   { -0.003812,  0.000000,  0.999993 } }
		}
	},

	{
		entity_name = "Camera_0_other",
		type = CAMERA,
		template_name = "",
		lt_grp = 0, srt_grp = 0, usr_flg = 0,
		spatialprops =
		{
			pos = { 4.821425, 5.123745, -5.28182 },
			orient = { { -0.675083,  0.000000, -0.737742 },
					   { -0.305863,  0.910007,  0.279885 },
					   {  0.671350,  0.414593, -0.614330 } }
		},
		cameraprops =
		{
			fovh = 35,
			hvaspect = 1.333333,
			nearplane = 0.1,
			farplane = 100000
		}
	},

	{
		entity_name = "Camera_0_other_copy_1",
		type = CAMERA,
		template_name = "",
		lt_grp = 0, srt_grp = 0, usr_flg = 0,
		spatialprops =
		{
			pos = { 5.033954, 3.256837, -7.159144 },
			orient = { { -0.781128,  0.000000, -0.624370 },
					   { -0.148023,  0.971491,  0.185186 },
					   {  0.606570,  0.237075, -0.758859 } }
		},
		cameraprops =
		{
			fovh = 35,
			hvaspect = 1.333333,
			nearplane = 0.1,
			farplane = 100000
		}
	},

	{
		entity_name = "Zs/NPC/mTable2/02/P/Stand",
		type = MARKER,
		template_name = "",
		lt_grp = 0, srt_grp = 0, usr_flg = 0,
		spatialprops =
		{
			pos = { 1.981579, -0.0054, 5.134503 },
			orient = { {  0.802735,  0.000000,  0.596336 },
					   {  0.000000,  1.000000,  0.000000 },
					   { -0.596336,  0.000000,  0.802735 } }
		}
	},

	{
		entity_name = "Zs/NPC/mTable2/02/P2/Stand",
		type = MARKER,
		template_name = "",
		lt_grp = 0, srt_grp = 0, usr_flg = 0,
		spatialprops =
		{
			pos = { 2.254651, 0, 4.69917 },
			orient = { {  0.802735,  0.000000,  0.596336 },
					   {  0.000000,  1.000000,  0.000000 },
					   { -0.596336,  0.000000,  0.802735 } }
		}
	},

	{
		entity_name = "Zs/NPC/mTable2/02/AC2/Camera",
		type = CAMERA,
		template_name = "",
		lt_grp = 0, srt_grp = 0, usr_flg = 0,
		flags = HIDDEN,
		spatialprops =
		{
			pos = { 3.497929, 1.702196, 5.771569 },
			orient = { {  0.886688,  0.000000, -0.462368 },
					   { -0.098383,  0.977100, -0.188670 },
					   {  0.451780,  0.212781,  0.866383 } }
		},
		cameraprops =
		{
			fovh = 30,
			hvaspect = 1.85,
			nearplane = 0.2,
			farplane = 5000
		}
	},

	{
		entity_name = "Zs/NPC/mTable2/02/ACOH/Camera",
		type = CAMERA,
		template_name = "",
		lt_grp = 0, srt_grp = 0, usr_flg = 0,
		flags = HIDDEN,
		spatialprops =
		{
			pos = { 2.288111, 1.878108, 5.238385 },
			orient = { {  0.981738,  0.000000,  0.190237 },
					   {  0.074662,  0.919765, -0.385303 },
					   { -0.174973,  0.392471,  0.902968 } }
		},
		cameraprops =
		{
			fovh = 20,
			hvaspect = 1.85,
			nearplane = 0.2,
			farplane = 5000
		}
	},

	{
		entity_name = "Zs/NPC/mTable2/02/ACOL/Camera",
		type = CAMERA,
		template_name = "",
		lt_grp = 0, srt_grp = 0, usr_flg = 0,
		flags = HIDDEN,
		spatialprops =
		{
			pos = { 2.507341, 1.433358, 5.512967 },
			orient = { {  0.995983,  0.000000,  0.089539 },
					   {  0.016805,  0.982229, -0.186934 },
					   { -0.087947,  0.187688,  0.978283 } }
		},
		cameraprops =
		{
			fovh = 20,
			hvaspect = 1.85,
			nearplane = 0.2,
			farplane = 5000
		}
	},

	{
		entity_name = "Zs/NPC/mTable2/02/ACS/Camera",
		type = CAMERA,
		template_name = "",
		lt_grp = 0, srt_grp = 0, usr_flg = 0,
		flags = HIDDEN,
		spatialprops =
		{
			pos = { 2.53095, 1.347772, 4.690407 },
			orient = { {  0.969781,  0.000000,  0.243976 },
					   {  0.037797,  0.987927, -0.150241 },
					   { -0.241030,  0.154923,  0.958073 } }
		},
		cameraprops =
		{
			fovh = 20,
			hvaspect = 1.85,
			nearplane = 0.2,
			farplane = 5000
		}
	},

	{
		entity_name = "Zs/NPC/mTable2/02/ACU/Camera",
		type = CAMERA,
		template_name = "",
		lt_grp = 0, srt_grp = 0, usr_flg = 0,
		flags = HIDDEN,
		spatialprops =
		{
			pos = { 2.851269, 1.370529, 4.096485 },
			orient = { {  0.973254,  0.000000,  0.229733 },
					   {  0.039493,  0.985113, -0.167312 },
					   { -0.226313,  0.171910,  0.958764 } }
		},
		cameraprops =
		{
			fovh = 20,
			hvaspect = 1.85,
			nearplane = 0.2,
			farplane = 5000
		}
	},

	{
		entity_name = "Zs/NPC/mTable2/02/PC2/Camera",
		type = CAMERA,
		template_name = "",
		lt_grp = 0, srt_grp = 0, usr_flg = 0,
		flags = HIDDEN,
		spatialprops =
		{
			pos = { 4.844352, 1.68243, 4.277989 },
			orient = { {  0.188076,  0.000000, -0.982154 },
					   { -0.222990,  0.973885, -0.042701 },
					   {  0.956506,  0.227042,  0.183165 } }
		},
		cameraprops =
		{
			fovh = 30,
			hvaspect = 1.85,
			nearplane = 0.2,
			farplane = 5000
		}
	},

	{
		entity_name = "Zs/NPC/mTable2/02/PCO/Camera",
		type = CAMERA,
		template_name = "",
		lt_grp = 0, srt_grp = 0, usr_flg = 0,
		flags = HIDDEN,
		spatialprops =
		{
			pos = { 3.662828, 1.173218, 2.922133 },
			orient = { { -0.653130,  0.000000, -0.757246 },
					   {  0.080820,  0.994288, -0.069708 },
					   {  0.752921, -0.106729, -0.649399 } }
		},
		cameraprops =
		{
			fovh = 20,
			hvaspect = 1.85,
			nearplane = 0.2,
			farplane = 5000
		}
	},

	{
		entity_name = "Zs/NPC/mTable2/02/PCS/Camera",
		type = CAMERA,
		template_name = "",
		lt_grp = 0, srt_grp = 0, usr_flg = 0,
		flags = HIDDEN,
		spatialprops =
		{
			pos = { 3.332503, 1.441875, 3.494991 },
			orient = { { -0.651240,  0.000000, -0.758872 },
					   {  0.043146,  0.998382, -0.037027 },
					   {  0.757644, -0.056856, -0.650187 } }
		},
		cameraprops =
		{
			fovh = 20,
			hvaspect = 1.85,
			nearplane = 0.2,
			farplane = 5000
		}
	},

	{
		entity_name = "Zs/NPC/mTable2/03/PCS/Camera",
		type = CAMERA,
		template_name = "",
		lt_grp = 0, srt_grp = 0, usr_flg = 0,
		flags = HIDDEN,
		spatialprops =
		{
			pos = { 0.310388, 1.481651, 6.880236 },
			orient = { { -0.598351,  0.000000,  0.801234 },
					   { -0.014129,  0.999844, -0.010551 },
					   { -0.801110, -0.017633, -0.598258 } }
		},
		cameraprops =
		{
			fovh = 20,
			hvaspect = 1.85,
			nearplane = 0.2,
			farplane = 5000
		}
	},

	{
		entity_name = "Zs/NPC/mTable2/02/PCU/Camera",
		type = CAMERA,
		template_name = "",
		lt_grp = 0, srt_grp = 0, usr_flg = 0,
		flags = HIDDEN,
		spatialprops =
		{
			pos = { 2.933423, 1.561912, 3.978172 },
			orient = { { -0.655171,  0.000000, -0.755481 },
					   {  0.061842,  0.996644, -0.053631 },
					   {  0.752945, -0.081857, -0.652972 } }
		},
		cameraprops =
		{
			fovh = 20,
			hvaspect = 1.85,
			nearplane = 0.2,
			farplane = 5000
		}
	},

	{
		entity_name = "Zs/NPC/mTable2/02/TCI/Camera",
		type = CAMERA,
		template_name = "",
		lt_grp = 0, srt_grp = 0, usr_flg = 0,
		flags = HIDDEN,
		spatialprops =
		{
			pos = { 2.587788, 1.821711, 4.92791 },
			orient = { {  0.896303,  0.000000,  0.443441 },
					   {  0.276229,  0.782284, -0.558327 },
					   { -0.346897,  0.622922,  0.701164 } }
		},
		cameraprops =
		{
			fovh = 15,
			hvaspect = 1.85,
			nearplane = 0.2,
			farplane = 5000
		}
	},

	{
		entity_name = "Zs/NPC/mTable2/02/WFC/Camera",
		type = CAMERA,
		template_name = "",
		lt_grp = 0, srt_grp = 0, usr_flg = 0,
		flags = HIDDEN,
		spatialprops =
		{
			pos = { 5.848917, 0.783448, 5.874756 },
			orient = { {  0.649362,  0.000000, -0.760479 },
					   {  0.091831,  0.992682,  0.078414 },
					   {  0.754914, -0.120755,  0.644611 } }
		},
		cameraprops =
		{
			fovh = 30,
			hvaspect = 1.85,
			nearplane = 0.2,
			farplane = 5000
		}
	},

	{
		entity_name = "Zg/NPC/mTable2/03/A/SitLow",
		type = MARKER,
		template_name = "",
		lt_grp = 0, srt_grp = 0, usr_flg = 0,
		spatialprops =
		{
			pos = { 0.560779, 0, 6.519886 },
			orient = { { -0.999987,  0.000000,  0.005197 },
					   {  0.000000,  1.000000,  0.000000 },
					   { -0.005197,  0.000000, -0.999987 } }
		}
	},

	{
		entity_name = "Zg/NPC/mTable2/03/B/SitLow",
		type = MARKER,
		template_name = "",
		lt_grp = 0, srt_grp = 0, usr_flg = 0,
		spatialprops =
		{
			pos = { 0.566198, 0, 8.417049 },
			orient = { {  0.999993,  0.000000,  0.003812 },
					   {  0.000000,  1.000000,  0.000000 },
					   { -0.003812,  0.000000,  0.999993 } }
		}
	},

	{
		entity_name = "Zs/NPC/mTable2/03/AC2/Camera",
		type = CAMERA,
		template_name = "",
		lt_grp = 0, srt_grp = 0, usr_flg = 0,
		flags = HIDDEN,
		spatialprops =
		{
			pos = { 0.211529, 1.702196, 9.154645 },
			orient = { {  0.890672,  0.000000,  0.454646 },
					   {  0.096736,  0.977102, -0.189509 },
					   { -0.444236,  0.212771,  0.870278 } }
		},
		cameraprops =
		{
			fovh = 30,
			hvaspect = 1.85,
			nearplane = 0.2,
			farplane = 5000
		}
	},

	{
		entity_name = "Zs/NPC/mTable2/03/ACOH/Camera",
		type = CAMERA,
		template_name = "",
		lt_grp = 0, srt_grp = 0, usr_flg = 0,
		flags = HIDDEN,
		spatialprops =
		{
			pos = { 1.485901, 1.897832, 8.65371 },
			orient = { {  0.973107,  0.000000, -0.230355 },
					   { -0.091333,  0.918041, -0.385823 },
					   {  0.211476,  0.396486,  0.893351 } }
		},
		cameraprops =
		{
			fovh = 20,
			hvaspect = 1.85,
			nearplane = 0.2,
			farplane = 5000
		}
	},

	{
		entity_name = "Zs/NPC/mTable2/03/ACOL/Camera",
		type = CAMERA,
		template_name = "",
		lt_grp = 0, srt_grp = 0, usr_flg = 0,
		flags = HIDDEN,
		spatialprops =
		{
			pos = { 1.230733, 1.452779, 8.95106 },
			orient = { {  0.996471,  0.000000, -0.083937 },
					   { -0.016143,  0.981333, -0.191639 },
					   {  0.082370,  0.192318,  0.977870 } }
		},
		cameraprops =
		{
			fovh = 20,
			hvaspect = 1.85,
			nearplane = 0.2,
			farplane = 5000
		}
	},

	{
		entity_name = "Zs/NPC/mTable2/03/ACS/Camera",
		type = CAMERA,
		template_name = "",
		lt_grp = 0, srt_grp = 0, usr_flg = 0,
		flags = HIDDEN,
		spatialprops =
		{
			pos = { 0.979881, 1.339228, 8.018269 },
			orient = { {  0.987631,  0.000000, -0.156794 },
					   { -0.023602,  0.988606, -0.148664 },
					   {  0.155007,  0.150526,  0.976378 } }
		},
		cameraprops =
		{
			fovh = 20,
			hvaspect = 1.85,
			nearplane = 0.2,
			farplane = 5000
		}
	},

	{
		entity_name = "Zs/NPC/mTable2/03/ACU/Camera",
		type = CAMERA,
		template_name = "",
		lt_grp = 0, srt_grp = 0, usr_flg = 0,
		flags = HIDDEN,
		spatialprops =
		{
			pos = { 0.81814, 1.356519, 7.459626 },
			orient = { {  0.976065,  0.000000, -0.217480 },
					   { -0.033663,  0.987948, -0.151083 },
					   {  0.214859,  0.154788,  0.964301 } }
		},
		cameraprops =
		{
			fovh = 20,
			hvaspect = 1.85,
			nearplane = 0.2,
			farplane = 5000
		}
	},

	{
		entity_name = "Zs/NPC/mTable2/03/PC2/Camera",
		type = CAMERA,
		template_name = "",
		lt_grp = 0, srt_grp = 0, usr_flg = 0,
		flags = HIDDEN,
		spatialprops =
		{
			pos = { -1.172502, 1.68243, 7.679662 },
			orient = { {  0.207635,  0.000000,  0.978206 },
					   {  0.222088,  0.973886, -0.047141 },
					   { -0.952662,  0.227036,  0.202213 } }
		},
		cameraprops =
		{
			fovh = 30,
			hvaspect = 1.85,
			nearplane = 0.2,
			farplane = 5000
		}
	},

	{
		entity_name = "Zs/NPC/mTable2/03/PCO/Camera",
		type = CAMERA,
		template_name = "",
		lt_grp = 0, srt_grp = 0, usr_flg = 0,
		flags = HIDDEN,
		spatialprops =
		{
			pos = { -0.045972, 1.1741, 6.311491 },
			orient = { { -0.626020,  0.000000,  0.779807 },
					   { -0.073058,  0.995602, -0.058650 },
					   { -0.776377, -0.093687, -0.623266 } }
		},
		cameraprops =
		{
			fovh = 20,
			hvaspect = 1.85,
			nearplane = 0.2,
			farplane = 5000
		}
	},

	{
		entity_name = "Zs/NPC/mTable2/03/PCU/Camera",
		type = CAMERA,
		template_name = "",
		lt_grp = 0, srt_grp = 0, usr_flg = 0,
		flags = HIDDEN,
		spatialprops =
		{
			pos = { 0.801158, 1.539663, 7.424131 },
			orient = { { -0.594433,  0.000000,  0.804145 },
					   { -0.091061,  0.993568, -0.067314 },
					   { -0.798973, -0.113240, -0.590609 } }
		},
		cameraprops =
		{
			fovh = 20,
			hvaspect = 1.85,
			nearplane = 0.2,
			farplane = 5000
		}
	},

	{
		entity_name = "Zs/NPC/mTable2/03/TCI/Camera",
		type = CAMERA,
		template_name = "",
		lt_grp = 0, srt_grp = 0, usr_flg = 0,
		flags = HIDDEN,
		spatialprops =
		{
			pos = { 1.159943, 1.821711, 8.298391 },
			orient = { {  0.900804,  0.000000, -0.434226 },
					   { -0.270489,  0.782284, -0.561131 },
					   {  0.339688,  0.622922,  0.704684 } }
		},
		cameraprops =
		{
			fovh = 15,
			hvaspect = 1.85,
			nearplane = 0.2,
			farplane = 5000
		}
	},

	{
		entity_name = "Zs/NPC/mTable2/03/WFC/Camera",
		type = CAMERA,
		template_name = "",
		lt_grp = 0, srt_grp = 0, usr_flg = 0,
		spatialprops =
		{
			pos = { -1.474348, 7.616943, 8.640161 },
			orient = { {  0.579385,  0.000000,  0.815054 },
					   {  0.766400,  0.340331, -0.544798 },
					   { -0.277388,  0.940306,  0.197183 } }
		},
		cameraprops =
		{
			fovh = 30,
			hvaspect = 1.85,
			nearplane = 0.2,
			farplane = 5000
		}
	},

	{
		entity_name = "Zs/NPC/mTable2/03/P2/Stand",
		type = MARKER,
		template_name = "",
		lt_grp = 0, srt_grp = 0, usr_flg = 0,
		spatialprops =
		{
			pos = { 1.512188, 0, 8.065378 },
			orient = { {  0.717240,  0.000000, -0.696826 },
					   {  0.000000,  1.000000,  0.000000 },
					   {  0.696826,  0.000000,  0.717240 } }
		}
	},

	{
		entity_name = "Zs/NPC/mTable2/03/P/Stand",
		type = MARKER,
		template_name = "",
		lt_grp = 0, srt_grp = 0, usr_flg = 0,
		spatialprops =
		{
			pos = { 1.898149, -0.0054, 8.404669 },
			orient = { {  0.717240,  0.000000, -0.696826 },
					   {  0.000000,  1.000000,  0.000000 },
					   {  0.696826,  0.000000,  0.717240 } }
		}
	},

	{
		entity_name = "Zs/NPC/Bartender/01/P2/Stand",
		type = MARKER,
		template_name = "",
		lt_grp = 0, srt_grp = 0, usr_flg = 0,
		spatialprops =
		{
			pos = { -0.530726, 0, -3.21582 },
			orient = { {  0.633661,  0.000000, -0.773611 },
					   {  0.000000,  1.000000,  0.000000 },
					   {  0.773611,  0.000000,  0.633661 } }
		}
	},

	{
		entity_name = "Zs/NPC/Bartender/01/AC2/Camera",
		type = CAMERA,
		template_name = "",
		lt_grp = 0, srt_grp = 0, usr_flg = 0,
		spatialprops =
		{
			pos = { -1.879128, 1.749033, -1.877135 },
			orient = { {  0.934083,  0.000000,  0.357056 },
					   {  0.085951,  0.970594, -0.224853 },
					   { -0.346557,  0.240721,  0.906616 } }
		},
		cameraprops =
		{
			fovh = 30,
			hvaspect = 1.85,
			nearplane = 0.2,
			farplane = 5000
		}
	},

	{
		entity_name = "Zs/NPC/Bartender/01/ACOH/Camera",
		type = CAMERA,
		template_name = "",
		lt_grp = 0, srt_grp = 0, usr_flg = 0,
		spatialprops =
		{
			pos = { -0.454985, 1.759828, -2.710442 },
			orient = { {  0.884594,  0.000000, -0.466362 },
					   { -0.090464,  0.981006, -0.171593 },
					   {  0.457504,  0.193979,  0.867792 } }
		},
		cameraprops =
		{
			fovh = 25,
			hvaspect = 1.85,
			nearplane = 0.2,
			farplane = 5000
		}
	},

	{
		entity_name = "Zs/NPC/Bartender/01/ACS/Camera",
		type = CAMERA,
		template_name = "",
		lt_grp = 0, srt_grp = 0, usr_flg = 0,
		spatialprops =
		{
			pos = { -1.158676, 1.694377, -3.184366 },
			orient = { {  0.909204,  0.000000, -0.416352 },
					   { -0.049156,  0.993006, -0.107344 },
					   {  0.413440,  0.118064,  0.902845 } }
		},
		cameraprops =
		{
			fovh = 25,
			hvaspect = 1.85,
			nearplane = 0.2,
			farplane = 5000
		}
	},

	{
		entity_name = "Zs/NPC/Bartender/01/PC2/Camera",
		type = CAMERA,
		template_name = "",
		lt_grp = 0, srt_grp = 0, usr_flg = 0,
		spatialprops =
		{
			pos = { -2.919183, 1.766585, -3.294675 },
			orient = { {  0.360470,  0.000000,  0.932771 },
					   {  0.214832,  0.973116, -0.083022 },
					   { -0.907694,  0.230316,  0.350779 } }
		},
		cameraprops =
		{
			fovh = 30,
			hvaspect = 1.85,
			nearplane = 0.2,
			farplane = 5000
		}
	},

	{
		entity_name = "Zs/NPC/Bartender/01/PCO/Camera",
		type = CAMERA,
		template_name = "",
		lt_grp = 0, srt_grp = 0, usr_flg = 0,
		spatialprops =
		{
			pos = { -2.401709, 1.794758, -4.268433 },
			orient = { { -0.268787,  0.000000,  0.963200 },
					   {  0.212275,  0.975413,  0.059237 },
					   { -0.939517,  0.220386, -0.262178 } }
		},
		cameraprops =
		{
			fovh = 25,
			hvaspect = 1.85,
			nearplane = 0.2,
			farplane = 5000
		}
	},

	{
		entity_name = "Zs/NPC/Bartender/01/PCS/Camera",
		type = CAMERA,
		template_name = "",
		lt_grp = 0, srt_grp = 0, usr_flg = 0,
		spatialprops =
		{
			pos = { -1.849879, 1.671601, -3.74086 },
			orient = { { -0.215277,  0.000000,  0.976553 },
					   {  0.112301,  0.993366,  0.024756 },
					   { -0.970074,  0.114998, -0.213849 } }
		},
		cameraprops =
		{
			fovh = 25,
			hvaspect = 1.85,
			nearplane = 0.2,
			farplane = 5000
		}
	},

	{
		entity_name = "Zs/NPC/Bartender/01/WFC/Camera",
		type = CAMERA,
		template_name = "",
		lt_grp = 0, srt_grp = 0, usr_flg = 0,
		spatialprops =
		{
			pos = { 5.154009, 3.588551, 4.056523 },
			orient = { {  0.778168,  0.000000, -0.628057 },
					   { -0.062625,  0.995016, -0.077593 },
					   {  0.624927,  0.099713,  0.774289 } }
		},
		cameraprops =
		{
			fovh = 30,
			hvaspect = 1.85,
			nearplane = 0.2,
			farplane = 5000
		}
	},

	{
		entity_name = "Zs/NPC/mTable2/02/Prop",
		type = MARKER,
		template_name = "",
		lt_grp = 0, srt_grp = 0, usr_flg = 0,
		spatialprops =
		{
			pos = { 3.142699, 0.802932, 3.778546 },
			orient = { {  0.527557,  0.000000, -0.849519 },
					   {  0.000000,  1.000000,  0.000000 },
					   {  0.849519,  0.000000,  0.527557 } }
		}
	},

	{
		entity_name = "Zs/NPC/mTable2/03/Prop",
		type = MARKER,
		template_name = "",
		lt_grp = 0, srt_grp = 0, usr_flg = 0,
		spatialprops =
		{
			pos = { 0.610406, 0.802932, 7.155239 },
			orient = { {  0.527557,  0.000000, -0.849519 },
					   {  0.000000,  1.000000,  0.000000 },
					   {  0.849519,  0.000000,  0.527557 } }
		}
	},

	{
		entity_name = "Prop_Bottle_1_1",
		type = COMPOUND,
		template_name = "Bottle_1",
		lt_grp = 0, srt_grp = 0, usr_flg = 0,
		flags = LIT_DYNAMIC,
		spatialprops =
		{
			pos = { -0.577813, 1.378808, -4.495378 },
			orient = { { 1, 0, 0 }, { 0, 1, 0 }, { 0, 0, 1 } }
		},
		userprops =
		{
			category = "Prop",
			Priority = "Room_Prop_1",
		}
	},

	{
		entity_name = "Prop_ashtray_2_1",
		type = COMPOUND,
		template_name = "ashtray_2",
		lt_grp = 0, srt_grp = 0, usr_flg = 0,
		flags = LIT_DYNAMIC,
		spatialprops =
		{
			pos = { -0.614435, 1.187067, -4.267366 },
			orient = { { 1, 0, 0 }, { 0, 1, 0 }, { 0, 0, 1 } }
		},
		userprops =
		{
			category = "Prop",
			Priority = "Room_Prop_1",
		}
	},

	{
		entity_name = "Prop_Bottle_2_1",
		type = COMPOUND,
		template_name = "Bottle_2",
		lt_grp = 0, srt_grp = 0, usr_flg = 0,
		flags = LIT_DYNAMIC,
		spatialprops =
		{
			pos = { -0.802224, 1.335442, -4.044482 },
			orient = { { 1, 0, 0 }, { 0, 1, 0 }, { 0, 0, 1 } }
		},
		userprops =
		{
			category = "Prop",
			Priority = "Room_Prop_1",
		}
	},

	{
		entity_name = "Prop_glass_blue_1",
		type = COMPOUND,
		template_name = "glass_blue",
		lt_grp = 0, srt_grp = 0, usr_flg = 0,
		flags = LIT_DYNAMIC,
		spatialprops =
		{
			pos = { -0.91042, 1.168941, -3.895952 },
			orient = { {  1.000000,  0.000000,  0.000000 },
					   {  0.000000, -0.005671, -0.999984 },
					   {  0.000000,  0.999984, -0.005671 } }
		},
		userprops =
		{
			category = "Prop",
			Priority = "Room_Prop_1",
		}
	},

	{
		entity_name = "Prop_glass_blue_2",
		type = COMPOUND,
		template_name = "glass_blue",
		lt_grp = 0, srt_grp = 0, usr_flg = 0,
		flags = LIT_DYNAMIC,
		spatialprops =
		{
			pos = { 0.843412, 0.797289, 4.176399 },
			orient = { {  1.000000,  0.000000,  0.000000 },
					   {  0.000000, -0.000254, -1.000000 },
					   {  0.000000,  1.000000, -0.000254 } }
		},
		userprops =
		{
			category = "Prop",
			Priority = "Room_Prop_1",
		}
	},

	{
		entity_name = "Prop_Bottle_1_2",
		type = COMPOUND,
		template_name = "Bottle_1",
		lt_grp = 0, srt_grp = 0, usr_flg = 0,
		flags = LIT_DYNAMIC,
		spatialprops =
		{
			pos = { 0.232034, 1.009324, 7.614541 },
			orient = { { 1, 0, 0 }, { 0, 1, 0 }, { 0, 0, 1 } }
		},
		userprops =
		{
			category = "Prop",
			Priority = "Room_Prop_1",
		}
	},

	{
		entity_name = "Prop_Bottle_2_2",
		type = COMPOUND,
		template_name = "Bottle_2",
		lt_grp = 0, srt_grp = 0, usr_flg = 0,
		flags = LIT_DYNAMIC,
		spatialprops =
		{
			pos = { 3.67071, 0.957597, 4.215303 },
			orient = { {  0.843914,  0.000000,  0.536479 },
					   {  0.000000,  1.000000,  0.000000 },
					   { -0.536479,  0.000000,  0.843914 } }
		},
		userprops =
		{
			category = "Prop",
			Priority = "Room_Prop_1",
		}
	},

	{
		entity_name = "Prop_glass_blue_3",
		type = COMPOUND,
		template_name = "glass_blue",
		lt_grp = 0, srt_grp = 0, usr_flg = 0,
		flags = LIT_DYNAMIC,
		spatialprops =
		{
			pos = { 3.510269, 0.796223, 4.33942 },
			orient = { {  1.000000,  0.000000,  0.000000 },
					   {  0.000000, -0.000254, -1.000000 },
					   {  0.000000,  1.000000, -0.000254 } }
		},
		userprops =
		{
			category = "Prop",
			Priority = "Room_Prop_1",
		}
	},

	{
		entity_name = "Prop_glass_blue_4",
		type = COMPOUND,
		template_name = "glass_blue",
		lt_grp = 0, srt_grp = 0, usr_flg = 0,
		flags = LIT_DYNAMIC,
		spatialprops =
		{
			pos = { 0.036902, 0.797075, 7.689635 },
			orient = { {  1.000000,  0.000000,  0.000000 },
					   {  0.000000, -0.000254, -1.000000 },
					   {  0.000000,  1.000000, -0.000254 } }
		},
		userprops =
		{
			category = "Prop",
			Priority = "Room_Prop_1",
		}
	}
};

events =
{
	{
		0.000, START_FOG_PROP_ANIM, { "Layer_bw_02_Bar_Hardpoint" },
		{
			duration = 0.100,
			fogprops =
			{
				fogon = Y,
				fogtable = N,
				fogcolor = { 85, 140, 140 },
				fogmode = F_LINEAR,
				fogstart = 0,
				fogend = 50,
				fogdensity = 2
			}
		}
	}
};
