duration = 38.366;

entities =
{

	{
		entity_name = "Zg/NPC/mFloor2/01/B/Stand",
		type = MARKER,
		template_name = "",
		lt_grp = 0, srt_grp = 0, usr_flg = 0,
		spatialprops =
		{
			pos = { 0.017099, 0, 0.746653 },
			orient = { { -0.999946,  0.000000, -0.010404 },
					   {  0.000000,  1.000000,  0.000000 },
					   {  0.010404,  0.000000, -0.999946 } }
		}
	},

	{
		entity_name = "Zg/NPC/mFloor2/01/A/Stand",
		type = MARKER,
		template_name = "",
		lt_grp = 0, srt_grp = 0, usr_flg = 0,
		spatialprops =
		{
			pos = { 0.252039, 0, 1.6866 },
			orient = { {  0.568962,  0.000000, -0.822364 },
					   {  0.000000,  1.000000,  0.000000 },
					   {  0.822364,  0.000000,  0.568962 } }
		}
	},

	{
		entity_name = "Zg/PC/Player/01/A/Stand",
		type = MARKER,
		template_name = "",
		lt_grp = 0, srt_grp = 0, usr_flg = 0,
		spatialprops =
		{
			pos = { -0.458607, 0.972884, -2.348867 },
			orient = { { -0.999727,  0.000000,  0.023385 },
					   {  0.000000,  1.000000,  0.000000 },
					   { -0.023385,  0.000000, -0.999727 } }
		}
	},

	{
		entity_name = "Zg/NPC/rTable3/03/A/SitLow",
		type = MARKER,
		template_name = "",
		lt_grp = 0, srt_grp = 0, usr_flg = 0,
		spatialprops =
		{
			pos = { -2.942482, 0.457, 4.149349 },
			orient = { { -0.936066,  0.000000,  0.351825 },
					   {  0.000000,  1.000000,  0.000000 },
					   { -0.351825,  0.000000, -0.936066 } }
		}
	},

	{
		entity_name = "Zg/NPC/rTable3/03/B/SitLow",
		type = MARKER,
		template_name = "",
		lt_grp = 0, srt_grp = 0, usr_flg = 0,
		spatialprops =
		{
			pos = { -2.089767, 0.457, 3.833421 },
			orient = { { -0.949647,  0.000000,  0.313323 },
					   {  0.000000,  1.000000,  0.000000 },
					   { -0.313323,  0.000000, -0.949647 } }
		}
	},

	{
		entity_name = "Zs/NPC/Bartender/01/A/Stand",
		type = MARKER,
		template_name = "",
		lt_grp = 0, srt_grp = 0, usr_flg = 0,
		spatialprops =
		{
			pos = { 1.906135, 0, 0.187226 },
			orient = { { -0.282693,  0.000000, -0.959211 },
					   {  0.000000,  1.000000,  0.000000 },
					   {  0.959211,  0.000000, -0.282693 } }
		}
	},

	{
		entity_name = "Camera_0",
		type = CAMERA,
		template_name = "",
		lt_grp = 0, srt_grp = 0, usr_flg = 0,
		spatialprops =
		{
			pos = { -2.090716, 3.302357, 6.843958 },
			orient = { {  0.968067,  0.000000,  0.250693 },
					   {  0.093570,  0.927732, -0.361327 },
					   { -0.232576,  0.373246,  0.898107 } }
		},
		cameraprops =
		{
			fovh = 35,
			hvaspect = 1.333333,
			nearplane = 0.2,
			farplane = 5000
		}
	},

	{
		entity_name = "Layer_bw_01_Bar_Hardpoint",
		type = SCENE,
		template_name = "",
		lt_grp = 0, srt_grp = 0, usr_flg = 0,
		spatialprops =
		{
			pos = { 0, 0, 0 },
			orient = { { 1, 0, 0 }, { 0, 1, 0 }, { 0, 0, 1 } }
		},
		up = Y_AXIS,
		front = Z_AXIS,
		ambient = { 129, 129, 129 }
	},

	{
		entity_name = "RefFloorHt01",
		type = MARKER,
		template_name = "",
		lt_grp = 0, srt_grp = 0, usr_flg = 0,
		spatialprops =
		{
			pos = { -4.254882, 0.009617, -7.088205 },
			orient = { { 1, 0, 0 }, { 0, 1, 0 }, { 0, 0, 1 } }
		}
	},

	{
		entity_name = "Camera_Mission",
		type = CAMERA,
		template_name = "",
		lt_grp = 0, srt_grp = 0, usr_flg = 0,
		spatialprops =
		{
			pos = { 2.780558, 1.560101, -1.633398 },
			orient = { {  0.999673,  0.000000, -0.025557 },
					   {  0.000000,  1.000000,  0.000000 },
					   {  0.025557,  0.000000,  0.999673 } }
		},
		cameraprops =
		{
			fovh = 35,
			hvaspect = 1.333333,
			nearplane = 0.2,
			farplane = 5000
		}
	},

	{
		entity_name = "Zs/NPC/Bartender/01/P/Stand",
		type = MARKER,
		template_name = "",
		lt_grp = 0, srt_grp = 0, usr_flg = 0,
		spatialprops =
		{
			pos = { -0.237234, -0.0054, 0.17613 },
			orient = { { -0.467223,  0.000000,  0.884140 },
					   {  0.000000,  1.000000,  0.000000 },
					   { -0.884140,  0.000000, -0.467223 } }
		}
	},

	{
		entity_name = "Zg/NPC/rFloor1/01/A/Stand",
		type = MARKER,
		template_name = "",
		lt_grp = 0, srt_grp = 0, usr_flg = 0,
		spatialprops =
		{
			pos = { 0.285748, 0, -1.473695 },
			orient = { { -0.540465,  0.000000,  0.841367 },
					   {  0.000000,  1.000000,  0.000000 },
					   { -0.841367,  0.000000, -0.540465 } }
		}
	},

	{
		entity_name = "Zg/NPC/rTable3/03/C/SitLow",
		type = MARKER,
		template_name = "",
		lt_grp = 0, srt_grp = 0, usr_flg = 0,
		spatialprops =
		{
			pos = { -0.772018, 0.457, 4.064312 },
			orient = { { -0.338863,  0.000000, -0.940836 },
					   {  0.000000,  1.000000,  0.000000 },
					   {  0.940836,  0.000000, -0.338863 } }
		}
	},

	{
		entity_name = "Zg/NPC/rTable3/02/A/SitLow",
		type = MARKER,
		template_name = "",
		lt_grp = 0, srt_grp = 0, usr_flg = 0,
		spatialprops =
		{
			pos = { -3.33841, 0, 1.639937 },
			orient = { { -0.992152,  0.000000,  0.125041 },
					   {  0.000000,  1.000000,  0.000000 },
					   { -0.125041,  0.000000, -0.992152 } }
		}
	},

	{
		entity_name = "Zg/NPC/rTable3/02/B/SitLow",
		type = MARKER,
		template_name = "",
		lt_grp = 0, srt_grp = 0, usr_flg = 0,
		spatialprops =
		{
			pos = { -2.301937, 0, 1.499461 },
			orient = { { -0.993301,  0.000000,  0.115553 },
					   {  0.000000,  1.000000,  0.000000 },
					   { -0.115553,  0.000000, -0.993301 } }
		}
	},

	{
		entity_name = "Zg/NPC/rTable3/02/C/SitLow",
		type = MARKER,
		template_name = "",
		lt_grp = 0, srt_grp = 0, usr_flg = 0,
		spatialprops =
		{
			pos = { -0.935252, 0, 1.997616 },
			orient = { { -0.140949,  0.000000, -0.990017 },
					   {  0.000000,  1.000000,  0.000000 },
					   {  0.990017,  0.000000, -0.140949 } }
		}
	},

	{
		entity_name = "Zg/NPC/mTable2/01/A/SitLow",
		type = MARKER,
		template_name = "",
		lt_grp = 0, srt_grp = 0, usr_flg = 0,
		spatialprops =
		{
			pos = { -3.207819, 0, -0.567407 },
			orient = { { -0.999992,  0.000000,  0.004040 },
					   {  0.000000,  1.000000,  0.000000 },
					   { -0.004040,  0.000000, -0.999992 } }
		}
	},

	{
		entity_name = "Zg/NPC/mTable2/01/B/SitLow",
		type = MARKER,
		template_name = "",
		lt_grp = 0, srt_grp = 0, usr_flg = 0,
		spatialprops =
		{
			pos = { -1.090774, 0, 0.100988 },
			orient = { {  0.002340,  0.000000, -0.999997 },
					   {  0.000000,  1.000000,  0.000000 },
					   {  0.999997,  0.000000,  0.002340 } }
		}
	},

	{
		entity_name = "Zs/NPC/mTable2/01/PC2/Camera",
		type = CAMERA,
		template_name = "",
		lt_grp = 0, srt_grp = 0, usr_flg = 0,
		flags = HIDDEN,
		spatialprops =
		{
			pos = { -4.588461, 1.333059, 1.384959 },
			orient = { {  0.535295,  0.000000,  0.844665 },
					   {  0.079129,  0.995602, -0.050147 },
					   { -0.840950,  0.093681,  0.532941 } }
		},
		cameraprops =
		{
			fovh = 30,
			hvaspect = 1.85,
			nearplane = 0.2,
			farplane = 5000
		}
	},

	{
		entity_name = "Zs/NPC/mTable2/01/AC2/Camera",
		type = CAMERA,
		template_name = "",
		lt_grp = 0, srt_grp = 0, usr_flg = 0,
		flags = HIDDEN,
		spatialprops =
		{
			pos = { -2.671065, 1.72004, 2.176953 },
			orient = { {  0.993069,  0.000000,  0.117529 },
					   {  0.025616,  0.975959, -0.216441 },
					   { -0.114703,  0.217952,  0.969196 } }
		},
		cameraprops =
		{
			fovh = 30,
			hvaspect = 1.85,
			nearplane = 0.2,
			farplane = 5000
		}
	},

	{
		entity_name = "Zs/NPC/mTable2/01/ACOH/Camera",
		type = CAMERA,
		template_name = "",
		lt_grp = 0, srt_grp = 0, usr_flg = 0,
		flags = HIDDEN,
		spatialprops =
		{
			pos = { -1.915562, 1.899182, 1.522972 },
			orient = { {  0.920864,  0.000000, -0.389884 },
					   { -0.149799,  0.923244, -0.353809 },
					   {  0.359958,  0.384215,  0.850182 } }
		},
		cameraprops =
		{
			fovh = 20,
			hvaspect = 1.85,
			nearplane = 0.2,
			farplane = 5000
		}
	},

	{
		entity_name = "Zs/NPC/mTable2/01/PCO/Camera",
		type = CAMERA,
		template_name = "",
		lt_grp = 0, srt_grp = 0, usr_flg = 0,
		flags = HIDDEN,
		spatialprops =
		{
			pos = { -3.75151, 1.202393, -0.691385 },
			orient = { { -0.538253,  0.000000,  0.842784 },
					   { -0.070340,  0.996511, -0.044923 },
					   { -0.839843, -0.083461, -0.536375 } }
		},
		cameraprops =
		{
			fovh = 20,
			hvaspect = 1.85,
			nearplane = 0.2,
			farplane = 5000
		}
	},

	{
		entity_name = "Zs/NPC/mTable2/01/PCS/Camera",
		type = CAMERA,
		template_name = "",
		lt_grp = 0, srt_grp = 0, usr_flg = 0,
		flags = HIDDEN,
		spatialprops =
		{
			pos = { -3.294065, 1.519894, 0.064634 },
			orient = { { -0.435547,  0.000000,  0.900166 },
					   { -0.009739,  0.999941, -0.004712 },
					   { -0.900113, -0.010819, -0.435522 } }
		},
		cameraprops =
		{
			fovh = 20,
			hvaspect = 1.85,
			nearplane = 0.2,
			farplane = 5000
		}
	},

	{
		entity_name = "Zs/NPC/mTable2/01/ACS/Camera",
		type = CAMERA,
		template_name = "",
		lt_grp = 0, srt_grp = 0, usr_flg = 0,
		flags = HIDDEN,
		spatialprops =
		{
			pos = { -2.518341, 1.386562, 0.761022 },
			orient = { {  0.934162,  0.000000, -0.356850 },
					   { -0.067066,  0.982181, -0.175566 },
					   {  0.350491,  0.187939,  0.917516 } }
		},
		cameraprops =
		{
			fovh = 20,
			hvaspect = 1.85,
			nearplane = 0.2,
			farplane = 5000
		}
	},

	{
		entity_name = "Zs/NPC/mTable2/01/ACU/Camera",
		type = CAMERA,
		template_name = "",
		lt_grp = 0, srt_grp = 0, usr_flg = 0,
		flags = HIDDEN,
		spatialprops =
		{
			pos = { -2.807803, 1.325759, 0.281459 },
			orient = { {  0.920732,  0.000000, -0.390196 },
					   { -0.047824,  0.992461, -0.112847 },
					   {  0.387254,  0.122563,  0.913790 } }
		},
		cameraprops =
		{
			fovh = 20,
			hvaspect = 1.85,
			nearplane = 0.2,
			farplane = 5000
		}
	},

	{
		entity_name = "Zs/NPC/mFloor2/01/AC2/Camera",
		type = CAMERA,
		template_name = "",
		lt_grp = 0, srt_grp = 0, usr_flg = 0,
		flags = HIDDEN,
		spatialprops =
		{
			pos = { -1.684798, 1.677214, 1.967944 },
			orient = { {  0.473381,  0.000000,  0.880858 },
					   {  0.148873,  0.985614, -0.080006 },
					   { -0.868186,  0.169009,  0.466571 } }
		},
		cameraprops =
		{
			fovh = 30,
			hvaspect = 1.85,
			nearplane = 0.2,
			farplane = 5000
		}
	},

	{
		entity_name = "Zs/NPC/mFloor2/01/ACOH/Camera",
		type = CAMERA,
		template_name = "",
		lt_grp = 0, srt_grp = 0, usr_flg = 0,
		flags = HIDDEN,
		spatialprops =
		{
			pos = { -1.274858, 1.746935, 0.866309 },
			orient = { { -0.256924,  0.000000,  0.966432 },
					   {  0.172893,  0.983868,  0.045963 },
					   { -0.950841,  0.178898, -0.252779 } }
		},
		cameraprops =
		{
			fovh = 25,
			hvaspect = 1.85,
			nearplane = 0.2,
			farplane = 5000
		}
	},

	{
		entity_name = "Zs/NPC/mFloor2/01/PCO/Camera",
		type = CAMERA,
		template_name = "",
		lt_grp = 0, srt_grp = 0, usr_flg = 0,
		flags = HIDDEN,
		spatialprops =
		{
			pos = { 0.259104, 1.776642, 2.258004 },
			orient = { {  0.930396,  0.000000, -0.366556 },
					   { -0.075063,  0.978808, -0.190525 },
					   {  0.358788,  0.204778,  0.910679 } }
		},
		cameraprops =
		{
			fovh = 25,
			hvaspect = 1.85,
			nearplane = 0.2,
			farplane = 5000
		}
	},

	{
		entity_name = "Zs/NPC/mFloor2/01/PCS/Camera",
		type = CAMERA,
		template_name = "",
		lt_grp = 0, srt_grp = 0, usr_flg = 0,
		flags = HIDDEN,
		spatialprops =
		{
			pos = { -0.067998, 1.614689, 1.840048 },
			orient = { {  0.918877,  0.000000, -0.394544 },
					   { -0.022055,  0.998436, -0.051366 },
					   {  0.393927,  0.055901,  0.917440 } }
		},
		cameraprops =
		{
			fovh = 25,
			hvaspect = 1.85,
			nearplane = 0.2,
			farplane = 5000
		}
	},

	{
		entity_name = "Zs/NPC/mFloor2/01/ACS/Camera",
		type = CAMERA,
		template_name = "",
		lt_grp = 0, srt_grp = 0, usr_flg = 0,
		flags = HIDDEN,
		spatialprops =
		{
			pos = { -0.890069, 1.594347, 1.176397 },
			orient = { { -0.243135,  0.000000,  0.969992 },
					   {  0.032255,  0.999447,  0.008085 },
					   { -0.969456,  0.033253, -0.243001 } }
		},
		cameraprops =
		{
			fovh = 25,
			hvaspect = 1.85,
			nearplane = 0.2,
			farplane = 5000
		}
	},

	{
		entity_name = "Zs/NPC/mFloor2/01/ACU/Camera",
		type = CAMERA,
		template_name = "",
		lt_grp = 0, srt_grp = 0, usr_flg = 0,
		flags = HIDDEN,
		spatialprops =
		{
			pos = { -0.502287, 1.668712, 1.338288 },
			orient = { { -0.325074,  0.000000,  0.945689 },
					   {  0.031348,  0.999450,  0.010775 },
					   { -0.945169,  0.033148, -0.324895 } }
		},
		cameraprops =
		{
			fovh = 25,
			hvaspect = 1.85,
			nearplane = 0.2,
			farplane = 5000
		}
	},

	{
		entity_name = "Zs/NPC/mFloor2/01/P2/Stand",
		type = MARKER,
		template_name = "",
		lt_grp = 0, srt_grp = 0, usr_flg = 0,
		spatialprops =
		{
			pos = { -0.742594, 0, 0.819508 },
			orient = { { -0.836536,  0.000000,  0.547912 },
					   {  0.000000,  1.000000,  0.000000 },
					   { -0.547912,  0.000000, -0.836536 } }
		}
	},

	{
		entity_name = "Zs/NPC/mTable2/01/P2/Stand",
		type = MARKER,
		template_name = "",
		lt_grp = 0, srt_grp = 0, usr_flg = 0,
		spatialprops =
		{
			pos = { -1.99737, 0, 0.883179 },
			orient = { {  0.426802,  0.000000, -0.904345 },
					   {  0.000000,  1.000000,  0.000000 },
					   {  0.904345,  0.000000,  0.426802 } }
		}
	},

	{
		entity_name = "Zs/NPC/mFloor2/01/PC2/Camera",
		type = CAMERA,
		template_name = "",
		lt_grp = 0, srt_grp = 0, usr_flg = 0,
		flags = HIDDEN,
		spatialprops =
		{
			pos = { -0.564545, 1.731246, 2.761175 },
			orient = { {  0.969063,  0.000000,  0.246814 },
					   {  0.051521,  0.977970, -0.202285 },
					   { -0.241377,  0.208743,  0.947715 } }
		},
		cameraprops =
		{
			fovh = 30,
			hvaspect = 1.85,
			nearplane = 0.2,
			farplane = 5000
		}
	},

	{
		entity_name = "Zs/NPC/mFloor2/01/WFC/Camera",
		type = CAMERA,
		template_name = "",
		lt_grp = 0, srt_grp = 0, usr_flg = 0,
		flags = HIDDEN,
		spatialprops =
		{
			pos = { 0.583521, 3.170039, 4.415694 },
			orient = { {  0.982367, -0.183068, -0.037964 },
					   {  0.137605,  0.845427, -0.516060 },
					   {  0.126570,  0.501736,  0.855711 } }
		},
		cameraprops =
		{
			fovh = 30,
			hvaspect = 1.85,
			nearplane = 0.2,
			farplane = 5000
		}
	},

	{
		entity_name = "Zs/NPC/mTable2/01/WFC/Camera",
		type = CAMERA,
		template_name = "",
		lt_grp = 0, srt_grp = 0, usr_flg = 0,
		flags = HIDDEN,
		spatialprops =
		{
			pos = { -2.773696, 3.979435, 1.041175 },
			orient = { {  0.927398,  0.000000,  0.374077 },
					   {  0.358232,  0.287956, -0.888116 },
					   { -0.107718,  0.957644,  0.267050 } }
		},
		cameraprops =
		{
			fovh = 30,
			hvaspect = 1.85,
			nearplane = 0.2,
			farplane = 5000
		}
	},

	{
		entity_name = "Zs/NPC/mFloor2/01/P/Stand",
		type = MARKER,
		template_name = "",
		lt_grp = 0, srt_grp = 0, usr_flg = 0,
		spatialprops =
		{
			pos = { -1.057085, -0.0054, 0.413086 },
			orient = { { -0.836536,  0.000000,  0.547912 },
					   {  0.000000,  1.000000,  0.000000 },
					   { -0.547912,  0.000000, -0.836536 } }
		}
	},

	{
		entity_name = "Zs/NPC/mTable2/01/P/Stand",
		type = MARKER,
		template_name = "",
		lt_grp = 0, srt_grp = 0, usr_flg = 0,
		spatialprops =
		{
			pos = { -1.516831, -0.0054, 1.065294 },
			orient = { {  0.426802,  0.000000, -0.904345 },
					   {  0.000000,  1.000000,  0.000000 },
					   {  0.904345,  0.000000,  0.426802 } }
		}
	},

	{
		entity_name = "Zs/NPC/mTable2/01/TCI/Camera",
		type = CAMERA,
		template_name = "",
		lt_grp = 0, srt_grp = 0, usr_flg = 0,
		flags = HIDDEN,
		spatialprops =
		{
			pos = { -2.293422, 2.495128, 1.25565 },
			orient = { {  0.882267,  0.000000, -0.470749 },
					   { -0.361626,  0.640220, -0.677750 },
					   {  0.301383,  0.768192,  0.564845 } }
		},
		cameraprops =
		{
			fovh = 15,
			hvaspect = 1.85,
			nearplane = 0.2,
			farplane = 5000
		}
	},

	{
		entity_name = "Zs/NPC/mTable2/01/PCU/Camera",
		type = CAMERA,
		template_name = "",
		lt_grp = 0, srt_grp = 0, usr_flg = 0,
		flags = HIDDEN,
		spatialprops =
		{
			pos = { -2.817097, 1.571905, 0.378108 },
			orient = { { -0.449099,  0.000000,  0.893482 },
					   { -0.066650,  0.997214, -0.033501 },
					   { -0.890992, -0.074595, -0.447848 } }
		},
		cameraprops =
		{
			fovh = 20,
			hvaspect = 1.85,
			nearplane = 0.2,
			farplane = 5000
		}
	},

	{
		entity_name = "Zs/NPC/mTable2/01/ACOL/Camera",
		type = CAMERA,
		template_name = "",
		lt_grp = 0, srt_grp = 0, usr_flg = 0,
		flags = HIDDEN,
		spatialprops =
		{
			pos = { -2.092714, 1.427039, 1.893515 },
			orient = { {  0.969534,  0.000000, -0.244955 },
					   { -0.044972,  0.983003, -0.177999 },
					   {  0.240792,  0.183592,  0.953055 } }
		},
		cameraprops =
		{
			fovh = 20,
			hvaspect = 1.85,
			nearplane = 0.2,
			farplane = 5000
		}
	},

	{
		entity_name = "Zs/NPC/mFloor2/01/PCU/Camera",
		type = CAMERA,
		template_name = "",
		lt_grp = 0, srt_grp = 0, usr_flg = 0,
		flags = HIDDEN,
		spatialprops =
		{
			pos = { -0.317537, 1.69836, 1.432934 },
			orient = { {  0.887347,  0.000000, -0.461102 },
					   { -0.029808,  0.997908, -0.057362 },
					   {  0.460137,  0.064644,  0.885491 } }
		},
		cameraprops =
		{
			fovh = 25,
			hvaspect = 1.85,
			nearplane = 0.2,
			farplane = 5000
		}
	},

	{
		entity_name = "Zs/NPC/mTable2/01/Prop",
		type = MARKER,
		template_name = "",
		lt_grp = 0, srt_grp = 0, usr_flg = 0,
		spatialprops =
		{
			pos = { -3.113039, 0.802932, 0.097129 },
			orient = { {  0.527557,  0.000000, -0.849519 },
					   {  0.000000,  1.000000,  0.000000 },
					   {  0.849519,  0.000000,  0.527557 } }
		}
	},

	{
		entity_name = "Zs/NPC/mFloor2/01/TCI/Camera",
		type = CAMERA,
		template_name = "",
		lt_grp = 0, srt_grp = 0, usr_flg = 0,
		flags = HIDDEN,
		spatialprops =
		{
			pos = { -1.010438, 1.903228, 1.258247 },
			orient = { { -0.177959,  0.000000,  0.984038 },
					   {  0.605130,  0.788569,  0.109435 },
					   { -0.775982,  0.614946, -0.140333 } }
		},
		cameraprops =
		{
			fovh = 15,
			hvaspect = 1.85,
			nearplane = 0.2,
			farplane = 5000
		}
	},

	{
		entity_name = "Set_bw_01_bar_1",
		type = COMPOUND,
		template_name = "bw_01_bar",
		lt_grp = 0, srt_grp = 0, usr_flg = 0,
		flags = LIT_DYNAMIC + LIT_AMBIENT,
		spatialprops =
		{
			pos = { 0, 0, 0 },
			orient = { { 1, 0, 0 }, { 0, 1, 0 }, { 0, 0, 1 } }
		},
		userprops =
		{
			category = "Room",
		}
	},

	{
		entity_name = "LtShadowSource",
		type = LIGHT,
		template_name = "",
		lt_grp = 0, srt_grp = 0, usr_flg = 0,
		spatialprops =
		{
			pos = { 0, 0, 0 },
			orient = { {  1.000000,  0.000000,  0.000000 },
					   {  0.000000,  0.000000,  1.000000 },
					   {  0.000000, -1.000000,  0.000000 } }
		},
		lightprops =
		{
			on = N,
			color = { 255, 255, 255 },
			diffuse = { 0, 0, 0 },
			specular = { 0, 0, 0 },
			ambient = { 0, 0, 0 },
			direction = { 0, 0, 1 },
			range = 2000,
			cutoff = 98.99998,
			type = L_DIRECT,
			theta = 90,
			atten = { 1, 0, 4e-006 }
		}
	},

	{
		entity_name = "LtGlareSource",
		type = LIGHT,
		template_name = "",
		lt_grp = 0, srt_grp = 0, usr_flg = 0,
		spatialprops =
		{
			pos = { -1.934869, 13, 6.888563 },
			orient = { {  1.000000,  0.000000,  0.000000 },
					   {  0.000000,  0.000000,  1.000000 },
					   {  0.000000, -1.000000,  0.000000 } }
		},
		lightprops =
		{
			on = N,
			color = { 255, 255, 255 },
			diffuse = { 1, 1, 1 },
			specular = { 0, 0, 0 },
			ambient = { 0, 0, 0 },
			direction = { 0, 0, 1 },
			range = 2000,
			cutoff = 98.99998,
			type = L_POINT,
			theta = 90,
			atten = { 1, 0, 4e-006 }
		}
	},

	{
		entity_name = "Camera_News",
		type = CAMERA,
		template_name = "",
		lt_grp = 0, srt_grp = 0, usr_flg = 0,
		spatialprops =
		{
			pos = { -0.74207, 2.447233, 4.236417 },
			orient = { { -0.979129,  0.000000,  0.203240 },
					   {  0.000024,  1.000000,  0.000117 },
					   { -0.203240,  0.000120, -0.979129 } }
		},
		cameraprops =
		{
			fovh = 35,
			hvaspect = 1.333333,
			nearplane = 0.2,
			farplane = 5000
		}
	},

	{
		entity_name = "Zs/NPC/Bartender/01/P2/Stand",
		type = MARKER,
		template_name = "",
		lt_grp = 0, srt_grp = 0, usr_flg = 0,
		spatialprops =
		{
			pos = { 0.234587, 0, 0.379769 },
			orient = { { -0.467223,  0.000000,  0.884139 },
					   {  0.000000,  1.000000,  0.000000 },
					   { -0.884139,  0.000000, -0.467223 } }
		}
	},

	{
		entity_name = "Zs/NPC/Bartender/01/AC2/Camera",
		type = CAMERA,
		template_name = "",
		lt_grp = 0, srt_grp = 0, usr_flg = 0,
		flags = HIDDEN,
		spatialprops =
		{
			pos = { 0.024149, 1.757514, 1.555902 },
			orient = { {  0.850932,  0.000000,  0.525276 },
					   {  0.117433,  0.974689, -0.190237 },
					   { -0.511981,  0.223564,  0.829394 } }
		},
		cameraprops =
		{
			fovh = 30,
			hvaspect = 1.85,
			nearplane = 0.2,
			farplane = 5000
		}
	},

	{
		entity_name = "Zs/NPC/Bartender/01/ACOH/Camera",
		type = CAMERA,
		template_name = "",
		lt_grp = 0, srt_grp = 0, usr_flg = 0,
		flags = HIDDEN,
		spatialprops =
		{
			pos = { -0.131456, 1.758877, 0.801671 },
			orient = { {  0.491549,  0.000000,  0.870850 },
					   {  0.164905,  0.981907, -0.093080 },
					   { -0.855094,  0.189361,  0.482656 } }
		},
		cameraprops =
		{
			fovh = 25,
			hvaspect = 1.85,
			nearplane = 0.2,
			farplane = 5000
		}
	},

	{
		entity_name = "Zs/NPC/Bartender/01/ACS/Camera",
		type = CAMERA,
		template_name = "",
		lt_grp = 0, srt_grp = 0, usr_flg = 0,
		flags = HIDDEN,
		spatialprops =
		{
			pos = { 0.558484, 1.636026, 0.652174 },
			orient = { {  0.496511,  0.000000,  0.868030 },
					   {  0.069616,  0.996779, -0.039820 },
					   { -0.865234,  0.080199,  0.494912 } }
		},
		cameraprops =
		{
			fovh = 25,
			hvaspect = 1.85,
			nearplane = 0.2,
			farplane = 5000
		}
	},

	{
		entity_name = "Zs/NPC/Bartender/01/PC2/Camera",
		type = CAMERA,
		template_name = "",
		lt_grp = 0, srt_grp = 0, usr_flg = 0,
		flags = HIDDEN,
		spatialprops =
		{
			pos = { 2.332212, 1.783291, 1.631709 },
			orient = { {  0.768049,  0.000000, -0.640392 },
					   { -0.149994,  0.972183, -0.179894 },
					   {  0.622578,  0.234222,  0.746684 } }
		},
		cameraprops =
		{
			fovh = 30,
			hvaspect = 1.85,
			nearplane = 0.2,
			farplane = 5000
		}
	},

	{
		entity_name = "Zs/NPC/Bartender/01/PCO/Camera",
		type = CAMERA,
		template_name = "",
		lt_grp = 0, srt_grp = 0, usr_flg = 0,
		flags = HIDDEN,
		spatialprops =
		{
			pos = { 2.297905, 1.783583, 0.506898 },
			orient = { {  0.302690,  0.000000, -0.953089 },
					   { -0.199042,  0.977950, -0.063213 },
					   {  0.932074,  0.208839,  0.296016 } }
		},
		cameraprops =
		{
			fovh = 25,
			hvaspect = 1.85,
			nearplane = 0.2,
			farplane = 5000
		}
	},

	{
		entity_name = "Zs/NPC/Bartender/01/PCS/Camera",
		type = CAMERA,
		template_name = "",
		lt_grp = 0, srt_grp = 0, usr_flg = 0,
		flags = HIDDEN,
		spatialprops =
		{
			pos = { 1.474696, 1.69058, 0.668614 },
			orient = { {  0.414282,  0.000000, -0.910149 },
					   { -0.105831,  0.993217, -0.048172 },
					   {  0.903975,  0.116278,  0.411471 } }
		},
		cameraprops =
		{
			fovh = 25,
			hvaspect = 1.85,
			nearplane = 0.2,
			farplane = 5000
		}
	},

	{
		entity_name = "Zs/NPC/Bartender/01/WFC/Camera",
		type = CAMERA,
		template_name = "",
		lt_grp = 0, srt_grp = 0, usr_flg = 0,
		flags = HIDDEN,
		spatialprops =
		{
			pos = { 2.382163, 2.827398, 4.018479 },
			orient = { {  0.944166,  0.000000, -0.329471 },
					   { -0.135590,  0.911392, -0.388561 },
					   {  0.300277,  0.411539,  0.860505 } }
		},
		cameraprops =
		{
			fovh = 30,
			hvaspect = 1.85,
			nearplane = 0.2,
			farplane = 5000
		}
	},

	{
		entity_name = "Prop_Ashtray_3_1",
		type = COMPOUND,
		template_name = "Ashtray_3",
		lt_grp = 0, srt_grp = 0, usr_flg = 0,
		flags = LIT_DYNAMIC,
		spatialprops =
		{
			pos = { -1.934342, 1.294032, 4.662012 },
			orient = { { 1, 0, 0 }, { 0, 1, 0 }, { 0, 0, 1 } }
		},
		userprops =
		{
			category = "Prop",
			Priority = "Room_Prop_1",
		}
	},

	{
		entity_name = "Prop_Beerbottle_1",
		type = COMPOUND,
		template_name = "Beerbottle",
		lt_grp = 0, srt_grp = 0, usr_flg = 0,
		flags = LIT_DYNAMIC,
		spatialprops =
		{
			pos = { -2.117722, 1.355717, 4.644363 },
			orient = { { 1, 0, 0 }, { 0, 1, 0 }, { 0, 0, 1 } }
		},
		userprops =
		{
			category = "Prop",
			Priority = "Room_Prop_1",
		}
	},

	{
		entity_name = "Prop_Glass_2_1",
		type = COMPOUND,
		template_name = "Glass_2",
		lt_grp = 0, srt_grp = 0, usr_flg = 0,
		flags = LIT_DYNAMIC,
		spatialprops =
		{
			pos = { -2.739904, 0.869067, 2.42254 },
			orient = { { 1, 0, 0 }, { 0, 1, 0 }, { 0, 0, 1 } }
		},
		userprops =
		{
			category = "Prop",
			Priority = "Room_Prop_1",
		}
	},

	{
		entity_name = "Prop_Ashtray_3_2",
		type = COMPOUND,
		template_name = "Ashtray_3",
		lt_grp = 0, srt_grp = 0, usr_flg = 0,
		flags = LIT_DYNAMIC,
		spatialprops =
		{
			pos = { 0.945641, 1.193766, -1.160116 },
			orient = { {  0.998769,  0.049595,  0.000000 },
					   { -0.049595,  0.998769,  0.000000 },
					   {  0.000000,  0.000000,  1.000000 } }
		},
		userprops =
		{
			category = "Prop",
			Priority = "Room_Prop_1",
		}
	},

	{
		entity_name = "Prop_ashtray_1_1",
		type = COMPOUND,
		template_name = "ashtray_1",
		lt_grp = 0, srt_grp = 0, usr_flg = 0,
		flags = LIT_DYNAMIC,
		spatialprops =
		{
			pos = { -2.868527, 0.821791, 0.342649 },
			orient = { {  0.998769,  0.049595,  0.000000 },
					   { -0.049595,  0.998769,  0.000000 },
					   {  0.000000,  0.000000,  1.000000 } }
		},
		userprops =
		{
			category = "Prop",
			Priority = "Room_Prop_1",
		}
	},

	{
		entity_name = "Prop_Bottle_2_1",
		type = COMPOUND,
		template_name = "Bottle_2",
		lt_grp = 0, srt_grp = 0, usr_flg = 0,
		flags = LIT_DYNAMIC,
		spatialprops =
		{
			pos = { 1.097711, 1.333381, -0.915939 },
			orient = { { 1, 0, 0 }, { 0, 1, 0 }, { 0, 0, 1 } }
		},
		userprops =
		{
			category = "Prop",
			Priority = "Room_Prop_1",
		}
	},

	{
		entity_name = "Prop_Bottle_3_1",
		type = COMPOUND,
		template_name = "Bottle_3",
		lt_grp = 0, srt_grp = 0, usr_flg = 0,
		flags = LIT_DYNAMIC,
		spatialprops =
		{
			pos = { 1.114071, 1.333381, -1.335967 },
			orient = { { 1, 0, 0 }, { 0, 1, 0 }, { 0, 0, 1 } }
		},
		userprops =
		{
			category = "Prop",
			Priority = "Room_Prop_1",
		}
	},

	{
		entity_name = "Prop_Glass_2_2",
		type = COMPOUND,
		template_name = "Glass_2",
		lt_grp = 0, srt_grp = 0, usr_flg = 0,
		flags = LIT_DYNAMIC,
		spatialprops =
		{
			pos = { 1.159158, 1.241652, -0.657558 },
			orient = { { 1, 0, 0 }, { 0, 1, 0 }, { 0, 0, 1 } }
		},
		userprops =
		{
			category = "Prop",
			Priority = "Room_Prop_1",
		}
	},

	{
		entity_name = "Prop_Glass_2_3",
		type = COMPOUND,
		template_name = "Glass_2",
		lt_grp = 0, srt_grp = 0, usr_flg = 0,
		flags = LIT_DYNAMIC,
		spatialprops =
		{
			pos = { 0.882583, 1.241652, -0.84736 },
			orient = { { 1, 0, 0 }, { 0, 1, 0 }, { 0, 0, 1 } }
		},
		userprops =
		{
			category = "Prop",
			Priority = "Room_Prop_1",
		}
	},

	{
		entity_name = "Prop_Glass_2_4",
		type = COMPOUND,
		template_name = "Glass_2",
		lt_grp = 0, srt_grp = 0, usr_flg = 0,
		flags = LIT_DYNAMIC,
		spatialprops =
		{
			pos = { 0.954481, 1.241652, -0.614702 },
			orient = { { 1, 0, 0 }, { 0, 1, 0 }, { 0, 0, 1 } }
		},
		userprops =
		{
			category = "Prop",
			Priority = "Room_Prop_1",
		}
	}
};

events =
{
	{
		0.000, START_FOG_PROP_ANIM, { "Layer_bw_01_Bar_Hardpoint" },
		{
			duration = 0.100,
			fogprops =
			{
				fogon = Y,
				fogtable = N,
				fogcolor = { 85, 140, 140 },
				fogmode = F_LINEAR,
				fogstart = 0,
				fogend = 50,
				fogdensity = 2
			}
		}
	}
};
