duration = 3.000;

entities =
{

	{
		entity_name = "Layer_bw_02_bar_ambi",
		type = SCENE,
		template_name = "",
		lt_grp = 0, srt_grp = 0, usr_flg = 0,
		spatialprops =
		{
			pos = { 0, 0, 0 },
			orient = { { 1, 0, 0 }, { 0, 1, 0 }, { 0, 0, 1 } }
		},
		up = Y_AXIS,
		front = Z_AXIS,
		ambient = { 129, 129, 129 }
	},

	{
		entity_name = "LtBar02",
		type = LIGHT,
		template_name = "",
		lt_grp = 0, srt_grp = 0, usr_flg = 0,
		spatialprops =
		{
			pos = { -2.157128, 1.971059, -3.248892 },
			orient = { {  0.999995,  0.000000,  0.003082 },
					   {  0.000002,  1.000000, -0.000583 },
					   { -0.003082,  0.000583,  0.999995 } }
		},
		lightprops =
		{
			on = Y,
			color = { 231, 214, 160 },
			diffuse = { 0.905882, 0.839216, 0.627451 },
			specular = { 0, 0, 0 },
			ambient = { 0, 0, 0 },
			direction = { 0, 0, 1 },
			range = 6,
			cutoff = 180,
			type = L_POINT,
			theta = 180,
			atten = { 1, 0, 0.444444 }
		}
	},

	{
		entity_name = "LtBar01",
		type = LIGHT,
		template_name = "",
		lt_grp = 0, srt_grp = 0, usr_flg = 0,
		spatialprops =
		{
			pos = { -0.509758, 1.98582, -5.041929 },
			orient = { {  0.999995,  0.000000,  0.003082 },
					   {  0.000002,  1.000000, -0.000583 },
					   { -0.003082,  0.000583,  0.999995 } }
		},
		lightprops =
		{
			on = Y,
			color = { 231, 214, 160 },
			diffuse = { 0.905882, 0.839216, 0.627451 },
			specular = { 0, 0, 0 },
			ambient = { 0, 0, 0 },
			direction = { 0, 0, 1 },
			range = 6,
			cutoff = 180,
			type = L_POINT,
			theta = 180,
			atten = { 1, 0, 0.444444 }
		}
	},

	{
		entity_name = "LtInfWrm01",
		type = LIGHT,
		template_name = "",
		lt_grp = 0, srt_grp = 0, usr_flg = 0,
		spatialprops =
		{
			pos = { -4.50989, 6.455872, -6.618542 },
			orient = { {  0.030698, -0.999481,  0.009775 },
					   { -0.998230, -0.030158,  0.051253 },
					   { -0.050932, -0.011331, -0.998638 } }
		},
		lightprops =
		{
			on = Y,
			color = { 136, 116, 80 },
			diffuse = { 0.533333, 0.454902, 0.313726 },
			specular = { 0, 0, 0 },
			ambient = { 0, 0, 0 },
			direction = { 0, 0, 1 },
			range = 2,
			cutoff = 90,
			type = L_DIRECT,
			theta = 144,
			atten = { 1, 0, 4 }
		}
	},

	{
		entity_name = "LtInfBlu01",
		type = LIGHT,
		template_name = "",
		lt_grp = 0, srt_grp = 0, usr_flg = 0,
		spatialprops =
		{
			pos = { 5.851942, 5.409821, 6.080184 },
			orient = { {  0.962082,  0.062561,  0.265488 },
					   { -0.100073,  0.986424,  0.130204 },
					   { -0.253738, -0.151835,  0.955282 } }
		},
		lightprops =
		{
			on = Y,
			color = { 56, 64, 80 },
			diffuse = { 0.219608, 0.25098, 0.313726 },
			specular = { 0, 0, 0 },
			ambient = { 0, 0, 0 },
			direction = { 0, 0, 1 },
			range = 2000,
			cutoff = 90,
			type = L_DIRECT,
			theta = 144,
			atten = { 1, 0, 4e-006 }
		}
	},

	{
		entity_name = "LtTbl01",
		type = LIGHT,
		template_name = "",
		lt_grp = 0, srt_grp = 0, usr_flg = 0,
		spatialprops =
		{
			pos = { 0.425851, 1.541112, 4.260108 },
			orient = { {  0.999998,  0.000113,  0.001891 },
					   { -0.000112,  1.000000, -0.000572 },
					   { -0.001891,  0.000572,  0.999998 } }
		},
		lightprops =
		{
			on = Y,
			color = { 242, 233, 204 },
			diffuse = { 0.94902, 0.913726, 0.8 },
			specular = { 0, 0, 0 },
			ambient = { 0, 0, 0 },
			direction = { 0, 0, 1 },
			range = 3,
			cutoff = 180,
			type = L_POINT,
			theta = 180,
			atten = { 1, 0, 1.777778 }
		}
	},

	{
		entity_name = "LtTbl02",
		type = LIGHT,
		template_name = "",
		lt_grp = 0, srt_grp = 0, usr_flg = 0,
		spatialprops =
		{
			pos = { 0.419687, 1.542975, 7.519667 },
			orient = { {  0.999998,  0.000113,  0.001891 },
					   { -0.000112,  1.000000, -0.000572 },
					   { -0.001891,  0.000572,  0.999998 } }
		},
		lightprops =
		{
			on = Y,
			color = { 242, 233, 204 },
			diffuse = { 0.94902, 0.913726, 0.8 },
			specular = { 0, 0, 0 },
			ambient = { 0, 0, 0 },
			direction = { 0, 0, 1 },
			range = 3,
			cutoff = 180,
			type = L_POINT,
			theta = 180,
			atten = { 1, 0, 1.777778 }
		}
	},

	{
		entity_name = "LtTbl03",
		type = LIGHT,
		template_name = "",
		lt_grp = 0, srt_grp = 0, usr_flg = 0,
		spatialprops =
		{
			pos = { 3.29262, 1.5433, 7.525099 },
			orient = { {  0.999998,  0.000113,  0.001891 },
					   { -0.000112,  1.000000, -0.000572 },
					   { -0.001891,  0.000572,  0.999998 } }
		},
		lightprops =
		{
			on = Y,
			color = { 242, 233, 204 },
			diffuse = { 0.94902, 0.913726, 0.8 },
			specular = { 0, 0, 0 },
			ambient = { 0, 0, 0 },
			direction = { 0, 0, 1 },
			range = 3,
			cutoff = 180,
			type = L_POINT,
			theta = 180,
			atten = { 1, 0, 1.777778 }
		}
	},

	{
		entity_name = "LtTbl04",
		type = LIGHT,
		template_name = "",
		lt_grp = 0, srt_grp = 0, usr_flg = 0,
		spatialprops =
		{
			pos = { 3.298956, 1.541385, 4.174981 },
			orient = { {  0.999998,  0.000113,  0.001891 },
					   { -0.000112,  1.000000, -0.000572 },
					   { -0.001891,  0.000572,  0.999998 } }
		},
		lightprops =
		{
			on = Y,
			color = { 242, 233, 204 },
			diffuse = { 0.94902, 0.913726, 0.8 },
			specular = { 0, 0, 0 },
			ambient = { 0, 0, 0 },
			direction = { 0, 0, 1 },
			range = 3,
			cutoff = 180,
			type = L_POINT,
			theta = 180,
			atten = { 1, 0, 1.777778 }
		}
	},

	{
		entity_name = "LtTbl05",
		type = LIGHT,
		template_name = "",
		lt_grp = 0, srt_grp = 0, usr_flg = 0,
		spatialprops =
		{
			pos = { 3.308153, 1.538604, -0.688564 },
			orient = { {  0.999998,  0.000113,  0.001891 },
					   { -0.000112,  1.000000, -0.000572 },
					   { -0.001891,  0.000572,  0.999998 } }
		},
		lightprops =
		{
			on = Y,
			color = { 242, 233, 204 },
			diffuse = { 0.94902, 0.913726, 0.8 },
			specular = { 0, 0, 0 },
			ambient = { 0, 0, 0 },
			direction = { 0, 0, 1 },
			range = 3,
			cutoff = 180,
			type = L_POINT,
			theta = 180,
			atten = { 1, 0, 1.777778 }
		}
	},

	{
		entity_name = "LtTbl06",
		type = LIGHT,
		template_name = "",
		lt_grp = 0, srt_grp = 0, usr_flg = 0,
		spatialprops =
		{
			pos = { 0.537309, 1.538291, -0.693804 },
			orient = { {  0.999998,  0.000113,  0.001891 },
					   { -0.000112,  1.000000, -0.000572 },
					   { -0.001891,  0.000572,  0.999998 } }
		},
		lightprops =
		{
			on = Y,
			color = { 242, 233, 204 },
			diffuse = { 0.94902, 0.913726, 0.8 },
			specular = { 0, 0, 0 },
			ambient = { 0, 0, 0 },
			direction = { 0, 0, 1 },
			range = 3,
			cutoff = 180,
			type = L_POINT,
			theta = 180,
			atten = { 1, 0, 1.777778 }
		}
	}
};

events =
{
};
