duration = 9.000;

entities =
{

	{
		entity_name = "Scene_14",
		type = SCENE,
		template_name = "",
		lt_grp = 0, srt_grp = 0, usr_flg = 0,
		spatialprops =
		{
			pos = { 0, 0, 0 },
			orient = { { 1, 0, 0 }, { 0, 1, 0 }, { 0, 0, 1 } }
		},
		up = Y_AXIS,
		front = Z_AXIS,
		ambient = { 128, 128, 128 }
	},

	{
		entity_name = "Camera_Enter",
		type = CAMERA,
		template_name = "",
		lt_grp = 0, srt_grp = 0, usr_flg = 0,
		spatialprops =
		{
			pos = { 0.435366, 2.510972, 0.866676 },
			orient = { { -0.937739,  0.000000,  0.347342 },
					   {  0.011833,  0.999420,  0.031947 },
					   { -0.347140,  0.034068, -0.937194 } }
		},
		cameraprops =
		{
			fovh = 40,
			hvaspect = 1.85,
			nearplane = 0.1,
			farplane = 100000
		}
	},

	{
		entity_name = "CamRefEnter",
		type = CAMERA,
		template_name = "",
		lt_grp = 0, srt_grp = 0, usr_flg = 0,
		spatialprops =
		{
			pos = { 1.256922, 1.270805, -0.906477 },
			orient = { {  0.898162,  0.000000,  0.439664 },
					   {  0.015933,  0.999343, -0.032549 },
					   { -0.439375,  0.036239,  0.897572 } }
		},
		cameraprops =
		{
			fovh = 40,
			hvaspect = 1.85,
			nearplane = 0.1,
			farplane = 100000
		}
	},

	{
		entity_name = "Camera_0",
		type = CAMERA,
		template_name = "",
		lt_grp = 0, srt_grp = 0, usr_flg = 0,
		flags = REFERENCE,
		spatialprops =
		{
			pos = { 5.067368, 3.797693, 10.00566 },
			orient = { {  0.852803,  0.000000, -0.522232 },
					   { -0.144580,  0.960913, -0.236099 },
					   {  0.501820,  0.276851,  0.819470 } }
		},
		cameraprops =
		{
			fovh = 60,
			hvaspect = 1.333333,
			nearplane = 0.1,
			farplane = 100000
		}
	},

	{
		entity_name = "Monitor_2",
		type = MONITOR,
		template_name = "",
		lt_grp = 0, srt_grp = 0, usr_flg = 0
	},

	{
		entity_name = "Char_trent",
		type = DEFORMABLE,
		template_name = "trent",
		lt_grp = 0, srt_grp = 0, usr_flg = 0,
		flags = LIT_DYNAMIC + LIT_AMBIENT,
		spatialprops =
		{
			pos = { 0.746962, 0, -7.297677 },
			orient = { { -0.895903,  0.000000,  0.444251 },
					   {  0.000000,  1.000000,  0.000000 },
					   { -0.444251,  0.000000, -0.895903 } }
		},
		compoundprops =
		{
			floor_height = 0
		},
		userprops =
		{
			category = "Character",
		}
	},

	{
		entity_name = "Camera_Enter_Path",
		type = MOTION_PATH,
		template_name = "",
		lt_grp = 0, srt_grp = 0, usr_flg = 0,
		spatialprops =
		{
			pos = { 0, 0, 0 },
			orient = { { 1, 0, 0 }, { 0, 1, 0 }, { 0, 0, 1 } }
		},
		pathprops =
		{
			path_type = "CV_CROrientationSplinePath",
			path_data = "OPEN,{0.435366,2.510972,0.866676}, {-0.176413,0.003006,0.984169,0.016769}, {-0.195146,1.927562,-0.072290}, {-0.449202,0.015466,0.893257,0.008366}, {1.256922,1.270805,-0.906477}, {0.974048,-0.017655,-0.225615,-0.004089}, "
		}
	},

	{
		entity_name = "Camera_Enter_2",
		type = CAMERA,
		template_name = "",
		lt_grp = 0, srt_grp = 0, usr_flg = 0,
		spatialprops =
		{
			pos = { 1.337193, 3.012023, -5.140104 },
			orient = { {  0.999250,  0.000000,  0.038715 },
					   { -0.008534,  0.975401,  0.220273 },
					   { -0.037763, -0.220439,  0.974670 } }
		},
		cameraprops =
		{
			fovh = 40,
			hvaspect = 1.85,
			nearplane = 0.1,
			farplane = 100000
		}
	},

	{
		entity_name = "Enter_Camera_Path_2",
		type = MOTION_PATH,
		template_name = "",
		lt_grp = 0, srt_grp = 0, usr_flg = 0,
		spatialprops =
		{
			pos = { 0, 0, 0 },
			orient = { { 1, 0, 0 }, { 0, 1, 0 }, { 0, 0, 1 } }
		},
		pathprops =
		{
			path_type = "CV_CROrientationSplinePath",
			path_data = "OPEN,{1.337193,3.012023,-5.140104}, {0.993645,0.110883,-0.019242,0.002147}, {1.988560,1.613017,-3.246307}, {0.998339,0.046538,0.033371,0.006387}, {3.037144,1.329247,-1.795150}, {0.999227,-0.010963,-0.037749,-0.000414}, "
		}
	},

	{
		entity_name = "CamRefEnter_2",
		type = CAMERA,
		template_name = "",
		lt_grp = 0, srt_grp = 0, usr_flg = 0,
		spatialprops =
		{
			pos = { 3.037144, 1.329247, -1.79515 },
			orient = { {  0.997150,  0.000000,  0.075448 },
					   {  0.001655,  0.999759, -0.021877 },
					   { -0.075430,  0.021940,  0.996910 } }
		},
		cameraprops =
		{
			fovh = 40,
			hvaspect = 1.85,
			nearplane = 0.1,
			farplane = 100000
		}
	}
};

events =
{
	{
		0.000, SET_CAMERA, { "Monitor_2", "Camera_Enter_2" }
	},

	{
		0.875, START_PATH_ANIMATION, { "Camera_Enter", "Camera_Enter_Path" },
		{
			duration = 5.000,
			start_percent = 0,
			stop_percent = 1,
			offset = { 0, 0, 0 },
			up = Y_AXIS,
			front = NEG_Z_AXIS,
			flags = POSITION,
			param_curve =
			{
				CLSID = "FreeFormPCurve",
				points =
				{
					{  0.000000,  0.000000,  0.000000,  0.000000 },
					{  0.419872,  0.525641,  1.785714,  1.916667 },
					{  1.000000,  1.000000,  0.000000,  0.000000 },
				}
			},
			pcurve_period = -1000
		}
	},

	{
		0.875, START_SPATIAL_PROP_ANIM, { "Camera_Enter", "CamRefEnter" },
		{
			duration = 5.000,
			target_part = "",
			target_type = ROOT,
			spatialprops =
			{
				q_orient = { 0.898162, 0, 0.439664, 0.015933 }
			},
			param_curve =
			{
				CLSID = "FreeFormPCurve",
				points =
				{
					{  0.000000,  0.000000,  0.000000,  0.000000 },
					{  1.000000,  1.000000,  0.000000,  0.000000 },
				}
			},
			pcurve_period = -1000
		}
	},

	{
		0.906, START_PATH_ANIMATION, { "Camera_Enter_2", "Enter_Camera_Path_2" },
		{
			duration = 6.406,
			start_percent = 0,
			stop_percent = 1,
			offset = { 0, 0, 0 },
			up = Y_AXIS,
			front = NEG_Z_AXIS,
			flags = POSITION + ORIENTATION,
			param_curve =
			{
				CLSID = "FreeFormPCurve",
				points =
				{
					{  0.000000,  0.000000,  0.000000,  0.000000 },
					{  0.637821,  0.865385,  0.937500,  1.125000 },
					{  1.000000,  1.000000,  0.000000,  0.000000 },
				}
			},
			pcurve_period = -1000
		}
	},

	{
		2.000, START_MOTION, { "Char_trent" },
		{
			animation = "Sc_MLBODY_WLKG_000LV_XA_01",
			duration = 2.598,
			time_scale = 1,
			weight = 1,
			heading = -1,
			event_flags = 2
		}
	},

	{
		4.625, START_MOTION, { "Char_trent" },
		{
			animation = "Sc_MLBODY_WALK_STND_TRNS_000LV_XA_02",
			duration = 2.400,
			time_scale = 1,
			weight = 1,
			heading = -1
		}
	},

	{
		7.025, START_MOTION, { "Char_trent" },
		{
			animation = "Sc_MLBODY_STND_IDLE_000LV_xa_04",
			duration = 7.466,
			time_scale = 1,
			weight = 1,
			heading = -1
		}
	},

	{
		19.875, START_SPATIAL_PROP_ANIM, { "Camera_Enter", "Camera_0" },
		{
			duration = 6.000,
			target_part = "",
			target_type = ROOT,
			spatialprops =
			{
				pos = { 5.067368, 3.797693, 10.00566 },
				q_orient = { -0.492194, 0.726503, -0.479519, -0.23589 }
			},
			param_curve =
			{
				CLSID = "FreeFormPCurve",
				points =
				{
					{  0.000000,  0.000000,  0.000000,  0.000000 },
					{  1.000000,  1.000000,  0.000000,  0.000000 },
				}
			},
			pcurve_period = -1000
		}
	},

	{
		20.062, START_SPATIAL_PROP_ANIM, { "Camera_Enter_2", "CamRefEnter" },
		{
			duration = 5.000,
			target_part = "",
			target_type = ROOT,
			spatialprops =
			{
				pos = { 1.3372, 3.012, -5.1401 },
				q_orient = { 0.996875, -0.016857, -0.077181, 0.016844 }
			}
		}
	}
};
