duration = 8.125;

entities =
{

	{
		entity_name = "Layer_cv_01_Space_Bar_enter",
		type = SCENE,
		template_name = "",
		lt_grp = 0, srt_grp = 0, usr_flg = 0,
		spatialprops =
		{
			pos = { 0, 0, 0 },
			orient = { { 1, 0, 0 }, { 0, 1, 0 }, { 0, 0, 1 } }
		},
		up = Y_AXIS,
		front = Z_AXIS,
		ambient = { 0, 0, 0 }
	},

	{
		entity_name = "Camera_Enter_01",
		type = CAMERA,
		template_name = "",
		lt_grp = 0, srt_grp = 0, usr_flg = 0,
		spatialprops =
		{
			pos = { 16.45921, 1.851649, 3.58648 },
			orient = { {  0.076999,  0.000000, -0.997031 },
					   { -0.291456,  0.956319, -0.022509 },
					   {  0.953480,  0.292324,  0.073635 } }
		},
		cameraprops =
		{
			fovh = 30,
			hvaspect = 1.333333,
			nearplane = 0.1,
			farplane = 100000
		}
	},

	{
		entity_name = "Zg/PC/Player/01/A/Stand",
		type = MARKER,
		template_name = "",
		lt_grp = 0, srt_grp = 0, usr_flg = 0,
		flags = REFERENCE,
		spatialprops =
		{
			pos = { 10.35546, 0, 3.168663 },
			orient = { {  0.072376,  0.000000, -0.997377 },
					   {  0.000000,  1.000000,  0.000000 },
					   {  0.997377,  0.000000,  0.072376 } }
		}
	},

	{
		entity_name = "Monitor_Enter",
		type = MONITOR,
		template_name = "",
		lt_grp = 0, srt_grp = 0, usr_flg = 0
	},

	{
		entity_name = "Char_Trent",
		type = DEFORMABLE,
		template_name = "trent",
		lt_grp = 0, srt_grp = 0, usr_flg = 0,
		flags = LIT_DYNAMIC,
		spatialprops =
		{
			pos = { 15.62686, 0, 3.491589 },
			orient = { {  0.052773,  0.000000, -0.998607 },
					   {  0.000000,  1.000000,  0.000000 },
					   {  0.998607,  0.000000,  0.052773 } }
		},
		compoundprops =
		{
			floor_height = 0
		},
		userprops =
		{
			Actor = "Player",
			category = "Character",
		}
	},

	{
		entity_name = "Camera_Enter_02",
		type = CAMERA,
		template_name = "",
		lt_grp = 0, srt_grp = 0, usr_flg = 0,
		spatialprops =
		{
			pos = { 10.8046, 1.709465, 3.586934 },
			orient = { {  0.265109,  0.000000, -0.964218 },
					   { -0.071434,  0.997252, -0.019640 },
					   {  0.961569,  0.074085,  0.264380 } }
		},
		cameraprops =
		{
			fovh = 30,
			hvaspect = 1.333333,
			nearplane = 0.1,
			farplane = 100000
		}
	}
};

events =
{
	{
		0.000, SET_CAMERA, { "Monitor_Enter", "Camera_Enter_01" }
	},

	{
		0.000, START_MOTION, { "Char_Trent" },
		{
			animation = "Sc_MLBODY_STND_WALK_TRNS_000LV_XA_01",
			duration = 1.066,
			time_scale = 1,
			weight = 1,
			heading = -1
		}
	},

	{
		0.000, START_SPATIAL_PROP_ANIM, { "Camera_Enter_01", "Camera_Enter_02" },
		{
			duration = 8.000,
			target_part = "",
			target_type = ROOT,
			spatialprops =
			{
				pos = { 10.8046, 1.709465, 3.586934 },
				q_orient = { 0.265109, 0, -0.964218, -0.071434 }
			},
			param_curve =
			{
				CLSID = "FreeFormPCurve",
				points =
				{
					{  0.000000,  0.000000,  0.000000,  0.000000 },
					{  1.000000,  1.000000,  0.000000,  0.000000 },
				}
			},
			pcurve_period = -1
		}
	},

	{
		1.066, START_MOTION, { "Char_Trent" },
		{
			animation = "Sc_MLBODY_WLKG_000LV_XA_01",
			duration = 2.599,
			time_scale = 1,
			weight = 1,
			heading = -1,
			event_flags = 2
		}
	},

	{
		3.666, START_MOTION, { "Char_Trent" },
		{
			animation = "Sc_MLBODY_WALK_STND_TRNS_000LV_XA_02",
			duration = 2.400,
			time_scale = 1,
			weight = 1,
			heading = -1
		}
	},

	{
		6.066, START_MOTION, { "Char_Trent" },
		{
			animation = "Sc_MLBODY_STND_IDLE_SMALL_000LV_xa_05",
			duration = 5.000,
			time_scale = 1,
			weight = 1,
			heading = -1
		}
	}
};
