duration = 20.000;

entities =
{

	{
		entity_name = "Layer_Ku_04_Bar_Hardpoint",
		type = SCENE,
		template_name = "",
		lt_grp = 0, srt_grp = 0, usr_flg = 0,
		spatialprops =
		{
			pos = { 0, 0, 0 },
			orient = { { 1, 0, 0 }, { 0, 1, 0 }, { 0, 0, 1 } }
		},
		up = Y_AXIS,
		front = Z_AXIS,
		ambient = { 170, 170, 170 }
	},

	{
		entity_name = "Camera_Mission",
		type = CAMERA,
		template_name = "",
		lt_grp = 0, srt_grp = 0, usr_flg = 0,
		flags = HIDDEN,
		spatialprops =
		{
			pos = { -2.264691, 3.020553, 5.123271 },
			orient = { {  0.999628,  0.000000,  0.027272 },
					   {  0.001283,  0.998892, -0.047034 },
					   { -0.027242,  0.047052,  0.998521 } }
		},
		cameraprops =
		{
			fovh = 20,
			hvaspect = 1.333333,
			nearplane = 0.5,
			farplane = 100
		}
	},

	{
		entity_name = "Camera_News",
		type = CAMERA,
		template_name = "",
		lt_grp = 0, srt_grp = 0, usr_flg = 0,
		flags = HIDDEN,
		spatialprops =
		{
			pos = { 2.782452, 2.667601, 3.961057 },
			orient = { {  0.994620,  0.000000, -0.103587 },
					   { -0.005323,  0.998679, -0.051110 },
					   {  0.103450,  0.051386,  0.993306 } }
		},
		cameraprops =
		{
			fovh = 20,
			hvaspect = 1.333333,
			nearplane = 1,
			farplane = 100
		}
	},

	{
		entity_name = "Zg/PC/Player/01/A/Stand",
		type = MARKER,
		template_name = "",
		lt_grp = 0, srt_grp = 0, usr_flg = 0,
		spatialprops =
		{
			pos = { -4.604789, 0, -0.090838 },
			orient = { { -0.001698,  0.000000,  0.999999 },
					   {  0.000000,  1.000000,  0.000000 },
					   { -0.999999,  0.000000, -0.001698 } }
		}
	},

	{
		entity_name = "Zs/NPC/Bartender/01/A/Stand",
		type = MARKER,
		template_name = "",
		lt_grp = 0, srt_grp = 0, usr_flg = 0,
		spatialprops =
		{
			pos = { -0.123001, 0, -3.654529 },
			orient = { { -0.999897,  0.000000, -0.014321 },
					   {  0.000000,  1.000000,  0.000000 },
					   {  0.014321,  0.000000, -0.999897 } }
		}
	},

	{
		entity_name = "Zs/NPC/mTable4/01/P2/Stand",
		type = MARKER,
		template_name = "",
		lt_grp = 0, srt_grp = 0, usr_flg = 0,
		spatialprops =
		{
			pos = { -2.842522, 0, 0.341918 },
			orient = { {  0.097932,  0.000000,  0.995193 },
					   {  0.000000,  1.000000,  0.000000 },
					   { -0.995193,  0.000000,  0.097932 } }
		}
	},

	{
		entity_name = "Zs/NPC/mTable4/01/P/Stand",
		type = MARKER,
		template_name = "",
		lt_grp = 0, srt_grp = 0, usr_flg = 0,
		spatialprops =
		{
			pos = { -3.348403, -0.0054, 0.432294 },
			orient = { {  0.097932,  0.000000,  0.995193 },
					   {  0.000000,  1.000000,  0.000000 },
					   { -0.995193,  0.000000,  0.097932 } }
		}
	},

	{
		entity_name = "Zs/NPC/mTable4/01/Prop",
		type = MARKER,
		template_name = "",
		lt_grp = 0, srt_grp = 0, usr_flg = 0,
		spatialprops =
		{
			pos = { -1.335931, 0.8, 0.506306 },
			orient = { {  0.753015,  0.000000, -0.658003 },
					   {  0.000000,  1.000000,  0.000000 },
					   {  0.658003,  0.000000,  0.753015 } }
		}
	},

	{
		entity_name = "Zs/NPC/mTable4/01/AC2/Camera",
		type = CAMERA,
		template_name = "",
		lt_grp = 0, srt_grp = 0, usr_flg = 0,
		flags = HIDDEN,
		spatialprops =
		{
			pos = { -2.723848, 1.702196, 1.974496 },
			orient = { {  0.953876,  0.000000,  0.300201 },
					   {  0.063877,  0.977100, -0.202966 },
					   { -0.293327,  0.212781,  0.932032 } }
		},
		cameraprops =
		{
			fovh = 30,
			hvaspect = 1.85,
			nearplane = 0.2,
			farplane = 5000
		}
	},

	{
		entity_name = "Zs/NPC/mTable4/01/WFC/Camera",
		type = CAMERA,
		template_name = "",
		lt_grp = 0, srt_grp = 0, usr_flg = 0,
		flags = HIDDEN,
		spatialprops =
		{
			pos = { -3.496485, 6.286547, 5.062198 },
			orient = { {  0.999746,  0.000000, -0.022540 },
					   { -0.016211,  0.694792, -0.719028 },
					   {  0.015661,  0.719211,  0.694615 } }
		},
		cameraprops =
		{
			fovh = 30,
			hvaspect = 1.85,
			nearplane = 0.2,
			farplane = 5000
		}
	},

	{
		entity_name = "Zs/NPC/mFloor2/01/AC2/Camera",
		type = CAMERA,
		template_name = "",
		lt_grp = 0, srt_grp = 0, usr_flg = 0,
		flags = HIDDEN,
		spatialprops =
		{
			pos = { 2.288586, 1.677214, 0.023486 },
			orient = { {  0.903623,  0.000000,  0.428329 },
					   {  0.072392,  0.985614, -0.152721 },
					   { -0.422167,  0.169009,  0.890624 } }
		},
		cameraprops =
		{
			fovh = 30,
			hvaspect = 1.85,
			nearplane = 0.2,
			farplane = 5000
		}
	},

	{
		entity_name = "Zs/NPC/mFloor2/01/WFC/Camera",
		type = CAMERA,
		template_name = "",
		lt_grp = 0, srt_grp = 0, usr_flg = 0,
		flags = HIDDEN,
		spatialprops =
		{
			pos = { 3.57074, 0.93393, 3.848667 },
			orient = { {  0.951882,  0.000000, -0.306466 },
					   {  0.031598,  0.994671,  0.098144 },
					   {  0.304833, -0.103105,  0.946808 } }
		},
		cameraprops =
		{
			fovh = 30,
			hvaspect = 1.85,
			nearplane = 0.2,
			farplane = 5000
		}
	},

	{
		entity_name = "Zs/NPC/mTable4/01/PC2/Camera",
		type = CAMERA,
		template_name = "",
		lt_grp = 0, srt_grp = 0, usr_flg = 0,
		flags = HIDDEN,
		spatialprops =
		{
			pos = { -0.715645, 1.68243, 1.870781 },
			orient = { {  0.830080,  0.000000, -0.557644 },
					   { -0.126607,  0.973886, -0.188461 },
					   {  0.543082,  0.227039,  0.808403 } }
		},
		cameraprops =
		{
			fovh = 30,
			hvaspect = 1.85,
			nearplane = 0.2,
			farplane = 5000
		}
	},

	{
		entity_name = "Zs/NPC/mFloor2/01/PC2/Camera",
		type = CAMERA,
		template_name = "",
		lt_grp = 0, srt_grp = 0, usr_flg = 0,
		flags = HIDDEN,
		spatialprops =
		{
			pos = { 3.660996, 1.731246, -0.002454 },
			orient = { {  0.926559,  0.000000, -0.376150 },
					   { -0.078519,  0.977970, -0.193413 },
					   {  0.367864,  0.208743,  0.906147 } }
		},
		cameraprops =
		{
			fovh = 30,
			hvaspect = 1.85,
			nearplane = 0.2,
			farplane = 5000
		}
	},

	{
		entity_name = "Zs/NPC/mFloor2/01/P/Stand",
		type = MARKER,
		template_name = "",
		lt_grp = 0, srt_grp = 0, usr_flg = 0,
		spatialprops =
		{
			pos = { 1.871586, -0.0054, -1.600619 },
			orient = { { -0.348437,  0.000000,  0.937332 },
					   {  0.000000,  1.000000,  0.000000 },
					   { -0.937332,  0.000000, -0.348437 } }
		}
	},

	{
		entity_name = "Zs/NPC/mFloor2/01/P2/Stand",
		type = MARKER,
		template_name = "",
		lt_grp = 0, srt_grp = 0, usr_flg = 0,
		spatialprops =
		{
			pos = { 2.365858, 0, -1.459983 },
			orient = { { -0.348437,  0.000000,  0.937332 },
					   {  0.000000,  1.000000,  0.000000 },
					   { -0.937332,  0.000000, -0.348437 } }
		}
	},

	{
		entity_name = "Zs/NPC/mTable4/01/ACOH/Camera",
		type = CAMERA,
		template_name = "",
		lt_grp = 0, srt_grp = 0, usr_flg = 0,
		flags = HIDDEN,
		spatialprops =
		{
			pos = { -3.244816, 1.924073, 0.847054 },
			orient = { {  0.582704,  0.000000,  0.812684 },
					   {  0.325429,  0.916324, -0.233336 },
					   { -0.744682,  0.400437,  0.533946 } }
		},
		cameraprops =
		{
			fovh = 20,
			hvaspect = 1.85,
			nearplane = 0.2,
			farplane = 5000
		}
	},

	{
		entity_name = "Zs/NPC/mFloor2/01/ACOH/Camera",
		type = CAMERA,
		template_name = "",
		lt_grp = 0, srt_grp = 0, usr_flg = 0,
		flags = HIDDEN,
		spatialprops =
		{
			pos = { 1.96512, 1.746935, -1.106566 },
			orient = { {  0.366451,  0.000000,  0.930437 },
					   {  0.166453,  0.983868, -0.065557 },
					   { -0.915427,  0.178898,  0.360539 } }
		},
		cameraprops =
		{
			fovh = 25,
			hvaspect = 1.85,
			nearplane = 0.2,
			farplane = 5000
		}
	},

	{
		entity_name = "Zs/NPC/mTable4/01/TCI/Camera",
		type = CAMERA,
		template_name = "",
		lt_grp = 0, srt_grp = 0, usr_flg = 0,
		flags = HIDDEN,
		spatialprops =
		{
			pos = { -2.048054, 2.043363, 2.087901 },
			orient = { {  0.942854,  0.000000,  0.333206 },
					   {  0.184156,  0.833393, -0.521097 },
					   { -0.277692,  0.552680,  0.785768 } }
		},
		cameraprops =
		{
			fovh = 15,
			hvaspect = 1.85,
			nearplane = 0.2,
			farplane = 5000
		}
	},

	{
		entity_name = "Zs/NPC/mFloor2/01/TCI/Camera",
		type = CAMERA,
		template_name = "",
		lt_grp = 0, srt_grp = 0, usr_flg = 0,
		flags = HIDDEN,
		spatialprops =
		{
			pos = { 2.410491, 1.903228, -0.947889 },
			orient = { {  0.440465,  0.000000,  0.897770 },
					   {  0.552080,  0.788569, -0.270862 },
					   { -0.707954,  0.614946,  0.347337 } }
		},
		cameraprops =
		{
			fovh = 15,
			hvaspect = 1.85,
			nearplane = 0.2,
			farplane = 5000
		}
	},

	{
		entity_name = "Zs/NPC/mTable4/01/ACS/Camera",
		type = CAMERA,
		template_name = "",
		lt_grp = 0, srt_grp = 0, usr_flg = 0,
		flags = HIDDEN,
		spatialprops =
		{
			pos = { -2.544933, 1.342437, 0.595276 },
			orient = { {  0.550432,  0.000000,  0.834880 },
					   {  0.122139,  0.989241, -0.080526 },
					   { -0.825898,  0.146295,  0.544510 } }
		},
		cameraprops =
		{
			fovh = 20,
			hvaspect = 1.85,
			nearplane = 0.2,
			farplane = 5000
		}
	},

	{
		entity_name = "Zs/NPC/mFloor2/01/ACS/Camera",
		type = CAMERA,
		template_name = "",
		lt_grp = 0, srt_grp = 0, usr_flg = 0,
		flags = HIDDEN,
		spatialprops =
		{
			pos = { 2.45884, 1.594347, -1.085186 },
			orient = { {  0.379663,  0.000000,  0.925125 },
					   {  0.030763,  0.999447, -0.012625 },
					   { -0.924613,  0.033253,  0.379453 } }
		},
		cameraprops =
		{
			fovh = 25,
			hvaspect = 1.85,
			nearplane = 0.2,
			farplane = 5000
		}
	},

	{
		entity_name = "Zs/NPC/mFloor2/01/PCS/Camera",
		type = CAMERA,
		template_name = "",
		lt_grp = 0, srt_grp = 0, usr_flg = 0,
		flags = HIDDEN,
		spatialprops =
		{
			pos = { 3.51433, 1.614689, -1.038563 },
			orient = { {  0.505702,  0.000000, -0.862708 },
					   { -0.048226,  0.998436, -0.028269 },
					   {  0.861359,  0.055901,  0.504911 } }
		},
		cameraprops =
		{
			fovh = 25,
			hvaspect = 1.85,
			nearplane = 0.2,
			farplane = 5000
		}
	},

	{
		entity_name = "Zs/NPC/mTable4/01/PCS/Camera",
		type = CAMERA,
		template_name = "",
		lt_grp = 0, srt_grp = 0, usr_flg = 0,
		flags = HIDDEN,
		spatialprops =
		{
			pos = { -1.249517, 1.396025, 0.280615 },
			orient = { {  0.102683,  0.000000, -0.994714 },
					   {  0.091202,  0.995788,  0.009415 },
					   {  0.990524, -0.091686,  0.102250 } }
		},
		cameraprops =
		{
			fovh = 20,
			hvaspect = 1.85,
			nearplane = 0.2,
			farplane = 5000
		}
	},

	{
		entity_name = "Zs/NPC/mTable4/01/ACU/Camera",
		type = CAMERA,
		template_name = "",
		lt_grp = 0, srt_grp = 0, usr_flg = 0,
		flags = HIDDEN,
		spatialprops =
		{
			pos = { -1.990006, 1.361032, 0.369227 },
			orient = { {  0.558855,  0.000000,  0.829265 },
					   {  0.135515,  0.986557, -0.091326 },
					   { -0.818118,  0.163415,  0.551343 } }
		},
		cameraprops =
		{
			fovh = 20,
			hvaspect = 1.85,
			nearplane = 0.2,
			farplane = 5000
		}
	},

	{
		entity_name = "Zs/NPC/mFloor2/01/ACU/Camera",
		type = CAMERA,
		template_name = "",
		lt_grp = 0, srt_grp = 0, usr_flg = 0,
		flags = HIDDEN,
		spatialprops =
		{
			pos = { 2.867059, 1.668712, -1.184887 },
			orient = { {  0.299281,  0.000000,  0.954165 },
					   {  0.031629,  0.999450, -0.009921 },
					   { -0.953641,  0.033148,  0.299117 } }
		},
		cameraprops =
		{
			fovh = 25,
			hvaspect = 1.85,
			nearplane = 0.2,
			farplane = 5000
		}
	},

	{
		entity_name = "Zs/NPC/mFloor2/01/PCO/Camera",
		type = CAMERA,
		template_name = "",
		lt_grp = 0, srt_grp = 0, usr_flg = 0,
		flags = HIDDEN,
		spatialprops =
		{
			pos = { 4.025597, 1.776642, -0.896123 },
			orient = { {  0.531578,  0.000000, -0.847009 },
					   { -0.173449,  0.978808, -0.108856 },
					   {  0.829060,  0.204778,  0.520313 } }
		},
		cameraprops =
		{
			fovh = 25,
			hvaspect = 1.85,
			nearplane = 0.2,
			farplane = 5000
		}
	},

	{
		entity_name = "Zs/NPC/mTable4/01/PCO/Camera",
		type = CAMERA,
		template_name = "",
		lt_grp = 0, srt_grp = 0, usr_flg = 0,
		flags = HIDDEN,
		spatialprops =
		{
			pos = { -0.580587, 1.185601, 0.093479 },
			orient = { {  0.082570,  0.000000, -0.996585 },
					   {  0.093395,  0.995599,  0.007738 },
					   {  0.992199, -0.093715,  0.082206 } }
		},
		cameraprops =
		{
			fovh = 20,
			hvaspect = 1.85,
			nearplane = 0.2,
			farplane = 5000
		}
	},

	{
		entity_name = "Zs/NPC/mTable4/01/PCU/Camera",
		type = CAMERA,
		template_name = "",
		lt_grp = 0, srt_grp = 0, usr_flg = 0,
		flags = HIDDEN,
		spatialprops =
		{
			pos = { -1.842785, 1.549382, 0.281392 },
			orient = { {  0.036217,  0.000000, -0.999344 },
					   {  0.090515,  0.995890,  0.003280 },
					   {  0.995236, -0.090575,  0.036068 } }
		},
		cameraprops =
		{
			fovh = 20,
			hvaspect = 1.85,
			nearplane = 0.2,
			farplane = 5000
		}
	},

	{
		entity_name = "Zs/NPC/mFloor2/01/PCU/Camera",
		type = CAMERA,
		template_name = "",
		lt_grp = 0, srt_grp = 0, usr_flg = 0,
		flags = HIDDEN,
		spatialprops =
		{
			pos = { 3.071938, 1.69836, -1.218286 },
			orient = { {  0.440837,  0.000000, -0.897587 },
					   { -0.058024,  0.997908, -0.028497 },
					   {  0.895710,  0.064644,  0.439914 } }
		},
		cameraprops =
		{
			fovh = 25,
			hvaspect = 1.85,
			nearplane = 0.2,
			farplane = 5000
		}
	},

	{
		entity_name = "Zs/NPC/mTable4/01/ACOL/Camera",
		type = CAMERA,
		template_name = "",
		lt_grp = 0, srt_grp = 0, usr_flg = 0,
		flags = HIDDEN,
		spatialprops =
		{
			pos = { -3.236011, 1.437147, 1.07098 },
			orient = { {  0.641083,  0.000000,  0.767472 },
					   {  0.134502,  0.984523, -0.112352 },
					   { -0.755594,  0.175253,  0.631161 } }
		},
		cameraprops =
		{
			fovh = 20,
			hvaspect = 1.85,
			nearplane = 0.2,
			farplane = 5000
		}
	},

	{
		entity_name = "Camera_0",
		type = CAMERA,
		template_name = "",
		lt_grp = 0, srt_grp = 0, usr_flg = 0,
		spatialprops =
		{
			pos = { 0.679074, 3.544517, 13.27038 },
			orient = { {  0.992011,  0.000000, -0.126155 },
					   { -0.043047,  0.939982, -0.338497 },
					   {  0.118584,  0.341224,  0.932472 } }
		},
		cameraprops =
		{
			fovh = 30,
			hvaspect = 1.333333,
			nearplane = 1,
			farplane = 100
		}
	},

	{
		entity_name = "Zg/NPC/mTable4/01/A/SitLow",
		type = MARKER,
		template_name = "",
		lt_grp = 0, srt_grp = 0, usr_flg = 0,
		spatialprops =
		{
			pos = { -1.100878, 0, -0.122238 },
			orient = { { -0.710653,  0.000000, -0.703543 },
					   {  0.000000,  1.000000,  0.000000 },
					   {  0.703543,  0.000000, -0.710653 } }
		}
	},

	{
		entity_name = "Zg/NPC/mFloor2/01/A/Stand",
		type = MARKER,
		template_name = "",
		lt_grp = 0, srt_grp = 0, usr_flg = 0,
		spatialprops =
		{
			pos = { 3.680952, 0, -1.351944 },
			orient = { { -0.029782,  0.000000, -0.999556 },
					   {  0.000000,  1.000000,  0.000000 },
					   {  0.999556,  0.000000, -0.029782 } }
		}
	},

	{
		entity_name = "Zg/NPC/mTable4/01/B/SitLow",
		type = MARKER,
		template_name = "",
		lt_grp = 0, srt_grp = 0, usr_flg = 0,
		spatialprops =
		{
			pos = { -2.406774, 0, 1.222013 },
			orient = { {  0.697143,  0.000000,  0.716933 },
					   {  0.000000,  1.000000,  0.000000 },
					   { -0.716933,  0.000000,  0.697143 } }
		}
	},

	{
		entity_name = "Zg/NPC/mTable4/01/C/SitLow",
		type = MARKER,
		template_name = "",
		lt_grp = 0, srt_grp = 0, usr_flg = 0,
		spatialprops =
		{
			pos = { -2.415844, 0, -0.1341 },
			orient = { { -0.713293,  0.000000,  0.700866 },
					   {  0.000000,  1.000000,  0.000000 },
					   { -0.700866,  0.000000, -0.713293 } }
		}
	},

	{
		entity_name = "Zg/NPC/mTable4/01/D/SitLow",
		type = MARKER,
		template_name = "",
		lt_grp = 0, srt_grp = 0, usr_flg = 0,
		spatialprops =
		{
			pos = { -1.087387, 0, 1.220797 },
			orient = { {  0.702255,  0.000000, -0.711926 },
					   {  0.000000,  1.000000,  0.000000 },
					   {  0.711926,  0.000000,  0.702255 } }
		}
	},

	{
		entity_name = "Zg/NPC/mTable4/03/B/SitLow",
		type = MARKER,
		template_name = "",
		lt_grp = 0, srt_grp = 0, usr_flg = 0,
		spatialprops =
		{
			pos = { -1.081756, 0, 5.339545 },
			orient = { { -0.706593,  0.000000, -0.707620 },
					   {  0.000000,  1.000000,  0.000000 },
					   {  0.707620,  0.000000, -0.706593 } }
		}
	},

	{
		entity_name = "Zg/NPC/mTable4/03/A/SitLow",
		type = MARKER,
		template_name = "",
		lt_grp = 0, srt_grp = 0, usr_flg = 0,
		spatialprops =
		{
			pos = { -1.076198, 0, 6.69588 },
			orient = { {  0.709001,  0.000000, -0.705207 },
					   {  0.000000,  1.000000,  0.000000 },
					   {  0.705207,  0.000000,  0.709001 } }
		}
	},

	{
		entity_name = "Zg/NPC/mTable4/04/B/SitLow",
		type = MARKER,
		template_name = "",
		lt_grp = 0, srt_grp = 0, usr_flg = 0,
		spatialprops =
		{
			pos = { -1.096205, 0, 8.05773 },
			orient = { { -0.714225,  0.000000, -0.699916 },
					   {  0.000000,  1.000000,  0.000000 },
					   {  0.699916,  0.000000, -0.714225 } }
		}
	},

	{
		entity_name = "Zg/NPC/mTable4/07/C/SitLow",
		type = MARKER,
		template_name = "",
		lt_grp = 0, srt_grp = 0, usr_flg = 0,
		spatialprops =
		{
			pos = { 2.310454, 0, 7.990107 },
			orient = { { -0.700439,  0.000000, -0.713712 },
					   {  0.000000,  1.000000,  0.000000 },
					   {  0.713712,  0.000000, -0.700439 } }
		}
	},

	{
		entity_name = "Zg/NPC/mTable4/09/C/SitLow",
		type = MARKER,
		template_name = "",
		lt_grp = 0, srt_grp = 0, usr_flg = 0,
		spatialprops =
		{
			pos = { 2.313164, 0, 2.476789 },
			orient = { { -0.698952,  0.000000, -0.715168 },
					   {  0.000000,  1.000000,  0.000000 },
					   {  0.715168,  0.000000, -0.698952 } }
		}
	},

	{
		entity_name = "Zg/NPC/mTable4/10/B/SitLow",
		type = MARKER,
		template_name = "",
		lt_grp = 0, srt_grp = 0, usr_flg = 0,
		spatialprops =
		{
			pos = { 2.282218, 0, -0.198063 },
			orient = { { -0.712307,  0.000000, -0.701868 },
					   {  0.000000,  1.000000,  0.000000 },
					   {  0.701868,  0.000000, -0.712307 } }
		}
	},

	{
		entity_name = "Zg/NPC/mTable4/04/A/SitLow",
		type = MARKER,
		template_name = "",
		lt_grp = 0, srt_grp = 0, usr_flg = 0,
		spatialprops =
		{
			pos = { -1.084347, 0, 9.390429 },
			orient = { {  0.706298,  0.000000, -0.707914 },
					   {  0.000000,  1.000000,  0.000000 },
					   {  0.707914,  0.000000,  0.706298 } }
		}
	},

	{
		entity_name = "Zg/NPC/mTable4/07/D/SitLow",
		type = MARKER,
		template_name = "",
		lt_grp = 0, srt_grp = 0, usr_flg = 0,
		spatialprops =
		{
			pos = { 2.320513, 0, 9.34324 },
			orient = { {  0.712692,  0.000000, -0.701477 },
					   {  0.000000,  1.000000,  0.000000 },
					   {  0.701477,  0.000000,  0.712692 } }
		}
	},

	{
		entity_name = "Zg/NPC/mTable4/09/A/SitLow",
		type = MARKER,
		template_name = "",
		lt_grp = 0, srt_grp = 0, usr_flg = 0,
		spatialprops =
		{
			pos = { 2.305848, 0, 3.805341 },
			orient = { {  0.698802,  0.000000, -0.715315 },
					   {  0.000000,  1.000000,  0.000000 },
					   {  0.715315,  0.000000,  0.698802 } }
		}
	},

	{
		entity_name = "Zg/NPC/mTable4/10/A/SitLow",
		type = MARKER,
		template_name = "",
		lt_grp = 0, srt_grp = 0, usr_flg = 0,
		spatialprops =
		{
			pos = { 2.304105, 0, 1.154628 },
			orient = { {  0.711015,  0.000000, -0.703176 },
					   {  0.000000,  1.000000,  0.000000 },
					   {  0.703176,  0.000000,  0.711015 } }
		}
	},

	{
		entity_name = "Zg/NPC/mTable4/03/C/SitLow",
		type = MARKER,
		template_name = "",
		lt_grp = 0, srt_grp = 0, usr_flg = 0,
		spatialprops =
		{
			pos = { -2.436304, 0, 5.338362 },
			orient = { { -0.712276,  0.000000,  0.701900 },
					   {  0.000000,  1.000000,  0.000000 },
					   { -0.701900,  0.000000, -0.712276 } }
		}
	},

	{
		entity_name = "Zg/NPC/mTable4/04/C/SitLow",
		type = MARKER,
		template_name = "",
		lt_grp = 0, srt_grp = 0, usr_flg = 0,
		spatialprops =
		{
			pos = { -2.435055, 0, 8.071099 },
			orient = { { -0.710188,  0.000000,  0.704012 },
					   {  0.000000,  1.000000,  0.000000 },
					   { -0.704012,  0.000000, -0.710188 } }
		}
	},

	{
		entity_name = "Zg/NPC/mTable4/07/B/SitLow",
		type = MARKER,
		template_name = "",
		lt_grp = 0, srt_grp = 0, usr_flg = 0,
		spatialprops =
		{
			pos = { 0.972492, 0, 7.997643 },
			orient = { { -0.706876,  0.000000,  0.707337 },
					   {  0.000000,  1.000000,  0.000000 },
					   { -0.707337,  0.000000, -0.706876 } }
		}
	},

	{
		entity_name = "Zg/NPC/mTable4/09/B/SitLow",
		type = MARKER,
		template_name = "",
		lt_grp = 0, srt_grp = 0, usr_flg = 0,
		spatialprops =
		{
			pos = { 1.002411, 0, 2.43886 },
			orient = { { -0.720445,  0.000000,  0.693512 },
					   {  0.000000,  1.000000,  0.000000 },
					   { -0.693512,  0.000000, -0.720445 } }
		}
	},

	{
		entity_name = "Zg/NPC/mTable4/10/C/SitLow",
		type = MARKER,
		template_name = "",
		lt_grp = 0, srt_grp = 0, usr_flg = 0,
		spatialprops =
		{
			pos = { 0.984261, 0, -0.188352 },
			orient = { { -0.708958,  0.000000,  0.705251 },
					   {  0.000000,  1.000000,  0.000000 },
					   { -0.705251,  0.000000, -0.708958 } }
		}
	},

	{
		entity_name = "Zg/NPC/mTable4/03/D/SitLow",
		type = MARKER,
		template_name = "",
		lt_grp = 0, srt_grp = 0, usr_flg = 0,
		spatialprops =
		{
			pos = { -2.417947, 0, 6.689474 },
			orient = { {  0.704811,  0.000000,  0.709395 },
					   {  0.000000,  1.000000,  0.000000 },
					   { -0.709395,  0.000000,  0.704811 } }
		}
	},

	{
		entity_name = "Zg/NPC/mTable4/04/D/SitLow",
		type = MARKER,
		template_name = "",
		lt_grp = 0, srt_grp = 0, usr_flg = 0,
		spatialprops =
		{
			pos = { -2.422474, 0, 9.374736 },
			orient = { {  0.704377,  0.000000,  0.709826 },
					   {  0.000000,  1.000000,  0.000000 },
					   { -0.709826,  0.000000,  0.704377 } }
		}
	},

	{
		entity_name = "Zg/NPC/mTable4/07/A/SitLow",
		type = MARKER,
		template_name = "",
		lt_grp = 0, srt_grp = 0, usr_flg = 0,
		spatialprops =
		{
			pos = { 0.992279, 0, 9.33658 },
			orient = { {  0.705171,  0.000000,  0.709037 },
					   {  0.000000,  1.000000,  0.000000 },
					   { -0.709037,  0.000000,  0.705171 } }
		}
	},

	{
		entity_name = "Zg/NPC/mTable4/09/D/SitLow",
		type = MARKER,
		template_name = "",
		lt_grp = 0, srt_grp = 0, usr_flg = 0,
		spatialprops =
		{
			pos = { 0.999659, 0, 3.792578 },
			orient = { {  0.703558,  0.000000,  0.710638 },
					   {  0.000000,  1.000000,  0.000000 },
					   { -0.710638,  0.000000,  0.703558 } }
		}
	},

	{
		entity_name = "Zg/NPC/mTable4/10/D/SitLow",
		type = MARKER,
		template_name = "",
		lt_grp = 0, srt_grp = 0, usr_flg = 0,
		spatialprops =
		{
			pos = { 0.993813, 0, 1.144049 },
			orient = { {  0.700907,  0.000000,  0.713253 },
					   {  0.000000,  1.000000,  0.000000 },
					   { -0.713253,  0.000000,  0.700907 } }
		}
	},

	{
		entity_name = "Zg/NPC/mFloor2/01/B/Stand",
		type = MARKER,
		template_name = "",
		lt_grp = 0, srt_grp = 0, usr_flg = 0,
		spatialprops =
		{
			pos = { 2.383727, 0, -1.674486 },
			orient = { { -0.510349,  0.000000,  0.859968 },
					   {  0.000000,  1.000000,  0.000000 },
					   { -0.859968,  0.000000, -0.510349 } }
		}
	},

	{
		entity_name = "Zs/NPC/mTable4/03/Prop",
		type = MARKER,
		template_name = "",
		lt_grp = 0, srt_grp = 0, usr_flg = 0,
		spatialprops =
		{
			pos = { -1.346878, 0.8, 5.998878 },
			orient = { {  0.754248,  0.000000, -0.656589 },
					   {  0.000000,  1.000000,  0.000000 },
					   {  0.656589,  0.000000,  0.754248 } }
		}
	},

	{
		entity_name = "Zs/NPC/mTable4/04/Prop",
		type = MARKER,
		template_name = "",
		lt_grp = 0, srt_grp = 0, usr_flg = 0,
		spatialprops =
		{
			pos = { -1.376729, 0.8, 8.767324 },
			orient = { {  0.757791,  0.000000, -0.652497 },
					   {  0.000000,  1.000000,  0.000000 },
					   {  0.652497,  0.000000,  0.757791 } }
		}
	},

	{
		entity_name = "Zs/NPC/mTable4/09/Prop",
		type = MARKER,
		template_name = "",
		lt_grp = 0, srt_grp = 0, usr_flg = 0,
		spatialprops =
		{
			pos = { 1.765869, 0.81432, 3.406574 },
			orient = { { -0.062351,  0.000000,  0.998054 },
					   {  0.000000,  1.000000,  0.000000 },
					   { -0.998054,  0.000000, -0.062351 } }
		}
	},

	{
		entity_name = "Zs/NPC/mTable4/10/Prop",
		type = MARKER,
		template_name = "",
		lt_grp = 0, srt_grp = 0, usr_flg = 0,
		spatialprops =
		{
			pos = { 1.771073, 0.81432, 0.746622 },
			orient = { { -0.079527,  0.000000,  0.996833 },
					   {  0.000000,  1.000000,  0.000000 },
					   { -0.996833,  0.000000, -0.079527 } }
		}
	},

	{
		entity_name = "Zs/NPC/mTable4/03/AC2/Camera",
		type = CAMERA,
		template_name = "",
		lt_grp = 0, srt_grp = 0, usr_flg = 0,
		flags = HIDDEN,
		spatialprops =
		{
			pos = { -3.160356, 1.702196, 5.056791 },
			orient = { { -0.307548,  0.000000,  0.951533 },
					   {  0.202468,  0.977100,  0.065440 },
					   { -0.929743,  0.212780, -0.300505 } }
		},
		cameraprops =
		{
			fovh = 30,
			hvaspect = 1.85,
			nearplane = 0.2,
			farplane = 5000
		}
	},

	{
		entity_name = "Zs/NPC/mTable4/04/AC2/Camera",
		type = CAMERA,
		template_name = "",
		lt_grp = 0, srt_grp = 0, usr_flg = 0,
		flags = HIDDEN,
		spatialprops =
		{
			pos = { -3.174759, 1.702196, 7.759325 },
			orient = { { -0.303905,  0.000000,  0.952702 },
					   {  0.202717,  0.977100,  0.064665 },
					   { -0.930885,  0.212780, -0.296946 } }
		},
		cameraprops =
		{
			fovh = 30,
			hvaspect = 1.85,
			nearplane = 0.2,
			farplane = 5000
		}
	},

	{
		entity_name = "Zs/NPC/mTable4/07/AC2/Camera",
		type = CAMERA,
		template_name = "",
		lt_grp = 0, srt_grp = 0, usr_flg = 0,
		flags = HIDDEN,
		spatialprops =
		{
			pos = { 3.115042, 1.702196, 7.737266 },
			orient = { { -0.321981,  0.000000, -0.946746 },
					   { -0.201450,  0.977100,  0.068511 },
					   {  0.925066,  0.212781, -0.314608 } }
		},
		cameraprops =
		{
			fovh = 30,
			hvaspect = 1.85,
			nearplane = 0.2,
			farplane = 5000
		}
	},

	{
		entity_name = "Zs/NPC/mTable4/09/AC2/Camera",
		type = CAMERA,
		template_name = "",
		lt_grp = 0, srt_grp = 0, usr_flg = 0,
		flags = HIDDEN,
		spatialprops =
		{
			pos = { 0.676111, 1.702196, 1.705844 },
			orient = { { -0.942008,  0.000000,  0.335590 },
					   {  0.071407,  0.977100,  0.200441 },
					   { -0.327905,  0.212781, -0.920436 } }
		},
		cameraprops =
		{
			fovh = 30,
			hvaspect = 1.85,
			nearplane = 0.2,
			farplane = 5000
		}
	},

	{
		entity_name = "Zs/NPC/mTable4/10/AC2/Camera",
		type = CAMERA,
		template_name = "",
		lt_grp = 0, srt_grp = 0, usr_flg = 0,
		flags = HIDDEN,
		spatialprops =
		{
			pos = { 0.710761, 1.702196, -0.972621 },
			orient = { { -0.950461,  0.000000,  0.310843 },
					   {  0.066140,  0.977101,  0.202236 },
					   { -0.303725,  0.212777, -0.928696 } }
		},
		cameraprops =
		{
			fovh = 30,
			hvaspect = 1.85,
			nearplane = 0.2,
			farplane = 5000
		}
	},

	{
		entity_name = "Zs/NPC/mTable4/03/ACOH/Camera",
		type = CAMERA,
		template_name = "",
		lt_grp = 0, srt_grp = 0, usr_flg = 0,
		flags = HIDDEN,
		spatialprops =
		{
			pos = { -2.016578, 1.939415, 4.537802 },
			orient = { { -0.827860,  0.000000,  0.560934 },
					   {  0.231344,  0.910991,  0.341431 },
					   { -0.511006,  0.412426, -0.754173 } }
		},
		cameraprops =
		{
			fovh = 20,
			hvaspect = 1.85,
			nearplane = 0.2,
			farplane = 5000
		}
	},

	{
		entity_name = "Zs/NPC/mTable4/04/ACOH/Camera",
		type = CAMERA,
		template_name = "",
		lt_grp = 0, srt_grp = 0, usr_flg = 0,
		flags = HIDDEN,
		spatialprops =
		{
			pos = { -1.979063, 1.922658, 7.271962 },
			orient = { { -0.833867,  0.000000,  0.551966 },
					   {  0.227634,  0.911000,  0.343891 },
					   { -0.502841,  0.412405, -0.759653 } }
		},
		cameraprops =
		{
			fovh = 20,
			hvaspect = 1.85,
			nearplane = 0.2,
			farplane = 5000
		}
	},

	{
		entity_name = "Zs/NPC/mTable4/07/ACOH/Camera",
		type = CAMERA,
		template_name = "",
		lt_grp = 0, srt_grp = 0, usr_flg = 0,
		flags = HIDDEN,
		spatialprops =
		{
			pos = { 1.901496, 1.919281, 7.226912 },
			orient = { { -0.836473,  0.000000, -0.548008 },
					   { -0.221651,  0.914553,  0.338326 },
					   {  0.501182,  0.404467, -0.764999 } }
		},
		cameraprops =
		{
			fovh = 20,
			hvaspect = 1.85,
			nearplane = 0.2,
			farplane = 5000
		}
	},

	{
		entity_name = "Zs/NPC/mTable4/09/ACOH/Camera",
		type = CAMERA,
		template_name = "",
		lt_grp = 0, srt_grp = 0, usr_flg = 0,
		flags = HIDDEN,
		spatialprops =
		{
			pos = { 0.180703, 1.906903, 2.911214 },
			orient = { { -0.535888,  0.000000,  0.844289 },
					   {  0.341506,  0.914543,  0.216761 },
					   { -0.772138,  0.404490, -0.490092 } }
		},
		cameraprops =
		{
			fovh = 20,
			hvaspect = 1.85,
			nearplane = 0.2,
			farplane = 5000
		}
	},

	{
		entity_name = "Zs/NPC/mTable4/10/ACOH/Camera",
		type = CAMERA,
		template_name = "",
		lt_grp = 0, srt_grp = 0, usr_flg = 0,
		flags = HIDDEN,
		spatialprops =
		{
			pos = { 0.167918, 1.924144, 0.172689 },
			orient = { { -0.565853,  0.000000,  0.824506 },
					   {  0.333433,  0.914581,  0.228833 },
					   { -0.754077,  0.404403, -0.517518 } }
		},
		cameraprops =
		{
			fovh = 20,
			hvaspect = 1.85,
			nearplane = 0.2,
			farplane = 5000
		}
	},

	{
		entity_name = "Zs/NPC/mTable4/03/ACOL/Camera",
		type = CAMERA,
		template_name = "",
		lt_grp = 0, srt_grp = 0, usr_flg = 0,
		flags = HIDDEN,
		spatialprops =
		{
			pos = { -2.252918, 1.437147, 4.55161 },
			orient = { { -0.772392,  0.000000,  0.635147 },
					   {  0.111311,  0.984523,  0.135364 },
					   { -0.625317,  0.175253, -0.760438 } }
		},
		cameraprops =
		{
			fovh = 20,
			hvaspect = 1.85,
			nearplane = 0.2,
			farplane = 5000
		}
	},

	{
		entity_name = "Zs/NPC/mTable4/04/ACOL/Camera",
		type = CAMERA,
		template_name = "",
		lt_grp = 0, srt_grp = 0, usr_flg = 0,
		flags = HIDDEN,
		spatialprops =
		{
			pos = { -2.269261, 1.437147, 7.250677 },
			orient = { { -0.769956,  0.000000,  0.638097 },
					   {  0.117306,  0.982957,  0.141547 },
					   { -0.627221,  0.183838, -0.756834 } }
		},
		cameraprops =
		{
			fovh = 20,
			hvaspect = 1.85,
			nearplane = 0.2,
			farplane = 5000
		}
	},

	{
		entity_name = "Zs/NPC/mTable4/07/ACOL/Camera",
		type = CAMERA,
		template_name = "",
		lt_grp = 0, srt_grp = 0, usr_flg = 0,
		flags = HIDDEN,
		spatialprops =
		{
			pos = { 2.203307, 1.437147, 7.224691 },
			orient = { { -0.770258,  0.000000, -0.637733 },
					   { -0.125408,  0.980474,  0.151468 },
					   {  0.625281,  0.196646, -0.755218 } }
		},
		cameraprops =
		{
			fovh = 20,
			hvaspect = 1.85,
			nearplane = 0.2,
			farplane = 5000
		}
	},

	{
		entity_name = "Zs/NPC/mTable4/09/ACOL/Camera",
		type = CAMERA,
		template_name = "",
		lt_grp = 0, srt_grp = 0, usr_flg = 0,
		flags = HIDDEN,
		spatialprops =
		{
			pos = { 0.187978, 1.437147, 2.611004 },
			orient = { { -0.633530,  0.000000,  0.773718 },
					   {  0.152123,  0.980481,  0.124561 },
					   { -0.758616,  0.196613, -0.621165 } }
		},
		cameraprops =
		{
			fovh = 20,
			hvaspect = 1.85,
			nearplane = 0.2,
			farplane = 5000
		}
	},

	{
		entity_name = "Zs/NPC/mTable4/10/ACOL/Camera",
		type = CAMERA,
		template_name = "",
		lt_grp = 0, srt_grp = 0, usr_flg = 0,
		flags = HIDDEN,
		spatialprops =
		{
			pos = { 0.214216, 1.420741, -0.094379 },
			orient = { { -0.656640,  0.000000,  0.754204 },
					   {  0.138584,  0.982973,  0.120657 },
					   { -0.741362,  0.183749, -0.645460 } }
		},
		cameraprops =
		{
			fovh = 20,
			hvaspect = 1.85,
			nearplane = 0.2,
			farplane = 5000
		}
	},

	{
		entity_name = "Zs/NPC/mTable4/03/ACS/Camera",
		type = CAMERA,
		template_name = "",
		lt_grp = 0, srt_grp = 0, usr_flg = 0,
		flags = HIDDEN,
		spatialprops =
		{
			pos = { -1.890877, 1.37149, 5.082428 },
			orient = { { -0.834268,  0.000000,  0.551359 },
					   {  0.092545,  0.985813,  0.140031 },
					   { -0.543537,  0.167849, -0.822432 } }
		},
		cameraprops =
		{
			fovh = 20,
			hvaspect = 1.85,
			nearplane = 0.2,
			farplane = 5000
		}
	},

	{
		entity_name = "Zs/NPC/mTable4/04/ACS/Camera",
		type = CAMERA,
		template_name = "",
		lt_grp = 0, srt_grp = 0, usr_flg = 0,
		flags = HIDDEN,
		spatialprops =
		{
			pos = { -1.823124, 1.349603, 7.903258 },
			orient = { { -0.829699,  0.000000,  0.558212 },
					   {  0.086482,  0.987926,  0.128543 },
					   { -0.551472,  0.154927, -0.819681 } }
		},
		cameraprops =
		{
			fovh = 20,
			hvaspect = 1.85,
			nearplane = 0.2,
			farplane = 5000
		}
	},

	{
		entity_name = "Zs/NPC/mTable4/07/ACS/Camera",
		type = CAMERA,
		template_name = "",
		lt_grp = 0, srt_grp = 0, usr_flg = 0,
		flags = HIDDEN,
		spatialprops =
		{
			pos = { 1.814172, 1.342908, 8.000274 },
			orient = { { -0.793917,  0.000000, -0.608027 },
					   { -0.088937,  0.989244,  0.116128 },
					   {  0.601487,  0.146272, -0.785378 } }
		},
		cameraprops =
		{
			fovh = 20,
			hvaspect = 1.85,
			nearplane = 0.2,
			farplane = 5000
		}
	},

	{
		entity_name = "Zs/NPC/mTable4/09/ACS/Camera",
		type = CAMERA,
		template_name = "",
		lt_grp = 0, srt_grp = 0, usr_flg = 0,
		flags = HIDDEN,
		spatialprops =
		{
			pos = { 0.995155, 1.336151, 3.02919 },
			orient = { { -0.592922,  0.000000,  0.805260 },
					   {  0.117785,  0.989245,  0.086726 },
					   { -0.796599,  0.146269, -0.586545 } }
		},
		cameraprops =
		{
			fovh = 20,
			hvaspect = 1.85,
			nearplane = 0.2,
			farplane = 5000
		}
	},

	{
		entity_name = "Zs/NPC/mTable4/10/ACS/Camera",
		type = CAMERA,
		template_name = "",
		lt_grp = 0, srt_grp = 0, usr_flg = 0,
		flags = HIDDEN,
		spatialprops =
		{
			pos = { 0.922613, 1.35006, 0.291646 },
			orient = { { -0.606718,  0.000000,  0.794917 },
					   {  0.126563,  0.987244,  0.096599 },
					   { -0.784777,  0.159215, -0.598979 } }
		},
		cameraprops =
		{
			fovh = 20,
			hvaspect = 1.85,
			nearplane = 0.2,
			farplane = 5000
		}
	},

	{
		entity_name = "Zs/NPC/mTable4/03/ACU/Camera",
		type = CAMERA,
		template_name = "",
		lt_grp = 0, srt_grp = 0, usr_flg = 0,
		flags = HIDDEN,
		spatialprops =
		{
			pos = { -1.551469, 1.358359, 5.819611 },
			orient = { { -0.835988,  0.000000,  0.548748 },
					   {  0.087308,  0.987262,  0.133010 },
					   { -0.541758,  0.159105, -0.825339 } }
		},
		cameraprops =
		{
			fovh = 20,
			hvaspect = 1.85,
			nearplane = 0.2,
			farplane = 5000
		}
	},

	{
		entity_name = "Zs/NPC/mTable4/04/ACU/Camera",
		type = CAMERA,
		template_name = "",
		lt_grp = 0, srt_grp = 0, usr_flg = 0,
		flags = HIDDEN,
		spatialprops =
		{
			pos = { -1.561859, 1.358265, 8.51597 },
			orient = { { -0.833924,  0.000000,  0.551879 },
					   {  0.087802,  0.987263,  0.132675 },
					   { -0.544850,  0.159097, -0.823302 } }
		},
		cameraprops =
		{
			fovh = 20,
			hvaspect = 1.85,
			nearplane = 0.2,
			farplane = 5000
		}
	},

	{
		entity_name = "Zs/NPC/mTable4/07/ACU/Camera",
		type = CAMERA,
		template_name = "",
		lt_grp = 0, srt_grp = 0, usr_flg = 0,
		flags = HIDDEN,
		spatialprops =
		{
			pos = { 1.483811, 1.357061, 8.491332 },
			orient = { { -0.842080,  0.000000, -0.539353 },
					   { -0.083489,  0.987947,  0.130350 },
					   {  0.532852,  0.154795, -0.831930 } }
		},
		cameraprops =
		{
			fovh = 20,
			hvaspect = 1.85,
			nearplane = 0.2,
			farplane = 5000
		}
	},

	{
		entity_name = "Zs/NPC/mTable4/10/ACU/Camera",
		type = CAMERA,
		template_name = "",
		lt_grp = 0, srt_grp = 0, usr_flg = 0,
		flags = HIDDEN,
		spatialprops =
		{
			pos = { 1.502851, 1.355941, 0.632817 },
			orient = { { -0.589129,  0.000000,  0.808039 },
					   {  0.125049,  0.987953,  0.091171 },
					   { -0.798304,  0.154756, -0.582032 } }
		},
		cameraprops =
		{
			fovh = 20,
			hvaspect = 1.85,
			nearplane = 0.2,
			farplane = 5000
		}
	},

	{
		entity_name = "Zs/NPC/mTable4/03/P/Stand",
		type = MARKER,
		template_name = "",
		lt_grp = 0, srt_grp = 0, usr_flg = 0,
		spatialprops =
		{
			pos = { -1.613385, -0.0054, 4.444146 },
			orient = { { -0.995919,  0.000000,  0.090256 },
					   {  0.000000,  1.000000,  0.000000 },
					   { -0.090256,  0.000000, -0.995919 } }
		}
	},

	{
		entity_name = "Zs/NPC/mTable4/04/P/Stand",
		type = MARKER,
		template_name = "",
		lt_grp = 0, srt_grp = 0, usr_flg = 0,
		spatialprops =
		{
			pos = { -1.630143, -0.0054, 7.140767 },
			orient = { { -0.995566,  0.000000,  0.094065 },
					   {  0.000000,  1.000000,  0.000000 },
					   { -0.094065,  0.000000, -0.995566 } }
		}
	},

	{
		entity_name = "Zs/NPC/mTable4/07/P/Stand",
		type = MARKER,
		template_name = "",
		lt_grp = 0, srt_grp = 0, usr_flg = 0,
		spatialprops =
		{
			pos = { 1.460909, -0.0054, 7.095537 },
			orient = { { -0.997319,  0.000000, -0.073175 },
					   {  0.000000,  1.000000,  0.000000 },
					   {  0.073175,  0.000000, -0.997319 } }
		}
	},

	{
		entity_name = "Zs/NPC/mTable4/09/P/Stand",
		type = MARKER,
		template_name = "",
		lt_grp = 0, srt_grp = 0, usr_flg = 0,
		spatialprops =
		{
			pos = { 0.058285, -0.0054, 3.369052 },
			orient = { { -0.058797,  0.000000,  0.998270 },
					   {  0.000000,  1.000000,  0.000000 },
					   { -0.998270,  0.000000, -0.058797 } }
		}
	},

	{
		entity_name = "Zs/NPC/mTable4/10/P/Stand",
		type = MARKER,
		template_name = "",
		lt_grp = 0, srt_grp = 0, usr_flg = 0,
		spatialprops =
		{
			pos = { 0.064387, -0.0054, 0.679703 },
			orient = { { -0.075977,  0.000000,  0.997110 },
					   {  0.000000,  1.000000,  0.000000 },
					   { -0.997110,  0.000000, -0.075977 } }
		}
	},

	{
		entity_name = "Zs/NPC/mTable4/03/P2/Stand",
		type = MARKER,
		template_name = "",
		lt_grp = 0, srt_grp = 0, usr_flg = 0,
		spatialprops =
		{
			pos = { -1.526912, 0, 4.950709 },
			orient = { { -0.995919,  0.000000,  0.090256 },
					   {  0.000000,  1.000000,  0.000000 },
					   { -0.090256,  0.000000, -0.995919 } }
		}
	},

	{
		entity_name = "Zs/NPC/mTable4/04/P2/Stand",
		type = MARKER,
		template_name = "",
		lt_grp = 0, srt_grp = 0, usr_flg = 0,
		spatialprops =
		{
			pos = { -1.541733, 0, 7.646995 },
			orient = { { -0.995566,  0.000000,  0.094065 },
					   {  0.000000,  1.000000,  0.000000 },
					   { -0.094065,  0.000000, -0.995566 } }
		}
	},

	{
		entity_name = "Zs/NPC/mTable4/07/P2/Stand",
		type = MARKER,
		template_name = "",
		lt_grp = 0, srt_grp = 0, usr_flg = 0,
		spatialprops =
		{
			pos = { 1.463713, 0, 7.60942 },
			orient = { { -0.997319,  0.000000, -0.073175 },
					   {  0.000000,  1.000000,  0.000000 },
					   {  0.073175,  0.000000, -0.997319 } }
		}
	},

	{
		entity_name = "Zs/NPC/mTable4/09/P2/Stand",
		type = MARKER,
		template_name = "",
		lt_grp = 0, srt_grp = 0, usr_flg = 0,
		spatialprops =
		{
			pos = { 0.572074, 0, 3.358844 },
			orient = { { -0.058797,  0.000000,  0.998270 },
					   {  0.000000,  1.000000,  0.000000 },
					   { -0.998270,  0.000000, -0.058797 } }
		}
	},

	{
		entity_name = "Zs/NPC/mTable4/10/P2/Stand",
		type = MARKER,
		template_name = "",
		lt_grp = 0, srt_grp = 0, usr_flg = 0,
		spatialprops =
		{
			pos = { 0.578276, 0, 0.678343 },
			orient = { { -0.075977,  0.000000,  0.997110 },
					   {  0.000000,  1.000000,  0.000000 },
					   { -0.997110,  0.000000, -0.075977 } }
		}
	},

	{
		entity_name = "Zs/NPC/mTable4/03/PC2/Camera",
		type = CAMERA,
		template_name = "",
		lt_grp = 0, srt_grp = 0, usr_flg = 0,
		flags = HIDDEN,
		spatialprops =
		{
			pos = { -3.072128, 1.68243, 7.065734 },
			orient = { {  0.566091,  0.000000,  0.824342 },
					   {  0.187165,  0.973884, -0.128530 },
					   { -0.802813,  0.227048,  0.551307 } }
		},
		cameraprops =
		{
			fovh = 30,
			hvaspect = 1.85,
			nearplane = 0.2,
			farplane = 5000
		}
	},

	{
		entity_name = "Zs/NPC/mTable4/04/PC2/Camera",
		type = CAMERA,
		template_name = "",
		lt_grp = 0, srt_grp = 0, usr_flg = 0,
		flags = HIDDEN,
		spatialprops =
		{
			pos = { -3.078847, 1.68243, 9.767916 },
			orient = { {  0.569241,  0.000000,  0.822171 },
					   {  0.186672,  0.973884, -0.129245 },
					   { -0.800699,  0.227048,  0.554374 } }
		},
		cameraprops =
		{
			fovh = 30,
			hvaspect = 1.85,
			nearplane = 0.2,
			farplane = 5000
		}
	},

	{
		entity_name = "Zs/NPC/mTable4/07/PC2/Camera",
		type = CAMERA,
		template_name = "",
		lt_grp = 0, srt_grp = 0, usr_flg = 0,
		flags = HIDDEN,
		spatialprops =
		{
			pos = { 2.704478, 1.525161, 10.08929 },
			orient = { {  0.703679,  0.000000, -0.710518 },
					   { -0.124764,  0.984462, -0.123563 },
					   {  0.699479,  0.175596,  0.692745 } }
		},
		cameraprops =
		{
			fovh = 30,
			hvaspect = 1.85,
			nearplane = 0.2,
			farplane = 5000
		}
	},

	{
		entity_name = "Zs/NPC/mTable4/09/PC2/Camera",
		type = CAMERA,
		template_name = "",
		lt_grp = 0, srt_grp = 0, usr_flg = 0,
		flags = HIDDEN,
		spatialprops =
		{
			pos = { 2.698114, 1.68243, 1.757056 },
			orient = { { -0.842030,  0.000000, -0.539431 },
					   { -0.122471,  0.973886,  0.191171 },
