duration = 38.366;

entities =
{

	{
		entity_name = "Zg/NPC/mFloor2/01/B/Stand",
		type = MARKER,
		template_name = "",
		lt_grp = 0, srt_grp = 0, usr_flg = 0,
		spatialprops =
		{
			pos = { 4.454843, 0, -5.589845 },
			orient = { { -0.920296,  0.000000,  0.391222 },
					   {  0.000000,  1.000000,  0.000000 },
					   { -0.391222,  0.000000, -0.920296 } }
		}
	},

	{
		entity_name = "Zg/NPC/mFloor2/01/A/Stand",
		type = MARKER,
		template_name = "",
		lt_grp = 0, srt_grp = 0, usr_flg = 0,
		spatialprops =
		{
			pos = { 5.559494, 0, -4.940012 },
			orient = { { -0.033546,  0.000000, -0.999437 },
					   {  0.000000,  1.000000,  0.000000 },
					   {  0.999437,  0.000000, -0.033546 } }
		}
	},

	{
		entity_name = "Zg/PC/Player/01/A/Stand",
		type = MARKER,
		template_name = "",
		lt_grp = 0, srt_grp = 0, usr_flg = 0,
		spatialprops =
		{
			pos = { -5.637145, 0, -5.874697 },
			orient = { { -0.999741,  0.000000,  0.022762 },
					   {  0.000000,  1.000000,  0.000000 },
					   { -0.022762,  0.000000, -0.999741 } }
		}
	},

	{
		entity_name = "Layer_Ku_08_Bar_hardpoint_03",
		type = SCENE,
		template_name = "",
		lt_grp = 0, srt_grp = 0, usr_flg = 0,
		spatialprops =
		{
			pos = { 0, 0, 0 },
			orient = { { 1, 0, 0 }, { 0, 1, 0 }, { 0, 0, 1 } }
		},
		up = Y_AXIS,
		front = Z_AXIS,
		ambient = { 168, 168, 168 }
	},

	{
		entity_name = "Camera_Mission",
		type = CAMERA,
		template_name = "",
		lt_grp = 0, srt_grp = 0, usr_flg = 0,
		spatialprops =
		{
			pos = { 0.809805, 1.846457, 5.243282 },
			orient = { { -0.995886,  0.000000,  0.090617 },
					   {  0.002086,  0.999735,  0.022923 },
					   { -0.090593,  0.023018, -0.995622 } }
		},
		cameraprops =
		{
			fovh = 30,
			hvaspect = 1.333333,
			nearplane = 1,
			farplane = 100
		}
	},

	{
		entity_name = "Camera_News",
		type = CAMERA,
		template_name = "",
		lt_grp = 0, srt_grp = 0, usr_flg = 0,
		spatialprops =
		{
			pos = { -1.170353, 1.638224, 5.953372 },
			orient = { { -0.995637,  0.000000,  0.093310 },
					   {  0.000511,  0.999985,  0.005450 },
					   { -0.093308,  0.005474, -0.995622 } }
		},
		cameraprops =
		{
			fovh = 30,
			hvaspect = 1.333333,
			nearplane = 1,
			farplane = 100
		}
	},

	{
		entity_name = "Zg/NPC/mFloor2/02/A/Stand",
		type = MARKER,
		template_name = "",
		lt_grp = 0, srt_grp = 0, usr_flg = 0,
		spatialprops =
		{
			pos = { 4.934744, 0, 1.293235 },
			orient = { {  0.733623,  0.000000, -0.679556 },
					   {  0.000000,  1.000000,  0.000000 },
					   {  0.679556,  0.000000,  0.733623 } }
		}
	},

	{
		entity_name = "Zg/NPC/mFloor2/02/B/Stand",
		type = MARKER,
		template_name = "",
		lt_grp = 0, srt_grp = 0, usr_flg = 0,
		spatialprops =
		{
			pos = { 4.448011, 0, 0.261452 },
			orient = { { -0.999275,  0.000000,  0.038085 },
					   {  0.000000,  1.000000,  0.000000 },
					   { -0.038085,  0.000000, -0.999275 } }
		}
	},

	{
		entity_name = "Zs/NPC/mFloor2/01/P/Stand",
		type = MARKER,
		template_name = "",
		lt_grp = 0, srt_grp = 0, usr_flg = 0,
		spatialprops =
		{
			pos = { 3.749203, -0.0054, -5.181871 },
			orient = { { -0.344904,  0.000000,  0.938638 },
					   {  0.000000,  1.000000,  0.000000 },
					   { -0.938638,  0.000000, -0.344904 } }
		}
	},

	{
		entity_name = "Zs/NPC/mFloor2/01/P2/Stand",
		type = MARKER,
		template_name = "",
		lt_grp = 0, srt_grp = 0, usr_flg = 0,
		spatialprops =
		{
			pos = { 4.244002, 0, -5.043098 },
			orient = { { -0.344904,  0.000000,  0.938638 },
					   {  0.000000,  1.000000,  0.000000 },
					   { -0.938638,  0.000000, -0.344904 } }
		}
	},

	{
		entity_name = "Zs/NPC/mFloor2/02/P/Stand",
		type = MARKER,
		template_name = "",
		lt_grp = 0, srt_grp = 0, usr_flg = 0,
		spatialprops =
		{
			pos = { 3.93264, -0.0054, -0.233669 },
			orient = { { -0.935378,  0.000000,  0.353650 },
					   {  0.000000,  1.000000,  0.000000 },
					   { -0.353650,  0.000000, -0.935378 } }
		}
	},

	{
		entity_name = "Zs/NPC/mFloor2/02/P2/Stand",
		type = MARKER,
		template_name = "",
		lt_grp = 0, srt_grp = 0, usr_flg = 0,
		spatialprops =
		{
			pos = { 4.151604, 0, 0.231238 },
			orient = { { -0.935378,  0.000000,  0.353650 },
					   {  0.000000,  1.000000,  0.000000 },
					   { -0.353650,  0.000000, -0.935378 } }
		}
	},

	{
		entity_name = "Zs/NPC/mFloor2/01/AC2/Camera",
		type = CAMERA,
		template_name = "",
		lt_grp = 0, srt_grp = 0, usr_flg = 0,
		flags = HIDDEN,
		spatialprops =
		{
			pos = { 4.172318, 1.677214, -3.559347 },
			orient = { {  0.905230,  0.000000,  0.424922 },
					   {  0.071816,  0.985614, -0.152992 },
					   { -0.418810,  0.169009,  0.892208 } }
		},
		cameraprops =
		{
			fovh = 30,
			hvaspect = 1.85,
			nearplane = 0.2,
			farplane = 5000
		}
	},

	{
		entity_name = "Zs/NPC/mFloor2/01/ACOH/Camera",
		type = CAMERA,
		template_name = "",
		lt_grp = 0, srt_grp = 0, usr_flg = 0,
		flags = HIDDEN,
		spatialprops =
		{
			pos = { 3.844598, 1.746935, -4.688174 },
			orient = { {  0.369952,  0.000000,  0.929051 },
					   {  0.166205,  0.983868, -0.066184 },
					   { -0.914063,  0.178898,  0.363984 } }
		},
		cameraprops =
		{
			fovh = 25,
			hvaspect = 1.85,
			nearplane = 0.2,
			farplane = 5000
		}
	},

	{
		entity_name = "Zs/NPC/mFloor2/01/ACS/Camera",
		type = CAMERA,
		template_name = "",
		lt_grp = 0, srt_grp = 0, usr_flg = 0,
		flags = HIDDEN,
		spatialprops =
		{
			pos = { 4.338396, 1.594347, -4.668653 },
			orient = { {  0.383145,  0.000000,  0.923688 },
					   {  0.030715,  0.999447, -0.012741 },
					   { -0.923178,  0.033253,  0.382933 } }
		},
		cameraprops =
		{
			fovh = 25,
			hvaspect = 1.85,
			nearplane = 0.2,
			farplane = 5000
		}
	},

	{
		entity_name = "Zs/NPC/mFloor2/01/ACU/Camera",
		type = CAMERA,
		template_name = "",
		lt_grp = 0, srt_grp = 0, usr_flg = 0,
		flags = HIDDEN,
		spatialprops =
		{
			pos = { 4.746236, 1.668712, -4.769891 },
			orient = { {  0.302873,  0.000000,  0.953031 },
					   {  0.031591,  0.999450, -0.010040 },
					   { -0.952507,  0.033148,  0.302706 } }
		},
		cameraprops =
		{
			fovh = 25,
			hvaspect = 1.85,
			nearplane = 0.2,
			farplane = 5000
		}
	},

	{
		entity_name = "Zs/NPC/mFloor2/01/PC2/Camera",
		type = CAMERA,
		template_name = "",
		lt_grp = 0, srt_grp = 0, usr_flg = 0,
		flags = HIDDEN,
		spatialprops =
		{
			pos = { 5.54462, 1.731246, -3.590456 },
			orient = { {  0.925135,  0.000000, -0.379637 },
					   { -0.079247,  0.977970, -0.193116 },
					   {  0.371274,  0.208743,  0.904755 } }
		},
		cameraprops =
		{
			fovh = 30,
			hvaspect = 1.85,
			nearplane = 0.2,
			farplane = 5000
		}
	},

	{
		entity_name = "Zs/NPC/mFloor2/01/PCO/Camera",
		type = CAMERA,
		template_name = "",
		lt_grp = 0, srt_grp = 0, usr_flg = 0,
		flags = HIDDEN,
		spatialprops =
		{
			pos = { 5.905853, 1.776642, -4.485493 },
			orient = { {  0.528384,  0.000000, -0.849005 },
					   { -0.173858,  0.978808, -0.108202 },
					   {  0.831014,  0.204778,  0.517187 } }
		},
		cameraprops =
		{
			fovh = 25,
			hvaspect = 1.85,
			nearplane = 0.2,
			farplane = 5000
		}
	},

	{
		entity_name = "Zs/NPC/mFloor2/01/PCS/Camera",
		type = CAMERA,
		template_name = "",
		lt_grp = 0, srt_grp = 0, usr_flg = 0,
		flags = HIDDEN,
		spatialprops =
		{
			pos = { 5.394053, 1.614689, -4.626007 },
			orient = { {  0.502449,  0.000000, -0.864607 },
					   { -0.048332,  0.998436, -0.028087 },
					   {  0.863255,  0.055901,  0.501663 } }
		},
		cameraprops =
		{
			fovh = 25,
			hvaspect = 1.85,
			nearplane = 0.2,
			farplane = 5000
		}
	},

	{
		entity_name = "Zs/NPC/mFloor2/01/PCU/Camera",
		type = CAMERA,
		template_name = "",
		lt_grp = 0, srt_grp = 0, usr_flg = 0,
		flags = HIDDEN,
		spatialprops =
		{
			pos = { 4.950987, 1.69836, -4.804061 },
			orient = { {  0.437453,  0.000000, -0.899241 },
					   { -0.058131,  0.997908, -0.028278 },
					   {  0.897360,  0.064644,  0.436538 } }
		},
		cameraprops =
		{
			fovh = 25,
			hvaspect = 1.85,
			nearplane = 0.2,
			farplane = 5000
		}
	},

	{
		entity_name = "Zs/NPC/mFloor2/01/TCI/Camera",
		type = CAMERA,
		template_name = "",
		lt_grp = 0, srt_grp = 0, usr_flg = 0,
		flags = HIDDEN,
		spatialprops =
		{
			pos = { 4.290563, 1.903228, -4.531175 },
			orient = { {  0.443843,  0.000000,  0.896105 },
					   {  0.551056,  0.788569, -0.272940 },
					   { -0.706641,  0.614946,  0.350001 } }
		},
		cameraprops =
		{
			fovh = 15,
			hvaspect = 1.85,
			nearplane = 0.2,
			farplane = 5000
		}
	},

	{
		entity_name = "Zs/NPC/mFloor2/02/AC2/Camera",
		type = CAMERA,
		template_name = "",
		lt_grp = 0, srt_grp = 0, usr_flg = 0,
		flags = HIDDEN,
		spatialprops =
		{
			pos = { 2.982957, 1.677214, 1.148254 },
			orient = { {  0.271286,  0.000000,  0.962499 },
					   {  0.162671,  0.985614, -0.045850 },
					   { -0.948653,  0.169009,  0.267383 } }
		},
		cameraprops =
		{
			fovh = 30,
			hvaspect = 1.85,
			nearplane = 0.2,
			farplane = 5000
		}
	},

	{
		entity_name = "Zs/NPC/mFloor2/02/ACOH/Camera",
		type = CAMERA,
		template_name = "",
		lt_grp = 0, srt_grp = 0, usr_flg = 0,
		flags = HIDDEN,
		spatialprops =
		{
			pos = { 3.621844, 1.746935, 0.161606 },
			orient = { { -0.460211,  0.000000,  0.887809 },
					   {  0.158827,  0.983868,  0.082331 },
					   { -0.873487,  0.178898, -0.452787 } }
		},
		cameraprops =
		{
			fovh = 25,
			hvaspect = 1.85,
			nearplane = 0.2,
			farplane = 5000
		}
	},

	{
		entity_name = "Zs/NPC/mFloor2/02/ACS/Camera",
		type = CAMERA,
		template_name = "",
		lt_grp = 0, srt_grp = 0, usr_flg = 0,
		flags = HIDDEN,
		spatialprops =
		{
			pos = { 3.930308, 1.594347, 0.547698 },
			orient = { { -0.447522,  0.000000,  0.894273 },
					   {  0.029737,  0.999447,  0.014881 },
					   { -0.893778,  0.033253, -0.447275 } }
		},
		cameraprops =
		{
			fovh = 25,
			hvaspect = 1.85,
			nearplane = 0.2,
			farplane = 5000
		}
	},

	{
		entity_name = "Zs/NPC/mFloor2/02/ACU/Camera",
		type = CAMERA,
		template_name = "",
		lt_grp = 0, srt_grp = 0, usr_flg = 0,
		flags = HIDDEN,
		spatialprops =
		{
			pos = { 4.273802, 1.668712, 0.789761 },
			orient = { { -0.522248,  0.000000,  0.852794 },
					   {  0.028268,  0.999450,  0.017311 },
					   { -0.852325,  0.033148, -0.521961 } }
		},
		cameraprops =
		{
			fovh = 25,
			hvaspect = 1.85,
			nearplane = 0.2,
			farplane = 5000
		}
	},

	{
		entity_name = "Zs/NPC/mFloor2/02/PC2/Camera",
		type = CAMERA,
		template_name = "",
		lt_grp = 0, srt_grp = 0, usr_flg = 0,
		flags = HIDDEN,
		spatialprops =
		{
			pos = { 3.904735, 1.731246, 2.165361 },
			orient = { {  0.892568,  0.000000,  0.450912 },
					   {  0.094125,  0.977970, -0.186318 },
					   { -0.440979,  0.208743,  0.872905 } }
		},
		cameraprops =
		{
			fovh = 30,
			hvaspect = 1.85,
			nearplane = 0.2,
			farplane = 5000
		}
	},

	{
		entity_name = "Zs/NPC/mFloor2/02/PCO/Camera",
		type = CAMERA,
		template_name = "",
		lt_grp = 0, srt_grp = 0, usr_flg = 0,
		flags = HIDDEN,
		spatialprops =
		{
			pos = { 4.817838, 1.776642, 1.852597 },
			orient = { {  0.987715,  0.000000, -0.156266 },
					   { -0.032000,  0.978808, -0.202262 },
					   {  0.152954,  0.204778,  0.966784 } }
		},
		cameraprops =
		{
			fovh = 25,
			hvaspect = 1.85,
			nearplane = 0.2,
			farplane = 5000
		}
	},

	{
		entity_name = "Zs/NPC/mFloor2/02/PCS/Camera",
		type = CAMERA,
		template_name = "",
		lt_grp = 0, srt_grp = 0, usr_flg = 0,
		flags = HIDDEN,
		spatialprops =
		{
			pos = { 4.589062, 1.614689, 1.373698 },
			orient = { {  0.982534,  0.000000, -0.186085 },
					   { -0.010402,  0.998436, -0.054924 },
					   {  0.185794,  0.055901,  0.980997 } }
		},
		cameraprops =
		{
			fovh = 25,
			hvaspect = 1.85,
			nearplane = 0.2,
			farplane = 5000
		}
	},

	{
		entity_name = "Zs/NPC/mFloor2/02/PCU/Camera",
		type = CAMERA,
		template_name = "",
		lt_grp = 0, srt_grp = 0, usr_flg = 0,
		flags = HIDDEN,
		spatialprops =
		{
			pos = { 4.433658, 1.69836, 0.922188 },
			orient = { {  0.966174,  0.000000, -0.257893 },
					   { -0.016671,  0.997908, -0.062457 },
					   {  0.257353,  0.064644,  0.964153 } }
		},
		cameraprops =
		{
			fovh = 25,
			hvaspect = 1.85,
			nearplane = 0.2,
			farplane = 5000
		}
	},

	{
		entity_name = "Zs/NPC/mFloor2/02/TCI/Camera",
		type = CAMERA,
		template_name = "",
		lt_grp = 0, srt_grp = 0, usr_flg = 0,
		flags = HIDDEN,
		spatialprops =
		{
			pos = { 3.795064, 1.903228, 0.601524 },
			orient = { { -0.386937,  0.000000,  0.922106 },
					   {  0.567046,  0.788569,  0.237945 },
					   { -0.727144,  0.614946, -0.305127 } }
		},
		cameraprops =
		{
			fovh = 15,
			hvaspect = 1.85,
			nearplane = 0.2,
			farplane = 5000
		}
	},

	{
		entity_name = "Zs/NPC/mFloor2/02/WFC/Camera",
		type = CAMERA,
		template_name = "",
		lt_grp = 0, srt_grp = 0, usr_flg = 0,
		flags = HIDDEN,
		spatialprops =
		{
			pos = { 1.31793, 0.194461, 2.157099 },
			orient = { {  0.364982, -0.131691,  0.921654 },
					   { -0.140265,  0.970868,  0.194269 },
					   { -0.920388, -0.200180,  0.335878 } }
		},
		cameraprops =
		{
			fovh = 30,
			hvaspect = 1.85,
			nearplane = 0.2,
			farplane = 5000
		}
	},

	{
		entity_name = "Zs/NPC/mFloor2/01/WFC/Camera",
		type = CAMERA,
		template_name = "",
		lt_grp = 0, srt_grp = 0, usr_flg = 0,
		flags = HIDDEN,
		spatialprops =
		{
			pos = { 1.745783, 7.665112, 1.764717 },
			orient = { {  0.670729,  0.000000,  0.741703 },
					   {  0.410884,  0.832534, -0.371566 },
					   { -0.617493,  0.553973,  0.558405 } }
		},
		cameraprops =
		{
			fovh = 30,
			hvaspect = 1.85,
			nearplane = 0.2,
			farplane = 5000
		}
	},

	{
		entity_name = "Camera_0",
		type = CAMERA,
		template_name = "",
		lt_grp = 0, srt_grp = 0, usr_flg = 0,
		spatialprops =
		{
			pos = { -9.817592, 2.536398, -7.619583 },
			orient = { { -0.593867,  0.000000,  0.804563 },
					   {  0.089595,  0.993780,  0.066133 },
					   { -0.799559,  0.111359, -0.590173 } }
		},
		cameraprops =
		{
			fovh = 30,
			hvaspect = 1.333333,
			nearplane = 1,
			farplane = 25000
		}
	},

	{
		entity_name = "Camera_Wide",
		type = CAMERA,
		template_name = "",
		lt_grp = 0, srt_grp = 0, usr_flg = 0,
		spatialprops =
		{
			pos = { -9.216108, 4.919425, -3.12853 },
			orient = { { -0.400407,  0.000000,  0.916337 },
					   {  0.318125,  0.937802,  0.139009 },
					   { -0.859343,  0.347170, -0.375503 } }
		},
		cameraprops =
		{
			fovh = 35,
			hvaspect = 1.333333,
			nearplane = 1,
			farplane = 25000
		}
	},

	{
		entity_name = "LtShadowSource",
		type = LIGHT,
		template_name = "",
		lt_grp = 0, srt_grp = 0, usr_flg = 0,
		spatialprops =
		{
			pos = { 0, 0, 0 },
			orient = { {  0.999998,  0.000000, -0.001769 },
					   {  0.001769, -0.002306,  0.999996 },
					   { -0.000004, -0.999997, -0.002306 } }
		},
		lightprops =
		{
			on = N,
			color = { 255, 255, 255 },
			diffuse = { 0, 0, 0 },
			specular = { 0, 0, 0 },
			ambient = { 0, 0, 0 },
			direction = { 0, 0, 1 },
			range = 2000,
			cutoff = 98.99998,
			type = L_DIRECT,
			theta = 90,
			atten = { 1, 0, 4e-006 }
		}
	},

	{
		entity_name = "LtGlareSource",
		type = LIGHT,
		template_name = "",
		lt_grp = 0, srt_grp = 0, usr_flg = 0,
		spatialprops =
		{
			pos = { -9.817592, 12.5364, -7.619583 },
			orient = { {  0.724699,  0.000000,  0.689066 },
					   {  0.043398,  0.998015, -0.045642 },
					   { -0.687698,  0.062980,  0.723260 } }
		},
		lightprops =
		{
			on = N,
			color = { 255, 255, 255 },
			diffuse = { 0.74902, 0.74902, 0.74902 },
			specular = { 0, 0, 0 },
			ambient = { 0, 0, 0 },
			direction = { 0, 0, 1 },
			range = 2000,
			cutoff = 98.99998,
			type = L_POINT,
			theta = 90,
			atten = { 1, 0, 4e-006 }
		}
	},

	{
		entity_name = "Bins_artifacts_3_1",
		type = COMPOUND,
		template_name = "artifacts_3",
		lt_grp = 0, srt_grp = 0, usr_flg = 0,
		flags = LIT_DYNAMIC,
		spatialprops =
		{
			pos = { 0, 0, 3.623235 },
			orient = { { 1, 0, 0 }, { 0, 1, 0 }, { 0, 0, 1 } }
		},
		userprops =
		{
			category = "Equipment",
			Priority = "Bin_1",
		}
	},

	{
		entity_name = "Bins_artifacts_3_2",
		type = COMPOUND,
		template_name = "artifacts_3",
		lt_grp = 0, srt_grp = 0, usr_flg = 0,
		flags = LIT_DYNAMIC,
		spatialprops =
		{
			pos = { 0, 0, -3.789195 },
			orient = { { 1, 0, 0 }, { 0, 1, 0 }, { 0, 0, 1 } }
		},
		userprops =
		{
			category = "Equipment",
			Priority = "Bin_1",
		}
	},

	{
		entity_name = "ku_table_round_1",
		type = COMPOUND,
		template_name = "ku_table_round",
		lt_grp = 0, srt_grp = 0, usr_flg = 0,
		flags = LIT_DYNAMIC,
		spatialprops =
		{
			pos = { 3.462287, 0, -3.791593 },
			orient = { {  0.760878,  0.000000, -0.648895 },
					   {  0.000000,  1.000000,  0.000000 },
					   {  0.648895,  0.000000,  0.760878 } }
		},
		userprops =
		{
			category = "Prop",
		}
	},

	{
		entity_name = "ku_table_round_2",
		type = COMPOUND,
		template_name = "ku_table_round",
		lt_grp = 0, srt_grp = 0, usr_flg = 0,
		flags = LIT_DYNAMIC,
		spatialprops =
		{
			pos = { -3.537018, 0, -3.791593 },
			orient = { {  0.760878,  0.000000, -0.648895 },
					   {  0.000000,  1.000000,  0.000000 },
					   {  0.648895,  0.000000,  0.760878 } }
		},
		userprops =
		{
			category = "Prop",
		}
	},

	{
		entity_name = "ku_table_round_3",
		type = COMPOUND,
		template_name = "ku_table_round",
		lt_grp = 0, srt_grp = 0, usr_flg = 0,
		flags = LIT_DYNAMIC,
		spatialprops =
		{
			pos = { -3.537018, 0, 3.788198 },
			orient = { {  0.760878,  0.000000, -0.648895 },
					   {  0.000000,  1.000000,  0.000000 },
					   {  0.648895,  0.000000,  0.760878 } }
		},
		userprops =
		{
			category = "Prop",
		}
	},

	{
		entity_name = "ku_table_round_4",
		type = COMPOUND,
		template_name = "ku_table_round",
		lt_grp = 0, srt_grp = 0, usr_flg = 0,
		flags = LIT_DYNAMIC,
		spatialprops =
		{
			pos = { 3.752435, 0, 3.993148 },
			orient = { {  0.658864,  0.000000, -0.752262 },
					   {  0.000000,  1.000000,  0.000000 },
					   {  0.752262,  0.000000,  0.658864 } }
		},
		userprops =
		{
			category = "Prop",
		}
	},

	{
		entity_name = "Zs/NPC/Bartender/01/A/Stand",
		type = MARKER,
		template_name = "",
		lt_grp = 0, srt_grp = 0, usr_flg = 0,
		spatialprops =
		{
			pos = { -2.734952, 0, 0.729131 },
			orient = { {  0.956582,  0.000000, -0.291464 },
					   {  0.000000,  1.000000,  0.000000 },
					   {  0.291464,  0.000000,  0.956582 } }
		}
	},

	{
		entity_name = "Set_ku_08_depot",
		type = COMPOUND,
		template_name = "ku_08_depot",
		lt_grp = 0, srt_grp = 0, usr_flg = 0,
		flags = LIT_AMBIENT,
		spatialprops =
		{
			pos = { 0, 0, 0 },
			orient = { { 1, 0, 0 }, { 0, 1, 0 }, { 0, 0, 1 } }
		},
		userprops =
		{
			category = "Room",
		}
	},

	{
		entity_name = "Zg/NPC/rTable1/01/A/Sitlow",
		type = MARKER,
		template_name = "",
		lt_grp = 0, srt_grp = 0, usr_flg = 0,
		spatialprops =
		{
			pos = { -2.897637, 0, -3.045984 },
			orient = { {  0.768680,  0.000000, -0.639633 },
					   {  0.000000,  1.000000,  0.000000 },
					   {  0.639633,  0.000000,  0.768680 } }
		}
	},

	{
		entity_name = "Zg/NPC/rTable1/02/A/Sitlow",
		type = MARKER,
		template_name = "",
		lt_grp = 0, srt_grp = 0, usr_flg = 0,
		spatialprops =
		{
			pos = { 4.109217, 0, -3.040184 },
			orient = { {  0.768680,  0.000000, -0.639633 },
					   {  0.000000,  1.000000,  0.000000 },
					   {  0.639633,  0.000000,  0.768680 } }
		}
	},

	{
		entity_name = "Zg/NPC/rTable1/03/A/Sitlow",
		type = MARKER,
		template_name = "",
		lt_grp = 0, srt_grp = 0, usr_flg = 0,
		spatialprops =
		{
			pos = { -2.755855, 0, 3.126332 },
			orient = { { -0.659806,  0.000000, -0.751436 },
					   {  0.000000,  1.000000,  0.000000 },
					   {  0.751436,  0.000000, -0.659806 } }
		}
	},

	{
		entity_name = "Zs/NPC/Bartender/01/P2/Stand",
		type = MARKER,
		template_name = "",
		lt_grp = 0, srt_grp = 0, usr_flg = 0,
		spatialprops =
		{
			pos = { -2.97638, 0, -0.568119 },
			orient = { { -0.995959,  0.000000, -0.089809 },
					   {  0.000000,  1.000000,  0.000000 },
					   {  0.089809,  0.000000, -0.995959 } }
		}
	},

	{
		entity_name = "Zs/NPC/Bartender/01/P/Stand",
		type = MARKER,
		template_name = "",
		lt_grp = 0, srt_grp = 0, usr_flg = 0,
		spatialprops =
		{
			pos = { -2.970608, -0.0054, -1.081977 },
			orient = { { -0.995959,  0.000000, -0.089809 },
					   {  0.000000,  1.000000,  0.000000 },
					   {  0.089809,  0.000000, -0.995959 } }
		}
	},

	{
		entity_name = "Zs/NPC/Bartender/01/AC2/Camera",
		type = CAMERA,
		template_name = "",
		lt_grp = 0, srt_grp = 0, usr_flg = 0,
		flags = HIDDEN,
		spatialprops =
		{
			pos = { -4.427998, 1.677214, -0.252749 },
			orient = { { -0.175754,  0.000000,  0.984434 },
					   {  0.166379,  0.985614,  0.029704 },
					   { -0.970273,  0.169009, -0.173225 } }
		},
		cameraprops =
		{
			fovh = 30,
			hvaspect = 1.85,
			nearplane = 0.2,
			farplane = 25000
		}
	},

	{
		entity_name = "Zs/NPC/Bartender/01/ACOH/Camera",
		type = CAMERA,
		template_name = "",
		lt_grp = 0, srt_grp = 0, usr_flg = 0,
		flags = HIDDEN,
		spatialprops =
		{
			pos = { -3.511637, 1.704378, -0.79322 },
			orient = { { -0.754353,  0.000000,  0.656469 },
					   {  0.100525,  0.988206,  0.115513 },
					   { -0.648727,  0.153129, -0.745456 } }
		},
		cameraprops =
		{
			fovh = 25,
			hvaspect = 1.85,
			nearplane = 0.2,
			farplane = 25000
		}
	},

	{
		entity_name = "Zs/NPC/Bartender/01/ACS/Camera",
		type = CAMERA,
		template_name = "",
		lt_grp = 0, srt_grp = 0, usr_flg = 0,
		flags = HIDDEN,
		spatialprops =
		{
			pos = { -3.313559, 1.594347, -0.379892 },
			orient = { { -0.759782,  0.000000,  0.650179 },
					   {  0.032965,  0.998714,  0.038522 },
					   { -0.649342,  0.050701, -0.758804 } }
		},
		cameraprops =
		{
			fovh = 25,
			hvaspect = 1.85,
			nearplane = 0.2,
			farplane = 25000
		}
	},

	{
		entity_name = "Zs/NPC/Bartender/01/PC2/Camera",
		type = CAMERA,
		template_name = "",
		lt_grp = 0, srt_grp = 0, usr_flg = 0,
		flags = HIDDEN,
		spatialprops =
		{
			pos = { -4.053722, 1.645677, 1.073265 },
			orient = { {  0.602907,  0.000000,  0.797812 },
					   {  0.132354,  0.986143, -0.100020 },
					   { -0.786757,  0.165896,  0.594553 } }
		},
		cameraprops =
		{
			fovh = 30,
			hvaspect = 1.85,
			nearplane = 0.2,
			farplane = 25000
		}
	},

	{
		entity_name = "Zs/NPC/Bartender/01/PCO/Camera",
		type = CAMERA,
		template_name = "",
		lt_grp = 0, srt_grp = 0, usr_flg = 0,
		flags = HIDDEN,
		spatialprops =
		{
			pos = { -3.012367, 1.739035, 1.204562 },
			orient = { {  0.985621,  0.000000,  0.168973 },
					   {  0.031729,  0.982212, -0.185074 },
					   { -0.165967,  0.187774,  0.968089 } }
		},
		cameraprops =
		{
			fovh = 25,
			hvaspect = 1.85,
			nearplane = 0.2,
			farplane = 25000
		}
	},

	{
		entity_name = "Zs/NPC/Bartender/01/PCS/Camera",
		type = CAMERA,
		template_name = "",
		lt_grp = 0, srt_grp = 0, usr_flg = 0,
		flags = HIDDEN,
		spatialprops =
		{
			pos = { -3.08111, 1.614689, 0.650739 },
			orient = { {  0.979466,  0.000000,  0.201611 },
					   {  0.013047,  0.997904, -0.063384 },
					   { -0.201189,  0.064713,  0.977413 } }
		},
		cameraprops =
		{
			fovh = 25,
			hvaspect = 1.85,
			nearplane = 0.2,
			farplane = 25000
		}
	},

	{
		entity_name = "Zs/NPC/Bartender/01/WFC/Camera",
		type = CAMERA,
		template_name = "",
		lt_grp = 0, srt_grp = 0, usr_flg = 0,
		flags = HIDDEN,
		spatialprops =
		{
			pos = { -6.437847, 0.027321, -2.01392 },
			orient = { { -0.362552,  0.000000,  0.931964 },
					   { -0.281894,  0.953158, -0.109662 },
					   { -0.888309, -0.302473, -0.345569 } }
		},
		cameraprops =
		{
			fovh = 30,
			hvaspect = 1.85,
			nearplane = 0.2,
			farplane = 25000
		}
	},

	{
		entity_name = "Prop_Ashtray_3_1",
		type = COMPOUND,
		template_name = "Ashtray_3",
		lt_grp = 0, srt_grp = 0, usr_flg = 0,
		flags = LIT_DYNAMIC,
		spatialprops =
		{
			pos = { -3.492579, 0.817515, 3.92469 },
			orient = { { 1, 0, 0 }, { 0, 1, 0 }, { 0, 0, 1 } }
		},
		userprops =
		{
			category = "Prop",
			Priority = "Room_Prop_1",
		}
	},

	{
		entity_name = "Prop_glass_blue_1",
		type = COMPOUND,
		template_name = "glass_blue",
		lt_grp = 0, srt_grp = 0, usr_flg = 0,
		flags = LIT_DYNAMIC,
		spatialprops =
		{
			pos = { -3.408943, 0.785486, 3.774197 },
			orient = { {  1.000000,  0.000000,  0.000000 },
					   {  0.000000,  0.003579, -0.999994 },
					   {  0.000000,  0.999994,  0.003579 } }
		},
		userprops =
		{
			category = "Prop",
			Priority = "Room_Prop_1",
		}
	},

	{
		entity_name = "Prop_ashtray_2_1",
		type = COMPOUND,
		template_name = "ashtray_2",
		lt_grp = 0, srt_grp = 0, usr_flg = 0,
		flags = LIT_DYNAMIC,
		spatialprops =
		{
			pos = { -3.508277, 0.805721, -3.767355 },
			orient = { {  0.579200,  0.000000,  0.815185 },
					   {  0.000000,  1.000000,  0.000000 },
					   { -0.815185,  0.000000,  0.579200 } }
		},
		userprops =
		{
			category = "Prop",
			Priority = "Room_Prop_1",
		}
	},

	{
		entity_name = "Prop_glass_blue_2",
		type = COMPOUND,
		template_name = "glass_blue",
		lt_grp = 0, srt_grp = 0, usr_flg = 0,
		flags = LIT_DYNAMIC,
		spatialprops =
		{
			pos = { 3.498703, 0.784592, -3.758921 },
			orient = { {  1.000000,  0.000000,  0.000000 },
					   {  0.000000,  0.003579, -0.999994 },
					   {  0.000000,  0.999994,  0.003579 } }
		},
		userprops =
		{
			category = "Prop",
			Priority = "Room_Prop_1",
		}
	},

	{
		entity_name = "Prop_Beerbottle_1",
		type = COMPOUND,
		template_name = "Beerbottle",
		lt_grp = 0, srt_grp = 0, usr_flg = 0,
		flags = LIT_DYNAMIC,
		spatialprops =
		{
			pos = { 3.425313, 0.879902, -3.63038 },
			orient = { { 1, 0, 0 }, { 0, 1, 0 }, { 0, 0, 1 } }
		},
		userprops =
		{
			category = "Prop",
			Priority = "Room_Prop_1",
		}
	},

	{
		entity_name = "Prop_ashtray_2_2",
		type = COMPOUND,
		template_name = "ashtray_2",
		lt_grp = 0, srt_grp = 0, usr_flg = 0,
		flags = LIT_DYNAMIC,
		spatialprops =
		{
			pos = { 3.788383, 0.805718, 4.027634 },
			orient = { {  0.579200,  0.000000,  0.815185 },
					   {  0.000000,  1.000000,  0.000000 },
					   { -0.815185,  0.000000,  0.579200 } }
		},
		userprops =
		{
			category = "Prop",
			Priority = "Room_Prop_1",
		}
	}
};

events =
{
	{
		0.000, START_FOG_PROP_ANIM, { "Layer_Ku_08_Bar_hardpoint_03" },
		{
			duration = 0.100,
			fogprops =
			{
				fogon = Y,
				fogtable = N,
				fogcolor = { 62, 62, 80 },
				fogmode = F_LINEAR,
				fogstart = 0,
				fogend = 150,
				fogdensity = 0.1
			}
		}
	}
};
