duration = 29.062;

entities =
{

	{
		entity_name = "Layer_ku_01_Bar_Hardpoint",
		type = SCENE,
		template_name = "",
		lt_grp = 0, srt_grp = 0, usr_flg = 0,
		spatialprops =
		{
			pos = { 0, 0, 0 },
			orient = { { 1, 0, 0 }, { 0, 1, 0 }, { 0, 0, 1 } }
		},
		up = Y_AXIS,
		front = Z_AXIS,
		ambient = { 149, 202, 255 }
	},

	{
		entity_name = "Camera_Mission",
		type = CAMERA,
		template_name = "",
		lt_grp = 0, srt_grp = 0, usr_flg = 0,
		spatialprops =
		{
			pos = { -2.215167, 3.700902, -0.699847 },
			orient = { {  0.075611,  0.000000, -0.997137 },
					   { -0.006210,  0.999981, -0.000471 },
					   {  0.997118,  0.006228,  0.075610 } }
		},
		cameraprops =
		{
			fovh = 30,
			hvaspect = 1.333333,
			nearplane = 0.1,
			farplane = 100000
		}
	},

	{
		entity_name = "Zg/NPC/mTable3/01/B/SitLow",
		type = MARKER,
		template_name = "",
		lt_grp = 0, srt_grp = 0, usr_flg = 0,
		spatialprops =
		{
			pos = { 3.157837, 0, -1.257229 },
			orient = { { -0.683647,  0.000000,  0.729813 },
					   {  0.000000,  1.000000,  0.000000 },
					   { -0.729813,  0.000000, -0.683647 } }
		}
	},

	{
		entity_name = "Zg/NPC/mTable3/01/C/SitLow",
		type = MARKER,
		template_name = "",
		lt_grp = 0, srt_grp = 0, usr_flg = 0,
		spatialprops =
		{
			pos = { 4.646785, 0, -1.285344 },
			orient = { { -0.688604,  0.000000, -0.725138 },
					   {  0.000000,  1.000000,  0.000000 },
					   {  0.725138,  0.000000, -0.688604 } }
		}
	},

	{
		entity_name = "Zg/NPC/mTable3/01/A/SitLow",
		type = MARKER,
		template_name = "",
		lt_grp = 0, srt_grp = 0, usr_flg = 0,
		spatialprops =
		{
			pos = { 3.199669, 0, 0.243629 },
			orient = { {  0.714909,  0.000000,  0.699217 },
					   {  0.000000,  1.000000,  0.000000 },
					   { -0.699217,  0.000000,  0.714909 } }
		}
	},

	{
		entity_name = "Zg/NPC/rTable3/01/A/SitLow",
		type = MARKER,
		template_name = "",
		lt_grp = 0, srt_grp = 0, usr_flg = 0,
		spatialprops =
		{
			pos = { 3.168875, 0, 1.832973 },
			orient = { { -0.740880,  0.000000,  0.671638 },
					   {  0.000000,  1.000000,  0.000000 },
					   { -0.671638,  0.000000, -0.740880 } }
		}
	},

	{
		entity_name = "Zg/NPC/rStool1/02/A/SitHigh",
		type = MARKER,
		template_name = "",
		lt_grp = 0, srt_grp = 0, usr_flg = 0,
		spatialprops =
		{
			pos = { 0.045928, 0, 0.521009 },
			orient = { {  0.970109,  0.000000, -0.242668 },
					   {  0.000000,  1.000000,  0.000000 },
					   {  0.242668,  0.000000,  0.970109 } }
		}
	},

	{
		entity_name = "Zg/NPC/rStool1/03/A/SitHigh",
		type = MARKER,
		template_name = "",
		lt_grp = 0, srt_grp = 0, usr_flg = 0,
		spatialprops =
		{
			pos = { -1.575793, 0, 0.734274 },
			orient = { {  0.999920,  0.000000,  0.012676 },
					   {  0.000000,  1.000000,  0.000000 },
					   { -0.012676,  0.000000,  0.999920 } }
		}
	},

	{
		entity_name = "Zg/NPC/rStool1/04/A/SitHigh",
		type = MARKER,
		template_name = "",
		lt_grp = 0, srt_grp = 0, usr_flg = 0,
		spatialprops =
		{
			pos = { -4.354885, 0, -0.344606 },
			orient = { {  0.553089,  0.000000,  0.833122 },
					   {  0.000000,  1.000000,  0.000000 },
					   { -0.833122,  0.000000,  0.553089 } }
		}
	},

	{
		entity_name = "Zg/NPC/rStool1/05/A/SitHigh",
		type = MARKER,
		template_name = "",
		lt_grp = 0, srt_grp = 0, usr_flg = 0,
		spatialprops =
		{
			pos = { -6.338288, 0, 2.371493 },
			orient = { {  0.083616,  0.000000, -0.996498 },
					   {  0.000000,  1.000000,  0.000000 },
					   {  0.996498,  0.000000,  0.083616 } }
		}
	},

	{
		entity_name = "Zg/NPC/mFloor2/01/A/Stand",
		type = MARKER,
		template_name = "",
		lt_grp = 0, srt_grp = 0, usr_flg = 0,
		spatialprops =
		{
			pos = { 2.441807, 0, -4.485155 },
			orient = { { -0.847968,  0.000000,  0.530048 },
					   {  0.000000,  1.000000,  0.000000 },
					   { -0.530048,  0.000000, -0.847968 } }
		}
	},

	{
		entity_name = "Zs/NPC/mFloor2/01/P2/Stand",
		type = MARKER,
		template_name = "",
		lt_grp = 0, srt_grp = 0, usr_flg = 0,
		spatialprops =
		{
			pos = { 3.012071, 0, -3.295221 },
			orient = { {  0.985078,  0.000000, -0.172108 },
					   {  0.000000,  1.000000,  0.000000 },
					   {  0.172108,  0.000000,  0.985078 } }
		}
	},

	{
		entity_name = "Zg/PC/Player/01/A/Stand",
		type = MARKER,
		template_name = "",
		lt_grp = 0, srt_grp = 0, usr_flg = 0,
		spatialprops =
		{
			pos = { -8.812631, 0, -4.536219 },
			orient = { {  0.006366,  0.000000,  0.999980 },
					   {  0.000000,  1.000000,  0.000000 },
					   { -0.999980,  0.000000,  0.006366 } }
		}
	},

	{
		entity_name = "Zs/NPC/Bartender/01/A/Stand",
		type = MARKER,
		template_name = "",
		lt_grp = 0, srt_grp = 0, usr_flg = 0,
		spatialprops =
		{
			pos = { -2.855236, 0, -1.318244 },
			orient = { { -0.956696,  0.000000, -0.291090 },
					   {  0.000000,  1.000000,  0.000000 },
					   {  0.291090,  0.000000, -0.956696 } }
		}
	},

	{
		entity_name = "Zs/NPC/mTable3/02/P2/Stand",
		type = MARKER,
		template_name = "",
		lt_grp = 0, srt_grp = 0, usr_flg = 0,
		spatialprops =
		{
			pos = { 0.655877, 0, 1.612762 },
			orient = { { -0.993944,  0.000000, -0.109885 },
					   {  0.000000,  1.000000,  0.000000 },
					   {  0.109885,  0.000000, -0.993944 } }
		}
	},

	{
		entity_name = "Zs/NPC/mTable3/02/P/Stand",
		type = MARKER,
		template_name = "",
		lt_grp = 0, srt_grp = 0, usr_flg = 0,
		spatialprops =
		{
			pos = { 0.672016, -0.0054, 1.099125 },
			orient = { { -0.993944,  0.000000, -0.109885 },
					   {  0.000000,  1.000000,  0.000000 },
					   {  0.109885,  0.000000, -0.993944 } }
		}
	},

	{
		entity_name = "Zs/NPC/mTable3/02/AC2/Camera",
		type = CAMERA,
		template_name = "",
		lt_grp = 0, srt_grp = 0, usr_flg = 0,
		flags = HIDDEN,
		spatialprops =
		{
			pos = { 2.301372, 1.702196, 1.801386 },
			orient = { { -0.286866,  0.000000, -0.957971 },
					   { -0.203838,  0.977100,  0.061039 },
					   {  0.936033,  0.212781, -0.280297 } }
		},
		cameraprops =
		{
			fovh = 30,
			hvaspect = 1.85,
			nearplane = 0.2,
			farplane = 5000
		}
	},

	{
		entity_name = "Zs/NPC/mTable3/02/ACOH/Camera",
		type = CAMERA,
		template_name = "",
		lt_grp = 0, srt_grp = 0, usr_flg = 0,
		flags = HIDDEN,
		spatialprops =
		{
			pos = { 1.119269, 1.900241, 1.250842 },
			orient = { { -0.807611,  0.000000, -0.589716 },
					   { -0.236156,  0.916316,  0.323413 },
					   {  0.540366,  0.400457, -0.740027 } }
		},
		cameraprops =
		{
			fovh = 20,
			hvaspect = 1.85,
			nearplane = 0.2,
			farplane = 5000
		}
	},

	{
		entity_name = "Zs/NPC/mTable3/02/ACOL/Camera",
		type = CAMERA,
		template_name = "",
		lt_grp = 0, srt_grp = 0, usr_flg = 0,
		flags = HIDDEN,
		spatialprops =
		{
			pos = { 1.412062, 1.427537, 1.255669 },
			orient = { { -0.752156,  0.000000, -0.658985 },
					   { -0.121128,  0.982962,  0.138254 },
					   {  0.647757,  0.183810, -0.739341 } }
		},
		cameraprops =
		{
			fovh = 20,
			hvaspect = 1.85,
			nearplane = 0.2,
			farplane = 5000
		}
	},

	{
		entity_name = "Zs/NPC/mTable3/02/ACS/Camera",
		type = CAMERA,
		template_name = "",
		lt_grp = 0, srt_grp = 0, usr_flg = 0,
		flags = HIDDEN,
		spatialprops =
		{
			pos = { 1.069902, 1.403379, 2.065809 },
			orient = { { -0.733435,  0.000000, -0.679759 },
					   { -0.122678,  0.983580,  0.132365 },
					   {  0.668598,  0.180473, -0.721392 } }
		},
		cameraprops =
		{
			fovh = 20,
			hvaspect = 1.85,
			nearplane = 0.2,
			farplane = 5000
		}
	},

	{
		entity_name = "Zs/NPC/mTable3/02/ACU/Camera",
		type = CAMERA,
		template_name = "",
		lt_grp = 0, srt_grp = 0, usr_flg = 0,
		flags = HIDDEN,
		spatialprops =
		{
			pos = { 0.708784, 1.369129, 2.534051 },
			orient = { { -0.768219,  0.000000, -0.640187 },
					   { -0.110069,  0.985109,  0.132082 },
					   {  0.630654,  0.171932, -0.756780 } }
		},
		cameraprops =
		{
			fovh = 20,
			hvaspect = 1.85,
			nearplane = 0.2,
			farplane = 5000
		}
	},

	{
		entity_name = "Zs/NPC/mTable3/02/PC2/Camera",
		type = CAMERA,
		template_name = "",
		lt_grp = 0, srt_grp = 0, usr_flg = 0,
		flags = HIDDEN,
		spatialprops =
		{
			pos = { 2.146589, 1.68243, 3.818107 },
			orient = { {  0.578231,  0.000000, -0.815873 },
					   { -0.185232,  0.973887, -0.131279 },
					   {  0.794568,  0.227035,  0.563132 } }
		},
		cameraprops =
		{
			fovh = 30,
			hvaspect = 1.85,
			nearplane = 0.2,
			farplane = 5000
		}
	},

	{
		entity_name = "Zs/NPC/mTable3/02/PCO/Camera",
		type = CAMERA,
		template_name = "",
		lt_grp = 0, srt_grp = 0, usr_flg = 0,
		flags = HIDDEN,
		spatialprops =
		{
			pos = { 0.363992, 1.18108, 3.915851 },
			orient = { {  0.998701,  0.000000, -0.050949 },
					   {  0.004996,  0.995181,  0.097932 },
					   {  0.050704, -0.098059,  0.993888 } }
		},
		cameraprops =
		{
			fovh = 20,
			hvaspect = 1.85,
			nearplane = 0.2,
			farplane = 5000
		}
	},

	{
		entity_name = "Zs/NPC/mTable3/02/PCS/Camera",
		type = CAMERA,
		template_name = "",
		lt_grp = 0, srt_grp = 0, usr_flg = 0,
		flags = HIDDEN,
		spatialprops =
		{
			pos = { 0.540813, 1.394732, 3.258548 },
			orient = { {  0.998698,  0.000000, -0.051015 },
					   {  0.003569,  0.997550,  0.069869 },
					   {  0.050890, -0.069961,  0.996251 } }
		},
		cameraprops =
		{
			fovh = 20,
			hvaspect = 1.85,
			nearplane = 0.2,
			farplane = 5000
		}
	},

	{
		entity_name = "Zs/NPC/mTable3/02/PCU/Camera",
		type = CAMERA,
		template_name = "",
		lt_grp = 0, srt_grp = 0, usr_flg = 0,
		flags = HIDDEN,
		spatialprops =
		{
			pos = { 0.628526, 1.502408, 2.553325 },
			orient = { {  0.997642,  0.000000, -0.068632 },
					   {  0.010745,  0.987669,  0.156187 },
					   {  0.067785, -0.156557,  0.985340 } }
		},
		cameraprops =
		{
			fovh = 20,
			hvaspect = 1.85,
			nearplane = 0.2,
			farplane = 5000
		}
	},

	{
		entity_name = "Zs/NPC/mTable3/02/TCI/Camera",
		type = CAMERA,
		template_name = "",
		lt_grp = 0, srt_grp = 0, usr_flg = 0,
		flags = HIDDEN,
		spatialprops =
		{
			pos = { 1.096478, 1.934624, 1.553822 },
			orient = { { -0.881868,  0.000000, -0.471497 },
					   { -0.293321,  0.782933,  0.548615 },
					   {  0.369150,  0.622106, -0.690443 } }
		},
		cameraprops =
		{
			fovh = 15,
			hvaspect = 1.85,
			nearplane = 0.2,
			farplane = 5000
		}
	},

	{
		entity_name = "Zs/NPC/mTable3/02/WFC/Camera",
		type = CAMERA,
		template_name = "",
		lt_grp = 0, srt_grp = 0, usr_flg = 0,
		flags = HIDDEN,
		spatialprops =
		{
			pos = { 5.614792, 3.204311, 0.870255 },
			orient = { { -0.384133, -0.228035, -0.894674 },
					   { -0.247685,  0.958951, -0.138074 },
					   {  0.889435,  0.168559, -0.424846 } }
		},
		cameraprops =
		{
			fovh = 30,
			hvaspect = 1.85,
			nearplane = 0.2,
			farplane = 5000
		}
	},

	{
		entity_name = "Zs/NPC/mTable3/01/AC2/Camera",
		type = CAMERA,
		template_name = "",
		lt_grp = 0, srt_grp = 0, usr_flg = 0,
		flags = HIDDEN,
		spatialprops =
		{
			pos = { 5.300112, 1.702196, -1.384889 },
			orient = { { -0.335043,  0.000000, -0.942203 },
					   { -0.200483,  0.977100,  0.071290 },
					   {  0.920626,  0.212781, -0.327371 } }
		},
		cameraprops =
		{
			fovh = 30,
			hvaspect = 1.85,
			nearplane = 0.2,
			farplane = 5000
		}
	},

	{
		entity_name = "Zs/NPC/mTable3/01/ACOH/Camera",
		type = CAMERA,
		template_name = "",
		lt_grp = 0, srt_grp = 0, usr_flg = 0,
		flags = HIDDEN,
		spatialprops =
		{
			pos = { 4.123413, 1.908893, -1.881918 },
			orient = { { -0.836471,  0.000000, -0.548011 },
					   { -0.221631,  0.914570,  0.338292 },
					   {  0.501194,  0.404428, -0.765012 } }
		},
		cameraprops =
		{
			fovh = 20,
			hvaspect = 1.85,
			nearplane = 0.2,
			farplane = 5000
		}
	},

	{
		entity_name = "Zs/NPC/mTable3/01/ACOL/Camera",
		type = CAMERA,
		template_name = "",
		lt_grp = 0, srt_grp = 0, usr_flg = 0,
		flags = HIDDEN,
		spatialprops =
		{
			pos = { 4.4003, 1.433976, -1.873691 },
			orient = { { -0.779015,  0.000000, -0.627005 },
					   { -0.120608,  0.981325,  0.149848 },
					   {  0.615296,  0.192356, -0.764467 } }
		},
		cameraprops =
		{
			fovh = 20,
			hvaspect = 1.85,
			nearplane = 0.2,
			farplane = 5000
		}
	},

	{
		entity_name = "Zs/NPC/mTable3/01/ACS/Camera",
		type = CAMERA,
		template_name = "",
		lt_grp = 0, srt_grp = 0, usr_flg = 0,
		flags = HIDDEN,
		spatialprops =
		{
			pos = { 4.092146, 1.384739, -1.034142 },
			orient = { { -0.752594,  0.000000, -0.658485 },
					   { -0.118842,  0.983579,  0.135827 },
					   {  0.647672,  0.180478, -0.740235 } }
		},
		cameraprops =
		{
			fovh = 20,
			hvaspect = 1.85,
			nearplane = 0.2,
			farplane = 5000
		}
	},

	{
		entity_name = "Zs/NPC/mTable3/01/ACU/Camera",
		type = CAMERA,
		template_name = "",
		lt_grp = 0, srt_grp = 0, usr_flg = 0,
		flags = HIDDEN,
		spatialprops =
		{
			pos = { 3.742939, 1.368388, -0.56745 },
			orient = { { -0.799687,  0.000000, -0.600417 },
					   { -0.100654,  0.985848,  0.134060 },
					   {  0.591920,  0.167640, -0.788370 } }
		},
		cameraprops =
		{
			fovh = 20,
			hvaspect = 1.85,
			nearplane = 0.2,
			farplane = 5000
		}
	},

	{
		entity_name = "Zs/NPC/mTable3/01/PC2/Camera",
		type = CAMERA,
		template_name = "",
		lt_grp = 0, srt_grp = 0, usr_flg = 0,
		flags = HIDDEN,
		spatialprops =
		{
			pos = { 5.247725, 1.68243, 0.637083 },
			orient = { {  0.539920,  0.000000, -0.841716 },
					   { -0.191101,  0.973886, -0.122582 },
					   {  0.819736,  0.227037,  0.525820 } }
		},
		cameraprops =
		{
			fovh = 30,
			hvaspect = 1.85,
			nearplane = 0.2,
			farplane = 5000
		}
	},

	{
		entity_name = "Zs/NPC/mTable3/01/PCO/Camera",
		type = CAMERA,
		template_name = "",
		lt_grp = 0, srt_grp = 0, usr_flg = 0,
		flags = HIDDEN,
		spatialprops =
		{
			pos = { 3.480469, 1.198465, 0.825553 },
			orient = { {  0.994381,  0.000000, -0.105858 },
					   {  0.009461,  0.995998,  0.088870 },
					   {  0.105434, -0.089372,  0.990402 } }
		},
		cameraprops =
		{
			fovh = 20,
			hvaspect = 1.85,
			nearplane = 0.2,
			farplane = 5000
		}
	},

	{
		entity_name = "Zs/NPC/mTable3/01/PCS/Camera",
		type = CAMERA,
		template_name = "",
		lt_grp = 0, srt_grp = 0, usr_flg = 0,
		flags = HIDDEN,
		spatialprops =
		{
			pos = { 3.615772, 1.410721, 0.160733 },
			orient = { {  0.994830,  0.000000, -0.101559 },
					   {  0.007105,  0.997550,  0.069599 },
					   {  0.101310, -0.069961,  0.992392 } }
		},
		cameraprops =
		{
			fovh = 20,
			hvaspect = 1.85,
			nearplane = 0.2,
			farplane = 5000
		}
	},

	{
		entity_name = "Zs/NPC/mTable3/01/PCU/Camera",
		type = CAMERA,
		template_name = "",
		lt_grp = 0, srt_grp = 0, usr_flg = 0,
		flags = HIDDEN,
		spatialprops =
		{
			pos = { 3.668658, 1.50164, -0.544408 },
			orient = { {  0.993401,  0.000000, -0.114696 },
					   {  0.017957,  0.987668,  0.155527 },
					   {  0.113282, -0.156561,  0.981150 } }
		},
		cameraprops =
		{
			fovh = 20,
			hvaspect = 1.85,
			nearplane = 0.2,
			farplane = 5000
		}
	},

	{
		entity_name = "Zs/NPC/mTable3/01/TCI/Camera",
		type = CAMERA,
		template_name = "",
		lt_grp = 0, srt_grp = 0, usr_flg = 0,
		flags = HIDDEN,
		spatialprops =
		{
			pos = { 4.084221, 1.934624, -1.571077 },
			orient = { { -0.904628,  0.000000, -0.426202 },
					   { -0.265143,  0.782933,  0.562774 },
					   {  0.333688,  0.622106, -0.708263 } }
		},
		cameraprops =
		{
			fovh = 15,
			hvaspect = 1.85,
			nearplane = 0.2,
			farplane = 5000
		}
	},

	{
		entity_name = "Zs/NPC/mTable3/01/WFC/Camera",
		type = CAMERA,
		template_name = "",
		lt_grp = 0, srt_grp = 0, usr_flg = 0,
		flags = HIDDEN,
		spatialprops =
		{
			pos = { 8.063453, 3.642396, 0.288053 },
			orient = { {  0.187330,  0.000000, -0.982297 },
					   { -0.315668,  0.946958, -0.060200 },
					   {  0.930194,  0.321357,  0.177394 } }
		},
		cameraprops =
		{
			fovh = 30,
			hvaspect = 1.85,
			nearplane = 0.2,
			farplane = 5000
		}
	},

	{
		entity_name = "Zs/NPC/mFloor2/01/ACS/Camera",
		type = CAMERA,
		template_name = "",
		lt_grp = 0, srt_grp = 0, usr_flg = 0,
		flags = HIDDEN,
		spatialprops =
		{
			pos = { 3.288748, 1.594347, -3.564607 },
			orient = { {  0.607169,  0.000000, -0.794573 },
					   { -0.026422,  0.999447, -0.020190 },
					   {  0.794133,  0.033253,  0.606833 } }
		},
		cameraprops =
		{
			fovh = 25,
			hvaspect = 1.85,
			nearplane = 0.2,
			farplane = 5000
		}
	},

	{
		entity_name = "Zs/NPC/mFloor2/01/AC2/Camera",
		type = CAMERA,
		template_name = "",
		lt_grp = 0, srt_grp = 0, usr_flg = 0,
		flags = HIDDEN,
		spatialprops =
		{
			pos = { 4.331853, 1.677214, -3.977004 },
			orient = { { -0.086123,  0.000000, -0.996285 },
					   { -0.168381,  0.985614,  0.014556 },
					   {  0.981952,  0.169009, -0.084884 } }
		},
		cameraprops =
		{
			fovh = 30,
			hvaspect = 1.85,
			nearplane = 0.2,
			farplane = 5000
		}
	},

	{
		entity_name = "Zs/NPC/mFloor2/01/ACOH/Camera",
		type = CAMERA,
		template_name = "",
		lt_grp = 0, srt_grp = 0, usr_flg = 0,
		flags = HIDDEN,
		spatialprops =
		{
			pos = { 3.519399, 1.746935, -3.127552 },
			orient = { {  0.618422,  0.000000, -0.785846 },
					   { -0.140586,  0.983868, -0.110635 },
					   {  0.773168,  0.178898,  0.608446 } }
		},
		cameraprops =
		{
			fovh = 25,
			hvaspect = 1.85,
			nearplane = 0.2,
			farplane = 5000
		}
	},

	{
		entity_name = "Zs/NPC/mFloor2/01/TCI/Camera",
		type = CAMERA,
		template_name = "",
		lt_grp = 0, srt_grp = 0, usr_flg = 0,
		flags = HIDDEN,
		spatialprops =
		{
			pos = { 3.431682, 1.903228, -3.592137 },
			orient = { {  0.552873,  0.000000, -0.833265 },
					   { -0.512413,  0.788569, -0.339987 },
					   {  0.657087,  0.614946,  0.435979 } }
		},
		cameraprops =
		{
			fovh = 15,
			hvaspect = 1.85,
			nearplane = 0.2,
			farplane = 5000
		}
	},

	{
		entity_name = "Zs/NPC/mFloor2/01/PCS/Camera",
		type = CAMERA,
		template_name = "",
		lt_grp = 0, srt_grp = 0, usr_flg = 0,
		flags = HIDDEN,
		spatialprops =
		{
			pos = { 2.796443, 1.614689, -4.499416 },
			orient = { { -0.999999,  0.000000, -0.001325 },
					   { -0.000074,  0.998436,  0.055901 },
					   {  0.001322,  0.055901, -0.998435 } }
		},
		cameraprops =
		{
			fovh = 25,
			hvaspect = 1.85,
			nearplane = 0.2,
			farplane = 5000
		}
	},

	{
		entity_name = "Zs/NPC/mFloor2/01/ACU/Camera",
		type = CAMERA,
		template_name = "",
		lt_grp = 0, srt_grp = 0, usr_flg = 0,
		flags = HIDDEN,
		spatialprops =
		{
			pos = { 2.996697, 1.668712, -3.866749 },
			orient = { {  0.672799,  0.000000, -0.739825 },
					   { -0.024524,  0.999450, -0.022302 },
					   {  0.739419,  0.033148,  0.672429 } }
		},
		cameraprops =
		{
			fovh = 25,
			hvaspect = 1.85,
			nearplane = 0.2,
			farplane = 5000
		}
	},

	{
		entity_name = "Zs/NPC/mFloor2/01/PCO/Camera",
		type = CAMERA,
		template_name = "",
		lt_grp = 0, srt_grp = 0, usr_flg = 0,
		flags = HIDDEN,
		spatialprops =
		{
			pos = { 2.661459, 1.776642, -5.012702 },
			orient = { { -0.999501,  0.000000, -0.031587 },
					   { -0.006468,  0.978808,  0.204676 },
					   {  0.030917,  0.204778, -0.978320 } }
		},
		cameraprops =
		{
			fovh = 25,
			hvaspect = 1.85,
			nearplane = 0.2,
			farplane = 5000
		}
	},

	{
		entity_name = "Zs/NPC/mFloor2/01/WFC/Camera",
		type = CAMERA,
		template_name = "",
		lt_grp = 0, srt_grp = 0, usr_flg = 0,
		flags = HIDDEN,
		spatialprops =
		{
			pos = { 6.493293, 4.913697, -5.597197 },
			orient = { { -0.475275, -0.124011, -0.871054 },
					   { -0.545942,  0.817942,  0.181434 },
					   {  0.689971,  0.561776, -0.456450 } }
		},
		cameraprops =
		{
			fovh = 30,
			hvaspect = 1.85,
			nearplane = 0.2,
			farplane = 5000
		}
	},

	{
		entity_name = "Zs/NPC/mFloor2/01/PCU/Camera",
		type = CAMERA,
		template_name = "",
		lt_grp = 0, srt_grp = 0, usr_flg = 0,
		flags = HIDDEN,
		spatialprops =
		{
			pos = { 2.864488, 1.69836, -4.026784 },
			orient = { { -0.997385,  0.000000,  0.072277 },
					   {  0.004672,  0.997908,  0.064475 },
					   { -0.072125,  0.064644, -0.995299 } }
		},
		cameraprops =
		{
			fovh = 25,
			hvaspect = 1.85,
			nearplane = 0.2,
			farplane = 5000
		}
	},

	{
		entity_name = "Zs/NPC/mFloor2/01/PC2/Camera",
		type = CAMERA,
		template_name = "",
		lt_grp = 0, srt_grp = 0, usr_flg = 0,
		flags = HIDDEN,
		spatialprops =
		{
			pos = { 3.616995, 1.731246, -5.148823 },
			orient = { { -0.792263,  0.000000, -0.610180 },
					   { -0.127371,  0.977970,  0.165379 },
					   {  0.596738,  0.208743, -0.774810 } }
		},
		cameraprops =
		{
			fovh = 30,
			hvaspect = 1.85,
			nearplane = 0.2,
			farplane = 5000
		}
	},

	{
		entity_name = "Zs/NPC/mFloor2/01/P/Stand",
		type = MARKER,
		template_name = "",
		lt_grp = 0, srt_grp = 0, usr_flg = 0,
		spatialprops =
		{
			pos = { 3.140039, -0.0054, -2.797519 },
			orient = { {  0.985078,  0.000000, -0.172108 },
					   {  0.000000,  1.000000,  0.000000 },
					   {  0.172108,  0.000000,  0.985078 } }
		}
	},

	{
		entity_name = "Zs/NPC/mTable3/01/P2/Stand",
		type = MARKER,
		template_name = "",
		lt_grp = 0, srt_grp = 0, usr_flg = 0,
		spatialprops =
		{
			pos = { 3.647172, 0, -1.489886 },
			orient = { { -0.998236,  0.000000, -0.059376 },
					   {  0.000000,  1.000000,  0.000000 },
					   {  0.059376,  0.000000, -0.998236 } }
		}
	},

	{
		entity_name = "Zs/NPC/mTable3/01/P/Stand",
		type = MARKER,
		template_name = "",
		lt_grp = 0, srt_grp = 0, usr_flg = 0,
		spatialprops =
		{
			pos = { 3.637262, -0.0054, -2.003681 },
			orient = { { -0.998236,  0.000000, -0.059376 },
					   {  0.000000,  1.000000,  0.000000 },
					   {  0.059376,  0.000000, -0.998236 } }
		}
	},

	{
		entity_name = "Zs/NPC/mTable3/01/Prop",
		type = MARKER,
		template_name = "",
		lt_grp = 0, srt_grp = 0, usr_flg = 0,
		spatialprops =
		{
			pos = { 3.727833, 0.938144, -0.408428 },
			orient = { { -0.968831,  0.000000,  0.247723 },
					   {  0.000000,  1.000000,  0.000000 },
					   { -0.247723,  0.000000, -0.968831 } }
		}
	},

	{
		entity_name = "Zs/NPC/mTable3/02/Prop",
		type = MARKER,
		template_name = "",
		lt_grp = 0, srt_grp = 0, usr_flg = 0,
		spatialprops =
		{
			pos = { 0.547021, 0.81432, 2.802542 },
			orient = { { -0.982745,  0.000000,  0.184964 },
					   {  0.000000,  1.000000,  0.000000 },
					   { -0.184964,  0.000000, -0.982745 } }
		}
	},

	{
		entity_name = "Prop_Ashtray_3_01",
		type = COMPOUND,
		template_name = "Ashtray_3",
		lt_grp = 0, srt_grp = 0, usr_flg = 0,
		flags = LIT_DYNAMIC,
		spatialprops =
		{
			pos = { 0.174512, 1.195303, -0.480253 },
			orient = { { 1, 0, 0 }, { 0, 1, 0 }, { 0, 0, 1 } }
		},
		userprops =
		{
			category = "Prop",
			Priority = "Room_Prop_1",
		}
	},

	{
		entity_name = "Prop_Ashtray_3_02",
		type = COMPOUND,
		template_name = "Ashtray_3",
		lt_grp = 0, srt_grp = 0, usr_flg = 0,
		flags = LIT_DYNAMIC,
		spatialprops =
		{
			pos = { -1.888473, 1.2, -0.262727 },
			orient = { { 1, 0, 0 }, { 0, 1, 0 }, { 0, 0, 1 } }
		},
		userprops =
		{
			category = "Prop",
			Priority = "Room_Prop_1",
		}
	},

	{
		entity_name = "Prop_Bottle_1_02",
		type = COMPOUND,
		template_name = "Bottle_1",
		lt_grp = 0, srt_grp = 0, usr_flg = 0,
		flags = LIT_DYNAMIC,
		spatialprops =
		{
			pos = { -0.482272, 1.385624, -0.761023 },
			orient = { { 1, 0, 0 }, { 0, 1, 0 }, { 0, 0, 1 } }
		},
		userprops =
		{
			category = "Prop",
			Priority = "Room_Prop_1",
		}
	},

	{
		entity_name = "Prop_Bottle_1_01",
		type = COMPOUND,
		template_name = "Bottle_1",
		lt_grp = 0, srt_grp = 0, usr_flg = 0,
		flags = LIT_DYNAMIC,
		spatialprops =
		{
			pos = { -0.86102, 1.385624, -0.760848 },
			orient = { { 1, 0, 0 }, { 0, 1, 0 }, { 0, 0, 1 } }
		},
		userprops =
		{
			category = "Prop",
			Priority = "Room_Prop_1",
		}
	},

	{
		entity_name = "Prop_Bottle_2_03",
		type = COMPOUND,
		template_name = "Bottle_2",
		lt_grp = 0, srt_grp = 0, usr_flg = 0,
		flags = LIT_DYNAMIC,
		spatialprops =
		{
			pos = { -0.639333, 1.322037, -0.597118 },
			orient = { { 1, 0, 0 }, { 0, 1, 0 }, { 0, 0, 1 } }
		},
		userprops =
		{
			category = "Prop",
			Priority = "Room_Prop_1",
		}
	},

	{
		entity_name = "Prop_Bottle_2_04",
		type = COMPOUND,
		template_name = "Bottle_2",
		lt_grp = 0, srt_grp = 0, usr_flg = 0,
		flags = LIT_DYNAMIC,
		spatialprops =
		{
			pos = { -1.086383, 1.322037, -0.863054 },
			orient = { { 1, 0, 0 }, { 0, 1, 0 }, { 0, 0, 1 } }
		},
		userprops =
		{
			category = "Prop",
			Priority = "Room_Prop_1",
		}
	},

	{
		entity_name = "Prop_Bottle_3_05",
		type = COMPOUND,
		template_name = "Bottle_3",
		lt_grp = 0, srt_grp = 0, usr_flg = 0,
		flags = LIT_DYNAMIC,
		spatialprops =
		{
			pos = { -0.185438, 1.322, -0.811668 },
			orient = { { 1, 0, 0 }, { 0, 1, 0 }, { 0, 0, 1 } }
		},
		userprops =
		{
			category = "Prop",
			Priority = "Room_Prop_1",
		}
	},

	{
		entity_name = "Prop_Glass_1_01",
		type = COMPOUND,
		template_name = "Glass_1",
		lt_grp = 0, srt_grp = 0, usr_flg = 0,
		flags = LIT_DYNAMIC,
		spatialprops =
		{
			pos = { 0.404314, 0.876908, 2.382632 },
			orient = { { 1, 0, 0 }, { 0, 1, 0 }, { 0, 0, 1 } }
		},
		userprops =
		{
			category = "Prop",
			Priority = "Room_Prop_1",
		}
	},

	{
		entity_name = "Prop_Glass_1_02",
		type = COMPOUND,
		template_name = "Glass_1",
		lt_grp = 0, srt_grp = 0, usr_flg = 0,
		flags = LIT_DYNAMIC,
		spatialprops =
		{
			pos = { -0.273307, 1.25021, -0.736144 },
			orient = { { 1, 0, 0 }, { 0, 1, 0 }, { 0, 0, 1 } }
		},
		userprops =
		{
			category = "Prop",
			Priority = "Room_Prop_1",
		}
	},

	{
		entity_name = "Prop_Glass_1_03",
		type = COMPOUND,
		template_name = "Glass_1",
		lt_grp = 0, srt_grp = 0, usr_flg = 0,
		flags = LIT_DYNAMIC,
		spatialprops =
		{
			pos = { -1.410791, 1.25021, -0.050344 },
			orient = { { 1, 0, 0 }, { 0, 1, 0 }, { 0, 0, 1 } }
		},
		userprops =
		{
			category = "Prop",
			Priority = "Room_Prop_1",
		}
	},

	{
		entity_name = "Prop_Glass_2_04",
		type = COMPOUND,
		template_name = "Glass_2",
		lt_grp = 0, srt_grp = 0, usr_flg = 0,
		flags = LIT_DYNAMIC,
		spatialprops =
		{
			pos = { 0.708278, 1.228901, -0.874016 },
			orient = { { 1, 0, 0 }, { 0, 1, 0 }, { 0, 0, 1 } }
		},
		userprops =
		{
			category = "Prop",
			Priority = "Room_Prop_1",
		}
	},

	{
		entity_name = "Prop_Glass_2_05",
		type = COMPOUND,
		template_name = "Glass_2",
		lt_grp = 0, srt_grp = 0, usr_flg = 0,
		flags = LIT_DYNAMIC,
		spatialprops =
		{
			pos = { -0.126056, 1.238325, -0.279103 },
			orient = { { 1, 0, 0 }, { 0, 1, 0 }, { 0, 0, 1 } }
		},
		userprops =
		{
			category = "Prop",
			Priority = "Room_Prop_1",
		}
	},

	{
		entity_name = "Prop_TumblerTall_7_06",
		type = COMPOUND,
		template_name = "TumblerTall",
		lt_grp = 0, srt_grp = 0, usr_flg = 0,
		flags = LIT_DYNAMIC,
		spatialprops =
		{
			pos = { 0.526482, 1.290883, -0.723429 },
			orient = { { 1, 0, 0 }, { 0, 1, 0 }, { 0, 0, 1 } }
		},
		userprops =
		{
			category = "Prop",
			Priority = "Room_Prop_1",
		}
	},

	{
		entity_name = "Prop_ashtray_2_03",
		type = COMPOUND,
		template_name = "ashtray_2",
		lt_grp = 0, srt_grp = 0, usr_flg = 0,
		flags = LIT_DYNAMIC,
		spatialprops =
		{
			pos = { -3.581323, 1.199656, -0.763492 },
			orient = { { 1, 0, 0 }, { 0, 1, 0 }, { 0, 0, 1 } }
		},
		userprops =
		{
			category = "Prop",
			Priority = "Room_Prop_1",
		}
	},

	{
		entity_name = "Prop_Winebottle_10_06",
		type = COMPOUND,
		template_name = "Winebottle",
		lt_grp = 0, srt_grp = 0, usr_flg = 0,
		flags = LIT_DYNAMIC,
		spatialprops =
		{
			pos = { -1.143424, 1.375413, -0.70895 },
			orient = { { 1, 0, 0 }, { 0, 1, 0 }, { 0, 0, 1 } }
		},
		userprops =
		{
			category = "Prop",
			Priority = "Room_Prop_1",
		}
	},

	{
		entity_name = "Camera_News",
		type = CAMERA,
		template_name = "",
		lt_grp = 0, srt_grp = 0, usr_flg = 0,
		spatialprops =
		{
			pos = { -3.410959, 1.534801, -0.793659 },
			orient = { {  0.062549,  0.000000, -0.998042 },
					   { -0.019281,  0.999813, -0.001208 },
					   {  0.997856,  0.019319,  0.062538 } }
		},
		cameraprops =
		{
			fovh = 30,
			hvaspect = 1.333333,
			nearplane = 0.1,
			farplane = 100000
		}
	},

	{
		entity_name = "Zg/NPC/mFloor2/01/B/Stand",
		type = MARKER,
		template_name = "",
		lt_grp = 0, srt_grp = 0, usr_flg = 0,
		spatialprops =
		{
			pos = { 2.164558, 0, -3.524611 },
			orient = { {  0.097673,  0.000000,  0.995219 },
					   {  0.000000,  1.000000,  0.000000 },
					   { -0.995219,  0.000000,  0.097673 } }
		}
	},

	{
		entity_name = "LtGlareSource",
		type = LIGHT,
		template_name = "",
		lt_grp = 0, srt_grp = 0, usr_flg = 0,
		spatialprops =
		{
			pos = { 8.114428, 16.4271, 4.333539 },
			orient = { { 1, 0, 0 }, { 0, 1, 0 }, { 0, 0, 1 } }
		},
		lightprops =
		{
			on = N,
			color = { 255, 255, 255 },
			diffuse = { 0.164706, 0.164706, 0.164706 },
			specular = { 0, 0, 0 },
			ambient = { 0, 0, 0 },
			direction = { 0, 0, 1 },
			range = 2000,
			cutoff = 98.99998,
			type = L_POINT,
			theta = 90,
			atten = { 1, 0, 4e-006 }
		}
	},

	{
		entity_name = "LtShadowSource",
		type = LIGHT,
		template_name = "",
		lt_grp = 0, srt_grp = 0, usr_flg = 0,
		spatialprops =
		{
			pos = { 0, 0, 0 },
			orient = { {  1.000000,  0.000000,  0.000000 },
					   {  0.000000, -0.003878,  0.999992 },
					   {  0.000000, -0.999992, -0.003878 } }
		},
		lightprops =
		{
			on = N,
			color = { 255, 255, 255 },
			diffuse = { 0, 0, 0 },
			specular = { 0, 0, 0 },
			ambient = { 0, 0, 0 },
			direction = { 0, 0, 1 },
			range = 2000,
			cutoff = 98.99998,
			type = L_DIRECT,
			theta = 90,
			atten = { 1, 0, 4e-006 }
		}
	},

	{
		entity_name = "Camera_0",
		type = CAMERA,
		template_name = "",
		lt_grp = 0, srt_grp = 0, usr_flg = 0,
		spatialprops =
		{
			pos = { 8.114428, 6.427106, 4.333539 },
			orient = { {  0.348170,  0.000000, -0.937431 },
					   { -0.478896,  0.859664, -0.177866 },
					   {  0.805876,  0.510860,  0.299309 } }
		},
		cameraprops =
		{
			fovh = 35,
			hvaspect = 1.333333,
			nearplane = 0.1,
			farplane = 100000
		}
	},

	{
		entity_name = "Zg/NPC/rStool1/01/A/SitHigh",
		type = MARKER,
		template_name = "",
		lt_grp = 0, srt_grp = 0, usr_flg = 0,
		spatialprops =
		{
			pos = { 1.290118, 0, -0.367146 },
			orient = { {  0.562093,  0.000000, -0.827074 },
					   {  0.000000,  1.000000,  0.000000 },
					   {  0.827074,  0.000000,  0.562093 } }
		}
	},

	{
		entity_name = "Set_ku_01_bar_2",
		type = COMPOUND,
		template_name = "ku_01_bar",
		lt_grp = 0, srt_grp = 0, usr_flg = 0,
		flags = LIT_AMBIENT,
		spatialprops =
		{
			pos = { 0, 0, 0 },
			orient = { { 1, 0, 0 }, { 0, 1, 0 }, { 0, 0, 1 } }
		},
		userprops =
		{
			category = "Room",
		}
	},

	{
		entity_name = "Zg/NPC/rStool1/06/A/SitHigh",
		type = MARKER,
		template_name = "",
		lt_grp = 0, srt_grp = 0, usr_flg = 0,
		spatialprops =
		{
			pos = { -7.096914, 0, 4.079927 },
			orient = { {  0.704480,  0.000000, -0.709724 },
					   {  0.000000,  1.000000,  0.000000 },
					   {  0.709724,  0.000000,  0.704480 } }
		}
	},

	{
		entity_name = "Zg/NPC/rTable3/01/B/SitLow",
		type = MARKER,
		template_name = "",
		lt_grp = 0, srt_grp = 0, usr_flg = 0,
		spatialprops =
		{
			pos = { 3.193768, 0, 3.33268 },
			orient = { {  0.782149,  0.000000,  0.623092 },
					   {  0.000000,  1.000000,  0.000000 },
					   { -0.623092,  0.000000,  0.782149 } }
		}
	},

	{
		entity_name = "Zg/NPC/rTable3/01/C/SitLow",
		type = MARKER,
		template_name = "",
		lt_grp = 0, srt_grp = 0, usr_flg = 0,
		spatialprops =
		{
			pos = { 4.659135, 0, 3.304281 },
			orient = { {  0.683115,  0.000000, -0.730311 },
					   {  0.000000,  1.000000,  0.000000 },
					   {  0.730311,  0.000000,  0.683115 } }
		}
	},

	{
		entity_name = "Zg/NPC/mTable3/03/A/SitLow",
		type = MARKER,
		template_name = "",
		lt_grp = 0, srt_grp = 0, usr_flg = 0,
		spatialprops =
		{
			pos = { -2.231778, 0, 3.391275 },
			orient = { { -0.748629,  0.000000,  0.662989 },
					   {  0.000000,  1.000000,  0.000000 },
					   { -0.662989,  0.000000, -0.748629 } }
		}
	},

	{
		entity_name = "Zg/NPC/mTable3/03/B/SitLow",
		type = MARKER,
		template_name = "",
		lt_grp = 0, srt_grp = 0, usr_flg = 0,
		spatialprops =
		{
			pos = { -2.202996, 0, 4.937061 },
			orient = { {  0.742576,  0.000000,  0.669762 },
					   {  0.000000,  1.000000,  0.000000 },
					   { -0.669762,  0.000000,  0.742576 } }
		}
	},

	{
		entity_name = "Zg/NPC/mTable3/03/C/SitLow",
		type = MARKER,
		template_name = "",
		lt_grp = 0, srt_grp = 0, usr_flg = 0,
		spatialprops =
		{
			pos = { -0.793043, 0, 4.914055 },
			orient = { {  0.739762,  0.000000, -0.672868 },
					   {  0.000000,  1.000000,  0.000000 },
					   {  0.672868,  0.000000,  0.739762 } }
		}
	},

	{
		entity_name = "Zg/NPC/rTable3/02/B/SitLow",
		type = MARKER,
		template_name = "",
		lt_grp = 0, srt_grp = 0, usr_flg = 0,
		spatialprops =
		{
			pos = { 1.563432, 0, 4.930054 },
			orient = { { -0.684694,  0.000000, -0.728831 },
					   {  0.000000,  1.000000,  0.000000 },
					   {  0.728831,  0.000000, -0.684694 } }
		}
	},

	{
		entity_name = "Zg/NPC/rTable3/02/C/SitLow",
		type = MARKER,
		template_name = "",
		lt_grp = 0, srt_grp = 0, usr_flg = 0,
		spatialprops =
		{
			pos = { 1.603645, 0, 6.391611 },
			orient = { {  0.736202,  0.000000, -0.676762 },
					   {  0.000000,  1.000000,  0.000000 },
					   {  0.676762,  0.000000,  0.736202 } }
		}
	},

	{
		entity_name = "Zg/NPC/rTable3/02/A/SitLow",
		type = MARKER,
		template_name = "",
		lt_grp = 0, srt_grp = 0, usr_flg = 0,
		spatialprops =
		{
			pos = { 0.128257, 0, 4.907295 },
			orient = { { -0.765898,  0.000000,  0.642963 },
					   {  0.000000,  1.000000,  0.000000 },
					   { -0.642963,  0.000000, -0.765898 } }
		}
	},

	{
		entity_name = "Zg/NPC/mTable3/02/A/SitLow",
		type = MARKER,
		template_name = "",
		lt_grp = 0, srt_grp = 0, usr_flg = 0,
		spatialprops =
		{
			pos = { 0.121102, 0, 3.321372 },
			orient = { {  0.678558,  0.000000,  0.734547 },
					   {  0.000000,  1.000000,  0.000000 },
					   { -0.734547,  0.000000,  0.678558 } }
		}
	},

	{
		entity_name = "Zg/NPC/mTable3/02/B/SitLow",
		type = MARKER,
		template_name = "",
		lt_grp = 0, srt_grp = 0, usr_flg = 0,
		spatialprops =
		{
			pos = { 0.071943, 0, 1.866824 },
			orient = { { -0.701585,  0.000000,  0.712586 },
					   {  0.000000,  1.000000,  0.000000 },
					   { -0.712586,  0.000000, -0.701585 } }
		}
	},

	{
		entity_name = "Zg/NPC/mTable3/02/C/SitLow",
		type = MARKER,
		template_name = "",
		lt_grp = 0, srt_grp = 0, usr_flg = 0,
		spatialprops =
		{
			pos = { 1.596337, 0, 1.860868 },
			orient = { { -0.708126,  0.000000, -0.706086 },
					   {  0.000000,  1.000000,  0.000000 },
					   {  0.706086,  0.000000, -0.708126 } }
		}
	},

	{
		entity_name = "Zg/NPC/rTable3/03/A/SitLow",
		type = MARKER,
		template_name = "",
		lt_grp = 0, srt_grp = 0, usr_flg = 0,
		spatialprops =
		{
			pos = { -4.571304, 0, 1.848679 },
			orient = { { -0.708799,  0.000000,  0.705411 },
					   {  0.000000,  1.000000,  0.000000 },
					   { -0.705411,  0.000000, -0.708799 } }
		}
	},

	{
		entity_name = "Zg/NPC/rTable3/03/B/SitLow",
		type = MARKER,
		template_name = "",
		lt_grp = 0, srt_grp = 0, usr_flg = 0,
		spatialprops =
		{
			pos = { -4.536116, 0, 3.351828 },
			orient = { {  0.733482,  0.000000,  0.679709 },
					   {  0.000000,  1.000000,  0.000000 },
					   { -0.679709,  0.000000,  0.733482 } }
		}
	},

	{
		entity_name = "Zg/NPC/rTable3/03/C/SitLow",
		type = MARKER,
		template_name = "",
		lt_grp = 0, srt_grp = 0, usr_flg = 0,
		spatialprops =
		{
			pos = { -3.13555, 0, 1.815913 },
			orient = { { -0.742748,  0.000000, -0.669571 },
					   {  0.000000,  1.000000,  0.000000 },
					   {  0.669571,  0.000000, -0.742748 } }
		}
	},

	{
		entity_name = "Zg/NPC/rTable3/04/A/SitLow",
		type = MARKER,
		template_name = "",
		lt_grp = 0, srt_grp = 0, usr_flg = 0,
		spatialprops =
		{
			pos = { -7.851214, 0, 4.947048 },
			orient = { { -0.702321,  0.000000,  0.711860 },
					   {  0.000000,  1.000000,  0.000000 },
					   { -0.711860,  0.000000, -0.702321 } }
		}
	},

	{
		entity_name = "Zg/NPC/rTable3/04/B/SitLow",
		type = MARKER,
		template_name = "",
		lt_grp = 0, srt_grp = 0, usr_flg = 0,
		spatialprops =
		{
			pos = { -6.373314, 0, 4.951196 },
			orient = { { -0.732094,  0.000000, -0.681204 },
					   {  0.000000,  1.000000,  0.000000 },
					   {  0.681204,  0.000000, -0.732094 } }
		}
	},

	{
		entity_name = "Zg/NPC/rTable3/04/C/SitLow",
		type = MARKER,
		template_name = "",
		lt_grp = 0, srt_grp = 0, usr_flg = 0,
		spatialprops =
		{
			pos = { -7.832517, 0, 6.427701 },
			orient = { {  0.752836,  0.000000,  0.658208 },
					   {  0.000000,  1.000000,  0.000000 },
					   { -0.658208,  0.000000,  0.752836 } }
		}
	},

	{
		entity_name = "Zg/NPC/rFloor2/01/A/Stand",
		type = MARKER,
		template_name = "",
		lt_grp = 0, srt_grp = 0, usr_flg = 0,
		spatialprops =
		{
			pos = { -6.412466, 0, 0.246395 },
			orient = { { -0.896569,  0.000000,  0.442903 },
					   {  0.000000,  1.000000,  0.000000 },
					   { -0.442903,  0.000000, -0.896569 } }
		}
	},

	{
		entity_name = "Zg/NPC/rFloor2/01/B/Stand",
		type = MARKER,
		template_name = "",
		lt_grp = 0, srt_grp = 0, usr_flg = 0,
		spatialprops =
		{
			pos = { -6.19615, 0, 1.197394 },
			orient = { {  0.710900,  0.000000,  0.703293 },
					   {  0.000000,  1.000000,  0.000000 },
					   { -0.703293,  0.000000,  0.710900 } }
		}
	},

	{
		entity_name = "Zs/NPC/mTable3/03/AC2/Camera",
		type = CAMERA,
		template_name = "",
		lt_grp = 0, srt_grp = 0, usr_flg = 0,
		flags = HIDDEN,
		spatialprops =
		{
			pos = { -0.245982, 1.702196, 5.148243 },
			orient = { {  0.362104,  0.000000, -0.932138 },
					   { -0.198341,  0.977100, -0.077049 },
					   {  0.910792,  0.212781,  0.353812 } }
		},
		cameraprops =
		{
			fovh = 30,
			hvaspect = 1.85,
			nearplane = 0.2,
			farplane = 5000
		}
	},

	{
		entity_name = "Zs/NPC/mTable3/03/ACOH/Camera",
		type = CAMERA,
		template_name = "",
		lt_grp = 0, srt_grp = 0, usr_flg = 0,
		flags = HIDDEN,
		spatialprops =
		{
			pos = { -1.391418, 1.941381, 5.582956 },
			orient = { {  0.843968,  0.000000, -0.536394 },
					   { -0.223331,  0.909201, -0.351392 },
					   {  0.487690,  0.416357,  0.767336 } }
		},
		cameraprops =
		{
			fovh = 20,
			hvaspect = 1.85,
			nearplane = 0.2,
			farplane = 5000
		}
	},

	{
		entity_name = "Zs/NPC/mTable3/03/ACOL/Camera",
		type = CAMERA,
		template_name = "",
		lt_grp = 0, srt_grp = 0, usr_flg = 0,
		flags = HIDDEN,
		spatialprops =
		{
			pos = { -1.181137, 1.437147, 5.600056 },
			orient = { {  0.807858,  0.000000, -0.589378 },
					   { -0.110876,  0.982145, -0.151978 },
					   {  0.578854,  0.188125,  0.793434 } }
		},
		cameraprops =
		{
			fovh = 20,
			hvaspect = 1.85,
			nearplane = 0.2,
			farplane = 5000
		}
	},

	{
		entity_name = "Zs/NPC/mTable3/03/ACS/Camera",
		type = CAMERA,
		template_name = "",
		lt_grp = 0, srt_grp = 0, usr_flg = 0,
		flags = HIDDEN,
		spatialprops =
		{
			pos = { -1.643847, 1.334353, 4.826397 },
			orient = { {  0.866991,  0.000000, -0.498324 },
					   { -0.070741,  0.989873, -0.123076 },
					   {  0.493278,  0.141958,  0.858210 } }
		},
		cameraprops =
		{
			fovh = 20,
			hvaspect = 1.85,
			nearplane = 0.2,
			farplane = 5000
		}
	},

	{
		entity_name = "Zs/NPC/mTable3/03/ACU/Camera",
		type = CAMERA,
		template_name = "",
		lt_grp = 0, srt_grp = 0, usr_flg = 0,
		flags = HIDDEN,
		spatialprops =
		{
			pos = { -1.807195, 1.35863, 4.29504 },
			orient = { {  0.864131,  0.000000, -0.503266 },
					   { -0.080074,  0.987261, -0.137491 },
					   {  0.496855,  0.159109,  0.853123 } }
		},
		cameraprops =
		{
			fovh = 20,
			hvaspect = 1.85,
			nearplane = 0.2,
			farplane = 5000
		}
	},

	{
		entity_name = "Zs/NPC/mTable3/03/P/Stand",
		type = MARKER,
		template_name = "",
		lt_grp = 0, srt_grp = 0, usr_flg = 0,
		spatialprops =
		{
			pos = { -1.825818, -0.0054, 5.670325 },
			orient = { {  0.999473,  0.000000, -0.032463 },
					   {  0.000000,  1.000000,  0.000000 },
					   {  0.032463,  0.000000,  0.999473 } }
		}
	},

	{
		entity_name = "Zs/NPC/mTable3/03/P2/Stand",
		type = MARKER,
		template_name = "",
		lt_grp = 0, srt_grp = 0, usr_flg = 0,
		spatialprops =
		{
			pos = { -1.882827, 0, 5.159607 },
			orient = { {  0.999473,  0.000000, -0.032463 },
					   {  0.000000,  1.000000,  0.000000 },
					   {  0.032463,  0.000000,  0.999473 } }
		}
	},

	{
		entity_name = "Zs/NPC/mTable3/03/PC2/Camera",
		type = CAMERA,
