duration = 20.000;

entities =
{

	{
		entity_name = "Layer_LI_05_Bar_Ambi",
		type = SCENE,
		template_name = "",
		lt_grp = 0, srt_grp = 0, usr_flg = 0,
		spatialprops =
		{
			pos = { 0, 0, 0 },
			orient = { { 1, 0, 0 }, { 0, 1, 0 }, { 0, 0, 1 } }
		},
		up = Y_AXIS,
		front = Z_AXIS,
		ambient = { 128, 128, 128 }
	},

	{
		entity_name = "LtFlM01",
		type = LIGHT,
		template_name = "",
		lt_grp = 0, srt_grp = 0, usr_flg = 0,
		spatialprops =
		{
			pos = { 2.695804, 1.186705, -2.820603 },
			orient = { {  0.635026,  0.000000,  0.772491 },
					   {  0.000000,  1.000000,  0.000000 },
					   { -0.772491,  0.000000,  0.635026 } }
		},
		lightprops =
		{
			on = Y,
			color = { 205, 193, 156 },
			diffuse = { 0.803922, 0.756863, 0.611765 },
			specular = { 0, 0, 0 },
			ambient = { 0, 0, 0 },
			direction = { 0, 0, 1 },
			range = 10,
			cutoff = 180,
			type = L_POINT,
			theta = 180,
			atten = { 1, 0, 0.16 }
		}
	},

	{
		entity_name = "LtFlM02",
		type = LIGHT,
		template_name = "",
		lt_grp = 0, srt_grp = 0, usr_flg = 0,
		spatialprops =
		{
			pos = { 2.70933, 1.186, -0.192904 },
			orient = { { -0.999998,  0.000000,  0.001795 },
					   {  0.000000,  1.000000,  0.000000 },
					   { -0.001795,  0.000000, -0.999998 } }
		},
		lightprops =
		{
			on = Y,
			color = { 205, 193, 156 },
			diffuse = { 0.803922, 0.756863, 0.611765 },
			specular = { 0, 0, 0 },
			ambient = { 0, 0, 0 },
			direction = { 0, 0, 1 },
			range = 10,
			cutoff = 180,
			type = L_POINT,
			theta = 180,
			atten = { 1, 0, 0.16 }
		}
	},

	{
		entity_name = "LtFlM03",
		type = LIGHT,
		template_name = "",
		lt_grp = 0, srt_grp = 0, usr_flg = 0,
		spatialprops =
		{
			pos = { 2.675607, 1.186, 2.089122 },
			orient = { {  0.666212,  0.000000, -0.745762 },
					   {  0.000000,  1.000000,  0.000000 },
					   {  0.745762,  0.000000,  0.666212 } }
		},
		lightprops =
		{
			on = Y,
			color = { 205, 193, 156 },
			diffuse = { 0.803922, 0.756863, 0.611765 },
			specular = { 0, 0, 0 },
			ambient = { 0, 0, 0 },
			direction = { 0, 0, 1 },
			range = 10,
			cutoff = 180,
			type = L_POINT,
			theta = 180,
			atten = { 1, 0, 0.16 }
		}
	},

	{
		entity_name = "LtFlM04",
		type = LIGHT,
		template_name = "",
		lt_grp = 0, srt_grp = 0, usr_flg = 0,
		spatialprops =
		{
			pos = { 2.680678, 1.186, 4.628856 },
			orient = { {  0.666212,  0.000000, -0.745762 },
					   {  0.000000,  1.000000,  0.000000 },
					   {  0.745762,  0.000000,  0.666212 } }
		},
		lightprops =
		{
			on = Y,
			color = { 205, 193, 156 },
			diffuse = { 0.803922, 0.756863, 0.611765 },
			specular = { 0, 0, 0 },
			ambient = { 0, 0, 0 },
			direction = { 0, 0, 1 },
			range = 10,
			cutoff = 180,
			type = L_POINT,
			theta = 180,
			atten = { 1, 0, 0.16 }
		}
	},

	{
		entity_name = "LtPtBluFlr05",
		type = LIGHT,
		template_name = "",
		lt_grp = 0, srt_grp = 0, usr_flg = 0,
		spatialprops =
		{
			pos = { -4.055615, 2.523631, 8.845632 },
			orient = { {  0.666212,  0.000000, -0.745762 },
					   {  0.000000,  1.000000,  0.000000 },
					   {  0.745762,  0.000000,  0.666212 } }
		},
		lightprops =
		{
			on = Y,
			color = { 119, 226, 249 },
			diffuse = { 0.466667, 0.886275, 0.976471 },
			specular = { 0, 0, 0 },
			ambient = { 0, 0, 0 },
			direction = { 0, 0, 1 },
			range = 16,
			cutoff = 180,
			type = L_POINT,
			theta = 180,
			atten = { 1, 0, 0.0625 }
		}
	},

	{
		entity_name = "LtTbM01",
		type = LIGHT,
		template_name = "",
		lt_grp = 0, srt_grp = 0, usr_flg = 0,
		spatialprops =
		{
			pos = { 6.161928, 1.034107, -0.390007 },
			orient = { {  0.635026,  0.000000,  0.772491 },
					   {  0.000000,  1.000000,  0.000000 },
					   { -0.772491,  0.000000,  0.635026 } }
		},
		lightprops =
		{
			on = Y,
			color = { 205, 193, 156 },
			diffuse = { 0.803922, 0.756863, 0.611765 },
			specular = { 0, 0, 0 },
			ambient = { 0, 0, 0 },
			direction = { 0, 0, 1 },
			range = 4,
			cutoff = 180,
			type = L_POINT,
			theta = 180,
			atten = { 1, 0, 1 }
		}
	},

	{
		entity_name = "LtTbM02",
		type = LIGHT,
		template_name = "",
		lt_grp = 0, srt_grp = 0, usr_flg = 0,
		spatialprops =
		{
			pos = { 5.459629, 1.600982, 4.672988 },
			orient = { {  0.635026,  0.000000,  0.772491 },
					   {  0.000000,  1.000000,  0.000000 },
					   { -0.772491,  0.000000,  0.635026 } }
		},
		lightprops =
		{
			on = Y,
			color = { 205, 193, 156 },
			diffuse = { 0.803922, 0.756863, 0.611765 },
			specular = { 0, 0, 0 },
			ambient = { 0, 0, 0 },
			direction = { 0, 0, 1 },
			range = 4,
			cutoff = 180,
			type = L_POINT,
			theta = 180,
			atten = { 1, 0, 1 }
		}
	},

	{
		entity_name = "LtInfBlu01",
		type = LIGHT,
		template_name = "",
		lt_grp = 0, srt_grp = 0, usr_flg = 0,
		spatialprops =
		{
			pos = { 0, 0, 0 },
			orient = { { -0.777336, -0.075376,  0.624554 },
					   { -0.312737,  0.907728, -0.279689 },
					   { -0.545843, -0.412734, -0.729182 } }
		},
		lightprops =
		{
			on = Y,
			color = { 111, 181, 215 },
			diffuse = { 0.435294, 0.709804, 0.843137 },
			specular = { 0, 0, 0 },
			ambient = { 0, 0, 0 },
			direction = { 0, 0, 1 },
			range = 2000,
			cutoff = 120,
			type = L_DIRECT,
			theta = 144,
			atten = { 1, 0, 4e-006 }
		}
	},

	{
		entity_name = "LtInfPnk01",
		type = LIGHT,
		template_name = "",
		lt_grp = 0, srt_grp = 0, usr_flg = 0,
		spatialprops =
		{
			pos = { 0, 0, 0 },
			orient = { { -0.862270,  0.347014,  0.368878 },
					   { -0.501776, -0.684074, -0.529399 },
					   {  0.068631, -0.641580,  0.763980 } }
		},
		lightprops =
		{
			on = Y,
			color = { 221, 174, 200 },
			diffuse = { 0.866667, 0.682353, 0.784314 },
			specular = { 0, 0, 0 },
			ambient = { 0, 0, 0 },
			direction = { 0, 0, 1 },
			range = 2000,
			cutoff = 120,
			type = L_DIRECT,
			theta = 144,
			atten = { 1, 0, 4e-006 }
		}
	}
};

events =
{
};
