duration = 24.562;

entities =
{

	{
		entity_name = "Layer_li_02_Equip_hardpoint",
		type = SCENE,
		template_name = "",
		lt_grp = 0, srt_grp = 0, usr_flg = 0,
		spatialprops =
		{
			pos = { 0, 0, 0 },
			orient = { { 1, 0, 0 }, { 0, 1, 0 }, { 0, 0, 1 } }
		},
		up = Y_AXIS,
		front = Z_AXIS,
		ambient = { 127, 127, 127 }
	},

	{
		entity_name = "Zs/NPC/Equipment/01/AC2/Camera",
		type = CAMERA,
		template_name = "",
		lt_grp = 0, srt_grp = 0, usr_flg = 0,
		flags = HIDDEN,
		spatialprops =
		{
			pos = { 24.72822, 1.67978, -40.34479 },
			orient = { { -0.669298,  0.000000, -0.742994 },
					   { -0.137744,  0.982665,  0.124081 },
					   {  0.730114,  0.185390, -0.657696 } }
		},
		cameraprops =
		{
			fovh = 30,
			hvaspect = 1.85,
			nearplane = 0.2,
			farplane = 5000
		}
	},

	{
		entity_name = "Zs/NPC/Equipment/01/ACOH/Camera",
		type = CAMERA,
		template_name = "",
		lt_grp = 0, srt_grp = 0, usr_flg = 0,
		flags = HIDDEN,
		spatialprops =
		{
			pos = { 23.48343, 1.749132, -40.2496 },
			orient = { { -0.994573,  0.000000, -0.104044 },
					   { -0.019026,  0.983139,  0.181869 },
					   {  0.102289,  0.182862, -0.977803 } }
		},
		cameraprops =
		{
			fovh = 25,
			hvaspect = 1.85,
			nearplane = 0.2,
			farplane = 5000
		}
	},

	{
		entity_name = "Zs/NPC/Equipment/01/ACS/Camera",
		type = CAMERA,
		template_name = "",
		lt_grp = 0, srt_grp = 0, usr_flg = 0,
		flags = HIDDEN,
		spatialprops =
		{
			pos = { 23.61566, 1.598744, -39.87971 },
			orient = { { -0.994939,  0.000000, -0.100479 },
					   { -0.004136,  0.999153,  0.040953 },
					   {  0.100393,  0.041161, -0.994096 } }
		},
		cameraprops =
		{
			fovh = 25,
			hvaspect = 1.85,
			nearplane = 0.2,
			farplane = 5000
		}
	},

	{
		entity_name = "Zs/NPC/Equipment/01/P/Stand",
		type = MARKER,
		template_name = "",
		lt_grp = 0, srt_grp = 0, usr_flg = 0,
		spatialprops =
		{
			pos = { 22.92331, -0.0054, -40.13229 },
			orient = { { -0.828305,  0.000000,  0.560277 },
					   {  0.000000,  1.000000,  0.000000 },
					   { -0.560277,  0.000000, -0.828305 } }
		}
	},

	{
		entity_name = "Zs/NPC/Equipment/01/P2/Stand",
		type = MARKER,
		template_name = "",
		lt_grp = 0, srt_grp = 0, usr_flg = 0,
		spatialprops =
		{
			pos = { 23.2438, 0, -39.73059 },
			orient = { { -0.828305,  0.000000,  0.560277 },
					   {  0.000000,  1.000000,  0.000000 },
					   { -0.560277,  0.000000, -0.828305 } }
		}
	},

	{
		entity_name = "Zs/NPC/Equipment/01/PC2/Camera",
		type = CAMERA,
		template_name = "",
		lt_grp = 0, srt_grp = 0, usr_flg = 0,
		flags = HIDDEN,
		spatialprops =
		{
			pos = { 25.00497, 1.757932, -38.73471 },
			orient = { {  0.177784,  0.000000, -0.984070 },
					   { -0.216879,  0.975412, -0.039182 },
					   {  0.959873,  0.220390,  0.173412 } }
		},
		cameraprops =
		{
			fovh = 30,
			hvaspect = 1.85,
			nearplane = 0.2,
			farplane = 5000
		}
	},

	{
		entity_name = "Zs/NPC/Equipment/01/PCO/Camera",
		type = CAMERA,
		template_name = "",
		lt_grp = 0, srt_grp = 0, usr_flg = 0,
		flags = HIDDEN,
		spatialprops =
		{
			pos = { 24.19142, 1.77887, -38.28644 },
			orient = { {  0.703603,  0.000000, -0.710593 },
					   { -0.147175,  0.978317, -0.145727 },
					   {  0.695185,  0.207115,  0.688347 } }
		},
		cameraprops =
		{
			fovh = 25,
			hvaspect = 1.85,
			nearplane = 0.2,
			farplane = 5000
		}
	},

	{
		entity_name = "Zs/NPC/Equipment/01/PCS/Camera",
		type = CAMERA,
		template_name = "",
		lt_grp = 0, srt_grp = 0, usr_flg = 0,
		flags = HIDDEN,
		spatialprops =
		{
			pos = { 24.1805, 1.631425, -38.58879 },
			orient = { {  0.653136,  0.000000, -0.757240 },
					   { -0.066920,  0.996087, -0.057720 },
					   {  0.754278,  0.088374,  0.650581 } }
		},
		cameraprops =
		{
			fovh = 25,
			hvaspect = 1.85,
			nearplane = 0.2,
			farplane = 5000
		}
	},

	{
		entity_name = "X/Shipcentre/01",
		type = MARKER,
		template_name = "",
		lt_grp = 0, srt_grp = 0, usr_flg = 0,
		spatialprops =
		{
			pos = { 8.02051, 0, -29.99767 },
			orient = { {  0.046609,  0.000000,  0.998913 },
					   {  0.000000,  1.000000,  0.000000 },
					   { -0.998913,  0.000000,  0.046609 } }
		}
	},

	{
		entity_name = "Zs/NPC/equipment/01/A/Stand",
		type = MARKER,
		template_name = "",
		lt_grp = 0, srt_grp = 0, usr_flg = 0,
		spatialprops =
		{
			pos = { 23.72001, 0, -38.49301 },
			orient = { {  0.994024,  0.000000,  0.109163 },
					   {  0.000000,  1.000000,  0.000000 },
					   { -0.109163,  0.000000,  0.994024 } }
		}
	},

	{
		entity_name = "Zg/PC/Player/01/A/Stand",
		type = MARKER,
		template_name = "",
		lt_grp = 0, srt_grp = 0, usr_flg = 0,
		spatialprops =
		{
			pos = { 22.9342, 0, -39.59411 },
			orient = { { -0.620459,  0.000000,  0.784239 },
					   {  0.000000,  1.000000,  0.000000 },
					   { -0.784239,  0.000000, -0.620459 } }
		}
	},

	{
		entity_name = "Set_li_02_equipment",
		type = COMPOUND,
		template_name = "li_02_equipment",
		lt_grp = 0, srt_grp = 0, usr_flg = 0,
		flags = LIT_AMBIENT,
		spatialprops =
		{
			pos = { 0, 0, 0 },
			orient = { { 1, 0, 0 }, { 0, 1, 0 }, { 0, 0, 1 } }
		},
		userprops =
		{
			category = "Room",
		}
	},

	{
		entity_name = "Cart_Mk_Engine_Stop",
		type = MARKER,
		template_name = "",
		lt_grp = 0, srt_grp = 0, usr_flg = 0,
		spatialprops =
		{
			pos = { 12.84386, 0.77, -20.61819 },
			orient = { {  0.814312,  0.000000,  0.580427 },
					   {  0.000000,  1.000000,  0.000000 },
					   { -0.580427,  0.000000,  0.814312 } }
		}
	},

	{
		entity_name = "Cart_Mk_ShieldThrust_Stop",
		type = MARKER,
		template_name = "",
		lt_grp = 0, srt_grp = 0, usr_flg = 0,
		spatialprops =
		{
			pos = { 17.39521, 0.92, -38.09412 },
			orient = { { -0.803793,  0.000000,  0.594909 },
					   {  0.000000,  1.000000,  0.000000 },
					   { -0.594909,  0.000000, -0.803793 } }
		}
	},

	{
		entity_name = "Cart_Mk_Gun_Stop",
		type = MARKER,
		template_name = "",
		lt_grp = 0, srt_grp = 0, usr_flg = 0,
		spatialprops =
		{
			pos = { 10.59202, 0.58, -41.05776 },
			orient = { { -0.976547,  0.000000,  0.215305 },
					   {  0.000000,  1.000000,  0.000000 },
					   { -0.215305,  0.000000, -0.976547 } }
		}
	},

	{
		entity_name = "Camera_Track_1",
		type = CAMERA,
		template_name = "",
		lt_grp = 0, srt_grp = 0, usr_flg = 0,
		spatialprops =
		{
			pos = { 24.1472, 16.5, -47.14838 },
			orient = { { -0.790375,  0.000000, -0.612624 },
					   { -0.104582,  0.985321,  0.134926 },
					   {  0.603631,  0.170711, -0.778773 } }
		},
		cameraprops =
		{
			fovh = 40,
			hvaspect = 1.333333,
			nearplane = 0.5,
			farplane = 500
		}
	},

	{
		entity_name = "Zg/NPC/mFloor2/01/A/Stand",
		type = MARKER,
		template_name = "",
		lt_grp = 0, srt_grp = 0, usr_flg = 0,
		spatialprops =
		{
			pos = { 22.64394, 0, -26.12677 },
			orient = { {  0.754564,  0.000000, -0.656226 },
					   {  0.000000,  1.000000,  0.000000 },
					   {  0.656226,  0.000000,  0.754564 } }
		}
	},

	{
		entity_name = "Zg/NPC/mFloor2/01/B/Stand",
		type = MARKER,
		template_name = "",
		lt_grp = 0, srt_grp = 0, usr_flg = 0,
		spatialprops =
		{
			pos = { 21.42244, 0, -26.27734 },
			orient = { {  0.138356,  0.000000,  0.990383 },
					   {  0.000000,  1.000000,  0.000000 },
					   { -0.990383,  0.000000,  0.138356 } }
		}
	},

	{
		entity_name = "Zg/NPC/mFloor2/02/A/Stand",
		type = MARKER,
		template_name = "",
		lt_grp = 0, srt_grp = 0, usr_flg = 0,
		spatialprops =
		{
			pos = { 21.16918, 0, -30.89794 },
			orient = { {  0.925797,  0.000000, -0.378022 },
					   {  0.000000,  1.000000,  0.000000 },
					   {  0.378022,  0.000000,  0.925797 } }
		}
	},

	{
		entity_name = "Zg/NPC/mFloor2/02/B/Stand",
		type = MARKER,
		template_name = "",
		lt_grp = 0, srt_grp = 0, usr_flg = 0,
		spatialprops =
		{
			pos = { 20.38402, 0, -31.65074 },
			orient = { { -0.245218,  0.000000,  0.969468 },
					   {  0.000000,  1.000000,  0.000000 },
					   { -0.969468,  0.000000, -0.245218 } }
		}
	},

	{
		entity_name = "Zs/NPC/mFloor2/01/AC2/Camera",
		type = CAMERA,
		template_name = "",
		lt_grp = 0, srt_grp = 0, usr_flg = 0,
		flags = HIDDEN,
		spatialprops =
		{
			pos = { 21.89239, 1.662832, -27.92468 },
			orient = { { -0.996730,  0.000000,  0.080802 },
					   {  0.013638,  0.985653,  0.168230 },
					   { -0.079643,  0.168782, -0.982431 } }
		},
		cameraprops =
		{
			fovh = 30,
			hvaspect = 1.85,
			nearplane = 0.2,
			farplane = 5000
		}
	},

	{
		entity_name = "Zs/NPC/mFloor2/01/ACOH/Camera",
		type = CAMERA,
		template_name = "",
		lt_grp = 0, srt_grp = 0, usr_flg = 0,
		flags = HIDDEN,
		spatialprops =
		{
			pos = { 21.28841, 1.726871, -27.0534 },
			orient = { { -0.732337,  0.000000,  0.680943 },
					   {  0.109134,  0.987073,  0.117371 },
					   { -0.672140,  0.160270, -0.722870 } }
		},
		cameraprops =
		{
			fovh = 25,
			hvaspect = 1.85,
			nearplane = 0.2,
			farplane = 5000
		}
	},

	{
		entity_name = "Zs/NPC/mFloor2/01/ACS/Camera",
		type = CAMERA,
		template_name = "",
		lt_grp = 0, srt_grp = 0, usr_flg = 0,
		flags = HIDDEN,
		spatialprops =
		{
			pos = { 21.78509, 1.640069, -26.81712 },
			orient = { { -0.746482,  0.000000,  0.665406 },
					   {  0.034801,  0.998631,  0.039041 },
					   { -0.664495,  0.052301, -0.745460 } }
		},
		cameraprops =
		{
			fovh = 25,
			hvaspect = 1.85,
			nearplane = 0.2,
			farplane = 5000
		}
	},

	{
		entity_name = "Zs/NPC/mFloor2/01/ACU/Camera",
		type = CAMERA,
		template_name = "",
		lt_grp = 0, srt_grp = 0, usr_flg = 0,
		flags = HIDDEN,
		spatialprops =
		{
			pos = { 22.02866, 1.681733, -26.64072 },
			orient = { { -0.737663,  0.000000,  0.675169 },
					   {  0.028175,  0.999129,  0.030782 },
					   { -0.674581,  0.041730, -0.737020 } }
		},
		cameraprops =
		{
			fovh = 25,
			hvaspect = 1.85,
			nearplane = 0.2,
			farplane = 5000
		}
	},

	{
		entity_name = "Zs/NPC/mFloor2/01/PC2/Camera",
		type = CAMERA,
		template_name = "",
		lt_grp = 0, srt_grp = 0, usr_flg = 0,
		flags = HIDDEN,
		spatialprops =
		{
			pos = { 23.28006, 1.708071, -27.1579 },
			orient = { { -0.600700,  0.000000, -0.799474 },
					   { -0.146597,  0.983045,  0.110148 },
					   {  0.785919,  0.183366, -0.590515 } }
		},
		cameraprops =
		{
			fovh = 30,
			hvaspect = 1.85,
			nearplane = 0.2,
			farplane = 5000
		}
	},

	{
		entity_name = "Zs/NPC/mFloor2/01/PCO/Camera",
		type = CAMERA,
		template_name = "",
		lt_grp = 0, srt_grp = 0, usr_flg = 0,
		flags = HIDDEN,
		spatialprops =
		{
			pos = { 23.19961, 1.739221, -26.38159 },
			orient = { { -0.069818,  0.000000, -0.997560 },
					   { -0.177923,  0.983966,  0.012453 },
					   {  0.981565,  0.178358, -0.068699 } }
		},
		cameraprops =
		{
			fovh = 25,
			hvaspect = 1.85,
			nearplane = 0.2,
			farplane = 5000
		}
	},

	{
		entity_name = "Zs/NPC/mFloor2/01/PCS/Camera",
		type = CAMERA,
		template_name = "",
		lt_grp = 0, srt_grp = 0, usr_flg = 0,
		flags = HIDDEN,
		spatialprops =
		{
			pos = { 22.71955, 1.651416, -26.48187 },
			orient = { { -0.050809,  0.000000, -0.998708 },
					   { -0.085021,  0.996370,  0.004325 },
					   {  0.995083,  0.085131, -0.050625 } }
		},
		cameraprops =
		{
			fovh = 25,
			hvaspect = 1.85,
			nearplane = 0.2,
			farplane = 5000
		}
	},

	{
		entity_name = "Zs/NPC/mFloor2/01/PCU/Camera",
		type = CAMERA,
		template_name = "",
		lt_grp = 0, srt_grp = 0, usr_flg = 0,
		flags = HIDDEN,
		spatialprops =
		{
			pos = { 22.26395, 1.697943, -26.56268 },
			orient = { { -0.046218,  0.000000, -0.998931 },
					   { -0.063131,  0.998001,  0.002921 },
					   {  0.996935,  0.063198, -0.046125 } }
		},
		cameraprops =
		{
			fovh = 25,
			hvaspect = 1.85,
			nearplane = 0.2,
			farplane = 5000
		}
	},

	{
		entity_name = "Zs/NPC/mFloor2/01/TCI/Camera",
		type = CAMERA,
		template_name = "",
		lt_grp = 0, srt_grp = 0, usr_flg = 0,
		flags = HIDDEN,
		spatialprops =
		{
			pos = { 21.64048, 2.189141, -27.16621 },
			orient = { { -0.794000,  0.000000,  0.607918 },
					   {  0.439467,  0.690948,  0.573986 },
					   { -0.420040,  0.722904, -0.548613 } }
		},
		cameraprops =
		{
			fovh = 15,
			hvaspect = 1.85,
			nearplane = 0.2,
			farplane = 5000
		}
	},

	{
		entity_name = "Zs/NPC/mFloor2/01/WFC/Camera",
		type = CAMERA,
		template_name = "",
		lt_grp = 0, srt_grp = 0, usr_flg = 0,
		flags = HIDDEN,
		spatialprops =
		{
			pos = { 37.75472, 32.67833, -63.29709 },
			orient = { { -0.886540,  0.000000, -0.462651 },
					   { -0.291543,  0.776467,  0.558660 },
					   {  0.359234,  0.630157, -0.688370 } }
		},
		cameraprops =
		{
			fovh = 30,
			hvaspect = 1.85,
			nearplane = 0.2,
			farplane = 5000
		}
	},

	{
		entity_name = "Zs/NPC/mFloor2/02/AC2/Camera",
		type = CAMERA,
		template_name = "",
		lt_grp = 0, srt_grp = 0, usr_flg = 0,
		flags = HIDDEN,
		spatialprops =
		{
			pos = { 21.73806, 1.698487, -32.70229 },
			orient = { { -0.808478,  0.000000, -0.588526 },
					   { -0.109455,  0.982553,  0.150362 },
					   {  0.578259,  0.185982, -0.794373 } }
		},
		cameraprops =
		{
			fovh = 30,
			hvaspect = 1.85,
			nearplane = 0.2,
			farplane = 5000
		}
	},

	{
		entity_name = "Zs/NPC/mFloor2/02/ACOH/Camera",
		type = CAMERA,
		template_name = "",
		lt_grp = 0, srt_grp = 0, usr_flg = 0,
		flags = HIDDEN,
		spatialprops =
		{
			pos = { 20.66098, 1.739653, -32.43997 },
			orient = { { -0.996183,  0.000000,  0.087289 },
					   {  0.014777,  0.985566,  0.168642 },
					   { -0.086029,  0.169289, -0.981805 } }
		},
		cameraprops =
		{
			fovh = 25,
			hvaspect = 1.85,
			nearplane = 0.2,
			farplane = 5000
		}
	},

	{
		entity_name = "Zs/NPC/mFloor2/02/ACS/Camera",
		type = CAMERA,
		template_name = "",
		lt_grp = 0, srt_grp = 0, usr_flg = 0,
		flags = HIDDEN,
		spatialprops =
		{
			pos = { 20.84842, 1.678473, -32.03186 },
			orient = { { -0.995680,  0.000000,  0.092851 },
					   {  0.008905,  0.995391,  0.095490 },
					   { -0.092423,  0.095905, -0.991090 } }
		},
		cameraprops =
		{
			fovh = 25,
			hvaspect = 1.85,
			nearplane = 0.2,
			farplane = 5000
		}
	},

	{
		entity_name = "Zs/NPC/mFloor2/02/ACU/Camera",
		type = CAMERA,
		template_name = "",
		lt_grp = 0, srt_grp = 0, usr_flg = 0,
		flags = HIDDEN,
		spatialprops =
		{
			pos = { 20.95303, 1.688714, -31.69048 },
			orient = { { -0.990621,  0.000000,  0.136640 },
					   {  0.007489,  0.998497,  0.054293 },
					   { -0.136435,  0.054807, -0.989132 } }
		},
		cameraprops =
		{
			fovh = 25,
			hvaspect = 1.85,
			nearplane = 0.2,
			farplane = 5000
		}
	},

	{
		entity_name = "Zs/NPC/mFloor2/02/PC2/Camera",
		type = CAMERA,
		template_name = "",
		lt_grp = 0, srt_grp = 0, usr_flg = 0,
		flags = HIDDEN,
		spatialprops =
		{
			pos = { 22.2818, 1.74765, -31.32197 },
			orient = { {  0.007761,  0.000000, -0.999970 },
					   { -0.209063,  0.977901, -0.001623 },
					   {  0.977871,  0.209069,  0.007589 } }
		},
		cameraprops =
		{
			fovh = 30,
			hvaspect = 1.85,
			nearplane = 0.2,
			farplane = 5000
		}
	},

	{
		entity_name = "Zs/NPC/mFloor2/02/PCO/Camera",
		type = CAMERA,
		template_name = "",
		lt_grp = 0, srt_grp = 0, usr_flg = 0,
		flags = HIDDEN,
		spatialprops =
		{
			pos = { 21.70322, 1.743704, -30.78438 },
			orient = { {  0.546416,  0.000000, -0.837514 },
					   { -0.145722,  0.984747, -0.095073 },
					   {  0.824739,  0.173994,  0.538082 } }
		},
		cameraprops =
		{
			fovh = 25,
			hvaspect = 1.85,
			nearplane = 0.2,
			farplane = 5000
		}
	},

	{
		entity_name = "Zs/NPC/mFloor2/02/PCS/Camera",
		type = CAMERA,
		template_name = "",
		lt_grp = 0, srt_grp = 0, usr_flg = 0,
		flags = HIDDEN,
		spatialprops =
		{
			pos = { 21.44547, 1.655514, -31.06474 },
			orient = { {  0.576750,  0.000000, -0.816920 },
					   { -0.076626,  0.995591, -0.054098 },
					   {  0.813319,  0.093799,  0.574208 } }
		},
		cameraprops =
		{
			fovh = 25,
			hvaspect = 1.85,
			nearplane = 0.2,
			farplane = 5000
		}
	},

	{
		entity_name = "Zs/NPC/mFloor2/02/PCU/Camera",
		type = CAMERA,
		template_name = "",
		lt_grp = 0, srt_grp = 0, usr_flg = 0,
		flags = HIDDEN,
		spatialprops =
		{
			pos = { 21.08524, 1.681059, -31.4452 },
			orient = { {  0.577222,  0.000000, -0.816587 },
					   { -0.030268,  0.999313, -0.021396 },
					   {  0.816026,  0.037067,  0.576826 } }
		},
		cameraprops =
		{
			fovh = 25,
			hvaspect = 1.85,
			nearplane = 0.2,
			farplane = 5000
		}
	},

	{
		entity_name = "Zs/NPC/mFloor2/02/TCI/Camera",
		type = CAMERA,
		template_name = "",
		lt_grp = 0, srt_grp = 0, usr_flg = 0,
		flags = HIDDEN,
		spatialprops =
		{
			pos = { 20.89346, 2.293287, -32.35082 },
			orient = { { -0.997053,  0.000000,  0.076717 },
					   {  0.056440,  0.677316,  0.733525 },
					   { -0.051962,  0.735693, -0.675319 } }
		},
		cameraprops =
		{
			fovh = 15,
			hvaspect = 1.85,
			nearplane = 0.2,
			farplane = 5000
		}
	},

	{
		entity_name = "Zs/NPC/mFloor2/02/WFC/Camera",
		type = CAMERA,
		template_name = "",
		lt_grp = 0, srt_grp = 0, usr_flg = 0,
		flags = HIDDEN,
		spatialprops =
		{
			pos = { 31.68549, 11.0161, -41.05987 },
			orient = { { -0.686915,  0.221435, -0.692181 },
					   { -0.148504,  0.889583,  0.431959 },
					   {  0.711403,  0.399511, -0.578184 } }
		},
		cameraprops =
		{
			fovh = 30,
			hvaspect = 1.85,
			nearplane = 0.2,
			farplane = 5000
		}
	},

	{
		entity_name = "Zs/NPC/mFloor2/01/P/Stand",
		type = MARKER,
		template_name = "",
		lt_grp = 0, srt_grp = 0, usr_flg = 0,
		spatialprops =
		{
			pos = { 20.99243, -0.0054, -26.73616 },
			orient = { { -0.295941,  0.000000,  0.955206 },
					   {  0.000000,  1.000000,  0.000000 },
					   { -0.955206,  0.000000, -0.295941 } }
		}
	},

	{
		entity_name = "Zs/NPC/mFloor2/01/P2/Stand",
		type = MARKER,
		template_name = "",
		lt_grp = 0, srt_grp = 0, usr_flg = 0,
		spatialprops =
		{
			pos = { 21.49374, 0, -26.62314 },
			orient = { { -0.295941,  0.000000,  0.955206 },
					   {  0.000000,  1.000000,  0.000000 },
					   { -0.955206,  0.000000, -0.295941 } }
		}
	},

	{
		entity_name = "Zs/NPC/mFloor2/02/P2/Stand",
		type = MARKER,
		template_name = "",
		lt_grp = 0, srt_grp = 0, usr_flg = 0,
		spatialprops =
		{
			pos = { 20.54042, -0.001, -31.94841 },
			orient = { { -0.796797,  0.000000,  0.604247 },
					   {  0.000000,  1.000000,  0.000000 },
					   { -0.604247,  0.000000, -0.796797 } }
		}
	},

	{
		entity_name = "Zs/NPC/mFloor2/02/P/Stand",
		type = MARKER,
		template_name = "",
		lt_grp = 0, srt_grp = 0, usr_flg = 0,
		spatialprops =
		{
			pos = { 20.19867, -0.0064, -32.3322 },
			orient = { { -0.796797,  0.000000,  0.604247 },
					   {  0.000000,  1.000000,  0.000000 },
					   { -0.604247,  0.000000, -0.796797 } }
		}
	},

	{
		entity_name = "Camera_Track_2",
		type = CAMERA,
		template_name = "",
		lt_grp = 0, srt_grp = 0, usr_flg = 0,
		spatialprops =
		{
			pos = { 28.13553, 16.5, -21.58234 },
			orient = { {  0.499471,  0.000000, -0.866330 },
					   { -0.249810,  0.957524, -0.144025 },
					   {  0.829532,  0.288355,  0.478256 } }
		},
		cameraprops =
		{
			fovh = 40,
			hvaspect = 1.333333,
			nearplane = 0.5,
			farplane = 500
		}
	},

	{
		entity_name = "Camera_0",
		type = CAMERA,
		template_name = "",
		lt_grp = 0, srt_grp = 0, usr_flg = 0,
		spatialprops =
		{
			pos = { 28.615, 1.806144, -43.06108 },
			orient = { { -0.701439,  0.000000, -0.712729 },
					   {  0.060521,  0.996388, -0.059562 },
					   {  0.710155, -0.084915, -0.698906 } }
		},
		cameraprops =
		{
			fovh = 30,
			hvaspect = 1.333333,
			nearplane = 0.5,
			farplane = 500
		}
	},

	{
		entity_name = "LtGlareSource",
		type = LIGHT,
		template_name = "",
		lt_grp = 0, srt_grp = 0, usr_flg = 0,
		spatialprops =
		{
			pos = { 26.51358, 4.015223, -41.57446 },
			orient = { { 1, 0, 0 }, { 0, 1, 0 }, { 0, 0, 1 } }
		},
		lightprops =
		{
			on = N,
			color = { 255, 255, 255 },
			diffuse = { 1, 1, 1 },
			specular = { 0, 0, 0 },
			ambient = { 0, 0, 0 },
			direction = { 0, 0, 1 },
			range = 2000,
			cutoff = 98.99998,
			type = L_POINT,
			theta = 90,
			atten = { 1, 0, 4e-006 }
		}
	},

	{
		entity_name = "LtShadowSource",
		type = LIGHT,
		template_name = "",
		lt_grp = 0, srt_grp = 0, usr_flg = 0,
		spatialprops =
		{
			pos = { 8.439395, 0, 0.321506 },
			orient = { {  1.000000,  0.000000,  0.000000 },
					   {  0.000000,  0.007639,  0.999971 },
					   {  0.000000, -0.999971,  0.007639 } }
		},
		lightprops =
		{
			on = N,
			color = { 255, 255, 255 },
			diffuse = { 0, 0, 0 },
			specular = { 0, 0, 0 },
			ambient = { 0, 0, 0 },
			direction = { 0, 0, 1 },
			range = 2000,
			cutoff = 98.99998,
			type = L_DIRECT,
			theta = 90,
			atten = { 1, 0, 4e-006 }
		}
	}
};

events =
{
	{
		0.000, START_FOG_PROP_ANIM, { "Layer_li_02_Equip_hardpoint" },
		{
			duration = 0.100,
			fogprops =
			{
				fogon = Y,
				fogtable = N,
				fogcolor = { 48, 80, 80 },
				fogmode = F_LINEAR,
				fogstart = -10,
				fogend = 400,
				fogdensity = 0.0001
			}
		}
	}
};
