duration = 900.000;

entities =
{

	{
		entity_name = "Layer_li_01_Ambi_Day",
		type = SCENE,
		template_name = "",
		lt_grp = 0, srt_grp = 0, usr_flg = 0,
		spatialprops =
		{
			pos = { 0, 0, 0 },
			orient = { { 1, 0, 0 }, { 0, 1, 0 }, { 0, 0, 1 } }
		},
		up = Y_AXIS,
		front = Z_AXIS,
		ambient = { 251, 227, 245 }
	},

	{
		entity_name = "LtCity_Orng",
		type = LIGHT,
		template_name = "",
		lt_grp = 0, srt_grp = 0, usr_flg = 0,
		flags = HIDDEN,
		spatialprops =
		{
			pos = { -6609.746, 1932.211, 2670.094 },
			orient = { {  0.411438,  0.000000,  0.911438 },
					   {  0.239439,  0.964876, -0.108086 },
					   { -0.879425,  0.262704,  0.396986 } }
		},
		lightprops =
		{
			on = Y,
			color = { 255, 248, 223 },
			diffuse = { 1, 0.796079, 0.082353 },
			specular = { 0, 0, 0 },
			ambient = { 0.121569, 0.121569, 0.129412 },
			direction = { 0, 0, -1 },
			range = 10000,
			cutoff = 30,
			type = L_SPOT,
			theta = 30,
			atten = { 1, 0, 0 }
		}
	},

	{
		entity_name = "Marker_SpinCloud_000",
		type = MARKER,
		template_name = "",
		lt_grp = 0, srt_grp = 0, usr_flg = 0,
		spatialprops =
		{
			pos = { 0, 0, 0 },
			orient = { { 1, 0, 0 }, { 0, 1, 0 }, { 0, 0, 1 } }
		}
	},

	{
		entity_name = "Marker_SpinCloud_120",
		type = MARKER,
		template_name = "",
		lt_grp = 0, srt_grp = 0, usr_flg = 0,
		spatialprops =
		{
			pos = { 0, 0, 0 },
			orient = { { -0.499008,  0.000000,  0.866597 },
					   {  0.000000,  1.000000,  0.000000 },
					   { -0.866597,  0.000000, -0.499008 } }
		}
	},

	{
		entity_name = "Marker_SpinCloud_240",
		type = MARKER,
		template_name = "",
		lt_grp = 0, srt_grp = 0, usr_flg = 0,
		spatialprops =
		{
			pos = { 0, 0, 0 },
			orient = { { -0.511440,  0.000000, -0.859319 },
					   {  0.000000,  1.000000,  0.000000 },
					   {  0.859319,  0.000000, -0.511440 } }
		}
	},

	{
		entity_name = "LtCity_1oc_LvdrSky",
		type = LIGHT,
		template_name = "",
		lt_grp = 0, srt_grp = 0, usr_flg = 0,
		flags = HIDDEN,
		spatialprops =
		{
			pos = { 6541.281, 1503.297, -5760.787 },
			orient = { { -0.498211,  0.000000, -0.867056 },
					   { -0.127465,  0.989135,  0.073242 },
					   {  0.857635,  0.147009, -0.492798 } }
		},
		lightprops =
		{
			on = N,
			color = { 255, 236, 170 },
			diffuse = { 0.882353, 0.839216, 1 },
			specular = { 0, 0, 0 },
			ambient = { 0, 0, 0 },
			direction = { 0, 0, -1 },
			range = 100000,
			cutoff = 30,
			type = L_SPOT,
			theta = 30,
			atten = { 1, 0, 0 }
		}
	},

	{
		entity_name = "skydome_sky_blue_1",
		type = COMPOUND,
		template_name = "skydome_sky_blue",
		lt_grp = 0, srt_grp = 0, usr_flg = 0,
		flags = LIT_AMBIENT,
		spatialprops =
		{
			pos = { 0, 0, 2000 },
			orient = { { 1, 0, 0 }, { 0, 1, 0 }, { 0, 0, 1 } }
		},
		userprops =
		{
			category = "Prop",
			nofog = "Y",
		}
	},

	{
		entity_name = "skydome_clouds_thin_3",
		type = COMPOUND,
		template_name = "skydome_clouds_thin",
		lt_grp = 0, srt_grp = 0, usr_flg = 0,
		flags = LIT_AMBIENT,
		spatialprops =
		{
			pos = { 0, 500, 2000 },
			orient = { { 1, 0, 0 }, { 0, 1, 0 }, { 0, 0, 1 } }
		},
		userprops =
		{
			category = "Prop",
			NoFog = "Y",
		}
	},

	{
		entity_name = "LtCity_4oc_LvdrSky",
		type = LIGHT,
		template_name = "",
		lt_grp = 0, srt_grp = 0, usr_flg = 0,
		spatialprops =
		{
			pos = { 5851.605, 1503.297, 2962.24 },
			orient = { {  0.526925,  0.000000, -0.849912 },
					   { -0.138936,  0.986548, -0.086137 },
					   {  0.838479,  0.163472,  0.519837 } }
		},
		lightprops =
		{
			on = Y,
			color = { 255, 236, 170 },
			diffuse = { 0.501961, 0.439216, 0.560784 },
			specular = { 0, 0, 0 },
			ambient = { 0.356863, 0.309804, 0.501961 },
			direction = { 0, 0, -1 },
			range = 9000,
			cutoff = 30,
			type = L_SPOT,
			theta = 30,
			atten = { 1, 0, 0 }
		}
	},

	{
		entity_name = "LtSkyLine",
		type = LIGHT,
		template_name = "",
		lt_grp = 0, srt_grp = 0, usr_flg = 0,
		spatialprops =
		{
			pos = { 68.43373, 491.6037, -2556.644 },
			orient = { {  0.993554,  0.000000,  0.113359 },
					   {  0.017144,  0.988498, -0.150262 },
					   { -0.112055,  0.151237,  0.982126 } }
		},
		lightprops =
		{
			on = Y,
			color = { 255, 255, 255 },
			diffuse = { 1, 0.956863, 0.968628 },
			specular = { 0, 0, 0 },
			ambient = { 0, 0, 0 },
			direction = { 0, 0, -1 },
			range = 10000,
			cutoff = 150,
			type = L_SPOT,
			theta = 150,
			atten = { 1, 0, 0 }
		}
	},

	{
		entity_name = "LtMountains1",
		type = LIGHT,
		template_name = "",
		lt_grp = 0, srt_grp = 0, usr_flg = 0,
		spatialprops =
		{
			pos = { 4.254402, 440.3847, -4832.191 },
			orient = { {  0.997113,  0.000000,  0.075927 },
					   {  0.001612,  0.999775, -0.021175 },
					   { -0.075910,  0.021236,  0.996889 } }
		},
		lightprops =
		{
			on = Y,
			color = { 255, 255, 255 },
			diffuse = { 1, 1, 1 },
			specular = { 0, 0, 0 },
			ambient = { 0, 0, 0 },
			direction = { 0, 0, -1 },
			range = 10000,
			cutoff = 150,
			type = L_SPOT,
			theta = 140,
			atten = { 1, 0, 0 }
		}
	},

	{
		entity_name = "LtMountains2",
		type = LIGHT,
		template_name = "",
		lt_grp = 0, srt_grp = 0, usr_flg = 0,
		spatialprops =
		{
			pos = { 4.254402, 440.3847, -4832.191 },
			orient = { {  0.997113,  0.000000,  0.075927 },
					   {  0.001612,  0.999775, -0.021175 },
					   { -0.075910,  0.021236,  0.996889 } }
		},
		lightprops =
		{
			on = Y,
			color = { 255, 255, 255 },
			diffuse = { 1, 1, 1 },
			specular = { 0, 0, 0 },
			ambient = { 0, 0, 0 },
			direction = { 0, 0, -1 },
			range = 75000,
			cutoff = 150,
			type = L_SPOT,
			theta = 140,
			atten = { 1, 0, 0 }
		}
	},

	{
		entity_name = "LtCity_1oc_LvdrSky_Cam",
		type = CAMERA,
		template_name = "",
		lt_grp = 0, srt_grp = 0, usr_flg = 0,
		spatialprops =
		{
			pos = { 6013.402, 1503.297, -7376.932 },
			orient = { { -0.718209,  0.000000, -0.695827 },
					   { -0.132177,  0.981793,  0.136428 },
					   {  0.683158,  0.189956, -0.705132 } }
		},
		cameraprops =
		{
			fovh = 15,
			hvaspect = 1,
			nearplane = 0.1,
			farplane = 10000
		}
	},

	{
		entity_name = "LtCity_4oc_LvdrSky_Cam",
		type = CAMERA,
		template_name = "",
		lt_grp = 0, srt_grp = 0, usr_flg = 0,
		spatialprops =
		{
			pos = { -6505.166, 1736.014, -158.2572 },
			orient = { {  0.112340,  0.000000,  0.993670 },
					   {  0.266186,  0.963452, -0.030094 },
					   { -0.957353,  0.267882,  0.108234 } }
		},
		cameraprops =
		{
			fovh = 15,
			hvaspect = 1,
			nearplane = 0.1,
			farplane = 9000
		}
	},

	{
		entity_name = "LtCity_Orng_Cam",
		type = CAMERA,
		template_name = "",
		lt_grp = 0, srt_grp = 0, usr_flg = 0,
		spatialprops =
		{
			pos = { 5963.811, 1425.065, 2608.644 },
			orient = { {  0.591482,  0.000000, -0.806318 },
					   { -0.137611,  0.985329, -0.100946 },
					   {  0.794489,  0.170666,  0.582804 } }
		},
		cameraprops =
		{
			fovh = 15,
			hvaspect = 1,
			nearplane = 0.1,
			farplane = 10000
		}
	},

	{
		entity_name = "LtSkyLine_Cam",
		type = CAMERA,
		template_name = "",
		lt_grp = 0, srt_grp = 0, usr_flg = 0,
		spatialprops =
		{
			pos = { 78.63207, 725.1993, -2339.062 },
			orient = { {  0.993554,  0.000000,  0.113359 },
					   {  0.017144,  0.988498, -0.150262 },
					   { -0.112055,  0.151237,  0.982126 } }
		},
		cameraprops =
		{
			fovh = 60,
			hvaspect = 1,
			nearplane = 0.1,
			farplane = 3000
		}
	},

	{
		entity_name = "LtMountains1_Cam",
		type = CAMERA,
		template_name = "",
		lt_grp = 0, srt_grp = 0, usr_flg = 0,
		spatialprops =
		{
			pos = { 1517.826, 648.7509, -4721.367 },
			orient = { {  0.997113,  0.000000,  0.075927 },
					   {  0.001612,  0.999775, -0.021175 },
					   { -0.075910,  0.021236,  0.996889 } }
		},
		cameraprops =
		{
			fovh = 60,
			hvaspect = 1,
			nearplane = 0.1,
			farplane = 10000
		}
	},

	{
		entity_name = "LtMountains2_Cam",
		type = CAMERA,
		template_name = "",
		lt_grp = 0, srt_grp = 0, usr_flg = 0,
		spatialprops =
		{
			pos = { -1040.489, 673.3346, -4916.701 },
			orient = { {  0.997113,  0.000000,  0.075927 },
					   {  0.001612,  0.999775, -0.021175 },
					   { -0.075910,  0.021236,  0.996889 } }
		},
		cameraprops =
		{
			fovh = 60,
			hvaspect = 1,
			nearplane = 0.1,
			farplane = 10000
		}
	},

	{
		entity_name = "skydome_clouds_snow_1",
		type = COMPOUND,
		template_name = "skydome_clouds_snow",
		lt_grp = 0, srt_grp = 0, usr_flg = 0,
		flags = LIT_DYNAMIC + LIT_AMBIENT,
		spatialprops =
		{
			pos = { 0, 0, 0 },
			orient = { { 1, 0, 0 }, { 0, 1, 0 }, { 0, 0, 1 } }
		},
		userprops =
		{
			category = "Prop",
			nofog = "Y",
		}
	},

	{
		entity_name = "gf_rtc_shipcushion_1",
		type = PSYS,
		template_name = "gf_rtc_shipcushion",
		lt_grp = 0, srt_grp = 0, usr_flg = 0,
		flags = LIT_DYNAMIC + LIT_AMBIENT,
		spatialprops =
		{
			pos = { 0, 0, 0 },
			orient = { { 1, 0, 0 }, { 0, 1, 0 }, { 0, 0, 1 } }
		},
		psysprops =
		{
			sparam = 0
		}
	},

	{
		entity_name = "Marker_Shipcushion",
		type = MARKER,
		template_name = "",
		lt_grp = 0, srt_grp = 0, usr_flg = 0,
		spatialprops =
		{
			pos = { 57.19823, 0.01599, -64.13699 },
			orient = { { -0.987940,  0.000000,  0.154836 },
					   {  0.000000,  1.000000,  0.000000 },
					   { -0.154836,  0.000000, -0.987940 } }
		}
	},

	{
		entity_name = "Set_li_01_SkyLine_copy_1",
		type = COMPOUND,
		template_name = "li_01_cityscape_bg",
		lt_grp = 0, srt_grp = 0, usr_flg = 0,
		flags = LIT_DYNAMIC + LIT_AMBIENT,
		spatialprops =
		{
			pos = { 3416.542, 838.4272, -1060.456 },
			orient = { { -0.001507,  0.009427,  0.999954 },
					   { -0.001702,  0.999954, -0.009429 },
					   { -0.999997, -0.001717, -0.001491 } }
		},
		userprops =
		{
			category = "Prop",
		}
	},

	{
		entity_name = "Set_li_01_SkyLine_copy_1_copy_1",
		type = COMPOUND,
		template_name = "li_01_cityscape_bg",
		lt_grp = 0, srt_grp = 0, usr_flg = 0,
		flags = LIT_DYNAMIC + LIT_AMBIENT,
		spatialprops =
		{
			pos = { -1877.482, 829.3401, -1793.487 },
			orient = { { -0.123713, -0.009567, -0.992272 },
					   { -0.001702,  0.999954, -0.009429 },
					   {  0.992317,  0.000523, -0.123723 } }
		},
		userprops =
		{
			category = "Prop",
		}
	}
};

events =
{
	{
		0.000, START_FOG_PROP_ANIM, { "Layer_li_01_Ambi_Day" },
		{
			duration = 0.100,
			fogprops =
			{
				fogon = Y,
				fogtable = N,
				fogcolor = { 159, 121, 96 },
				fogmode = F_LINEAR,
				fogstart = -1000,
				fogend = 10000,
				fogdensity = 0
			}
		}
	},

	{
		0.000, START_PSYS, { "gf_rtc_shipcushion_1" },
		{
			duration = 900.000
		}
	},

	{
		0.000, START_SPATIAL_PROP_ANIM, { "skydome_clouds_thin_3", "Marker_SpinCloud_240" },
		{
			duration = 150.000,
			target_part = "",
			target_type = ROOT,
			spatialprops =
			{
				q_orient = { -0.51144, 0, -0.859319, 0 }
			}
		}
	},

	{
		0.000, ATTACH_ENTITY, { "LtMountains2", "LtMountains2_Cam" },
		{
			duration = 1000.000,
			offset = { 0, 0, 0 },
			up = Y_AXIS,
			front = NEG_Z_AXIS,
			target_part = "",
			target_type = ROOT,
			flags = POSITION + ORIENTATION
		}
	},

	{
		0.000, ATTACH_ENTITY, { "LtMountains1", "LtMountains1_Cam" },
		{
			duration = 1000.000,
			offset = { 0, 0, 0 },
			up = Y_AXIS,
			front = NEG_Z_AXIS,
			target_part = "",
			target_type = ROOT,
			flags = POSITION + ORIENTATION
		}
	},

	{
		0.000, ATTACH_ENTITY, { "LtCity_Orng", "LtCity_Orng_Cam" },
		{
			duration = 1000.000,
			offset = { 0, 0, 0 },
			up = Y_AXIS,
			front = NEG_Z_AXIS,
			target_part = "",
			target_type = ROOT,
			flags = POSITION + ORIENTATION
		}
	},

	{
		0.000, ATTACH_ENTITY, { "LtCity_4oc_LvdrSky", "LtCity_4oc_LvdrSky_Cam" },
		{
			duration = 1000.000,
			offset = { 0, 0, 0 },
			up = Y_AXIS,
			front = NEG_Z_AXIS,
			target_part = "",
			target_type = ROOT,
			flags = POSITION + ORIENTATION
		}
	},

	{
		0.000, ATTACH_ENTITY, { "LtCity_1oc_LvdrSky", "LtCity_1oc_LvdrSky_Cam" },
		{
			duration = 1000.000,
			offset = { 0, 0, 0 },
			up = Y_AXIS,
			front = NEG_Z_AXIS,
			target_part = "",
			target_type = ROOT,
			flags = POSITION + ORIENTATION
		}
	},

	{
		0.000, ATTACH_ENTITY, { "LtSkyLine", "LtSkyLine_Cam" },
		{
			duration = 1000.000,
			offset = { 0, 0, 0 },
			up = Y_AXIS,
			front = NEG_Z_AXIS,
			target_part = "",
			target_type = ROOT,
			flags = POSITION + ORIENTATION
		}
	},

	{
		0.000, START_SPATIAL_PROP_ANIM, { "skydome_clouds_snow_1", "Marker_SpinCloud_120" },
		{
			duration = 300.000,
			target_part = "",
			target_type = ROOT,
			spatialprops =
			{
				pos = { 0, 0, 0 },
				q_orient = { -0.499008, 0, 0.866598, 0 }
			}
		}
	},

	{
		0.000, ATTACH_ENTITY, { "gf_rtc_shipcushion_1", "Marker_Shipcushion" },
		{
			duration = 900.000,
			offset = { 0, 0, 0 },
			up = Y_AXIS,
			front = NEG_Z_AXIS,
			target_part = "",
			target_type = ROOT,
			flags = POSITION + ORIENTATION
		}
	},

	{
		150.000, START_SPATIAL_PROP_ANIM, { "skydome_clouds_thin_3", "Marker_SpinCloud_120" },
		{
			duration = 150.000,
			target_part = "",
			target_type = ROOT,
			spatialprops =
			{
				q_orient = { -0.435235, 0, 0.900317, 0 }
			}
		}
	},

	{
		300.000, START_SPATIAL_PROP_ANIM, { "skydome_clouds_thin_3", "Marker_SpinCloud_000" },
		{
			duration = 150.000,
			target_part = "",
			target_type = ROOT,
			spatialprops =
			{
				q_orient = { 1, 0, 0, 0 }
			}
		}
	},

	{
		300.000, START_SPATIAL_PROP_ANIM, { "skydome_clouds_snow_1", "Marker_SpinCloud_240" },
		{
			duration = 300.000,
			target_part = "",
			target_type = ROOT,
			spatialprops =
			{
				pos = { 0, 0, 0 },
				q_orient = { -0.980365, 0, -0.197193, 0 }
			}
		}
	},

	{
		450.000, START_SPATIAL_PROP_ANIM, { "skydome_clouds_thin_3", "Marker_SpinCloud_240" },
		{
			duration = 150.000,
			target_part = "",
			target_type = ROOT,
			spatialprops =
			{
				q_orient = { 0.990597, 0, 0.136809, 0 }
			}
		}
	},

	{
		600.000, START_SPATIAL_PROP_ANIM, { "skydome_clouds_thin_3", "Marker_SpinCloud_120" },
		{
			duration = 150.000,
			target_part = "",
			target_type = ROOT,
			spatialprops =
			{
				q_orient = { -0.796652, 0, -0.604439, 0 }
			}
		}
	},

	{
		600.000, START_SPATIAL_PROP_ANIM, { "skydome_clouds_snow_1", "Marker_SpinCloud_000" },
		{
			duration = 300.000,
			target_part = "",
			target_type = ROOT,
			spatialprops =
			{
				pos = { 0, 0, 0 },
				q_orient = { 1, 0, 0, 0 }
			}
		}
	},

	{
		750.000, START_SPATIAL_PROP_ANIM, { "skydome_clouds_thin_3", "Marker_SpinCloud_000" },
		{
			duration = 150.000,
			target_part = "",
			target_type = ROOT,
			spatialprops =
			{
				q_orient = { 1, 0, 0, 0 }
			}
		}
	}
};
