duration = 300.000;

entities =
{

	{
		entity_name = "LtInfYel01",
		type = LIGHT,
		template_name = "",
		lt_grp = 0, srt_grp = 0, usr_flg = 0,
		flags = HIDDEN,
		spatialprops =
		{
			pos = { 11.60061, 7.429193, -16.07044 },
			orient = { {  0.527724,  0.258523, -0.809119 },
					   { -0.254544,  0.956914,  0.139727 },
					   {  0.810380,  0.132219,  0.570792 } }
		},
		lightprops =
		{
			on = Y,
			color = { 175, 80, 16 },
			diffuse = { 0.54902, 0.513726, 0.301961 },
			specular = { 0, 0, 0 },
			ambient = { 0, 0, 0 },
			direction = { 0, 0, 1 },
			range = 2000,
			cutoff = 90,
			type = L_DIRECT,
			theta = 90,
			atten = { 1, 0, 4e-006 }
		}
	},

	{
		entity_name = "Layer_Li_09_Bar_ambi_int",
		type = SCENE,
		template_name = "",
		lt_grp = 0, srt_grp = 0, usr_flg = 0,
		spatialprops =
		{
			pos = { 0, 0, 0 },
			orient = { { 1, 0, 0 }, { 0, 1, 0 }, { 0, 0, 1 } }
		},
		up = Y_AXIS,
		front = Z_AXIS,
		ambient = { 64, 128, 128 }
	},

	{
		entity_name = "LtInfBlu01",
		type = LIGHT,
		template_name = "",
		lt_grp = 0, srt_grp = 0, usr_flg = 0,
		flags = HIDDEN,
		spatialprops =
		{
			pos = { -15.85581, 0, 1.607595 },
			orient = { {  0.565696,  0.000000,  0.824614 },
					   { -0.239878,  0.956754,  0.164559 },
					   { -0.788953, -0.290897,  0.541232 } }
		},
		lightprops =
		{
			on = Y,
			color = { 147, 123, 153 },
			diffuse = { 0.521569, 0.580392, 0.678431 },
			specular = { 0, 0, 0 },
			ambient = { 0, 0, 0 },
			direction = { 0, 0, 1 },
			range = 2000,
			cutoff = 90,
			type = L_DIRECT,
			theta = 90,
			atten = { 1, 0, 4e-006 }
		}
	},

	{
		entity_name = "window_li_01_10_1",
		type = COMPOUND,
		template_name = "window_li_01_10",
		lt_grp = 0, srt_grp = 0, usr_flg = 0,
		flags = LIT_DYNAMIC + LIT_AMBIENT,
		spatialprops =
		{
			pos = { 27.17185, 26.54997, -65.74778 },
			orient = { {  0.739701, -0.007296,  0.672896 },
					   { -0.006951,  0.999805,  0.018482 },
					   { -0.672900, -0.018348,  0.739506 } }
		},
		userprops =
		{
			category = "Prop",
		}
	},

	{
		entity_name = "window_li_01_04_2",
		type = COMPOUND,
		template_name = "window_li_01_04",
		lt_grp = 0, srt_grp = 0, usr_flg = 0,
		flags = LIT_DYNAMIC + LIT_AMBIENT,
		spatialprops =
		{
			pos = { 22.31497, 15.56827, 95.11503 },
			orient = { {  0.044476,  0.995693, -0.081342 },
					   {  0.477676, -0.092707, -0.873631 },
					   { -0.877410,  0.000000, -0.479742 } }
		},
		userprops =
		{
			category = "Prop",
		}
	},

	{
		entity_name = "window_li_01_14_3",
		type = COMPOUND,
		template_name = "window_li_01_14",
		lt_grp = 0, srt_grp = 0, usr_flg = 0,
		flags = LIT_DYNAMIC + LIT_AMBIENT,
		spatialprops =
		{
			pos = { 39.5064, 8.437357, 6.638897 },
			orient = { {  0.003994, -0.007296,  0.999965 },
					   { -0.018319,  0.999805,  0.007368 },
					   { -0.999824, -0.018348,  0.003859 } }
		},
		userprops =
		{
			category = "Prop",
		}
	},

	{
		entity_name = "window_li_01_10_4",
		type = COMPOUND,
		template_name = "window_li_01_10",
		lt_grp = 0, srt_grp = 0, usr_flg = 0,
		flags = LIT_DYNAMIC + LIT_AMBIENT,
		spatialprops =
		{
			pos = { 0, -18.10557, 0.626614 },
			orient = { {  1.000000,  0.000000,  0.000000 },
					   {  0.000000,  0.008339, -0.999965 },
					   {  0.000000,  0.999965,  0.008339 } }
		},
		userprops =
		{
			category = "Prop",
		}
	}
};

events =
{
	{
		0.000, START_FOG_PROP_ANIM, { "Layer_Li_09_Bar_ambi_int" },
		{
			duration = 0.100,
			fogprops =
			{
				fogon = Y,
				fogtable = N,
				fogcolor = { 61, 31, 31 },
				fogmode = F_LINEAR,
				fogstart = -50,
				fogend = 300,
				fogdensity = 0.0001
			}
		}
	}
};
