duration = 299.997;

entities =
{

	{
		entity_name = "Layer_li_04_Shipdlr_Ambi",
		type = SCENE,
		template_name = "",
		lt_grp = 0, srt_grp = 0, usr_flg = 0,
		spatialprops =
		{
			pos = { 0, 0, 0 },
			orient = { { 1, 0, 0 }, { 0, 1, 0 }, { 0, 0, 1 } }
		},
		up = Y_AXIS,
		front = Z_AXIS,
		ambient = { 184, 188, 184 }
	},

	{
		entity_name = "gf_rtc_shipcushion_1",
		type = PSYS,
		template_name = "gf_rtc_shipcushion",
		lt_grp = 0, srt_grp = 0, usr_flg = 0,
		flags = LIT_DYNAMIC + LIT_AMBIENT,
		spatialprops =
		{
			pos = { 14.58822, 4.451698, 5.530665 },
			orient = { { -0.838724,  0.000000, -0.544556 },
					   {  0.000000,  1.000000,  0.000000 },
					   {  0.544556,  0.000000, -0.838724 } }
		},
		psysprops =
		{
			sparam = 0
		}
	},

	{
		entity_name = "X/Shipcentre/01",
		type = MARKER,
		template_name = "",
		lt_grp = 0, srt_grp = 0, usr_flg = 0,
		flags = REFERENCE,
		spatialprops =
		{
			pos = { -57.64737, 0.039344, -8.193686 },
			orient = { { -0.507222,  0.000000,  0.861816 },
					   {  0.000000,  1.000000,  0.000000 },
					   { -0.861816,  0.000000, -0.507222 } }
		}
	},

	{
		entity_name = "Marker_Shipcushion",
		type = MARKER,
		template_name = "",
		lt_grp = 0, srt_grp = 0, usr_flg = 0,
		spatialprops =
		{
			pos = { -57.64737, 0.039344, -8.193686 },
			orient = { { -0.507222,  0.000000,  0.861816 },
					   {  0.000000,  1.000000,  0.000000 },
					   { -0.861816,  0.000000, -0.507222 } }
		}
	},

	{
		entity_name = "LtInfCoral",
		type = LIGHT,
		template_name = "",
		lt_grp = 0, srt_grp = 0, usr_flg = 0,
		spatialprops =
		{
			pos = { 0, 0, 0 },
			orient = { { -0.972268, -0.005946, -0.233795 },
					   {  0.071258,  0.944612, -0.320359 },
					   {  0.222750, -0.328135, -0.917992 } }
		},
		lightprops =
		{
			on = Y,
			color = { 232, 100, 96 },
			diffuse = { 0.796079, 0.568627, 0.552941 },
			specular = { 0, 0, 0 },
			ambient = { 0, 0, 0 },
			direction = { 0, 0, 1 },
			range = 2000,
			cutoff = 90,
			type = L_DIRECT,
			theta = 90,
			atten = { 1, 0, 4e-006 }
		}
	},

	{
		entity_name = "LtInfGold",
		type = LIGHT,
		template_name = "",
		lt_grp = 0, srt_grp = 0, usr_flg = 0,
		spatialprops =
		{
			pos = { 0, 0, 0 },
			orient = { {  0.874087,  0.045061,  0.483674 },
					   { -0.113581,  0.987047,  0.113304 },
					   { -0.472303, -0.153974,  0.867883 } }
		},
		lightprops =
		{
			on = Y,
			color = { 216, 200, 112 },
			diffuse = { 0.878431, 0.709804, 0.388235 },
			specular = { 0, 0, 0 },
			ambient = { 0, 0, 0 },
			direction = { 0, 0, 1 },
			range = 2000,
			cutoff = 90,
			type = L_DIRECT,
			theta = 90,
			atten = { 1, 0, 4e-006 }
		}
	},

	{
		entity_name = "LtInfCoral_g3",
		type = LIGHT,
		template_name = "",
		lt_grp = 3, srt_grp = 0, usr_flg = 0,
		spatialprops =
		{
			pos = { 0, 0, 0 },
			orient = { { -0.972268, -0.005946, -0.233795 },
					   {  0.071258,  0.944612, -0.320360 },
					   {  0.222750, -0.328135, -0.917992 } }
		},
		lightprops =
		{
			on = Y,
			color = { 232, 100, 96 },
			diffuse = { 0.729412, 0.521569, 0.505882 },
			specular = { 0, 0, 0 },
			ambient = { 0, 0, 0 },
			direction = { 0, 0, 1 },
			range = 2000,
			cutoff = 90,
			type = L_DIRECT,
			theta = 90,
			atten = { 1, 0, 4e-006 }
		}
	},

	{
		entity_name = "LtInfGold_g3",
		type = LIGHT,
		template_name = "",
		lt_grp = 3, srt_grp = 0, usr_flg = 0,
		spatialprops =
		{
			pos = { 0, 0, 0 },
			orient = { {  0.874087,  0.045061,  0.483674 },
					   { -0.113581,  0.987047,  0.113304 },
					   { -0.472303, -0.153974,  0.867883 } }
		},
		lightprops =
		{
			on = Y,
			color = { 216, 200, 112 },
			diffuse = { 0.756863, 0.639216, 0.407843 },
			specular = { 0, 0, 0 },
			ambient = { 0, 0, 0 },
			direction = { 0, 0, 1 },
			range = 2000,
			cutoff = 90,
			type = L_DIRECT,
			theta = 90,
			atten = { 1, 0, 4e-006 }
		}
	}
};

events =
{
	{
		0.000, START_PSYS, { "gf_rtc_shipcushion_1" },
		{
			duration = 300.000
		}
	},

	{
		0.000, ATTACH_ENTITY, { "gf_rtc_shipcushion_1", "Marker_Shipcushion" },
		{
			duration = 300.000,
			offset = { 0, 0, 0 },
			up = Y_AXIS,
			front = NEG_Z_AXIS,
			target_part = "",
			target_type = ROOT,
			flags = POSITION + ORIENTATION
		}
	}
};
