duration = 600.000;

entities =
{

	{
		entity_name = "Layer_Li_04_City_Ambi_Day",
		type = SCENE,
		template_name = "",
		lt_grp = 0, srt_grp = 0, usr_flg = 0,
		spatialprops =
		{
			pos = { 0, 0, 0 },
			orient = { { 1, 0, 0 }, { 0, 1, 0 }, { 0, 0, 1 } }
		},
		up = Y_AXIS,
		front = Z_AXIS,
		ambient = { 255, 216, 213 }
	},

	{
		entity_name = "LtCity_Sun1",
		type = LIGHT,
		template_name = "",
		lt_grp = 0, srt_grp = 0, usr_flg = 0,
		flags = HIDDEN,
		spatialprops =
		{
			pos = { -6609.746, 1932.211, 2670.094 },
			orient = { {  0.411438,  0.000000,  0.911438 },
					   {  0.239439,  0.964876, -0.108086 },
					   { -0.879425,  0.262704,  0.396986 } }
		},
		lightprops =
		{
			on = N,
			color = { 255, 248, 223 },
			diffuse = { 0.756863, 0.776471, 0.921569 },
			specular = { 0, 0, 0 },
			ambient = { 0, 0, 0 },
			direction = { 0, 0, -1 },
			range = 10000,
			cutoff = 49.99999,
			type = L_SPOT,
			theta = 49.99999,
			atten = { 1, 0, 0 }
		}
	},

	{
		entity_name = "Marker_SpinCloud_000",
		type = MARKER,
		template_name = "",
		lt_grp = 0, srt_grp = 0, usr_flg = 0,
		spatialprops =
		{
			pos = { 0, 0, 0 },
			orient = { { 1, 0, 0 }, { 0, 1, 0 }, { 0, 0, 1 } }
		}
	},

	{
		entity_name = "Marker_SpinCloud_120",
		type = MARKER,
		template_name = "",
		lt_grp = 0, srt_grp = 0, usr_flg = 0,
		spatialprops =
		{
			pos = { 0, 0, 0 },
			orient = { { -0.499008,  0.000000,  0.866597 },
					   {  0.000000,  1.000000,  0.000000 },
					   { -0.866597,  0.000000, -0.499008 } }
		}
	},

	{
		entity_name = "Marker_SpinCloud_240",
		type = MARKER,
		template_name = "",
		lt_grp = 0, srt_grp = 0, usr_flg = 0,
		spatialprops =
		{
			pos = { 0, 0, 0 },
			orient = { { -0.511440,  0.000000, -0.859319 },
					   {  0.000000,  1.000000,  0.000000 },
					   {  0.859319,  0.000000, -0.511440 } }
		}
	},

	{
		entity_name = "LtCity_Sky",
		type = LIGHT,
		template_name = "",
		lt_grp = 0, srt_grp = 0, usr_flg = 0,
		flags = HIDDEN,
		spatialprops =
		{
			pos = { 6541.281, 1503.297, -5760.787 },
			orient = { { -0.498211,  0.000000, -0.867056 },
					   { -0.127465,  0.989135,  0.073242 },
					   {  0.857635,  0.147009, -0.492798 } }
		},
		lightprops =
		{
			on = Y,
			color = { 255, 236, 170 },
			diffuse = { 1, 0.866667, 0.866667 },
			specular = { 0, 0, 0 },
			ambient = { 0.658824, 0.556863, 0.6 },
			direction = { 0, 0, -1 },
			range = 10000,
			cutoff = 79.99997,
			type = L_SPOT,
			theta = 79.99997,
			atten = { 1, 0, 0 }
		}
	},

	{
		entity_name = "Lite_Tool_LtCam",
		type = CAMERA,
		template_name = "",
		lt_grp = 0, srt_grp = 0, usr_flg = 0,
		flags = REFERENCE,
		spatialprops =
		{
			pos = { 0, 0, 0 },
			orient = { { 1, 0, 0 }, { 0, 1, 0 }, { 0, 0, 1 } }
		},
		cameraprops =
		{
			fovh = 60,
			hvaspect = 1.333333,
			nearplane = 0.1,
			farplane = 100000
		}
	},

	{
		entity_name = "LtCity_Sun2",
		type = LIGHT,
		template_name = "",
		lt_grp = 0, srt_grp = 0, usr_flg = 0,
		spatialprops =
		{
			pos = { 5851.605, 1503.297, 2962.24 },
			orient = { {  0.526925,  0.000000, -0.849912 },
					   { -0.138936,  0.986548, -0.086137 },
					   {  0.838479,  0.163472,  0.519837 } }
		},
		lightprops =
		{
			on = N,
			color = { 255, 236, 170 },
			diffuse = { 1, 1, 1 },
			specular = { 0, 0, 0 },
			ambient = { 0, 0, 0 },
			direction = { 0, 0, -1 },
			range = 10000,
			cutoff = 49.99999,
			type = L_SPOT,
			theta = 49.99999,
			atten = { 1, 0, 0 }
		}
	},

	{
		entity_name = "LtSkyLine",
		type = LIGHT,
		template_name = "",
		lt_grp = 0, srt_grp = 0, usr_flg = 0,
		spatialprops =
		{
			pos = { 68.43373, 491.6037, -2556.644 },
			orient = { {  0.993554,  0.000000,  0.113359 },
					   {  0.017144,  0.988498, -0.150262 },
					   { -0.112055,  0.151237,  0.982126 } }
		},
		lightprops =
		{
			on = N,
			color = { 255, 255, 255 },
			diffuse = { 1, 0.956863, 0.968628 },
			specular = { 0, 0, 0 },
			ambient = { 0, 0, 0 },
			direction = { 0, 0, -1 },
			range = 10000,
			cutoff = 150,
			type = L_SPOT,
			theta = 150,
			atten = { 1, 0, 0 }
		}
	},

	{
		entity_name = "LtMountains1",
		type = LIGHT,
		template_name = "",
		lt_grp = 0, srt_grp = 0, usr_flg = 0,
		flags = HIDDEN,
		spatialprops =
		{
			pos = { 4.254402, 440.3847, -4832.191 },
			orient = { {  0.997113,  0.000000,  0.075927 },
					   {  0.001612,  0.999775, -0.021175 },
					   { -0.075910,  0.021236,  0.996889 } }
		},
		lightprops =
		{
			on = Y,
			color = { 255, 255, 255 },
			diffuse = { 1, 0.74902, 0.811765 },
			specular = { 0, 0, 0 },
			ambient = { 0, 0, 0 },
			direction = { 0, 0, -1 },
			range = 10000,
			cutoff = 150,
			type = L_SPOT,
			theta = 140,
			atten = { 1, 0, 0 }
		}
	},

	{
		entity_name = "LtMountains2",
		type = LIGHT,
		template_name = "",
		lt_grp = 0, srt_grp = 0, usr_flg = 0,
		flags = HIDDEN,
		spatialprops =
		{
			pos = { 4.254402, 440.3847, -4832.191 },
			orient = { {  0.997113,  0.000000,  0.075927 },
					   {  0.001612,  0.999775, -0.021175 },
					   { -0.075910,  0.021236,  0.996889 } }
		},
		lightprops =
		{
			on = Y,
			color = { 255, 255, 255 },
			diffuse = { 1, 0.666667, 0.792157 },
			specular = { 0, 0, 0 },
			ambient = { 0, 0, 0 },
			direction = { 0, 0, -1 },
			range = 10000,
			cutoff = 150,
			type = L_SPOT,
			theta = 140,
			atten = { 1, 0, 0 }
		}
	},

	{
		entity_name = "LtCity_Sky_Cam",
		type = CAMERA,
		template_name = "",
		lt_grp = 0, srt_grp = 0, usr_flg = 0,
		spatialprops =
		{
			pos = { 3270.356, 2028.077, 8.095522 },
			orient = { {  0.678070,  0.000000, -0.734998 },
					   { -0.358981,  0.872613, -0.331177 },
					   {  0.641369,  0.488412,  0.591693 } }
		},
		cameraprops =
		{
			fovh = 40,
			hvaspect = 1,
			nearplane = 0.1,
			farplane = 10000
		}
	},

	{
		entity_name = "LtCity_Sun2_Cam",
		type = CAMERA,
		template_name = "",
		lt_grp = 0, srt_grp = 0, usr_flg = 0,
		spatialprops =
		{
			pos = { -4669.567, 3297.747, 1002.129 },
			orient = { {  0.522180,  0.000000,  0.852835 },
					   {  0.360238,  0.906409, -0.220569 },
					   { -0.773018,  0.422401,  0.473309 } }
		},
		cameraprops =
		{
			fovh = 25,
			hvaspect = 1,
			nearplane = 0.1,
			farplane = 10000
		}
	},

	{
		entity_name = "LtCity_Sun1_Cam",
		type = CAMERA,
		template_name = "",
		lt_grp = 0, srt_grp = 0, usr_flg = 0,
		spatialprops =
		{
			pos = { -4669.567, 3297.747, 1002.129 },
			orient = { {  0.522180,  0.000000,  0.852835 },
					   {  0.360238,  0.906409, -0.220569 },
					   { -0.773018,  0.422401,  0.473309 } }
		},
		cameraprops =
		{
			fovh = 25,
			hvaspect = 1,
			nearplane = 0.1,
			farplane = 10000
		}
	},

	{
		entity_name = "LtSkyLine_Cam",
		type = CAMERA,
		template_name = "",
		lt_grp = 0, srt_grp = 0, usr_flg = 0,
		spatialprops =
		{
			pos = { 78.63207, 725.1993, -2339.062 },
			orient = { {  0.993554,  0.000000,  0.113359 },
					   {  0.017144,  0.988498, -0.150262 },
					   { -0.112055,  0.151237,  0.982126 } }
		},
		cameraprops =
		{
			fovh = 60,
			hvaspect = 1,
			nearplane = 0.1,
			farplane = 3000
		}
	},

	{
		entity_name = "LtMountains1_Cam",
		type = CAMERA,
		template_name = "",
		lt_grp = 0, srt_grp = 0, usr_flg = 0,
		spatialprops =
		{
			pos = { -5396.38, -95.85745, -8409.358 },
			orient = { {  0.987286,  0.000000,  0.158953 },
					   {  0.023356,  0.989146, -0.145068 },
					   { -0.157228,  0.146936,  0.976570 } }
		},
		cameraprops =
		{
			fovh = 45,
			hvaspect = 1,
			nearplane = 0.1,
			farplane = 10000
		}
	},

	{
		entity_name = "LtMountains2_Cam",
		type = CAMERA,
		template_name = "",
		lt_grp = 0, srt_grp = 0, usr_flg = 0,
		spatialprops =
		{
			pos = { 6139.795, 887.7313, -3815.864 },
			orient = { {  0.997056,  0.000000,  0.076678 },
					   { -0.001984,  0.999665,  0.025800 },
					   { -0.076652, -0.025876,  0.996722 } }
		},
		cameraprops =
		{
			fovh = 50,
			hvaspect = 1,
			nearplane = 0.1,
			farplane = 10000
		}
	},

	{
		entity_name = "X/Marker_Weather",
		type = MARKER,
		template_name = "",
		lt_grp = 0, srt_grp = 0, usr_flg = 0,
		flags = REFERENCE,
		spatialprops =
		{
			pos = { -32.83518, 83.52161, 222.5388 },
			orient = { {  0.997069,  0.000000,  0.076507 },
					   { -0.006104,  0.996813,  0.079546 },
					   { -0.076263, -0.079780,  0.993891 } }
		}
	},

	{
		entity_name = "Skydome_SpinMkr_Fast",
		type = MARKER,
		template_name = "",
		lt_grp = 0, srt_grp = 0, usr_flg = 0,
		spatialprops =
		{
			pos = { 0, 2, 0 },
			orient = { { 1, 0, 0 }, { 0, 1, 0 }, { 0, 0, 1 } }
		}
	},

	{
		entity_name = "Skydome_SpinMkr_Slow",
		type = MARKER,
		template_name = "",
		lt_grp = 0, srt_grp = 0, usr_flg = 0,
		spatialprops =
		{
			pos = { 0, 1, 0 },
			orient = { { 1, 0, 0 }, { 0, 1, 0 }, { 0, 0, 1 } }
		}
	},

	{
		entity_name = "Set_Li_04_skydome_storm_gray",
		type = COMPOUND,
		template_name = "skydome_sky_storm_gray",
		lt_grp = 0, srt_grp = -100, usr_flg = 2,
		flags = LIT_DYNAMIC + LIT_AMBIENT,
		spatialprops =
		{
			pos = { 0, 750, 0 },
			orient = { { 1, 0, 0 }, { 0, 1, 0 }, { 0, 0, 1 } }
		},
		userprops =
		{
			category = "Prop",
			nofog = "Y",
		}
	},

	{
		entity_name = "Skydome_zHolder1",
		type = MARKER,
		template_name = "",
		lt_grp = 0, srt_grp = 0, usr_flg = 0,
		spatialprops =
		{
			pos = { 0, 500, 0 },
			orient = { { 1, 0, 0 }, { 0, 1, 0 }, { 0, 0, 1 } }
		}
	},

	{
		entity_name = "gf_rtc_shipcushion_7",
		type = PSYS,
		template_name = "gf_rtc_shipcushion",
		lt_grp = 0, srt_grp = 0, usr_flg = 0,
		flags = LIT_DYNAMIC + LIT_AMBIENT,
		spatialprops =
		{
			pos = { 0, 0, 0 },
			orient = { { 1, 0, 0 }, { 0, 1, 0 }, { 0, 0, 1 } }
		},
		psysprops =
		{
			sparam = 0
		}
	},

	{
		entity_name = "Marker_Shipcushion",
		type = MARKER,
		template_name = "",
		lt_grp = 0, srt_grp = 0, usr_flg = 0,
		spatialprops =
		{
			pos = { -16.6325, 22.17973, 14.26554 },
			orient = { { -0.396847,  0.000000,  0.917885 },
					   {  0.000000,  1.000000,  0.000000 },
					   { -0.917885,  0.000000, -0.396847 } }
		}
	},

	{
		entity_name = "LtCity_Sky_g3",
		type = LIGHT,
		template_name = "",
		lt_grp = 3, srt_grp = 0, usr_flg = 0,
		spatialprops =
		{
			pos = { 6541.281, 1503.297, -5760.787 },
			orient = { { -0.498211,  0.000000, -0.867056 },
					   { -0.127465,  0.989135,  0.073242 },
					   {  0.857635,  0.147009, -0.492798 } }
		},
		lightprops =
		{
			on = Y,
			color = { 255, 236, 170 },
			diffuse = { 0.87451, 0.717647, 0.717647 },
			specular = { 0, 0, 0 },
			ambient = { 0.658824, 0.556863, 0.6 },
			direction = { 0, 0, -1 },
			range = 10000,
			cutoff = 79.99997,
			type = L_SPOT,
			theta = 79.99997,
			atten = { 1, 0, 0 }
		}
	},

	{
		entity_name = "LtCity_Sky_Cam_g3",
		type = CAMERA,
		template_name = "",
		lt_grp = 3, srt_grp = 0, usr_flg = 0,
		spatialprops =
		{
			pos = { 3270.356, 2028.077, 8.095522 },
			orient = { {  0.678070,  0.000000, -0.734998 },
					   { -0.358981,  0.872613, -0.331177 },
					   {  0.641369,  0.488412,  0.591693 } }
		},
		cameraprops =
		{
			fovh = 40,
			hvaspect = 1,
			nearplane = 0.1,
			farplane = 10000
		}
	},

	{
		entity_name = "LtCity_Sun1_g3",
		type = LIGHT,
		template_name = "",
		lt_grp = 3, srt_grp = 0, usr_flg = 0,
		spatialprops =
		{
			pos = { -6609.746, 1932.211, 2670.094 },
			orient = { {  0.411438,  0.000000,  0.911438 },
					   {  0.239439,  0.964876, -0.108086 },
					   { -0.879425,  0.262704,  0.396986 } }
		},
		lightprops =
		{
			on = N,
			color = { 255, 248, 223 },
			diffuse = { 0.619608, 0.643137, 0.772549 },
			specular = { 0, 0, 0 },
			ambient = { 0, 0, 0 },
			direction = { 0, 0, -1 },
			range = 10000,
			cutoff = 49.99999,
			type = L_SPOT,
			theta = 49.99999,
			atten = { 1, 0, 0 }
		}
	},

	{
		entity_name = "LtCity_Sun1_Cam_g3",
		type = CAMERA,
		template_name = "",
		lt_grp = 3, srt_grp = 0, usr_flg = 0,
		spatialprops =
		{
			pos = { -4669.567, 3297.747, 1002.129 },
			orient = { {  0.522180,  0.000000,  0.852835 },
					   {  0.360238,  0.906409, -0.220569 },
					   { -0.773018,  0.422401,  0.473309 } }
		},
		cameraprops =
		{
			fovh = 25,
			hvaspect = 1,
			nearplane = 0.1,
			farplane = 10000
		}
	},

	{
		entity_name = "LtCity_Sun2_g3",
		type = LIGHT,
		template_name = "",
		lt_grp = 3, srt_grp = 0, usr_flg = 0,
		spatialprops =
		{
			pos = { 5851.605, 1503.297, 2962.24 },
			orient = { {  0.526925,  0.000000, -0.849912 },
					   { -0.138936,  0.986548, -0.086137 },
					   {  0.838479,  0.163472,  0.519837 } }
		},
		lightprops =
		{
			on = N,
			color = { 255, 236, 170 },
			diffuse = { 0.784314, 0.784314, 0.784314 },
			specular = { 0, 0, 0 },
			ambient = { 0, 0, 0 },
			direction = { 0, 0, -1 },
			range = 10000,
			cutoff = 49.99999,
			type = L_SPOT,
			theta = 49.99999,
			atten = { 1, 0, 0 }
		}
	},

	{
		entity_name = "LtCity_Sun2_Cam_g3",
		type = CAMERA,
		template_name = "",
		lt_grp = 3, srt_grp = 0, usr_flg = 0,
		spatialprops =
		{
			pos = { -4669.567, 3297.747, 1002.129 },
			orient = { {  0.522180,  0.000000,  0.852835 },
					   {  0.360238,  0.906409, -0.220569 },
					   { -0.773018,  0.422401,  0.473309 } }
		},
		cameraprops =
		{
			fovh = 25,
			hvaspect = 1,
			nearplane = 0.1,
			farplane = 10000
		}
	},

	{
		entity_name = "LtMountains1_g3",
		type = LIGHT,
		template_name = "",
		lt_grp = 3, srt_grp = 0, usr_flg = 0,
		spatialprops =
		{
			pos = { 4.254402, 440.3847, -4832.191 },
			orient = { {  0.997113,  0.000000,  0.075927 },
					   {  0.001612,  0.999775, -0.021175 },
					   { -0.075910,  0.021236,  0.996889 } }
		},
		lightprops =
		{
			on = Y,
			color = { 255, 255, 255 },
			diffuse = { 1, 0.74902, 0.811765 },
			specular = { 0, 0, 0 },
			ambient = { 0, 0, 0 },
			direction = { 0, 0, -1 },
			range = 10000,
			cutoff = 150,
			type = L_SPOT,
			theta = 140,
			atten = { 1, 0, 0 }
		}
	},

	{
		entity_name = "LtMountains1_Cam_g3",
		type = CAMERA,
		template_name = "",
		lt_grp = 3, srt_grp = 0, usr_flg = 0,
		spatialprops =
		{
			pos = { -5396.38, -95.85745, -8409.358 },
			orient = { {  0.987286,  0.000000,  0.158953 },
					   {  0.023356,  0.989146, -0.145068 },
					   { -0.157228,  0.146936,  0.976570 } }
		},
		cameraprops =
		{
			fovh = 45,
			hvaspect = 1,
			nearplane = 0.1,
			farplane = 10000
		}
	},

	{
		entity_name = "LtMountains2_g3",
		type = LIGHT,
		template_name = "",
		lt_grp = 3, srt_grp = 0, usr_flg = 0,
		spatialprops =
		{
			pos = { 4.254402, 440.3847, -4832.191 },
			orient = { {  0.997113,  0.000000,  0.075927 },
					   {  0.001612,  0.999775, -0.021175 },
					   { -0.075910,  0.021236,  0.996889 } }
		},
		lightprops =
		{
			on = Y,
			color = { 255, 255, 255 },
			diffuse = { 1, 0.666667, 0.792157 },
			specular = { 0, 0, 0 },
			ambient = { 0, 0, 0 },
			direction = { 0, 0, -1 },
			range = 10000,
			cutoff = 150,
			type = L_SPOT,
			theta = 140,
			atten = { 1, 0, 0 }
		}
	},

	{
		entity_name = "LtMountains2_Cam_g3",
		type = CAMERA,
		template_name = "",
		lt_grp = 0, srt_grp = 0, usr_flg = 0,
		spatialprops =
		{
			pos = { 6139.795, 887.7313, -3815.864 },
			orient = { {  0.997056,  0.000000,  0.076678 },
					   { -0.001984,  0.999665,  0.025800 },
					   { -0.076652, -0.025876,  0.996722 } }
		},
		cameraprops =
		{
			fovh = 50,
			hvaspect = 1,
			nearplane = 0.1,
			farplane = 10000
		}
	},

	{
		entity_name = "LtSkyLine_g3",
		type = LIGHT,
		template_name = "",
		lt_grp = 3, srt_grp = 0, usr_flg = 0,
		spatialprops =
		{
			pos = { 68.43373, 491.6037, -2556.644 },
			orient = { {  0.993554,  0.000000,  0.113359 },
					   {  0.017144,  0.988498, -0.150262 },
					   { -0.112055,  0.151237,  0.982126 } }
		},
		lightprops =
		{
			on = N,
			color = { 255, 255, 255 },
			diffuse = { 1, 0.956863, 0.968628 },
			specular = { 0, 0, 0 },
			ambient = { 0, 0, 0 },
			direction = { 0, 0, -1 },
			range = 10000,
			cutoff = 150,
			type = L_SPOT,
			theta = 150,
			atten = { 1, 0, 0 }
		}
	},

	{
		entity_name = "LtSkyLine_Cam_g3",
		type = CAMERA,
		template_name = "",
		lt_grp = 3, srt_grp = 0, usr_flg = 0,
		spatialprops =
		{
			pos = { 78.63207, 725.1993, -2339.062 },
			orient = { {  0.993554,  0.000000,  0.113359 },
					   {  0.017144,  0.988498, -0.150262 },
					   { -0.112055,  0.151237,  0.982126 } }
		},
		cameraprops =
		{
			fovh = 60,
			hvaspect = 1,
			nearplane = 0.1,
			farplane = 3000
		}
	}
};

events =
{
	{
		0.000, ATTACH_ENTITY, { "gf_rtc_shipcushion_7", "Marker_Shipcushion" },
		{
			duration = 600.000,
			offset = { 0, 0, 0 },
			up = Y_AXIS,
			front = NEG_Z_AXIS,
			target_part = "",
			target_type = ROOT,
			flags = POSITION + ORIENTATION
		}
	},

	{
		0.000, ATTACH_ENTITY, { "LtMountains2", "LtMountains2_Cam" },
		{
			duration = 1000.000,
			offset = { 0, 0, 0 },
			up = Y_AXIS,
			front = NEG_Z_AXIS,
			target_part = "",
			target_type = ROOT,
			flags = POSITION + ORIENTATION
		}
	},

	{
		0.000, ATTACH_ENTITY, { "LtMountains1", "LtMountains1_Cam" },
		{
			duration = 1000.000,
			offset = { 0, 0, 0 },
			up = Y_AXIS,
			front = NEG_Z_AXIS,
			target_part = "",
			target_type = ROOT,
			flags = POSITION + ORIENTATION
		}
	},

	{
		0.000, ATTACH_ENTITY, { "LtSkyLine", "LtSkyLine_Cam" },
		{
			duration = 1000.000,
			offset = { 0, 0, 0 },
			up = Y_AXIS,
			front = NEG_Z_AXIS,
			target_part = "",
			target_type = ROOT,
			flags = POSITION + ORIENTATION
		}
	},

	{
		0.000, ATTACH_ENTITY, { "LtCity_Sky", "LtCity_Sky_Cam" },
		{
			duration = 1000.000,
			offset = { 0, 0, 0 },
			up = Y_AXIS,
			front = NEG_Z_AXIS,
			target_part = "",
			target_type = ROOT,
			flags = POSITION + ORIENTATION
		}
	},

	{
		0.000, ATTACH_ENTITY, { "LtCity_Sun2", "LtCity_Sun2_Cam" },
		{
			duration = 1000.000,
			offset = { 0, 0, 0 },
			up = Y_AXIS,
			front = NEG_Z_AXIS,
			target_part = "",
			target_type = ROOT,
			flags = POSITION + ORIENTATION
		}
	},

	{
		0.000, ATTACH_ENTITY, { "LtCity_Sun1", "LtCity_Sun1_Cam" },
		{
			duration = 1000.000,
			offset = { 0, 0, 0 },
			up = Y_AXIS,
			front = NEG_Z_AXIS,
			target_part = "",
			target_type = ROOT,
			flags = POSITION + ORIENTATION
		}
	},

	{
		0.000, START_SPATIAL_PROP_ANIM, { "Skydome_SpinMkr_Slow", "Marker_SpinCloud_120" },
		{
			duration = 300.000,
			target_part = "",
			target_type = ROOT,
			spatialprops =
			{
				pos = { 0, 0, 0 },
				q_orient = { -0.499008, 0, 0.866598, 0 }
			}
		}
	},

	{
		0.000, ATTACH_ENTITY, { "Set_Li_04_skydome_storm_gray", "Skydome_SpinMkr_Fast" },
		{
			duration = 10000.000,
			offset = { 0, 0, 0 },
			up = Y_AXIS,
			front = NEG_Z_AXIS,
			target_part = "",
			target_type = ROOT,
			flags = ORIENTATION
		}
	},

	{
		0.000, ATTACH_ENTITY, { "Skydome_zHolder1", "Skydome_SpinMkr_Slow" },
		{
			duration = 10000.000,
			offset = { 0, 0, 0 },
			up = Y_AXIS,
			front = NEG_Z_AXIS,
			target_part = "",
			target_type = ROOT,
			flags = ORIENTATION
		}
	},

	{
		0.000, START_SPATIAL_PROP_ANIM, { "Skydome_SpinMkr_Fast", "Marker_SpinCloud_120" },
		{
			duration = 200.000,
			target_part = "",
			target_type = ROOT,
			spatialprops =
			{
				q_orient = { -0.499008, 0, 0.866598, 0 }
			}
		}
	},

	{
		0.000, START_FOG_PROP_ANIM, { "Layer_Li_04_City_Ambi_Day" },
		{
			duration = 0.001,
			fogprops =
			{
				fogon = Y,
				fogcolor = { 149, 119, 131 },
				fogmode = F_LINEAR,
				fogstart = 0,
				fogend = 60000,
			}
		}
	},

	{
		0.000, START_FOG_PROP_ANIM, { "Layer_Li_04_City_Ambi_Day" },
		{
			duration = 0.100,
			fogprops =
			{
				fogon = Y,
				fogtable = N,
				fogcolor = { 149, 119, 131 },
				fogmode = F_LINEAR,
				fogstart = 0,
				fogend = 50000,
				fogdensity = 3e-006
			}
		}
	},

	{
		0.000, START_PSYS, { "gf_rtc_shipcushion_7" },
		{
			duration = 600.000
		}
	},

	{
		200.000, START_SPATIAL_PROP_ANIM, { "Skydome_SpinMkr_Fast", "Marker_SpinCloud_240" },
		{
			duration = 200.000,
			target_part = "",
			target_type = ROOT,
			spatialprops =
			{
				q_orient = { -0.099084, 0, -0.995079, 0 }
			}
		}
	},

	{
		300.000, START_SPATIAL_PROP_ANIM, { "Skydome_SpinMkr_Slow", "Marker_SpinCloud_240" },
		{
			duration = 300.000,
			target_part = "",
			target_type = ROOT,
			spatialprops =
			{
				pos = { 0, 0, 0 },
				q_orient = { -0.099084, 0, -0.995079, 0 }
			}
		}
	},

	{
		400.000, START_SPATIAL_PROP_ANIM, { "Skydome_SpinMkr_Fast", "Marker_SpinCloud_000" },
		{
			duration = 200.000,
			target_part = "",
			target_type = ROOT,
			spatialprops =
			{
				q_orient = { 1, 0, 0, 0 }
			}
		}
	},

	{
		600.000, START_SPATIAL_PROP_ANIM, { "Skydome_SpinMkr_Slow", "Marker_SpinCloud_000" },
		{
			duration = 300.000,
			target_part = "",
			target_type = ROOT,
			spatialprops =
			{
				pos = { 0, 0, 0 },
				q_orient = { 1, 0, 0, 0 }
			}
		}
	},

	{
		825.000, START_SPATIAL_PROP_ANIM, { "Skydome_SpinMkr_Fast", "Marker_SpinCloud_120" },
		{
			duration = 150.000,
			target_part = "",
			target_type = ROOT,
			spatialprops =
			{
				q_orient = { 1, 0, 0, 0 }
			}
		}
	},

	{
		975.000, START_SPATIAL_PROP_ANIM, { "Skydome_SpinMkr_Fast", "Marker_SpinCloud_000" },
		{
			duration = 150.000,
			target_part = "",
			target_type = ROOT,
			spatialprops =
			{
				q_orient = { 1, 0, 0, 0 }
			}
		}
	}
};
