duration = 20.000;

entities =
{

	{
		entity_name = "Layer_Li_02_Bar_Hardpoint",
		type = SCENE,
		template_name = "",
		lt_grp = 0, srt_grp = 0, usr_flg = 0,
		spatialprops =
		{
			pos = { 0, 0, 0 },
			orient = { { 1, 0, 0 }, { 0, 1, 0 }, { 0, 0, 1 } }
		},
		up = Y_AXIS,
		front = Z_AXIS,
		ambient = { 106, 106, 106 }
	},

	{
		entity_name = "Zs/NPC/Bartender/01/AC2/Camera",
		type = CAMERA,
		template_name = "",
		lt_grp = 0, srt_grp = 0, usr_flg = 0,
		flags = HIDDEN,
		spatialprops =
		{
			pos = { -3.262325, 1.736387, -0.376852 },
			orient = { { -0.890839,  0.000000,  0.454319 },
					   {  0.100181,  0.975385,  0.196437 },
					   { -0.443136,  0.220508, -0.868911 } }
		},
		cameraprops =
		{
			fovh = 30,
			hvaspect = 1.85,
			nearplane = 0.2,
			farplane = 5000
		}
	},

	{
		entity_name = "Zs/NPC/Bartender/01/ACOH/Camera",
		type = CAMERA,
		template_name = "",
		lt_grp = 0, srt_grp = 0, usr_flg = 0,
		flags = HIDDEN,
		spatialprops =
		{
			pos = { -2.30425, 1.772169, -0.026686 },
			orient = { { -0.986458,  0.000000, -0.164015 },
					   { -0.032693,  0.979933,  0.196627 },
					   {  0.160724,  0.199326, -0.966663 } }
		},
		cameraprops =
		{
			fovh = 25,
			hvaspect = 1.85,
			nearplane = 0.2,
			farplane = 5000
		}
	},

	{
		entity_name = "Zs/NPC/Bartender/01/ACS/Camera",
		type = CAMERA,
		template_name = "",
		lt_grp = 0, srt_grp = 0, usr_flg = 0,
		flags = HIDDEN,
		spatialprops =
		{
			pos = { -2.661823, 1.641994, 0.332836 },
			orient = { { -0.992300,  0.000000, -0.123860 },
					   { -0.010260,  0.996563,  0.082199 },
					   {  0.123434,  0.082837, -0.988889 } }
		},
		cameraprops =
		{
			fovh = 25,
			hvaspect = 1.85,
			nearplane = 0.2,
			farplane = 5000
		}
	},

	{
		entity_name = "Zs/NPC/Bartender/01/P/Stand",
		type = MARKER,
		template_name = "",
		lt_grp = 0, srt_grp = 0, usr_flg = 0,
		spatialprops =
		{
			pos = { -1.935017, -0.0054, 0.044305 },
			orient = { { -0.775360,  0.000000, -0.631520 },
					   {  0.000000,  1.000000,  0.000000 },
					   {  0.631520,  0.000000, -0.775360 } }
		}
	},

	{
		entity_name = "Zs/NPC/Bartender/01/P2/Stand",
		type = MARKER,
		template_name = "",
		lt_grp = 0, srt_grp = 0, usr_flg = 0,
		spatialprops =
		{
			pos = { -2.22722, 0, 0.467035 },
			orient = { { -0.775359,  0.000000, -0.631520 },
					   {  0.000000,  1.000000,  0.000000 },
					   {  0.631520,  0.000000, -0.775359 } }
		}
	},

	{
		entity_name = "Zs/NPC/Bartender/01/PC2/Camera",
		type = CAMERA,
		template_name = "",
		lt_grp = 0, srt_grp = 0, usr_flg = 0,
		flags = HIDDEN,
		spatialprops =
		{
			pos = { -4.285721, 1.796624, 0.969004 },
			orient = { { -0.159217,  0.000000,  0.987244 },
					   {  0.245212,  0.968663,  0.039546 },
					   { -0.956306,  0.248380, -0.154227 } }
		},
		cameraprops =
		{
			fovh = 30,
			hvaspect = 1.85,
			nearplane = 0.2,
			farplane = 5000
		}
	},

	{
		entity_name = "Zs/NPC/Bartender/01/PCO/Camera",
		type = CAMERA,
		template_name = "",
		lt_grp = 0, srt_grp = 0, usr_flg = 0,
		flags = HIDDEN,
		spatialprops =
		{
			pos = { -3.604006, 1.790268, 1.883983 },
			orient = { {  0.524559,  0.000000,  0.851374 },
					   {  0.182731,  0.976695, -0.112587 },
					   { -0.831533,  0.214631,  0.512335 } }
		},
		cameraprops =
		{
			fovh = 25,
			hvaspect = 1.85,
			nearplane = 0.2,
			farplane = 5000
		}
	},

	{
		entity_name = "Zs/NPC/Bartender/01/PCS/Camera",
		type = CAMERA,
		template_name = "",
		lt_grp = 0, srt_grp = 0, usr_flg = 0,
		flags = HIDDEN,
		spatialprops =
		{
			pos = { -3.195987, 1.674684, 1.252085 },
			orient = { {  0.477567,  0.000000,  0.878595 },
					   {  0.092824,  0.994403, -0.050455 },
					   { -0.873678,  0.105651,  0.474895 } }
		},
		cameraprops =
		{
			fovh = 25,
			hvaspect = 1.85,
			nearplane = 0.2,
			farplane = 5000
		}
	},

	{
		entity_name = "Zs/NPC/Bartender/01/WFC/Camera",
		type = CAMERA,
		template_name = "",
		lt_grp = 0, srt_grp = 0, usr_flg = 0,
		flags = HIDDEN,
		spatialprops =
		{
			pos = { -6.525897, 3.529912, -2.743554 },
			orient = { { -0.783928,  0.000000,  0.620852 },
					   {  0.116702,  0.982175,  0.147355 },
					   { -0.609785,  0.187970, -0.769954 } }
		},
		cameraprops =
		{
			fovh = 30,
			hvaspect = 1.85,
			nearplane = 0.2,
			farplane = 5000
		}
	},

	{
		entity_name = "Set_li_02_bar",
		type = COMPOUND,
		template_name = "li_02_bar",
		lt_grp = 0, srt_grp = 0, usr_flg = 0,
		flags = LIT_AMBIENT,
		spatialprops =
		{
			pos = { 0, 0, 0 },
			orient = { { 1, 0, 0 }, { 0, 1, 0 }, { 0, 0, 1 } }
		},
		userprops =
		{
			category = "Room",
		}
	},

	{
		entity_name = "Camera_0",
		type = CAMERA,
		template_name = "",
		lt_grp = 0, srt_grp = 0, usr_flg = 0,
		flags = HIDDEN,
		spatialprops =
		{
			pos = { -2.910354, 3.350452, -6.17444 },
			orient = { { -0.945891,  0.000000,  0.324485 },
					   {  0.085828,  0.964384,  0.250193 },
					   { -0.312928,  0.264505, -0.912202 } }
		},
		cameraprops =
		{
			fovh = 37,
			hvaspect = 1.333333,
			nearplane = 0.5,
			farplane = 100
		}
	},

	{
		entity_name = "Zg/NPC/mTable3/02/A/SitLow",
		type = MARKER,
		template_name = "",
		lt_grp = 0, srt_grp = 0, usr_flg = 0,
		spatialprops =
		{
			pos = { 4.016053, 0, -0.766553 },
			orient = { { -0.528938,  0.000000, -0.848661 },
					   {  0.000000,  1.000000,  0.000000 },
					   {  0.848661,  0.000000, -0.528938 } }
		}
	},

	{
		entity_name = "Zg/NPC/mTable3/02/B/SitLow",
		type = MARKER,
		template_name = "",
		lt_grp = 0, srt_grp = 0, usr_flg = 0,
		spatialprops =
		{
			pos = { 3.93125, 0, 0.751438 },
			orient = { {  0.853223,  0.000000, -0.521546 },
					   {  0.000000,  1.000000,  0.000000 },
					   {  0.521546,  0.000000,  0.853223 } }
		}
	},

	{
		entity_name = "Zs/NPC/mTable3/02/P/Stand",
		type = MARKER,
		template_name = "",
		lt_grp = 0, srt_grp = 0, usr_flg = 0,
		spatialprops =
		{
			pos = { 2.932757, -0.0054, 1.364646 },
			orient = { {  0.952413,  0.000000,  0.304811 },
					   {  0.000000,  1.000000,  0.000000 },
					   { -0.304811,  0.000000,  0.952413 } }
		}
	},

	{
		entity_name = "Zs/NPC/mTable3/02/P2/Stand",
		type = MARKER,
		template_name = "",
		lt_grp = 0, srt_grp = 0, usr_flg = 0,
		spatialprops =
		{
			pos = { 3.050434, 0, 0.864411 },
			orient = { {  0.952413,  0.000000,  0.304811 },
					   {  0.000000,  1.000000,  0.000000 },
					   { -0.304811,  0.000000,  0.952413 } }
		}
	},

	{
		entity_name = "Zg/NPC/mTable3/01/B/SitLow",
		type = MARKER,
		template_name = "",
		lt_grp = 0, srt_grp = 0, usr_flg = 0,
		spatialprops =
		{
			pos = { 5.083029, 0, 4.820119 },
			orient = { {  0.984548,  0.000000, -0.175115 },
					   {  0.000000,  1.000000,  0.000000 },
					   {  0.175115,  0.000000,  0.984548 } }
		}
	},

	{
		entity_name = "Zg/NPC/mTable3/01/A/SitLow",
		type = MARKER,
		template_name = "",
		lt_grp = 0, srt_grp = 0, usr_flg = 0,
		spatialprops =
		{
			pos = { 5.752048, 0, 3.483791 },
			orient = { { -0.175127,  0.000000, -0.984546 },
					   {  0.000000,  1.000000,  0.000000 },
					   {  0.984546,  0.000000, -0.175127 } }
		}
	},

	{
		entity_name = "Zg/NPC/mTable3/01/C/SitLow",
		type = MARKER,
		template_name = "",
		lt_grp = 0, srt_grp = 0, usr_flg = 0,
		spatialprops =
		{
			pos = { 4.815536, 0, 2.392057 },
			orient = { { -0.984646,  0.000000,  0.174562 },
					   {  0.000000,  1.000000,  0.000000 },
					   { -0.174562,  0.000000, -0.984646 } }
		}
	},

	{
		entity_name = "Zs/NPC/mTable3/01/P/Stand",
		type = MARKER,
		template_name = "",
		lt_grp = 0, srt_grp = 0, usr_flg = 0,
		spatialprops =
		{
			pos = { 3.766015, -0.0054, 4.82207 },
			orient = { {  0.598346,  0.000000,  0.801238 },
					   {  0.000000,  1.000000,  0.000000 },
					   { -0.801238,  0.000000,  0.598346 } }
		}
	},

	{
		entity_name = "Zs/NPC/mTable3/01/P2/Stand",
		type = MARKER,
		template_name = "",
		lt_grp = 0, srt_grp = 0, usr_flg = 0,
		spatialprops =
		{
			pos = { 4.152316, 0, 4.483167 },
			orient = { {  0.598346,  0.000000,  0.801238 },
					   {  0.000000,  1.000000,  0.000000 },
					   { -0.801238,  0.000000,  0.598346 } }
		}
	},

	{
		entity_name = "Zg/NPC/mTable3/02/C/SitLow",
		type = MARKER,
		template_name = "",
		lt_grp = 0, srt_grp = 0, usr_flg = 0,
		spatialprops =
		{
			pos = { 2.683099, 0, -1.361936 },
			orient = { { -0.834957,  0.000000,  0.550315 },
					   {  0.000000,  1.000000,  0.000000 },
					   { -0.550315,  0.000000, -0.834957 } }
		}
	},

	{
		entity_name = "Zg/NPC/mTable3/03/B/SitLow",
		type = MARKER,
		template_name = "",
		lt_grp = 0, srt_grp = 0, usr_flg = 0,
		spatialprops =
		{
			pos = { 1.094219, 0, -3.789034 },
			orient = { { -0.822091,  0.000000, -0.569357 },
					   {  0.000000,  1.000000,  0.000000 },
					   {  0.569357,  0.000000, -0.822091 } }
		}
	},

	{
		entity_name = "Zg/NPC/mTable3/03/C/SitLow",
		type = MARKER,
		template_name = "",
		lt_grp = 0, srt_grp = 0, usr_flg = 0,
		spatialprops =
		{
			pos = { 1.310075, 0, -2.592736 },
			orient = { {  0.583402,  0.000000, -0.812184 },
					   {  0.000000,  1.000000,  0.000000 },
					   {  0.812184,  0.000000,  0.583402 } }
		}
	},

	{
		entity_name = "Zg/NPC/mTable3/03/A/SitLow",
		type = MARKER,
		template_name = "",
		lt_grp = 0, srt_grp = 0, usr_flg = 0,
		spatialprops =
		{
			pos = { -0.667646, 0, -3.977218 },
			orient = { { -0.583297,  0.000000,  0.812259 },
					   {  0.000000,  1.000000,  0.000000 },
					   { -0.812259,  0.000000, -0.583297 } }
		}
	},

	{
		entity_name = "Zs/NPC/Bartender/01/A/Stand",
		type = MARKER,
		template_name = "",
		lt_grp = 0, srt_grp = 0, usr_flg = 0,
		spatialprops =
		{
			pos = { -3.084223, 0, 1.771654 },
			orient = { {  0.844328,  0.000000,  0.535827 },
					   {  0.000000,  1.000000,  0.000000 },
					   { -0.535827,  0.000000,  0.844328 } }
		}
	},

	{
		entity_name = "Zg/NPC/mFloor2/02/A/Stand",
		type = MARKER,
		template_name = "",
		lt_grp = 0, srt_grp = 0, usr_flg = 0,
		spatialprops =
		{
			pos = { -3.845041, 0, -2.149955 },
			orient = { {  0.442581,  0.000000,  0.896728 },
					   {  0.000000,  1.000000,  0.000000 },
					   { -0.896728,  0.000000,  0.442581 } }
		}
	},

	{
		entity_name = "Zg/NPC/mFloor2/02/B/Stand",
		type = MARKER,
		template_name = "",
		lt_grp = 0, srt_grp = 0, usr_flg = 0,
		spatialprops =
		{
			pos = { -2.788141, 0, -2.595045 },
			orient = { {  0.366885,  0.000000, -0.930266 },
					   {  0.000000,  1.000000,  0.000000 },
					   {  0.930266,  0.000000,  0.366885 } }
		}
	},

	{
		entity_name = "Zs/NPC/mFloor2/02/P2/Stand",
		type = MARKER,
		template_name = "",
		lt_grp = 0, srt_grp = 0, usr_flg = 0,
		spatialprops =
		{
			pos = { -2.407598, 0, -2.127439 },
			orient = { {  0.129096,  0.001972, -0.991630 },
					   { -0.002935,  0.999994,  0.001607 },
					   {  0.991628,  0.002703,  0.129101 } }
		}
	},

	{
		entity_name = "Zs/NPC/mFloor2/02/P/Stand",
		type = MARKER,
		template_name = "",
		lt_grp = 0, srt_grp = 0, usr_flg = 0,
		spatialprops =
		{
			pos = { -1.894356, -0.003936, -2.101371 },
			orient = { {  0.129096,  0.001972, -0.991630 },
					   { -0.002935,  0.999994,  0.001607 },
					   {  0.991628,  0.002703,  0.129101 } }
		}
	},

	{
		entity_name = "Zg/NPC/mFloor2/01/A/Stand",
		type = MARKER,
		template_name = "",
		lt_grp = 0, srt_grp = 0, usr_flg = 0,
		spatialprops =
		{
			pos = { -0.933697, 0, 1.530293 },
			orient = { {  0.625422,  0.000000,  0.780286 },
					   {  0.000000,  1.000000,  0.000000 },
					   { -0.780286,  0.000000,  0.625422 } }
		}
	},

	{
		entity_name = "Zg/NPC/mFloor2/01/B/Stand",
		type = MARKER,
		template_name = "",
		lt_grp = 0, srt_grp = 0, usr_flg = 0,
		spatialprops =
		{
			pos = { 0.058546, 0, 1.398529 },
			orient = { {  0.373721,  0.000000, -0.927541 },
					   {  0.000000,  1.000000,  0.000000 },
					   {  0.927541,  0.000000,  0.373721 } }
		}
	},

	{
		entity_name = "Zg/PC/Player/01/A/Stand",
		type = MARKER,
		template_name = "",
		lt_grp = 0, srt_grp = 0, usr_flg = 0,
		spatialprops =
		{
			pos = { 1.041345, 0, 5.560028 },
			orient = { {  0.999869,  0.000000, -0.016165 },
					   {  0.000000,  1.000000,  0.000000 },
					   {  0.016165,  0.000000,  0.999869 } }
		}
	},

	{
		entity_name = "Zg/NPC/rStool1/01/A/SitHigh",
		type = MARKER,
		template_name = "",
		lt_grp = 0, srt_grp = 0, usr_flg = 0,
		spatialprops =
		{
			pos = { -3.468203, 0, -0.226281 },
			orient = { { -0.947272,  0.000000, -0.320429 },
					   {  0.000000,  1.000000,  0.000000 },
					   {  0.320429,  0.000000, -0.947272 } }
		}
	},

	{
		entity_name = "Zs/NPC/mTable3/03/P2/Stand",
		type = MARKER,
		template_name = "",
		lt_grp = 0, srt_grp = 0, usr_flg = 0,
		spatialprops =
		{
			pos = { 0.012592, 0, -2.24123 },
			orient = { {  0.945272,  0.000000, -0.326283 },
					   {  0.000000,  1.000000,  0.000000 },
					   {  0.326283,  0.000000,  0.945272 } }
		}
	},

	{
		entity_name = "Zs/NPC/mTable3/03/P/Stand",
		type = MARKER,
		template_name = "",
		lt_grp = 0, srt_grp = 0, usr_flg = 0,
		spatialprops =
		{
			pos = { 0.217936, -0.0054, -1.770149 },
			orient = { {  0.945272,  0.000000, -0.326283 },
					   {  0.000000,  1.000000,  0.000000 },
					   {  0.326283,  0.000000,  0.945272 } }
		}
	},

	{
		entity_name = "Zs/NPC/mFloor2/01/P/Stand",
		type = MARKER,
		template_name = "",
		lt_grp = 0, srt_grp = 0, usr_flg = 0,
		spatialprops =
		{
			pos = { 0.660964, 0.974633, 1.30659 },
			orient = { {  0.062038,  0.000000, -0.998074 },
					   {  0.000000,  1.000000,  0.000000 },
					   {  0.998074,  0.000000,  0.062038 } }
		}
	},

	{
		entity_name = "Zs/NPC/mFloor2/01/P2/Stand",
		type = MARKER,
		template_name = "",
		lt_grp = 0, srt_grp = 0, usr_flg = 0,
		spatialprops =
		{
			pos = { 0.147145, 0.980033, 1.31513 },
			orient = { {  0.062038,  0.000000, -0.998074 },
					   {  0.000000,  1.000000,  0.000000 },
					   {  0.998074,  0.000000,  0.062038 } }
		}
	},

	{
		entity_name = "Camera_Mission",
		type = CAMERA,
		template_name = "",
		lt_grp = 0, srt_grp = 0, usr_flg = 0,
		spatialprops =
		{
			pos = { 2.630914, 1.936517, 1.758342 },
			orient = { { -0.999983,  0.000000,  0.005876 },
					   {  0.001350,  0.973237,  0.229799 },
					   { -0.005719,  0.229803, -0.973220 } }
		},
		cameraprops =
		{
			fovh = 30,
			hvaspect = 1.333333,
			nearplane = 0.5,
			farplane = 100
		}
	},

	{
		entity_name = "Zs/NPC/mTable3/02/Prop",
		type = MARKER,
		template_name = "",
		lt_grp = 0, srt_grp = 0, usr_flg = 0,
		spatialprops =
		{
			pos = { 3.615931, 0.797152, -0.155668 },
			orient = { {  0.933357,  0.000000,  0.358950 },
					   {  0.000000,  1.000000,  0.000000 },
					   { -0.358950,  0.000000,  0.933357 } }
		}
	},

	{
		entity_name = "Zs/NPC/mTable3/01/Prop",
		type = MARKER,
		template_name = "",
		lt_grp = 0, srt_grp = 0, usr_flg = 0,
		spatialprops =
		{
			pos = { 5.17515, 0.801237, 3.923072 },
			orient = { {  0.529036,  0.000000,  0.848600 },
					   {  0.000000,  1.000000,  0.000000 },
					   { -0.848600,  0.000000,  0.529036 } }
		}
	},

	{
		entity_name = "Zs/NPC/mTable3/03/Prop",
		type = MARKER,
		template_name = "",
		lt_grp = 0, srt_grp = 0, usr_flg = 0,
		spatialprops =
		{
			pos = { -0.155923, 0.833481, -3.54907 },
			orient = { {  0.994695,  0.000000, -0.102870 },
					   {  0.000000,  1.000000,  0.000000 },
					   {  0.102870,  0.000000,  0.994695 } }
		}
	},

	{
		entity_name = "Zs/NPC/mTable3/02/AC2/Camera",
		type = CAMERA,
		template_name = "",
		lt_grp = 0, srt_grp = 0, usr_flg = 0,
		flags = HIDDEN,
		spatialprops =
		{
			pos = { 1.32644, 1.761115, -0.058042 },
			orient = { { -0.118003,  0.000000,  0.993013 },
					   {  0.257147,  0.965889,  0.030558 },
					   { -0.959141,  0.258956, -0.113978 } }
		},
		cameraprops =
		{
			fovh = 30,
			hvaspect = 1.85,
			nearplane = 0.2,
			farplane = 5000
		}
	},

	{
		entity_name = "Zs/NPC/mTable3/02/ACS/Camera",
		type = CAMERA,
		template_name = "",
		lt_grp = 0, srt_grp = 0, usr_flg = 0,
		flags = HIDDEN,
		spatialprops =
		{
			pos = { 2.910048, 1.35249, 0.297457 },
			orient = { {  0.618663,  0.000000,  0.785656 },
					   {  0.124916,  0.987279, -0.098365 },
					   { -0.775662,  0.158996,  0.610793 } }
		},
		cameraprops =
		{
			fovh = 20,
			hvaspect = 1.85,
			nearplane = 0.2,
			farplane = 5000
		}
	},

	{
		entity_name = "Zs/NPC/mTable3/02/PCU/Camera",
		type = CAMERA,
		template_name = "",
		lt_grp = 0, srt_grp = 0, usr_flg = 0,
		flags = HIDDEN,
		spatialprops =
		{
			pos = { 3.252543, 1.531719, -0.055841 },
			orient = { { -0.991444,  0.000000, -0.130533 },
					   {  0.016478,  0.992000, -0.125157 },
					   {  0.129488, -0.126237, -0.983513 } }
		},
		cameraprops =
		{
			fovh = 20,
			hvaspect = 1.85,
			nearplane = 0.2,
			farplane = 5000
		}
	},

	{
		entity_name = "Zs/NPC/mTable3/02/PC2/Camera",
		type = CAMERA,
		template_name = "",
		lt_grp = 0, srt_grp = 0, usr_flg = 0,
		flags = HIDDEN,
		spatialprops =
		{
			pos = { 2.026669, 1.68243, -1.592755 },
			orient = { { -0.716140,  0.000000,  0.697956 },
					   {  0.161412,  0.972891,  0.165618 },
					   { -0.679036,  0.231264, -0.696726 } }
		},
		cameraprops =
		{
			fovh = 30,
			hvaspect = 1.85,
			nearplane = 0.2,
			farplane = 5000
		}
	},

	{
		entity_name = "Zs/NPC/mTable3/02/ACOL/Camera",
		type = CAMERA,
		template_name = "",
		lt_grp = 0, srt_grp = 0, usr_flg = 0,
		flags = HIDDEN,
		spatialprops =
		{
			pos = { 2.191267, 1.44259, 0.999868 },
			orient = { {  0.563082,  0.000000,  0.826401 },
					   {  0.166010,  0.979615, -0.113114 },
					   { -0.809555,  0.200883,  0.551604 } }
		},
		cameraprops =
		{
			fovh = 20,
			hvaspect = 1.85,
			nearplane = 0.2,
			farplane = 5000
		}
	},

	{
		entity_name = "Zs/NPC/mTable3/02/WFC/Camera",
		type = CAMERA,
		template_name = "",
		lt_grp = 0, srt_grp = 0, usr_flg = 0,
		flags = HIDDEN,
		spatialprops =
		{
			pos = { 1.544995, 2.908109, -3.626631 },
			orient = { { -0.882905,  0.000000,  0.469551 },
					   {  0.138493,  0.955513,  0.260411 },
					   { -0.448663,  0.294948, -0.843628 } }
		},
		cameraprops =
		{
			fovh = 30,
			hvaspect = 1.85,
			nearplane = 0.2,
			farplane = 5000
		}
	},

	{
		entity_name = "Zs/NPC/mTable3/02/ACOH/Camera",
		type = CAMERA,
		template_name = "",
		lt_grp = 0, srt_grp = 0, usr_flg = 0,
		flags = HIDDEN,
		spatialprops =
		{
			pos = { 2.443206, 1.91127, 1.13357 },
			orient = { {  0.647064,  0.000000,  0.762435 },
					   {  0.292972,  0.923226, -0.248640 },
					   { -0.703900,  0.384259,  0.597386 } }
		},
		cameraprops =
		{
			fovh = 20,
			hvaspect = 1.85,
			nearplane = 0.2,
			farplane = 5000
		}
	},

	{
		entity_name = "Zs/NPC/mTable3/02/TCI/Camera",
		type = CAMERA,
		template_name = "",
		lt_grp = 0, srt_grp = 0, usr_flg = 0,
		flags = HIDDEN,
		spatialprops =
		{
			pos = { 2.776947, 1.827796, 0.786351 },
			orient = { {  0.746766,  0.000000,  0.665087 },
					   {  0.388593,  0.811557, -0.436315 },
					   { -0.539756,  0.584273,  0.606043 } }
		},
		cameraprops =
		{
			fovh = 15,
			hvaspect = 1.85,
			nearplane = 0.2,
			farplane = 5000
		}
	},

	{
		entity_name = "Zs/NPC/mTable3/02/PCS/Camera",
		type = CAMERA,
		template_name = "",
		lt_grp = 0, srt_grp = 0, usr_flg = 0,
		flags = HIDDEN,
		spatialprops =
		{
			pos = { 3.440058, 1.472018, -0.737372 },
			orient = { { -0.993544,  0.000000, -0.113447 },
					   {  0.003487,  0.999528, -0.030537 },
					   {  0.113394, -0.030735, -0.993075 } }
		},
		cameraprops =
		{
			fovh = 20,
			hvaspect = 1.85,
			nearplane = 0.2,
			farplane = 5000
		}
	},

	{
		entity_name = "Zs/NPC/mTable3/02/ACU/Camera",
		type = CAMERA,
		template_name = "",
		lt_grp = 0, srt_grp = 0, usr_flg = 0,
		flags = HIDDEN,
		spatialprops =
		{
			pos = { 3.269962, 1.349782, -0.095539 },
			orient = { {  0.629338,  0.000000,  0.777132 },
					   {  0.113544,  0.989269, -0.091950 },
					   { -0.768792,  0.146106,  0.622585 } }
		},
		cameraprops =
		{
			fovh = 20,
			hvaspect = 1.85,
			nearplane = 0.2,
			farplane = 5000
		}
	},

	{
		entity_name = "Zs/NPC/mTable3/02/PCO/Camera",
		type = CAMERA,
		template_name = "",
		lt_grp = 0, srt_grp = 0, usr_flg = 0,
		flags = HIDDEN,
		spatialprops =
		{
			pos = { 3.918256, 1.206636, -1.362369 },
			orient = { { -0.982401,  0.000000, -0.186782 },
					   {  0.014252,  0.997085, -0.074960 },
					   {  0.186238, -0.076303, -0.979537 } }
		},
		cameraprops =
		{
			fovh = 20,
			hvaspect = 1.85,
			nearplane = 0.2,
			farplane = 5000
		}
	},

	{
		entity_name = "Zs/NPC/mTable3/01/AC2/Camera",
		type = CAMERA,
		template_name = "",
		lt_grp = 0, srt_grp = 0, usr_flg = 0,
		flags = HIDDEN,
		spatialprops =
		{
			pos = { 3.065813, 1.804655, 2.865152 },
			orient = { { -0.562862,  0.000000,  0.826551 },
					   {  0.231151,  0.960100,  0.157408 },
					   { -0.793572,  0.279657, -0.540403 } }
		},
		cameraprops =
		{
			fovh = 30,
			hvaspect = 1.85,
			nearplane = 0.2,
			farplane = 5000
		}
	},

	{
		entity_name = "Zs/NPC/mTable3/01/ACOH/Camera",
		type = CAMERA,
		template_name = "",
		lt_grp = 0, srt_grp = 0, usr_flg = 0,
		flags = HIDDEN,
		spatialprops =
		{
			pos = { 3.434905, 1.959786, 4.428853 },
			orient = { {  0.205398,  0.000000,  0.978679 },
					   {  0.388462,  0.917851, -0.081528 },
					   { -0.898281,  0.396925,  0.188525 } }
		},
		cameraprops =
		{
			fovh = 20,
			hvaspect = 1.85,
			nearplane = 0.2,
			farplane = 5000
		}
	},

	{
		entity_name = "Zs/NPC/mTable3/01/TCI/Camera",
		type = CAMERA,
		template_name = "",
		lt_grp = 0, srt_grp = 0, usr_flg = 0,
		flags = HIDDEN,
		spatialprops =
		{
			pos = { 4.021998, 1.667197, 4.31592 },
			orient = { {  0.322474,  0.000000,  0.946578 },
					   {  0.504345,  0.846236, -0.171817 },
					   { -0.801028,  0.532809,  0.272889 } }
		},
		cameraprops =
		{
			fovh = 15,
			hvaspect = 1.85,
			nearplane = 0.2,
			farplane = 5000
		}
	},

	{
		entity_name = "Zs/NPC/mTable3/01/ACS/Camera",
		type = CAMERA,
		template_name = "",
		lt_grp = 0, srt_grp = 0, usr_flg = 0,
		flags = HIDDEN,
		spatialprops =
		{
			pos = { 4.288719, 1.354161, 3.953321 },
			orient = { {  0.214538,  0.000000,  0.976716 },
					   {  0.152870,  0.987676, -0.033578 },
					   { -0.964678,  0.156514,  0.211894 } }
		},
		cameraprops =
		{
			fovh = 20,
			hvaspect = 1.85,
			nearplane = 0.2,
			farplane = 5000
		}
	},

	{
		entity_name = "Zs/NPC/mTable3/01/PCS/Camera",
		type = CAMERA,
		template_name = "",
		lt_grp = 0, srt_grp = 0, usr_flg = 0,
		flags = HIDDEN,
		spatialprops =
		{
			pos = { 5.232942, 1.471979, 3.372678 },
			orient = { { -0.801184,  0.000000, -0.598419 },
					   {  0.028326,  0.998879, -0.037924 },
					   {  0.597748, -0.047336, -0.800286 } }
		},
		cameraprops =
		{
			fovh = 20,
			hvaspect = 1.85,
			nearplane = 0.2,
			farplane = 5000
		}
	},

	{
		entity_name = "Zs/NPC/mTable3/01/ACU/Camera",
		type = CAMERA,
		template_name = "",
		lt_grp = 0, srt_grp = 0, usr_flg = 0,
		flags = HIDDEN,
		spatialprops =
		{
			pos = { 4.797971, 1.293242, 3.761687 },
			orient = { {  0.218412,  0.000000,  0.975857 },
					   {  0.081778,  0.996482, -0.018303 },
					   { -0.972424,  0.083801,  0.217644 } }
		},
		cameraprops =
		{
			fovh = 20,
			hvaspect = 1.85,
			nearplane = 0.2,
			farplane = 5000
		}
	},

	{
		entity_name = "Zs/NPC/mTable3/01/PCO/Camera",
		type = CAMERA,
		template_name = "",
		lt_grp = 0, srt_grp = 0, usr_flg = 0,
		flags = HIDDEN,
		spatialprops =
		{
			pos = { 5.939384, 1.179742, 2.880335 },
			orient = { { -0.789918,  0.000000, -0.613213 },
					   {  0.054600,  0.996028, -0.070333 },
					   {  0.610777, -0.089039, -0.786780 } }
		},
		cameraprops =
		{
			fovh = 20,
			hvaspect = 1.85,
			nearplane = 0.2,
			farplane = 5000
		}
	},

	{
		entity_name = "Zs/NPC/mTable3/01/WFC/Camera",
		type = CAMERA,
		template_name = "",
		lt_grp = 0, srt_grp = 0, usr_flg = 0,
		flags = HIDDEN,
		spatialprops =
		{
			pos = { -3.604288, 5.926704, 0.864703 },
			orient = { { -0.431128,  0.000000,  0.902291 },
					   {  0.554287,  0.789064,  0.264847 },
					   { -0.711966,  0.614310, -0.340188 } }
		},
		cameraprops =
		{
			fovh = 30,
			hvaspect = 1.85,
			nearplane = 0.2,
			farplane = 5000
		}
	},

	{
		entity_name = "Zs/NPC/mTable3/01/PCU/Camera",
		type = CAMERA,
		template_name = "",
		lt_grp = 0, srt_grp = 0, usr_flg = 0,
		flags = HIDDEN,
		spatialprops =
		{
			pos = { 4.790622, 1.502539, 3.80343 },
			orient = { { -0.793433,  0.000000, -0.608658 },
					   {  0.101263,  0.986063, -0.132004 },
					   {  0.600175, -0.166371, -0.782375 } }
		},
		cameraprops =
		{
			fovh = 20,
			hvaspect = 1.85,
			nearplane = 0.2,
			farplane = 5000
		}
	},

	{
		entity_name = "Zs/NPC/mTable3/01/ACOL/Camera",
		type = CAMERA,
		template_name = "",
		lt_grp = 0, srt_grp = 0, usr_flg = 0,
		flags = HIDDEN,
		spatialprops =
		{
			pos = { 3.383349, 1.337528, 4.230873 },
			orient = { {  0.143141,  0.000000,  0.989702 },
					   {  0.154913,  0.987674, -0.022405 },
					   { -0.977503,  0.156525,  0.141377 } }
		},
		cameraprops =
		{
			fovh = 20,
			hvaspect = 1.85,
			nearplane = 0.2,
			farplane = 5000
		}
	},

	{
		entity_name = "Zs/NPC/mTable3/01/PC2/Camera",
		type = CAMERA,
		template_name = "",
		lt_grp = 0, srt_grp = 0, usr_flg = 0,
		flags = HIDDEN,
		spatialprops =
		{
			pos = { 4.993905, 1.346106, 1.803224 },
			orient = { { -0.999376,  0.000000,  0.035309 },
					   {  0.003739,  0.994376,  0.105842 },
					   { -0.035110,  0.105908, -0.993756 } }
		},
		cameraprops =
		{
			fovh = 30,
			hvaspect = 1.85,
			nearplane = 0.2,
			farplane = 5000
		}
	},

	{
		entity_name = "Zs/NPC/mTable3/03/AC2/Camera",
		type = CAMERA,
		template_name = "",
		lt_grp = 0, srt_grp = 0, usr_flg = 0,
		flags = HIDDEN,
		spatialprops =
		{
			pos = { -1.243536, 1.833745, -1.458288 },
			orient = { {  0.795394,  0.000000,  0.606093 },
					   {  0.172630,  0.958580, -0.226548 },
					   { -0.580988,  0.284825,  0.762449 } }
		},
		cameraprops =
		{
			fovh = 30,
			hvaspect = 1.85,
			nearplane = 0.2,
			farplane = 5000
		}
	},

	{
		entity_name = "Zs/NPC/mTable3/03/ACOH/Camera",
		type = CAMERA,
		template_name = "",
		lt_grp = 0, srt_grp = 0, usr_flg = 0,
		flags = HIDDEN,
		spatialprops =
		{
			pos = { -0.182945, 1.945518, -1.629473 },
			orient = { {  0.999992,  0.000000,  0.004070 },
					   {  0.001620,  0.917419, -0.397920 },
					   { -0.003734,  0.397924,  0.917411 } }
		},
		cameraprops =
		{
			fovh = 20,
			hvaspect = 1.85,
			nearplane = 0.2,
			farplane = 5000
		}
	},

	{
		entity_name = "Zs/NPC/mTable3/03/TCI/Camera",
		type = CAMERA,
		template_name = "",
		lt_grp = 0, srt_grp = 0, usr_flg = 0,
		flags = HIDDEN,
		spatialprops =
		{
			pos = { -0.42425, 1.893533, -1.982588 },
			orient = { {  0.985644,  0.000000,  0.168834 },
					   {  0.093684,  0.831924, -0.546923 },
					   { -0.140457,  0.554889,  0.819982 } }
		},
		cameraprops =
		{
			fovh = 15,
			hvaspect = 1.85,
			nearplane = 0.2,
			farplane = 5000
		}
	},

	{
		entity_name = "Zs/NPC/mTable3/03/ACS/Camera",
		type = CAMERA,
		template_name = "",
		lt_grp = 0, srt_grp = 0, usr_flg = 0,
		flags = HIDDEN,
		spatialprops =
		{
			pos = { -0.347524, 1.57065, -2.317635 },
			orient = { {  0.997990,  0.000000, -0.063368 },
					   { -0.018243,  0.957663, -0.287312 },
					   {  0.060685,  0.287891,  0.955738 } }
		},
		cameraprops =
		{
			fovh = 20,
			hvaspect = 1.85,
			nearplane = 0.2,
			farplane = 5000
		}
	},

	{
		entity_name = "Zs/NPC/mTable3/03/PCS/Camera",
		type = CAMERA,
		template_name = "",
		lt_grp = 0, srt_grp = 0, usr_flg = 0,
		flags = HIDDEN,
		spatialprops =
		{
			pos = { -0.921039, 1.516378, -3.477371 },
			orient = { { -0.724398,  0.000000,  0.689382 },
					   { -0.008879,  0.999917, -0.009330 },
					   { -0.689325, -0.012880, -0.724337 } }
		},
		cameraprops =
		{
			fovh = 20,
			hvaspect = 1.85,
			nearplane = 0.2,
			farplane = 5000
		}
	},

	{
		entity_name = "Zs/NPC/mTable3/03/ACU/Camera",
		type = CAMERA,
		template_name = "",
		lt_grp = 0, srt_grp = 0, usr_flg = 0,
		flags = HIDDEN,
		spatialprops =
		{
			pos = { -0.505196, 1.355847, -2.98637 },
			orient = { {  0.999520,  0.000000, -0.030969 },
					   { -0.004778,  0.988029, -0.154196 },
					   {  0.030598,  0.154270,  0.987555 } }
		},
		cameraprops =
		{
			fovh = 20,
			hvaspect = 1.85,
			nearplane = 0.2,
			farplane = 5000
		}
	},

	{
		entity_name = "Zs/NPC/mTable3/03/PCO/Camera",
		type = CAMERA,
		template_name = "",
		lt_grp = 0, srt_grp = 0, usr_flg = 0,
		flags = HIDDEN,
		spatialprops =
		{
			pos = { -1.141165, 1.194471, -4.28739 },
			orient = { { -0.773482,  0.000000,  0.633819 },
					   { -0.055852,  0.996110, -0.068159 },
					   { -0.631353, -0.088120, -0.770473 } }
		},
		cameraprops =
		{
			fovh = 20,
			hvaspect = 1.85,
			nearplane = 0.2,
			farplane = 5000
		}
	},

	{
		entity_name = "Zs/NPC/mTable3/03/WFC/Camera",
		type = CAMERA,
		template_name = "",
		lt_grp = 0, srt_grp = 0, usr_flg = 0,
		flags = HIDDEN,
		spatialprops =
		{
			pos = { -3.667067, 2.637264, -2.026428 },
			orient = { {  0.224782,  0.000000,  0.974409 },
					   {  0.386134,  0.918132, -0.089076 },
					   { -0.894636,  0.396275,  0.206380 } }
		},
		cameraprops =
		{
			fovh = 30,
			hvaspect = 1.85,
			nearplane = 1,
			farplane = 5000
		}
	},

	{
		entity_name = "Zs/NPC/mTable3/03/PCU/Camera",
		type = CAMERA,
		template_name = "",
		lt_grp = 0, srt_grp = 0, usr_flg = 0,
		flags = HIDDEN,
		spatialprops =
		{
			pos = { -0.597731, 1.578045, -3.025727 },
			orient = { { -0.725252,  0.000000,  0.688484 },
					   { -0.040314,  0.998284, -0.042467 },
					   { -0.687302, -0.058555, -0.724007 } }
		},
		cameraprops =
		{
			fovh = 20,
			hvaspect = 1.85,
			nearplane = 0.2,
			farplane = 5000
		}
	},

	{
		entity_name = "Zs/NPC/mTable3/03/ACOL/Camera",
		type = CAMERA,
		template_name = "",
		lt_grp = 0, srt_grp = 0, usr_flg = 0,
		flags = HIDDEN,
		spatialprops =
		{
			pos = { -0.431625, 1.447516, -1.583139 },
			orient = { {  0.995802,  0.000000,  0.091531 },
					   {  0.018556,  0.979234, -0.201881 },
					   { -0.089631,  0.202732,  0.975124 } }
		},
		cameraprops =
		{
			fovh = 20,
			hvaspect = 1.85,
			nearplane = 0.2,
			farplane = 5000
		}
	},

	{
		entity_name = "Zs/NPC/mTable3/03/PC2/Camera",
		type = CAMERA,
		template_name = "",
		lt_grp = 0, srt_grp = 0, usr_flg = 0,
		flags = HIDDEN,
		spatialprops =
		{
			pos = { -2.419232, 1.221449, -3.090656 },
			orient = { {  0.048830,  0.000000,  0.998807 },
					   {  0.033614,  0.999434, -0.001643 },
					   { -0.998241,  0.033655,  0.048802 } }
		},
		cameraprops =
		{
			fovh = 30,
			hvaspect = 1.85,
			nearplane = 0.1,
			farplane = 5000
		}
	},

	{
		entity_name = "Zs/NPC/mFloor2/01/AC2/Camera",
		type = CAMERA,
		template_name = "",
		lt_grp = 0, srt_grp = 0, usr_flg = 0,
		flags = HIDDEN,
		spatialprops =
		{
			pos = { 0.009006, 1.697553, -0.003664 },
			orient = { { -0.977411,  0.000000, -0.211346 },
					   { -0.040255,  0.981693,  0.186168 },
					   {  0.207477,  0.190471, -0.959518 } }
		},
		cameraprops =
		{
			fovh = 30,
			hvaspect = 1.85,
			nearplane = 0.2,
			farplane = 5000
		}
	},

	{
		entity_name = "Zs/NPC/mFloor2/01/PCO/Camera",
		type = CAMERA,
		template_name = "",
		lt_grp = 0, srt_grp = 0, usr_flg = 0,
		flags = HIDDEN,
		spatialprops =
		{
			pos = { -1.350618, 1.748826, 1.196798 },
			orient = { { -0.291421,  0.000000,  0.956595 },
					   {  0.182465,  0.981640,  0.055587 },
					   { -0.939032,  0.190744, -0.286070 } }
		},
		cameraprops =
		{
			fovh = 25,
			hvaspect = 1.85,
			nearplane = 0.2,
			farplane = 5000
		}
	},

	{
		entity_name = "Zs/NPC/mFloor2/01/ACS/Camera",
		type = CAMERA,
		template_name = "",
		lt_grp = 0, srt_grp = 0, usr_flg = 0,
		flags = HIDDEN,
		spatialprops =
		{
			pos = { 0.131812, 1.633599, 0.857388 },
			orient = { { -0.658784,  0.000000, -0.752332 },
					   { -0.056625,  0.997164,  0.049584 },
					   {  0.750198,  0.075266, -0.656916 } }
		},
		cameraprops =
		{
			fovh = 25,
			hvaspect = 1.85,
			nearplane = 0.2,
			farplane = 5000
		}
	},

	{
		entity_name = "Zs/NPC/mFloor2/01/PCU/Camera",
		type = CAMERA,
		template_name = "",
		lt_grp = 0, srt_grp = 0, usr_flg = 0,
		flags = HIDDEN,
		spatialprops =
		{
			pos = { -0.592384, 1.70941, 1.225295 },
			orient = { { -0.245282,  0.000000,  0.969452 },
					   {  0.079042,  0.996671,  0.019999 },
					   { -0.966224,  0.081533, -0.244465 } }
		},
		cameraprops =
		{
			fovh = 25,
			hvaspect = 1.85,
			nearplane = 0.2,
			farplane = 5000
		}
	},

	{
		entity_name = "Zs/NPC/mFloor2/01/WFC/Camera",
		type = CAMERA,
		template_name = "",
		lt_grp = 0, srt_grp = 0, usr_flg = 0,
		flags = HIDDEN,
		spatialprops =
		{
			pos = { -6.69987, 6.651091, -0.774528 },
			orient = { { -0.187656,  0.000000,  0.982235 },
					   {  0.628390,  0.768579,  0.120054 },
					   { -0.754925,  0.639755, -0.144229 } }
		},
		cameraprops =
		{
			fovh = 30,
			hvaspect = 1.85,
			nearplane = 0.2,
			farplane = 5000
		}
	},

	{
		entity_name = "Zs/NPC/mFloor2/01/ACOH/Camera",
		type = CAMERA,
		template_name = "",
		lt_grp = 0, srt_grp = 0, usr_flg = 0,
		flags = HIDDEN,
		spatialprops =
		{
			pos = { 0.453087, 1.760144, 0.771921 },
			orient = { { -0.662877,  0.000000, -0.748729 },
					   { -0.143728,  0.981402,  0.127247 },
					   {  0.734804,  0.191962, -0.650549 } }
		},
		cameraprops =
		{
			fovh = 25,
			hvaspect = 1.85,
			nearplane = 0.2,
			farplane = 5000
		}
	},

	{
		entity_name = "Zs/NPC/mFloor2/01/TCI/Camera",
		type = CAMERA,
		template_name = "",
		lt_grp = 0, srt_grp = 0, usr_flg = 0,
		flags = HIDDEN,
		spatialprops =
		{
			pos = { 0.330018, 1.750647, 0.723056 },
			orient = { { -0.565083,  0.000000, -0.825034 },
					   { -0.404858,  0.871319,  0.277296 },
					   {  0.718868,  0.490717, -0.492367 } }
		},
		cameraprops =
		{
			fovh = 15,
			hvaspect = 1.85,
			nearplane = 0.2,
			farplane = 5000
		}
	},

	{
		entity_name = "Zs/NPC/mFloor2/01/PCS/Camera",
		type = CAMERA,
		template_name = "",
		lt_grp = 0, srt_grp = 0, usr_flg = 0,
		flags = HIDDEN,
		spatialprops =
		{
			pos = { -1.061695, 1.634584, 1.162243 },
			orient = { { -0.295882,  0.000000,  0.955224 },
					   {  0.073703,  0.997019,  0.022830 },
					   { -0.952377,  0.077157, -0.295000 } }
		},
		cameraprops =
		{
			fovh = 25,
			hvaspect = 1.85,
			nearplane = 0.2,
			farplane = 5000
		}
	},

	{
		entity_name = "Zs/NPC/mFloor2/01/ACU/Camera",
		type = CAMERA,
		template_name = "",
		lt_grp = 0, srt_grp = 0, usr_flg = 0,
		flags = HIDDEN,
		spatialprops =
		{
			pos = { -0.214161, 1.656752, 1.138347 },
			orient = { { -0.568582,  0.000000, -0.822627 },
					   { -0.009261,  0.999937,  0.006401 },
					   {  0.822575,  0.011258, -0.568546 } }
		},
		cameraprops =
		{
			fovh = 25,
			hvaspect = 1.85,
			nearplane = 0.2,
			farplane = 5000
		}
	},

	{
		entity_name = "Zs/NPC/mFloor2/01/PC2/Camera",
		type = CAMERA,
		template_name = "",
		lt_grp = 0, srt_grp = 0, usr_flg = 0,
		flags = HIDDEN,
		spatialprops =
		{
			pos = { -1.380509, 1.700538, 0.251049 },
			orient = { { -0.781466,  0.000000,  0.623948 },
					   {  0.116633,  0.982374,  0.146077 },
					   { -0.612950,  0.186927, -0.767691 } }
		},
		cameraprops =
		{
			fovh = 30,
			hvaspect = 1.85,
			nearplane = 0.1,
			farplane = 5000
		}
	},

	{
		entity_name = "Zs/NPC/mFloor2/02/PC2/Camera",
		type = CAMERA,
		template_name = "",
		lt_grp = 0, srt_grp = 0, usr_flg = 0,
		flags = HIDDEN,
		spatialprops =
		{
			pos = { -3.829371, 1.630246, -4.064178 },
			orient = { { -0.949555,  0.000000,  0.313600 },
					   {  0.063712,  0.979145,  0.192915 },
					   { -0.307060,  0.203164, -0.929752 } }
		},
		cameraprops =
		{
			fovh = 30,
			hvaspect = 1.85,
			nearplane = 0.2,
			farplane = 5000
		}
	},

	{
		entity_name = "Zs/NPC/mFloor2/02/ACU/Camera",
		type = CAMERA,
		template_name = "",
		lt_grp = 0, srt_grp = 0, usr_flg = 0,
		flags = HIDDEN,
		spatialprops =
		{
			pos = { -2.850648, 1.660724, -2.421406 },
			orient = { { -0.390073,  0.000000, -0.920784 },
					   { -0.038477,  0.999126,  0.016300 },
					   {  0.919980,  0.041788, -0.389732 } }
		},
		cameraprops =
		{
			fovh = 25,
			hvaspect = 1.85,
			nearplane = 0.2,
			farplane = 5000
		}
	},

	{
		entity_name = "Zs/NPC/mFloor2/02/PCS/Camera",
		type = CAMERA,
		template_name = "",
		lt_grp = 0, srt_grp = 0, usr_flg = 0,
		flags = HIDDEN,
		spatialprops =
		{
			pos = { -3.776901, 1.698686, -2.485688 },
			orient = { { -0.387431,  0.000000,  0.921899 },
					   {  0.135776,  0.989095,  0.057061 },
					   { -0.911845,  0.147279, -0.383206 } }
		},
		cameraprops =
		{
			fovh = 25,
			hvaspect = 1.85,
			nearplane = 0.2,
			farplane = 5000
		}
	},

	{
		entity_name = "Zs/NPC/mFloor2/02/TCI/Camera",
		type = CAMERA,
		template_name = "",
		lt_grp = 0, srt_grp = 0, usr_flg = 0,
		flags = HIDDEN,
		spatialprops =
		{
			pos = { -2.773106, 2.025706, -2.888374 },
			orient = { { -0.678944,  0.000000, -0.734190 },
					   { -0.506072,  0.724483,  0.467991 },
					   {  0.531909,  0.689292, -0.491884 } }
		},
		cameraprops =
		{
			fovh = 15,
			hvaspect = 1.85,
			nearplane = 0.2,
			farplane = 5000
		}
	},

	{
		entity_name = "Zs/NPC/mFloor2/02/ACOH/Camera",
		type = CAMERA,
		template_name = "",
		lt_grp = 0, srt_grp = 0, usr_flg = 0,
		flags = HIDDEN,
		spatialprops =
		{
			pos = { -1.93737, 1.763106, -2.430119 },
			orient = { { -0.388384,  0.000000, -0.921498 },
					   { -0.197880,  0.976672,  0.083400 },
					   {  0.900001,  0.214737, -0.379324 } }
		},
		cameraprops =
		{
			fovh = 25,
			hvaspect = 1.85,
			nearplane = 0.2,
			farplane = 5000
		}
	},

	{
		entity_name = "Zs/NPC/mFloor2/02/AC2/Camera",
		type = CAMERA,
		template_name = "",
		lt_grp = 0, srt_grp = 0, usr_flg = 0,
		flags = HIDDEN,
		spatialprops =
		{
			pos = { -2.344196, 1.710929, -3.830113 },
			orient = { { -0.930264,  0.000000, -0.366891 },
					   { -0.080681,  0.975521,  0.204570 },
					   {  0.357910,  0.219906, -0.907492 } }
		},
		cameraprops =
		{
			fovh = 30,
			hvaspect = 1.85,
			nearplane = 0.2,
			farplane = 5000
		}
	},

	{
		entity_name = "Zs/NPC/mFloor2/02/WFC/Camera",
		type = CAMERA,
		template_name = "",
		lt_grp = 0, srt_grp = 0, usr_flg = 0,
		flags = HIDDEN,
		spatialprops =
		{
			pos = { -5.294192, 5.396351, -6.84953 },
			orient = { { -0.920445,  0.000000,  0.390873 },
					   {  0.221630,  0.823709,  0.521904 },
					   { -0.321965,  0.567013, -0.758178 } }
		},
		cameraprops =
		{
			fovh = 30,
			hvaspect = 1.33,
			nearplane = 0.2,
			farplane = 5000
		}
	},

	{
		entity_name = "Zs/NPC/mFloor2/02/PCU/Camera",
		type = CAMERA,
		template_name = "",
		lt_grp = 0, srt_grp = 0, usr_flg = 0,
		flags = HIDDEN,
		spatialprops =
		{
			pos = { -3.173892, 1.709169, -2.26982 },
			orient = { { -0.297817,  0.000000,  0.954623 },
					   {  0.111289,  0.993181,  0.034719 },
					   { -0.948114,  0.116579, -0.295786 } }
		},
		cameraprops =
		{
			fovh = 25,
			hvaspect = 1.85,
			nearplane = 0.2,
			farplane = 5000
		}
	},

	{
		entity_name = "Zs/NPC/mFloor2/02/ACS/Camera",
		type = CAMERA,
		template_name = "",
		lt_grp = 0, srt_grp = 0, usr_flg = 0,
		flags = HIDDEN,
		spatialprops =
		{
			pos = { -2.383386, 1.492044, -2.511664 },
			orient = { { -0.411591,  0.000000, -0.911369 },
					   { -0.013991,  0.999882,  0.006319 },
					   {  0.911261,  0.015352, -0.411542 } }
		},
		cameraprops =
		{
			fovh = 25,
			hvaspect = 1.85,
			nearplane = 0.2,
			farplane = 5000
		}
	},

	{
		entity_name = "Zs/NPC/mFloor2/02/PCO/Camera",
		type = CAMERA,
		template_name = "",
		lt_grp = 0, srt_grp = 0, usr_flg = 0,
		flags = HIDDEN,
		spatialprops =
		{
			pos = { -4.20531, 1.76149, -2.456721 },
			orient = { { -0.375675,  0.000000,  0.926751 },
					   {  0.196234,  0.977325,  0.079547 },
					   { -0.905738,  0.211744, -0.367157 } }
		},
		cameraprops =
		{
			fovh = 25,
			hvaspect = 1.85,
			nearplane = 0.2,
			farplane = 5000
		}
	},

	{
		entity_name = "Prop_Ashtray_3_01",
		type = COMPOUND,
		template_name = "Ashtray_3",
		lt_grp = 0, srt_grp = 0, usr_flg = 0,
		flags = LIT_DYNAMIC,
		spatialprops =
		{
			pos = { -1.783034, 1.203425, 2.11874 },
			orient = { { 1, 0, 0 }, { 0, 1, 0 }, { 0, 0, 1 } }
		},
