duration = 30.000;

entities =
{

	{
		entity_name = "Layer_Ambient_li_03_Trader",
		type = SCENE,
		template_name = "",
		lt_grp = 0, srt_grp = 0, usr_flg = 0,
		spatialprops =
		{
			pos = { 0, 0, 0 },
			orient = { { 1, 0, 0 }, { 0, 1, 0 }, { 0, 0, 1 } }
		},
		up = Y_AXIS,
		front = Z_AXIS,
		ambient = { 128, 132, 128 }
	},

	{
		entity_name = "LtInfGold",
		type = LIGHT,
		template_name = "",
		lt_grp = 0, srt_grp = 0, usr_flg = 0,
		spatialprops =
		{
			pos = { 0, 0, 0 },
			orient = { { -0.606209,  0.065329,  0.792618 },
					   { -0.266899,  0.922112, -0.280132 },
					   { -0.749183, -0.381367, -0.541556 } }
		},
		lightprops =
		{
			on = Y,
			color = { 190, 54, 39 },
			diffuse = { 0.760784, 0.67451, 0.470588 },
			specular = { 0, 0, 0 },
			ambient = { 0, 0, 0 },
			direction = { 0, 0, 1 },
			range = 2000,
			cutoff = 90,
			type = L_DIRECT,
			theta = 90,
			atten = { 1, 0, 4e-006 }
		}
	},

	{
		entity_name = "LtInfCoral",
		type = LIGHT,
		template_name = "",
		lt_grp = 0, srt_grp = 0, usr_flg = 0,
		spatialprops =
		{
			pos = { 0, 0, 0 },
			orient = { {  0.570782,  0.008858, -0.821054 },
					   {  0.049299,  0.997768,  0.045036 },
					   {  0.819621, -0.066183,  0.569071 } }
		},
		lightprops =
		{
			on = Y,
			color = { 75, 89, 135 },
			diffuse = { 0.882353, 0.545098, 0.435294 },
			specular = { 0, 0, 0 },
			ambient = { 0, 0, 0 },
			direction = { 0, 0, 1 },
			range = 2000,
			cutoff = 90,
			type = L_DIRECT,
			theta = 90,
			atten = { 1, 0, 4e-006 }
		}
	},

	{
		entity_name = "LtPtCounter1",
		type = LIGHT,
		template_name = "",
		lt_grp = 0, srt_grp = 0, usr_flg = 0,
		spatialprops =
		{
			pos = { 2.828059, 1.219223, 0.017331 },
			orient = { { -0.724000,  0.000000,  0.689800 },
					   {  0.000000,  1.000000,  0.000000 },
					   { -0.689800,  0.000000, -0.724000 } }
		},
		lightprops =
		{
			on = Y,
			color = { 190, 54, 39 },
			diffuse = { 0.847059, 0.627451, 0.337255 },
			specular = { 0, 0, 0 },
			ambient = { 0, 0, 0 },
			direction = { 0, 0, 1 },
			range = 1.5,
			cutoff = 90,
			type = L_POINT,
			theta = 90,
			atten = { 1, 0, 3 }
		}
	},

	{
		entity_name = "LtPtCounter2",
		type = LIGHT,
		template_name = "",
		lt_grp = 0, srt_grp = 0, usr_flg = 0,
		spatialprops =
		{
			pos = { -2.73959, 1.219223, 0.172733 },
			orient = { { -0.724000,  0.000000,  0.689800 },
					   {  0.000000,  1.000000,  0.000000 },
					   { -0.689800,  0.000000, -0.724000 } }
		},
		lightprops =
		{
			on = Y,
			color = { 190, 54, 39 },
			diffuse = { 0.847059, 0.627451, 0.337255 },
			specular = { 0, 0, 0 },
			ambient = { 0, 0, 0 },
			direction = { 0, 0, 1 },
			range = 1.5,
			cutoff = 90,
			type = L_POINT,
			theta = 90,
			atten = { 1, 0, 3 }
		}
	},

	{
		entity_name = "LtPtEntryWay1",
		type = LIGHT,
		template_name = "",
		lt_grp = 0, srt_grp = 0, usr_flg = 0,
		spatialprops =
		{
			pos = { -14.988, 4.445336, -0.04231 },
			orient = { { -0.724000,  0.000000,  0.689800 },
					   {  0.000000,  1.000000,  0.000000 },
					   { -0.689800,  0.000000, -0.724000 } }
		},
		lightprops =
		{
			on = Y,
			color = { 190, 54, 39 },
			diffuse = { 0.847059, 0.627451, 0.337255 },
			specular = { 0, 0, 0 },
			ambient = { 0, 0, 0 },
			direction = { 0, 0, 1 },
			range = 8,
			cutoff = 90,
			type = L_POINT,
			theta = 90,
			atten = { 1, 0, 0.1 }
		}
	},

	{
		entity_name = "LtPtEntryWay2",
		type = LIGHT,
		template_name = "",
		lt_grp = 0, srt_grp = 0, usr_flg = 0,
		spatialprops =
		{
			pos = { 16.57111, 4.445336, 0.025537 },
			orient = { { -0.724000,  0.000000,  0.689800 },
					   {  0.000000,  1.000000,  0.000000 },
					   { -0.689800,  0.000000, -0.724000 } }
		},
		lightprops =
		{
			on = Y,
			color = { 190, 54, 39 },
			diffuse = { 0.847059, 0.627451, 0.337255 },
			specular = { 0, 0, 0 },
			ambient = { 0, 0, 0 },
			direction = { 0, 0, 1 },
			range = 8,
			cutoff = 90,
			type = L_POINT,
			theta = 90,
			atten = { 1, 0, 0.1 }
		}
	},

	{
		entity_name = "LtInfCoral_g3",
		type = LIGHT,
		template_name = "",
		lt_grp = 3, srt_grp = 0, usr_flg = 0,
		spatialprops =
		{
			pos = { 0, 0, 0 },
			orient = { {  0.570781,  0.008858, -0.821054 },
					   {  0.049299,  0.997768,  0.045036 },
					   {  0.819621, -0.066183,  0.569071 } }
		},
		lightprops =
		{
			on = Y,
			color = { 75, 89, 135 },
			diffuse = { 0.882353, 0.545098, 0.435294 },
			specular = { 0, 0, 0 },
			ambient = { 0, 0, 0 },
			direction = { 0, 0, 1 },
			range = 2000,
			cutoff = 90,
			type = L_DIRECT,
			theta = 90,
			atten = { 1, 0, 4e-006 }
		}
	},

	{
		entity_name = "LtInfGold_g3",
		type = LIGHT,
		template_name = "",
		lt_grp = 3, srt_grp = 0, usr_flg = 0,
		spatialprops =
		{
			pos = { 0, 0, 0 },
			orient = { { -0.606209,  0.065329,  0.792618 },
					   { -0.266899,  0.922112, -0.280132 },
					   { -0.749183, -0.381367, -0.541556 } }
		},
		lightprops =
		{
			on = Y,
			color = { 190, 54, 39 },
			diffuse = { 0.760784, 0.67451, 0.470588 },
			specular = { 0, 0, 0 },
			ambient = { 0, 0, 0 },
			direction = { 0, 0, 1 },
			range = 2000,
			cutoff = 90,
			type = L_DIRECT,
			theta = 90,
			atten = { 1, 0, 4e-006 }
		}
	},

	{
		entity_name = "LtPtCounter1_g3",
		type = LIGHT,
		template_name = "",
		lt_grp = 3, srt_grp = 0, usr_flg = 0,
		spatialprops =
		{
			pos = { 2.828059, 1.219223, 0.017331 },
			orient = { { -0.724000,  0.000000,  0.689800 },
					   {  0.000000,  1.000000,  0.000000 },
					   { -0.689800,  0.000000, -0.724000 } }
		},
		lightprops =
		{
			on = Y,
			color = { 190, 54, 39 },
			diffuse = { 0.847059, 0.627451, 0.337255 },
			specular = { 0, 0, 0 },
			ambient = { 0, 0, 0 },
			direction = { 0, 0, 1 },
			range = 1.5,
			cutoff = 90,
			type = L_POINT,
			theta = 90,
			atten = { 1, 0, 3 }
		}
	},

	{
		entity_name = "LtPtCounter2_g3",
		type = LIGHT,
		template_name = "",
		lt_grp = 3, srt_grp = 0, usr_flg = 0,
		spatialprops =
		{
			pos = { -2.73959, 1.219223, 0.172733 },
			orient = { { -0.724000,  0.000000,  0.689800 },
					   {  0.000000,  1.000000,  0.000000 },
					   { -0.689800,  0.000000, -0.724000 } }
		},
		lightprops =
		{
			on = Y,
			color = { 190, 54, 39 },
			diffuse = { 0.847059, 0.627451, 0.337255 },
			specular = { 0, 0, 0 },
			ambient = { 0, 0, 0 },
			direction = { 0, 0, 1 },
			range = 1.5,
			cutoff = 90,
			type = L_POINT,
			theta = 90,
			atten = { 1, 0, 3 }
		}
	},

	{
		entity_name = "LtPtEntryWay1_g3",
		type = LIGHT,
		template_name = "",
		lt_grp = 3, srt_grp = 0, usr_flg = 0,
		spatialprops =
		{
			pos = { -14.988, 4.445336, -0.04231 },
			orient = { { -0.724000,  0.000000,  0.689800 },
					   {  0.000000,  1.000000,  0.000000 },
					   { -0.689800,  0.000000, -0.724000 } }
		},
		lightprops =
		{
			on = Y,
			color = { 190, 54, 39 },
			diffuse = { 0.847059, 0.627451, 0.337255 },
			specular = { 0, 0, 0 },
			ambient = { 0, 0, 0 },
			direction = { 0, 0, 1 },
			range = 8,
			cutoff = 90,
			type = L_POINT,
			theta = 90,
			atten = { 1, 0, 0.1 }
		}
	},

	{
		entity_name = "LtPtEntryWay2_g3",
		type = LIGHT,
		template_name = "",
		lt_grp = 3, srt_grp = 0, usr_flg = 0,
		spatialprops =
		{
			pos = { 16.57111, 4.445336, 0.025537 },
			orient = { { -0.724000,  0.000000,  0.689800 },
					   {  0.000000,  1.000000,  0.000000 },
					   { -0.689800,  0.000000, -0.724000 } }
		},
		lightprops =
		{
			on = Y,
			color = { 190, 54, 39 },
			diffuse = { 0.847059, 0.627451, 0.337255 },
			specular = { 0, 0, 0 },
			ambient = { 0, 0, 0 },
			direction = { 0, 0, 1 },
			range = 8,
			cutoff = 90,
			type = L_POINT,
			theta = 90,
			atten = { 1, 0, 0.1 }
		}
	}
};

events =
{
};
