duration = 38.366;

entities =
{

	{
		entity_name = "Zg/NPC/mFloor2/01/B/Stand",
		type = MARKER,
		template_name = "",
		lt_grp = 0, srt_grp = 0, usr_flg = 0,
		spatialprops =
		{
			pos = { 4.454843, 0, -5.589845 },
			orient = { { -0.920296,  0.000000,  0.391222 },
					   {  0.000000,  1.000000,  0.000000 },
					   { -0.391222,  0.000000, -0.920296 } }
		}
	},

	{
		entity_name = "Zs/NPC/Bartender/01/AC2/Camera",
		type = CAMERA,
		template_name = "",
		lt_grp = 0, srt_grp = 0, usr_flg = 0,
		flags = HIDDEN,
		spatialprops =
		{
			pos = { -2.190884, 1.677214, 0.385914 },
			orient = { {  0.888485,  0.000000, -0.458905 },
					   { -0.081502,  0.984103, -0.157795 },
					   {  0.451610,  0.177601,  0.874361 } }
		},
		cameraprops =
		{
			fovh = 30,
			hvaspect = 1.85,
			nearplane = 0.2,
			farplane = 5000
		}
	},

	{
		entity_name = "Zs/NPC/Bartender/01/ACOH/Camera",
		type = CAMERA,
		template_name = "",
		lt_grp = 0, srt_grp = 0, usr_flg = 0,
		flags = HIDDEN,
		spatialprops =
		{
			pos = { -3.374798, 1.752284, -0.048867 },
			orient = { {  0.946231,  0.000000,  0.323490 },
					   {  0.057866,  0.983871, -0.169263 },
					   { -0.318273,  0.178881,  0.930969 } }
		},
		cameraprops =
		{
			fovh = 25,
			hvaspect = 1.85,
			nearplane = 0.2,
			farplane = 5000
		}
	},

	{
		entity_name = "Zs/NPC/Bartender/01/ACS/Camera",
		type = CAMERA,
		template_name = "",
		lt_grp = 0, srt_grp = 0, usr_flg = 0,
		flags = HIDDEN,
		spatialprops =
		{
			pos = { -2.978601, 1.632344, -0.369205 },
			orient = { {  0.969170,  0.000000,  0.246394 },
					   {  0.015709,  0.997966, -0.061788 },
					   { -0.245893,  0.063754,  0.967198 } }
		},
		cameraprops =
		{
			fovh = 25,
			hvaspect = 1.85,
			nearplane = 0.2,
			farplane = 5000
		}
	},

	{
		entity_name = "Zs/NPC/Bartender/01/P/Stand",
		type = MARKER,
		template_name = "",
		lt_grp = 0, srt_grp = 0, usr_flg = 0,
		spatialprops =
		{
			pos = { -3.729412, -0.0054, -0.280824 },
			orient = { {  0.526633,  0.000000,  0.850093 },
					   {  0.000000,  1.000000,  0.000000 },
					   { -0.850093,  0.000000,  0.526633 } }
		}
	},

	{
		entity_name = "Zs/NPC/Bartender/01/P2/Stand",
		type = MARKER,
		template_name = "",
		lt_grp = 0, srt_grp = 0, usr_flg = 0,
		spatialprops =
		{
			pos = { -3.315185, 0, -0.584962 },
			orient = { {  0.526633,  0.000000,  0.850093 },
					   {  0.000000,  1.000000,  0.000000 },
					   { -0.850093,  0.000000,  0.526633 } }
		}
	},

	{
		entity_name = "Zs/NPC/Bartender/01/PC2/Camera",
		type = CAMERA,
		template_name = "",
		lt_grp = 0, srt_grp = 0, usr_flg = 0,
		flags = HIDDEN,
		spatialprops =
		{
			pos = { -1.380016, 1.779785, -0.713917 },
			orient = { {  0.284064,  0.000000, -0.958805 },
					   { -0.224576,  0.972182, -0.066535 },
					   {  0.932134,  0.234225,  0.276162 } }
		},
		cameraprops =
		{
			fovh = 30,
			hvaspect = 1.85,
			nearplane = 0.2,
			farplane = 5000
		}
	},

	{
		entity_name = "Zs/NPC/Bartender/01/PCO/Camera",
		type = CAMERA,
		template_name = "",
		lt_grp = 0, srt_grp = 0, usr_flg = 0,
		flags = HIDDEN,
		spatialprops =
		{
			pos = { -1.860814, 1.774751, -1.536144 },
			orient = { { -0.288004,  0.000000, -0.957629 },
					   { -0.191944,  0.979707,  0.057727 },
					   {  0.938196,  0.200437, -0.282159 } }
		},
		cameraprops =
		{
			fovh = 25,
			hvaspect = 1.85,
			nearplane = 0.2,
			farplane = 5000
		}
	},

	{
		entity_name = "Zs/NPC/Bartender/01/PCS/Camera",
		type = CAMERA,
		template_name = "",
		lt_grp = 0, srt_grp = 0, usr_flg = 0,
		flags = HIDDEN,
		spatialprops =
		{
			pos = { -2.275371, 1.643224, -1.220881 },
			orient = { { -0.280370,  0.000000, -0.959892 },
					   { -0.074512,  0.996983,  0.021764 },
					   {  0.956996,  0.077626, -0.279524 } }
		},
		cameraprops =
		{
			fovh = 25,
			hvaspect = 1.85,
			nearplane = 0.2,
			farplane = 5000
		}
	},

	{
		entity_name = "Zs/NPC/Bartender/01/WFC/Camera",
		type = CAMERA,
		template_name = "",
		lt_grp = 0, srt_grp = 0, usr_flg = 0,
		flags = HIDDEN,
		spatialprops =
		{
			pos = { -5.811765, 0.241556, 0.829559 },
			orient = { {  0.983906,  0.000000, -0.178686 },
					   {  0.043092,  0.970485,  0.237280 },
					   {  0.173412, -0.241162,  0.954866 } }
		},
		cameraprops =
		{
			fovh = 30,
			hvaspect = 1.85,
			nearplane = 0.2,
			farplane = 5000
		}
	},

	{
		entity_name = "Zg/NPC/mFloor2/01/A/Stand",
		type = MARKER,
		template_name = "",
		lt_grp = 0, srt_grp = 0, usr_flg = 0,
		spatialprops =
		{
			pos = { 5.559494, 0, -4.940012 },
			orient = { { -0.033546,  0.000000, -0.999437 },
					   {  0.000000,  1.000000,  0.000000 },
					   {  0.999437,  0.000000, -0.033546 } }
		}
	},

	{
		entity_name = "Zg/PC/Player/01/A/Stand",
		type = MARKER,
		template_name = "",
		lt_grp = 0, srt_grp = 0, usr_flg = 0,
		spatialprops =
		{
			pos = { -5.435648, 0, -6.684933 },
			orient = { { -0.999378,  0.000000,  0.035266 },
					   {  0.000000,  1.000000,  0.000000 },
					   { -0.035266,  0.000000, -0.999378 } }
		}
	},

	{
		entity_name = "Layer_Li_09_Bar_hardpoint_02",
		type = SCENE,
		template_name = "",
		lt_grp = 0, srt_grp = 0, usr_flg = 0,
		spatialprops =
		{
			pos = { 0, 0, 0 },
			orient = { { 1, 0, 0 }, { 0, 1, 0 }, { 0, 0, 1 } }
		},
		up = Y_AXIS,
		front = Z_AXIS,
		ambient = { 168, 168, 168 }
	},

	{
		entity_name = "Camera_Mission",
		type = CAMERA,
		template_name = "",
		lt_grp = 0, srt_grp = 0, usr_flg = 0,
		spatialprops =
		{
			pos = { -0.899007, 1.662763, -5.314538 },
			orient = { {  0.999979,  0.000000,  0.006533 },
					   { -0.000096,  0.999892,  0.014727 },
					   { -0.006532, -0.014728,  0.999870 } }
		},
		cameraprops =
		{
			fovh = 30,
			hvaspect = 1.333333,
			nearplane = 1,
			farplane = 100
		}
	},

	{
		entity_name = "Camera_News",
		type = CAMERA,
		template_name = "",
		lt_grp = 0, srt_grp = 0, usr_flg = 0,
		spatialprops =
		{
			pos = { 0.883348, 1.649254, -5.312243 },
			orient = { {  0.999978,  0.000000, -0.006565 },
					   {  0.000126,  0.999817,  0.019148 },
					   {  0.006564, -0.019148,  0.999795 } }
		},
		cameraprops =
		{
			fovh = 30,
			hvaspect = 1.333333,
			nearplane = 1,
			farplane = 100
		}
	},

	{
		entity_name = "Zg/NPC/mFloor2/02/A/Stand",
		type = MARKER,
		template_name = "",
		lt_grp = 0, srt_grp = 0, usr_flg = 0,
		spatialprops =
		{
			pos = { 4.934744, 0, 1.293235 },
			orient = { {  0.733623,  0.000000, -0.679556 },
					   {  0.000000,  1.000000,  0.000000 },
					   {  0.679556,  0.000000,  0.733623 } }
		}
	},

	{
		entity_name = "Zg/NPC/mFloor2/02/B/Stand",
		type = MARKER,
		template_name = "",
		lt_grp = 0, srt_grp = 0, usr_flg = 0,
		spatialprops =
		{
			pos = { 4.448011, 0, 0.261452 },
			orient = { { -0.999275,  0.000000,  0.038085 },
					   {  0.000000,  1.000000,  0.000000 },
					   { -0.038085,  0.000000, -0.999275 } }
		}
	},

	{
		entity_name = "Zs/NPC/mFloor2/01/P/Stand",
		type = MARKER,
		template_name = "",
		lt_grp = 0, srt_grp = 0, usr_flg = 0,
		spatialprops =
		{
			pos = { 3.749203, -0.0054, -5.181871 },
			orient = { { -0.344904,  0.000000,  0.938638 },
					   {  0.000000,  1.000000,  0.000000 },
					   { -0.938638,  0.000000, -0.344904 } }
		}
	},

	{
		entity_name = "Zs/NPC/mFloor2/01/P2/Stand",
		type = MARKER,
		template_name = "",
		lt_grp = 0, srt_grp = 0, usr_flg = 0,
		spatialprops =
		{
			pos = { 4.244002, 0, -5.043098 },
			orient = { { -0.344904,  0.000000,  0.938638 },
					   {  0.000000,  1.000000,  0.000000 },
					   { -0.938638,  0.000000, -0.344904 } }
		}
	},

	{
		entity_name = "Zs/NPC/mFloor2/02/P/Stand",
		type = MARKER,
		template_name = "",
		lt_grp = 0, srt_grp = 0, usr_flg = 0,
		spatialprops =
		{
			pos = { 3.93264, -0.0054, -0.233669 },
			orient = { { -0.935378,  0.000000,  0.353650 },
					   {  0.000000,  1.000000,  0.000000 },
					   { -0.353650,  0.000000, -0.935378 } }
		}
	},

	{
		entity_name = "Zs/NPC/mFloor2/02/P2/Stand",
		type = MARKER,
		template_name = "",
		lt_grp = 0, srt_grp = 0, usr_flg = 0,
		spatialprops =
		{
			pos = { 4.151604, 0, 0.231238 },
			orient = { { -0.935378,  0.000000,  0.353650 },
					   {  0.000000,  1.000000,  0.000000 },
					   { -0.353650,  0.000000, -0.935378 } }
		}
	},

	{
		entity_name = "Zs/NPC/mFloor2/01/AC2/Camera",
		type = CAMERA,
		template_name = "",
		lt_grp = 0, srt_grp = 0, usr_flg = 0,
		flags = HIDDEN,
		spatialprops =
		{
			pos = { 3.954111, 1.671394, -3.094013 },
			orient = { {  0.907191,  0.000000,  0.420720 },
					   {  0.087325,  0.978222, -0.188296 },
					   { -0.411557,  0.207560,  0.887434 } }
		},
		cameraprops =
		{
			fovh = 30,
			hvaspect = 1.85,
			nearplane = 0.2,
			farplane = 5000
		}
	},

	{
		entity_name = "Zs/NPC/mFloor2/01/ACOH/Camera",
		type = CAMERA,
		template_name = "",
		lt_grp = 0, srt_grp = 0, usr_flg = 0,
		flags = HIDDEN,
		spatialprops =
		{
			pos = { 3.847118, 1.698918, -4.797697 },
			orient = { {  0.252865,  0.000000,  0.967502 },
					   {  0.147993,  0.988232, -0.038679 },
					   { -0.956116,  0.152964,  0.249889 } }
		},
		cameraprops =
		{
			fovh = 25,
			hvaspect = 1.85,
			nearplane = 0.2,
			farplane = 5000
		}
	},

	{
		entity_name = "Zs/NPC/mFloor2/01/ACS/Camera",
		type = CAMERA,
		template_name = "",
		lt_grp = 0, srt_grp = 0, usr_flg = 0,
		flags = HIDDEN,
		spatialprops =
		{
			pos = { 4.334507, 1.611844, -4.738569 },
			orient = { {  0.330111,  0.000000,  0.943942 },
					   {  0.056056,  0.998235, -0.019603 },
					   { -0.942276,  0.059385,  0.329529 } }
		},
		cameraprops =
		{
			fovh = 25,
			hvaspect = 1.85,
			nearplane = 0.2,
			farplane = 5000
		}
	},

	{
		entity_name = "Zs/NPC/mFloor2/01/ACU/Camera",
		type = CAMERA,
		template_name = "",
		lt_grp = 0, srt_grp = 0, usr_flg = 0,
		flags = HIDDEN,
		spatialprops =
		{
			pos = { 4.544133, 1.668259, -4.714376 },
			orient = { {  0.315326,  0.000000,  0.948983 },
					   {  0.031450,  0.999451, -0.010450 },
					   { -0.948462,  0.033141,  0.315153 } }
		},
		cameraprops =
		{
			fovh = 25,
			hvaspect = 1.85,
			nearplane = 0.2,
			farplane = 5000
		}
	},

	{
		entity_name = "Zs/NPC/mFloor2/01/PC2/Camera",
		type = CAMERA,
		template_name = "",
		lt_grp = 0, srt_grp = 0, usr_flg = 0,
		flags = HIDDEN,
		spatialprops =
		{
			pos = { 5.611588, 1.649773, -3.426973 },
			orient = { {  0.926823,  0.000000, -0.375499 },
					   { -0.062294,  0.986143, -0.153756 },
					   {  0.370296,  0.165896,  0.913980 } }
		},
		cameraprops =
		{
			fovh = 30,
			hvaspect = 1.85,
			nearplane = 0.2,
			farplane = 5000
		}
	},

	{
		entity_name = "Zs/NPC/mFloor2/01/PCO/Camera",
		type = CAMERA,
		template_name = "",
		lt_grp = 0, srt_grp = 0, usr_flg = 0,
		flags = HIDDEN,
		spatialprops =
		{
			pos = { 5.945589, 1.736646, -4.58751 },
			orient = { {  0.418680,  0.000000, -0.908134 },
					   { -0.170524,  0.982212, -0.078617 },
					   {  0.891980,  0.187774,  0.411233 } }
		},
		cameraprops =
		{
			fovh = 25,
			hvaspect = 1.85,
			nearplane = 0.2,
			farplane = 5000
		}
	},

	{
		entity_name = "Zs/NPC/mFloor2/01/PCS/Camera",
		type = CAMERA,
		template_name = "",
		lt_grp = 0, srt_grp = 0, usr_flg = 0,
		flags = HIDDEN,
		spatialprops =
		{
			pos = { 5.392966, 1.639181, -4.627381 },
			orient = { {  0.471906,  0.000000, -0.881649 },
					   { -0.068561,  0.996972, -0.036698 },
					   {  0.878979,  0.077765,  0.470477 } }
		},
		cameraprops =
		{
			fovh = 25,
			hvaspect = 1.85,
			nearplane = 0.2,
			farplane = 5000
		}
	},

	{
		entity_name = "Zs/NPC/mFloor2/01/PCU/Camera",
		type = CAMERA,
		template_name = "",
		lt_grp = 0, srt_grp = 0, usr_flg = 0,
		flags = HIDDEN,
		spatialprops =
		{
			pos = { 5.006426, 1.701251, -4.77709 },
			orient = { {  0.460960,  0.000000, -0.887421 },
					   { -0.065076,  0.997308, -0.033803 },
					   {  0.885032,  0.073331,  0.459718 } }
		},
		cameraprops =
		{
			fovh = 25,
			hvaspect = 1.85,
			nearplane = 0.2,
			farplane = 5000
		}
	},

	{
		entity_name = "Zs/NPC/mFloor2/01/TCI/Camera",
		type = CAMERA,
		template_name = "",
		lt_grp = 0, srt_grp = 0, usr_flg = 0,
		flags = HIDDEN,
		spatialprops =
		{
			pos = { 4.290563, 1.903228, -4.531175 },
			orient = { {  0.443843,  0.000000,  0.896105 },
					   {  0.551056,  0.788569, -0.272940 },
					   { -0.706641,  0.614946,  0.350001 } }
		},
		cameraprops =
		{
			fovh = 15,
			hvaspect = 1.85,
			nearplane = 0.2,
			farplane = 5000
		}
	},

	{
		entity_name = "Zs/NPC/mFloor2/02/AC2/Camera",
		type = CAMERA,
		template_name = "",
		lt_grp = 0, srt_grp = 0, usr_flg = 0,
		flags = HIDDEN,
		spatialprops =
		{
			pos = { 2.488331, 1.671394, 1.287879 },
			orient = { {  0.275747,  0.000000,  0.961230 },
					   {  0.199513,  0.978222, -0.057234 },
					   { -0.940297,  0.207560,  0.269742 } }
		},
		cameraprops =
		{
			fovh = 30,
			hvaspect = 1.85,
			nearplane = 0.2,
			farplane = 5000
		}
	},

	{
		entity_name = "Zs/NPC/mFloor2/02/ACOH/Camera",
		type = CAMERA,
		template_name = "",
		lt_grp = 0, srt_grp = 0, usr_flg = 0,
		flags = HIDDEN,
		spatialprops =
		{
			pos = { 3.706294, 1.698918, 0.091822 },
			orient = { { -0.565921,  0.000000,  0.824459 },
					   {  0.126113,  0.988232,  0.086566 },
					   { -0.814757,  0.152964, -0.559261 } }
		},
		cameraprops =
		{
			fovh = 25,
			hvaspect = 1.85,
			nearplane = 0.2,
			farplane = 5000
		}
	},

	{
		entity_name = "Zs/NPC/mFloor2/02/ACS/Camera",
		type = CAMERA,
		template_name = "",
		lt_grp = 0, srt_grp = 0, usr_flg = 0,
		flags = HIDDEN,
		spatialprops =
		{
			pos = { 3.980619, 1.611844, 0.498993 },
			orient = { { -0.497548, -0.000001,  0.867436 },
					   {  0.051512,  0.998235,  0.029548 },
					   { -0.865905,  0.059385, -0.496670 } }
		},
		cameraprops =
		{
			fovh = 25,
			hvaspect = 1.85,
			nearplane = 0.2,
			farplane = 5000
		}
	},

	{
		entity_name = "Zs/NPC/mFloor2/02/ACU/Camera",
		type = CAMERA,
		template_name = "",
		lt_grp = 0, srt_grp = 0, usr_flg = 0,
		flags = HIDDEN,
		spatialprops =
		{
			pos = { 4.099543, 1.668259, 0.673308 },
			orient = { { -0.511037,  0.000000,  0.859559 },
					   {  0.028486,  0.999451,  0.016936 },
					   { -0.859087,  0.033141, -0.510756 } }
		},
		cameraprops =
		{
			fovh = 25,
			hvaspect = 1.85,
			nearplane = 0.2,
			farplane = 5000
		}
	},

	{
		entity_name = "Zs/NPC/mFloor2/02/PC2/Camera",
		type = CAMERA,
		template_name = "",
		lt_grp = 0, srt_grp = 0, usr_flg = 0,
		flags = HIDDEN,
		spatialprops =
		{
			pos = { 3.824975, 1.649773, 2.322999 },
			orient = { {  0.890544,  0.000000,  0.454897 },
					   {  0.075466,  0.986143, -0.147738 },
					   { -0.448593,  0.165896,  0.878204 } }
		},
		cameraprops =
		{
			fovh = 30,
			hvaspect = 1.85,
			nearplane = 0.2,
			farplane = 5000
		}
	},

	{
		entity_name = "Zs/NPC/mFloor2/02/PCO/Camera",
		type = CAMERA,
		template_name = "",
		lt_grp = 0, srt_grp = 0, usr_flg = 0,
		flags = HIDDEN,
		spatialprops =
		{
			pos = { 4.920973, 1.736646, 1.815861 },
			orient = { {  0.960608,  0.000000, -0.277905 },
					   { -0.052183,  0.982212, -0.180377 },
					   {  0.272962,  0.187774,  0.943521 } }
		},
		cameraprops =
		{
			fovh = 25,
			hvaspect = 1.85,
			nearplane = 0.2,
			farplane = 5000
		}
	},

	{
		entity_name = "Zs/NPC/mFloor2/02/PCS/Camera",
		type = CAMERA,
		template_name = "",
		lt_grp = 0, srt_grp = 0, usr_flg = 0,
		flags = HIDDEN,
		spatialprops =
		{
			pos = { 4.58939, 1.639181, 1.371976 },
			orient = { {  0.975425,  0.000000, -0.220331 },
					   { -0.017134,  0.996972, -0.075854 },
					   {  0.219663,  0.077765,  0.972471 } }
		},
		cameraprops =
		{
			fovh = 25,
			hvaspect = 1.85,
			nearplane = 0.2,
			farplane = 5000
		}
	},

	{
		entity_name = "Zs/NPC/mFloor2/02/PCU/Camera",
		type = CAMERA,
		template_name = "",
		lt_grp = 0, srt_grp = 0, usr_flg = 0,
		flags = HIDDEN,
		spatialprops =
		{
			pos = { 4.449555, 1.701251, 0.981755 },
			orient = { {  0.972624,  0.000000, -0.232385 },
					   { -0.017041,  0.997308, -0.071324 },
					   {  0.231759,  0.073331,  0.970005 } }
		},
		cameraprops =
		{
			fovh = 25,
			hvaspect = 1.85,
			nearplane = 0.2,
			farplane = 5000
		}
	},

	{
		entity_name = "Zs/NPC/mFloor2/02/TCI/Camera",
		type = CAMERA,
		template_name = "",
		lt_grp = 0, srt_grp = 0, usr_flg = 0,
		flags = HIDDEN,
		spatialprops =
		{
			pos = { 3.795064, 1.903228, 0.601524 },
			orient = { { -0.386937,  0.000000,  0.922106 },
					   {  0.567046,  0.788569,  0.237945 },
					   { -0.727144,  0.614946, -0.305127 } }
		},
		cameraprops =
		{
			fovh = 15,
			hvaspect = 1.85,
			nearplane = 0.2,
			farplane = 5000
		}
	},

	{
		entity_name = "Zs/NPC/mFloor2/02/WFC/Camera",
		type = CAMERA,
		template_name = "",
		lt_grp = 0, srt_grp = 0, usr_flg = 0,
		flags = HIDDEN,
		spatialprops =
		{
			pos = { 1.31793, 0.194461, 2.157099 },
			orient = { {  0.364982, -0.131691,  0.921654 },
					   { -0.390825,  0.876827,  0.280056 },
					   { -0.845011, -0.462420,  0.268558 } }
		},
		cameraprops =
		{
			fovh = 30,
			hvaspect = 1.85,
			nearplane = 0.2,
			farplane = 5000
		}
	},

	{
		entity_name = "Zs/NPC/mFloor2/01/WFC/Camera",
		type = CAMERA,
		template_name = "",
		lt_grp = 0, srt_grp = 0, usr_flg = 0,
		flags = HIDDEN,
		spatialprops =
		{
			pos = { 2.772981, 6.353493, 2.722276 },
			orient = { {  0.899135, -0.081498,  0.430017 },
					   {  0.292468,  0.842818, -0.451796 },
					   { -0.325606,  0.531992,  0.781643 } }
		},
		cameraprops =
		{
			fovh = 30,
			hvaspect = 1.85,
			nearplane = 0.2,
			farplane = 5000
		}
	},

	{
		entity_name = "Set_li_09_depot",
		type = COMPOUND,
		template_name = "li_09_depot",
		lt_grp = 0, srt_grp = 0, usr_flg = 0,
		flags = LIT_AMBIENT,
		spatialprops =
		{
			pos = { 0, 0, 0 },
			orient = { { 1, 0, 0 }, { 0, 1, 0 }, { 0, 0, 1 } }
		},
		userprops =
		{
			category = "Room",
		}
	},

	{
		entity_name = "Camera_0",
		type = CAMERA,
		template_name = "",
		lt_grp = 0, srt_grp = 0, usr_flg = 0,
		spatialprops =
		{
			pos = { -9.225355, 4.801061, 5.297225 },
			orient = { {  0.699847,  0.000000,  0.714293 },
					   {  0.268780,  0.926503, -0.263344 },
					   { -0.661795,  0.376288,  0.648410 } }
		},
		cameraprops =
		{
			fovh = 30,
			hvaspect = 1.333333,
			nearplane = 1,
			farplane = 25000
		}
	},

	{
		entity_name = "Camera_Wide",
		type = CAMERA,
		template_name = "",
		lt_grp = 0, srt_grp = 0, usr_flg = 0,
		spatialprops =
		{
			pos = { -10.55646, 3.252699, 8.402317 },
			orient = { {  0.666827,  0.000000,  0.745213 },
					   {  0.056449,  0.997127, -0.050512 },
					   { -0.743072,  0.075749,  0.664911 } }
		},
		cameraprops =
		{
			fovh = 35,
			hvaspect = 1.333333,
			nearplane = 0.2,
			farplane = 25000
		}
	},

	{
		entity_name = "LtShadowSource",
		type = LIGHT,
		template_name = "",
		lt_grp = 0, srt_grp = 0, usr_flg = 0,
		spatialprops =
		{
			pos = { 0, 0, 0 },
			orient = { {  0.999998,  0.000000, -0.001769 },
					   {  0.001769, -0.002306,  0.999996 },
					   { -0.000004, -0.999997, -0.002306 } }
		},
		lightprops =
		{
			on = N,
			color = { 255, 255, 255 },
			diffuse = { 0, 0, 0 },
			specular = { 0, 0, 0 },
			ambient = { 0, 0, 0 },
			direction = { 0, 0, 1 },
			range = 2000,
			cutoff = 98.99998,
			type = L_DIRECT,
			theta = 90,
			atten = { 1, 0, 4e-006 }
		}
	},

	{
		entity_name = "LtGlareSource",
		type = LIGHT,
		template_name = "",
		lt_grp = 0, srt_grp = 0, usr_flg = 0,
		spatialprops =
		{
			pos = { -9.7723, 12.68891, 6.296179 },
			orient = { {  0.724699,  0.000000,  0.689066 },
					   {  0.043398,  0.998015, -0.045642 },
					   { -0.687698,  0.062980,  0.723260 } }
		},
		lightprops =
		{
			on = N,
			color = { 255, 255, 255 },
			diffuse = { 0.74902, 0.74902, 0.74902 },
			specular = { 0, 0, 0 },
			ambient = { 0, 0, 0 },
			direction = { 0, 0, 1 },
			range = 2000,
			cutoff = 98.99998,
			type = L_POINT,
			theta = 90,
			atten = { 1, 0, 4e-006 }
		}
	},

	{
		entity_name = "Bins_artifacts_3_1",
		type = COMPOUND,
		template_name = "artifacts_3",
		lt_grp = 0, srt_grp = 0, usr_flg = 0,
		flags = LIT_DYNAMIC,
		spatialprops =
		{
			pos = { 0, 0, 3.623235 },
			orient = { { 1, 0, 0 }, { 0, 1, 0 }, { 0, 0, 1 } }
		},
		userprops =
		{
			category = "Equipment",
			Priority = "Bin_1",
		}
	},

	{
		entity_name = "Bins_artifacts_3_2",
		type = COMPOUND,
		template_name = "artifacts_3",
		lt_grp = 0, srt_grp = 0, usr_flg = 0,
		flags = LIT_DYNAMIC,
		spatialprops =
		{
			pos = { 0, 0, -3.789195 },
			orient = { { 1, 0, 0 }, { 0, 1, 0 }, { 0, 0, 1 } }
		},
		userprops =
		{
			category = "Equipment",
			Priority = "Bin_1",
		}
	},

	{
		entity_name = "li_table_round_1",
		type = COMPOUND,
		template_name = "li_table_round",
		lt_grp = 0, srt_grp = 0, usr_flg = 0,
		flags = LIT_DYNAMIC,
		spatialprops =
		{
			pos = { 3.462287, 0, -3.791593 },
			orient = { {  0.760878,  0.000000, -0.648895 },
					   {  0.000000,  1.000000,  0.000000 },
					   {  0.648895,  0.000000,  0.760878 } }
		},
		userprops =
		{
			category = "Prop",
		}
	},

	{
		entity_name = "li_table_round_2",
		type = COMPOUND,
		template_name = "li_table_round",
		lt_grp = 0, srt_grp = 0, usr_flg = 0,
		flags = LIT_DYNAMIC,
		spatialprops =
		{
			pos = { -5.912044, 0, 0.044872 },
			orient = { {  0.760878,  0.000000, -0.648895 },
					   {  0.000000,  1.000000,  0.000000 },
					   {  0.648895,  0.000000,  0.760878 } }
		},
		userprops =
		{
			category = "Prop",
		}
	},

	{
		entity_name = "li_table_round_3",
		type = COMPOUND,
		template_name = "li_table_round",
		lt_grp = 0, srt_grp = 0, usr_flg = 0,
		flags = LIT_DYNAMIC,
		spatialprops =
		{
			pos = { 0.96341, 0, -0.036477 },
			orient = { {  0.760878,  0.000000, -0.648895 },
					   {  0.000000,  1.000000,  0.000000 },
					   {  0.648895,  0.000000,  0.760878 } }
		},
		userprops =
		{
			category = "Prop",
		}
	},

	{
		entity_name = "li_table_round_4",
		type = COMPOUND,
		template_name = "li_table_round",
		lt_grp = 0, srt_grp = 0, usr_flg = 0,
		flags = LIT_DYNAMIC,
		spatialprops =
		{
			pos = { 3.752435, 0, 3.993148 },
			orient = { {  0.658864,  0.000000, -0.752262 },
					   {  0.000000,  1.000000,  0.000000 },
					   {  0.752262,  0.000000,  0.658864 } }
		},
		userprops =
		{
			category = "Prop",
		}
	},

	{
		entity_name = "Zs/NPC/Bartender/01/A/Stand",
		type = MARKER,
		template_name = "",
		lt_grp = 0, srt_grp = 0, usr_flg = 0,
		spatialprops =
		{
			pos = { -2.423276, 0, -1.557404 },
			orient = { { -0.807748,  0.000000, -0.589527 },
					   {  0.000000,  1.000000,  0.000000 },
					   {  0.589527,  0.000000, -0.807748 } }
		}
	},

	{
		entity_name = "Zg/NPC/rTable1/01/A/SitLow",
		type = MARKER,
		template_name = "",
		lt_grp = 0, srt_grp = 0, usr_flg = 0,
		spatialprops =
		{
			pos = { -5.122857, 0, -0.628045 },
			orient = { { -0.623432,  0.000000, -0.781877 },
					   {  0.000000,  1.000000,  0.000000 },
					   {  0.781877,  0.000000, -0.623432 } }
		}
	},

	{
		entity_name = "Zg/NPC/rTable1/02/A/SitLow",
		type = MARKER,
		template_name = "",
		lt_grp = 0, srt_grp = 0, usr_flg = 0,
		spatialprops =
		{
			pos = { 4.119051, 0, -3.002626 },
			orient = { {  0.736662,  0.000000, -0.676262 },
					   {  0.000000,  1.000000,  0.000000 },
					   {  0.676262,  0.000000,  0.736662 } }
		}
	},

	{
		entity_name = "Zg/NPC/rTable1/03/A/SitLow",
		type = MARKER,
		template_name = "",
		lt_grp = 0, srt_grp = 0, usr_flg = 0,
		spatialprops =
		{
			pos = { 1.628961, 0, 0.74263 },
			orient = { {  0.791866,  0.000000, -0.610695 },
					   {  0.000000,  1.000000,  0.000000 },
					   {  0.610695,  0.000000,  0.791866 } }
		}
	},

	{
		entity_name = "Prop_Bottle_2_1",
		type = COMPOUND,
		template_name = "Bottle_2",
		lt_grp = 0, srt_grp = 0, usr_flg = 0,
		flags = LIT_DYNAMIC,
		spatialprops =
		{
			pos = { 3.820846, 0.955646, -3.883031 },
			orient = { { 1, 0, 0 }, { 0, 1, 0 }, { 0, 0, 1 } }
		},
		userprops =
		{
			category = "Prop",
			Priority = "Room_Prop_1",
		}
	},

	{
		entity_name = "Prop_ashtray_1_3",
		type = COMPOUND,
		template_name = "ashtray_1",
		lt_grp = 0, srt_grp = 0, usr_flg = 0,
		flags = LIT_DYNAMIC,
		spatialprops =
		{
			pos = { -5.89433, 0.828516, 0.141563 },
			orient = { {  0.997615,  0.000000,  0.069018 },
					   {  0.000000,  1.000000,  0.000000 },
					   { -0.069018,  0.000000,  0.997615 } }
		},
		userprops =
		{
			category = "Prop",
			Priority = "Room_Prop_1",
		}
	},

	{
		entity_name = "Prop_ashtray_2_1",
		type = COMPOUND,
		template_name = "ashtray_2",
		lt_grp = 0, srt_grp = 0, usr_flg = 0,
		flags = LIT_DYNAMIC,
		spatialprops =
		{
			pos = { 3.636909, 0.828516, -4.075528 },
			orient = { {  0.908864,  0.000000, -0.417092 },
					   {  0.000000,  1.000000,  0.000000 },
					   {  0.417092,  0.000000,  0.908864 } }
		},
		userprops =
		{
			category = "Prop",
			Priority = "Room_Prop_1",
		}
	},

	{
		entity_name = "Prop_Bottle_2_2",
		type = COMPOUND,
		template_name = "Bottle_2",
		lt_grp = 0, srt_grp = 0, usr_flg = 0,
		flags = LIT_DYNAMIC,
		spatialprops =
		{
			pos = { 0.93282, 0.955646, 0.148105 },
			orient = { { 1, 0, 0 }, { 0, 1, 0 }, { 0, 0, 1 } }
		},
		userprops =
		{
			category = "Prop",
			Priority = "Room_Prop_1",
		}
	},

	{
		entity_name = "Lonnigan_news_screen",
		type = COMPOUND,
		template_name = "Lonnigan_news_screen",
		lt_grp = 0, srt_grp = 0, usr_flg = 0,
		flags = LIT_DYNAMIC + LIT_AMBIENT,
		spatialprops =
		{
			pos = { 0.858792, 1.760991, -9.860895 },
			orient = { { -0.006260,  0.000000,  0.999980 },
					   {  0.002014,  0.999998,  0.000012 },
					   { -0.999978,  0.002014, -0.006260 } }
		},
		userprops =
		{
			category = "Prop",
		}
	}
};

events =
{
	{
		0.000, START_FOG_PROP_ANIM, { "Layer_Li_09_Bar_hardpoint_02" },
		{
			duration = 0.100,
			fogprops =
			{
				fogon = Y,
				fogtable = N,
				fogcolor = { 62, 62, 80 },
				fogmode = F_LINEAR,
				fogstart = 0,
				fogend = 150,
				fogdensity = 0.1
			}
		}
	},

	{
		0.000, ATTACH_ENTITY, { "Lonnigan_news_screen", "Set_li_09_depot" },
		{
			duration = 40.000,
			offset = { 0, 0, 0 },
			up = Y_AXIS,
			front = NEG_Z_AXIS,
			target_part = "NewsVendor_ni",
			target_type = PART,
			flags = POSITION + ORIENTATION
		}
	}
};
