duration = 9.875;

entities =
{

	{
		entity_name = "Layer_Li_04_Trader_Hardpoint",
		type = SCENE,
		template_name = "",
		lt_grp = 0, srt_grp = 0, usr_flg = 0,
		spatialprops =
		{
			pos = { 0, 0, 0 },
			orient = { { 1, 0, 0 }, { 0, 1, 0 }, { 0, 0, 1 } }
		},
		up = Y_AXIS,
		front = Z_AXIS,
		ambient = { 15, 15, 15 }
	},

	{
		entity_name = "Zs/NPC/Trader/01/AC2/Camera",
		type = CAMERA,
		template_name = "",
		lt_grp = 0, srt_grp = 0, usr_flg = 0,
		flags = HIDDEN,
		spatialprops =
		{
			pos = { 0.632596, 1.778772, -10.19202 },
			orient = { {  0.951728,  0.000000,  0.306944 },
					   {  0.076863,  0.968139, -0.238326 },
					   { -0.297164,  0.250414,  0.921405 } }
		},
		cameraprops =
		{
			fovh = 30,
			hvaspect = 1.85,
			nearplane = 0.2,
			farplane = 5000
		}
	},

	{
		entity_name = "Zs/NPC/Trader/01/ACOH/Camera",
		type = CAMERA,
		template_name = "",
		lt_grp = 0, srt_grp = 0, usr_flg = 0,
		flags = HIDDEN,
		spatialprops =
		{
			pos = { 1.728171, 1.753766, -10.9607 },
			orient = { {  0.927611,  0.000000, -0.373547 },
					   { -0.068917,  0.982834, -0.171137 },
					   {  0.367135,  0.184492,  0.911688 } }
		},
		cameraprops =
		{
			fovh = 25,
			hvaspect = 1.85,
			nearplane = 0.2,
			farplane = 5000
		}
	},

	{
		entity_name = "Zs/NPC/Trader/01/ACS/Camera",
		type = CAMERA,
		template_name = "",
		lt_grp = 0, srt_grp = 0, usr_flg = 0,
		flags = HIDDEN,
		spatialprops =
		{
			pos = { 1.277322, 1.681584, -11.39362 },
			orient = { {  0.929996,  0.000000, -0.367571 },
					   { -0.040868,  0.993800, -0.103400 },
					   {  0.365292,  0.111183,  0.924229 } }
		},
		cameraprops =
		{
			fovh = 25,
			hvaspect = 1.85,
			nearplane = 0.2,
			farplane = 5000
		}
	},

	{
		entity_name = "Zs/NPC/Trader/01/P/Stand",
		type = MARKER,
		template_name = "",
		lt_grp = 0, srt_grp = 0, usr_flg = 0,
		spatialprops =
		{
			pos = { 2.199543, -0.0054, -11.41168 },
			orient = { {  0.322213,  0.000000, -0.946667 },
					   {  0.000000,  1.000000,  0.000000 },
					   {  0.946667,  0.000000,  0.322213 } }
		}
	},

	{
		entity_name = "Zs/NPC/Trader/01/P2/Stand",
		type = MARKER,
		template_name = "",
		lt_grp = 0, srt_grp = 0, usr_flg = 0,
		spatialprops =
		{
			pos = { 1.701548, 0, -11.53851 },
			orient = { {  0.322213,  0.000000, -0.946667 },
					   {  0.000000,  1.000000,  0.000000 },
					   {  0.946667,  0.000000,  0.322213 } }
		}
	},

	{
		entity_name = "Zs/NPC/Trader/01/PC2/Camera",
		type = CAMERA,
		template_name = "",
		lt_grp = 0, srt_grp = 0, usr_flg = 0,
		flags = HIDDEN,
		spatialprops =
		{
			pos = { -0.680237, 1.74603, -11.32724 },
			orient = { {  0.438249,  0.000000,  0.898853 },
					   {  0.201966,  0.974430, -0.098472 },
					   { -0.875869,  0.224693,  0.427043 } }
		},
		cameraprops =
		{
			fovh = 30,
			hvaspect = 1.85,
			nearplane = 0.2,
			farplane = 5000
		}
	},

	{
		entity_name = "Zs/NPC/Trader/01/PCO/Camera",
		type = CAMERA,
		template_name = "",
		lt_grp = 0, srt_grp = 0, usr_flg = 0,
		flags = HIDDEN,
		spatialprops =
		{
			pos = { 0.041031, 1.787256, -12.68369 },
			orient = { { -0.380024,  0.000000,  0.924977 },
					   {  0.198597,  0.976679,  0.081593 },
					   { -0.903405,  0.214705, -0.371161 } }
		},
		cameraprops =
		{
			fovh = 25,
			hvaspect = 1.85,
			nearplane = 0.2,
			farplane = 5000
		}
	},

	{
		entity_name = "Zs/NPC/Trader/01/PCS/Camera",
		type = CAMERA,
		template_name = "",
		lt_grp = 0, srt_grp = 0, usr_flg = 0,
		flags = HIDDEN,
		spatialprops =
		{
			pos = { 0.405778, 1.691839, -12.22521 },
			orient = { { -0.310148,  0.000000,  0.950688 },
					   {  0.127182,  0.991011,  0.041491 },
					   { -0.942143,  0.133778, -0.307361 } }
		},
		cameraprops =
		{
			fovh = 25,
			hvaspect = 1.85,
			nearplane = 0.2,
			farplane = 5000
		}
	},

	{
		entity_name = "Camera_0",
		type = CAMERA,
		template_name = "",
		lt_grp = 0, srt_grp = 0, usr_flg = 0,
		spatialprops =
		{
			pos = { 0.703659, 2.945006, -7.10286 },
			orient = { {  0.999996,  0.000000, -0.002779 },
					   { -0.000991,  0.934186, -0.356785 },
					   {  0.002596,  0.356787,  0.934182 } }
		},
		cameraprops =
		{
			fovh = 30,
			hvaspect = 1.333333,
			nearplane = 1,
			farplane = 100
		}
	},

	{
		entity_name = "Zg/PC/Player/01/A/Stand",
		type = MARKER,
		template_name = "",
		lt_grp = 0, srt_grp = 0, usr_flg = 0,
		spatialprops =
		{
			pos = { 1.701548, 0, -11.53851 },
			orient = { {  0.322213,  0.000000, -0.946667 },
					   {  0.000000,  1.000000,  0.000000 },
					   {  0.946667,  0.000000,  0.322213 } }
		}
	},

	{
		entity_name = "Zs/NPC/Trader/01/A/Stand",
		type = MARKER,
		template_name = "",
		lt_grp = 0, srt_grp = 0, usr_flg = 0,
		spatialprops =
		{
			pos = { 0.509648, 0, -12.6667 },
			orient = { { -0.803688,  0.000000,  0.595051 },
					   {  0.000000,  1.000000,  0.000000 },
					   { -0.595051,  0.000000, -0.803688 } }
		}
	},

	{
		entity_name = "Zg/NPC/mFloor2/01/B/Stand",
		type = MARKER,
		template_name = "",
		lt_grp = 0, srt_grp = 0, usr_flg = 0,
		spatialprops =
		{
			pos = { -1.632336, 0, -18.40042 },
			orient = { { -0.648785,  0.000000, -0.760971 },
					   {  0.000000,  1.000000,  0.000000 },
					   {  0.760971,  0.000000, -0.648785 } }
		}
	},

	{
		entity_name = "Zg/NPC/mFloor2/02/B/Stand",
		type = MARKER,
		template_name = "",
		lt_grp = 0, srt_grp = 0, usr_flg = 0,
		spatialprops =
		{
			pos = { 4.5725, 0, -14.7424 },
			orient = { {  0.092129,  0.000000, -0.995747 },
					   {  0.000000,  1.000000,  0.000000 },
					   {  0.995747,  0.000000,  0.092129 } }
		}
	},

	{
		entity_name = "Camera_Wide",
		type = CAMERA,
		template_name = "",
		lt_grp = 0, srt_grp = 0, usr_flg = 0,
		spatialprops =
		{
			pos = { -4.866157, 12.92882, 10.42674 },
			orient = { {  0.635844,  0.000000,  0.771818 },
					   {  0.407026,  0.849642, -0.335318 },
					   { -0.655769,  0.527360,  0.540239 } }
		},
		cameraprops =
		{
			fovh = 35,
			hvaspect = 1.333333,
			nearplane = 0.5,
			farplane = 100
		}
	},

	{
		entity_name = "HpCan04",
		type = MARKER,
		template_name = "",
		lt_grp = 0, srt_grp = 0, usr_flg = 0,
		spatialprops =
		{
			pos = { 7.189519, 0.996168, 5.13241 },
			orient = { {  0.012148,  0.000000, -0.999926 },
					   {  0.000000,  1.000000,  0.000000 },
					   {  0.999926,  0.000000,  0.012148 } }
		}
	},

	{
		entity_name = "HpCan05",
		type = MARKER,
		template_name = "",
		lt_grp = 0, srt_grp = 0, usr_flg = 0,
		spatialprops =
		{
			pos = { 7.12828, 0.996168, 10.17313 },
			orient = { {  0.012148,  0.000000, -0.999926 },
					   {  0.000000,  1.000000,  0.000000 },
					   {  0.999926,  0.000000,  0.012148 } }
		}
	},

	{
		entity_name = "HpCan03",
		type = MARKER,
		template_name = "",
		lt_grp = 0, srt_grp = 0, usr_flg = 0,
		spatialprops =
		{
			pos = { 7.25076, 0.996168, 0.091613 },
			orient = { {  0.012148,  0.000000, -0.999926 },
					   {  0.000000,  1.000000,  0.000000 },
					   {  0.999926,  0.000000,  0.012148 } }
		}
	},

	{
		entity_name = "HpCan02",
		type = MARKER,
		template_name = "",
		lt_grp = 0, srt_grp = 0, usr_flg = 0,
		spatialprops =
		{
			pos = { 8.856367, 4.711352, 10.09994 },
			orient = { {  0.012148,  0.000000, -0.999926 },
					   {  0.000000,  1.000000,  0.000000 },
					   {  0.999926,  0.000000,  0.012148 } }
		}
	},

	{
		entity_name = "HpCan01",
		type = MARKER,
		template_name = "",
		lt_grp = 0, srt_grp = 0, usr_flg = 0,
		spatialprops =
		{
			pos = { 8.918849, 4.711352, 4.956982 },
			orient = { {  0.012148,  0.000000, -0.999926 },
					   {  0.000000,  1.000000,  0.000000 },
					   {  0.999926,  0.000000,  0.012148 } }
		}
	},

	{
		entity_name = "Zs/NPC/mFloor2/01/AC2/Camera",
		type = CAMERA,
		template_name = "",
		lt_grp = 0, srt_grp = 0, usr_flg = 0,
		flags = HIDDEN,
		spatialprops =
		{
			pos = { -1.888828, 1.691493, -16.45462 },
			orient = { {  0.975919,  0.000000, -0.218132 },
					   { -0.037761,  0.984903, -0.168941 },
					   {  0.214839,  0.173110,  0.961185 } }
		},
		cameraprops =
		{
			fovh = 30,
			hvaspect = 1.85,
			nearplane = 0.2,
			farplane = 5000
		}
	},

	{
		entity_name = "Zs/NPC/mFloor2/01/ACOH/Camera",
		type = CAMERA,
		template_name = "",
		lt_grp = 0, srt_grp = 0, usr_flg = 0,
		flags = HIDDEN,
		spatialprops =
		{
			pos = { -1.489214, 1.737883, -17.18078 },
			orient = { {  0.674611,  0.000000, -0.738174 },
					   { -0.115314,  0.987723, -0.105384 },
					   {  0.729111,  0.156215,  0.666328 } }
		},
		cameraprops =
		{
			fovh = 25,
			hvaspect = 1.85,
			nearplane = 0.2,
			farplane = 5000
		}
	},

	{
		entity_name = "Zs/NPC/mFloor2/01/TCI/Camera",
		type = CAMERA,
		template_name = "",
		lt_grp = 0, srt_grp = 0, usr_flg = 0,
		flags = HIDDEN,
		spatialprops =
		{
			pos = { -1.683696, 1.966547, -17.32041 },
			orient = { {  0.586885,  0.000000, -0.809671 },
					   { -0.576551,  0.702098, -0.417909 },
					   {  0.568468,  0.712081,  0.412050 } }
		},
		cameraprops =
		{
			fovh = 15,
			hvaspect = 1.85,
			nearplane = 0.2,
			farplane = 5000
		}
	},

	{
		entity_name = "Zs/NPC/mFloor2/01/ACS/Camera",
		type = CAMERA,
		template_name = "",
		lt_grp = 0, srt_grp = 0, usr_flg = 0,
		flags = HIDDEN,
		spatialprops =
		{
			pos = { -1.777144, 1.71004, -17.35065 },
			orient = { {  0.640213,  0.000000, -0.768197 },
					   { -0.094126,  0.992465, -0.078444 },
					   {  0.762409,  0.122528,  0.635389 } }
		},
		cameraprops =
		{
			fovh = 25,
			hvaspect = 1.85,
			nearplane = 0.2,
			farplane = 5000
		}
	},

	{
		entity_name = "Zs/NPC/mFloor2/01/PCS/Camera",
		type = CAMERA,
		template_name = "",
		lt_grp = 0, srt_grp = 0, usr_flg = 0,
		flags = HIDDEN,
		spatialprops =
		{
			pos = { -2.772514, 1.749388, -17.6318 },
			orient = { {  0.210703,  0.000000,  0.977550 },
					   {  0.159383,  0.986619, -0.034354 },
					   { -0.964469,  0.163044,  0.207884 } }
		},
		cameraprops =
		{
			fovh = 25,
			hvaspect = 1.85,
			nearplane = 0.2,
			farplane = 5000
		}
	},

	{
		entity_name = "Zs/NPC/mFloor2/01/ACU/Camera",
		type = CAMERA,
		template_name = "",
		lt_grp = 0, srt_grp = 0, usr_flg = 0,
		flags = HIDDEN,
		spatialprops =
		{
			pos = { -2.005795, 1.678967, -17.47638 },
			orient = { {  0.594946,  0.000000, -0.803765 },
					   { -0.037029,  0.998938, -0.027408 },
					   {  0.802912,  0.046069,  0.594315 } }
		},
		cameraprops =
		{
			fovh = 25,
			hvaspect = 1.85,
			nearplane = 0.2,
			farplane = 5000
		}
	},

	{
		entity_name = "Zs/NPC/mFloor2/01/PCO/Camera",
		type = CAMERA,
		template_name = "",
		lt_grp = 0, srt_grp = 0, usr_flg = 0,
		flags = HIDDEN,
		spatialprops =
		{
			pos = { -3.152317, 1.720405, -17.56024 },
			orient = { {  0.275715,  0.000000,  0.961240 },
					   {  0.154848,  0.986939, -0.044415 },
					   { -0.948685,  0.161092,  0.272114 } }
		},
		cameraprops =
		{
			fovh = 25,
			hvaspect = 1.85,
			nearplane = 0.2,
			farplane = 5000
		}
	},

	{
		entity_name = "Zs/NPC/mFloor2/01/WFC/Camera",
		type = CAMERA,
		template_name = "",
		lt_grp = 0, srt_grp = 0, usr_flg = 0,
		flags = HIDDEN,
		spatialprops =
		{
			pos = { -3.460592, 4.649232, -12.18187 },
			orient = { {  0.876179,  0.000000,  0.481986 },
					   {  0.276265,  0.819428, -0.502210 },
					   { -0.394953,  0.573182,  0.717966 } }
		},
		cameraprops =
		{
			fovh = 30,
			hvaspect = 1.85,
			nearplane = 0.2,
			farplane = 5000
		}
	},

	{
		entity_name = "Zs/NPC/mFloor2/01/PCU/Camera",
		type = CAMERA,
		template_name = "",
		lt_grp = 0, srt_grp = 0, usr_flg = 0,
		flags = HIDDEN,
		spatialprops =
		{
			pos = { -2.516549, 1.730276, -17.59671 },
			orient = { {  0.193563,  0.000000,  0.981088 },
					   {  0.108942,  0.993816, -0.021494 },
					   { -0.975021,  0.111042,  0.192366 } }
		},
		cameraprops =
		{
			fovh = 25,
			hvaspect = 1.85,
			nearplane = 0.2,
			farplane = 5000
		}
	},

	{
		entity_name = "Zs/NPC/mFloor2/01/PC2/Camera",
		type = CAMERA,
		template_name = "",
		lt_grp = 0, srt_grp = 0, usr_flg = 0,
		flags = HIDDEN,
		spatialprops =
		{
			pos = { -3.032361, 1.72397, -16.68367 },
			orient = { {  0.809024,  0.000000,  0.587776 },
					   {  0.115368,  0.980548, -0.158795 },
					   { -0.576342,  0.196279,  0.793287 } }
		},
		cameraprops =
		{
			fovh = 30,
			hvaspect = 1.85,
			nearplane = 0.2,
			farplane = 5000
		}
	},

	{
		entity_name = "Zs/NPC/mFloor2/01/P2/Stand",
		type = MARKER,
		template_name = "",
		lt_grp = 0, srt_grp = 0, usr_flg = 0,
		spatialprops =
		{
			pos = { -1.756804, 0, -17.6563 },
			orient = { {  0.086216,  0.005950, -0.996259 },
					   {  0.000809,  0.999981,  0.006043 },
					   {  0.996276, -0.001327,  0.086210 } }
		}
	},

	{
		entity_name = "Zg/NPC/mFloor2/02/A/Stand",
		type = MARKER,
		template_name = "",
		lt_grp = 0, srt_grp = 0, usr_flg = 0,
		spatialprops =
		{
			pos = { 3.922523, 0, -15.6382 },
			orient = { { -0.987857,  0.000000,  0.155368 },
					   {  0.000000,  1.000000,  0.000000 },
					   { -0.155368,  0.000000, -0.987857 } }
		}
	},

	{
		entity_name = "Zs/NPC/mFloor2/02/AC2/Camera",
		type = CAMERA,
		template_name = "",
		lt_grp = 0, srt_grp = 0, usr_flg = 0,
		flags = HIDDEN,
		spatialprops =
		{
			pos = { 3.117979, 1.733032, -14.2348 },
			orient = { {  0.661773,  0.000000,  0.749704 },
					   {  0.155471,  0.978261, -0.137236 },
					   { -0.733406,  0.207376,  0.647387 } }
		},
		cameraprops =
		{
			fovh = 30,
			hvaspect = 1.85,
			nearplane = 0.2,
			farplane = 5000
		}
	},

	{
		entity_name = "Zs/NPC/mFloor2/02/ACOH/Camera",
		type = CAMERA,
		template_name = "",
		lt_grp = 0, srt_grp = 0, usr_flg = 0,
		flags = HIDDEN,
		spatialprops =
		{
			pos = { 3.856686, 1.762421, -14.19641 },
			orient = { {  0.964180,  0.000000,  0.265250 },
					   {  0.049449,  0.982469, -0.179746 },
					   { -0.260600,  0.186424,  0.947277 } }
		},
		cameraprops =
		{
			fovh = 25,
			hvaspect = 1.85,
			nearplane = 0.2,
			farplane = 5000
		}
	},

	{
		entity_name = "Zs/NPC/mFloor2/02/TCI/Camera",
		type = CAMERA,
		template_name = "",
		lt_grp = 0, srt_grp = 0, usr_flg = 0,
		flags = HIDDEN,
		spatialprops =
		{
			pos = { 3.926209, 1.920772, -14.50527 },
			orient = { {  0.988316,  0.000000,  0.152416 },
					   {  0.107586,  0.708340, -0.697624 },
					   { -0.107962,  0.705871,  0.700064 } }
		},
		cameraprops =
		{
			fovh = 15,
			hvaspect = 1.85,
			nearplane = 0.2,
			farplane = 5000
		}
	},

	{
		entity_name = "Zs/NPC/mFloor2/02/ACS/Camera",
		type = CAMERA,
		template_name = "",
		lt_grp = 0, srt_grp = 0, usr_flg = 0,
		flags = HIDDEN,
		spatialprops =
		{
			pos = { 3.84027, 1.717034, -14.57781 },
			orient = { {  0.969278,  0.000000,  0.245968 },
					   {  0.031197,  0.991924, -0.122937 },
					   { -0.243982,  0.126833,  0.961450 } }
		},
		cameraprops =
		{
			fovh = 25,
			hvaspect = 1.85,
			nearplane = 0.2,
			farplane = 5000
		}
	},

	{
		entity_name = "Zs/NPC/mFloor2/02/PCS/Camera",
		type = CAMERA,
		template_name = "",
		lt_grp = 0, srt_grp = 0, usr_flg = 0,
		flags = HIDDEN,
		spatialprops =
		{
			pos = { 3.522929, 1.738244, -15.60736 },
			orient = { { -0.706546,  0.000000,  0.707667 },
					   {  0.115416,  0.986611,  0.115233 },
					   { -0.698192,  0.163094, -0.697086 } }
		},
		cameraprops =
		{
			fovh = 25,
			hvaspect = 1.85,
			nearplane = 0.2,
			farplane = 5000
		}
	},

	{
		entity_name = "Zs/NPC/mFloor2/02/ACU/Camera",
		type = CAMERA,
		template_name = "",
		lt_grp = 0, srt_grp = 0, usr_flg = 0,
		flags = HIDDEN,
		spatialprops =
		{
			pos = { 3.847173, 1.689631, -14.82339 },
			orient = { {  0.968367,  0.000000,  0.249530 },
					   {  0.018008,  0.997393, -0.069883 },
					   { -0.248880,  0.072166,  0.965842 } }
		},
		cameraprops =
		{
			fovh = 25,
			hvaspect = 1.85,
			nearplane = 0.2,
			farplane = 5000
		}
	},

	{
		entity_name = "Zs/NPC/mFloor2/02/PCO/Camera",
		type = CAMERA,
		template_name = "",
		lt_grp = 0, srt_grp = 0, usr_flg = 0,
		flags = HIDDEN,
		spatialprops =
		{
			pos = { 3.50568, 1.742175, -15.84387 },
			orient = { { -0.750590,  0.000000,  0.660768 },
					   {  0.114835,  0.984783,  0.130445 },
					   { -0.650713,  0.173790, -0.739168 } }
		},
		cameraprops =
		{
			fovh = 25,
			hvaspect = 1.85,
			nearplane = 0.2,
			farplane = 5000
		}
	},

	{
		entity_name = "Zs/NPC/mFloor2/02/WFC/Camera",
		type = CAMERA,
		template_name = "",
		lt_grp = 0, srt_grp = 0, usr_flg = 0,
		flags = HIDDEN,
		spatialprops =
		{
			pos = { 1.01107, 5.368957, -10.42585 },
			orient = { {  0.916355,  0.000000,  0.400366 },
					   {  0.274200,  0.728663, -0.627586 },
					   { -0.291732,  0.684872,  0.667714 } }
		},
		cameraprops =
		{
			fovh = 30,
			hvaspect = 1.85,
			nearplane = 1,
			farplane = 5000
		}
	},

	{
		entity_name = "Zs/NPC/mFloor2/02/PCU/Camera",
		type = CAMERA,
		template_name = "",
		lt_grp = 0, srt_grp = 0, usr_flg = 0,
		flags = HIDDEN,
		spatialprops =
		{
			pos = { 3.753613, 1.723317, -15.30735 },
			orient = { { -0.771275,  0.000000,  0.636502 },
					   {  0.065017,  0.994769,  0.078784 },
					   { -0.633172,  0.102148, -0.767241 } }
		},
		cameraprops =
		{
			fovh = 25,
			hvaspect = 1.85,
			nearplane = 0.2,
			farplane = 5000
		}
	},

	{
		entity_name = "Zs/NPC/mFloor2/02/PC2/Camera",
		type = CAMERA,
		template_name = "",
		lt_grp = 0, srt_grp = 0, usr_flg = 0,
		flags = HIDDEN,
		spatialprops =
		{
			pos = { 2.710932, 1.713208, -15.30859 },
			orient = { { -0.111555,  0.000000,  0.993758 },
					   {  0.186534,  0.982225,  0.020940 },
					   { -0.976094,  0.187706, -0.109572 } }
		},
		cameraprops =
		{
			fovh = 30,
			hvaspect = 1.85,
			nearplane = 0.2,
			farplane = 5000
		}
	},

	{
		entity_name = "Zs/NPC/mFloor2/02/P/Stand",
		type = MARKER,
		template_name = "",
		lt_grp = 0, srt_grp = 0, usr_flg = 0,
		spatialprops =
		{
			pos = { 4.44607, -0.012472, -14.22635 },
			orient = { {  0.883654, -0.019947, -0.467715 },
					   {  0.023353,  0.999726,  0.001485 },
					   {  0.467557, -0.012235,  0.883878 } }
		}
	},

	{
		entity_name = "Zs/NPC/mFloor2/02/P2/Stand",
		type = MARKER,
		template_name = "",
		lt_grp = 0, srt_grp = 0, usr_flg = 0,
		spatialprops =
		{
			pos = { 4.170967, 0, -14.66026 },
			orient = { {  0.883654, -0.019947, -0.467715 },
					   {  0.023353,  0.999726,  0.001485 },
					   {  0.467557, -0.012235,  0.883878 } }
		}
	},

	{
		entity_name = "Zg/NPC/mFloor2/01/A/Stand",
		type = MARKER,
		template_name = "",
		lt_grp = 0, srt_grp = 0, usr_flg = 0,
		spatialprops =
		{
			pos = { -2.716356, 0, -17.88373 },
			orient = { { -0.336241,  0.000000,  0.941776 },
					   {  0.000000,  1.000000,  0.000000 },
					   { -0.941776,  0.000000, -0.336241 } }
		}
	},

	{
		entity_name = "Set_Li_04_Trader",
		type = COMPOUND,
		template_name = "li_04_trader",
		lt_grp = 0, srt_grp = 0, usr_flg = 0,
		flags = LIT_AMBIENT,
		spatialprops =
		{
			pos = { 0, 0, 0 },
			orient = { { 1, 0, 0 }, { 0, 1, 0 }, { 0, 0, 1 } }
		},
		userprops =
		{
			category = "Room",
		}
	},

	{
		entity_name = "Marker_Beam_Sound_01",
		type = MARKER,
		template_name = "",
		lt_grp = 0, srt_grp = 0, usr_flg = 0,
		spatialprops =
		{
			pos = { -5.460742, 1.392385, 12.64435 },
			orient = { { 1, 0, 0 }, { 0, 1, 0 }, { 0, 0, 1 } }
		}
	},

	{
		entity_name = "Marker_Beam_Sound_02",
		type = MARKER,
		template_name = "",
		lt_grp = 0, srt_grp = 0, usr_flg = 0,
		spatialprops =
		{
			pos = { 5.498135, 1.392385, 12.64435 },
			orient = { { 1, 0, 0 }, { 0, 1, 0 }, { 0, 0, 1 } }
		}
	},

	{
		entity_name = "Marker_Beam_Sound_03",
		type = MARKER,
		template_name = "",
		lt_grp = 0, srt_grp = 0, usr_flg = 0,
		spatialprops =
		{
			pos = { 5.498135, 1.392385, 7.838063 },
			orient = { { 1, 0, 0 }, { 0, 1, 0 }, { 0, 0, 1 } }
		}
	},

	{
		entity_name = "Marker_Beam_Sound_04",
		type = MARKER,
		template_name = "",
		lt_grp = 0, srt_grp = 0, usr_flg = 0,
		spatialprops =
		{
			pos = { 5.498135, 1.392385, 2.679579 },
			orient = { { 1, 0, 0 }, { 0, 1, 0 }, { 0, 0, 1 } }
		}
	},

	{
		entity_name = "Marker_Beam_Sound_05",
		type = MARKER,
		template_name = "",
		lt_grp = 0, srt_grp = 0, usr_flg = 0,
		spatialprops =
		{
			pos = { 5.498135, 1.392385, -2.454635 },
			orient = { { 1, 0, 0 }, { 0, 1, 0 }, { 0, 0, 1 } }
		}
	},

	{
		entity_name = "Marker_Beam_Sound_06",
		type = MARKER,
		template_name = "",
		lt_grp = 0, srt_grp = 0, usr_flg = 0,
		spatialprops =
		{
			pos = { -5.460742, 1.392385, 7.636925 },
			orient = { { 1, 0, 0 }, { 0, 1, 0 }, { 0, 0, 1 } }
		}
	},

	{
		entity_name = "Marker_Beam_Sound_07",
		type = MARKER,
		template_name = "",
		lt_grp = 0, srt_grp = 0, usr_flg = 0,
		spatialprops =
		{
			pos = { -5.460742, 1.392385, 2.71465 },
			orient = { { 1, 0, 0 }, { 0, 1, 0 }, { 0, 0, 1 } }
		}
	},

	{
		entity_name = "Marker_Beam_Sound_08",
		type = MARKER,
		template_name = "",
		lt_grp = 0, srt_grp = 0, usr_flg = 0,
		spatialprops =
		{
			pos = { -5.460742, 1.392385, -2.364477 },
			orient = { { 1, 0, 0 }, { 0, 1, 0 }, { 0, 0, 1 } }
		}
	},

	{
		entity_name = "Marker_Beam_Sound_09",
		type = MARKER,
		template_name = "",
		lt_grp = 0, srt_grp = 0, usr_flg = 0,
		spatialprops =
		{
			pos = { -5.910408, 1.392385, -13.82505 },
			orient = { { 1, 0, 0 }, { 0, 1, 0 }, { 0, 0, 1 } }
		}
	},

	{
		entity_name = "Marker_Beam_Sound_10",
		type = MARKER,
		template_name = "",
		lt_grp = 0, srt_grp = 0, usr_flg = 0,
		spatialprops =
		{
			pos = { 5.942467, 1.392385, -13.82505 },
			orient = { { 1, 0, 0 }, { 0, 1, 0 }, { 0, 0, 1 } }
		}
	},

	{
		entity_name = "LtShadowSource",
		type = LIGHT,
		template_name = "",
		lt_grp = 0, srt_grp = 0, usr_flg = 0,
		spatialprops =
		{
			pos = { 0, 0, 0 },
			orient = { {  1.000000,  0.000000,  0.000000 },
					   {  0.000000,  0.000000,  1.000000 },
					   {  0.000000, -1.000000,  0.000000 } }
		},
		lightprops =
		{
			on = N,
			color = { 255, 255, 255 },
			diffuse = { 0, 0, 0 },
			specular = { 0, 0, 0 },
			ambient = { 0, 0, 0 },
			direction = { 0, 0, 1 },
			range = 2000,
			cutoff = 98.99998,
			type = L_DIRECT,
			theta = 90,
			atten = { 1, 0, 4e-006 }
		}
	},

	{
		entity_name = "LtGlareSource",
		type = LIGHT,
		template_name = "",
		lt_grp = 0, srt_grp = 0, usr_flg = 0,
		spatialprops =
		{
			pos = { 0.699473, 12.36966, -8.609331 },
			orient = { {  0.999996,  0.000000, -0.002779 },
					   { -0.000991,  0.934186, -0.356785 },
					   {  0.002596,  0.356787,  0.934182 } }
		},
		lightprops =
		{
			on = N,
			color = { 255, 255, 255 },
			diffuse = { 1, 1, 1 },
			specular = { 0, 0, 0 },
			ambient = { 0, 0, 0 },
			direction = { 0, 0, 1 },
			range = 2000,
			cutoff = 98.99998,
			type = L_POINT,
			theta = 90,
			atten = { 1, 0, 4e-006 }
		}
	},

	{
		entity_name = "Zs/NPC/mFloor2/01/P/Stand",
		type = MARKER,
		template_name = "",
		lt_grp = 0, srt_grp = 0, usr_flg = 0,
		spatialprops =
		{
			pos = { -1.242933, -0.005839, -17.65242 },
			orient = { {  0.086216,  0.005950, -0.996259 },
					   {  0.000809,  0.999981,  0.006043 },
					   {  0.996276, -0.001327,  0.086209 } }
		}
	},

	{
		entity_name = "artifacts_3_1",
		type = COMPOUND,
		template_name = "StackBlue_manufgoods",
		lt_grp = 3, srt_grp = 0, usr_flg = 0,
		flags = LIT_DYNAMIC,
		spatialprops =
		{
			pos = { 8.839628, 4.610173, 5.163995 },
			orient = { {  0.012148,  0.000000, -0.999926 },
					   {  0.000000,  1.000000,  0.000000 },
					   {  0.999926,  0.000000,  0.012148 } }
		},
		userprops =
		{
			category = "Equipment",
			Priority = "Bin_1",
		}
	},

	{
		entity_name = "artifacts_3_2",
		type = COMPOUND,
		template_name = "Stackred_lightgoods",
		lt_grp = 3, srt_grp = 0, usr_flg = 0,
		flags = LIT_DYNAMIC,
		spatialprops =
		{
			pos = { 8.977445, 4.61153, 0.133419 },
			orient = { {  0.012148,  0.000000, -0.999926 },
					   {  0.000000,  1.000000,  0.000000 },
					   {  0.999926,  0.000000,  0.012148 } }
		},
		userprops =
		{
			category = "Equipment",
			Priority = "Bin_1",
		}
	},

	{
		entity_name = "artifacts_3_3",
		type = COMPOUND,
		template_name = "Stackred_lightgoods",
		lt_grp = 3, srt_grp = 0, usr_flg = 0,
		flags = LIT_DYNAMIC,
		spatialprops =
		{
			pos = { 8.856019, 4.590348, 10.12813 },
			orient = { {  0.012148,  0.000000, -0.999926 },
					   {  0.000000,  1.000000,  0.000000 },
					   {  0.999926,  0.000000,  0.012148 } }
		},
		userprops =
		{
			category = "Equipment",
			Priority = "Bin_1",
		}
	},

	{
		entity_name = "artifacts_3_4",
		type = COMPOUND,
		template_name = "StackGrey_hivalue",
		lt_grp = 3, srt_grp = 0, usr_flg = 0,
		flags = LIT_DYNAMIC,
		spatialprops =
		{
			pos = { 8.855987, 0.882978, 10.12813 },
			orient = { {  0.012148,  0.000000, -0.999926 },
					   {  0.000000,  1.000000,  0.000000 },
					   {  0.999926,  0.000000,  0.012148 } }
		},
		userprops =
		{
			category = "Equipment",
			Priority = "Bin_1",
		}
	},

	{
		entity_name = "artifacts_3_5",
		type = COMPOUND,
		template_name = "StackGrey_hivalue",
		lt_grp = 3, srt_grp = 0, usr_flg = 0,
		flags = LIT_DYNAMIC,
		spatialprops =
		{
			pos = { 8.917084, 0.892081, 5.099116 },
			orient = { {  0.012148,  0.000000, -0.999926 },
					   {  0.000000,  1.000000,  0.000000 },
					   {  0.999926,  0.000000,  0.012148 } }
		},
		userprops =
		{
			category = "Equipment",
			Priority = "Bin_1",
		}
	},

	{
		entity_name = "artifacts_3_6",
		type = COMPOUND,
		template_name = "Stackwhite_liquidgas",
		lt_grp = 3, srt_grp = 0, usr_flg = 0,
		flags = LIT_DYNAMIC,
		spatialprops =
		{
			pos = { 8.979373, 0.849993, -0.027963 },
			orient = { {  0.012148,  0.000000, -0.999926 },
					   {  0.000000,  1.000000,  0.000000 },
					   {  0.999926,  0.000000,  0.012148 } }
		},
		userprops =
		{
			category = "Equipment",
			Priority = "Bin_1",
		}
	}
};

events =
{
	{
		0.000, START_FOG_PROP_ANIM, { "Layer_Li_04_Trader_Hardpoint" },
		{
			duration = 0.000,
			fogprops =
			{
				fogon = Y,
				fogtable = N,
				fogcolor = { 191, 163, 64 },
				fogmode = F_LINEAR,
				fogstart = -20,
				fogend = 300,
				fogdensity = 0
			}
		}
	}
};
