duration = 20.000;

entities =
{

	{
		entity_name = "Layer_li_01_Bar_Hardpoint",
		type = SCENE,
		template_name = "",
		lt_grp = 0, srt_grp = 0, usr_flg = 0,
		spatialprops =
		{
			pos = { 0, 0, 0 },
			orient = { { 1, 0, 0 }, { 0, 1, 0 }, { 0, 0, 1 } }
		},
		up = Y_AXIS,
		front = Z_AXIS,
		ambient = { 111, 75, 72 }
	},

	{
		entity_name = "Zs/NPC/Bartender/01/AC2/Camera",
		type = CAMERA,
		template_name = "",
		lt_grp = 0, srt_grp = 0, usr_flg = 0,
		flags = HIDDEN,
		spatialprops =
		{
			pos = { 0.665363, 1.728324, 0.11109 },
			orient = { {  0.527706,  0.000000, -0.849427 },
					   { -0.182280,  0.976704, -0.113241 },
					   {  0.829639,  0.214592,  0.515412 } }
		},
		cameraprops =
		{
			fovh = 30,
			hvaspect = 1.85,
			nearplane = 0.2,
			farplane = 5000
		}
	},

	{
		entity_name = "Zs/NPC/Bartender/01/ACOH/Camera",
		type = CAMERA,
		template_name = "",
		lt_grp = 0, srt_grp = 0, usr_flg = 0,
		flags = HIDDEN,
		spatialprops =
		{
			pos = { -0.440354, 1.763658, 0.27286 },
			orient = { {  0.939442,  0.000000, -0.342707 },
					   { -0.067405,  0.980467, -0.184773 },
					   {  0.336013,  0.196684,  0.921092 } }
		},
		cameraprops =
		{
			fovh = 25,
			hvaspect = 1.85,
			nearplane = 0.2,
			farplane = 5000
		}
	},

	{
		entity_name = "Zs/NPC/Bartender/01/ACS/Camera",
		type = CAMERA,
		template_name = "",
		lt_grp = 0, srt_grp = 0, usr_flg = 0,
		flags = HIDDEN,
		spatialprops =
		{
			pos = { -0.259034, 1.580299, -0.287345 },
			orient = { {  0.900570,  0.000000, -0.434712 },
					   { -0.023742,  0.998507, -0.049185 },
					   {  0.434063,  0.054616,  0.899226 } }
		},
		cameraprops =
		{
			fovh = 25,
			hvaspect = 1.85,
			nearplane = 0.2,
			farplane = 5000
		}
	},

	{
		entity_name = "Zs/NPC/Bartender/01/P/Stand",
		type = MARKER,
		template_name = "",
		lt_grp = 0, srt_grp = 0, usr_flg = 0,
		spatialprops =
		{
			pos = { -0.950318, -0.0054, 0.348136 },
			orient = { {  0.901528,  0.000000,  0.432720 },
					   {  0.000000,  1.000000,  0.000000 },
					   { -0.432720,  0.000000,  0.901528 } }
		}
	},

	{
		entity_name = "Zs/NPC/Bartender/01/P2/Stand",
		type = MARKER,
		template_name = "",
		lt_grp = 0, srt_grp = 0, usr_flg = 0,
		spatialprops =
		{
			pos = { -0.765057, 0, -0.131199 },
			orient = { {  0.901528,  0.000000,  0.432720 },
					   {  0.000000,  1.000000,  0.000000 },
					   { -0.432720,  0.000000,  0.901528 } }
		}
	},

	{
		entity_name = "Zs/NPC/Bartender/01/PC2/Camera",
		type = CAMERA,
		template_name = "",
		lt_grp = 0, srt_grp = 0, usr_flg = 0,
		flags = HIDDEN,
		spatialprops =
		{
			pos = { 0.865857, 1.735898, -1.819909 },
			orient = { { -0.426493,  0.000000, -0.904491 },
					   { -0.194352,  0.976642,  0.091642 },
					   {  0.883363,  0.214874, -0.416531 } }
		},
		cameraprops =
		{
			fovh = 30,
			hvaspect = 1.85,
			nearplane = 0.2,
			farplane = 5000
		}
	},

	{
		entity_name = "Zs/NPC/Bartender/01/PCO/Camera",
		type = CAMERA,
		template_name = "",
		lt_grp = 0, srt_grp = 0, usr_flg = 0,
		flags = HIDDEN,
		spatialprops =
		{
			pos = { -0.377257, 1.788651, -2.090807 },
			orient = { { -0.908443,  0.000000, -0.418008 },
					   { -0.088385,  0.977390,  0.192084 },
					   {  0.408557,  0.211443, -0.887904 } }
		},
		cameraprops =
		{
			fovh = 25,
			hvaspect = 1.85,
			nearplane = 0.2,
			farplane = 5000
		}
	},

	{
		entity_name = "Zs/NPC/Bartender/01/PCS/Camera",
		type = CAMERA,
		template_name = "",
		lt_grp = 0, srt_grp = 0, usr_flg = 0,
		flags = HIDDEN,
		spatialprops =
		{
			pos = { -0.280808, 1.675025, -1.415698 },
			orient = { { -0.862176,  0.000000, -0.506608 },
					   { -0.057529,  0.993532,  0.097906 },
					   {  0.503331,  0.113556, -0.856600 } }
		},
		cameraprops =
		{
			fovh = 25,
			hvaspect = 1.85,
			nearplane = 0.2,
			farplane = 5000
		}
	},

	{
		entity_name = "Zs/NPC/Bartender/01/WFC/Camera",
		type = CAMERA,
		template_name = "",
		lt_grp = 0, srt_grp = 0, usr_flg = 0,
		flags = HIDDEN,
		spatialprops =
		{
			pos = { 10.29425, 3.25273, 0.597333 },
			orient = { {  0.261519,  0.000000, -0.965198 },
					   { -0.086241,  0.996000, -0.023367 },
					   {  0.961338,  0.089350,  0.260473 } }
		},
		cameraprops =
		{
			fovh = 30,
			hvaspect = 1.85,
			nearplane = 0.2,
			farplane = 5000
		}
	},

	{
		entity_name = "Zg/NPC/mTable3/02/A/SitLow",
		type = MARKER,
		template_name = "",
		lt_grp = 0, srt_grp = 0, usr_flg = 0,
		spatialprops =
		{
			pos = { -1.087451, 0, 6.069497 },
			orient = { {  0.012742,  0.000000,  0.999919 },
					   {  0.000000,  1.000000,  0.000000 },
					   { -0.999919,  0.000000,  0.012742 } }
		}
	},

	{
		entity_name = "Zg/NPC/mTable3/02/B/SitLow",
		type = MARKER,
		template_name = "",
		lt_grp = 0, srt_grp = 0, usr_flg = 0,
		spatialprops =
		{
			pos = { -0.167074, 0, 6.981045 },
			orient = { {  0.999990,  0.000000, -0.004450 },
					   {  0.000000,  1.000000,  0.000000 },
					   {  0.004450,  0.000000,  0.999990 } }
		}
	},

	{
		entity_name = "Zg/NPC/mTable3/02/C/SitLow",
		type = MARKER,
		template_name = "",
		lt_grp = 0, srt_grp = 0, usr_flg = 0,
		spatialprops =
		{
			pos = { 1.084486, 0, 6.443867 },
			orient = { {  0.008801,  0.000000, -0.999961 },
					   {  0.000000,  1.000000,  0.000000 },
					   {  0.999961,  0.000000,  0.008801 } }
		}
	},

	{
		entity_name = "Camera_Mission",
		type = CAMERA,
		template_name = "",
		lt_grp = 0, srt_grp = 0, usr_flg = 0,
		flags = HIDDEN,
		spatialprops =
		{
			pos = { -1.361648, 3.018216, 0.93955 },
			orient = { {  0.804218,  0.000000, -0.594334 },
					   { -0.056614,  0.995453, -0.076606 },
					   {  0.591632,  0.095256,  0.800561 } }
		},
		cameraprops =
		{
			fovh = 30,
			hvaspect = 1.85,
			nearplane = 0.5,
			farplane = 100
		}
	},

	{
		entity_name = "Zg/NPC/mTable3/01/B/SitLow",
		type = MARKER,
		template_name = "",
		lt_grp = 0, srt_grp = 0, usr_flg = 0,
		spatialprops =
		{
			pos = { -4.795795, 0, 6.125414 },
			orient = { {  0.012742,  0.000000,  0.999919 },
					   {  0.000000,  1.000000,  0.000000 },
					   { -0.999919,  0.000000,  0.012742 } }
		}
	},

	{
		entity_name = "Zg/NPC/mTable3/01/A/SitLow",
		type = MARKER,
		template_name = "",
		lt_grp = 0, srt_grp = 0, usr_flg = 0,
		spatialprops =
		{
			pos = { -4.036946, 0, 6.972219 },
			orient = { {  0.999990,  0.000000, -0.004450 },
					   {  0.000000,  1.000000,  0.000000 },
					   {  0.004450,  0.000000,  0.999990 } }
		}
	},

	{
		entity_name = "Zg/NPC/mTable3/01/C/SitLow",
		type = MARKER,
		template_name = "",
		lt_grp = 0, srt_grp = 0, usr_flg = 0,
		spatialprops =
		{
			pos = { -2.67485, 0, 6.296648 },
			orient = { {  0.008801,  0.000000, -0.999961 },
					   {  0.000000,  1.000000,  0.000000 },
					   {  0.999961,  0.000000,  0.008801 } }
		}
	},

	{
		entity_name = "Zg/NPC/mFloor3/01/A/Stand",
		type = MARKER,
		template_name = "",
		lt_grp = 0, srt_grp = 0, usr_flg = 0,
		spatialprops =
		{
			pos = { -3.876644, 0, 2.741321 },
			orient = { { -0.828364,  0.000000, -0.560191 },
					   {  0.000000,  1.000000,  0.000000 },
					   {  0.560191,  0.000000, -0.828364 } }
		}
	},

	{
		entity_name = "Zg/NPC/mFloor3/01/B/Stand",
		type = MARKER,
		template_name = "",
		lt_grp = 0, srt_grp = 0, usr_flg = 0,
		spatialprops =
		{
			pos = { -3.214922, 0, 4.032933 },
			orient = { {  0.710049,  0.000000, -0.704152 },
					   {  0.000000,  1.000000,  0.000000 },
					   {  0.704152,  0.000000,  0.710049 } }
		}
	},

	{
		entity_name = "Zg/NPC/mFloor3/01/C/Stand",
		type = MARKER,
		template_name = "",
		lt_grp = 0, srt_grp = 0, usr_flg = 0,
		spatialprops =
		{
			pos = { -4.281355, 0, 3.363951 },
			orient = { {  0.025871,  0.000000,  0.999665 },
					   {  0.000000,  1.000000,  0.000000 },
					   { -0.999665,  0.000000,  0.025871 } }
		}
	},

	{
		entity_name = "Zg/NPC/mFloor3/02/B/Stand",
		type = MARKER,
		template_name = "",
		lt_grp = 0, srt_grp = 0, usr_flg = 0,
		spatialprops =
		{
			pos = { 0.507033, 0, 3.997618 },
			orient = { {  0.710049,  0.000000, -0.704152 },
					   {  0.000000,  1.000000,  0.000000 },
					   {  0.704152,  0.000000,  0.710049 } }
		}
	},

	{
		entity_name = "Zg/NPC/mFloor3/02/C/Stand",
		type = MARKER,
		template_name = "",
		lt_grp = 0, srt_grp = 0, usr_flg = 0,
		spatialprops =
		{
			pos = { -0.525437, 0, 2.814744 },
			orient = { { -0.998271,  0.000000,  0.058778 },
					   {  0.000000,  1.000000,  0.000000 },
					   { -0.058778,  0.000000, -0.998271 } }
		}
	},

	{
		entity_name = "Zg/NPC/mFloor3/02/A/Stand",
		type = MARKER,
		template_name = "",
		lt_grp = 0, srt_grp = 0, usr_flg = 0,
		spatialprops =
		{
			pos = { -0.863954, 0, 3.483782 },
			orient = { {  0.750536,  0.000000,  0.660829 },
					   {  0.000000,  1.000000,  0.000000 },
					   { -0.660829,  0.000000,  0.750536 } }
		}
	},

	{
		entity_name = "Camera_0",
		type = CAMERA,
		template_name = "",
		lt_grp = 0, srt_grp = 0, usr_flg = 0,
		flags = HIDDEN,
		spatialprops =
		{
			pos = { 5.588439, 3.274659, 6.748697 },
			orient = { {  0.448589,  0.000000, -0.893738 },
					   { -0.217777,  0.969858, -0.109307 },
					   {  0.866799,  0.243669,  0.435068 } }
		},
		cameraprops =
		{
			fovh = 35,
			hvaspect = 1.333333,
			nearplane = 0.5,
			farplane = 100
		}
	},

	{
		entity_name = "Zg/PC/Player/01/A/Stand",
		type = MARKER,
		template_name = "",
		lt_grp = 0, srt_grp = 0, usr_flg = 0,
		spatialprops =
		{
			pos = { -6.825219, 0, 3.603484 },
			orient = { {  0.067779,  0.000000,  0.997700 },
					   {  0.000000,  1.000000,  0.000000 },
					   { -0.997700,  0.000000,  0.067779 } }
		}
	},

	{
		entity_name = "Zs/NPC/Bartender/01/A/Stand",
		type = MARKER,
		template_name = "",
		lt_grp = 0, srt_grp = 0, usr_flg = 0,
		spatialprops =
		{
			pos = { -0.691456, 0, -1.747461 },
			orient = { { -0.995981,  0.000000,  0.089560 },
					   {  0.000000,  1.000000,  0.000000 },
					   { -0.089560,  0.000000, -0.995981 } }
		}
	},

	{
		entity_name = "Zg/NPC/rFloor2/01/A/Stand",
		type = MARKER,
		template_name = "",
		lt_grp = 0, srt_grp = 0, usr_flg = 0,
		spatialprops =
		{
			pos = { 3.417638, 0, 2.818853 },
			orient = { { -0.974136,  0.000000, -0.225962 },
					   {  0.000000,  1.000000,  0.000000 },
					   {  0.225962,  0.000000, -0.974136 } }
		}
	},

	{
		entity_name = "Zg/NPC/mFloor2/01/A/Stand",
		type = MARKER,
		template_name = "",
		lt_grp = 0, srt_grp = 0, usr_flg = 0,
		spatialprops =
		{
			pos = { -2.514755, 0, 0.367163 },
			orient = { { -0.341856,  0.000000,  0.939752 },
					   {  0.000000,  1.000000,  0.000000 },
					   { -0.939752,  0.000000, -0.341856 } }
		}
	},

	{
		entity_name = "Zs/NPC/mTable3/01/AC2/Camera",
		type = CAMERA,
		template_name = "",
		lt_grp = 0, srt_grp = 0, usr_flg = 0,
		flags = HIDDEN,
		spatialprops =
		{
			pos = { -3.685728, 1.702196, 4.337722 },
			orient = { { -0.877815,  0.000000, -0.478999 },
					   { -0.097932,  0.978877,  0.179469 },
					   {  0.468881,  0.204450, -0.859273 } }
		},
		cameraprops =
		{
			fovh = 30,
			hvaspect = 1.85,
			nearplane = 0.2,
			farplane = 5000
		}
	},

	{
		entity_name = "Zs/NPC/mTable3/01/ACOH/Camera",
		type = CAMERA,
		template_name = "",
		lt_grp = 0, srt_grp = 0, usr_flg = 0,
		flags = HIDDEN,
		spatialprops =
		{
			pos = { -4.827402, 1.951378, 4.739693 },
			orient = { { -0.988505,  0.000000,  0.151186 },
					   {  0.062238,  0.911334,  0.406936 },
					   { -0.137781,  0.411668, -0.900859 } }
		},
		cameraprops =
		{
			fovh = 20,
			hvaspect = 1.85,
			nearplane = 0.2,
			farplane = 5000
		}
	},

	{
		entity_name = "Zs/NPC/mTable3/01/PC2/Camera",
		type = CAMERA,
		template_name = "",
		lt_grp = 0, srt_grp = 0, usr_flg = 0,
		flags = HIDDEN,
		spatialprops =
		{
			pos = { -2.222245, 1.68985, 6.403424 },
			orient = { {  0.011168,  0.000000, -0.999938 },
					   { -0.231177,  0.972908, -0.002582 },
					   {  0.972848,  0.231192,  0.010866 } }
		},
		cameraprops =
		{
			fovh = 30,
			hvaspect = 1.85,
			nearplane = 0.2,
			farplane = 5000
		}
	},

	{
		entity_name = "Zs/NPC/mTable3/01/ACOL/Camera",
		type = CAMERA,
		template_name = "",
		lt_grp = 0, srt_grp = 0, usr_flg = 0,
		flags = HIDDEN,
		spatialprops =
		{
			pos = { -4.636515, 1.416938, 4.617265 },
			orient = { { -0.997207,  0.000000,  0.074682 },
					   {  0.013769,  0.982857,  0.183853 },
					   { -0.073401,  0.184368, -0.980113 } }
		},
		cameraprops =
		{
			fovh = 20,
			hvaspect = 1.85,
			nearplane = 0.2,
			farplane = 5000
		}
	},

	{
		entity_name = "Zs/NPC/mTable3/01/PCU/Camera",
		type = CAMERA,
		template_name = "",
		lt_grp = 0, srt_grp = 0, usr_flg = 0,
		flags = HIDDEN,
		spatialprops =
		{
			pos = { -4.240674, 1.544257, 6.048469 },
			orient = { {  0.587565,  0.000000, -0.809177 },
					   {  0.091582,  0.993575,  0.066500 },
					   {  0.803977, -0.113180,  0.583790 } }
		},
		cameraprops =
		{
			fovh = 20,
			hvaspect = 1.85,
			nearplane = 0.2,
			farplane = 5000
		}
	},

	{
		entity_name = "Zs/NPC/mTable3/01/WFC/Camera",
		type = CAMERA,
		template_name = "",
		lt_grp = 0, srt_grp = 0, usr_flg = 0,
		flags = HIDDEN,
		spatialprops =
		{
			pos = { -2.253217, 3.505772, 6.543272 },
			orient = { { -0.049307,  0.000000, -0.998784 },
					   { -0.733052,  0.679209,  0.036189 },
					   {  0.678383,  0.733945, -0.033490 } }
		},
		cameraprops =
		{
			fovh = 30,
			hvaspect = 1.85,
			nearplane = 0.2,
			farplane = 5000
		}
	},

	{
		entity_name = "Zs/NPC/mTable3/01/PCO/Camera",
		type = CAMERA,
		template_name = "",
		lt_grp = 0, srt_grp = 0, usr_flg = 0,
		flags = HIDDEN,
		spatialprops =
		{
			pos = { -3.336484, 1.159669, 7.200983 },
			orient = { {  0.612914,  0.000000, -0.790150 },
					   {  0.077484,  0.995180,  0.060103 },
					   {  0.786342, -0.098062,  0.609960 } }
		},
		cameraprops =
		{
			fovh = 20,
			hvaspect = 1.85,
			nearplane = 0.2,
			farplane = 5000
		}
	},

	{
		entity_name = "Zs/NPC/mTable3/01/ACU/Camera",
		type = CAMERA,
		template_name = "",
		lt_grp = 0, srt_grp = 0, usr_flg = 0,
		flags = HIDDEN,
		spatialprops =
		{
			pos = { -4.26236, 1.358756, 6.029674 },
			orient = { { -0.984062,  0.000000,  0.177824 },
					   {  0.027632,  0.987853,  0.152913 },
					   { -0.175664,  0.155390, -0.972109 } }
		},
		cameraprops =
		{
			fovh = 20,
			hvaspect = 1.85,
			nearplane = 0.2,
			farplane = 5000
		}
	},

	{
		entity_name = "Zs/NPC/mTable3/01/PCS/Camera",
		type = CAMERA,
		template_name = "",
		lt_grp = 0, srt_grp = 0, usr_flg = 0,
		flags = HIDDEN,
		spatialprops =
		{
			pos = { -3.822763, 1.419713, 6.481092 },
			orient = { {  0.595405,  0.000000, -0.803425 },
					   {  0.063187,  0.996902,  0.046827 },
					   {  0.800937, -0.078648,  0.593561 } }
		},
		cameraprops =
		{
			fovh = 20,
			hvaspect = 1.85,
			nearplane = 0.2,
			farplane = 5000
		}
	},

	{
		entity_name = "Zs/NPC/mTable3/01/ACS/Camera",
		type = CAMERA,
		template_name = "",
		lt_grp = 0, srt_grp = 0, usr_flg = 0,
		flags = HIDDEN,
		spatialprops =
		{
			pos = { -4.465552, 1.344667, 5.450684 },
			orient = { { -0.983266,  0.000000,  0.182173 },
					   {  0.026228,  0.989581,  0.141566 },
					   { -0.180275,  0.143975, -0.973022 } }
		},
		cameraprops =
		{
			fovh = 20,
			hvaspect = 1.85,
			nearplane = 0.2,
			farplane = 5000
		}
	},

	{
		entity_name = "Zs/NPC/mTable3/01/TCI/Camera",
		type = CAMERA,
		template_name = "",
		lt_grp = 0, srt_grp = 0, usr_flg = 0,
		flags = HIDDEN,
		spatialprops =
		{
			pos = { -4.910463, 1.833047, 5.12951 },
			orient = { { -0.835146,  0.000000,  0.550029 },
					   {  0.323718,  0.808463,  0.491523 },
					   { -0.444678,  0.588547, -0.675184 } }
		},
		cameraprops =
		{
			fovh = 15,
			hvaspect = 1.85,
			nearplane = 0.2,
			farplane = 5000
		}
	},

	{
		entity_name = "Zs/NPC/mTable3/02/AC2/Camera",
		type = CAMERA,
		template_name = "",
		lt_grp = 0, srt_grp = 0, usr_flg = 0,
		flags = HIDDEN,
		spatialprops =
		{
			pos = { 1.549868, 1.702196, 6.398858 },
			orient = { {  0.427840,  0.000000, -0.903855 },
					   { -0.192323,  0.977100, -0.091036 },
					   {  0.883156,  0.212781,  0.418042 } }
		},
		cameraprops =
		{
			fovh = 30,
			hvaspect = 1.85,
			nearplane = 0.2,
			farplane = 5000
		}
	},

	{
		entity_name = "Zs/NPC/mTable3/02/ACOH/Camera",
		type = CAMERA,
		template_name = "",
		lt_grp = 0, srt_grp = 0, usr_flg = 0,
		flags = HIDDEN,
		spatialprops =
		{
			pos = { 1.095221, 1.941713, 5.214443 },
			orient = { { -0.214480,  0.000000, -0.976728 },
					   { -0.402860,  0.910976,  0.088464 },
					   {  0.889776,  0.412459, -0.195386 } }
		},
		cameraprops =
		{
			fovh = 20,
			hvaspect = 1.85,
			nearplane = 0.2,
			farplane = 5000
		}
	},

	{
		entity_name = "Zs/NPC/mTable3/02/ACOL/Camera",
		type = CAMERA,
		template_name = "",
		lt_grp = 0, srt_grp = 0, usr_flg = 0,
		flags = HIDDEN,
		spatialprops =
		{
			pos = { 1.259373, 1.440774, 5.452405 },
			orient = { { -0.091498,  0.000000, -0.995805 },
					   { -0.200066,  0.979610,  0.018383 },
					   {  0.975501,  0.200909, -0.089633 } }
		},
		cameraprops =
		{
			fovh = 20,
			hvaspect = 1.85,
			nearplane = 0.2,
			farplane = 5000
		}
	},

	{
		entity_name = "Zs/NPC/mTable3/02/ACS/Camera",
		type = CAMERA,
		template_name = "",
		lt_grp = 0, srt_grp = 0, usr_flg = 0,
		flags = HIDDEN,
		spatialprops =
		{
			pos = { 0.557844, 1.316438, 5.838069 },
			orient = { { -0.055216,  0.000000, -0.998474 },
					   { -0.137210,  0.990513,  0.007588 },
					   {  0.989002,  0.137420, -0.054692 } }
		},
		cameraprops =
		{
			fovh = 20,
			hvaspect = 1.85,
			nearplane = 0.2,
			farplane = 5000
		}
	},

	{
		entity_name = "Zs/NPC/mTable3/02/ACU/Camera",
		type = CAMERA,
		template_name = "",
		lt_grp = 0, srt_grp = 0, usr_flg = 0,
		flags = HIDDEN,
		spatialprops =
		{
			pos = { -0.117398, 1.369683, 5.913589 },
			orient = { { -0.094209,  0.000000, -0.995552 },
					   { -0.166874,  0.985852,  0.015791 },
					   {  0.981467,  0.167620, -0.092876 } }
		},
		cameraprops =
		{
			fovh = 20,
			hvaspect = 1.85,
			nearplane = 0.2,
			farplane = 5000
		}
	},

	{
		entity_name = "Zs/NPC/mTable3/02/PC2/Camera",
		type = CAMERA,
		template_name = "",
		lt_grp = 0, srt_grp = 0, usr_flg = 0,
		flags = HIDDEN,
		spatialprops =
		{
			pos = { 0.085369, 1.68243, 7.793978 },
			orient = { {  0.978499,  0.000000, -0.206250 },
					   { -0.046827,  0.973885, -0.222159 },
					   {  0.200864,  0.227041,  0.952946 } }
		},
		cameraprops =
		{
			fovh = 30,
			hvaspect = 1.85,
			nearplane = 0.2,
			farplane = 5000
		}
	},

	{
		entity_name = "Zs/NPC/mTable3/02/PCO/Camera",
		type = CAMERA,
		template_name = "",
		lt_grp = 0, srt_grp = 0, usr_flg = 0,
		flags = HIDDEN,
		spatialprops =
		{
			pos = { -1.295723, 1.190509, 6.681977 },
			orient = { {  0.776267,  0.000000,  0.630404 },
					   { -0.056321,  0.996001,  0.069352 },
					   { -0.627883, -0.089341,  0.773163 } }
		},
		cameraprops =
		{
			fovh = 20,
			hvaspect = 1.85,
			nearplane = 0.2,
			farplane = 5000
		}
	},

	{
		entity_name = "Zs/NPC/mTable3/02/PCS/Camera",
		type = CAMERA,
		template_name = "",
		lt_grp = 0, srt_grp = 0, usr_flg = 0,
		flags = HIDDEN,
		spatialprops =
		{
			pos = { -0.665084, 1.397898, 6.359511 },
			orient = { {  0.803121,  0.000000,  0.595816 },
					   { -0.044268,  0.997236,  0.059671 },
					   { -0.594170, -0.074298,  0.800901 } }
		},
		cameraprops =
		{
			fovh = 20,
			hvaspect = 1.85,
			nearplane = 0.2,
			farplane = 5000
		}
	},

	{
		entity_name = "Zs/NPC/mTable3/02/PCU/Camera",
		type = CAMERA,
		template_name = "",
		lt_grp = 0, srt_grp = 0, usr_flg = 0,
		flags = HIDDEN,
		spatialprops =
		{
			pos = { -0.158629, 1.508793, 5.881635 },
			orient = { {  0.828823,  0.000000,  0.559511 },
					   { -0.085183,  0.988343,  0.126184 },
					   { -0.552989, -0.152245,  0.819161 } }
		},
		cameraprops =
		{
			fovh = 20,
			hvaspect = 1.85,
			nearplane = 0.2,
			farplane = 5000
		}
	},

	{
		entity_name = "Zs/NPC/mTable3/02/TCI/Camera",
		type = CAMERA,
		template_name = "",
		lt_grp = 0, srt_grp = 0, usr_flg = 0,
		flags = HIDDEN,
		spatialprops =
		{
			pos = { 0.820128, 1.934624, 5.408638 },
			orient = { { -0.339846,  0.000000, -0.940481 },
					   { -0.585079,  0.782933,  0.211421 },
					   {  0.736333,  0.622106, -0.266077 } }
		},
		cameraprops =
		{
			fovh = 15,
			hvaspect = 1.85,
			nearplane = 0.2,
			farplane = 5000
		}
	},

	{
		entity_name = "Zs/NPC/mTable3/02/WFC/Camera",
		type = CAMERA,
		template_name = "",
		lt_grp = 0, srt_grp = 0, usr_flg = 0,
		flags = HIDDEN,
		spatialprops =
		{
			pos = { 6.291057, 3.682008, 5.840061 },
			orient = { { -0.134608,  0.000000, -0.990899 },
					   { -0.252872,  0.966890,  0.034351 },
					   {  0.958090,  0.255194, -0.130151 } }
		},
		cameraprops =
		{
			fovh = 30,
			hvaspect = 1.85,
			nearplane = 0.2,
			farplane = 5000
		}
	},

	{
		entity_name = "Zs/NPC/mFloor3/01/AC2/Camera",
		type = CAMERA,
		template_name = "",
		lt_grp = 0, srt_grp = 0, usr_flg = 0,
		flags = HIDDEN,
		spatialprops =
		{
			pos = { -3.694951, 1.642146, 4.451154 },
			orient = { {  0.921827,  0.000000, -0.387602 },
					   { -0.050435,  0.991498, -0.119948 },
					   {  0.384307,  0.130120,  0.913990 } }
		},
		cameraprops =
		{
			fovh = 30,
			hvaspect = 1.85,
			nearplane = 0.2,
			farplane = 5000
		}
	},

	{
		entity_name = "Zs/NPC/mFloor3/01/ACOH/Camera",
		type = CAMERA,
		template_name = "",
		lt_grp = 0, srt_grp = 0, usr_flg = 0,
		flags = HIDDEN,
		spatialprops =
		{
			pos = { -4.304553, 1.760927, 4.101599 },
			orient = { {  0.995557,  0.000000,  0.094166 },
					   {  0.017239,  0.983099, -0.182260 },
					   { -0.092575,  0.183073,  0.978731 } }
		},
		cameraprops =
		{
			fovh = 25,
			hvaspect = 1.85,
			nearplane = 0.2,
			farplane = 5000
		}
	},

	{
		entity_name = "Zs/NPC/mFloor3/01/ACS/Camera",
		type = CAMERA,
		template_name = "",
		lt_grp = 0, srt_grp = 0, usr_flg = 0,
		flags = HIDDEN,
		spatialprops =
		{
			pos = { -4.138275, 1.624361, 3.879451 },
			orient = { {  0.996978,  0.000000,  0.077686 },
					   {  0.003927,  0.998721, -0.050399 },
					   { -0.077587,  0.050551,  0.995703 } }
		},
		cameraprops =
		{
			fovh = 25,
			hvaspect = 1.85,
			nearplane = 0.2,
			farplane = 5000
		}
	},

	{
		entity_name = "Zs/NPC/mFloor3/01/ACU/Camera",
		type = CAMERA,
		template_name = "",
		lt_grp = 0, srt_grp = 0, usr_flg = 0,
		flags = HIDDEN,
		spatialprops =
		{
			pos = { -4.123268, 1.689358, 3.551566 },
			orient = { {  0.982943,  0.000000,  0.183908 },
					   {  0.011699,  0.997975, -0.062526 },
					   { -0.183536,  0.063611,  0.980953 } }
		},
		cameraprops =
		{
			fovh = 25,
			hvaspect = 1.85,
			nearplane = 0.2,
			farplane = 5000
		}
	},

	{
		entity_name = "Zs/NPC/mFloor3/01/PC2/Camera",
		type = CAMERA,
		template_name = "",
		lt_grp = 0, srt_grp = 0, usr_flg = 0,
		flags = HIDDEN,
		spatialprops =
		{
			pos = { -2.771208, 1.641902, 3.525643 },
			orient = { {  0.253710,  0.000000, -0.967280 },
					   { -0.143783,  0.988890, -0.037713 },
					   {  0.956534,  0.148646,  0.250892 } }
		},
		cameraprops =
		{
			fovh = 30,
			hvaspect = 1.85,
			nearplane = 0.2,
			farplane = 5000
		}
	},

	{
		entity_name = "Zs/NPC/mFloor3/01/PCO/Camera",
		type = CAMERA,
		template_name = "",
		lt_grp = 0, srt_grp = 0, usr_flg = 0,
		flags = HIDDEN,
		spatialprops =
		{
			pos = { -3.294551, 1.741664, 2.720051 },
			orient = { { -0.401177,  0.000000, -0.916000 },
					   { -0.160180,  0.984592,  0.070153 },
					   {  0.901887,  0.174868, -0.394996 } }
		},
		cameraprops =
		{
			fovh = 25,
			hvaspect = 1.85,
			nearplane = 0.2,
			farplane = 5000
		}
	},

	{
		entity_name = "Zs/NPC/mFloor3/01/PCS/Camera",
		type = CAMERA,
		template_name = "",
		lt_grp = 0, srt_grp = 0, usr_flg = 0,
		flags = HIDDEN,
		spatialprops =
		{
			pos = { -3.454636, 1.655006, 2.96852 },
			orient = { { -0.359845,  0.000000, -0.933012 },
					   { -0.080685,  0.996254,  0.031119 },
					   {  0.929517,  0.086478, -0.358497 } }
		},
		cameraprops =
		{
			fovh = 25,
			hvaspect = 1.85,
			nearplane = 0.2,
			farplane = 5000
		}
	},

	{
		entity_name = "Zs/NPC/mFloor3/01/PCU/Camera",
		type = CAMERA,
		template_name = "",
		lt_grp = 0, srt_grp = 0, usr_flg = 0,
		flags = HIDDEN,
		spatialprops =
		{
			pos = { -3.808326, 1.715047, 3.142472 },
			orient = { { -0.418854,  0.000000, -0.908054 },
					   { -0.082537,  0.995861,  0.038071 },
					   {  0.904295,  0.090894, -0.417120 } }
		},
		cameraprops =
		{
			fovh = 25,
			hvaspect = 1.85,
			nearplane = 0.2,
			farplane = 5000
		}
	},

	{
		entity_name = "Zs/NPC/mFloor3/01/TCI/Camera",
		type = CAMERA,
		template_name = "",
		lt_grp = 0, srt_grp = 0, usr_flg = 0,
		flags = HIDDEN,
		spatialprops =
		{
			pos = { -4.262884, 1.795991, 3.699324 },
			orient = { {  0.979997,  0.000000,  0.199010 },
					   {  0.136036,  0.729891, -0.669891 },
					   { -0.145256,  0.683564,  0.715291 } }
		},
		cameraprops =
		{
			fovh = 15,
			hvaspect = 1.85,
			nearplane = 0.2,
			farplane = 5000
		}
	},

	{
		entity_name = "Zs/NPC/mFloor3/01/WFC/Camera",
		type = CAMERA,
		template_name = "",
		lt_grp = 0, srt_grp = 0, usr_flg = 0,
		flags = HIDDEN,
		spatialprops =
		{
			pos = { -1.465337, 3.247953, 7.447592 },
			orient = { {  0.673269,  0.000000, -0.739398 },
					   { -0.274364,  0.928607, -0.249826 },
					   {  0.686610,  0.371064,  0.625202 } }
		},
		cameraprops =
		{
			fovh = 30,
			hvaspect = 1.85,
			nearplane = 0.2,
			farplane = 5000
		}
	},

	{
		entity_name = "Zs/NPC/mFloor3/01/P2/Stand",
		type = MARKER,
		template_name = "",
		lt_grp = 0, srt_grp = 0, usr_flg = 0,
		spatialprops =
		{
			pos = { -4.450296, 0, 3.559328 },
			orient = { {  0.556770,  0.000000,  0.830667 },
					   {  0.000000,  1.000000,  0.000000 },
					   { -0.830667,  0.000000,  0.556770 } }
		}
	},

	{
		entity_name = "Zs/NPC/mFloor3/01/P/Stand",
		type = MARKER,
		template_name = "",
		lt_grp = 0, srt_grp = 0, usr_flg = 0,
		spatialprops =
		{
			pos = { -4.853353, -0.0054, 3.87812 },
			orient = { {  0.556770,  0.000000,  0.830667 },
					   {  0.000000,  1.000000,  0.000000 },
					   { -0.830667,  0.000000,  0.556770 } }
		}
	},

	{
		entity_name = "Camera_News",
		type = CAMERA,
		template_name = "",
		lt_grp = 0, srt_grp = 0, usr_flg = 0,
		flags = HIDDEN,
		spatialprops =
		{
			pos = { -1.146217, 3.578985, 0.3575 },
			orient = { {  0.924463,  0.000000, -0.381271 },
					   { -0.083702,  0.975605, -0.202950 },
					   {  0.371970,  0.219533,  0.901911 } }
		},
		cameraprops =
		{
			fovh = 30,
			hvaspect = 1.85,
			nearplane = 0.5,
			farplane = 100
		}
	},

	{
		entity_name = "Zs/NPC/mFloor3/02/P2/Stand",
		type = MARKER,
		template_name = "",
		lt_grp = 0, srt_grp = 0, usr_flg = 0,
		spatialprops =
		{
			pos = { -0.16394, 0, 2.644398 },
			orient = { { -0.831553,  0.000000, -0.555446 },
					   {  0.000000,  1.000000,  0.000000 },
					   {  0.555446,  0.000000, -0.831553 } }
		}
	},

	{
		entity_name = "Zs/NPC/mFloor3/02/P/Stand",
		type = MARKER,
		template_name = "",
		lt_grp = 0, srt_grp = 0, usr_flg = 0,
		spatialprops =
		{
			pos = { 0.08702, -0.0054, 2.195954 },
			orient = { { -0.831553,  0.000000, -0.555446 },
					   {  0.000000,  1.000000,  0.000000 },
					   {  0.555446,  0.000000, -0.831553 } }
		}
	},

	{
		entity_name = "Zs/NPC/mFloor3/02/AC2/Camera",
		type = CAMERA,
		template_name = "",
		lt_grp = 0, srt_grp = 0, usr_flg = 0,
		flags = HIDDEN,
		spatialprops =
		{
			pos = { 0.919, 1.743543, 3.518587 },
			orient = { {  0.313462,  0.000000, -0.949601 },
					   { -0.208978,  0.975484, -0.068983 },
					   {  0.926321,  0.220069,  0.305777 } }
		},
		cameraprops =
		{
			fovh = 30,
			hvaspect = 1.85,
			nearplane = 0.2,
			farplane = 5000
		}
	},

	{
		entity_name = "Zs/NPC/mFloor3/02/ACOH/Camera",
		type = CAMERA,
		template_name = "",
		lt_grp = 0, srt_grp = 0, usr_flg = 0,
		flags = HIDDEN,
		spatialprops =
		{
			pos = { 0.394366, 1.75597, 2.600422 },
			orient = { { -0.398952,  0.000000, -0.916972 },
					   { -0.158279,  0.984990,  0.068863 },
					   {  0.903208,  0.172611, -0.392964 } }
		},
		cameraprops =
		{
			fovh = 25,
			hvaspect = 1.85,
			nearplane = 0.2,
			farplane = 5000
		}
	},

	{
		entity_name = "Zs/NPC/mFloor3/02/ACS/Camera",
		type = CAMERA,
		template_name = "",
		lt_grp = 0, srt_grp = 0, usr_flg = 0,
		flags = HIDDEN,
		spatialprops =
		{
			pos = { 0.093868, 1.688096, 2.78082 },
			orient = { { -0.472156,  0.000000, -0.881515 },
					   { -0.092587,  0.994469,  0.049591 },
					   {  0.876639,  0.105032, -0.469544 } }
		},
		cameraprops =
		{
			fovh = 25,
			hvaspect = 1.85,
			nearplane = 0.2,
			farplane = 5000
		}
	},

	{
		entity_name = "Zs/NPC/mFloor3/02/ACU/Camera",
		type = CAMERA,
		template_name = "",
		lt_grp = 0, srt_grp = 0, usr_flg = 0,
		flags = HIDDEN,
		spatialprops =
		{
			pos = { -0.214049, 1.717771, 3.016327 },
			orient = { { -0.483774,  0.000000, -0.875193 },
					   { -0.078358,  0.995984,  0.043313 },
					   {  0.871678,  0.089532, -0.481832 } }
		},
		cameraprops =
		{
			fovh = 25,
			hvaspect = 1.85,
			nearplane = 0.2,
			farplane = 5000
		}
	},

	{
		entity_name = "Zs/NPC/mFloor3/02/PC2/Camera",
		type = CAMERA,
		template_name = "",
		lt_grp = 0, srt_grp = 0, usr_flg = 0,
		flags = HIDDEN,
		spatialprops =
		{
			pos = { 0.139801, 1.736368, 4.424242 },
			orient = { {  0.889172,  0.000000, -0.457574 },
					   { -0.095669,  0.977899, -0.185908 },
					   {  0.447461,  0.209080,  0.869520 } }
		},
		cameraprops =
		{
			fovh = 30,
			hvaspect = 1.85,
			nearplane = 0.2,
			farplane = 5000
		}
	},

	{
		entity_name = "Zs/NPC/mFloor3/02/PCO/Camera",
		type = CAMERA,
		template_name = "",
		lt_grp = 0, srt_grp = 0, usr_flg = 0,
		flags = HIDDEN,
		spatialprops =
		{
			pos = { -0.727407, 1.765607, 4.058551 },
			orient = { {  0.989073,  0.000000,  0.147426 },
					   {  0.029368,  0.979958, -0.197027 },
					   { -0.144471,  0.199203,  0.969250 } }
		},
		cameraprops =
		{
			fovh = 25,
			hvaspect = 1.85,
			nearplane = 0.2,
			farplane = 5000
		}
	},

	{
		entity_name = "Zs/NPC/mFloor3/02/PCS/Camera",
		type = CAMERA,
		template_name = "",
		lt_grp = 0, srt_grp = 0, usr_flg = 0,
		flags = HIDDEN,
		spatialprops =
		{
			pos = { -0.538734, 1.708207, 3.822646 },
			orient = { {  0.992816,  0.000000,  0.119655 },
					   {  0.016375,  0.990591, -0.135869 },
					   { -0.118529,  0.136852,  0.983475 } }
		},
		cameraprops =
		{
			fovh = 25,
			hvaspect = 1.85,
			nearplane = 0.2,
			farplane = 5000
		}
	},

	{
		entity_name = "Zs/NPC/mFloor3/02/PCU/Camera",
		type = CAMERA,
		template_name = "",
		lt_grp = 0, srt_grp = 0, usr_flg = 0,
		flags = HIDDEN,
		spatialprops =
		{
			pos = { -0.473027, 1.722221, 3.350001 },
			orient = { {  0.959439,  0.000000,  0.281915 },
					   {  0.028775,  0.994777, -0.097930 },
					   { -0.280443,  0.102070,  0.954428 } }
		},
		cameraprops =
		{
			fovh = 25,
			hvaspect = 1.85,
			nearplane = 0.2,
			farplane = 5000
		}
	},

	{
		entity_name = "Zs/NPC/mFloor3/02/TCI/Camera",
		type = CAMERA,
		template_name = "",
		lt_grp = 0, srt_grp = 0, usr_flg = 0,
		flags = HIDDEN,
		spatialprops =
		{
			pos = { 0.22813, 2.112159, 2.650126 },
			orient = { { -0.613705,  0.000000, -0.789536 },
					   { -0.560535,  0.704247,  0.435702 },
					   {  0.556028,  0.709955, -0.432200 } }
		},
		cameraprops =
		{
			fovh = 15,
			hvaspect = 1.85,
			nearplane = 0.2,
			farplane = 5000
		}
	},

	{
		entity_name = "Zs/NPC/mFloor3/02/WFC/Camera",
		type = CAMERA,
		template_name = "",
		lt_grp = 0, srt_grp = 0, usr_flg = 0,
		flags = HIDDEN,
		spatialprops =
		{
			pos = { 1.385956, 5.12634, 4.248868 },
			orient = { {  0.454616, -0.101476, -0.884887 },
					   { -0.769004,  0.456543, -0.447435 },
					   {  0.449394,  0.883894,  0.129516 } }
		},
		cameraprops =
		{
			fovh = 30,
			hvaspect = 1.85,
			nearplane = 0.2,
			farplane = 5000
		}
	},

	{
		entity_name = "Zs/NPC/mFloor2/01/P2/Stand",
		type = MARKER,
		template_name = "",
		lt_grp = 0, srt_grp = 0, usr_flg = 0,
		spatialprops =
		{
			pos = { -1.411643, 0, 0.438184 },
			orient = { {  0.087618,  0.000000, -0.996154 },
					   {  0.000000,  1.000000,  0.000000 },
					   {  0.996154,  0.000000,  0.087618 } }
		}
	},

	{
		entity_name = "Zs/NPC/mFloor2/01/P/Stand",
		type = MARKER,
		template_name = "",
		lt_grp = 0, srt_grp = 0, usr_flg = 0,
		spatialprops =
		{
			pos = { -0.897774, -0.0054, 0.442826 },
			orient = { {  0.087619,  0.000000, -0.996154 },
					   {  0.000000,  1.000000,  0.000000 },
					   {  0.996154,  0.000000,  0.087619 } }
		}
	},

	{
		entity_name = "Zs/NPC/mFloor2/01/AC2/Camera",
		type = CAMERA,
		template_name = "",
		lt_grp = 0, srt_grp = 0, usr_flg = 0,
		flags = HIDDEN,
		spatialprops =
		{
			pos = { -1.559138, 1.732739, 1.958914 },
			orient = { {  0.975345,  0.000000, -0.220684 },
					   { -0.048575,  0.975475, -0.214682 },
					   {  0.215272,  0.220109,  0.951425 } }
		},
		cameraprops =
		{
			fovh = 30,
			hvaspect = 1.85,
			nearplane = 0.2,
			farplane = 5000
		}
	},

	{
		entity_name = "Zs/NPC/mFloor2/01/ACOH/Camera",
		type = CAMERA,
		template_name = "",
		lt_grp = 0, srt_grp = 0, usr_flg = 0,
		flags = HIDDEN,
		spatialprops =
		{
			pos = { -1.055723, 1.764511, 0.910004 },
			orient = { {  0.554886,  0.000000, -0.831927 },
					   { -0.157912,  0.981820, -0.105325 },
					   {  0.816802,  0.189815,  0.544798 } }
		},
		cameraprops =
		{
			fovh = 25,
			hvaspect = 1.85,
			nearplane = 0.2,
			farplane = 5000
		}
	},

	{
		entity_name = "Zs/NPC/mFloor2/01/ACS/Camera",
		type = CAMERA,
		template_name = "",
		lt_grp = 0, srt_grp = 0, usr_flg = 0,
		flags = HIDDEN,
		spatialprops =
		{
			pos = { -1.594333, 1.666149, 0.9527 },
			orient = { {  0.667774,  0.000000, -0.744364 },
					   { -0.058737,  0.996882, -0.052693 },
					   {  0.742043,  0.078909,  0.665692 } }
		},
		cameraprops =
		{
			fovh = 25,
			hvaspect = 1.85,
			nearplane = 0.2,
			farplane = 5000
		}
	},

	{
		entity_name = "Zs/NPC/mFloor2/01/ACU/Camera",
		type = CAMERA,
		template_name = "",
		lt_grp = 0, srt_grp = 0, usr_flg = 0,
		flags = HIDDEN,
		spatialprops =
		{
			pos = { -1.788241, 1.702523, 0.73357 },
			orient = { {  0.567776,  0.000000, -0.823183 },
					   { -0.059306,  0.997401, -0.040905 },
					   {  0.821044,  0.072044,  0.566301 } }
		},
		cameraprops =
		{
			fovh = 25,
			hvaspect = 1.85,
			nearplane = 0.2,
			farplane = 5000
		}
	},

	{
		entity_name = "Zs/NPC/mFloor2/01/PC2/Camera",
		type = CAMERA,
		template_name = "",
		lt_grp = 0, srt_grp = 0, usr_flg = 0,
		flags = HIDDEN,
		spatialprops =
		{
			pos = { -2.828041, 1.740433, 1.56649 },
			orient = { {  0.833469,  0.000000,  0.552566 },
					   {  0.115526,  0.977900, -0.174255 },
					   { -0.540354,  0.209072,  0.815050 } }
		},
		cameraprops =
		{
			fovh = 30,
			hvaspect = 1.85,
			nearplane = 0.2,
			farplane = 5000
		}
	},

	{
		entity_name = "Zs/NPC/mFloor2/01/PCO/Camera",
		type = CAMERA,
		template_name = "",
		lt_grp = 0, srt_grp = 0, usr_flg = 0,
		flags = HIDDEN,
		spatialprops =
		{
			pos = { -2.880995, 1.732553, 0.723686 },
			orient = { {  0.387323,  0.000000,  0.921944 },
					   {  0.152092,  0.986299, -0.063896 },
					   { -0.909312,  0.164969,  0.382016 } }
		},
		cameraprops =
		{
			fovh = 25,
			hvaspect = 1.85,
			nearplane = 0.2,
			farplane = 5000
		}
	},

	{
		entity_name = "Zs/NPC/mFloor2/01/PCS/Camera",
		type = CAMERA,
		template_name = "",
		lt_grp = 0, srt_grp = 0, usr_flg = 0,
		flags = HIDDEN,
		spatialprops =
		{
			pos = { -2.572464, 1.691824, 0.714694 },
			orient = { {  0.376055,  0.000000,  0.926597 },
					   {  0.110808,  0.992824, -0.044971 },
					   { -0.919948,  0.119586,  0.373356 } }
		},
		cameraprops =
		{
			fovh = 25,
			hvaspect = 1.85,
			nearplane = 0.2,
			farplane = 5000
		}
	},

	{
		entity_name = "Zs/NPC/mFloor2/01/PCU/Camera",
		type = CAMERA,
		template_name = "",
		lt_grp = 0, srt_grp = 0, usr_flg = 0,
		flags = HIDDEN,
		spatialprops =
		{
			pos = { -2.185694, 1.70641, 0.613301 },
			orient = { {  0.335942,  0.000000,  0.941883 },
					   {  0.071671,  0.997101, -0.025563 },
					   { -0.939152,  0.076093,  0.334968 } }
		},
		cameraprops =
		{
			fovh = 25,
			hvaspect = 1.85,
			nearplane = 0.2,
			farplane = 5000
		}
	},

	{
		entity_name = "Zs/NPC/mFloor2/01/TCI/Camera",
		type = CAMERA,
		template_name = "",
		lt_grp = 0, srt_grp = 0, usr_flg = 0,
		flags = HIDDEN,
		spatialprops =
		{
			pos = { -1.228297, 2.112159, 0.784789 },
			orient = { {  0.397585,  0.000000, -0.917565 },
					   { -0.651430,  0.704247, -0.282268 },
					   {  0.646192,  0.709955,  0.279998 } }
		},
		cameraprops =
		{
			fovh = 15,
			hvaspect = 1.85,
			nearplane = 0.2,
			farplane = 5000
		}
	},

	{
		entity_name = "Zs/NPC/mFloor2/01/WFC/Camera",
		type = CAMERA,
		template_name = "",
		lt_grp = 0, srt_grp = 0, usr_flg = 0,
		flags = HIDDEN,
		spatialprops =
		{
			pos = { -1.290767, 4.660467, 4.835637 },
			orient = { {  0.872634,  0.132990, -0.469918 },
					   { -0.402254,  0.741380, -0.537166 },
					   {  0.276950,  0.657776,  0.700449 } }
		},
		cameraprops =
		{
			fovh = 30,
			hvaspect = 1.85,
			nearplane = 0.2,
			farplane = 5000
		}
	},

	{
		entity_name = "Zs/NPC/mFloor2/02/TCI/Camera",
		type = CAMERA,
		template_name = "",
		lt_grp = 0, srt_grp = 0, usr_flg = 0,
		flags = HIDDEN,
		spatialprops =
		{
			pos = { -0.491636, 2.112159, 0.412258 },
			orient = { {  0.444484,  0.000000,  0.895787 },
					   {  0.635969,  0.704247, -0.315563 },
					   { -0.630855,  0.709955,  0.313027 } }
		},
		cameraprops =
		{
			fovh = 15,
			hvaspect = 1.85,
			nearplane = 0.2,
			farplane = 5000
		}
	},

	{
		entity_name = "Zs/NPC/mTable3/01/P2/Stand",
		type = MARKER,
		template_name = "",
		lt_grp = 0, srt_grp = 0, usr_flg = 0,
		spatialprops =
		{
			pos = { -4.936024, 0, 5.423997 },
			orient = { { -0.752240,  0.000000,  0.658890 },
					   {  0.000000,  1.000000,  0.000000 },
					   { -0.658890,  0.000000, -0.752240 } }
		}
	},

	{
		entity_name = "Zs/NPC/mTable3/01/P/Stand",
		type = MARKER,
		template_name = "",
		lt_grp = 0, srt_grp = 0, usr_flg = 0,
		spatialprops =
		{
			pos = { -5.303964, -0.0054, 5.065244 },
			orient = { { -0.752239,  0.000000,  0.658890 },
					   {  0.000000,  1.000000,  0.000000 },
					   { -0.658890,  0.000000, -0.752239 } }
		}
	},

	{
		entity_name = "Zs/NPC/mTable3/02/P2/Stand",
		type = MARKER,
		template_name = "",
		lt_grp = 0, srt_grp = 0, usr_flg = 0,
		spatialprops =
		{
			pos = { 0.453263, 0, 5.157613 },
			orient = { { -0.665104,  0.000000, -0.746750 },
					   {  0.000000,  1.000000,  0.000000 },
					   {  0.746750,  0.000000, -0.665104 } }
		}
	},

	{
		entity_name = "Zs/NPC/mTable3/02/P/Stand",
		type = MARKER,
		template_name = "",
		lt_grp = 0, srt_grp = 0, usr_flg = 0,
		spatialprops =
		{
			pos = { 0.808953, -0.0054, 4.786711 },
			orient = { { -0.665105,  0.000000, -0.746750 },
					   {  0.000000,  1.000000,  0.000000 },
					   {  0.746750,  0.000000, -0.665105 } }
		}
	},

	{
		entity_name = "Zs/NPC/mTable3/02/Prop",
		type = MARKER,
		template_name = "",
		lt_grp = 0, srt_grp = 0, usr_flg = 0,
		spatialprops =
		{
			pos = { -0.423764, 0.81432, 5.968938 },
			orient = { { -0.854078,  0.000000, -0.520145 },
					   {  0.000000,  1.000000,  0.000000 },
					   {  0.520145,  0.000000, -0.854078 } }
		}
	},

	{
		entity_name = "Zs/NPC/mTable3/01/Prop",
		type = MARKER,
		template_name = "",
		lt_grp = 0, srt_grp = 0, usr_flg = 0,
		spatialprops =
		{
			pos = { -4.128013, 0.797252, 6.314881 },
			orient = { { -0.747323,  0.000000,  0.664461 },
					   {  0.000000,  1.000000,  0.000000 },
					   { -0.664461,  0.000000, -0.747323 } }
		}
	},

	{
		entity_name = "Zg/NPC/mFloor2/01/B/Stand",
		type = MARKER,
		template_name = "",
		lt_grp = 0, srt_grp = 0, usr_flg = 0,
		spatialprops =
		{
			pos = { -1.92702, 0, -0.133164 },
			orient = { { -0.985265,  0.000000,  0.171032 },
					   {  0.000000,  1.000000,  0.000000 },
					   { -0.171032,  0.000000, -0.985265 } }
		}
	},

	{
		entity_name = "Set_li_01_bar",
		type = COMPOUND,
		template_name = "li_01_bar",
		lt_grp = 0, srt_grp = 0, usr_flg = 0,
		flags = LIT_AMBIENT,
