duration = 20.000;

entities =
{

	{
		entity_name = "Layer_li_07_Bar_Hardpoint",
		type = SCENE,
		template_name = "",
		lt_grp = 0, srt_grp = 0, usr_flg = 0,
		spatialprops =
		{
			pos = { 0, 0, 0 },
			orient = { { 1, 0, 0 }, { 0, 1, 0 }, { 0, 0, 1 } }
		},
		up = Y_AXIS,
		front = Z_AXIS,
		ambient = { 170, 170, 170 }
	},

	{
		entity_name = "Zs/NPC/Bartender/01/AC2/Camera",
		type = CAMERA,
		template_name = "",
		lt_grp = 0, srt_grp = 0, usr_flg = 0,
		flags = HIDDEN,
		spatialprops =
		{
			pos = { -0.982506, 1.819668, -8.60043 },
			orient = { {  0.972024,  0.000000, -0.234880 },
					   { -0.065283,  0.960598, -0.270167 },
					   {  0.225626,  0.277943,  0.933724 } }
		},
		cameraprops =
		{
			fovh = 30,
			hvaspect = 1.85,
			nearplane = 0.2,
			farplane = 5000
		}
	},

	{
		entity_name = "Zs/NPC/Bartender/01/ACOH/Camera",
		type = CAMERA,
		template_name = "",
		lt_grp = 0, srt_grp = 0, usr_flg = 0,
		flags = HIDDEN,
		spatialprops =
		{
			pos = { -2.096385, 1.775141, -9.519148 },
			orient = { {  0.889555,  0.000000,  0.456829 },
					   {  0.092891,  0.979108, -0.180881 },
					   { -0.447285,  0.203339,  0.870970 } }
		},
		cameraprops =
		{
			fovh = 25,
			hvaspect = 1.85,
			nearplane = 0.2,
			farplane = 5000
		}
	},

	{
		entity_name = "Zs/NPC/Bartender/01/ACS/Camera",
		type = CAMERA,
		template_name = "",
		lt_grp = 0, srt_grp = 0, usr_flg = 0,
		flags = HIDDEN,
		spatialprops =
		{
			pos = { -1.219932, 1.682643, -10.27314 },
			orient = { {  0.925269,  0.000000,  0.379311 },
					   {  0.039302,  0.994618, -0.095871 },
					   { -0.377269,  0.103614,  0.920289 } }
		},
		cameraprops =
		{
			fovh = 25,
			hvaspect = 1.85,
			nearplane = 0.2,
			farplane = 5000
		}
	},

	{
		entity_name = "Zs/NPC/Bartender/01/P/Stand",
		type = MARKER,
		template_name = "",
		lt_grp = 0, srt_grp = 0, usr_flg = 0,
		spatialprops =
		{
			pos = { -2.468808, -0.0054, -9.719306 },
			orient = { {  0.440636,  0.000000,  0.897686 },
					   {  0.000000,  1.000000,  0.000000 },
					   { -0.897686,  0.000000,  0.440636 } }
		}
	},

	{
		entity_name = "Zs/NPC/Bartender/01/P2/Stand",
		type = MARKER,
		template_name = "",
		lt_grp = 0, srt_grp = 0, usr_flg = 0,
		spatialprops =
		{
			pos = { -2.026725, 0, -9.981311 },
			orient = { {  0.440637,  0.000000,  0.897686 },
					   {  0.000000,  1.000000,  0.000000 },
					   { -0.897686,  0.000000,  0.440637 } }
		}
	},

	{
		entity_name = "Zs/NPC/Bartender/01/PC2/Camera",
		type = CAMERA,
		template_name = "",
		lt_grp = 0, srt_grp = 0, usr_flg = 0,
		flags = HIDDEN,
		spatialprops =
		{
			pos = { 0.747482, 1.872917, -10.26768 },
			orient = { {  0.303880,  0.000000, -0.952710 },
					   { -0.288280,  0.953121, -0.091951 },
					   {  0.908048,  0.302589,  0.289635 } }
		},
		cameraprops =
		{
			fovh = 30,
			hvaspect = 1.85,
			nearplane = 0.2,
			farplane = 5000
		}
	},

	{
		entity_name = "Zs/NPC/Bartender/01/PCO/Camera",
		type = CAMERA,
		template_name = "",
		lt_grp = 0, srt_grp = 0, usr_flg = 0,
		flags = HIDDEN,
		spatialprops =
		{
			pos = { -0.062127, 1.779823, -11.40014 },
			orient = { { -0.371247,  0.000000, -0.928534 },
					   { -0.201286,  0.976221,  0.080478 },
					   {  0.906454,  0.216779, -0.362419 } }
		},
		cameraprops =
		{
			fovh = 25,
			hvaspect = 1.85,
			nearplane = 0.2,
			farplane = 5000
		}
	},

	{
		entity_name = "Zs/NPC/Bartender/01/PCS/Camera",
		type = CAMERA,
		template_name = "",
		lt_grp = 0, srt_grp = 0, usr_flg = 0,
		flags = HIDDEN,
		spatialprops =
		{
			pos = { -0.898097, 1.682649, -10.56877 },
			orient = { { -0.283410,  0.000000, -0.958999 },
					   { -0.103946,  0.994108,  0.030719 },
					   {  0.953349,  0.108390, -0.281740 } }
		},
		cameraprops =
		{
			fovh = 25,
			hvaspect = 1.85,
			nearplane = 0.2,
			farplane = 5000
		}
	},

	{
		entity_name = "Zs/NPC/Bartender/01/WFC/Camera",
		type = CAMERA,
		template_name = "",
		lt_grp = 0, srt_grp = 0, usr_flg = 0,
		flags = HIDDEN,
		spatialprops =
		{
			pos = { -6.322588, 2.271219, 6.306156 },
			orient = { {  0.945297,  0.000000,  0.326212 },
					   { -0.051341,  0.987537,  0.148775 },
					   { -0.322146, -0.157384,  0.933516 } }
		},
		cameraprops =
		{
			fovh = 30,
			hvaspect = 1.85,
			nearplane = 0.2,
			farplane = 5000
		}
	},

	{
		entity_name = "Camera_Mission",
		type = CAMERA,
		template_name = "",
		lt_grp = 0, srt_grp = 0, usr_flg = 0,
		flags = HIDDEN,
		spatialprops =
		{
			pos = { -0.446523, 2.483821, -9.482692 },
			orient = { {  0.032227,  0.000000, -0.999481 },
					   { -0.149085,  0.988813, -0.004807 },
					   {  0.988299,  0.149163,  0.031866 } }
		},
		cameraprops =
		{
			fovh = 20,
			hvaspect = 1.333333,
			nearplane = 0.5,
			farplane = 100
		}
	},

	{
		entity_name = "Camera_News",
		type = CAMERA,
		template_name = "",
		lt_grp = 0, srt_grp = 0, usr_flg = 0,
		flags = HIDDEN,
		spatialprops =
		{
			pos = { -2.507556, 6.651601, 7.15618 },
			orient = { { -0.048477,  0.000000, -0.998824 },
					   {  0.020911,  0.999781, -0.001015 },
					   {  0.998605, -0.020936, -0.048467 } }
		},
		cameraprops =
		{
			fovh = 35,
			hvaspect = 1.333333,
			nearplane = 1,
			farplane = 100
		}
	},

	{
		entity_name = "Zg/PC/Player/01/A/Stand",
		type = MARKER,
		template_name = "",
		lt_grp = 0, srt_grp = 0, usr_flg = 0,
		spatialprops =
		{
			pos = { -13.60722, 0, -1.073183 },
			orient = { { -0.263550,  0.000000,  0.964646 },
					   {  0.000000,  1.000000,  0.000000 },
					   { -0.964646,  0.000000, -0.263550 } }
		}
	},

	{
		entity_name = "Zs/NPC/Bartender/01/A/Stand",
		type = MARKER,
		template_name = "",
		lt_grp = 0, srt_grp = 0, usr_flg = 0,
		spatialprops =
		{
			pos = { -0.503374, 0, -11.39443 },
			orient = { { -0.952335,  0.000000, -0.305053 },
					   {  0.000000,  1.000000,  0.000000 },
					   {  0.305053,  0.000000, -0.952335 } }
		}
	},

	{
		entity_name = "Zs/NPC/mTable4/01/P2/Stand",
		type = MARKER,
		template_name = "",
		lt_grp = 0, srt_grp = 0, usr_flg = 0,
		spatialprops =
		{
			pos = { -1.406139, 0, -3.841695 },
			orient = { {  0.750668,  0.000000, -0.660680 },
					   {  0.000000,  1.000000,  0.000000 },
					   {  0.660680,  0.000000,  0.750668 } }
		}
	},

	{
		entity_name = "Zs/NPC/mTable4/01/P/Stand",
		type = MARKER,
		template_name = "",
		lt_grp = 0, srt_grp = 0, usr_flg = 0,
		spatialprops =
		{
			pos = { -1.037346, -0.0054, -3.483819 },
			orient = { {  0.750668,  0.000000, -0.660680 },
					   {  0.000000,  1.000000,  0.000000 },
					   {  0.660680,  0.000000,  0.750668 } }
		}
	},

	{
		entity_name = "Zs/NPC/mTable4/01/Prop",
		type = MARKER,
		template_name = "",
		lt_grp = 0, srt_grp = 0, usr_flg = 0,
		spatialprops =
		{
			pos = { -2.212266, 0.81432, -4.723502 },
			orient = { {  0.753015,  0.000000, -0.658003 },
					   {  0.000000,  1.000000,  0.000000 },
					   {  0.658003,  0.000000,  0.753015 } }
		}
	},

	{
		entity_name = "Zs/NPC/mTable4/01/AC2/Camera",
		type = CAMERA,
		template_name = "",
		lt_grp = 0, srt_grp = 0, usr_flg = 0,
		flags = HIDDEN,
		spatialprops =
		{
			pos = { -2.653843, 1.702196, -2.752445 },
			orient = { {  0.891437,  0.000000,  0.453144 },
					   {  0.094476,  0.978024, -0.185856 },
					   { -0.443186,  0.208490,  0.871848 } }
		},
		cameraprops =
		{
			fovh = 30,
			hvaspect = 1.85,
			nearplane = 0.2,
			farplane = 5000
		}
	},

	{
		entity_name = "Zs/NPC/mTable4/01/WFC/Camera",
		type = CAMERA,
		template_name = "",
		lt_grp = 0, srt_grp = 0, usr_flg = 0,
		flags = HIDDEN,
		spatialprops =
		{
			pos = { -10.16984, 4.967832, 4.67482 },
			orient = { {  0.908197,  0.000000,  0.418543 },
					   {  0.050069,  0.992819, -0.108645 },
					   { -0.415537,  0.119627,  0.901675 } }
		},
		cameraprops =
		{
			fovh = 30,
			hvaspect = 1.85,
			nearplane = 0.2,
			farplane = 5000
		}
	},

	{
		entity_name = "Zs/NPC/mFloor2/01/AC2/Camera",
		type = CAMERA,
		template_name = "",
		lt_grp = 0, srt_grp = 0, usr_flg = 0,
		flags = HIDDEN,
		spatialprops =
		{
			pos = { 6.570709, 1.677214, -7.660244 },
			orient = { {  0.992882,  0.000000, -0.119102 },
					   { -0.021663,  0.983319, -0.180595 },
					   {  0.117115,  0.181889,  0.976320 } }
		},
		cameraprops =
		{
			fovh = 30,
			hvaspect = 1.85,
			nearplane = 0.2,
			farplane = 5000
		}
	},

	{
		entity_name = "Zs/NPC/mFloor2/01/WFC/Camera",
		type = CAMERA,
		template_name = "",
		lt_grp = 0, srt_grp = 0, usr_flg = 0,
		flags = HIDDEN,
		spatialprops =
		{
			pos = { 6.454831, -0.550356, 10.3691 },
			orient = { {  0.983263,  0.000000, -0.182189 },
					   {  0.035522,  0.980809,  0.191708 },
					   {  0.178693, -0.194972,  0.964394 } }
		},
		cameraprops =
		{
			fovh = 30,
			hvaspect = 1.85,
			nearplane = 0.2,
			farplane = 5000
		}
	},

	{
		entity_name = "Zs/NPC/mTable4/01/PC2/Camera",
		type = CAMERA,
		template_name = "",
		lt_grp = 0, srt_grp = 0, usr_flg = 0,
		flags = HIDDEN,
		spatialprops =
		{
			pos = { -4.040283, 1.68243, -4.225163 },
			orient = { {  0.209234,  0.000000,  0.977866 },
					   {  0.222007,  0.973887, -0.047503 },
					   { -0.952331,  0.227032,  0.203770 } }
		},
		cameraprops =
		{
			fovh = 30,
			hvaspect = 1.85,
			nearplane = 0.2,
			farplane = 5000
		}
	},

	{
		entity_name = "Zs/NPC/mFloor2/01/PC2/Camera",
		type = CAMERA,
		template_name = "",
		lt_grp = 0, srt_grp = 0, usr_flg = 0,
		flags = HIDDEN,
		spatialprops =
		{
			pos = { 7.712869, 1.74776, -8.410954 },
			orient = { {  0.583535,  0.000000, -0.812088 },
					   { -0.179899,  0.975154, -0.129268 },
					   {  0.791911,  0.221526,  0.569036 } }
		},
		cameraprops =
		{
			fovh = 30,
			hvaspect = 1.85,
			nearplane = 0.2,
			farplane = 5000
		}
	},

	{
		entity_name = "Zs/NPC/mFloor2/01/P/Stand",
		type = MARKER,
		template_name = "",
		lt_grp = 0, srt_grp = 0, usr_flg = 0,
		spatialprops =
		{
			pos = { 5.352363, -0.0054, -8.812303 },
			orient = { {  0.204669,  0.000000,  0.978831 },
					   {  0.000000,  1.000000,  0.000000 },
					   { -0.978831,  0.000000,  0.204669 } }
		}
	},

	{
		entity_name = "Zs/NPC/mFloor2/01/P2/Stand",
		type = MARKER,
		template_name = "",
		lt_grp = 0, srt_grp = 0, usr_flg = 0,
		spatialprops =
		{
			pos = { 5.845549, 0, -8.956699 },
			orient = { {  0.204669,  0.000000,  0.978831 },
					   {  0.000000,  1.000000,  0.000000 },
					   { -0.978831,  0.000000,  0.204669 } }
		}
	},

	{
		entity_name = "Zs/NPC/mTable4/01/ACOH/Camera",
		type = CAMERA,
		template_name = "",
		lt_grp = 0, srt_grp = 0, usr_flg = 0,
		flags = HIDDEN,
		spatialprops =
		{
			pos = { -1.448146, 1.933009, -3.226518 },
			orient = { {  0.974914,  0.000000, -0.222581 },
					   { -0.091808,  0.910971, -0.402123 },
					   {  0.202765,  0.412470,  0.888119 } }
		},
		cameraprops =
		{
			fovh = 20,
			hvaspect = 1.85,
			nearplane = 0.2,
			farplane = 5000
		}
	},

	{
		entity_name = "Zs/NPC/mFloor2/01/ACOH/Camera",
		type = CAMERA,
		template_name = "",
		lt_grp = 0, srt_grp = 0, usr_flg = 0,
		flags = HIDDEN,
		spatialprops =
		{
			pos = { 5.69306, 1.750024, -8.446211 },
			orient = { {  0.805763,  0.000000,  0.592238 },
					   {  0.111032,  0.982269, -0.151064 },
					   { -0.581736,  0.187479,  0.791476 } }
		},
		cameraprops =
		{
			fovh = 25,
			hvaspect = 1.85,
			nearplane = 0.2,
			farplane = 5000
		}
	},

	{
		entity_name = "Zs/NPC/mTable4/01/TCI/Camera",
		type = CAMERA,
		template_name = "",
		lt_grp = 0, srt_grp = 0, usr_flg = 0,
		flags = HIDDEN,
		spatialprops =
		{
			pos = { -1.70683, 1.821711, -3.610248 },
			orient = { {  0.955658,  0.000000, -0.294479 },
					   { -0.189261,  0.766120, -0.614198 },
					   {  0.225607,  0.642697,  0.732149 } }
		},
		cameraprops =
		{
			fovh = 15,
			hvaspect = 1.85,
			nearplane = 0.2,
			farplane = 5000
		}
	},

	{
		entity_name = "Zs/NPC/mFloor2/01/TCI/Camera",
		type = CAMERA,
		template_name = "",
		lt_grp = 0, srt_grp = 0, usr_flg = 0,
		flags = HIDDEN,
		spatialprops =
		{
			pos = { 6.156213, 1.903228, -8.547161 },
			orient = { {  0.851135,  0.000000,  0.524946 },
					   {  0.322813,  0.788569, -0.523402 },
					   { -0.413957,  0.614946,  0.671179 } }
		},
		cameraprops =
		{
			fovh = 15,
			hvaspect = 1.85,
			nearplane = 0.2,
			farplane = 5000
		}
	},

	{
		entity_name = "Zs/NPC/mTable4/01/ACS/Camera",
		type = CAMERA,
		template_name = "",
		lt_grp = 0, srt_grp = 0, usr_flg = 0,
		flags = HIDDEN,
		spatialprops =
		{
			pos = { -1.932963, 1.339473, -3.881952 },
			orient = { {  0.990015,  0.000000, -0.140960 },
					   { -0.021229,  0.988594, -0.149098 },
					   {  0.139353,  0.150602,  0.978724 } }
		},
		cameraprops =
		{
			fovh = 20,
			hvaspect = 1.85,
			nearplane = 0.2,
			farplane = 5000
		}
	},

	{
		entity_name = "Zs/NPC/mFloor2/01/ACS/Camera",
		type = CAMERA,
		template_name = "",
		lt_grp = 0, srt_grp = 0, usr_flg = 0,
		flags = HIDDEN,
		spatialprops =
		{
			pos = { 6.123158, 1.610535, -8.690548 },
			orient = { {  0.801401,  0.000000,  0.598128 },
					   {  0.030321,  0.998714, -0.040625 },
					   { -0.597359,  0.050693,  0.800370 } }
		},
		cameraprops =
		{
			fovh = 25,
			hvaspect = 1.85,
			nearplane = 0.2,
			farplane = 5000
		}
	},

	{
		entity_name = "Zs/NPC/mFloor2/01/PCS/Camera",
		type = CAMERA,
		template_name = "",
		lt_grp = 0, srt_grp = 0, usr_flg = 0,
		flags = HIDDEN,
		spatialprops =
		{
			pos = { 7.041935, 1.614689, -9.212129 },
			orient = { { -0.044952,  0.000000, -0.998989 },
					   { -0.055934,  0.998431,  0.002517 },
					   {  0.997422,  0.055991, -0.044882 } }
		},
		cameraprops =
		{
			fovh = 25,
			hvaspect = 1.85,
			nearplane = 0.2,
			farplane = 5000
		}
	},

	{
		entity_name = "Zs/NPC/mTable4/01/PCS/Camera",
		type = CAMERA,
		template_name = "",
		lt_grp = 0, srt_grp = 0, usr_flg = 0,
		flags = HIDDEN,
		spatialprops =
		{
			pos = { -2.488822, 1.401398, -4.989747 },
			orient = { { -0.641663,  0.000000,  0.766987 },
					   { -0.063665,  0.996549, -0.053262 },
					   { -0.764340, -0.083006, -0.639449 } }
		},
		cameraprops =
		{
			fovh = 20,
			hvaspect = 1.85,
			nearplane = 0.2,
			farplane = 5000
		}
	},

	{
		entity_name = "Zs/NPC/mTable4/01/ACU/Camera",
		type = CAMERA,
		template_name = "",
		lt_grp = 0, srt_grp = 0, usr_flg = 0,
		flags = HIDDEN,
		spatialprops =
		{
			pos = { -2.081976, 1.355977, -4.441292 },
			orient = { {  0.982846,  0.000000, -0.184431 },
					   { -0.029334,  0.987271, -0.156321 },
					   {  0.182083,  0.159049,  0.970335 } }
		},
		cameraprops =
		{
			fovh = 20,
			hvaspect = 1.85,
			nearplane = 0.2,
			farplane = 5000
		}
	},

	{
		entity_name = "Zs/NPC/mFloor2/01/ACU/Camera",
		type = CAMERA,
		template_name = "",
		lt_grp = 0, srt_grp = 0, usr_flg = 0,
		flags = HIDDEN,
		spatialprops =
		{
			pos = { 6.415342, 1.654154, -8.994137 },
			orient = { {  0.764616,  0.000000,  0.644486 },
					   {  0.004451,  0.999976, -0.005280 },
					   { -0.644471,  0.006906,  0.764598 } }
		},
		cameraprops =
		{
			fovh = 25,
			hvaspect = 1.85,
			nearplane = 0.2,
			farplane = 5000
		}
	},

	{
		entity_name = "Zs/NPC/mFloor2/01/PCO/Camera",
		type = CAMERA,
		template_name = "",
		lt_grp = 0, srt_grp = 0, usr_flg = 0,
		flags = HIDDEN,
		spatialprops =
		{
			pos = { 7.522236, 1.758207, -9.383411 },
			orient = { { -0.015003,  0.000000, -0.999887 },
					   { -0.191956,  0.981399,  0.002880 },
					   {  0.981289,  0.191977, -0.014724 } }
		},
		cameraprops =
		{
			fovh = 25,
			hvaspect = 1.85,
			nearplane = 0.2,
			farplane = 5000
		}
	},

	{
		entity_name = "Zs/NPC/mTable4/01/PCO/Camera",
		type = CAMERA,
		template_name = "",
		lt_grp = 0, srt_grp = 0, usr_flg = 0,
		flags = HIDDEN,
		spatialprops =
		{
			pos = { -2.900803, 1.18236, -5.61437 },
			orient = { { -0.628173,  0.000000,  0.778073 },
					   { -0.072902,  0.995601, -0.058857 },
					   { -0.774651, -0.093695, -0.625410 } }
		},
		cameraprops =
		{
			fovh = 20,
			hvaspect = 1.85,
			nearplane = 0.2,
			farplane = 5000
		}
	},

	{
		entity_name = "Zs/NPC/mTable4/01/PCU/Camera",
		type = CAMERA,
		template_name = "",
		lt_grp = 0, srt_grp = 0, usr_flg = 0,
		flags = HIDDEN,
		spatialprops =
		{
			pos = { -2.108786, 1.496755, -4.485284 },
			orient = { { -0.593163,  0.000000,  0.805082 },
					   { -0.129419,  0.986995, -0.095353 },
					   { -0.794612, -0.160753, -0.585449 } }
		},
		cameraprops =
		{
			fovh = 20,
			hvaspect = 1.85,
			nearplane = 0.2,
			farplane = 5000
		}
	},

	{
		entity_name = "Zs/NPC/mFloor2/01/PCU/Camera",
		type = CAMERA,
		template_name = "",
		lt_grp = 0, srt_grp = 0, usr_flg = 0,
		flags = HIDDEN,
		spatialprops =
		{
			pos = { 6.578331, 1.711636, -9.082704 },
			orient = { { -0.039636,  0.000000, -0.999214 },
					   { -0.081908,  0.996635,  0.003249 },
					   {  0.995851,  0.081972, -0.039502 } }
		},
		cameraprops =
		{
			fovh = 25,
			hvaspect = 1.85,
			nearplane = 0.2,
			farplane = 5000
		}
	},

	{
		entity_name = "Zs/NPC/mTable4/01/ACOL/Camera",
		type = CAMERA,
		template_name = "",
		lt_grp = 0, srt_grp = 0, usr_flg = 0,
		flags = HIDDEN,
		spatialprops =
		{
			pos = { -1.648599, 1.38789, -3.035568 },
			orient = { {  0.991542,  0.000000, -0.129790 },
					   { -0.022743,  0.984528, -0.173748 },
					   {  0.127782,  0.175230,  0.976200 } }
		},
		cameraprops =
		{
			fovh = 20,
			hvaspect = 1.85,
			nearplane = 0.2,
			farplane = 5000
		}
	},

	{
		entity_name = "Camera_0",
		type = CAMERA,
		template_name = "",
		lt_grp = 0, srt_grp = 0, usr_flg = 0,
		spatialprops =
		{
			pos = { 9.902097, 8.26718, 15.12856 },
			orient = { {  0.811552,  0.000000, -0.584280 },
					   { -0.202777,  0.937845, -0.281653 },
					   {  0.547964,  0.347055,  0.761110 } }
		},
		cameraprops =
		{
			fovh = 30,
			hvaspect = 1.333333,
			nearplane = 1,
			farplane = 100
		}
	},

	{
		entity_name = "Zg/NPC/mTable4/01/A/SitLow",
		type = MARKER,
		template_name = "",
		lt_grp = 0, srt_grp = 0, usr_flg = 0,
		spatialprops =
		{
			pos = { -2.308901, 0, -5.387771 },
			orient = { { -0.999977,  0.000000,  0.006832 },
					   {  0.000000,  1.000000,  0.000000 },
					   { -0.006832,  0.000000, -0.999977 } }
		}
	},

	{
		entity_name = "Zg/NPC/mFloor2/01/A/Stand",
		type = MARKER,
		template_name = "",
		lt_grp = 0, srt_grp = 0, usr_flg = 0,
		spatialprops =
		{
			pos = { 7.015925, 0, -9.566096 },
			orient = { { -0.557867,  0.000000, -0.829930 },
					   {  0.000000,  1.000000,  0.000000 },
					   {  0.829930,  0.000000, -0.557867 } }
		}
	},

	{
		entity_name = "Zg/NPC/mTable4/01/B/SitLow",
		type = MARKER,
		template_name = "",
		lt_grp = 0, srt_grp = 0, usr_flg = 0,
		spatialprops =
		{
			pos = { -2.284633, 0, -3.070564 },
			orient = { {  0.999988,  0.000000,  0.004798 },
					   {  0.000000,  1.000000,  0.000000 },
					   { -0.004798,  0.000000,  0.999988 } }
		}
	},

	{
		entity_name = "Zg/NPC/mTable4/01/C/SitLow",
		type = MARKER,
		template_name = "",
		lt_grp = 0, srt_grp = 0, usr_flg = 0,
		spatialprops =
		{
			pos = { -3.153904, 0, -5.385173 },
			orient = { { -0.999862,  0.000000, -0.016639 },
					   {  0.000000,  1.000000,  0.000000 },
					   {  0.016639,  0.000000, -0.999862 } }
		}
	},

	{
		entity_name = "Zg/NPC/mTable4/01/D/SitLow",
		type = MARKER,
		template_name = "",
		lt_grp = 0, srt_grp = 0, usr_flg = 0,
		spatialprops =
		{
			pos = { -3.117512, 0, -3.069529 },
			orient = { { 1, 0, 0 }, { 0, 1, 0 }, { 0, 0, 1 } }
		}
	},

	{
		entity_name = "Zg/NPC/mTable4/02/A/SitLow",
		type = MARKER,
		template_name = "",
		lt_grp = 0, srt_grp = 0, usr_flg = 0,
		spatialprops =
		{
			pos = { -2.295428, 0, -2.454773 },
			orient = { { -0.999988,  0.000000,  0.004956 },
					   {  0.000000,  1.000000,  0.000000 },
					   { -0.004956,  0.000000, -0.999988 } }
		}
	},

	{
		entity_name = "Zg/NPC/mTable4/02/B/SitLow",
		type = MARKER,
		template_name = "",
		lt_grp = 0, srt_grp = 0, usr_flg = 0,
		spatialprops =
		{
			pos = { -2.2758, 0, -0.12815 },
			orient = { { 1, 0, 0 }, { 0, 1, 0 }, { 0, 0, 1 } }
		}
	},

	{
		entity_name = "Zg/NPC/mTable4/03/A/SitLow",
		type = MARKER,
		template_name = "",
		lt_grp = 0, srt_grp = 0, usr_flg = 0,
		spatialprops =
		{
			pos = { -2.290309, 0, 0.490562 },
			orient = { { -1.000000,  0.000000, -0.000456 },
					   {  0.000000,  1.000000,  0.000000 },
					   {  0.000456,  0.000000, -1.000000 } }
		}
	},

	{
		entity_name = "Zg/NPC/mTable4/04/A/SitLow",
		type = MARKER,
		template_name = "",
		lt_grp = 0, srt_grp = 0, usr_flg = 0,
		spatialprops =
		{
			pos = { 3.047149, 0, 0.485131 },
			orient = { { -0.999906,  0.000000,  0.013678 },
					   {  0.000000,  1.000000,  0.000000 },
					   { -0.013678,  0.000000, -0.999906 } }
		}
	},

	{
		entity_name = "Zg/NPC/mTable4/05/C/SitLow",
		type = MARKER,
		template_name = "",
		lt_grp = 0, srt_grp = 0, usr_flg = 0,
		spatialprops =
		{
			pos = { 3.087546, 0, -2.432981 },
			orient = { { -0.999912,  0.000000,  0.013303 },
					   {  0.000000,  1.000000,  0.000000 },
					   { -0.013303,  0.000000, -0.999912 } }
		}
	},

	{
		entity_name = "Zg/NPC/mTable4/06/A/SitLow",
		type = MARKER,
		template_name = "",
		lt_grp = 0, srt_grp = 0, usr_flg = 0,
		spatialprops =
		{
			pos = { 3.042095, 0, -5.379081 },
			orient = { { -0.999976,  0.000000, -0.006993 },
					   {  0.000000,  1.000000,  0.000000 },
					   {  0.006993,  0.000000, -0.999976 } }
		}
	},

	{
		entity_name = "Zg/NPC/mTable4/03/B/SitLow",
		type = MARKER,
		template_name = "",
		lt_grp = 0, srt_grp = 0, usr_flg = 0,
		spatialprops =
		{
			pos = { -2.285382, 0, 2.811416 },
			orient = { { 1, 0, 0 }, { 0, 1, 0 }, { 0, 0, 1 } }
		}
	},

	{
		entity_name = "Zg/NPC/mTable4/04/B/SitLow",
		type = MARKER,
		template_name = "",
		lt_grp = 0, srt_grp = 0, usr_flg = 0,
		spatialprops =
		{
			pos = { 3.047379, 0, 2.813134 },
			orient = { { 1, 0, 0 }, { 0, 1, 0 }, { 0, 0, 1 } }
		}
	},

	{
		entity_name = "Zg/NPC/mTable4/05/B/SitLow",
		type = MARKER,
		template_name = "",
		lt_grp = 0, srt_grp = 0, usr_flg = 0,
		spatialprops =
		{
			pos = { 3.09634, 0, -0.120532 },
			orient = { { 1, 0, 0 }, { 0, 1, 0 }, { 0, 0, 1 } }
		}
	},

	{
		entity_name = "Zg/NPC/mTable4/06/B/SitLow",
		type = MARKER,
		template_name = "",
		lt_grp = 0, srt_grp = 0, usr_flg = 0,
		spatialprops =
		{
			pos = { 3.059193, 0, -3.062373 },
			orient = { { 1, 0, 0 }, { 0, 1, 0 }, { 0, 0, 1 } }
		}
	},

	{
		entity_name = "Zg/NPC/mTable4/02/C/SitLow",
		type = MARKER,
		template_name = "",
		lt_grp = 0, srt_grp = 0, usr_flg = 0,
		spatialprops =
		{
			pos = { -3.12678, 0, -2.450089 },
			orient = { { -0.999971,  0.000000, -0.007561 },
					   {  0.000000,  1.000000,  0.000000 },
					   {  0.007561,  0.000000, -0.999971 } }
		}
	},

	{
		entity_name = "Zg/NPC/mTable4/03/C/SitLow",
		type = MARKER,
		template_name = "",
		lt_grp = 0, srt_grp = 0, usr_flg = 0,
		spatialprops =
		{
			pos = { -3.100642, 0, 0.493645 },
			orient = { { -0.999999,  0.000000,  0.001725 },
					   {  0.000000,  1.000000,  0.000000 },
					   { -0.001725,  0.000000, -0.999999 } }
		}
	},

	{
		entity_name = "Zg/NPC/mTable4/04/C/SitLow",
		type = MARKER,
		template_name = "",
		lt_grp = 0, srt_grp = 0, usr_flg = 0,
		spatialprops =
		{
			pos = { 2.210818, 0, 0.483222 },
			orient = { { -0.999977,  0.000000, -0.006739 },
					   {  0.000000,  1.000000,  0.000000 },
					   {  0.006739,  0.000000, -0.999977 } }
		}
	},

	{
		entity_name = "Zg/NPC/mTable4/05/A/SitLow",
		type = MARKER,
		template_name = "",
		lt_grp = 0, srt_grp = 0, usr_flg = 0,
		spatialprops =
		{
			pos = { 2.226173, 0, -2.429463 },
			orient = { { -0.999999,  0.000000,  0.001496 },
					   {  0.000000,  1.000000,  0.000000 },
					   { -0.001496,  0.000000, -0.999999 } }
		}
	},

	{
		entity_name = "Zg/NPC/mTable4/06/C/SitLow",
		type = MARKER,
		template_name = "",
		lt_grp = 0, srt_grp = 0, usr_flg = 0,
		spatialprops =
		{
			pos = { 2.171484, 0, -5.377268 },
			orient = { { -0.999995,  0.000000, -0.003110 },
					   {  0.000000,  1.000000,  0.000000 },
					   {  0.003110,  0.000000, -0.999995 } }
		}
	},

	{
		entity_name = "Zg/NPC/mTable4/02/D/SitLow",
		type = MARKER,
		template_name = "",
		lt_grp = 0, srt_grp = 0, usr_flg = 0,
		spatialprops =
		{
			pos = { -3.088735, 0, -0.128502 },
			orient = { { 1, 0, 0 }, { 0, 1, 0 }, { 0, 0, 1 } }
		}
	},

	{
		entity_name = "Zg/NPC/mTable4/03/D/SitLow",
		type = MARKER,
		template_name = "",
		lt_grp = 0, srt_grp = 0, usr_flg = 0,
		spatialprops =
		{
			pos = { -3.08331, 0, 2.812366 },
			orient = { {  0.999978,  0.000000, -0.006707 },
					   {  0.000000,  1.000000,  0.000000 },
					   {  0.006707,  0.000000,  0.999978 } }
		}
	},

	{
		entity_name = "Zg/NPC/mTable4/04/D/SitLow",
		type = MARKER,
		template_name = "",
		lt_grp = 0, srt_grp = 0, usr_flg = 0,
		spatialprops =
		{
			pos = { 2.234866, 0, 2.808138 },
			orient = { { 1, 0, 0 }, { 0, 1, 0 }, { 0, 0, 1 } }
		}
	},

	{
		entity_name = "Zg/NPC/mTable4/05/D/SitLow",
		type = MARKER,
		template_name = "",
		lt_grp = 0, srt_grp = 0, usr_flg = 0,
		spatialprops =
		{
			pos = { 2.225462, 0, -0.1227 },
			orient = { { 1, 0, 0 }, { 0, 1, 0 }, { 0, 0, 1 } }
		}
	},

	{
		entity_name = "Zg/NPC/mTable4/06/D/SitLow",
		type = MARKER,
		template_name = "",
		lt_grp = 0, srt_grp = 0, usr_flg = 0,
		spatialprops =
		{
			pos = { 2.194765, 0, -3.058402 },
			orient = { { 1, 0, 0 }, { 0, 1, 0 }, { 0, 0, 1 } }
		}
	},

	{
		entity_name = "Zg/NPC/mFloor2/01/B/Stand",
		type = MARKER,
		template_name = "",
		lt_grp = 0, srt_grp = 0, usr_flg = 0,
		spatialprops =
		{
			pos = { 5.695021, 0, -9.551968 },
			orient = { { -0.653358,  0.000000,  0.757049 },
					   {  0.000000,  1.000000,  0.000000 },
					   { -0.757049,  0.000000, -0.653358 } }
		}
	},

	{
		entity_name = "Zs/NPC/mTable4/02/Prop",
		type = MARKER,
		template_name = "",
		lt_grp = 0, srt_grp = 0, usr_flg = 0,
		spatialprops =
		{
			pos = { -2.20004, 0.81432, -1.790324 },
			orient = { {  0.754248,  0.000000, -0.656589 },
					   {  0.000000,  1.000000,  0.000000 },
					   {  0.656589,  0.000000,  0.754248 } }
		}
	},

	{
		entity_name = "Zs/NPC/mTable4/03/Prop",
		type = MARKER,
		template_name = "",
		lt_grp = 0, srt_grp = 0, usr_flg = 0,
		spatialprops =
		{
			pos = { -2.198518, 0.81432, 1.155518 },
			orient = { {  0.757791,  0.000000, -0.652497 },
					   {  0.000000,  1.000000,  0.000000 },
					   {  0.652497,  0.000000,  0.757791 } }
		}
	},

	{
		entity_name = "Zs/NPC/mTable4/05/Prop",
		type = MARKER,
		template_name = "",
		lt_grp = 0, srt_grp = 0, usr_flg = 0,
		spatialprops =
		{
			pos = { 3.225718, 0.746026, -1.816183 },
			orient = { { -0.676517,  0.000000, -0.736427 },
					   {  0.000000,  1.000000,  0.000000 },
					   {  0.736427,  0.000000, -0.676517 } }
		}
	},

	{
		entity_name = "Zs/NPC/mTable4/06/Prop",
		type = MARKER,
		template_name = "",
		lt_grp = 0, srt_grp = 0, usr_flg = 0,
		spatialprops =
		{
			pos = { 3.16772, 0.746026, -4.759605 },
			orient = { { -0.661432,  0.000000, -0.750005 },
					   {  0.000000,  1.000000,  0.000000 },
					   {  0.750005,  0.000000, -0.661432 } }
		}
	},

	{
		entity_name = "Zs/NPC/mTable4/02/AC2/Camera",
		type = CAMERA,
		template_name = "",
		lt_grp = 0, srt_grp = 0, usr_flg = 0,
		flags = HIDDEN,
		spatialprops =
		{
			pos = { -2.645313, 1.702196, 0.179902 },
			orient = { {  0.898545,  0.000000,  0.438881 },
					   {  0.093385,  0.977100, -0.191191 },
					   { -0.428831,  0.212779,  0.877969 } }
		},
		cameraprops =
		{
			fovh = 30,
			hvaspect = 1.85,
			nearplane = 0.2,
			farplane = 5000
		}
	},

	{
		entity_name = "Zs/NPC/mTable4/03/AC2/Camera",
		type = CAMERA,
		template_name = "",
		lt_grp = 0, srt_grp = 0, usr_flg = 0,
		flags = HIDDEN,
		spatialprops =
		{
			pos = { -2.654448, 1.702196, 3.123305 },
			orient = { {  0.890132,  0.000000,  0.455703 },
					   {  0.096959,  0.977103, -0.189392 },
					   { -0.445268,  0.212769,  0.869750 } }
		},
		cameraprops =
		{
			fovh = 30,
			hvaspect = 1.85,
			nearplane = 0.2,
			farplane = 5000
		}
	},

	{
		entity_name = "Zs/NPC/mTable4/04/AC2/Camera",
		type = CAMERA,
		template_name = "",
		lt_grp = 0, srt_grp = 0, usr_flg = 0,
		flags = HIDDEN,
		spatialprops =
		{
			pos = { 3.487938, 1.665489, 3.228029 },
			orient = { {  0.847063,  0.000000, -0.531492 },
					   { -0.117589,  0.975218, -0.187408 },
					   {  0.518321,  0.221244,  0.826072 } }
		},
		cameraprops =
		{
			fovh = 30,
			hvaspect = 1.85,
			nearplane = 0.2,
			farplane = 5000
		}
	},

	{
		entity_name = "Zs/NPC/mTable4/05/AC2/Camera",
		type = CAMERA,
		template_name = "",
		lt_grp = 0, srt_grp = 0, usr_flg = 0,
		flags = HIDDEN,
		spatialprops =
		{
			pos = { 3.444303, 1.702196, 0.194384 },
			orient = { {  0.673841,  0.000000, -0.738877 },
					   { -0.169289,  0.973399, -0.154388 },
					   {  0.719222,  0.229116,  0.655916 } }
		},
		cameraprops =
		{
			fovh = 30,
			hvaspect = 1.85,
			nearplane = 0.2,
			farplane = 5000
		}
	},

	{
		entity_name = "Zs/NPC/mTable4/06/AC2/Camera",
		type = CAMERA,
		template_name = "",
		lt_grp = 0, srt_grp = 0, usr_flg = 0,
		flags = HIDDEN,
		spatialprops =
		{
			pos = { 3.377594, 1.716449, -2.687981 },
			orient = { {  0.859988,  0.000000, -0.510315 },
					   { -0.121572,  0.971209, -0.204875 },
					   {  0.495622,  0.238230,  0.835228 } }
		},
		cameraprops =
		{
			fovh = 30,
			hvaspect = 1.85,
			nearplane = 0.2,
			farplane = 5000
		}
	},

	{
		entity_name = "Zs/NPC/mTable4/02/ACOH/Camera",
		type = CAMERA,
		template_name = "",
		lt_grp = 0, srt_grp = 0, usr_flg = 0,
		flags = HIDDEN,
		spatialprops =
		{
			pos = { -1.44054, 1.925519, -0.307517 },
			orient = { {  0.976324,  0.000000, -0.216315 },
					   { -0.089221,  0.910976, -0.402694 },
					   {  0.197058,  0.412460,  0.889407 } }
		},
		cameraprops =
		{
			fovh = 20,
			hvaspect = 1.85,
			nearplane = 0.2,
			farplane = 5000
		}
	},

	{
		entity_name = "Zs/NPC/mTable4/03/ACOH/Camera",
		type = CAMERA,
		template_name = "",
		lt_grp = 0, srt_grp = 0, usr_flg = 0,
		flags = HIDDEN,
		spatialprops =
		{
			pos = { -1.43168, 1.904002, 2.692469 },
			orient = { {  0.972203,  0.000000, -0.234138 },
					   { -0.089076,  0.924805, -0.369867 },
					   {  0.216532,  0.380442,  0.899098 } }
		},
		cameraprops =
		{
			fovh = 20,
			hvaspect = 1.85,
			nearplane = 0.2,
			farplane = 5000
		}
	},

	{
		entity_name = "Zs/NPC/mTable4/04/ACOH/Camera",
		type = CAMERA,
		template_name = "",
		lt_grp = 0, srt_grp = 0, usr_flg = 0,
		flags = HIDDEN,
		spatialprops =
		{
			pos = { 1.112446, 1.895302, 2.341922 },
			orient = { {  0.817878,  0.000000,  0.575392 },
					   {  0.215095,  0.927500, -0.305741 },
					   { -0.533676,  0.373823,  0.758582 } }
		},
		cameraprops =
		{
			fovh = 20,
			hvaspect = 1.85,
			nearplane = 0.2,
			farplane = 5000
		}
	},

	{
		entity_name = "Zs/NPC/mTable4/05/ACOH/Camera",
		type = CAMERA,
		template_name = "",
		lt_grp = 0, srt_grp = 0, usr_flg = 0,
		flags = HIDDEN,
		spatialprops =
		{
			pos = { 1.544896, 1.901965, 0.074202 },
			orient = { {  0.997861,  0.000000,  0.065376 },
					   {  0.025051,  0.923673, -0.382362 },
					   { -0.060386,  0.383181,  0.921697 } }
		},
		cameraprops =
		{
			fovh = 20,
			hvaspect = 1.85,
			nearplane = 0.2,
			farplane = 5000
		}
	},

	{
		entity_name = "Zs/NPC/mTable4/06/ACOH/Camera",
		type = CAMERA,
		template_name = "",
		lt_grp = 0, srt_grp = 0, usr_flg = 0,
		flags = HIDDEN,
		spatialprops =
		{
			pos = { 1.293604, 1.889259, -3.510023 },
			orient = { {  0.844931,  0.000000,  0.534875 },
					   {  0.200541,  0.927053, -0.316791 },
					   { -0.495857,  0.374931,  0.783296 } }
		},
		cameraprops =
		{
			fovh = 20,
			hvaspect = 1.85,
			nearplane = 0.2,
			farplane = 5000
		}
	},

	{
		entity_name = "Zs/NPC/mTable4/02/ACOL/Camera",
		type = CAMERA,
		template_name = "",
		lt_grp = 0, srt_grp = 0, usr_flg = 0,
		flags = HIDDEN,
		spatialprops =
		{
			pos = { -1.658633, 1.421703, -0.102976 },
			orient = { {  0.994843,  0.000000, -0.101426 },
					   { -0.019512,  0.981321, -0.191386 },
					   {  0.099532,  0.192378,  0.976260 } }
		},
		cameraprops =
		{
			fovh = 20,
			hvaspect = 1.85,
			nearplane = 0.2,
			farplane = 5000
		}
	},

	{
		entity_name = "Zs/NPC/mTable4/03/ACOL/Camera",
		type = CAMERA,
		template_name = "",
		lt_grp = 0, srt_grp = 0, usr_flg = 0,
		flags = HIDDEN,
		spatialprops =
		{
			pos = { -1.702001, 1.428512, 2.84998 },
			orient = { {  0.996579,  0.000000, -0.082641 },
					   { -0.015890,  0.981340, -0.191624 },
					   {  0.081099,  0.192282,  0.977983 } }
		},
		cameraprops =
		{
			fovh = 20,
			hvaspect = 1.85,
			nearplane = 0.2,
			farplane = 5000
		}
	},

	{
		entity_name = "Zs/NPC/mTable4/04/ACOL/Camera",
		type = CAMERA,
		template_name = "",
		lt_grp = 0, srt_grp = 0, usr_flg = 0,
		flags = HIDDEN,
		spatialprops =
		{
			pos = { 1.200202, 1.371047, 2.72576 },
			orient = { {  0.866826,  0.000000,  0.498610 },
					   {  0.086814,  0.984726, -0.150924 },
					   { -0.490995,  0.174111,  0.853586 } }
		},
		cameraprops =
		{
			fovh = 20,
			hvaspect = 1.85,
			nearplane = 0.2,
			farplane = 5000
		}
	},

	{
		entity_name = "Zs/NPC/mTable4/05/ACOL/Camera",
		type = CAMERA,
		template_name = "",
		lt_grp = 0, srt_grp = 0, usr_flg = 0,
		flags = HIDDEN,
		spatialprops =
		{
			pos = { 1.720206, 1.330759, 0.098404 },
			orient = { {  0.999994,  0.000000, -0.003382 },
					   { -0.000504,  0.988832, -0.149033 },
					   {  0.003344,  0.149034,  0.988826 } }
		},
		cameraprops =
		{
			fovh = 20,
			hvaspect = 1.85,
			nearplane = 0.2,
			farplane = 5000
		}
	},

	{
		entity_name = "Zs/NPC/mTable4/06/ACOL/Camera",
		type = CAMERA,
		template_name = "",
		lt_grp = 0, srt_grp = 0, usr_flg = 0,
		flags = HIDDEN,
		spatialprops =
		{
			pos = { 1.415307, 1.335993, -3.167462 },
			orient = { {  0.895272,  0.000000,  0.445520 },
					   {  0.072152,  0.986799, -0.144990 },
					   { -0.439639,  0.161951,  0.883453 } }
		},
		cameraprops =
		{
			fovh = 20,
			hvaspect = 1.85,
			nearplane = 0.2,
			farplane = 5000
		}
	},

	{
		entity_name = "Zs/NPC/mTable4/02/ACS/Camera",
		type = CAMERA,
		template_name = "",
		lt_grp = 0, srt_grp = 0, usr_flg = 0,
		flags = HIDDEN,
		spatialprops =
		{
			pos = { -1.912581, 1.349507, -0.878942 },
			orient = { {  0.989009,  0.000000, -0.147857 },
					   { -0.022268,  0.988594, -0.148949 },
					   {  0.146170,  0.150605,  0.977728 } }
		},
		cameraprops =
		{
			fovh = 20,
			hvaspect = 1.85,
			nearplane = 0.2,
			farplane = 5000
		}
	},

	{
		entity_name = "Zs/NPC/mTable4/03/ACS/Camera",
		type = CAMERA,
		template_name = "",
		lt_grp = 0, srt_grp = 0, usr_flg = 0,
		flags = HIDDEN,
		spatialprops =
		{
			pos = { -1.839128, 1.356465, 2.03685 },
			orient = { {  0.983360,  0.000000, -0.181667 },
					   { -0.029710,  0.986536, -0.160821 },
					   {  0.179222,  0.163542,  0.970120 } }
		},
		cameraprops =
		{
			fovh = 20,
			hvaspect = 1.85,
			nearplane = 0.2,
			farplane = 5000
		}
	},

	{
		entity_name = "Zs/NPC/mTable4/04/ACS/Camera",
		type = CAMERA,
		template_name = "",
		lt_grp = 0, srt_grp = 0, usr_flg = 0,
		flags = HIDDEN,
		spatialprops =
		{
			pos = { 2.062261, 1.396512, 1.939919 },
			orient = { {  0.883114,  0.000000,  0.469159 },
					   {  0.088618,  0.981999, -0.166809 },
					   { -0.460713,  0.188887,  0.867217 } }
		},
		cameraprops =
		{
			fovh = 20,
			hvaspect = 1.85,
			nearplane = 0.2,
			farplane = 5000
		}
	},

	{
		entity_name = "Zs/NPC/mTable4/05/ACS/Camera",
		type = CAMERA,
		template_name = "",
		lt_grp = 0, srt_grp = 0, usr_flg = 0,
		flags = HIDDEN,
		spatialprops =
		{
			pos = { 2.093106, 1.304303, -0.844637 },
			orient = { {  0.998304,  0.000000, -0.058221 },
					   { -0.007435,  0.991812, -0.127489 },
					   {  0.057744,  0.127706,  0.990130 } }
		},
		cameraprops =
		{
			fovh = 20,
			hvaspect = 1.85,
			nearplane = 0.2,
			farplane = 5000
		}
	},

	{
		entity_name = "Zs/NPC/mTable4/06/ACS/Camera",
		type = CAMERA,
		template_name = "",
		lt_grp = 0, srt_grp = 0, usr_flg = 0,
		flags = HIDDEN,
		spatialprops =
		{
			pos = { 2.181791, 1.306309, -4.155425 },
			orient = { {  0.882963,  0.000000,  0.469442 },
					   {  0.060401,  0.991688, -0.113607 },
					   { -0.465541,  0.128665,  0.875624 } }
		},
		cameraprops =
		{
			fovh = 20,
			hvaspect = 1.85,
			nearplane = 0.2,
			farplane = 5000
		}
	},

	{
		entity_name = "Zs/NPC/mTable4/02/ACU/Camera",
		type = CAMERA,
		template_name = "",
		lt_grp = 0, srt_grp = 0, usr_flg = 0,
		flags = HIDDEN,
		spatialprops =
		{
			pos = { -2.05444, 1.359541, -1.500357 },
			orient = { {  0.980672,  0.000000, -0.195659 },
					   { -0.031128,  0.987263, -0.156019 },
					   {  0.193166,  0.159094,  0.968182 } }
		},
		cameraprops =
		{
			fovh = 20,
			hvaspect = 1.85,
			nearplane = 0.2,
			farplane = 5000
		}
	},

	{
		entity_name = "Zs/NPC/mTable4/03/ACU/Camera",
		type = CAMERA,
		template_name = "",
		lt_grp = 0, srt_grp = 0, usr_flg = 0,
		flags = HIDDEN,
		spatialprops =
		{
			pos = { -2.092691, 1.363765, 1.472239 },
			orient = { {  0.989809,  0.000000, -0.142402 },
					   { -0.023267,  0.986562, -0.161721 },
					   {  0.140489,  0.163386,  0.976508 } }
		},
		cameraprops =
		{
			fovh = 20,
			hvaspect = 1.85,
			nearplane = 0.2,
			farplane = 5000
		}
	},

	{
		entity_name = "Zs/NPC/mTable4/04/ACU/Camera",
		type = CAMERA,
		template_name = "",
		lt_grp = 0, srt_grp = 0, usr_flg = 0,
		flags = HIDDEN,
		spatialprops =
		{
			pos = { 2.496084, 1.279458, 1.309652 },
			orient = { {  0.869465,  0.000000,  0.493995 },
					   {  0.035421,  0.997426, -0.062344 },
					   { -0.492723,  0.071704,  0.867227 } }
		},
		cameraprops =
		{
			fovh = 20,
			hvaspect = 1.85,
			nearplane = 0.2,
			farplane = 5000
		}
	},

	{
		entity_name = "Zs/NPC/mTable4/06/ACU/Camera",
		type = CAMERA,
		template_name = "",
		lt_grp = 0, srt_grp = 0, usr_flg = 0,
		flags = HIDDEN,
		spatialprops =
		{
			pos = { 2.530702, 1.340318, -4.499782 },
			orient = { {  0.900904,  0.000000,  0.434019 },
					   {  0.059323,  0.990615, -0.123137 },
					   { -0.429945,  0.136682,  0.892449 } }
		},
		cameraprops =
		{
			fovh = 20,
			hvaspect = 1.85,
			nearplane = 0.2,
			farplane = 5000
		}
	},

	{
		entity_name = "Zs/NPC/mTable4/02/P/Stand",
		type = MARKER,
		template_name = "",
		lt_grp = 0, srt_grp = 0, usr_flg = 0,
		spatialprops =
		{
			pos = { -1.027447, -0.0054, -0.548439 },
			orient = { {  0.751906,  0.000000, -0.659270 },
					   {  0.000000,  1.000000,  0.000000 },
					   {  0.659270,  0.000000,  0.751906 } }
		}
	},

	{
		entity_name = "Zs/NPC/mTable4/03/P/Stand",
		type = MARKER,
		template_name = "",
		lt_grp = 0, srt_grp = 0, usr_flg = 0,
		spatialprops =
		{
			pos = { -1.032663, -0.0054, 2.40373 },
			orient = { {  0.755463,  0.000000, -0.655191 },
					   {  0.000000,  1.000000,  0.000000 },
					   {  0.655191,  0.000000,  0.755463 } }
		}
	},

	{
		entity_name = "Zs/NPC/mTable4/04/P/Stand",
		type = MARKER,
		template_name = "",
		lt_grp = 0, srt_grp = 0, usr_flg = 0,
		spatialprops =
		{
			pos = { 0.887888, -0.0054, 2.110165 },
			orient = { {  0.516479,  0.000000,  0.856300 },
					   {  0.000000,  1.000000,  0.000000 },
					   { -0.856300,  0.000000,  0.516479 } }
		}
	},

	{
		entity_name = "Zs/NPC/mTable4/05/P/Stand",
		type = MARKER,
		template_name = "",
		lt_grp = 0, srt_grp = 0, usr_flg = 0,
		spatialprops =
		{
			pos = { 1.03914, -0.0054, -0.176495 },
			orient = { {  0.620004,  0.000000,  0.784598 },
					   {  0.000000,  1.000000,  0.000000 },
					   { -0.784598,  0.000000,  0.620004 } }
		}
	},

	{
		entity_name = "Zs/NPC/mTable4/06/P/Stand",
		type = MARKER,
		template_name = "",
		lt_grp = 0, srt_grp = 0, usr_flg = 0,
		spatialprops =
		{
			pos = { 1.063087, -0.0054, -3.683396 },
			orient = { {  0.575954,  0.000000,  0.817482 },
					   {  0.000000,  1.000000,  0.000000 },
					   { -0.817482,  0.000000,  0.575954 } }
		}
	},

	{
		entity_name = "Zs/NPC/mTable4/02/P2/Stand",
		type = MARKER,
		template_name = "",
		lt_grp = 0, srt_grp = 0, usr_flg = 0,
		spatialprops =
		{
			pos = { -1.395568, 0, -0.907006 },
			orient = { {  0.751906,  0.000000, -0.659270 },
					   {  0.000000,  1.000000,  0.000000 },
