duration = 3600.000;

entities =
{

	{
		entity_name = "ambi_Layer_Pl_03_Pad",
		type = SCENE,
		template_name = "",
		lt_grp = 0, srt_grp = 0, usr_flg = 0,
		spatialprops =
		{
			pos = { 0, 0, 0 },
			orient = { { 1, 0, 0 }, { 0, 1, 0 }, { 0, 0, 1 } }
		},
		up = Y_AXIS,
		front = Z_AXIS,
		ambient = { 175, 175, 207 }
	},

	{
		entity_name = "ambi_LtG00_InfSun01",
		type = LIGHT,
		template_name = "",
		lt_grp = 0, srt_grp = 0, usr_flg = 0,
		spatialprops =
		{
			pos = { 0.21212, 10, -0.932207 },
			orient = { {  0.938501,  0.000000,  0.345276 },
					   { -0.256065,  0.670817,  0.696014 },
					   { -0.231617, -0.741623,  0.629562 } }
		},
		lightprops =
		{
			on = Y,
			color = { 255, 255, 255 },
			diffuse = { 0.819608, 0.847059, 0.937255 },
			specular = { 0, 0, 0 },
			ambient = { 0, 0, 0 },
			direction = { 0, 0, 1 },
			range = 10000,
			cutoff = 90,
			type = L_DIRECT,
			theta = 90,
			atten = { 1, 0, 0 }
		}
	},

	{
		entity_name = "ambi_LtG00_InfSky",
		type = LIGHT,
		template_name = "",
		lt_grp = 0, srt_grp = 0, usr_flg = 0,
		spatialprops =
		{
			pos = { 0.34767, 10, 0.097745 },
			orient = { { -0.978464,  0.080410, -0.190110 },
					   {  0.067707,  0.995075,  0.072402 },
					   {  0.194996,  0.057971, -0.979089 } }
		},
		lightprops =
		{
			on = Y,
			color = { 255, 255, 255 },
			diffuse = { 0.258824, 0.262745, 0.27451 },
			specular = { 0, 0, 0 },
			ambient = { 0, 0, 0 },
			direction = { 0, 0, 1 },
			range = 1000,
			cutoff = 90,
			type = L_DIRECT,
			theta = 90,
			atten = { 1, 0, 0 }
		}
	},

	{
		entity_name = "X/Shipcentre/01",
		type = MARKER,
		template_name = "",
		lt_grp = 0, srt_grp = 0, usr_flg = 0,
		flags = REFERENCE,
		spatialprops =
		{
			pos = { 0.012363, 0, 0.010679 },
			orient = { { -0.371334,  0.000000,  0.928500 },
					   {  0.000000,  1.000000,  0.000000 },
					   { -0.928500,  0.000000, -0.371334 } }
		}
	},

	{
		entity_name = "ambi_Prop_Ship02_gf_rtc_shipcushion",
		type = PSYS,
		template_name = "gf_rtc_shipcushion",
		lt_grp = 0, srt_grp = 0, usr_flg = 0,
		flags = LIT_DYNAMIC + LIT_AMBIENT,
		spatialprops =
		{
			pos = { -60.95297, 0, 7.462585 },
			orient = { { -0.894252,  0.000000, -0.447564 },
					   {  0.000000,  1.000000,  0.000000 },
					   {  0.447564,  0.000000, -0.894252 } }
		},
		psysprops =
		{
			sparam = 0
		}
	},

	{
		entity_name = "X/Shipcentre/02",
		type = MARKER,
		template_name = "",
		lt_grp = 0, srt_grp = 0, usr_flg = 0,
		flags = REFERENCE,
		spatialprops =
		{
			pos = { -60.95297, 0, 7.462585 },
			orient = { { -0.894252,  0.000000, -0.447564 },
					   {  0.000000,  1.000000,  0.000000 },
					   {  0.447564,  0.000000, -0.894252 } }
		}
	},

	{
		entity_name = "ambi_rtc_atmospheric_12oc_left",
		type = PSYS,
		template_name = "rtc_atmospheric",
		lt_grp = 0, srt_grp = 0, usr_flg = 0,
		flags = LIT_DYNAMIC + LIT_AMBIENT,
		spatialprops =
		{
			pos = { -707.9109, -13.83749, 17.36979 },
			orient = { {  0.652366,  0.000000, -0.757904 },
					   {  0.000000,  1.000000,  0.000000 },
					   {  0.757904,  0.000000,  0.652366 } }
		},
		psysprops =
		{
			sparam = 0
		}
	},

	{
		entity_name = "ambi_rtc_atmospheric_12oc_right",
		type = PSYS,
		template_name = "rtc_atmospheric",
		lt_grp = 0, srt_grp = 0, usr_flg = 0,
		flags = LIT_DYNAMIC + LIT_AMBIENT,
		spatialprops =
		{
			pos = { -707.3754, -16.78745, -48.54137 },
			orient = { { -0.689344,  0.000000, -0.724434 },
					   {  0.000000,  1.000000,  0.000000 },
					   {  0.724434,  0.000000, -0.689344 } }
		},
		psysprops =
		{
			sparam = 0
		}
	},

	{
		entity_name = "ambi_rtc_atmospheric_1oc_left",
		type = PSYS,
		template_name = "rtc_atmospheric",
		lt_grp = 0, srt_grp = 0, usr_flg = 0,
		flags = LIT_DYNAMIC + LIT_AMBIENT,
		spatialprops =
		{
			pos = { -1651.752, -12.71162, -709.6829 },
			orient = { {  0.685918,  0.000000, -0.727679 },
					   {  0.000000,  1.000000,  0.000000 },
					   {  0.727679,  0.000000,  0.685918 } }
		},
		psysprops =
		{
			sparam = 0
		}
	},

	{
		entity_name = "ambi_rtc_atmospheric_1oc_right",
		type = PSYS,
		template_name = "rtc_atmospheric",
		lt_grp = 0, srt_grp = 0, usr_flg = 0,
		flags = LIT_DYNAMIC + LIT_AMBIENT,
		spatialprops =
		{
			pos = { -1652.799, -11.15968, -774.1519 },
			orient = { { -0.720547,  0.000000, -0.693406 },
					   {  0.000000,  1.000000,  0.000000 },
					   {  0.693406,  0.000000, -0.720547 } }
		},
		psysprops =
		{
			sparam = 0
		}
	},

	{
		entity_name = "ambi_LtG00_InfSun02",
		type = LIGHT,
		template_name = "",
		lt_grp = 0, srt_grp = 0, usr_flg = 0,
		spatialprops =
		{
			pos = { -0.733104, 9.734415, -0.649692 },
			orient = { {  0.933082,  0.000000,  0.359663 },
					   {  0.042486,  0.992999, -0.110221 },
					   { -0.357145,  0.118126,  0.926549 } }
		},
		lightprops =
		{
			on = Y,
			color = { 255, 255, 255 },
			diffuse = { 0.47451, 0.486275, 0.521569 },
			specular = { 0, 0, 0 },
			ambient = { 0, 0, 0 },
			direction = { 0, 0, 1 },
			range = 10000,
			cutoff = 90,
			type = L_DIRECT,
			theta = 90,
			atten = { 1, 0, 0 }
		}
	},

	{
		entity_name = "ambi_Prop_Ship02_gf_rtc_shipcushion_Mkr",
		type = MARKER,
		template_name = "",
		lt_grp = 0, srt_grp = 0, usr_flg = 0,
		spatialprops =
		{
			pos = { -60.95297, 0, 7.462585 },
			orient = { { -0.894252,  0.000000, -0.447564 },
					   {  0.000000,  1.000000,  0.000000 },
					   {  0.447564,  0.000000, -0.894252 } }
		}
	},

	{
		entity_name = "ambi_rtc_atmospheric_1oc_left_Mkr",
		type = MARKER,
		template_name = "",
		lt_grp = 0, srt_grp = 0, usr_flg = 0,
		spatialprops =
		{
			pos = { -1651.752, -12.71162, -709.6829 },
			orient = { {  0.685918,  0.000000, -0.727679 },
					   {  0.000000,  1.000000,  0.000000 },
					   {  0.727679,  0.000000,  0.685918 } }
		}
	},

	{
		entity_name = "ambi_rtc_atmospheric_1oc_right_mkr",
		type = MARKER,
		template_name = "",
		lt_grp = 0, srt_grp = 0, usr_flg = 0,
		spatialprops =
		{
			pos = { -1652.799, -11.15968, -774.1519 },
			orient = { { -0.720547,  0.000000, -0.693406 },
					   {  0.000000,  1.000000,  0.000000 },
					   {  0.693406,  0.000000, -0.720547 } }
		}
	},

	{
		entity_name = "ambi_rtc_atmospheric_12oc_left_mkr",
		type = MARKER,
		template_name = "",
		lt_grp = 0, srt_grp = 0, usr_flg = 0,
		spatialprops =
		{
			pos = { -707.9109, -13.83749, 17.36979 },
			orient = { {  0.652366,  0.000000, -0.757904 },
					   {  0.000000,  1.000000,  0.000000 },
					   {  0.757904,  0.000000,  0.652366 } }
		}
	},

	{
		entity_name = "ambi_rtc_atmospheric_12oc_right_mkr",
		type = MARKER,
		template_name = "",
		lt_grp = 0, srt_grp = 0, usr_flg = 0,
		spatialprops =
		{
			pos = { -707.3754, -16.78745, -48.54137 },
			orient = { { -0.689344,  0.000000, -0.724434 },
					   {  0.000000,  1.000000,  0.000000 },
					   {  0.724434,  0.000000, -0.689344 } }
		}
	},

	{
		entity_name = "ambi_skydome_clouds_thin",
		type = COMPOUND,
		template_name = "skydome_clouds_thin",
		lt_grp = 9, srt_grp = -90, usr_flg = 2,
		flags = LIT_DYNAMIC,
		spatialprops =
		{
			pos = { 0, 1000, 0 },
			orient = { { 1, 0, 0 }, { 0, 1, 0 }, { 0, 0, 1 } }
		},
		userprops =
		{
			category = "Prop",
			nofog = "y",
		}
	},

	{
		entity_name = "ambi_rtc_atmospheric_10oc_middle",
		type = PSYS,
		template_name = "rtc_atmospheric",
		lt_grp = 0, srt_grp = 0, usr_flg = 0,
		flags = LIT_DYNAMIC + LIT_AMBIENT,
		spatialprops =
		{
			pos = { -938.2184, -4.543162, 749.5479 },
			orient = { { -0.711519,  0.000000, -0.702666 },
					   {  0.000000,  1.000000,  0.000000 },
					   {  0.702666,  0.000000, -0.711519 } }
		},
		psysprops =
		{
			sparam = 0
		}
	},

	{
		entity_name = "ambi_rtc_atmospheric_10oc_middle_Mkr",
		type = MARKER,
		template_name = "",
		lt_grp = 0, srt_grp = 0, usr_flg = 0,
		spatialprops =
		{
			pos = { -938.2184, -4.543162, 749.5479 },
			orient = { { -0.711519,  0.000000, -0.702666 },
					   {  0.000000,  1.000000,  0.000000 },
					   {  0.702666,  0.000000, -0.711519 } }
		}
	},

	{
		entity_name = "ambi_rtc_atmospheric_10oc_right",
		type = PSYS,
		template_name = "rtc_atmospheric",
		lt_grp = 0, srt_grp = 0, usr_flg = 0,
		flags = LIT_DYNAMIC + LIT_AMBIENT,
		spatialprops =
		{
			pos = { 0, 0, 0 },
			orient = { { 1, 0, 0 }, { 0, 1, 0 }, { 0, 0, 1 } }
		},
		psysprops =
		{
			sparam = 0
		}
	},

	{
		entity_name = "ambi_rtc_atmospheric_10oc_right_Mkr",
		type = MARKER,
		template_name = "",
		lt_grp = 0, srt_grp = 0, usr_flg = 0,
		spatialprops =
		{
			pos = { -1021.615, -4.543162, 753.2587 },
			orient = { { -0.679540,  0.000000,  0.733639 },
					   {  0.000000,  1.000000,  0.000000 },
					   { -0.733639,  0.000000, -0.679540 } }
		}
	},

	{
		entity_name = "ambi_rtc_atmospheric_10oc_left",
		type = PSYS,
		template_name = "rtc_atmospheric",
		lt_grp = 0, srt_grp = 0, usr_flg = 0,
		flags = LIT_DYNAMIC + LIT_AMBIENT,
		spatialprops =
		{
			pos = { 0, 0, 0 },
			orient = { { 1, 0, 0 }, { 0, 1, 0 }, { 0, 0, 1 } }
		},
		psysprops =
		{
			sparam = 0
		}
	},

	{
		entity_name = "ambi_rtc_atmospheric_10oc_left_Mkr",
		type = MARKER,
		template_name = "",
		lt_grp = 0, srt_grp = 0, usr_flg = 0,
		spatialprops =
		{
			pos = { -939.4329, -4.543162, 826.3567 },
			orient = { {  0.700572,  0.000000, -0.713581 },
					   {  0.000000,  1.000000,  0.000000 },
					   {  0.713581,  0.000000,  0.700572 } }
		}
	},

	{
		entity_name = "ambi_rtc_atmospheric_2oc_right",
		type = PSYS,
		template_name = "rtc_atmospheric",
		lt_grp = 0, srt_grp = 0, usr_flg = 0,
		flags = LIT_DYNAMIC + LIT_AMBIENT,
		spatialprops =
		{
			pos = { 0, 0, 0 },
			orient = { { 1, 0, 0 }, { 0, 1, 0 }, { 0, 0, 1 } }
		},
		psysprops =
		{
			sparam = 0
		}
	},

	{
		entity_name = "ambi_rtc_atmospheric_2oc_right_Mkr",
		type = MARKER,
		template_name = "",
		lt_grp = 0, srt_grp = 0, usr_flg = 0,
		spatialprops =
		{
			pos = { -396.0634, -39.9388, -846.6893 },
			orient = { { -0.720547,  0.000000, -0.693406 },
					   {  0.000000,  1.000000,  0.000000 },
					   {  0.693406,  0.000000, -0.720547 } }
		}
	},

	{
		entity_name = "ambi_rtc_atmospheric_2oc_middle",
		type = PSYS,
		template_name = "rtc_atmospheric",
		lt_grp = 0, srt_grp = 0, usr_flg = 0,
		flags = LIT_DYNAMIC + LIT_AMBIENT,
		spatialprops =
		{
			pos = { 0, 0, 0 },
			orient = { { 1, 0, 0 }, { 0, 1, 0 }, { 0, 0, 1 } }
		},
		psysprops =
		{
			sparam = 0
		}
	},

	{
		entity_name = "ambi_rtc_atmospheric_2oc_middle_Mkr",
		type = MARKER,
		template_name = "",
		lt_grp = 0, srt_grp = 0, usr_flg = 0,
		spatialprops =
		{
			pos = { -395.5291, -39.9388, -772.0862 },
			orient = { {  0.711936,  0.000000, -0.702244 },
					   {  0.000000,  1.000000,  0.000000 },
					   {  0.702244,  0.000000,  0.711936 } }
		}
	},

	{
		entity_name = "ambi_rtc_atmospheric_2oc_left",
		type = PSYS,
		template_name = "rtc_atmospheric",
		lt_grp = 0, srt_grp = 0, usr_flg = 0,
		flags = LIT_DYNAMIC + LIT_AMBIENT,
		spatialprops =
		{
			pos = { 0, 0, 0 },
			orient = { { 1, 0, 0 }, { 0, 1, 0 }, { 0, 0, 1 } }
		},
		psysprops =
		{
			sparam = 0
		}
	},

	{
		entity_name = "ambi_rtc_atmospheric_2oc_left_Mkr",
		type = MARKER,
		template_name = "",
		lt_grp = 0, srt_grp = 0, usr_flg = 0,
		spatialprops =
		{
			pos = { -471.35, -43.54944, -769.5494 },
			orient = { {  0.697321,  0.000000,  0.716759 },
					   {  0.000000,  1.000000,  0.000000 },
					   { -0.716759,  0.000000,  0.697321 } }
		}
	},

	{
		entity_name = "ambi_rtc_atmospheric_3oc_right",
		type = PSYS,
		template_name = "rtc_atmospheric",
		lt_grp = 0, srt_grp = 0, usr_flg = 0,
		flags = LIT_DYNAMIC + LIT_AMBIENT,
		spatialprops =
		{
			pos = { 0, 0, 0 },
			orient = { { 1, 0, 0 }, { 0, 1, 0 }, { 0, 0, 1 } }
		},
		psysprops =
		{
			sparam = 0
		}
	},

	{
		entity_name = "ambi_rtc_atmospheric_3oc_right_Mkr",
		type = MARKER,
		template_name = "",
		lt_grp = 0, srt_grp = 0, usr_flg = 0,
		spatialprops =
		{
			pos = { 140.535, 22.86876, -1274.366 },
			orient = { {  0.698977,  0.000000, -0.715144 },
					   {  0.000000,  1.000000,  0.000000 },
					   {  0.715144,  0.000000,  0.698977 } }
		}
	},

	{
		entity_name = "ambi_rtc_atmospheric_3oc_left",
		type = PSYS,
		template_name = "rtc_atmospheric",
		lt_grp = 0, srt_grp = 0, usr_flg = 0,
		flags = LIT_DYNAMIC + LIT_AMBIENT,
		spatialprops =
		{
			pos = { 0, 0, 0 },
			orient = { { 1, 0, 0 }, { 0, 1, 0 }, { 0, 0, 1 } }
		},
		psysprops =
		{
			sparam = 0
		}
	},

	{
		entity_name = "ambi_rtc_atmospheric_3oc_left_Mkr",
		type = MARKER,
		template_name = "",
		lt_grp = 0, srt_grp = 0, usr_flg = 0,
		spatialprops =
		{
			pos = { 67.64595, 24.68779, -1271.92 },
			orient = { {  0.754824,  0.000000,  0.655927 },
					   {  0.000000,  1.000000,  0.000000 },
					   { -0.655927,  0.000000,  0.754824 } }
		}
	},

	{
		entity_name = "ambi_Prop_PlayerShip_gf_rtc_shipcushion",
		type = PSYS,
		template_name = "gf_rtc_shipcushion",
		lt_grp = 0, srt_grp = 0, usr_flg = 0,
		flags = LIT_DYNAMIC + LIT_AMBIENT,
		spatialprops =
		{
			pos = { 0, -6.017279, 0 },
			orient = { { 1, 0, 0 }, { 0, 1, 0 }, { 0, 0, 1 } }
		},
		psysprops =
		{
			sparam = 0
		}
	},

	{
		entity_name = "ambi_Prop_PlayerShip_Shipcushion_Marker_A",
		type = MARKER,
		template_name = "",
		lt_grp = 0, srt_grp = 0, usr_flg = 0,
		spatialprops =
		{
			pos = { 0, -6.198339, 0 },
			orient = { { 1, 0, 0 }, { 0, 1, 0 }, { 0, 0, 1 } }
		}
	},

	{
		entity_name = "ambi_LtG03_InfSky",
		type = LIGHT,
		template_name = "",
		lt_grp = 3, srt_grp = 0, usr_flg = 0,
		spatialprops =
		{
			pos = { -0.551477, 10, -3.253244 },
			orient = { { -0.939078,  0.080410,  0.334166 },
					   {  0.244871,  0.838776,  0.486306 },
					   { -0.241187,  0.538507, -0.807366 } }
		},
		lightprops =
		{
			on = Y,
			color = { 255, 255, 255 },
			diffuse = { 0.262745, 0.266667, 0.278431 },
			specular = { 0, 0, 0 },
			ambient = { 0, 0, 0 },
			direction = { 0, 0, 1 },
			range = 1000,
			cutoff = 90,
			type = L_DIRECT,
			theta = 90,
			atten = { 1, 0, 0 }
		}
	},

	{
		entity_name = "ambi_LtG03_InfSun01",
		type = LIGHT,
		template_name = "",
		lt_grp = 3, srt_grp = 0, usr_flg = 0,
		spatialprops =
		{
			pos = { -0.394806, 10, -4.443428 },
			orient = { {  0.938501,  0.000000,  0.345276 },
					   { -0.203083,  0.808733,  0.552004 },
					   { -0.279236, -0.588176,  0.758997 } }
		},
		lightprops =
		{
			on = Y,
			color = { 255, 255, 255 },
			diffuse = { 0.819608, 0.847059, 0.937255 },
			specular = { 0, 0, 0 },
			ambient = { 0, 0, 0 },
			direction = { 0, 0, 1 },
			range = 10000,
			cutoff = 90,
			type = L_DIRECT,
			theta = 90,
			atten = { 1, 0, 0 }
		}
	},

	{
		entity_name = "ambi_LtG03_InfSun02",
		type = LIGHT,
		template_name = "",
		lt_grp = 3, srt_grp = 0, usr_flg = 0,
		spatialprops =
		{
			pos = { -1.328049, 9.734415, -4.325011 },
			orient = { {  0.999323,  0.000000, -0.036791 },
					   { -0.004346,  0.992999, -0.118046 },
					   {  0.036533,  0.118126,  0.992326 } }
		},
		lightprops =
		{
			on = Y,
			color = { 255, 255, 255 },
			diffuse = { 0.188235, 0.188235, 0.188235 },
			specular = { 0, 0, 0 },
			ambient = { 0, 0, 0 },
			direction = { 0, 0, 1 },
			range = 10000,
			cutoff = 90,
			type = L_DIRECT,
			theta = 90,
			atten = { 1, 0, 0 }
		}
	},

	{
		entity_name = "ambi_skydome_sky_blue",
		type = COMPOUND,
		template_name = "skydome_sky_blue",
		lt_grp = 10, srt_grp = -100, usr_flg = 2,
		flags = LIT_DYNAMIC,
		spatialprops =
		{
			pos = { 0, 1000, 0 },
			orient = { { 1, 0, 0 }, { 0, 1, 0 }, { 0, 0, 1 } }
		},
		userprops =
		{
			category = "Prop",
			nofog = "y",
		}
	},

	{
		entity_name = "ambi_LtG09_Point_Clouds",
		type = LIGHT,
		template_name = "",
		lt_grp = 9, srt_grp = 0, usr_flg = 0,
		spatialprops =
		{
			pos = { -7.886105, 5.32327, -6.907286 },
			orient = { { 1, 0, 0 }, { 0, 1, 0 }, { 0, 0, 1 } }
		},
		lightprops =
		{
			on = Y,
			color = { 255, 255, 255 },
			diffuse = { 0.866667, 0.882353, 0.921569 },
			specular = { 0, 0, 0 },
			ambient = { 0, 0, 0 },
			direction = { 0, 0, 1 },
			range = 100000,
			cutoff = 98.99998,
			type = L_POINT,
			theta = 90,
			atten = { 1, 0, 0 }
		}
	},

	{
		entity_name = "ambi_LtG10_Point_Sky",
		type = LIGHT,
		template_name = "",
		lt_grp = 10, srt_grp = 0, usr_flg = 0,
		spatialprops =
		{
			pos = { -6.948971, 5.32327, -6.563457 },
			orient = { { 1, 0, 0 }, { 0, 1, 0 }, { 0, 0, 1 } }
		},
		lightprops =
		{
			on = Y,
			color = { 255, 255, 255 },
			diffuse = { 0.258824, 0.309804, 0.435294 },
			specular = { 0, 0, 0 },
			ambient = { 0, 0, 0 },
			direction = { 0, 0, 1 },
			range = 100000,
			cutoff = 98.99998,
			type = L_POINT,
			theta = 90,
			atten = { 1, 0, 0 }
		}
	},

	{
		entity_name = "ambi_LtG00_Fill_Dealer",
		type = LIGHT,
		template_name = "",
		lt_grp = 0, srt_grp = 0, usr_flg = 0,
		spatialprops =
		{
			pos = { -53.49696, 0.98263, 17.02992 },
			orient = { { 1, 0, 0 }, { 0, 1, 0 }, { 0, 0, 1 } }
		},
		lightprops =
		{
			on = Y,
			color = { 255, 255, 255 },
			diffuse = { 0.243137, 0.243137, 0.243137 },
			specular = { 0, 0, 0 },
			ambient = { 0, 0, 0 },
			direction = { 0, 0, 1 },
			range = 5,
			cutoff = 90,
			type = L_POINT,
			theta = 90,
			atten = { 1, 0, 0 }
		}
	},

	{
		entity_name = "ambi_LtG00_Fill_Equip",
		type = LIGHT,
		template_name = "",
		lt_grp = 0, srt_grp = 0, usr_flg = 0,
		spatialprops =
		{
			pos = { 10.32345, 0.98263, 7.427811 },
			orient = { { 1, 0, 0 }, { 0, 1, 0 }, { 0, 0, 1 } }
		},
		lightprops =
		{
			on = Y,
			color = { 255, 255, 255 },
			diffuse = { 0.243137, 0.243137, 0.243137 },
			specular = { 0, 0, 0 },
			ambient = { 0, 0, 0 },
			direction = { 0, 0, 1 },
			range = 5,
			cutoff = 90,
			type = L_POINT,
			theta = 90,
			atten = { 1, 0, 0 }
		}
	},

	{
		entity_name = "ambi_LtG00_Fill_Trader",
		type = LIGHT,
		template_name = "",
		lt_grp = 0, srt_grp = 0, usr_flg = 0,
		spatialprops =
		{
			pos = { 20.55867, 0.98263, 3.952302 },
			orient = { { 1, 0, 0 }, { 0, 1, 0 }, { 0, 0, 1 } }
		},
		lightprops =
		{
			on = Y,
			color = { 255, 255, 255 },
			diffuse = { 0.180392, 0.180392, 0.180392 },
			specular = { 0, 0, 0 },
			ambient = { 0, 0, 0 },
			direction = { 0, 0, 1 },
			range = 5,
			cutoff = 90,
			type = L_POINT,
			theta = 90,
			atten = { 1, 0, 0 }
		}
	}
};

events =
{
	{
		0.000, START_FOG_PROP_ANIM, { "ambi_Layer_Pl_03_Pad" },
		{
			duration = 0.000,
			fogprops =
			{
				fogon = Y,
				fogcolor = { 70, 75, 89 },
				fogmode = F_LINEAR,
				fogstart = 1300,
				fogend = 2300,
			}
		}
	},

	{
		0.000, START_PSYS, { "ambi_Prop_PlayerShip_gf_rtc_shipcushion" },
		{
			duration = 3600.000
		}
	},

	{
		0.000, START_PSYS, { "ambi_Prop_Ship02_gf_rtc_shipcushion" },
		{
			duration = 3600.000
		}
	},

	{
		0.000, ATTACH_ENTITY, { "ambi_rtc_atmospheric_3oc_left", "ambi_rtc_atmospheric_3oc_left_Mkr" },
		{
			duration = 0.009,
			offset = { 0, 0, 0 },
			up = Y_AXIS,
			front = NEG_Z_AXIS,
			target_part = "",
			target_type = ROOT,
			flags = POSITION + ORIENTATION
		}
	},

	{
		0.000, START_PSYS, { "ambi_rtc_atmospheric_3oc_left" },
		{
			duration = 3600.000
		}
	},

	{
		0.000, ATTACH_ENTITY, { "ambi_rtc_atmospheric_3oc_right", "ambi_rtc_atmospheric_3oc_right_Mkr" },
		{
			duration = 0.009,
			offset = { 0, 0, 0 },
			up = Y_AXIS,
			front = NEG_Z_AXIS,
			target_part = "",
			target_type = ROOT,
			flags = POSITION + ORIENTATION
		}
	},

	{
		0.000, START_PSYS, { "ambi_rtc_atmospheric_3oc_right" },
		{
			duration = 3600.000
		}
	},

	{
		0.000, ATTACH_ENTITY, { "ambi_rtc_atmospheric_2oc_left", "ambi_rtc_atmospheric_2oc_left_Mkr" },
		{
			duration = 0.009,
			offset = { 0, 0, 0 },
			up = Y_AXIS,
			front = NEG_Z_AXIS,
			target_part = "",
			target_type = ROOT,
			flags = POSITION + ORIENTATION
		}
	},

	{
		0.000, START_PSYS, { "ambi_rtc_atmospheric_2oc_left" },
		{
			duration = 3600.000
		}
	},

	{
		0.000, START_PSYS, { "ambi_rtc_atmospheric_2oc_middle" },
		{
			duration = 3600.000
		}
	},

	{
		0.000, ATTACH_ENTITY, { "ambi_rtc_atmospheric_2oc_middle", "ambi_rtc_atmospheric_2oc_middle_Mkr" },
		{
			duration = 0.009,
			offset = { 0, 0, 0 },
			up = Y_AXIS,
			front = NEG_Z_AXIS,
			target_part = "",
			target_type = ROOT,
			flags = POSITION + ORIENTATION
		}
	},

	{
		0.000, ATTACH_ENTITY, { "ambi_rtc_atmospheric_2oc_right", "ambi_rtc_atmospheric_2oc_right_Mkr" },
		{
			duration = 0.009,
			offset = { 0, 0, 0 },
			up = Y_AXIS,
			front = NEG_Z_AXIS,
			target_part = "",
			target_type = ROOT,
			flags = POSITION + ORIENTATION
		}
	},

	{
		0.000, START_PSYS, { "ambi_rtc_atmospheric_2oc_right" },
		{
			duration = 3600.000
		}
	},

	{
		0.000, START_PSYS, { "ambi_rtc_atmospheric_10oc_left" },
		{
			duration = 3600.000
		}
	},

	{
		0.000, ATTACH_ENTITY, { "ambi_rtc_atmospheric_10oc_left", "ambi_rtc_atmospheric_10oc_left_Mkr" },
		{
			duration = 0.009,
			offset = { 0, 0, 0 },
			up = Y_AXIS,
			front = NEG_Z_AXIS,
			target_part = "",
			target_type = ROOT,
			flags = POSITION + ORIENTATION
		}
	},

	{
		0.000, START_PSYS, { "ambi_rtc_atmospheric_10oc_right" },
		{
			duration = 3600.000
		}
	},

	{
		0.000, START_PSYS, { "ambi_rtc_atmospheric_12oc_left" },
		{
			duration = 3600.000
		}
	},

	{
		0.000, START_PSYS, { "ambi_rtc_atmospheric_12oc_right" },
		{
			duration = 3600.000
		}
	},

	{
		0.000, START_PSYS, { "ambi_rtc_atmospheric_1oc_right" },
		{
			duration = 3600.000
		}
	},

	{
		0.000, START_PSYS, { "ambi_rtc_atmospheric_1oc_left" },
		{
			duration = 3600.000
		}
	},

	{
		0.000, ATTACH_ENTITY, { "ambi_Prop_Ship02_gf_rtc_shipcushion", "ambi_Prop_Ship02_gf_rtc_shipcushion_Mkr" },
		{
			duration = 0.000,
			offset = { 0, 0, 0 },
			up = Y_AXIS,
			front = NEG_Z_AXIS,
			target_part = "",
			target_type = ROOT,
			flags = POSITION + ORIENTATION
		}
	},

	{
		0.000, ATTACH_ENTITY, { "ambi_rtc_atmospheric_1oc_left", "ambi_rtc_atmospheric_1oc_left_Mkr" },
		{
			duration = 0.000,
			offset = { 0, 0, 0 },
			up = Y_AXIS,
			front = NEG_Z_AXIS,
			target_part = "",
			target_type = ROOT,
			flags = POSITION + ORIENTATION
		}
	},

	{
		0.000, ATTACH_ENTITY, { "ambi_rtc_atmospheric_1oc_right", "ambi_rtc_atmospheric_1oc_right_mkr" },
		{
			duration = 0.000,
			offset = { 0, 0, 0 },
			up = Y_AXIS,
			front = NEG_Z_AXIS,
			target_part = "",
			target_type = ROOT,
			flags = POSITION + ORIENTATION
		}
	},

	{
		0.000, ATTACH_ENTITY, { "ambi_rtc_atmospheric_12oc_left", "ambi_rtc_atmospheric_12oc_left_mkr" },
		{
			duration = 0.000,
			offset = { 0, 0, 0 },
			up = Y_AXIS,
			front = NEG_Z_AXIS,
			target_part = "",
			target_type = ROOT,
			flags = POSITION + ORIENTATION
		}
	},

	{
		0.000, ATTACH_ENTITY, { "ambi_rtc_atmospheric_12oc_right", "ambi_rtc_atmospheric_12oc_right_mkr" },
		{
			duration = 0.000,
			offset = { 0, 0, 0 },
			up = Y_AXIS,
			front = NEG_Z_AXIS,
			target_part = "",
			target_type = ROOT,
			flags = POSITION + ORIENTATION
		}
	},

	{
		0.000, START_PSYS, { "ambi_rtc_atmospheric_10oc_middle" },
		{
			duration = 3600.000
		}
	},

	{
		0.000, ATTACH_ENTITY, { "ambi_rtc_atmospheric_10oc_middle", "ambi_rtc_atmospheric_10oc_middle_Mkr" },
		{
			duration = 0.009,
			offset = { 0, 0, 0 },
			up = Y_AXIS,
			front = NEG_Z_AXIS,
			target_part = "",
			target_type = ROOT,
			flags = POSITION + ORIENTATION
		}
	},

	{
		0.000, ATTACH_ENTITY, { "ambi_rtc_atmospheric_10oc_right", "ambi_rtc_atmospheric_10oc_right_Mkr" },
		{
			duration = 0.009,
			offset = { 0, 0, 0 },
			up = Y_AXIS,
			front = NEG_Z_AXIS,
			target_part = "",
			target_type = ROOT,
			flags = POSITION + ORIENTATION
		}
	},

	{
		0.000, ATTACH_ENTITY, { "ambi_Prop_PlayerShip_gf_rtc_shipcushion", "ambi_Prop_PlayerShip_Shipcushion_Marker_A" },
		{
			duration = 3000.000,
			offset = { 0, 0, 0 },
			up = Y_AXIS,
			front = NEG_Z_AXIS,
			target_part = "",
			target_type = ROOT,
			flags = POSITION
		}
	},

	{
		0.000, START_SPATIAL_PROP_ANIM, { "ambi_skydome_clouds_thin" },
		{
			duration = 3600.000,
			target_type = ROOT,
			spatialprops =
			{
				axisrot = { -360, Y_AXIS }
			}
		}
	}
};
