duration = 3600.000;

entities =
{

	{
		entity_name = "ambi_Layer_Pl_03_Bar",
		type = SCENE,
		template_name = "",
		lt_grp = 0, srt_grp = 0, usr_flg = 0,
		spatialprops =
		{
			pos = { 0, 0, 0 },
			orient = { { 1, 0, 0 }, { 0, 1, 0 }, { 0, 0, 1 } }
		},
		up = Y_AXIS,
		front = Z_AXIS,
		ambient = { 0, 0, 0 }
	},

	{
		entity_name = "ambi_LtG00_Direct_Sun",
		type = LIGHT,
		template_name = "",
		lt_grp = 0, srt_grp = 0, usr_flg = 0,
		spatialprops =
		{
			pos = { 47.94606, 61.16795, 105.2922 },
			orient = { {  0.927381,  0.000000, -0.374119 },
					   { -0.174075,  0.885156, -0.431504 },
					   {  0.331154,  0.465294,  0.820877 } }
		},
		lightprops =
		{
			on = Y,
			color = { 255, 255, 255 },
			diffuse = { 0.666667, 0.666667, 0.835294 },
			specular = { 0, 0, 0 },
			ambient = { 0, 0, 0 },
			direction = { 0, 0, -1 },
			range = 10000,
			cutoff = 4,
			type = L_SPOT,
			theta = 4,
			atten = { 1, 0, 0 }
		}
	},

	{
		entity_name = "ambi_LtG00_Room",
		type = LIGHT,
		template_name = "",
		lt_grp = 0, srt_grp = 0, usr_flg = 0,
		spatialprops =
		{
			pos = { -6.080527, 0, 1.392448 },
			orient = { {  0.015716,  0.000000, -0.999876 },
					   {  0.512835,  0.858449,  0.008061 },
					   {  0.858343, -0.512899,  0.013491 } }
		},
		lightprops =
		{
			on = N,
			color = { 255, 255, 255 },
			diffuse = { 0.368627, 0.32549, 0.215686 },
			specular = { 0, 0, 0 },
			ambient = { 0, 0, 0 },
			direction = { 0, 0, 1 },
			range = 1000,
			cutoff = 90,
			type = L_DIRECT,
			theta = 90,
			atten = { 1, 0, 0 }
		}
	},

	{
		entity_name = "ambi_Prop_Ship02_gf_rtc_shipcushion",
		type = PSYS,
		template_name = "gf_rtc_shipcushion",
		lt_grp = 0, srt_grp = 0, usr_flg = 0,
		flags = LIT_DYNAMIC + LIT_AMBIENT,
		spatialprops =
		{
			pos = { 43.19617, -4.827656, -62.36067 },
			orient = { {  0.341199,  0.000000, -0.939991 },
					   {  0.000000,  1.000000,  0.000000 },
					   {  0.939991,  0.000000,  0.341199 } }
		},
		psysprops =
		{
			sparam = 0
		}
	},

	{
		entity_name = "ambi_rtc_atmospheric_12oc_left",
		type = PSYS,
		template_name = "rtc_atmospheric",
		lt_grp = 0, srt_grp = 0, usr_flg = 0,
		flags = LIT_DYNAMIC + LIT_AMBIENT,
		spatialprops =
		{
			pos = { 39.11147, -17.26623, -711.0106 },
			orient = { {  0.576403,  0.000000,  0.817165 },
					   {  0.000000,  1.000000,  0.000000 },
					   { -0.817165,  0.000000,  0.576403 } }
		},
		psysprops =
		{
			sparam = 0
		}
	},

	{
		entity_name = "ambi_rtc_atmospheric_12oc_right",
		type = PSYS,
		template_name = "rtc_atmospheric",
		lt_grp = 0, srt_grp = 0, usr_flg = 0,
		flags = LIT_DYNAMIC + LIT_AMBIENT,
		spatialprops =
		{
			pos = { 104.4008, -17.26623, -707.8691 },
			orient = { {  0.813894,  0.000000, -0.581014 },
					   {  0.000000,  1.000000,  0.000000 },
					   {  0.581014,  0.000000,  0.813894 } }
		},
		psysprops =
		{
			sparam = 0
		}
	},

	{
		entity_name = "ambi_rtc_atmospheric_1oc_left",
		type = PSYS,
		template_name = "rtc_atmospheric",
		lt_grp = 0, srt_grp = 0, usr_flg = 0,
		flags = LIT_DYNAMIC + LIT_AMBIENT,
		spatialprops =
		{
			pos = { 781.0029, -18.55618, -1653.51 },
			orient = { {  0.604987,  0.000000,  0.796235 },
					   {  0.000000,  1.000000,  0.000000 },
					   { -0.796235,  0.000000,  0.604987 } }
		},
		psysprops =
		{
			sparam = 0
		}
	},

	{
		entity_name = "ambi_rtc_atmospheric_1oc_right",
		type = PSYS,
		template_name = "rtc_atmospheric",
		lt_grp = 0, srt_grp = 0, usr_flg = 0,
		flags = LIT_DYNAMIC + LIT_AMBIENT,
		spatialprops =
		{
			pos = { 832.3932, -17.72743, -1654.037 },
			orient = { {  0.818867,  0.000000, -0.573984 },
					   {  0.000000,  1.000000,  0.000000 },
					   {  0.573984,  0.000000,  0.818867 } }
		},
		psysprops =
		{
			sparam = 0
		}
	},

	{
		entity_name = "ambi_LtG00_Inf_Sun",
		type = LIGHT,
		template_name = "",
		lt_grp = 0, srt_grp = 0, usr_flg = 0,
		spatialprops =
		{
			pos = { -5.185289, 0, 1.368042 },
			orient = { {  0.039361,  0.002774,  0.999221 },
					   { -0.410894,  0.911581,  0.013655 },
					   { -0.910833, -0.411112,  0.037021 } }
		},
		lightprops =
		{
			on = Y,
			color = { 255, 255, 255 },
			diffuse = { 1, 1, 1 },
			specular = { 0, 0, 0 },
			ambient = { 0, 0, 0 },
			direction = { 0, 0, 1 },
			range = 10000,
			cutoff = 90,
			type = L_DIRECT,
			theta = 90,
			atten = { 1, 0, 0 }
		}
	},

	{
		entity_name = "ambi_Prop_Ship02_gf_rtc_shipcushion_Mkr",
		type = MARKER,
		template_name = "",
		lt_grp = 0, srt_grp = 0, usr_flg = 0,
		spatialprops =
		{
			pos = { 43.19617, -9.827656, -62.36067 },
			orient = { {  0.341199,  0.000000, -0.939991 },
					   {  0.000000,  1.000000,  0.000000 },
					   {  0.939991,  0.000000,  0.341199 } }
		}
	},

	{
		entity_name = "ambi_rtc_atmospheric_1oc_left_Mkr",
		type = MARKER,
		template_name = "",
		lt_grp = 0, srt_grp = 0, usr_flg = 0,
		spatialprops =
		{
			pos = { 781.0029, -22.55618, -1653.51 },
			orient = { {  0.604987,  0.000000,  0.796235 },
					   {  0.000000,  1.000000,  0.000000 },
					   { -0.796235,  0.000000,  0.604987 } }
		}
	},

	{
		entity_name = "ambi_rtc_atmospheric_1oc_right_mkr",
		type = MARKER,
		template_name = "",
		lt_grp = 0, srt_grp = 0, usr_flg = 0,
		spatialprops =
		{
			pos = { 832.3932, -22.72743, -1654.037 },
			orient = { {  0.818867,  0.000000, -0.573984 },
					   {  0.000000,  1.000000,  0.000000 },
					   {  0.573984,  0.000000,  0.818867 } }
		}
	},

	{
		entity_name = "ambi_rtc_atmospheric_12oc_left_mkr",
		type = MARKER,
		template_name = "",
		lt_grp = 0, srt_grp = 0, usr_flg = 0,
		spatialprops =
		{
			pos = { 39.11147, -22.55618, -711.0106 },
			orient = { {  0.576403,  0.000000,  0.817165 },
					   {  0.000000,  1.000000,  0.000000 },
					   { -0.817165,  0.000000,  0.576403 } }
		}
	},

	{
		entity_name = "ambi_rtc_atmospheric_12oc_right_mkr",
		type = MARKER,
		template_name = "",
		lt_grp = 0, srt_grp = 0, usr_flg = 0,
		spatialprops =
		{
			pos = { 104.4008, -22.55618, -707.8691 },
			orient = { {  0.813894,  0.000000, -0.581014 },
					   {  0.000000,  1.000000,  0.000000 },
					   {  0.581014,  0.000000,  0.813894 } }
		}
	},

	{
		entity_name = "ambi_skydome_clouds_thin",
		type = COMPOUND,
		template_name = "skydome_clouds_thin",
		lt_grp = 9, srt_grp = -90, usr_flg = 2,
		flags = LIT_DYNAMIC,
		spatialprops =
		{
			pos = { 0, 0, 0 },
			orient = { { 1, 0, 0 }, { 0, 1, 0 }, { 0, 0, 1 } }
		},
		userprops =
		{
			category = "Prop",
			nofog = "y",
		}
	},

	{
		entity_name = "ambi_rtc_atmospheric_2oc_right",
		type = PSYS,
		template_name = "rtc_atmospheric",
		lt_grp = 0, srt_grp = 0, usr_flg = 0,
		flags = LIT_DYNAMIC + LIT_AMBIENT,
		spatialprops =
		{
			pos = { 889.9969, -43.18589, -397.7038 },
			orient = { {  0.709262,  0.000000, -0.704945 },
					   {  0.000000,  1.000000,  0.000000 },
					   {  0.704945,  0.000000,  0.709262 } }
		},
		psysprops =
		{
			sparam = 0
		}
	},

	{
		entity_name = "ambi_rtc_atmospheric_2oc_right_Mkr",
		type = MARKER,
		template_name = "",
		lt_grp = 0, srt_grp = 0, usr_flg = 0,
		spatialprops =
		{
			pos = { 889.9969, -48.18589, -397.7038 },
			orient = { {  0.709262,  0.000000, -0.704945 },
					   {  0.000000,  1.000000,  0.000000 },
					   {  0.704945,  0.000000,  0.709262 } }
		}
	},

	{
		entity_name = "ambi_rtc_atmospheric_2oc_middle",
		type = PSYS,
		template_name = "rtc_atmospheric",
		lt_grp = 0, srt_grp = 0, usr_flg = 0,
		flags = LIT_DYNAMIC + LIT_AMBIENT,
		spatialprops =
		{
			pos = { 830.9016, -43.18589, -398.7904 },
			orient = { {  0.682750,  0.000000,  0.730652 },
					   {  0.000000,  1.000000,  0.000000 },
					   { -0.730652,  0.000000,  0.682750 } }
		},
		psysprops =
		{
			sparam = 0
		}
	},

	{
		entity_name = "ambi_rtc_atmospheric_2oc_middle_Mkr",
		type = MARKER,
		template_name = "",
		lt_grp = 0, srt_grp = 0, usr_flg = 0,
		spatialprops =
		{
			pos = { 830.9016, -48.18589, -398.7904 },
			orient = { {  0.682750,  0.000000,  0.730652 },
					   {  0.000000,  1.000000,  0.000000 },
					   { -0.730652,  0.000000,  0.682750 } }
		}
	},

	{
		entity_name = "ambi_rtc_atmospheric_2oc_left",
		type = PSYS,
		template_name = "rtc_atmospheric",
		lt_grp = 0, srt_grp = 0, usr_flg = 0,
		flags = LIT_DYNAMIC + LIT_AMBIENT,
		spatialprops =
		{
			pos = { 826.0544, -43.18589, -458.2578 },
			orient = { { -0.730165,  0.000000,  0.683271 },
					   {  0.000000,  1.000000,  0.000000 },
					   { -0.683271,  0.000000, -0.730165 } }
		},
		psysprops =
		{
			sparam = 0
		}
	},

	{
		entity_name = "ambi_rtc_atmospheric_3oc_right",
		type = PSYS,
		template_name = "rtc_atmospheric",
		lt_grp = 0, srt_grp = 0, usr_flg = 0,
		flags = LIT_DYNAMIC + LIT_AMBIENT,
		spatialprops =
		{
			pos = { 1330.261, 21.10198, 136.6 },
			orient = { {  0.694666,  0.000000,  0.719333 },
					   {  0.000000,  1.000000,  0.000000 },
					   { -0.719333,  0.000000,  0.694666 } }
		},
		psysprops =
		{
			sparam = 0
		}
	},

	{
		entity_name = "ambi_rtc_atmospheric_3oc_right_Mkr",
		type = MARKER,
		template_name = "",
		lt_grp = 0, srt_grp = 0, usr_flg = 0,
		spatialprops =
		{
			pos = { 1330.261, 16.10198, 136.6 },
			orient = { {  0.694666,  0.000000,  0.719333 },
					   {  0.000000,  1.000000,  0.000000 },
					   { -0.719333,  0.000000,  0.694666 } }
		}
	},

	{
		entity_name = "ambi_rtc_atmospheric_3oc_left",
		type = PSYS,
		template_name = "rtc_atmospheric",
		lt_grp = 0, srt_grp = 0, usr_flg = 0,
		flags = LIT_DYNAMIC + LIT_AMBIENT,
		spatialprops =
		{
			pos = { 1321.152, 21.10198, 80.93493 },
			orient = { { -0.661080,  0.000000,  0.750315 },
					   {  0.000000,  1.000000,  0.000000 },
					   { -0.750315,  0.000000, -0.661080 } }
		},
		psysprops =
		{
			sparam = 0
		}
	},

	{
		entity_name = "ambi_rtc_atmospheric_3oc_left_Mkr",
		type = MARKER,
		template_name = "",
		lt_grp = 0, srt_grp = 0, usr_flg = 0,
		spatialprops =
		{
			pos = { 1321.152, 16.10198, 80.93493 },
			orient = { { -0.661080,  0.000000,  0.750315 },
					   {  0.000000,  1.000000,  0.000000 },
					   { -0.750315,  0.000000, -0.661080 } }
		}
	},

	{
		entity_name = "ambi_Prop_PlayerShip_gf_rtc_shipcushion",
		type = PSYS,
		template_name = "gf_rtc_shipcushion",
		lt_grp = 0, srt_grp = 0, usr_flg = 0,
		flags = LIT_DYNAMIC + LIT_AMBIENT,
		spatialprops =
		{
			pos = { 53.12269, -4.805856, 0.593937 },
			orient = { { 1, 0, 0 }, { 0, 1, 0 }, { 0, 0, 1 } }
		},
		psysprops =
		{
			sparam = 0
		}
	},

	{
		entity_name = "ambi_Prop_PlayerShip_Shipcushion_Mkr01",
		type = MARKER,
		template_name = "",
		lt_grp = 0, srt_grp = 0, usr_flg = 0,
		spatialprops =
		{
			pos = { 53.12269, -9.827656, 0.593937 },
			orient = { { -0.865915,  0.000000, -0.500192 },
					   {  0.000000,  1.000000,  0.000000 },
					   {  0.500192,  0.000000, -0.865915 } }
		}
	},

	{
		entity_name = "ambi_skydome_sky_blue_1",
		type = COMPOUND,
		template_name = "skydome_sky_blue",
		lt_grp = 10, srt_grp = -100, usr_flg = 2,
		flags = LIT_DYNAMIC,
		spatialprops =
		{
			pos = { 0, -1000, 0 },
			orient = { { 1, 0, 0 }, { 0, 1, 0 }, { 0, 0, 1 } }
		},
		userprops =
		{
			category = "Prop",
			NoFog = "Y",
		}
	},

	{
		entity_name = "ambi_LtG10_Point_Sky",
		type = LIGHT,
		template_name = "",
		lt_grp = 10, srt_grp = 0, usr_flg = 0,
		spatialprops =
		{
			pos = { 51.02447, 5.323269, -6.594043 },
			orient = { { 1, 0, 0 }, { 0, 1, 0 }, { 0, 0, 1 } }
		},
		lightprops =
		{
			on = Y,
			color = { 255, 255, 255 },
			diffuse = { 0.32549, 0.384314, 0.541176 },
			specular = { 0, 0, 0 },
			ambient = { 0, 0, 0 },
			direction = { 0, 0, 1 },
			range = 100000,
			cutoff = 98.99998,
			type = L_POINT,
			theta = 90,
			atten = { 1, 0, 0 }
		}
	},

	{
		entity_name = "ambi_LtG09_Point_Clouds",
		type = LIGHT,
		template_name = "",
		lt_grp = 9, srt_grp = 0, usr_flg = 0,
		spatialprops =
		{
			pos = { 50.98524, 5.323269, -5.238311 },
			orient = { { 1, 0, 0 }, { 0, 1, 0 }, { 0, 0, 1 } }
		},
		lightprops =
		{
			on = Y,
			color = { 255, 255, 255 },
			diffuse = { 1, 1, 1 },
			specular = { 0, 0, 0 },
			ambient = { 0, 0, 0 },
			direction = { 0, 0, 1 },
			range = 100000,
			cutoff = 98.99998,
			type = L_POINT,
			theta = 90,
			atten = { 1, 0, 0 }
		}
	},

	{
		entity_name = "ambi_rtc_atmospheric_2oc_left_Mkr",
		type = MARKER,
		template_name = "",
		lt_grp = 0, srt_grp = 0, usr_flg = 0,
		spatialprops =
		{
			pos = { 826.0544, -48.18589, -458.2578 },
			orient = { { -0.730165,  0.000000,  0.683271 },
					   {  0.000000,  1.000000,  0.000000 },
					   { -0.683271,  0.000000, -0.730165 } }
		}
	},

	{
		entity_name = "ambi_LtG01_Ext_InfSky",
		type = LIGHT,
		template_name = "",
		lt_grp = 1, srt_grp = 0, usr_flg = 0,
		spatialprops =
		{
			pos = { 51.20424, 9.999998, -1.321588 },
			orient = { {  0.235249,  0.080410, -0.968603 },
					   { -0.075462,  0.995075,  0.064280 },
					   {  0.969001,  0.057971,  0.240158 } }
		},
		lightprops =
		{
			on = Y,
			color = { 255, 255, 255 },
			diffuse = { 0.219608, 0.219608, 0.286275 },
			specular = { 0, 0, 0 },
			ambient = { 0, 0, 0 },
			direction = { 0, 0, 1 },
			range = 1000,
			cutoff = 90,
			type = L_DIRECT,
			theta = 90,
			atten = { 1, 0, 0 }
		}
	},

	{
		entity_name = "ambi_LtG01_Ext_InfSun01",
		type = LIGHT,
		template_name = "",
		lt_grp = 1, srt_grp = 0, usr_flg = 0,
		spatialprops =
		{
			pos = { 52.27948, 9.999997, -1.181494 },
			orient = { { -0.732413,  0.000000,  0.680861 },
					   { -0.312573,  0.888392, -0.336240 },
					   { -0.604871, -0.459085, -0.650670 } }
		},
		lightprops =
		{
			on = Y,
			color = { 255, 255, 255 },
			diffuse = { 0.819608, 0.847059, 0.937255 },
			specular = { 0, 0, 0 },
			ambient = { 0, 0, 0 },
			direction = { 0, 0, 1 },
			range = 10000,
			cutoff = 90,
			type = L_DIRECT,
			theta = 90,
			atten = { 1, 0, 0 }
		}
	},

	{
		entity_name = "ambi_LtG01_Ext_InfSun02",
		type = LIGHT,
		template_name = "",
		lt_grp = 1, srt_grp = 0, usr_flg = 0,
		spatialprops =
		{
			pos = { 52.26449, 9.409573, -0.591 },
			orient = { { -0.928275,  0.000000,  0.371895 },
					   { -0.100101,  0.963094, -0.249858 },
					   { -0.358170, -0.269164, -0.894016 } }
		},
		lightprops =
		{
			on = Y,
			color = { 255, 255, 255 },
			diffuse = { 0.478431, 0.486275, 0.521569 },
			specular = { 0, 0, 0 },
			ambient = { 0, 0, 0 },
			direction = { 0, 0, 1 },
			range = 10000,
			cutoff = 90,
			type = L_DIRECT,
			theta = 90,
			atten = { 1, 0, 0 }
		}
	},

	{
		entity_name = "ambi_LtG03_Ship_InfSky",
		type = LIGHT,
		template_name = "",
		lt_grp = 3, srt_grp = 0, usr_flg = 0,
		spatialprops =
		{
			pos = { 54.14521, 10, 2.324065 },
			orient = { {  0.287208,  0.080410, -0.954487 },
					   { -0.534601,  0.840291, -0.090074 },
					   {  0.794804,  0.536140,  0.284325 } }
		},
		lightprops =
		{
			on = Y,
			color = { 255, 255, 255 },
			diffuse = { 0.258824, 0.266667, 0.27451 },
			specular = { 0, 0, 0 },
			ambient = { 0, 0, 0 },
			direction = { 0, 0, 1 },
			range = 1000,
			cutoff = 90,
			type = L_DIRECT,
			theta = 90,
			atten = { 1, 0, 0 }
		}
	},

	{
		entity_name = "ambi_LtG03_Ship_InfSun01",
		type = LIGHT,
		template_name = "",
		lt_grp = 3, srt_grp = 0, usr_flg = 0,
		spatialprops =
		{
			pos = { 54.58081, 9.999999, 1.357391 },
			orient = { { -0.891508,  0.000000,  0.453005 },
					   { -0.323012,  0.701122, -0.635682 },
					   { -0.317612, -0.713042, -0.625055 } }
		},
		lightprops =
		{
			on = Y,
			color = { 255, 255, 255 },
			diffuse = { 1, 1, 1 },
			specular = { 0, 0, 0 },
			ambient = { 0, 0, 0 },
			direction = { 0, 0, 1 },
			range = 10000,
			cutoff = 90,
			type = L_DIRECT,
			theta = 90,
			atten = { 1, 0, 0 }
		}
	},

	{
		entity_name = "ambi_LtG00_Room_PointRt",
		type = LIGHT,
		template_name = "",
		lt_grp = 0, srt_grp = 0, usr_flg = 0,
		spatialprops =
		{
			pos = { -5.605004, 2.626865, 7.57413 },
			orient = { { 1, 0, 0 }, { 0, 1, 0 }, { 0, 0, 1 } }
		},
		lightprops =
		{
			on = Y,
			color = { 255, 255, 255 },
			diffuse = { 0.752941, 0.686275, 0.952941 },
			specular = { 0, 0, 0 },
			ambient = { 0, 0, 0 },
			direction = { 0, 0, 1 },
			range = 15,
			cutoff = 98.99998,
			type = L_POINT,
			theta = 90,
			atten = { 1, 0, 0.025 }
		}
	},

	{
		entity_name = "ambi_LtG00_Room_PointLf",
		type = LIGHT,
		template_name = "",
		lt_grp = 0, srt_grp = 0, usr_flg = 0,
		spatialprops =
		{
			pos = { -5.580853, 2.626865, -7.802463 },
			orient = { { 1, 0, 0 }, { 0, 1, 0 }, { 0, 0, 1 } }
		},
		lightprops =
		{
			on = Y,
			color = { 255, 255, 255 },
			diffuse = { 0.752941, 0.686275, 0.952941 },
			specular = { 0, 0, 0 },
			ambient = { 0, 0, 0 },
			direction = { 0, 0, 1 },
			range = 15,
			cutoff = 98.99998,
			type = L_POINT,
			theta = 90,
			atten = { 1, 0, 0.025 }
		}
	},

	{
		entity_name = "PlayerShip",
		type = COMPOUND,
		template_name = "PlayerShip",
		lt_grp = 3, srt_grp = 0, usr_flg = 0,
		flags = LIT_DYNAMIC,
		spatialprops =
		{
			pos = { 53.12269, -9.805857, 0.593937 },
			orient = { { -0.865914,  0.000000, -0.500192 },
					   {  0.000000,  1.000000,  0.000000 },
					   {  0.500192,  0.000000, -0.865914 } }
		},
		userprops =
		{
			category = "Spaceship",
		}
	},

	{
		entity_name = "X/Shipcentre/01",
		type = MARKER,
		template_name = "",
		lt_grp = 0, srt_grp = 0, usr_flg = 0,
		flags = REFERENCE,
		spatialprops =
		{
			pos = { 53.12269, -8.805857, 0.593937 },
			orient = { { -0.865914,  0.000000, -0.500192 },
					   {  0.000000,  1.000000,  0.000000 },
					   {  0.500192,  0.000000, -0.865914 } }
		}
	}
};

events =
{
	{
		0.000, ATTACH_ENTITY, { "PlayerShip", "X/Shipcentre/01" },
		{
			duration = 0.000,
			offset = { 0, 0, 0 },
			up = Y_AXIS,
			front = NEG_Z_AXIS,
			target_type = ROOT,
			flags = POSITION + ORIENTATION
		}
	},

	{
		0.000, START_SPATIAL_PROP_ANIM, { "ambi_skydome_clouds_thin" },
		{
			duration = 3600.000,
			target_type = ROOT,
			spatialprops =
			{
				axisrot = { -360, Y_AXIS }
			}
		}
	},

	{
		0.000, ATTACH_ENTITY, { "ambi_rtc_atmospheric_12oc_left", "ambi_rtc_atmospheric_12oc_left_mkr" },
		{
			duration = 0.000,
			offset = { 0, 0, 0 },
			up = Y_AXIS,
			front = NEG_Z_AXIS,
			target_part = "",
			target_type = ROOT,
			flags = POSITION + ORIENTATION
		}
	},

	{
		0.000, ATTACH_ENTITY, { "ambi_rtc_atmospheric_1oc_right", "ambi_rtc_atmospheric_1oc_right_mkr" },
		{
			duration = 0.000,
			offset = { 0, 0, 0 },
			up = Y_AXIS,
			front = NEG_Z_AXIS,
			target_part = "",
			target_type = ROOT,
			flags = POSITION + ORIENTATION
		}
	},

	{
		0.000, ATTACH_ENTITY, { "ambi_rtc_atmospheric_1oc_left", "ambi_rtc_atmospheric_1oc_left_Mkr" },
		{
			duration = 0.000,
			offset = { 0, 0, 0 },
			up = Y_AXIS,
			front = NEG_Z_AXIS,
			target_part = "",
			target_type = ROOT,
			flags = POSITION + ORIENTATION
		}
	},

	{
		0.000, ATTACH_ENTITY, { "ambi_Prop_Ship02_gf_rtc_shipcushion", "ambi_Prop_Ship02_gf_rtc_shipcushion_Mkr" },
		{
			duration = 0.000,
			offset = { 0, 0, 0 },
			up = Y_AXIS,
			front = NEG_Z_AXIS,
			target_part = "",
			target_type = ROOT,
			flags = POSITION + ORIENTATION
		}
	},

	{
		0.000, START_PSYS, { "ambi_rtc_atmospheric_1oc_left" },
		{
			duration = 7200.000
		}
	},

	{
		0.000, START_PSYS, { "ambi_rtc_atmospheric_1oc_right" },
		{
			duration = 7200.000
		}
	},

	{
		0.000, START_PSYS, { "ambi_rtc_atmospheric_12oc_right" },
		{
			duration = 7200.000
		}
	},

	{
		0.000, START_PSYS, { "ambi_rtc_atmospheric_12oc_left" },
		{
			duration = 7200.000
		}
	},

	{
		0.000, START_PSYS, { "ambi_rtc_atmospheric_2oc_right" },
		{
			duration = 7200.000
		}
	},

	{
		0.000, START_PSYS, { "ambi_rtc_atmospheric_2oc_middle" },
		{
			duration = 7200.000
		}
	},

	{
		0.000, START_PSYS, { "ambi_rtc_atmospheric_2oc_left" },
		{
			duration = 7200.000
		}
	},

	{
		0.000, START_PSYS, { "ambi_rtc_atmospheric_3oc_right" },
		{
			duration = 7200.000
		}
	},

	{
		0.000, ATTACH_ENTITY, { "ambi_rtc_atmospheric_3oc_right", "ambi_rtc_atmospheric_3oc_right_Mkr" },
		{
			duration = 0.009,
			offset = { 0, 0, 0 },
			up = Y_AXIS,
			front = NEG_Z_AXIS,
			target_part = "",
			target_type = ROOT,
			flags = POSITION + ORIENTATION
		}
	},

	{
		0.000, START_PSYS, { "ambi_rtc_atmospheric_3oc_left" },
		{
			duration = 7200.000
		}
	},

	{
		0.000, ATTACH_ENTITY, { "ambi_rtc_atmospheric_3oc_left", "ambi_rtc_atmospheric_3oc_left_Mkr" },
		{
			duration = 0.009,
			offset = { 0, 0, 0 },
			up = Y_AXIS,
			front = NEG_Z_AXIS,
			target_part = "",
			target_type = ROOT,
			flags = POSITION + ORIENTATION
		}
	},

	{
		0.000, START_PSYS, { "ambi_Prop_Ship02_gf_rtc_shipcushion" },
		{
			duration = 7200.000
		}
	},

	{
		0.000, START_PSYS, { "ambi_Prop_PlayerShip_gf_rtc_shipcushion" },
		{
			duration = 7200.000
		}
	},

	{
		0.000, ATTACH_ENTITY, { "ambi_Prop_PlayerShip_gf_rtc_shipcushion", "ambi_Prop_PlayerShip_Shipcushion_Mkr01" },
		{
			duration = 3000.000,
			offset = { 0, 0, 0 },
			up = Y_AXIS,
			front = NEG_Z_AXIS,
			target_part = "",
			target_type = ROOT,
			flags = POSITION
		}
	},

	{
		0.000, ATTACH_ENTITY, { "ambi_rtc_atmospheric_12oc_right", "ambi_rtc_atmospheric_12oc_right_mkr" },
		{
			duration = 0.000,
			offset = { 0, 0, 0 },
			up = Y_AXIS,
			front = NEG_Z_AXIS,
			target_part = "",
			target_type = ROOT,
			flags = POSITION + ORIENTATION
		}
	},

	{
		0.000, ATTACH_ENTITY, { "ambi_rtc_atmospheric_2oc_left", "ambi_rtc_atmospheric_2oc_left_Mkr" },
		{
			duration = 0.008,
			offset = { 0, 0, 0 },
			up = Y_AXIS,
			front = NEG_Z_AXIS,
			target_part = "",
			target_type = ROOT,
			flags = POSITION + ORIENTATION
		}
	},

	{
		0.000, ATTACH_ENTITY, { "ambi_rtc_atmospheric_2oc_middle", "ambi_rtc_atmospheric_2oc_middle_Mkr" },
		{
			duration = 0.008,
			offset = { 0, 0, 0 },
			up = Y_AXIS,
			front = NEG_Z_AXIS,
			target_part = "",
			target_type = ROOT,
			flags = POSITION + ORIENTATION
		}
	},

	{
		0.000, ATTACH_ENTITY, { "ambi_rtc_atmospheric_2oc_right", "ambi_rtc_atmospheric_2oc_right_Mkr" },
		{
			duration = 0.000,
			offset = { 0, 0, 0 },
			up = Y_AXIS,
			front = NEG_Z_AXIS,
			target_part = "",
			target_type = ROOT,
			flags = POSITION + ORIENTATION
		}
	},

	{
		0.000, START_FOG_PROP_ANIM, { "ambi_Layer_Pl_03_Bar" },
		{
			duration = 0.000,
			fogprops =
			{
				fogon = Y,
				fogcolor = { 163, 168, 182 },
				fogmode = F_LINEAR,
				fogstart = 800,
				fogend = 3000,
			}
		}
	}
};
