duration = 38.366;

entities =
{

	{
		entity_name = "Zg/NPC/mFloor2/01/B/Stand",
		type = MARKER,
		template_name = "",
		lt_grp = 0, srt_grp = 0, usr_flg = 0,
		spatialprops =
		{
			pos = { -2.264317, 0, -1.035813 },
			orient = { {  0.454981,  0.000000, -0.890501 },
					   {  0.000000,  1.000000,  0.000000 },
					   {  0.890501,  0.000000,  0.454981 } }
		}
	},

	{
		entity_name = "Zg/NPC/mFloor2/01/A/Stand",
		type = MARKER,
		template_name = "",
		lt_grp = 0, srt_grp = 0, usr_flg = 0,
		spatialprops =
		{
			pos = { -3.097345, 0, -1.824126 },
			orient = { { -0.798794,  0.000000,  0.601604 },
					   {  0.000000,  1.000000,  0.000000 },
					   { -0.601604,  0.000000, -0.798794 } }
		}
	},

	{
		entity_name = "Zg/PC/Player/01/A/Stand",
		type = MARKER,
		template_name = "",
		lt_grp = 0, srt_grp = 0, usr_flg = 0,
		spatialprops =
		{
			pos = { 5.047617, 0, -7.353293 },
			orient = { { -0.999844,  0.000000, -0.017661 },
					   {  0.000000,  1.000000,  0.000000 },
					   {  0.017661,  0.000000, -0.999844 } }
		}
	},

	{
		entity_name = "Layer_Pl_03_Bar_hardpoint",
		type = SCENE,
		template_name = "",
		lt_grp = 0, srt_grp = 0, usr_flg = 0,
		spatialprops =
		{
			pos = { 0, 0, 0 },
			orient = { { 1, 0, 0 }, { 0, 1, 0 }, { 0, 0, 1 } }
		},
		up = Y_AXIS,
		front = Z_AXIS,
		ambient = { 168, 168, 168 }
	},

	{
		entity_name = "Camera_Mission",
		type = CAMERA,
		template_name = "",
		lt_grp = 0, srt_grp = 0, usr_flg = 0,
		spatialprops =
		{
			pos = { -0.899007, 1.662763, -5.314538 },
			orient = { {  0.999979,  0.000000,  0.006533 },
					   { -0.000096,  0.999892,  0.014727 },
					   { -0.006532, -0.014728,  0.999870 } }
		},
		cameraprops =
		{
			fovh = 30,
			hvaspect = 1.333333,
			nearplane = 1,
			farplane = 100
		}
	},

	{
		entity_name = "Camera_News",
		type = CAMERA,
		template_name = "",
		lt_grp = 0, srt_grp = 0, usr_flg = 0,
		spatialprops =
		{
			pos = { 0.883348, 1.649254, -5.312243 },
			orient = { {  0.999978,  0.000000, -0.006565 },
					   {  0.000126,  0.999817,  0.019148 },
					   {  0.006564, -0.019148,  0.999795 } }
		},
		cameraprops =
		{
			fovh = 30,
			hvaspect = 1.333333,
			nearplane = 1,
			farplane = 100
		}
	},

	{
		entity_name = "Zg/NPC/mFloor2/02/A/Stand",
		type = MARKER,
		template_name = "",
		lt_grp = 0, srt_grp = 0, usr_flg = 0,
		spatialprops =
		{
			pos = { 4.934744, 0, 1.293235 },
			orient = { {  0.733623,  0.000000, -0.679556 },
					   {  0.000000,  1.000000,  0.000000 },
					   {  0.679556,  0.000000,  0.733623 } }
		}
	},

	{
		entity_name = "Zg/NPC/mFloor2/02/B/Stand",
		type = MARKER,
		template_name = "",
		lt_grp = 0, srt_grp = 0, usr_flg = 0,
		spatialprops =
		{
			pos = { 4.448011, 0, 0.261452 },
			orient = { { -0.999275,  0.000000,  0.038085 },
					   {  0.000000,  1.000000,  0.000000 },
					   { -0.038085,  0.000000, -0.999275 } }
		}
	},

	{
		entity_name = "Zs/NPC/mFloor2/01/P/Stand",
		type = MARKER,
		template_name = "",
		lt_grp = 0, srt_grp = 0, usr_flg = 0,
		spatialprops =
		{
			pos = { -1.782853, -0.0054, -0.879423 },
			orient = { {  0.616372,  0.000000, -0.787455 },
					   {  0.000000,  1.000000,  0.000000 },
					   {  0.787455,  0.000000,  0.616372 } }
		}
	},

	{
		entity_name = "Zs/NPC/mFloor2/01/P2/Stand",
		type = MARKER,
		template_name = "",
		lt_grp = 0, srt_grp = 0, usr_flg = 0,
		spatialprops =
		{
			pos = { -2.211168, 0, -1.163377 },
			orient = { {  0.616372,  0.000000, -0.787455 },
					   {  0.000000,  1.000000,  0.000000 },
					   {  0.787455,  0.000000,  0.616372 } }
		}
	},

	{
		entity_name = "Zs/NPC/mFloor2/02/P/Stand",
		type = MARKER,
		template_name = "",
		lt_grp = 0, srt_grp = 0, usr_flg = 0,
		spatialprops =
		{
			pos = { 3.93264, -0.0054, -0.233669 },
			orient = { { -0.935378,  0.000000,  0.353650 },
					   {  0.000000,  1.000000,  0.000000 },
					   { -0.353650,  0.000000, -0.935378 } }
		}
	},

	{
		entity_name = "Zs/NPC/mFloor2/02/P2/Stand",
		type = MARKER,
		template_name = "",
		lt_grp = 0, srt_grp = 0, usr_flg = 0,
		spatialprops =
		{
			pos = { 4.151604, 0, 0.231238 },
			orient = { { -0.935378,  0.000000,  0.353650 },
					   {  0.000000,  1.000000,  0.000000 },
					   { -0.353650,  0.000000, -0.935378 } }
		}
	},

	{
		entity_name = "Zs/NPC/mFloor2/01/AC2/Camera",
		type = CAMERA,
		template_name = "",
		lt_grp = 0, srt_grp = 0, usr_flg = 0,
		flags = HIDDEN,
		spatialprops =
		{
			pos = { -3.13445, 1.682559, -0.033754 },
			orient = { {  0.948435,  0.000000,  0.316970 },
					   {  0.058942,  0.982558, -0.176366 },
					   { -0.311442,  0.185955,  0.931893 } }
		},
		cameraprops =
		{
			fovh = 30,
			hvaspect = 1.85,
			nearplane = 0.2,
			farplane = 5000
		}
	},

	{
		entity_name = "Zs/NPC/mFloor2/01/ACOH/Camera",
		type = CAMERA,
		template_name = "",
		lt_grp = 0, srt_grp = 0, usr_flg = 0,
		flags = HIDDEN,
		spatialprops =
		{
			pos = { -2.131417, 1.767839, -0.740199 },
			orient = { {  0.871559,  0.000000, -0.490290 },
					   { -0.093101,  0.981806, -0.165499 },
					   {  0.481370,  0.189889,  0.855702 } }
		},
		cameraprops =
		{
			fovh = 25,
			hvaspect = 1.85,
			nearplane = 0.2,
			farplane = 5000
		}
	},

	{
		entity_name = "Zs/NPC/mFloor2/01/ACS/Camera",
		type = CAMERA,
		template_name = "",
		lt_grp = 0, srt_grp = 0, usr_flg = 0,
		flags = HIDDEN,
		spatialprops =
		{
			pos = { -2.422462, 1.668035, -0.906843 },
			orient = { {  0.907289,  0.000000, -0.420508 },
					   { -0.042360,  0.994913, -0.091396 },
					   {  0.418369,  0.100735,  0.902674 } }
		},
		cameraprops =
		{
			fovh = 25,
			hvaspect = 1.85,
			nearplane = 0.2,
			farplane = 5000
		}
	},

	{
		entity_name = "Zs/NPC/mFloor2/01/ACU/Camera",
		type = CAMERA,
		template_name = "",
		lt_grp = 0, srt_grp = 0, usr_flg = 0,
		flags = HIDDEN,
		spatialprops =
		{
			pos = { -2.548007, 1.683105, -1.174065 },
			orient = { {  0.839623,  0.000000, -0.543170 },
					   { -0.039212,  0.997391, -0.060613 },
					   {  0.541752,  0.072191,  0.837432 } }
		},
		cameraprops =
		{
			fovh = 25,
			hvaspect = 1.85,
			nearplane = 0.2,
			farplane = 5000
		}
	},

	{
		entity_name = "Zs/NPC/mFloor2/01/PC2/Camera",
		type = CAMERA,
		template_name = "",
		lt_grp = 0, srt_grp = 0, usr_flg = 0,
		flags = HIDDEN,
		spatialprops =
		{
			pos = { -4.020542, 1.692124, -0.982799 },
			orient = { {  0.397652,  0.000000,  0.917536 },
					   {  0.164352,  0.983827, -0.071229 },
					   { -0.902697,  0.179123,  0.391221 } }
		},
		cameraprops =
		{
			fovh = 30,
			hvaspect = 1.85,
			nearplane = 0.2,
			farplane = 50000
		}
	},

	{
		entity_name = "Zs/NPC/mFloor2/01/PCO/Camera",
		type = CAMERA,
		template_name = "",
		lt_grp = 0, srt_grp = 0, usr_flg = 0,
		flags = HIDDEN,
		spatialprops =
		{
			pos = { -3.616488, 1.678362, -1.730852 },
			orient = { { -0.147262,  0.000000,  0.989098 },
					   {  0.124854,  0.992001,  0.018589 },
					   { -0.981186,  0.126231, -0.146084 } }
		},
		cameraprops =
		{
			fovh = 25,
			hvaspect = 1.85,
			nearplane = 0.2,
			farplane = 50000
		}
	},

	{
		entity_name = "Zs/NPC/mFloor2/01/PCS/Camera",
		type = CAMERA,
		template_name = "",
		lt_grp = 0, srt_grp = 0, usr_flg = 0,
		flags = HIDDEN,
		spatialprops =
		{
			pos = { -3.435696, 1.708177, -1.573659 },
			orient = { { -0.084400,  0.000000,  0.996432 },
					   {  0.140899,  0.989952,  0.011934 },
					   { -0.986420,  0.141404, -0.083552 } }
		},
		cameraprops =
		{
			fovh = 25,
			hvaspect = 1.85,
			nearplane = 0.2,
			farplane = 100000
		}
	},

	{
		entity_name = "Zs/NPC/mFloor2/01/PCU/Camera",
		type = CAMERA,
		template_name = "",
		lt_grp = 0, srt_grp = 0, usr_flg = 0,
		flags = HIDDEN,
		spatialprops =
		{
			pos = { -2.915468, 1.714673, -1.428966 },
			orient = { { -0.167174,  0.000000,  0.985927 },
					   {  0.096501,  0.995198,  0.016363 },
					   { -0.981193,  0.097878, -0.166372 } }
		},
		cameraprops =
		{
			fovh = 25,
			hvaspect = 1.85,
			nearplane = 0.2,
			farplane = 50000
		}
	},

	{
		entity_name = "Zs/NPC/mFloor2/01/TCI/Camera",
		type = CAMERA,
		template_name = "",
		lt_grp = 0, srt_grp = 0, usr_flg = 0,
		flags = HIDDEN,
		spatialprops =
		{
			pos = { -2.219627, 2.15958, -0.734642 },
			orient = { {  0.718369,  0.000000, -0.695663 },
					   { -0.485651,  0.715988, -0.501502 },
					   {  0.498086,  0.698113,  0.514343 } }
		},
		cameraprops =
		{
			fovh = 15,
			hvaspect = 1.85,
			nearplane = 0.2,
			farplane = 5000
		}
	},

	{
		entity_name = "Zs/NPC/mFloor2/02/AC2/Camera",
		type = CAMERA,
		template_name = "",
		lt_grp = 0, srt_grp = 0, usr_flg = 0,
		flags = HIDDEN,
		spatialprops =
		{
			pos = { 2.488331, 1.671394, 1.287879 },
			orient = { {  0.275747,  0.000000,  0.961230 },
					   {  0.199513,  0.978222, -0.057234 },
					   { -0.940297,  0.207560,  0.269742 } }
		},
		cameraprops =
		{
			fovh = 30,
			hvaspect = 1.85,
			nearplane = 0.2,
			farplane = 50000
		}
	},

	{
		entity_name = "Zs/NPC/mFloor2/02/ACOH/Camera",
		type = CAMERA,
		template_name = "",
		lt_grp = 0, srt_grp = 0, usr_flg = 0,
		flags = HIDDEN,
		spatialprops =
		{
			pos = { 3.706294, 1.698918, 0.091822 },
			orient = { { -0.565921,  0.000000,  0.824459 },
					   {  0.126113,  0.988232,  0.086566 },
					   { -0.814757,  0.152964, -0.559261 } }
		},
		cameraprops =
		{
			fovh = 25,
			hvaspect = 1.85,
			nearplane = 0.2,
			farplane = 50000
		}
	},

	{
		entity_name = "Zs/NPC/mFloor2/02/ACS/Camera",
		type = CAMERA,
		template_name = "",
		lt_grp = 0, srt_grp = 0, usr_flg = 0,
		flags = HIDDEN,
		spatialprops =
		{
			pos = { 3.980619, 1.611844, 0.498993 },
			orient = { { -0.497548, -0.000001,  0.867437 },
					   {  0.051512,  0.998235,  0.029548 },
					   { -0.865906,  0.059385, -0.496670 } }
		},
		cameraprops =
		{
			fovh = 25,
			hvaspect = 1.85,
			nearplane = 0.2,
			farplane = 50000
		}
	},

	{
		entity_name = "Zs/NPC/mFloor2/02/ACU/Camera",
		type = CAMERA,
		template_name = "",
		lt_grp = 0, srt_grp = 0, usr_flg = 0,
		flags = HIDDEN,
		spatialprops =
		{
			pos = { 4.099543, 1.668259, 0.673308 },
			orient = { { -0.511037,  0.000000,  0.859559 },
					   {  0.028486,  0.999451,  0.016936 },
					   { -0.859087,  0.033141, -0.510756 } }
		},
		cameraprops =
		{
			fovh = 25,
			hvaspect = 1.85,
			nearplane = 0.2,
			farplane = 50000
		}
	},

	{
		entity_name = "Zs/NPC/mFloor2/02/PC2/Camera",
		type = CAMERA,
		template_name = "",
		lt_grp = 0, srt_grp = 0, usr_flg = 0,
		flags = HIDDEN,
		spatialprops =
		{
			pos = { 3.824975, 1.649773, 2.322999 },
			orient = { {  0.890544,  0.000000,  0.454897 },
					   {  0.075466,  0.986143, -0.147738 },
					   { -0.448593,  0.165896,  0.878204 } }
		},
		cameraprops =
		{
			fovh = 30,
			hvaspect = 1.85,
			nearplane = 0.2,
			farplane = 50000
		}
	},

	{
		entity_name = "Zs/NPC/mFloor2/02/PCO/Camera",
		type = CAMERA,
		template_name = "",
		lt_grp = 0, srt_grp = 0, usr_flg = 0,
		flags = HIDDEN,
		spatialprops =
		{
			pos = { 4.920973, 1.736646, 1.815861 },
			orient = { {  0.960608,  0.000000, -0.277905 },
					   { -0.052183,  0.982212, -0.180377 },
					   {  0.272962,  0.187774,  0.943521 } }
		},
		cameraprops =
		{
			fovh = 25,
			hvaspect = 1.85,
			nearplane = 0.2,
			farplane = 50000
		}
	},

	{
		entity_name = "Zs/NPC/mFloor2/02/PCS/Camera",
		type = CAMERA,
		template_name = "",
		lt_grp = 0, srt_grp = 0, usr_flg = 0,
		flags = HIDDEN,
		spatialprops =
		{
			pos = { 4.58939, 1.639181, 1.371976 },
			orient = { {  0.975425,  0.000000, -0.220331 },
					   { -0.017134,  0.996972, -0.075854 },
					   {  0.219663,  0.077765,  0.972471 } }
		},
		cameraprops =
		{
			fovh = 25,
			hvaspect = 1.85,
			nearplane = 0.2,
			farplane = 5000
		}
	},

	{
		entity_name = "Zs/NPC/mFloor2/02/PCU/Camera",
		type = CAMERA,
		template_name = "",
		lt_grp = 0, srt_grp = 0, usr_flg = 0,
		flags = HIDDEN,
		spatialprops =
		{
			pos = { 4.449555, 1.701251, 0.981755 },
			orient = { {  0.972624,  0.000000, -0.232385 },
					   { -0.017041,  0.997308, -0.071324 },
					   {  0.231759,  0.073331,  0.970005 } }
		},
		cameraprops =
		{
			fovh = 25,
			hvaspect = 1.85,
			nearplane = 0.2,
			farplane = 5000
		}
	},

	{
		entity_name = "Zs/NPC/mFloor2/02/TCI/Camera",
		type = CAMERA,
		template_name = "",
		lt_grp = 0, srt_grp = 0, usr_flg = 0,
		flags = HIDDEN,
		spatialprops =
		{
			pos = { 3.795064, 1.903228, 0.601524 },
			orient = { { -0.386937,  0.000000,  0.922106 },
					   {  0.567046,  0.788569,  0.237945 },
					   { -0.727144,  0.614946, -0.305127 } }
		},
		cameraprops =
		{
			fovh = 15,
			hvaspect = 1.85,
			nearplane = 0.2,
			farplane = 5000
		}
	},

	{
		entity_name = "Zs/NPC/mFloor2/02/WFC/Camera",
		type = CAMERA,
		template_name = "",
		lt_grp = 0, srt_grp = 0, usr_flg = 0,
		flags = HIDDEN,
		spatialprops =
		{
			pos = { 0.930398, 0.841441, 1.667055 },
			orient = { {  0.357907,  0.000000,  0.933757 },
					   { -0.138718,  0.988904,  0.053170 },
					   { -0.923396, -0.148559,  0.353936 } }
		},
		cameraprops =
		{
			fovh = 30,
			hvaspect = 1.85,
			nearplane = 0.2,
			farplane = 50000
		}
	},

	{
		entity_name = "Zs/NPC/mFloor2/01/WFC/Camera",
		type = CAMERA,
		template_name = "",
		lt_grp = 0, srt_grp = 0, usr_flg = 0,
		flags = HIDDEN,
		spatialprops =
		{
			pos = { -6.185372, 0.746538, 2.671522 },
			orient = { {  0.765925,  0.000000,  0.642930 },
					   { -0.088230,  0.990539,  0.105109 },
					   { -0.636848, -0.137231,  0.758678 } }
		},
		cameraprops =
		{
			fovh = 30,
			hvaspect = 1.85,
			nearplane = 0.2,
			farplane = 50000
		}
	},

	{
		entity_name = "Set_Pl_03_Bar",
		type = COMPOUND,
		template_name = "li_09_depot",
		lt_grp = 0, srt_grp = 0, usr_flg = 0,
		flags = LIT_AMBIENT,
		spatialprops =
		{
			pos = { 0, 0, 0 },
			orient = { { 1, 0, 0 }, { 0, 1, 0 }, { 0, 0, 1 } }
		},
		userprops =
		{
			category = "Room",
		}
	},

	{
		entity_name = "Camera_0",
		type = CAMERA,
		template_name = "",
		lt_grp = 0, srt_grp = 0, usr_flg = 0,
		spatialprops =
		{
			pos = { -9.7723, 2.688908, 6.296179 },
			orient = { {  0.715602,  0.000000,  0.698509 },
					   {  0.037905,  0.998527, -0.038832 },
					   { -0.697479,  0.054265,  0.714547 } }
		},
		cameraprops =
		{
			fovh = 30,
			hvaspect = 1.333333,
			nearplane = 1,
			farplane = 30000
		}
	},

	{
		entity_name = "Camera_Wide",
		type = CAMERA,
		template_name = "",
		lt_grp = 0, srt_grp = 0, usr_flg = 0,
		spatialprops =
		{
			pos = { -8.454015, 2.790312, 8.103285 },
			orient = { {  0.722613,  0.000000,  0.691253 },
					   { -0.005660,  0.999967,  0.005916 },
					   { -0.691230, -0.008188,  0.722589 } }
		},
		cameraprops =
		{
			fovh = 35,
			hvaspect = 1.333333,
			nearplane = 0.1,
			farplane = 30000
		}
	},

	{
		entity_name = "LtShadowSource",
		type = LIGHT,
		template_name = "",
		lt_grp = 0, srt_grp = 0, usr_flg = 0,
		spatialprops =
		{
			pos = { 0, 0, 0 },
			orient = { {  0.999998,  0.000000, -0.001769 },
					   {  0.001769, -0.002306,  0.999996 },
					   { -0.000004, -0.999997, -0.002306 } }
		},
		lightprops =
		{
			on = N,
			color = { 255, 255, 255 },
			diffuse = { 0, 0, 0 },
			specular = { 0, 0, 0 },
			ambient = { 0, 0, 0 },
			direction = { 0, 0, 1 },
			range = 2000,
			cutoff = 98.99998,
			type = L_DIRECT,
			theta = 90,
			atten = { 1, 0, 4e-006 }
		}
	},

	{
		entity_name = "LtGlareSource",
		type = LIGHT,
		template_name = "",
		lt_grp = 0, srt_grp = 0, usr_flg = 0,
		spatialprops =
		{
			pos = { -9.7723, 12.68891, 6.296179 },
			orient = { {  0.724699,  0.000000,  0.689066 },
					   {  0.043398,  0.998015, -0.045642 },
					   { -0.687698,  0.062980,  0.723260 } }
		},
		lightprops =
		{
			on = N,
			color = { 255, 255, 255 },
			diffuse = { 0.74902, 0.74902, 0.74902 },
			specular = { 0, 0, 0 },
			ambient = { 0, 0, 0 },
			direction = { 0, 0, 1 },
			range = 2000,
			cutoff = 98.99998,
			type = L_POINT,
			theta = 90,
			atten = { 1, 0, 4e-006 }
		}
	},

	{
		entity_name = "li_table_round_1",
		type = COMPOUND,
		template_name = "li_table_round",
		lt_grp = 0, srt_grp = 0, usr_flg = 0,
		flags = LIT_DYNAMIC,
		spatialprops =
		{
			pos = { 3.462287, 0, -3.791593 },
			orient = { {  0.760878,  0.000000, -0.648895 },
					   {  0.000000,  1.000000,  0.000000 },
					   {  0.648895,  0.000000,  0.760878 } }
		},
		userprops =
		{
			category = "Prop",
		}
	},

	{
		entity_name = "li_table_round_2",
		type = COMPOUND,
		template_name = "li_table_round",
		lt_grp = 0, srt_grp = 0, usr_flg = 0,
		flags = LIT_DYNAMIC,
		spatialprops =
		{
			pos = { -3.537018, 0, -3.791593 },
			orient = { {  0.760878,  0.000000, -0.648895 },
					   {  0.000000,  1.000000,  0.000000 },
					   {  0.648895,  0.000000,  0.760878 } }
		},
		userprops =
		{
			category = "Prop",
		}
	},

	{
		entity_name = "li_table_round_3",
		type = COMPOUND,
		template_name = "li_table_round",
		lt_grp = 0, srt_grp = 0, usr_flg = 0,
		flags = LIT_DYNAMIC,
		spatialprops =
		{
			pos = { -3.537018, 0, 3.788198 },
			orient = { {  0.760878,  0.000000, -0.648895 },
					   {  0.000000,  1.000000,  0.000000 },
					   {  0.648895,  0.000000,  0.760878 } }
		},
		userprops =
		{
			category = "Prop",
		}
	},

	{
		entity_name = "li_table_round_4",
		type = COMPOUND,
		template_name = "li_table_round",
		lt_grp = 0, srt_grp = 0, usr_flg = 0,
		flags = LIT_DYNAMIC,
		spatialprops =
		{
			pos = { 3.752435, 0, 3.993148 },
			orient = { {  0.658864,  0.000000, -0.752262 },
					   {  0.000000,  1.000000,  0.000000 },
					   {  0.752262,  0.000000,  0.658864 } }
		},
		userprops =
		{
			category = "Prop",
		}
	},

	{
		entity_name = "Zs/NPC/Bartender/01/A/Stand",
		type = MARKER,
		template_name = "",
		lt_grp = 0, srt_grp = 0, usr_flg = 0,
		spatialprops =
		{
			pos = { -3.074168, 0, 2.255091 },
			orient = { {  0.917146,  0.000000,  0.398550 },
					   {  0.000000,  1.000000,  0.000000 },
					   { -0.398550,  0.000000,  0.917146 } }
		}
	},

	{
		entity_name = "Set_pl_03_planetscape_7",
		type = COMPOUND,
		template_name = "pl_03_planetscape",
		lt_grp = 0, srt_grp = 0, usr_flg = 0,
		flags = LIT_DYNAMIC,
		spatialprops =
		{
			pos = { 52.43899, -12.01232, 0 },
			orient = { { -0.004724,  0.000000,  0.999989 },
					   {  0.000000,  1.000000,  0.000000 },
					   { -0.999989,  0.000000, -0.004724 } }
		},
		userprops =
		{
			category = "Room",
		}
	},

	{
		entity_name = "Prop_PlayerShip",
		type = COMPOUND,
		template_name = "PlayerShip",
		lt_grp = 0, srt_grp = 0, usr_flg = 0,
		flags = LIT_DYNAMIC,
		spatialprops =
		{
			pos = { 53.02966, -6.807936, -0.686475 },
			orient = { { -0.865914,  0.000000, -0.500192 },
					   {  0.000000,  1.000000,  0.000000 },
					   {  0.500192,  0.000000, -0.865914 } }
		},
		userprops =
		{
			category = "Spaceship",
		}
	},

	{
		entity_name = "Prop_Ship02_L_elite",
		type = COMPOUND,
		template_name = "rtcprop_l_elite",
		lt_grp = 0, srt_grp = 0, usr_flg = 0,
		flags = LIT_DYNAMIC,
		spatialprops =
		{
			pos = { 43.19617, -8.230377, -62.36066 },
			orient = { {  0.341199,  0.000000, -0.939991 },
					   {  0.000000,  1.000000,  0.000000 },
					   {  0.939991,  0.000000,  0.341199 } }
		},
		userprops =
		{
			category = "Spaceship",
			Priority = "FG_Ship_2",
		}
	},

	{
		entity_name = "Zg/NPC/mTable1/01/A/SitLow",
		type = MARKER,
		template_name = "",
		lt_grp = 0, srt_grp = 0, usr_flg = 0,
		spatialprops =
		{
			pos = { 4.12258, 0, -2.996131 },
			orient = { {  0.760878,  0.000000, -0.648895 },
					   {  0.000000,  1.000000,  0.000000 },
					   {  0.648895,  0.000000,  0.760878 } }
		}
	},

	{
		entity_name = "Zg/NPC/mTable1/02/A/SitLow",
		type = MARKER,
		template_name = "",
		lt_grp = 0, srt_grp = 0, usr_flg = 0,
		spatialprops =
		{
			pos = { 4.505229, 0, 4.657661 },
			orient = { {  0.642649,  0.000000, -0.766161 },
					   {  0.000000,  1.000000,  0.000000 },
					   {  0.766161,  0.000000,  0.642649 } }
		}
	},

	{
		entity_name = "Zg/NPC/mTable1/03/A/SitLow",
		type = MARKER,
		template_name = "",
		lt_grp = 0, srt_grp = 0, usr_flg = 0,
		spatialprops =
		{
			pos = { -4.212288, 0, -4.539569 },
			orient = { { -0.780674,  0.000000,  0.624939 },
					   {  0.000000,  1.000000,  0.000000 },
					   { -0.624939,  0.000000, -0.780674 } }
		}
	},

	{
		entity_name = "Zg/NPC/mTable1/04/A/SitLow",
		type = MARKER,
		template_name = "",
		lt_grp = 0, srt_grp = 0, usr_flg = 0,
		spatialprops =
		{
			pos = { -2.87052, 0, 4.568399 },
			orient = { {  0.764118,  0.000000, -0.645076 },
					   {  0.000000,  1.000000,  0.000000 },
					   {  0.645076,  0.000000,  0.764118 } }
		}
	},

	{
		entity_name = "X/Shipcentre/01",
		type = MARKER,
		template_name = "",
		lt_grp = 0, srt_grp = 0, usr_flg = 0,
		spatialprops =
		{
			pos = { 53.91133, -9.127667, 10.57547 },
			orient = { { -0.371335,  0.000000,  0.928499 },
					   {  0.000000,  1.000000,  0.000000 },
					   { -0.928499,  0.000000, -0.371335 } }
		}
	},

	{
		entity_name = "X/Shipcentre/02",
		type = MARKER,
		template_name = "",
		lt_grp = 0, srt_grp = 0, usr_flg = 0,
		spatialprops =
		{
			pos = { 60.48949, -9.127667, -51.79977 },
			orient = { { -0.894252,  0.000000, -0.447564 },
					   {  0.000000,  1.000000,  0.000000 },
					   {  0.447564,  0.000000, -0.894252 } }
		}
	},

	{
		entity_name = "PHolder_Title_Temp_1",
		type = COMPOUND,
		template_name = "PHolder_Title_Temp",
		lt_grp = 0, srt_grp = 0, usr_flg = 0,
		flags = LIT_DYNAMIC + LIT_AMBIENT,
		spatialprops =
		{
			pos = { -8.999706, 2.99849, 4.96922 },
			orient = { {  0.718510,  0.000000,  0.695516 },
					   { -0.694952,  0.040282,  0.717927 },
					   { -0.028017, -0.999188,  0.028943 } }
		},
		userprops =
		{
			category = "Prop",
		}
	},

	{
		entity_name = "Lonnigan_news_screen",
		type = COMPOUND,
		template_name = "Lonnigan_news_screen",
		lt_grp = 0, srt_grp = 0, usr_flg = 0,
		flags = LIT_DYNAMIC + LIT_AMBIENT,
		spatialprops =
		{
			pos = { 0.858792, 1.760991, -9.860895 },
			orient = { { -0.006260,  0.000000,  0.999980 },
					   {  0.002014,  0.999998,  0.000012 },
					   { -0.999978,  0.002014, -0.006260 } }
		},
		userprops =
		{
			category = "Prop",
		}
	},

	{
		entity_name = "Zs/NPC/Bartender/01/AC2/Camera",
		type = CAMERA,
		template_name = "",
		lt_grp = 0, srt_grp = 0, usr_flg = 0,
		spatialprops =
		{
			pos = { -3.726041, 1.677214, 0.409677 },
			orient = { { -0.772243,  0.000000,  0.635327 },
					   {  0.107376,  0.985614,  0.130516 },
					   { -0.626188,  0.169009, -0.761134 } }
		},
		cameraprops =
		{
			fovh = 30,
			hvaspect = 1.85,
			nearplane = 0.2,
			farplane = 1000
		}
	},

	{
		entity_name = "Zs/NPC/Bartender/01/ACOH/Camera",
		type = CAMERA,
		template_name = "",
		lt_grp = 0, srt_grp = 0, usr_flg = 0,
		spatialprops =
		{
			pos = { -2.462398, 1.7645, 0.609201 },
			orient = { { -0.991995,  0.000000, -0.126280 },
					   { -0.022588,  0.983872,  0.177442 },
					   {  0.124243,  0.178874, -0.975996 } }
		},
		cameraprops =
		{
			fovh = 25,
			hvaspect = 1.85,
			nearplane = 0.2,
			farplane = 1000
		}
	},

	{
		entity_name = "Zs/NPC/Bartender/01/ACS/Camera",
		type = CAMERA,
		template_name = "",
		lt_grp = 0, srt_grp = 0, usr_flg = 0,
		spatialprops =
		{
			pos = { -2.73129, 1.596471, 0.97496 },
			orient = { { -0.995991,  0.000000, -0.089458 },
					   { -0.002975,  0.999447,  0.033118 },
					   {  0.089408,  0.033251, -0.995440 } }
		},
		cameraprops =
		{
			fovh = 25,
			hvaspect = 1.85,
			nearplane = 0.2,
			farplane = 1000
		}
	},

	{
		entity_name = "Zs/NPC/Bartender/01/PC2/Camera",
		type = CAMERA,
		template_name = "",
		lt_grp = 0, srt_grp = 0, usr_flg = 0,
		spatialprops =
		{
			pos = { -4.286786, 1.731246, 1.662572 },
			orient = { { -0.054059,  0.000000,  0.998538 },
					   {  0.208438,  0.977970,  0.011285 },
					   { -0.976540,  0.208743, -0.052868 } }
		},
		cameraprops =
		{
			fovh = 30,
			hvaspect = 1.85,
			nearplane = 0.2,
			farplane = 1000
		}
	},

	{
		entity_name = "Zs/NPC/Bartender/01/PCO/Camera",
		type = CAMERA,
		template_name = "",
		lt_grp = 0, srt_grp = 0, usr_flg = 0,
		spatialprops =
		{
			pos = { -3.573862, 1.790054, 2.334403 },
			orient = { {  0.498253,  0.000000,  0.867032 },
					   {  0.181228,  0.977911, -0.104145 },
					   { -0.847880,  0.209021,  0.487247 } }
		},
		cameraprops =
		{
			fovh = 25,
			hvaspect = 1.85,
			nearplane = 0.2,
			farplane = 1000
		}
	},

	{
		entity_name = "Zs/NPC/Bartender/01/PCS/Camera",
		type = CAMERA,
		template_name = "",
		lt_grp = 0, srt_grp = 0, usr_flg = 0,
		spatialprops =
		{
			pos = { -3.286808, 1.614689, 1.970918 },
			orient = { {  0.513876,  0.000000,  0.857865 },
					   {  0.047948,  0.998437, -0.028722 },
					   { -0.856524,  0.055893,  0.513072 } }
		},
		cameraprops =
		{
			fovh = 25,
			hvaspect = 1.85,
			nearplane = 0.2,
			farplane = 1000
		}
	},

	{
		entity_name = "Zs/NPC/Bartender/01/WFC/Camera",
		type = CAMERA,
		template_name = "",
		lt_grp = 0, srt_grp = 0, usr_flg = 0,
		spatialprops =
		{
			pos = { -6.060727, 0.640041, -0.157158 },
			orient = { { -0.539441,  0.000000,  0.842024 },
					   { -0.068602,  0.996676, -0.043950 },
					   { -0.839224, -0.081473, -0.537647 } }
		},
		cameraprops =
		{
			fovh = 30,
			hvaspect = 1.85,
			nearplane = 0.2,
			farplane = 1000
		}
	},

	{
		entity_name = "Zs/NPC/Bartender/01/P/Stand",
		type = MARKER,
		template_name = "",
		lt_grp = 0, srt_grp = 0, usr_flg = 0,
		spatialprops =
		{
			pos = { -1.216571, 0, -0.03607 },
			orient = { { -0.699839,  0.000000, -0.714300 },
					   {  0.000000,  1.000000,  0.000000 },
					   {  0.714300,  0.000000, -0.699839 } }
		}
	},

	{
		entity_name = "Zs/NPC/Bartender/01/P2/Stand",
		type = MARKER,
		template_name = "",
		lt_grp = 0, srt_grp = 0, usr_flg = 0,
		spatialprops =
		{
			pos = { -2.416587, 0, 1.111093 },
			orient = { { -0.699839,  0.000000, -0.714300 },
					   {  0.000000,  1.000000,  0.000000 },
					   {  0.714300,  0.000000, -0.699839 } }
		}
	}
};

events =
{
	{
		0.000, START_FOG_PROP_ANIM, { "Layer_Pl_03_Bar_hardpoint" },
		{
			duration = 0.100,
			fogprops =
			{
				fogon = Y,
				fogtable = N,
				fogcolor = { 111, 111, 111 },
				fogmode = F_LINEAR,
				fogstart = -100,
				fogend = 2000,
				fogdensity = 0.1
			}
		}
	},

	{
		0.000, ATTACH_ENTITY, { "Lonnigan_news_screen", "Set_Pl_03_Bar" },
		{
			duration = 40.000,
			offset = { 0, 0, 0 },
			up = Y_AXIS,
			front = NEG_Z_AXIS,
			target_part = "NewsVendor_ni",
			target_type = PART,
			flags = POSITION + ORIENTATION
		}
	}
};
