duration = 60.187;

entities =
{

	{
		entity_name = "Camera_Equip_Desk",
		type = CAMERA,
		template_name = "",
		lt_grp = 0, srt_grp = 0, usr_flg = 0,
		spatialprops =
		{
			pos = { 13.40949, 1.263237, 12.29129 },
			orient = { {  0.793187,  0.000000, -0.608978 },
					   {  0.103690,  0.985398,  0.135055 },
					   {  0.600085, -0.170268,  0.781605 } }
		},
		cameraprops =
		{
			fovh = 30,
			hvaspect = 1.333333,
			nearplane = 0.1,
			farplane = 100000
		}
	},

	{
		entity_name = "LtShadowSource",
		type = LIGHT,
		template_name = "",
		lt_grp = 0, srt_grp = 0, usr_flg = 0,
		spatialprops =
		{
			pos = { 0.441345, -1.622984, 1.088021 },
			orient = { {  0.965904,  0.000000,  0.258902 },
					   { -0.152279,  0.808733,  0.568121 },
					   { -0.209382, -0.588176,  0.781159 } }
		},
		lightprops =
		{
			on = N,
			color = { 0, 0, 0 },
			diffuse = { 0, 0, 0 },
			specular = { 0, 0, 0 },
			ambient = { 0, 0, 0 },
			direction = { 0, 0, 1 },
			range = 2000,
			cutoff = 90,
			type = L_DIRECT,
			theta = 90,
			atten = { 1, 0, 4e-006 }
		}
	},

	{
		entity_name = "Zs/NPC/Equipment/01/A/Stand",
		type = MARKER,
		template_name = "",
		lt_grp = 0, srt_grp = 0, usr_flg = 0,
		spatialprops =
		{
			pos = { 10.55827, 0, 6.149594 },
			orient = { { -0.396941,  0.000000,  0.917844 },
					   {  0.000000,  1.000000,  0.000000 },
					   { -0.917844,  0.000000, -0.396941 } }
		}
	},

	{
		entity_name = "X/Shipcentre/01",
		type = MARKER,
		template_name = "",
		lt_grp = 0, srt_grp = 0, usr_flg = 0,
		spatialprops =
		{
			pos = { 0.012363, 0, 0.010679 },
			orient = { { -0.371334,  0.000000,  0.928500 },
					   {  0.000000,  1.000000,  0.000000 },
					   { -0.928500,  0.000000, -0.371334 } }
		}
	},

	{
		entity_name = "Player_Equip",
		type = MARKER,
		template_name = "",
		lt_grp = 0, srt_grp = 0, usr_flg = 0,
		spatialprops =
		{
			pos = { 11.65523, 0, 6.285855 },
			orient = { {  0.146491,  0.000000, -0.989212 },
					   {  0.000000,  1.000000,  0.000000 },
					   {  0.989212,  0.000000,  0.146491 } }
		}
	},

	{
		entity_name = "Layer_Pl_03_Pad_Hardpoint",
		type = SCENE,
		template_name = "",
		lt_grp = 0, srt_grp = 0, usr_flg = 0,
		spatialprops =
		{
			pos = { 0, 0, 0 },
			orient = { { 1, 0, 0 }, { 0, 1, 0 }, { 0, 0, 1 } }
		},
		up = Y_AXIS,
		front = Z_AXIS,
		ambient = { 71, 71, 120 }
	},

	{
		entity_name = "LtGlareSource",
		type = LIGHT,
		template_name = "",
		lt_grp = 0, srt_grp = 0, usr_flg = 0,
		spatialprops =
		{
			pos = { 124.4921, 43.32776, 11.44533 },
			orient = { {  0.060003,  0.000000, -0.998198 },
					   { -0.128263,  0.991710, -0.007710 },
					   {  0.989923,  0.128494,  0.059506 } }
		},
		lightprops =
		{
			on = N,
			color = { 255, 255, 255 },
			diffuse = { 0.164706, 0.164706, 0.164706 },
			specular = { 0, 0, 0 },
			ambient = { 0, 0, 0 },
			direction = { 0, 0, 1 },
			range = 2000,
			cutoff = 98.99998,
			type = L_POINT,
			theta = 90,
			atten = { 1, 0, 4e-006 }
		}
	},

	{
		entity_name = "Zg/NPC/mFloor1/01/A/Stand",
		type = MARKER,
		template_name = "",
		lt_grp = 0, srt_grp = 0, usr_flg = 0,
		spatialprops =
		{
			pos = { 0.497178, 0, 4.184569 },
			orient = { { -0.996305,  0.000000,  0.085886 },
					   {  0.000000,  1.000000,  0.000000 },
					   { -0.085886,  0.000000, -0.996305 } }
		}
	},

	{
		entity_name = "Zs/NPC/Shipdealer/01/A/Stand",
		type = MARKER,
		template_name = "",
		lt_grp = 0, srt_grp = 0, usr_flg = 0,
		spatialprops =
		{
			pos = { -52.95219, 0, 15.91012 },
			orient = { { -0.542946,  0.000000,  0.839767 },
					   {  0.000000,  1.000000,  0.000000 },
					   { -0.839767,  0.000000, -0.542946 } }
		}
	},

	{
		entity_name = "Zg/NPC/mFloor1/02/A/Stand",
		type = MARKER,
		template_name = "",
		lt_grp = 0, srt_grp = 0, usr_flg = 0,
		spatialprops =
		{
			pos = { 12.39039, 0, -6.586789 },
			orient = { { -0.864803,  0.000000, -0.502111 },
					   {  0.000000,  1.000000,  0.000000 },
					   {  0.502111,  0.000000, -0.864803 } }
		}
	},

	{
		entity_name = "Player_Ship",
		type = MARKER,
		template_name = "",
		lt_grp = 3, srt_grp = 0, usr_flg = 0,
		spatialprops =
		{
			pos = { -51.64842, 0, 16.56328 },
			orient = { {  0.340169,  0.000000, -0.940364 },
					   {  0.000000,  1.000000,  0.000000 },
					   {  0.940364,  0.000000,  0.340169 } }
		}
	},

	{
		entity_name = "Zs/NPC/mFloor1/01/P/Stand",
		type = MARKER,
		template_name = "",
		lt_grp = 0, srt_grp = 0, usr_flg = 0,
		spatialprops =
		{
			pos = { 0.350539, -0.0054, 6.005047 },
			orient = { {  0.955426,  0.000000,  0.295230 },
					   {  0.000000,  1.000000,  0.000000 },
					   { -0.295230,  0.000000,  0.955426 } }
		}
	},

	{
		entity_name = "Zs/NPC/mFloor1/01/P2/Stand",
		type = MARKER,
		template_name = "",
		lt_grp = 0, srt_grp = 0, usr_flg = 0,
		spatialprops =
		{
			pos = { 0.463186, 0, 5.503655 },
			orient = { {  0.955426,  0.000000,  0.295230 },
					   {  0.000000,  1.000000,  0.000000 },
					   { -0.295230,  0.000000,  0.955426 } }
		}
	},

	{
		entity_name = "Zs/NPC/mFloor1/02/P/Stand",
		type = MARKER,
		template_name = "",
		lt_grp = 0, srt_grp = 0, usr_flg = 0,
		spatialprops =
		{
			pos = { 11.22445, -0.0054, -5.181006 },
			orient = { {  0.612382,  0.000000,  0.790562 },
					   {  0.000000,  1.000000,  0.000000 },
					   { -0.790562,  0.000000,  0.612382 } }
		}
	},

	{
		entity_name = "Zs/NPC/mFloor1/02/P2/Stand",
		type = MARKER,
		template_name = "",
		lt_grp = 0, srt_grp = 0, usr_flg = 0,
		spatialprops =
		{
			pos = { 11.60471, 0, -5.526668 },
			orient = { {  0.612382,  0.000000,  0.790562 },
					   {  0.000000,  1.000000,  0.000000 },
					   { -0.790562,  0.000000,  0.612382 } }
		}
	},

	{
		entity_name = "Zs/NPC/Trader/01/A/Stand",
		type = MARKER,
		template_name = "",
		lt_grp = 0, srt_grp = 0, usr_flg = 0,
		spatialprops =
		{
			pos = { 20.38828, 0, 2.322962 },
			orient = { { -0.762408,  0.000000,  0.647096 },
					   {  0.000000,  1.000000,  0.000000 },
					   { -0.647096,  0.000000, -0.762408 } }
		}
	},

	{
		entity_name = "Camera_Track_1",
		type = CAMERA,
		template_name = "",
		lt_grp = 0, srt_grp = 0, usr_flg = 0,
		spatialprops =
		{
			pos = { 9.726202, 14, 18.74898 },
			orient = { {  0.992032,  0.000000, -0.125989 },
					   { -0.025266,  0.979685, -0.198943 },
					   {  0.123429,  0.200541,  0.971879 } }
		},
		cameraprops =
		{
			fovh = 40,
			hvaspect = 1.333333,
			nearplane = 0.1,
			farplane = 100000
		}
	},

	{
		entity_name = "Camera_Track_2",
		type = CAMERA,
		template_name = "",
		lt_grp = 0, srt_grp = 0, usr_flg = 0,
		spatialprops =
		{
			pos = { 18.79051, 14, -4.585827 },
			orient = { { -0.569353,  0.000000, -0.822093 },
					   { -0.196704,  0.970953,  0.136230 },
					   {  0.798214,  0.239272, -0.552814 } }
		},
		cameraprops =
		{
			fovh = 40,
			hvaspect = 1.333333,
			nearplane = 0.1,
			farplane = 100000
		}
	},

	{
		entity_name = "Cart_Pl_flat_5_Marker",
		type = MARKER,
		template_name = "",
		lt_grp = 0, srt_grp = 0, usr_flg = 0,
		spatialprops =
		{
			pos = { 1.558241, 0.768267, -7.282153 },
			orient = { {  0.231570,  0.000000, -0.972818 },
					   {  0.000000,  1.000000,  0.000000 },
					   {  0.972818,  0.000000,  0.231570 } }
		}
	},

	{
		entity_name = "Cart_Pl_cart3_Marker",
		type = MARKER,
		template_name = "",
		lt_grp = 0, srt_grp = 0, usr_flg = 0,
		spatialprops =
		{
			pos = { 0.256111, 0.562958, 10.23654 },
			orient = { {  0.611074,  0.000000, -0.791574 },
					   {  0.000000,  1.000000,  0.000000 },
					   {  0.791574,  0.000000,  0.611074 } }
		}
	},

	{
		entity_name = "Zs/NPC/mFloor1/01/AC2/Camera",
		type = CAMERA,
		template_name = "",
		lt_grp = 0, srt_grp = 0, usr_flg = 0,
		flags = HIDDEN,
		spatialprops =
		{
			pos = { 1.948654, 1.677214, 5.497469 },
			orient = { {  0.376889,  0.000000, -0.926258 },
					   { -0.156546,  0.985614, -0.063698 },
					   {  0.912934,  0.169009,  0.371467 } }
		},
		cameraprops =
		{
			fovh = 30,
			hvaspect = 1.85,
			nearplane = 0.2,
			farplane = 25000
		}
	},

	{
		entity_name = "Zs/NPC/mFloor1/01/ACOH/Camera",
		type = CAMERA,
		template_name = "",
		lt_grp = 0, srt_grp = 0, usr_flg = 0,
		flags = HIDDEN,
		spatialprops =
		{
			pos = { 0.838557, 1.746935, 5.883907 },
			orient = { {  0.908382,  0.000000, -0.418141 },
					   { -0.074805,  0.983868, -0.162508 },
					   {  0.411395,  0.178898,  0.893728 } }
		},
		cameraprops =
		{
			fovh = 25,
			hvaspect = 1.85,
			nearplane = 0.2,
			farplane = 25000
		}
	},

	{
		entity_name = "Zs/NPC/mFloor1/01/ACS/Camera",
		type = CAMERA,
		template_name = "",
		lt_grp = 0, srt_grp = 0, usr_flg = 0,
		flags = HIDDEN,
		spatialprops =
		{
			pos = { 0.832169, 1.594347, 5.389765 },
			orient = { {  0.902336,  0.000000, -0.431034 },
					   { -0.014333,  0.999447, -0.030005 },
					   {  0.430795,  0.033253,  0.901837 } }
		},
		cameraprops =
		{
			fovh = 25,
			hvaspect = 1.85,
			nearplane = 0.2,
			farplane = 25000
		}
	},

	{
		entity_name = "Zs/NPC/mFloor1/01/ACU/Camera",
		type = CAMERA,
		template_name = "",
		lt_grp = 0, srt_grp = 0, usr_flg = 0,
		flags = HIDDEN,
		spatialprops =
		{
			pos = { 0.709692, 1.668712, 4.987792 },
			orient = { {  0.935846,  0.000000, -0.352410 },
					   { -0.011682,  0.999450, -0.031021 },
					   {  0.352217,  0.033148,  0.935331 } }
		},
		cameraprops =
		{
			fovh = 25,
			hvaspect = 1.85,
			nearplane = 0.2,
			farplane = 25000
		}
	},

	{
		entity_name = "Zs/NPC/mFloor1/01/PC2/Camera",
		type = CAMERA,
		template_name = "",
		lt_grp = 0, srt_grp = 0, usr_flg = 0,
		flags = HIDDEN,
		spatialprops =
		{
			pos = { 1.845658, 1.731246, 4.128684 },
			orient = { { -0.427609,  0.000000, -0.903964 },
					   { -0.188697,  0.977970,  0.089261 },
					   {  0.884050,  0.208744, -0.418188 } }
		},
		cameraprops =
		{
			fovh = 30,
			hvaspect = 1.85,
			nearplane = 0.2,
			farplane = 25000
		}
	},

	{
		entity_name = "Zs/NPC/mFloor1/01/PCO/Camera",
		type = CAMERA,
		template_name = "",
		lt_grp = 0, srt_grp = 0, usr_flg = 0,
		flags = HIDDEN,
		spatialprops =
		{
			pos = { 0.932918, 1.776642, 3.814862 },
			orient = { { -0.875534,  0.000000, -0.483157 },
					   { -0.098940,  0.978808,  0.179290 },
					   {  0.472919,  0.204778, -0.856980 } }
		},
		cameraprops =
		{
			fovh = 25,
			hvaspect = 1.85,
			nearplane = 0.2,
			farplane = 25000
		}
	},

	{
		entity_name = "Zs/NPC/mFloor1/01/PCS/Camera",
		type = CAMERA,
		template_name = "",
		lt_grp = 0, srt_grp = 0, usr_flg = 0,
		flags = HIDDEN,
		spatialprops =
		{
			pos = { 0.819424, 1.614689, 4.333323 },
			orient = { { -0.889754,  0.000000, -0.456440 },
					   { -0.025515,  0.998436,  0.049738 },
					   {  0.455726,  0.055901, -0.888363 } }
		},
		cameraprops =
		{
			fovh = 25,
			hvaspect = 1.85,
			nearplane = 0.2,
			farplane = 25000
		}
	},

	{
		entity_name = "Zs/NPC/mFloor1/01/PCU/Camera",
		type = CAMERA,
		template_name = "",
		lt_grp = 0, srt_grp = 0, usr_flg = 0,
		flags = HIDDEN,
		spatialprops =
		{
			pos = { 0.664837, 1.69836, 4.785113 },
			orient = { { -0.920934,  0.000000, -0.389719 },
					   { -0.025193,  0.997908,  0.059533 },
					   {  0.388903,  0.064644, -0.919008 } }
		},
		cameraprops =
		{
			fovh = 25,
			hvaspect = 1.85,
			nearplane = 0.2,
			farplane = 25000
		}
	},

	{
		entity_name = "Zs/NPC/mFloor1/01/WFC/Camera",
		type = CAMERA,
		template_name = "",
		lt_grp = 0, srt_grp = 0, usr_flg = 0,
		flags = HIDDEN,
		spatialprops =
		{
			pos = { 3.020889, -0.018027, 5.136447 },
			orient = { {  0.104679,  0.000000, -0.994506 },
					   {  0.361793,  0.931480,  0.038081 },
					   {  0.926363, -0.363792,  0.097506 } }
		},
		cameraprops =
		{
			fovh = 30,
			hvaspect = 1.85,
			nearplane = 0.2,
			farplane = 25000
		}
	},

	{
		entity_name = "Zs/NPC/mFloor1/02/AC2/Camera",
		type = CAMERA,
		template_name = "",
		lt_grp = 0, srt_grp = 0, usr_flg = 0,
		flags = HIDDEN,
		spatialprops =
		{
			pos = { 12.8241, 1.677214, -4.678285 },
			orient = { {  0.840641,  0.000000, -0.541592 },
					   { -0.091534,  0.985614, -0.142076 },
					   {  0.533801,  0.169009,  0.828548 } }
		},
		cameraprops =
		{
			fovh = 30,
			hvaspect = 1.85,
			nearplane = 0.2,
			farplane = 25000
		}
	},

	{
		entity_name = "Zs/NPC/mFloor1/02/ACOH/Camera",
		type = CAMERA,
		template_name = "",
		lt_grp = 0, srt_grp = 0, usr_flg = 0,
		flags = HIDDEN,
		spatialprops =
		{
			pos = { 11.69348, 1.746935, -4.999776 },
			orient = { {  0.983730,  0.000000,  0.179652 },
					   {  0.032139,  0.983868, -0.175987 },
					   { -0.176754,  0.178898,  0.967860 } }
		},
		cameraprops =
		{
			fovh = 25,
			hvaspect = 1.85,
			nearplane = 0.2,
			farplane = 25000
		}
	},

	{
		entity_name = "Zs/NPC/mFloor1/02/ACS/Camera",
		type = CAMERA,
		template_name = "",
		lt_grp = 0, srt_grp = 0, usr_flg = 0,
		flags = HIDDEN,
		spatialprops =
		{
			pos = { 11.97215, 1.594347, -5.407894 },
			orient = { {  0.986189,  0.000000,  0.165625 },
					   {  0.005507,  0.999447, -0.032794 },
					   { -0.165534,  0.033253,  0.985643 } }
		},
		cameraprops =
		{
			fovh = 25,
			hvaspect = 1.85,
			nearplane = 0.2,
			farplane = 25000
		}
	},

	{
		entity_name = "Zs/NPC/mFloor1/02/ACU/Camera",
		type = CAMERA,
		template_name = "",
		lt_grp = 0, srt_grp = 0, usr_flg = 0,
		flags = HIDDEN,
		spatialprops =
		{
			pos = { 12.10285, 1.668712, -5.807269 },
			orient = { {  0.968444,  0.000000,  0.249230 },
					   {  0.008261,  0.999450, -0.032102 },
					   { -0.249093,  0.033148,  0.967912 } }
		},
		cameraprops =
		{
			fovh = 25,
			hvaspect = 1.85,
			nearplane = 0.2,
			farplane = 25000
		}
	},

	{
		entity_name = "Zs/NPC/mFloor1/02/PC2/Camera",
		type = CAMERA,
		template_name = "",
		lt_grp = 0, srt_grp = 0, usr_flg = 0,
		flags = HIDDEN,
		spatialprops =
		{
			pos = { 13.5262, 1.731246, -5.857788 },
			orient = { {  0.169365,  0.000000, -0.985553 },
					   { -0.205728,  0.977970, -0.035354 },
					   {  0.963842,  0.208743,  0.165634 } }
		},
		cameraprops =
		{
			fovh = 30,
			hvaspect = 1.85,
			nearplane = 0.2,
			farplane = 25000
		}
	},

	{
		entity_name = "Zs/NPC/mFloor1/02/PCO/Camera",
		type = CAMERA,
		template_name = "",
		lt_grp = 0, srt_grp = 0, usr_flg = 0,
		flags = HIDDEN,
		spatialprops =
		{
			pos = { 12.95944, 1.776642, -6.639042 },
			orient = { { -0.439024,  0.000000, -0.898475 },
					   { -0.183988,  0.978808,  0.089902 },
					   {  0.879435,  0.204778, -0.429720 } }
		},
		cameraprops =
		{
			fovh = 25,
			hvaspect = 1.85,
			nearplane = 0.2,
			farplane = 25000
		}
	},

	{
		entity_name = "Zs/NPC/mFloor1/02/PCS/Camera",
		type = CAMERA,
		template_name = "",
		lt_grp = 0, srt_grp = 0, usr_flg = 0,
		flags = HIDDEN,
		spatialprops =
		{
			pos = { 12.56868, 1.614689, -6.279896 },
			orient = { { -0.466013,  0.000000, -0.884778 },
					   { -0.049460,  0.998436,  0.026051 },
					   {  0.883394,  0.055901, -0.465285 } }
		},
		cameraprops =
		{
			fovh = 25,
			hvaspect = 1.85,
			nearplane = 0.2,
			farplane = 25000
		}
	},

	{
		entity_name = "Zs/NPC/mFloor1/02/PCU/Camera",
		type = CAMERA,
		template_name = "",
		lt_grp = 0, srt_grp = 0, usr_flg = 0,
		flags = HIDDEN,
		spatialprops =
		{
			pos = { 12.18258, 1.69836, -5.998929 },
			orient = { { -0.529863,  0.000000, -0.848083 },
					   { -0.054823,  0.997908,  0.034253 },
					   {  0.846309,  0.064644, -0.528755 } }
		},
		cameraprops =
		{
			fovh = 25,
			hvaspect = 1.85,
			nearplane = 0.2,
			farplane = 25000
		}
	},

	{
		entity_name = "Zs/NPC/mFloor1/01/TCI/Camera",
		type = CAMERA,
		template_name = "",
		lt_grp = 0, srt_grp = 0, usr_flg = 0,
		flags = HIDDEN,
		spatialprops =
		{
			pos = { 0.971965, 1.903228, 5.430326 },
			orient = { {  0.871608,  0.000000, -0.490203 },
					   { -0.301448,  0.788569, -0.535992 },
					   {  0.386559,  0.614946,  0.687324 } }
		},
		cameraprops =
		{
			fovh = 15,
			hvaspect = 1.85,
			nearplane = 0.2,
			farplane = 25000
		}
	},

	{
		entity_name = "Zs/NPC/mFloor1/02/TCI/Camera",
		type = CAMERA,
		template_name = "",
		lt_grp = 0, srt_grp = 0, usr_flg = 0,
		flags = HIDDEN,
		spatialprops =
		{
			pos = { 12.06327, 1.903228, -5.294378 },
			orient = { {  0.995033,  0.000000,  0.099542 },
					   {  0.061213,  0.788569, -0.611892 },
					   { -0.078496,  0.614946,  0.784653 } }
		},
		cameraprops =
		{
			fovh = 15,
			hvaspect = 1.85,
			nearplane = 0.2,
			farplane = 25000
		}
	},

	{
		entity_name = "Zs/NPC/mFloor1/02/WFC/Camera",
		type = CAMERA,
		template_name = "",
		lt_grp = 0, srt_grp = 0, usr_flg = 0,
		flags = HIDDEN,
		spatialprops =
		{
			pos = { 73.15596, 5.058996, 35.49824 },
			orient = { {  0.456051,  0.000000, -0.889954 },
					   { -0.036392,  0.999164, -0.018649 },
					   {  0.889209,  0.040892,  0.455669 } }
		},
		cameraprops =
		{
			fovh = 29.99999,
			hvaspect = 1.85,
			nearplane = 0.2,
			farplane = 25000
		}
	},

	{
		entity_name = "Camera_Trader_Desk",
		type = CAMERA,
		template_name = "",
		lt_grp = 0, srt_grp = 0, usr_flg = 0,
		spatialprops =
		{
			pos = { 21.83908, 1.027744, 6.275063 },
			orient = { {  0.953634,  0.000000, -0.300968 },
					   {  0.009157,  0.999537,  0.029015 },
					   {  0.300829, -0.030426,  0.953193 } }
		},
		cameraprops =
		{
			fovh = 30,
			hvaspect = 1.333333,
			nearplane = 0.1,
			farplane = 100000
		}
	},

	{
		entity_name = "Camera_Trader_Wide",
		type = CAMERA,
		template_name = "",
		lt_grp = 0, srt_grp = 0, usr_flg = 0,
		spatialprops =
		{
			pos = { 27.13219, 4.020124, 8.698394 },
			orient = { {  0.474709,  0.000000, -0.880143 },
					   { -0.172769,  0.980545, -0.093184 },
					   {  0.863019,  0.196297,  0.465474 } }
		},
		cameraprops =
		{
			fovh = 35,
			hvaspect = 1.333333,
			nearplane = 0.1,
			farplane = 100000
		}
	},

	{
		entity_name = "Camera_Ship_Desk",
		type = CAMERA,
		template_name = "",
		lt_grp = 0, srt_grp = 0, usr_flg = 0,
		spatialprops =
		{
			pos = { -50.21534, 0.668007, 19.26379 },
			orient = { {  0.713960,  0.000000, -0.700186 },
					   {  0.064379,  0.995764,  0.065646 },
					   {  0.697220, -0.091946,  0.710936 } }
		},
		cameraprops =
		{
			fovh = 30,
			hvaspect = 1.333333,
			nearplane = 0.1,
			farplane = 100000
		}
	},

	{
		entity_name = "Zs/NPC/mFloor1/03/ACU/Camera",
		type = CAMERA,
		template_name = "",
		lt_grp = 0, srt_grp = 0, usr_flg = 0,
		flags = HIDDEN,
		spatialprops =
		{
			pos = { -70.02608, 1.701269, 11.40038 },
			orient = { { -0.482553,  0.000000, -0.875867 },
					   { -0.063228,  0.997391,  0.034835 },
					   {  0.873581,  0.072189, -0.481294 } }
		},
		cameraprops =
		{
			fovh = 25,
			hvaspect = 1.85,
			nearplane = 0.2,
			farplane = 25000
		}
	},

	{
		entity_name = "Zs/NPC/mFloor1/03/AC2/Camera",
		type = CAMERA,
		template_name = "",
		lt_grp = 0, srt_grp = 0, usr_flg = 0,
		flags = HIDDEN,
		spatialprops =
		{
			pos = { -68.90894, 1.682559, 12.03512 },
			orient = { {  0.379078,  0.000000, -0.925365 },
					   { -0.172076,  0.982558, -0.070491 },
					   {  0.909225,  0.185955,  0.372466 } }
		},
		cameraprops =
		{
			fovh = 30,
			hvaspect = 1.85,
			nearplane = 0.2,
			farplane = 25000
		}
	},

	{
		entity_name = "Zs/NPC/mFloor1/03/ACOH/Camera",
		type = CAMERA,
		template_name = "",
		lt_grp = 0, srt_grp = 0, usr_flg = 0,
		flags = HIDDEN,
		spatialprops =
		{
			pos = { -69.51332, 1.774352, 10.98074 },
			orient = { { -0.415383,  0.000000, -0.909647 },
					   { -0.176614,  0.980971,  0.080649 },
					   {  0.892337,  0.194156, -0.407478 } }
		},
		cameraprops =
		{
			fovh = 25,
			hvaspect = 1.85,
			nearplane = 0.2,
			farplane = 25000
		}
	},

	{
		entity_name = "Zs/NPC/mFloor1/03/ACS/Camera",
		type = CAMERA,
		template_name = "",
		lt_grp = 0, srt_grp = 0, usr_flg = 0,
		flags = HIDDEN,
		spatialprops =
		{
			pos = { -69.70753, 1.670566, 11.2567 },
			orient = { { -0.379866,  0.000000, -0.925042 },
					   { -0.085146,  0.995755,  0.034965 },
					   {  0.921115,  0.092045, -0.378253 } }
		},
		cameraprops =
		{
			fovh = 25,
			hvaspect = 1.85,
			nearplane = 0.2,
			farplane = 25000
		}
	},

	{
		entity_name = "Zs/NPC/mFloor1/03/P/Stand",
		type = MARKER,
		template_name = "",
		lt_grp = 0, srt_grp = 0, usr_flg = 0,
		spatialprops =
		{
			pos = { -69.66326, -0.0054, 10.6305 },
			orient = { { -0.744912,  0.000000, -0.667163 },
					   {  0.000000,  1.000000,  0.000000 },
					   {  0.667163,  0.000000, -0.744912 } }
		}
	},

	{
		entity_name = "Zs/NPC/mFloor1/03/P2/Stand",
		type = MARKER,
		template_name = "",
		lt_grp = 0, srt_grp = 0, usr_flg = 0,
		spatialprops =
		{
			pos = { -69.97495, 0, 11.03907 },
			orient = { { -0.744912,  0.000000, -0.667163 },
					   {  0.000000,  1.000000,  0.000000 },
					   {  0.667163,  0.000000, -0.744912 } }
		}
	},

	{
		entity_name = "Zs/NPC/mFloor1/03/PC2/Camera",
		type = CAMERA,
		template_name = "",
		lt_grp = 0, srt_grp = 0, usr_flg = 0,
		flags = HIDDEN,
		spatialprops =
		{
			pos = { -69.91457, 1.692124, 12.85643 },
			orient = { {  0.941854,  0.000000, -0.336022 },
					   { -0.060189,  0.983827, -0.168708 },
					   {  0.330587,  0.179123,  0.926621 } }
		},
		cameraprops =
		{
			fovh = 30,
			hvaspect = 1.85,
			nearplane = 0.2,
			farplane = 25000
		}
	},

	{
		entity_name = "Zs/NPC/mFloor1/03/PCO/Camera",
		type = CAMERA,
		template_name = "",
		lt_grp = 0, srt_grp = 0, usr_flg = 0,
		flags = HIDDEN,
		spatialprops =
		{
			pos = { -70.64008, 1.762225, 12.38983 },
			orient = { {  0.970170,  0.000000,  0.242427 },
					   {  0.047294,  0.980786, -0.189266 },
					   { -0.237769,  0.195085,  0.951529 } }
		},
		cameraprops =
		{
			fovh = 25,
			hvaspect = 1.85,
			nearplane = 0.2,
			farplane = 25000
		}
	},

	{
		entity_name = "Zs/NPC/mFloor1/03/PCS/Camera",
		type = CAMERA,
		template_name = "",
		lt_grp = 0, srt_grp = 0, usr_flg = 0,
		flags = HIDDEN,
		spatialprops =
		{
			pos = { -70.43722, 1.694538, 12.12423 },
			orient = { {  0.971619,  0.000000,  0.236550 },
					   {  0.028322,  0.992806, -0.116332 },
					   { -0.234849,  0.119730,  0.964630 } }
		},
		cameraprops =
		{
			fovh = 25,
			hvaspect = 1.85,
			nearplane = 0.2,
			farplane = 25000
		}
	},

	{
		entity_name = "Zs/NPC/mFloor1/03/PCU/Camera",
		type = CAMERA,
		template_name = "",
		lt_grp = 0, srt_grp = 0, usr_flg = 0,
		flags = HIDDEN,
		spatialprops =
		{
			pos = { -70.28316, 1.713666, 11.71351 },
			orient = { {  0.952727,  0.000000,  0.303828 },
					   {  0.027093,  0.996016, -0.084957 },
					   { -0.302618,  0.089173,  0.948931 } }
		},
		cameraprops =
		{
			fovh = 25,
			hvaspect = 1.85,
			nearplane = 0.2,
			farplane = 25000
		}
	},

	{
		entity_name = "Zs/NPC/mFloor1/03/TCI/Camera",
		type = CAMERA,
		template_name = "",
		lt_grp = 0, srt_grp = 0, usr_flg = 0,
		flags = HIDDEN,
		spatialprops =
		{
			pos = { -69.65051, 2.048316, 11.13042 },
			orient = { { -0.468536,  0.000000, -0.883444 },
					   { -0.610535,  0.722773,  0.323799 },
					   {  0.638530,  0.691085, -0.338646 } }
		},
		cameraprops =
		{
			fovh = 15,
			hvaspect = 1.85,
			nearplane = 0.2,
			farplane = 25000
		}
	},

	{
		entity_name = "Zs/NPC/mFloor1/03/WFC/Camera",
		type = CAMERA,
		template_name = "",
		lt_grp = 0, srt_grp = 0, usr_flg = 0,
		flags = HIDDEN,
		spatialprops =
		{
			pos = { -68.62032, 14.14044, 99.88568 },
			orient = { {  0.995945,  0.000000,  0.089962 },
					   {  0.014326,  0.987239, -0.158601 },
					   { -0.088814,  0.159247,  0.983236 } }
		},
		cameraprops =
		{
			fovh = 30,
			hvaspect = 1.85,
			nearplane = 0.2,
			farplane = 25000
		}
	},

	{
		entity_name = "Camera_Ship_Wide",
		type = CAMERA,
		template_name = "",
		lt_grp = 0, srt_grp = 0, usr_flg = 0,
		spatialprops =
		{
			pos = { -21.37751, 17.71901, 42.10424 },
			orient = { {  0.592547,  0.000000, -0.805536 },
					   { -0.059612,  0.997258, -0.043850 },
					   {  0.803327,  0.074003,  0.590923 } }
		},
		cameraprops =
		{
			fovh = 35,
			hvaspect = 1.333333,
			nearplane = 0.1,
			farplane = 100000
		}
	},

	{
		entity_name = "X/Shipcentre/02",
		type = MARKER,
		template_name = "",
		lt_grp = 0, srt_grp = 0, usr_flg = 0,
		spatialprops =
		{
			pos = { -60.95297, 0, 7.462585 },
			orient = { { -0.894252,  0.000000, -0.447564 },
					   {  0.000000,  1.000000,  0.000000 },
					   {  0.447564,  0.000000, -0.894252 } }
		}
	},

	{
		entity_name = "Prop_Ship02_L_Elite_Mkr",
		type = MARKER,
		template_name = "",
		lt_grp = 0, srt_grp = 0, usr_flg = 0,
		spatialprops =
		{
			pos = { -60.95297, 0, 7.462585 },
			orient = { { -0.894252,  0.000000, -0.447564 },
					   {  0.000000,  1.000000,  0.000000 },
					   {  0.447564,  0.000000, -0.894252 } }
		}
	},

	{
		entity_name = "Player_Trader",
		type = MARKER,
		template_name = "",
		lt_grp = 0, srt_grp = 0, usr_flg = 0,
		spatialprops =
		{
			pos = { 21.31143, 0, 2.930989 },
			orient = { {  0.569474,  0.000000, -0.822009 },
					   {  0.000000,  1.000000,  0.000000 },
					   {  0.822009,  0.000000,  0.569474 } }
		}
	},

	{
		entity_name = "Zg/PC/Player/01/A/Stand",
		type = MARKER,
		template_name = "",
		lt_grp = 0, srt_grp = 0, usr_flg = 0,
		spatialprops =
		{
			pos = { 13.6966, 0, -13.41328 },
			orient = { { -0.938999,  0.000000, -0.343921 },
					   {  0.000000,  1.000000,  0.000000 },
					   {  0.343921,  0.000000, -0.938999 } }
		}
	},

	{
		entity_name = "Zg/NPC/mFloor1/03/A/Stand",
		type = MARKER,
		template_name = "",
		lt_grp = 0, srt_grp = 0, usr_flg = 0,
		spatialprops =
		{
			pos = { -70.69292, 0, 11.87955 },
			orient = { {  0.547389,  0.000000,  0.836878 },
					   {  0.000000,  1.000000,  0.000000 },
					   { -0.836878,  0.000000,  0.547389 } }
		}
	},

	{
		entity_name = "Bin_artifacts_1_1",
		type = COMPOUND,
		template_name = "Stackdrab_oremetals",
		lt_grp = 3, srt_grp = 0, usr_flg = 0,
		flags = LIT_DYNAMIC,
		spatialprops =
		{
			pos = { 17.51508, 0.338556, -7.311056 },
			orient = { {  0.577786,  0.000000,  0.816188 },
					   {  0.000000,  1.000000,  0.000000 },
					   { -0.816188,  0.000000,  0.577786 } }
		},
		userprops =
		{
			category = "Equipment",
			Priority = "Bin_1",
		}
	},

	{
		entity_name = "Bin_machines_1_2",
		type = COMPOUND,
		template_name = "StackGrey_hivalue",
		lt_grp = 3, srt_grp = 0, usr_flg = 0,
		flags = LIT_DYNAMIC,
		spatialprops =
		{
			pos = { 19.33158, 0.33877, -4.757806 },
			orient = { {  0.553447,  0.000000,  0.832885 },
					   {  0.000000,  1.000000,  0.000000 },
					   { -0.832885,  0.000000,  0.553447 } }
		},
		userprops =
		{
			category = "Equipment",
			Priority = "Bin_1",
		}
	},

	{
		entity_name = "Prop_PlayerShip_Mkr",
		type = MARKER,
		template_name = "",
		lt_grp = 0, srt_grp = 0, usr_flg = 0,
		spatialprops =
		{
			pos = { 0.012363, 0, 0.010679 },
			orient = { { -0.371334,  0.000000,  0.928500 },
					   {  0.000000,  1.000000,  0.000000 },
					   { -0.928500,  0.000000, -0.371334 } }
		}
	},

	{
		entity_name = "Set_pl_03_planetscape_3",
		type = COMPOUND,
		template_name = "pl_03_planetscape",
		lt_grp = 0, srt_grp = 0, usr_flg = 0,
		flags = LIT_DYNAMIC,
		spatialprops =
		{
			pos = { 0, 0, 0 },
			orient = { { 1, 0, 0 }, { 0, 1, 0 }, { 0, 0, 1 } }
		},
		userprops =
		{
			category = "Room",
		}
	},

	{
		entity_name = "Camera_0",
		type = CAMERA,
		template_name = "",
		lt_grp = 0, srt_grp = 0, usr_flg = 0,
		spatialprops =
		{
			pos = { 124.4921, 33.32776, 11.44533 },
			orient = { {  0.060003,  0.000000, -0.998198 },
					   { -0.128263,  0.991710, -0.007710 },
					   {  0.989923,  0.128494,  0.059506 } }
		},
		cameraprops =
		{
			fovh = 25,
			hvaspect = 1.333333,
			nearplane = 2,
			farplane = 100000
		}
	},

	{
		entity_name = "Cart_Pl_cart_3",
		type = COMPOUND,
		template_name = "li_cart",
		lt_grp = 0, srt_grp = 0, usr_flg = 0,
		flags = LIT_DYNAMIC,
		spatialprops =
		{
			pos = { 0.256111, 0.562958, 10.23654 },
			orient = { {  0.611074,  0.000000, -0.791574 },
					   {  0.000000,  1.000000,  0.000000 },
					   {  0.791574,  0.000000,  0.611074 } }
		},
		userprops =
		{
			category = "Equipment Cart",
			Priority = "Equip_2",
		}
	},

	{
		entity_name = "Cart_Pl_flat_5",
		type = COMPOUND,
		template_name = "li_flat",
		lt_grp = 0, srt_grp = 0, usr_flg = 0,
		flags = LIT_DYNAMIC,
		spatialprops =
		{
			pos = { 1.558241, 0.768267, -7.282153 },
			orient = { {  0.231570,  0.000000, -0.972818 },
					   {  0.000000,  1.000000,  0.000000 },
					   {  0.972818,  0.000000,  0.231570 } }
		},
		userprops =
		{
			category = "Equipment Cart",
			Priority = "Equip_2",
		}
	},

	{
		entity_name = "rtcprop_hardware_li_free_flow_ion_drive_6",
		type = COMPOUND,
		template_name = "rtcprop_hardware_li_free_flow_ion_drive",
		lt_grp = 3, srt_grp = 0, usr_flg = 0,
		flags = LIT_DYNAMIC,
		spatialprops =
		{
			pos = { -1.246534, 1.975393, -7.92301 },
			orient = { {  0.971374,  0.000000,  0.237555 },
					   {  0.000000,  1.000000,  0.000000 },
					   { -0.237555,  0.000000,  0.971374 } }
		},
		userprops =
		{
			category = "Equipment",
			Priority = "Equip_1",
		}
	},

	{
		entity_name = "rtcprop_hardware_li_fusion_reactor_7",
		type = COMPOUND,
		template_name = "rtcprop_hardware_li_fusion_reactor",
		lt_grp = 3, srt_grp = 0, usr_flg = 0,
		flags = LIT_DYNAMIC,
		spatialprops =
		{
			pos = { 4.96625, 1.782468, -6.563314 },
			orient = { {  0.977106,  0.000000,  0.212753 },
					   {  0.000000,  1.000000,  0.000000 },
					   { -0.212753,  0.000000,  0.977106 } }
		},
		userprops =
		{
			category = "Equipment",
			Priority = "Equip_1",
		}
	},

	{
		entity_name = "rtcprop_hardware_li_policing_armor_8",
		type = COMPOUND,
		template_name = "rtcprop_hardware_li_policing_armor",
		lt_grp = 3, srt_grp = 0, usr_flg = 0,
		flags = LIT_DYNAMIC,
		spatialprops =
		{
			pos = { 2.902817, 1.57669, 12.46602 },
			orient = { { 1, 0, 0 }, { 0, 1, 0 }, { 0, 0, 1 } }
		},
		userprops =
		{
			category = "Equipment",
			Priority = "Equip_1",
		}
	},

	{
		entity_name = "rtcprop_weapons_li_auto_cannon_9",
		type = COMPOUND,
		template_name = "rtcprop_weapons_li_auto_cannon",
		lt_grp = 3, srt_grp = 0, usr_flg = 0,
		flags = LIT_DYNAMIC,
		spatialprops =
		{
			pos = { -0.97703, 0.875322, 10.12826 },
			orient = { {  0.750834,  0.000000,  0.660491 },
					   {  0.000000,  1.000000,  0.000000 },
					   { -0.660491,  0.000000,  0.750834 } }
		},
		userprops =
		{
			category = "Equipment",
			Priority = "Equip_1",
		}
	},

	{
		entity_name = "rtcprop_weapons_li_heavy_ion_blaster_10",
		type = COMPOUND,
		template_name = "rtcprop_weapons_li_heavy_ion_blaster",
		lt_grp = 3, srt_grp = 0, usr_flg = 0,
		flags = LIT_DYNAMIC,
		spatialprops =
		{
			pos = { 0.226308, 0.722234, 11.20958 },
			orient = { {  0.743658,  0.000000,  0.668560 },
					   {  0.000000,  1.000000,  0.000000 },
					   { -0.668560,  0.000000,  0.743658 } }
		},
		userprops =
		{
			category = "Equipment",
			Priority = "Equip_1",
		}
	},

	{
		entity_name = "rtcprop_weapons_li_laser_beam_11",
		type = COMPOUND,
		template_name = "rtcprop_weapons_li_laser_beam",
		lt_grp = 3, srt_grp = 0, usr_flg = 0,
		flags = LIT_DYNAMIC,
		spatialprops =
		{
			pos = { 1.670385, 1.157356, -6.325846 },
			orient = { {  0.985975,  0.000000,  0.166891 },
					   {  0.000000,  1.000000,  0.000000 },
					   { -0.166891,  0.000000,  0.985975 } }
		},
		userprops =
		{
			category = "Equipment",
			Priority = "Equip_1",
		}
	},

	{
		entity_name = "rtcprop_weapons_li_plasma_blaster_12",
		type = COMPOUND,
		template_name = "rtcprop_weapons_li_plasma_blaster",
		lt_grp = 3, srt_grp = 0, usr_flg = 0,
		flags = LIT_DYNAMIC,
		spatialprops =
		{
			pos = { -2.707265, 0.816947, 8.730691 },
			orient = { {  0.745895,  0.000000,  0.666064 },
					   {  0.000000,  1.000000,  0.000000 },
					   { -0.666064,  0.000000,  0.745895 } }
		},
		userprops =
		{
			category = "Equipment",
			Priority = "Equip_1",
		}
	},

	{
		entity_name = "X/Marker_Weather",
		type = MARKER,
		template_name = "",
		lt_grp = 0, srt_grp = 0, usr_flg = 0,
		spatialprops =
		{
			pos = { 124.4921, 33.32776, 11.44533 },
			orient = { {  0.060003,  0.000000, -0.998198 },
					   { -0.128263,  0.991710, -0.007710 },
					   {  0.989923,  0.128494,  0.059506 } }
		}
	},

	{
		entity_name = "Set_pl_03_bar_facade_2",
		type = COMPOUND,
		template_name = "pl_03_bar_facade",
		lt_grp = 0, srt_grp = 0, usr_flg = 0,
		flags = LIT_DYNAMIC,
		spatialprops =
		{
			pos = { 1.710989, 12.43136, 49.16044 },
			orient = { { 1, 0, 0 }, { 0, 1, 0 }, { 0, 0, 1 } }
		},
		userprops =
		{
			category = "Prop",
		}
	},

	{
		entity_name = "Zs/NPC/Equipment/01/AC2/Camera",
		type = CAMERA,
		template_name = "",
		lt_grp = 0, srt_grp = 0, usr_flg = 0,
		flags = HIDDEN,
		spatialprops =
		{
			pos = { 11.41112, 1.682559, 7.724223 },
			orient = { {  0.981130,  0.000000, -0.193348 },
					   { -0.035954,  0.982558, -0.182446 },
					   {  0.189976,  0.185955,  0.964018 } }
		},
		cameraprops =
		{
			fovh = 30,
			hvaspect = 1.85,
			nearplane = 0.2,
			farplane = 25000
		}
	},

	{
		entity_name = "Zs/NPC/Equipment/01/ACOH/Camera",
		type = CAMERA,
		template_name = "",
		lt_grp = 0, srt_grp = 0, usr_flg = 0,
		flags = HIDDEN,
		spatialprops =
		{
			pos = { 12.00108, 1.747494, 6.838255 },
			orient = { {  0.617329,  0.000000, -0.786705 },
					   { -0.142537,  0.983450, -0.111849 },
					   {  0.773685,  0.181182,  0.607112 } }
		},
		cameraprops =
		{
			fovh = 25,
			hvaspect = 1.85,
			nearplane = 0.2,
			farplane = 25000
		}
	},

	{
		entity_name = "Zs/NPC/Equipment/01/ACS/Camera",
		type = CAMERA,
		template_name = "",
		lt_grp = 0, srt_grp = 0, usr_flg = 0,
		flags = HIDDEN,
		spatialprops =
		{
			pos = { 11.62089, 1.670566, 6.628913 },
			orient = { {  0.562802,  0.000000, -0.826592 },
					   { -0.076084,  0.995755, -0.051803 },
					   {  0.823083,  0.092045,  0.560413 } }
		},
		cameraprops =
		{
			fovh = 25,
			hvaspect = 1.85,
			nearplane = 0.2,
			farplane = 25000
		}
	},

	{
		entity_name = "Zs/NPC/Equipment/01/PC2/Camera",
		type = CAMERA,
		template_name = "",
		lt_grp = 0, srt_grp = 0, usr_flg = 0,
		flags = HIDDEN,
		spatialprops =
		{
			pos = { 10.1717, 1.692124, 7.337318 },
			orient = { {  0.799260,  0.000000,  0.600985 },
					   {  0.107650,  0.983827, -0.143166 },
					   { -0.591265,  0.179123,  0.786334 } }
		},
		cameraprops =
		{
			fovh = 30,
			hvaspect = 1.85,
			nearplane = 0.2,
			farplane = 25000
		}
	},

	{
		entity_name = "Zs/NPC/Equipment/01/PCS/Camera",
		type = CAMERA,
		template_name = "",
		lt_grp = 0, srt_grp = 0, usr_flg = 0,
		flags = HIDDEN,
		spatialprops =
		{
			pos = { 10.49491, 1.694538, 6.497793 },
			orient = { {  0.279254,  0.000000,  0.960217 },
					   {  0.123264,  0.991726, -0.035848 },
					   { -0.952273,  0.128371,  0.276943 } }
		},
		cameraprops =
		{
			fovh = 25,
			hvaspect = 1.85,
			nearplane = 0.2,
			farplane = 25000
		}
	},

	{
		entity_name = "Zs/NPC/Equipment/01/PCO/Camera",
		type = CAMERA,
		template_name = "",
		lt_grp = 0, srt_grp = 0, usr_flg = 0,
		flags = HIDDEN,
		spatialprops =
		{
			pos = { 10.16148, 1.762225, 6.474782 },
			orient = { {  0.332079,  0.000000,  0.943251 },
					   {  0.184014,  0.980786, -0.064784 },
					   { -0.925128,  0.195085,  0.325699 } }
		},
		cameraprops =
		{
			fovh = 25,
			hvaspect = 1.85,
			nearplane = 0.2,
			farplane = 25000
		}
	},

	{
		entity_name = "Zs/NPC/Trader/01/AC2/Camera",
		type = CAMERA,
		template_name = "",
		lt_grp = 0, srt_grp = 0, usr_flg = 0,
		flags = HIDDEN,
		spatialprops =
		{
			pos = { 20.45549, 1.682559, 4.112456 },
			orient = { {  0.965283,  0.000000,  0.261207 },
					   {  0.048573,  0.982558, -0.179499 },
					   { -0.256651,  0.185955,  0.948447 } }
		},
		cameraprops =
		{
			fovh = 30,
			hvaspect = 1.85,
			nearplane = 0.2,
			farplane = 25000
		}
	},

	{
		entity_name = "Zs/NPC/Trader/01/ACOH/Camera",
		type = CAMERA,
		template_name = "",
		lt_grp = 0, srt_grp = 0, usr_flg = 0,
		flags = HIDDEN,
		spatialprops =
		{
			pos = { 21.37684, 1.747494, 3.57943 },
			orient = { {  0.901917,  0.000000, -0.431909 },
					   { -0.078254,  0.983450, -0.163411 },
					   {  0.424760,  0.181182,  0.886990 } }
		},
		cameraprops =
		{
			fovh = 25,
			hvaspect = 1.85,
			nearplane = 0.2,
			farplane = 25000
		}
	},

	{
		entity_name = "Zs/NPC/Trader/01/ACS/Camera",
		type = CAMERA,
		template_name = "",
		lt_grp = 0, srt_grp = 0, usr_flg = 0,
		flags = HIDDEN,
		spatialprops =
		{
			pos = { 21.12869, 1.670566, 3.22335 },
			orient = { {  0.870697,  0.000000, -0.491820 },
					   { -0.045269,  0.995755, -0.080143 },
					   {  0.489733,  0.092045,  0.867000 } }
		},
		cameraprops =
		{
			fovh = 25,
			hvaspect = 1.85,
			nearplane = 0.2,
			farplane = 25000
		}
	},

	{
		entity_name = "Zs/NPC/Trader/01/PC2/Camera",
		type = CAMERA,
		template_name = "",
		lt_grp = 0, srt_grp = 0, usr_flg = 0,
		flags = HIDDEN,
		spatialprops =
		{
			pos = { 19.51564, 1.692124, 3.216618 },
			orient = { {  0.450404,  0.000000,  0.892825 },
					   {  0.159926,  0.983827, -0.080678 },
					   { -0.878385,  0.179123,  0.443120 } }
		},
		cameraprops =
		{
			fovh = 30,
			hvaspect = 1.85,
			nearplane = 0.2,
			farplane = 25000
		}
	},

	{
		entity_name = "Zs/NPC/Trader/01/PCO/Camera",
		type = CAMERA,
		template_name = "",
		lt_grp = 0, srt_grp = 0, usr_flg = 0,
		flags = HIDDEN,
		spatialprops =
		{
			pos = { 19.88851, 1.762225, 2.438773 },
			orient = { { -0.120048,  0.000000,  0.992768 },
					   {  0.193674,  0.980786,  0.023419 },
					   { -0.973693,  0.195085, -0.117742 } }
		},
		cameraprops =
		{
			fovh = 25,
			hvaspect = 1.85,
			nearplane = 0.2,
			farplane = 25000
		}
	},

	{
		entity_name = "Zs/NPC/Trader/01/PCS/Camera",
		type = CAMERA,
		template_name = "",
		lt_grp = 0, srt_grp = 0, usr_flg = 0,
		flags = HIDDEN,
		spatialprops =
		{
			pos = { 20.17726, 1.694538, 2.607081 },
			orient = { { -0.174925,  0.000000,  0.984582 },
					   {  0.126392,  0.991726,  0.022455 },
					   { -0.976436,  0.128371, -0.173477 } }
		},
		cameraprops =
		{
			fovh = 25,
			hvaspect = 1.85,
			nearplane = 0.2,
			farplane = 25000
		}
	},

	{
		entity_name = "Zs/NPC/Shipdealer/01/AC2/Camera",
		type = CAMERA,
		template_name = "",
		lt_grp = 0, srt_grp = 0, usr_flg = 0,
		flags = HIDDEN,
		spatialprops =
		{
			pos = { -52.37085, 1.682559, 17.60389 },
			orient = { {  0.999585,  0.000000, -0.028809 },
					   { -0.005357,  0.982558, -0.185878 },
					   {  0.028307,  0.185955,  0.982150 } }
		},
		cameraprops =
		{
			fovh = 30,
			hvaspect = 1.85,
			nearplane = 0.2,
			farplane = 25000
		}
	},

	{
		entity_name = "Zs/NPC/Shipdealer/01/ACOH/Camera",
		type = CAMERA,
		template_name = "",
		lt_grp = 0, srt_grp = 0, usr_flg = 0,
		flags = HIDDEN,
		spatialprops =
		{
			pos = { -51.64278, 1.747494, 16.82741 },
			orient = { {  0.738676,  0.000000, -0.674061 },
					   { -0.122128,  0.983450, -0.133834 },
					   {  0.662905,  0.181182,  0.726450 } }
		},
		cameraprops =
		{
			fovh = 25,
			hvaspect = 1.85,
			nearplane = 0.2,
			farplane = 25000
		}
	},

	{
		entity_name = "Zs/NPC/Shipdealer/01/ACS/Camera",
		type = CAMERA,
		template_name = "",
		lt_grp = 0, srt_grp = 0, usr_flg = 0,
		flags = HIDDEN,
		spatialprops =
		{
			pos = { -51.98322, 1.670566, 16.5582 },
			orient = { {  0.691477,  0.000000, -0.722398 },
					   { -0.066493,  0.995755, -0.063647 },
					   {  0.719332,  0.092045,  0.688542 } }
		},
		cameraprops =
		{
			fovh = 25,
			hvaspect = 1.85,
			nearplane = 0.2,
			farplane = 25000
		}
	},

	{
		entity_name = "Zs/NPC/Shipdealer/01/PC2/Camera",
		type = CAMERA,
		template_name = "",
		lt_grp = 0, srt_grp = 0, usr_flg = 0,
		flags = HIDDEN,
		spatialprops =
		{
			pos = { -53.52943, 1.692124, 17.01778 },
			orient = { {  0.689141,  0.000000,  0.724627 },
					   {  0.129798,  0.983827, -0.123441 },
					   { -0.712908,  0.179123,  0.677995 } }
		},
		cameraprops =
		{
			fovh = 30,
			hvaspect = 1.85,
			nearplane = 0.2,
			farplane = 25000
		}
	},

	{
		entity_name = "Zs/NPC/Shipdealer/01/PCO/Camera",
		type = CAMERA,
		template_name = "",
		lt_grp = 0, srt_grp = 0, usr_flg = 0,
		flags = HIDDEN,
		spatialprops =
		{
			pos = { -53.39719, 1.762225, 16.16538 },
