duration = 15.187;

entities =
{

	{
		entity_name = "Layer_Pl_04_pad_launch",
		type = SCENE,
		template_name = "",
		lt_grp = 0, srt_grp = 0, usr_flg = 0,
		spatialprops =
		{
			pos = { 0, 0, 0 },
			orient = { { 1, 0, 0 }, { 0, 1, 0 }, { 0, 0, 1 } }
		},
		up = Y_AXIS,
		front = Z_AXIS,
		ambient = { 128, 128, 128 }
	},

	{
		entity_name = "Marker_PathStart",
		type = MARKER,
		template_name = "",
		lt_grp = 0, srt_grp = 0, usr_flg = 0,
		spatialprops =
		{
			pos = { -0.812955, 53.12863, -2.729564 },
			orient = { {  0.762090,  0.000000,  0.647471 },
					   {  0.000000,  1.000000,  0.000000 },
					   { -0.647471,  0.000000,  0.762090 } }
		}
	},

	{
		entity_name = "PlayerShip",
		type = COMPOUND,
		template_name = "PlayerShip",
		lt_grp = 3, srt_grp = 0, usr_flg = 0,
		flags = LIT_DYNAMIC,
		spatialprops =
		{
			pos = { 0.012363, 0, 0.010679 },
			orient = { { -0.371334,  0.000000,  0.928500 },
					   {  0.000000,  1.000000,  0.000000 },
					   { -0.928500,  0.000000, -0.371334 } }
		},
		userprops =
		{
			category = "Spaceship",
		}
	},

	{
		entity_name = "Path_Launch",
		type = MOTION_PATH,
		template_name = "",
		lt_grp = 0, srt_grp = 0, usr_flg = 0,
		spatialprops =
		{
			pos = { -87.479, 15.70944, 2.253906 },
			orient = { {  0.552108,  0.000000,  0.833773 },
					   {  0.000000,  1.000000,  0.000000 },
					   { -0.833773,  0.000000,  0.552108 } }
		},
		pathprops =
		{
			path_type = "CV_CROrientationSplinePath",
			path_data = "OPEN,{43.693901,37.419186,-75.011169}, {1.000000,0.000000,0.000000,0.000000}, {84.202560,47.593422,56.612854}, {1.000000,0.000000,0.000000,0.000000}, {101.524017,154.189102,257.679932}, {0.989242,0.000000,0.146287,0.000000}, "
		}
	},

	{
		entity_name = "Marker_Ship_Follow",
		type = MARKER,
		template_name = "",
		lt_grp = 0, srt_grp = 0, usr_flg = 0,
		spatialprops =
		{
			pos = { 0.012363, 0, 0.010679 },
			orient = { {  0.999993,  0.000000, -0.003852 },
					   {  0.000000,  1.000000,  0.000000 },
					   {  0.003852,  0.000000,  0.999993 } }
		}
	},

	{
		entity_name = "Marker_Orient_1",
		type = MARKER,
		template_name = "",
		lt_grp = 0, srt_grp = 0, usr_flg = 0,
		spatialprops =
		{
			pos = { 0, 35.55345, 0 },
			orient = { { -0.428860,  0.146728, -0.891375 },
					   { -0.125894,  0.967385,  0.219811 },
					   {  0.894555,  0.206487, -0.396401 } }
		}
	},

	{
		entity_name = "Marker_Orient_2",
		type = MARKER,
		template_name = "",
		lt_grp = 0, srt_grp = 0, usr_flg = 0,
		spatialprops =
		{
			pos = { 0, 35.55345, 0 },
			orient = { { -0.630065, -0.579237, -0.517207 },
					   { -0.390922,  0.812080, -0.433251 },
					   {  0.670968, -0.070789, -0.738100 } }
		}
	},

	{
		entity_name = "Marker_Orient_3",
		type = MARKER,
		template_name = "",
		lt_grp = 0, srt_grp = 0, usr_flg = 0,
		spatialprops =
		{
			pos = { 0, 35.55345, 0 },
			orient = { { -0.606121, -0.736597, -0.300071 },
					   { -0.535404,  0.656854, -0.530929 },
					   {  0.588183, -0.161148, -0.792510 } }
		}
	},

	{
		entity_name = "Marker_Orient_4",
		type = MARKER,
		template_name = "",
		lt_grp = 0, srt_grp = 0, usr_flg = 0,
		spatialprops =
		{
			pos = { 0, 35.55345, 0 },
			orient = { { -0.672746, -0.690565, -0.265580 },
					   { -0.269957,  0.563312, -0.780899 },
					   {  0.688866, -0.453651, -0.565388 } }
		}
	},

	{
		entity_name = "Marker_Orient_1B",
		type = MARKER,
		template_name = "",
		lt_grp = 0, srt_grp = 0, usr_flg = 0,
		spatialprops =
		{
			pos = { 0.012363, 0, 0.010679 },
			orient = { { -0.726998,  0.000000,  0.686639 },
					   {  0.000000,  1.000000,  0.000000 },
					   { -0.686639,  0.000000, -0.726998 } }
		}
	},

	{
		entity_name = "PlayerShipEngines",
		type = PSYS,
		template_name = "PlayerShipEngines",
		lt_grp = 0, srt_grp = 0, usr_flg = 0,
		flags = LIT_DYNAMIC + LIT_AMBIENT,
		spatialprops =
		{
			pos = { 0, 0, 0 },
			orient = { { 1, 0, 0 }, { 0, 1, 0 }, { 0, 0, 1 } }
		},
		psysprops =
		{
			sparam = 0
		}
	},

	{
		entity_name = "Monitor_1",
		type = MONITOR,
		template_name = "",
		lt_grp = 0, srt_grp = 0, usr_flg = 0
	},

	{
		entity_name = "PlayerShip_engine_playership",
		type = SOUND,
		template_name = "engine_playership",
		lt_grp = 0, srt_grp = 0, usr_flg = 0,
		flags = SPATIAL,
		spatialprops =
		{
			pos = { 0, 0, 0 },
			orient = { { 1, 0, 0 }, { 0, 1, 0 }, { 0, 0, 1 } }
		},
		audioprops =
		{
			attenuation = -6,
			pan = 0,
			dmin = 50,
			dmax = 1000,
			ain = 360,
			atout = 0,
			rmix = 0,
		},
		userprops =
		{
			category = "Sound soundsequipment",
		}
	},

	{
		entity_name = "Char_Mk_Offscreen",
		type = MARKER,
		template_name = "",
		lt_grp = 0, srt_grp = 0, usr_flg = 0,
		spatialprops =
		{
			pos = { 121.829, -346.9709, 517.8181 },
			orient = { { 1, 0, 0 }, { 0, 1, 0 }, { 0, 0, 1 } }
		}
	},

	{
		entity_name = "Char_Trent",
		type = DEFORMABLE,
		template_name = "benchmark_male",
		lt_grp = 0, srt_grp = 0, usr_flg = 0,
		flags = LIT_DYNAMIC + LIT_AMBIENT,
		spatialprops =
		{
			pos = { 121.829, 0, 517.8181 },
			orient = { { 1, 0, 0 }, { 0, 1, 0 }, { 0, 0, 1 } }
		},
		compoundprops =
		{
			floor_height = 0
		},
		userprops =
		{
			actor = "Player",
			category = "Character",
		}
	},

	{
		entity_name = "rtc_shipdust_10",
		type = PSYS,
		template_name = "rtc_shipdust",
		lt_grp = 0, srt_grp = 0, usr_flg = 0,
		flags = LIT_DYNAMIC + LIT_AMBIENT,
		spatialprops =
		{
			pos = { 0, 0, 0 },
			orient = { { 1, 0, 0 }, { 0, 1, 0 }, { 0, 0, 1 } }
		},
		psysprops =
		{
			sparam = 0
		}
	},

	{
		entity_name = "Mk_Shipcentre",
		type = MARKER,
		template_name = "",
		lt_grp = 0, srt_grp = 0, usr_flg = 0,
		spatialprops =
		{
			pos = { 0.012363, 0, 0.010679 },
			orient = { { -0.726998,  0.000000,  0.686639 },
					   {  0.000000,  1.000000,  0.000000 },
					   { -0.686639,  0.000000, -0.726998 } }
		}
	},

	{
		entity_name = "PlayerShip_MOP_Path",
		type = MOTION_PATH,
		template_name = "",
		lt_grp = 0, srt_grp = 0, usr_flg = 0,
		spatialprops =
		{
			pos = { 0.012363, 0, 0.010679 },
			orient = { { -0.726998,  0.000000,  0.686639 },
					   {  0.000000,  1.000000,  0.000000 },
					   { -0.686639,  0.000000, -0.726998 } }
		},
		pathprops =
		{
			path_type = "CV_CROrientationSplinePath",
			path_data = "OPEN,{0.000000,-4.000000,0.000000}, {0.968451,0.000000,0.000000,0.249204}, {0.000000,3.500000,0.000000}, {0.964303,0.000000,0.000000,-0.264801}, "
		}
	},

	{
		entity_name = "PlayerShip_Marker_0nPath",
		type = MARKER,
		template_name = "",
		lt_grp = 0, srt_grp = 0, usr_flg = 0,
		spatialprops =
		{
			pos = { 0, 0, 0 },
			orient = { { 1, 0, 0 }, { 0, 1, 0 }, { 0, 0, 1 } }
		}
	},

	{
		entity_name = "Camera_Zoom",
		type = CAMERA,
		template_name = "",
		lt_grp = 0, srt_grp = 0, usr_flg = 0,
		spatialprops =
		{
			pos = { 56.57889, 9.413107, -78.38896 },
			orient = { { -0.767245,  0.000000, -0.641354 },
					   { -0.007195,  0.999937,  0.008608 },
					   {  0.641313,  0.011219, -0.767197 } }
		},
		cameraprops =
		{
			fovh = 24,
			hvaspect = 1.85,
			nearplane = 1,
			farplane = 100000
		}
	},

	{
		entity_name = "Camera_Zoom_start",
		type = CAMERA,
		template_name = "",
		lt_grp = 0, srt_grp = 0, usr_flg = 0,
		spatialprops =
		{
			pos = { -17.73161, 9.413107, 43.38102 },
			orient = { {  0.913765,  0.000000,  0.406244 },
					   {  0.034650,  0.996356, -0.077938 },
					   { -0.404764,  0.085294,  0.910435 } }
		},
		cameraprops =
		{
			fovh = 24,
			hvaspect = 1.333333,
			nearplane = 1,
			farplane = 100000
		}
	},

	{
		entity_name = "Camera_Zoom_target_1",
		type = CAMERA,
		template_name = "",
		lt_grp = 0, srt_grp = 0, usr_flg = 0,
		spatialprops =
		{
			pos = { 0.39063, 7.898555, 44.82928 },
			orient = { {  0.987025,  0.000000, -0.160565 },
					   {  0.042023,  0.965145,  0.258322 },
					   {  0.154968, -0.261717,  0.952622 } }
		},
		cameraprops =
		{
			fovh = 24,
			hvaspect = 1.333333,
			nearplane = 1,
			farplane = 100000
		}
	},

	{
		entity_name = "Camera_Zoom_target_2",
		type = CAMERA,
		template_name = "",
		lt_grp = 0, srt_grp = 0, usr_flg = 0,
		spatialprops =
		{
			pos = { 17.39046, 6.034311, 34.79264 },
			orient = { {  0.722675,  0.000000, -0.691188 },
					   {  0.472273,  0.730158,  0.493788 },
					   {  0.504676, -0.683278,  0.527668 } }
		},
		cameraprops =
		{
			fovh = 24,
			hvaspect = 1.333333,
			nearplane = 1,
			farplane = 100000
		}
	},

	{
		entity_name = "Camera_Zoom_target_3",
		type = CAMERA,
		template_name = "",
		lt_grp = 0, srt_grp = 0, usr_flg = 0,
		spatialprops =
		{
			pos = { 40.98056, 8.416729, 13.43565 },
			orient = { { -0.529871,  0.000000, -0.848078 },
					   {  0.279841,  0.943991, -0.174842 },
					   {  0.800579, -0.329970, -0.500193 } }
		},
		cameraprops =
		{
			fovh = 24,
			hvaspect = 1.333333,
			nearplane = 1,
			farplane = 100000
		}
	},

	{
		entity_name = "Camera_Zoom_Path",
		type = MOTION_PATH,
		template_name = "",
		lt_grp = 0, srt_grp = 0, usr_flg = 0,
		spatialprops =
		{
			pos = { 12.93171, 0, -3.406162 },
			orient = { {  0.995467,  0.000000,  0.095111 },
					   {  0.000000,  1.000000,  0.000000 },
					   { -0.095111,  0.000000,  0.995467 } }
		},
		pathprops =
		{
			path_type = "CV_CROrientationSplinePath",
			path_data = "OPEN,{36.317657,9.413107,-78.794189}, {0.295996,-0.001660,0.955173,0.005358}, {2.537117,7.381412,-77.671829}, {0.152691,-0.004681,0.968671,-0.195808}, {-26.092062,8.416729,-58.669514}, {0.001651,-0.043248,0.985897,-0.161660}, "
		}
	},

	{
		entity_name = "Prop_PlayerShip_Shipcushion_Marker_A",
		type = MARKER,
		template_name = "",
		lt_grp = 0, srt_grp = 0, usr_flg = 0,
		flags = REFERENCE,
		spatialprops =
		{
			pos = { 0, 0, 0 },
			orient = { { 1, 0, 0 }, { 0, 1, 0 }, { 0, 0, 1 } }
		}
	}
};

events =
{
	{
		0.000, SET_CAMERA, { "Monitor_1", "Camera_Zoom" }
	},

	{
		0.000, START_SPATIAL_PROP_ANIM, { "Marker_Ship_Follow", "Marker_PathStart" },
		{
			duration = 6.031,
			target_part = "",
			target_type = ROOT,
			spatialprops =
			{
				pos = { -0.812955, 53.12863, -2.729564 }
			},
			param_curve =
			{
				CLSID = "FreeFormPCurve",
				points =
				{
					{  0.000000,  0.000000,  0.000000,  0.000000 },
					{  1.000000,  1.000000,  0.000000,  0.000000 },
				}
			},
			pcurve_period = -1
		}
	},

	{
		0.000, ATTACH_ENTITY, { "PlayerShipEngines", "PlayerShip" },
		{
			duration = 15.125,
			offset = { 0, 0, 0 },
			up = Y_AXIS,
			front = NEG_Z_AXIS,
			target_part = "HpEngine01",
			target_type = HARDPOINT,
			flags = POSITION + ORIENTATION + ENTITY_RELATIVE
		}
	},

	{
		0.000, ATTACH_ENTITY, { "PlayerShip_engine_playership", "PlayerShip" },
		{
			duration = 10.000,
			offset = { 0, 0, 0 },
			up = Y_AXIS,
			front = NEG_Z_AXIS,
			target_part = "",
			target_type = ROOT,
			flags = POSITION + ORIENTATION + ENTITY_RELATIVE
		}
	},

	{
		0.000, ATTACH_ENTITY, { "Char_Trent", "Char_Mk_Offscreen" },
		{
			duration = 0.009,
			offset = { 0, 0, 0 },
			up = Y_AXIS,
			front = NEG_Z_AXIS,
			target_part = "",
			target_type = ROOT,
			flags = POSITION + ORIENTATION + ENTITY_RELATIVE
		}
	},

	{
		0.000, START_PSYS, { "rtc_shipdust_10" },
		{
			duration = 11.000
		}
	},

	{
		0.000, START_SPATIAL_PROP_ANIM, { "rtc_shipdust_10", "Mk_Shipcentre" },
		{
			duration = 0.100,
			target_part = "",
			target_type = ROOT,
			spatialprops =
			{
				pos = { 0.012363, 0, 0.010679 }
			}
		}
	},

	{
		0.000, START_PSYS_PROP_ANIM, { "rtc_shipdust_10" },
		{
			duration = 0.100,
			psysprops =
			{
				sparam = 1
			}
		}
	},

	{
		0.000, START_SPATIAL_PROP_ANIM, { "PlayerShip_MOP_Path", "Marker_Ship_Follow" },
		{
			duration = 14.593,
			target_part = "",
			target_type = ROOT,
			spatialprops =
			{
				pos = { 0.012363, 0, 0.010679 }
			},
			param_curve =
			{
				CLSID = "FreeFormPCurve",
				points =
				{
					{  0.000000,  0.000000,  0.000000,  0.000000 },
					{  1.000000,  1.000000,  0.000000,  0.000000 },
				}
			},
			pcurve_period = -1
		}
	},

	{
		0.000, START_SPATIAL_PROP_ANIM, { "PlayerShip", "Marker_Ship_Follow" },
		{
			duration = 14.375,
			target_part = "",
			target_type = ROOT,
			spatialprops =
			{
				pos = { 0.012363, 0, 0.010679 }
			},
			param_curve =
			{
				CLSID = "FreeFormPCurve",
				points =
				{
					{  0.000000,  0.000000,  0.000000,  0.000000 },
					{  1.000000,  1.000000,  0.000000,  0.000000 },
				}
			},
			pcurve_period = -1
		}
	},

	{
		0.000, START_SPATIAL_PROP_ANIM, { "PlayerShip", "Marker_Ship_Follow" },
		{
			duration = 14.593,
			target_part = "",
			target_type = ROOT,
			spatialprops =
			{
				pos = { 0.012363, 0, 0.010679 }
			},
			param_curve =
			{
				CLSID = "FreeFormPCurve",
				points =
				{
					{  0.000000,  0.000000,  0.000000,  0.000000 },
					{  1.000000,  1.000000,  0.000000,  0.000000 },
				}
			},
			pcurve_period = -1
		}
	},

	{
		0.000, START_SPATIAL_PROP_ANIM, { "PlayerShip_MOP_Path", "Marker_Ship_Follow" },
		{
			duration = 14.531,
			target_part = "",
			target_type = ROOT,
			spatialprops =
			{
				pos = { 0.012363, 0, 0.010679 }
			},
			param_curve =
			{
				CLSID = "FreeFormPCurve",
				points =
				{
					{  0.000000,  0.000000,  0.000000,  0.000000 },
					{  1.000000,  1.000000,  0.000000,  0.000000 },
				}
			},
			pcurve_period = -1
		}
	},

	{
		0.000, START_SPATIAL_PROP_ANIM, { "PlayerShip_MOP_Path", "Marker_Orient_1B" },
		{
			duration = 1.937,
			target_part = "",
			target_type = ROOT,
			spatialprops =
			{
				q_orient = { -0.726998, 0, 0.686639, 0 }
			},
			param_curve =
			{
				CLSID = "FreeFormPCurve",
				points =
				{
					{  0.000000,  0.000000,  0.000000,  0.000000 },
					{  1.000000,  1.000000,  0.000000,  0.000000 },
				}
			},
			pcurve_period = -1
		}
	},

	{
		0.000, START_SPATIAL_PROP_ANIM, { "PlayerShip", "PlayerShip_Marker_0nPath" },
		{
			duration = 14.375,
			target_part = "",
			target_type = ROOT,
			spatialprops =
			{
				q_orient = { -0.726997, -0.002269, 0.686637, -0.00165 }
			}
		}
	},

	{
		0.000, START_SPATIAL_PROP_ANIM, { "PlayerShip", "PlayerShip_Marker_0nPath" },
		{
			duration = 14.375,
			target_part = "",
			target_type = ROOT,
			spatialprops =
			{
				q_orient = { -0.726997, -0.002269, 0.686637, -0.00165 }
			}
		}
	},

	{
		0.000, START_PATH_ANIMATION, { "PlayerShip_Marker_0nPath", "PlayerShip_MOP_Path" },
		{
			duration = 14.218,
			start_percent = 0,
			stop_percent = 1,
			offset = { 0, 0, 0 },
			up = Y_AXIS,
			front = NEG_Z_AXIS,
			flags = ORIENTATION,
			param_curve =
			{
				CLSID = "FreeFormPCurve",
				points =
				{
					{  0.000000,  0.487179,  0.000000,  0.000000 },
					{  0.051282,  0.259615,  0.000000,  0.000000 },
					{  0.108974,  0.756410,  0.000000,  0.000000 },
					{  0.166667,  0.288462,  0.000000,  0.000000 },
					{  0.330128,  1.000000,  0.000000,  0.000000 },
					{  0.525641,  0.057692,  0.000000,  0.000000 },
					{  0.714744,  0.326923,  0.000000,  0.000000 },
					{  1.000000,  0.483974,  0.000000,  0.000000 },
				}
			},
			pcurve_period = -1
		}
	},

	{
		0.000, START_SPATIAL_PROP_ANIM, { "Prop_PlayerShip_Shipcushion_Marker_A" },
		{
			duration = 0.000,
			target_type = ROOT,
			spatialprops =
			{
				pos = { 0.0124, 0, 0.0107 }
			}
		}
	},

	{
		0.030, START_SOUND, { "PlayerShip_engine_playership" },
		{
			duration = 14.531,
			flags = LOOP
		}
	},

	{
		0.250, START_PSYS, { "PlayerShipEngines" },
		{
			duration = 14.000
		}
	},

	{
		0.936, START_PATH_ANIMATION, { "Camera_Zoom", "Camera_Zoom_Path" },
		{
			duration = 12.875,
			start_percent = 0,
			stop_percent = 1,
			offset = { 0, 0, 0 },
			up = Y_AXIS,
			front = NEG_Z_AXIS,
			flags = POSITION + ORIENTATION,
			param_curve =
			{
				CLSID = "FreeFormPCurve",
				points =
				{
					{  0.000000,  0.000000,  0.000000,  0.000000 },
					{  1.000000,  1.000000,  0.000000,  0.000000 },
				}
			},
			pcurve_period = -1000
		}
	},

	{
		2.029, START_SPATIAL_PROP_ANIM, { "PlayerShip_MOP_Path", "Marker_Orient_1" },
		{
			duration = 3.530,
			target_part = "",
			target_type = ROOT,
			spatialprops =
			{
				q_orient = { -0.427574, 0.615615, 0.661966, 0.41512 }
			},
			param_curve =
			{
				CLSID = "FreeFormPCurve",
				points =
				{
					{  0.000000,  0.000000,  0.000000,  0.000000 },
					{  0.214744,  0.060897,  0.777778,  0.769231 },
					{  1.000000,  1.000000,  0.000000,  0.000000 },
				}
			},
			pcurve_period = -1
		}
	},

	{
		4.312, START_PSYS_PROP_ANIM, { "rtc_shipdust_10" },
		{
			duration = 0.100,
			psysprops =
			{
				sparam = 0.6
			}
		}
	},

	{
		5.527, START_PSYS_PROP_ANIM, { "rtc_shipdust_10" },
		{
			duration = 0.100,
			psysprops =
			{
				sparam = 0.5
			}
		}
	},

	{
		5.560, START_SPATIAL_PROP_ANIM, { "PlayerShip_MOP_Path", "Marker_Orient_2" },
		{
			duration = 2.375,
			target_part = "",
			target_type = ROOT,
			spatialprops =
			{
				q_orient = { 0.525092, 0.791621, -0.312433, -0.189495 }
			},
			param_curve =
			{
				CLSID = "FreeFormPCurve",
				points =
				{
					{  0.000000,  0.000000,  0.000000,  0.000000 },
					{  1.000000,  1.000000,  0.000000,  0.000000 },
				}
			},
			pcurve_period = -1
		}
	},

	{
		5.781, START_PSYS_PROP_ANIM, { "rtc_shipdust_10" },
		{
			duration = 0.100,
			psysprops =
			{
				sparam = 0.4
			}
		}
	},

	{
		6.031, START_PATH_ANIMATION, { "Marker_Ship_Follow", "Path_Launch" },
		{
			duration = 7.000,
			start_percent = 0,
			stop_percent = 1,
			offset = { 0, 0, 0 },
			up = Y_AXIS,
			front = NEG_Z_AXIS,
			flags = POSITION,
			param_curve =
			{
				CLSID = "FreeFormPCurve",
				points =
				{
					{  0.000000,  0.000000,  0.000000,  0.000000 },
					{  1.000000,  1.000000,  2.500000,  0.000000 },
				}
			},
			pcurve_period = -1
		}
	},

	{
		6.156, START_PSYS_PROP_ANIM, { "rtc_shipdust_10" },
		{
			duration = 0.100,
			psysprops =
			{
				sparam = 0.3
			}
		}
	},

	{
		6.187, START_SPATIAL_PROP_ANIM, { "Prop_PlayerShip_Shipcushion_Marker_A" },
		{
			duration = 3.000,
			target_type = ROOT,
			spatialprops =
			{
				pos = { 0.0124, -3, 0.0107 }
			},
			param_curve =
			{
				CLSID = "FreeFormPCurve",
				points =
				{
					{  0.000000,  0.000000,  0.000000,  0.000000 },
					{  1.000000,  1.000000,  0.000000,  0.000000 },
				}
			},
			pcurve_period = -1000
		}
	},

	{
		6.406, START_PSYS_PROP_ANIM, { "rtc_shipdust_10" },
		{
			duration = 0.100,
			psysprops =
			{
				sparam = 0.1
			}
		}
	},

	{
		6.710, START_PSYS_PROP_ANIM, { "rtc_shipdust_10" },
		{
			duration = 0.100,
			psysprops =
			{
				sparam = 0
			}
		}
	},

	{
		7.031, START_PSYS_PROP_ANIM, { "PlayerShipEngines" },
		{
			duration = 3.312,
			psysprops =
			{
				sparam = 0.9
			}
		}
	},

	{
		8.031, START_SPATIAL_PROP_ANIM, { "PlayerShip_MOP_Path", "Marker_Orient_3" },
		{
			duration = 1.781,
			target_part = "",
			target_type = ROOT,
			spatialprops =
			{
				q_orient = { -0.854005, 0.372284, -0.363429, 0.338127 }
			},
			param_curve =
			{
				CLSID = "FreeFormPCurve",
				points =
				{
					{  0.000000,  0.000000,  0.000000,  0.000000 },
					{  1.000000,  1.000000,  0.000000,  0.000000 },
				}
			},
			pcurve_period = -1
		}
	},

	{
		9.843, START_SPATIAL_PROP_ANIM, { "PlayerShip_MOP_Path", "Marker_Orient_4" },
		{
			duration = 2.654,
			target_part = "",
			target_type = ROOT,
			spatialprops =
			{
				q_orient = { 0.995847, -0.058683, -0.06961, 0.062588 }
			},
			param_curve =
			{
				CLSID = "FreeFormPCurve",
				points =
				{
					{  0.000000,  0.000000,  0.000000,  0.000000 },
					{  1.000000,  1.000000,  0.000000,  0.000000 },
				}
			},
			pcurve_period = -1
		}
	}
};
