duration = 60.187;

entities =
{

	{
		entity_name = "Camera_Equip_Desk",
		type = CAMERA,
		template_name = "",
		lt_grp = 0, srt_grp = 0, usr_flg = 0,
		spatialprops =
		{
			pos = { 15.224, 1.466077, 11.22885 },
			orient = { {  0.666968,  0.000000, -0.745086 },
					   {  0.096639,  0.991553,  0.086507 },
					   {  0.738793, -0.129702,  0.661334 } }
		},
		cameraprops =
		{
			fovh = 30,
			hvaspect = 1.333333,
			nearplane = 0.1,
			farplane = 100000
		}
	},

	{
		entity_name = "LtShadowSource",
		type = LIGHT,
		template_name = "",
		lt_grp = 0, srt_grp = 0, usr_flg = 0,
		spatialprops =
		{
			pos = { 0.441345, -1.622984, 1.088021 },
			orient = { {  0.965904,  0.000000,  0.258902 },
					   { -0.152279,  0.808733,  0.568121 },
					   { -0.209382, -0.588176,  0.781159 } }
		},
		lightprops =
		{
			on = N,
			color = { 0, 0, 0 },
			diffuse = { 0, 0, 0 },
			specular = { 0, 0, 0 },
			ambient = { 0, 0, 0 },
			direction = { 0, 0, 1 },
			range = 2000,
			cutoff = 90,
			type = L_DIRECT,
			theta = 90,
			atten = { 1, 0, 4e-006 }
		}
	},

	{
		entity_name = "Zs/NPC/Equipment/01/A/Stand",
		type = MARKER,
		template_name = "",
		lt_grp = 0, srt_grp = 0, usr_flg = 0,
		spatialprops =
		{
			pos = { 4.439893, 0, -154.575 },
			orient = { { -0.396941,  0.000000,  0.917844 },
					   {  0.000000,  1.000000,  0.000000 },
					   { -0.917844,  0.000000, -0.396941 } }
		}
	},

	{
		entity_name = "X/Shipcentre/01",
		type = MARKER,
		template_name = "",
		lt_grp = 0, srt_grp = 0, usr_flg = 0,
		spatialprops =
		{
			pos = { 28.99824, 0, -168.1144 },
			orient = { { -0.371334,  0.000000,  0.928500 },
					   {  0.000000,  1.000000,  0.000000 },
					   { -0.928500,  0.000000, -0.371334 } }
		}
	},

	{
		entity_name = "Player_Equip",
		type = MARKER,
		template_name = "",
		lt_grp = 0, srt_grp = 0, usr_flg = 0,
		spatialprops =
		{
			pos = { 9.969156, 0, -159.2722 },
			orient = { {  0.181680,  0.000000, -0.983358 },
					   {  0.000000,  1.000000,  0.000000 },
					   {  0.983358,  0.000000,  0.181680 } }
		}
	},

	{
		entity_name = "Layer_Pl_02_Pad_Hardpoint",
		type = SCENE,
		template_name = "",
		lt_grp = 0, srt_grp = 0, usr_flg = 0,
		spatialprops =
		{
			pos = { 0, 0, 0 },
			orient = { { 1, 0, 0 }, { 0, 1, 0 }, { 0, 0, 1 } }
		},
		up = Y_AXIS,
		front = Z_AXIS,
		ambient = { 255, 255, 255 }
	},

	{
		entity_name = "LtGlareSource",
		type = LIGHT,
		template_name = "",
		lt_grp = 0, srt_grp = 0, usr_flg = 0,
		spatialprops =
		{
			pos = { 46.07463, 22.03353, 37.48869 },
			orient = { {  0.714910,  0.000000, -0.699217 },
					   {  0.073568,  0.994449,  0.075219 },
					   {  0.695336, -0.105215,  0.710941 } }
		},
		lightprops =
		{
			on = N,
			color = { 255, 255, 255 },
			diffuse = { 0.164706, 0.164706, 0.164706 },
			specular = { 0, 0, 0 },
			ambient = { 0, 0, 0 },
			direction = { 0, 0, 1 },
			range = 2000,
			cutoff = 98.99998,
			type = L_POINT,
			theta = 90,
			atten = { 1, 0, 4e-006 }
		}
	},

	{
		entity_name = "Zg/NPC/mFloor1/01/A/Stand",
		type = MARKER,
		template_name = "",
		lt_grp = 0, srt_grp = 0, usr_flg = 0,
		spatialprops =
		{
			pos = { 6.740449, 0, -172.4496 },
			orient = { { -0.996305,  0.000000,  0.085886 },
					   {  0.000000,  1.000000,  0.000000 },
					   { -0.085886,  0.000000, -0.996305 } }
		}
	},

	{
		entity_name = "Zs/NPC/Shipdealer/01/A/Stand",
		type = MARKER,
		template_name = "",
		lt_grp = 0, srt_grp = 0, usr_flg = 0,
		spatialprops =
		{
			pos = { 10.2003, 0, -196.2571 },
			orient = { { -0.542946,  0.000000,  0.839767 },
					   {  0.000000,  1.000000,  0.000000 },
					   { -0.839767,  0.000000, -0.542946 } }
		}
	},

	{
		entity_name = "Zg/NPC/mFloor1/02/A/Stand",
		type = MARKER,
		template_name = "",
		lt_grp = 0, srt_grp = 0, usr_flg = 0,
		spatialprops =
		{
			pos = { 14.70591, 0, -163.7243 },
			orient = { { -0.864803,  0.000000, -0.502111 },
					   {  0.000000,  1.000000,  0.000000 },
					   {  0.502111,  0.000000, -0.864803 } }
		}
	},

	{
		entity_name = "Player_Ship",
		type = MARKER,
		template_name = "",
		lt_grp = 3, srt_grp = 0, usr_flg = 0,
		spatialprops =
		{
			pos = { 17.01297, 0, -160.6801 },
			orient = { {  0.340169,  0.000000, -0.940364 },
					   {  0.000000,  1.000000,  0.000000 },
					   {  0.940364,  0.000000,  0.340169 } }
		}
	},

	{
		entity_name = "Zs/NPC/mFloor1/01/P/Stand",
		type = MARKER,
		template_name = "",
		lt_grp = 0, srt_grp = 0, usr_flg = 0,
		spatialprops =
		{
			pos = { 457.2462, -0.0054, -38.47247 },
			orient = { {  0.955426,  0.000000,  0.295230 },
					   {  0.000000,  1.000000,  0.000000 },
					   { -0.295230,  0.000000,  0.955426 } }
		}
	},

	{
		entity_name = "Zs/NPC/mFloor1/01/P2/Stand",
		type = MARKER,
		template_name = "",
		lt_grp = 0, srt_grp = 0, usr_flg = 0,
		spatialprops =
		{
			pos = { 457.3589, 0, -38.97386 },
			orient = { {  0.955426,  0.000000,  0.295230 },
					   {  0.000000,  1.000000,  0.000000 },
					   { -0.295230,  0.000000,  0.955426 } }
		}
	},

	{
		entity_name = "Zs/NPC/mFloor1/02/P/Stand",
		type = MARKER,
		template_name = "",
		lt_grp = 0, srt_grp = 0, usr_flg = 0,
		spatialprops =
		{
			pos = { 460.5652, -0.0054, -43.29775 },
			orient = { {  0.612382,  0.000000,  0.790562 },
					   {  0.000000,  1.000000,  0.000000 },
					   { -0.790562,  0.000000,  0.612382 } }
		}
	},

	{
		entity_name = "Zs/NPC/mFloor1/02/P2/Stand",
		type = MARKER,
		template_name = "",
		lt_grp = 0, srt_grp = 0, usr_flg = 0,
		spatialprops =
		{
			pos = { 460.9455, 0, -43.64341 },
			orient = { {  0.612382,  0.000000,  0.790562 },
					   {  0.000000,  1.000000,  0.000000 },
					   { -0.790562,  0.000000,  0.612382 } }
		}
	},

	{
		entity_name = "Zs/NPC/Trader/01/A/Stand",
		type = MARKER,
		template_name = "",
		lt_grp = 0, srt_grp = 0, usr_flg = 0,
		spatialprops =
		{
			pos = { -4.278339, 0, -197.7313 },
			orient = { { -0.762408,  0.000000,  0.647096 },
					   {  0.000000,  1.000000,  0.000000 },
					   { -0.647096,  0.000000, -0.762408 } }
		}
	},

	{
		entity_name = "Camera_Track_1",
		type = CAMERA,
		template_name = "",
		lt_grp = 0, srt_grp = 0, usr_flg = 0,
		spatialprops =
		{
			pos = { 9.726202, 14, 18.74898 },
			orient = { {  0.992032,  0.000000, -0.125989 },
					   { -0.025266,  0.979685, -0.198943 },
					   {  0.123429,  0.200541,  0.971879 } }
		},
		cameraprops =
		{
			fovh = 40,
			hvaspect = 1.333333,
			nearplane = 0.1,
			farplane = 100000
		}
	},

	{
		entity_name = "Camera_Track_2",
		type = CAMERA,
		template_name = "",
		lt_grp = 0, srt_grp = 0, usr_flg = 0,
		spatialprops =
		{
			pos = { 18.79051, 14, -4.585827 },
			orient = { { -0.569353,  0.000000, -0.822093 },
					   { -0.196704,  0.970953,  0.136230 },
					   {  0.798214,  0.239272, -0.552814 } }
		},
		cameraprops =
		{
			fovh = 40,
			hvaspect = 1.333333,
			nearplane = 0.1,
			farplane = 100000
		}
	},

	{
		entity_name = "Cart_br_booth02_Marker",
		type = MARKER,
		template_name = "",
		lt_grp = 0, srt_grp = 0, usr_flg = 0,
		spatialprops =
		{
			pos = { 19.13612, 0.996107, -176.6644 },
			orient = { {  0.835109,  0.000000, -0.550084 },
					   {  0.000000,  1.000000,  0.000000 },
					   {  0.550084,  0.000000,  0.835109 } }
		}
	},

	{
		entity_name = "Cart_br_booth01_Marker",
		type = MARKER,
		template_name = "",
		lt_grp = 0, srt_grp = 0, usr_flg = 0,
		spatialprops =
		{
			pos = { -8.81736, 0.996107, -200.8922 },
			orient = { { -0.445668,  0.000000,  0.895199 },
					   {  0.000000,  1.000000,  0.000000 },
					   { -0.895199,  0.000000, -0.445668 } }
		}
	},

	{
		entity_name = "Zs/NPC/mFloor1/01/AC2/Camera",
		type = CAMERA,
		template_name = "",
		lt_grp = 0, srt_grp = 0, usr_flg = 0,
		flags = HIDDEN,
		spatialprops =
		{
			pos = { 463.7774, 74.10147, -8.868462 },
			orient = { {  0.376889,  0.000000, -0.926258 },
					   { -0.156546,  0.985614, -0.063698 },
					   {  0.912934,  0.169009,  0.371468 } }
		},
		cameraprops =
		{
			fovh = 30,
			hvaspect = 1.85,
			nearplane = 0.2,
			farplane = 5000
		}
	},

	{
		entity_name = "Zs/NPC/mFloor1/01/ACOH/Camera",
		type = CAMERA,
		template_name = "",
		lt_grp = 0, srt_grp = 0, usr_flg = 0,
		flags = HIDDEN,
		spatialprops =
		{
			pos = { 465.5957, 34.80786, -7.576458 },
			orient = { {  0.874514,  0.000000, -0.485000 },
					   { -0.074268,  0.988206, -0.133913 },
					   {  0.479280,  0.153129,  0.864200 } }
		},
		cameraprops =
		{
			fovh = 25,
			hvaspect = 1.85,
			nearplane = 0.2,
			farplane = 5000
		}
	},

	{
		entity_name = "Zs/NPC/mFloor1/01/ACS/Camera",
		type = CAMERA,
		template_name = "",
		lt_grp = 0, srt_grp = 0, usr_flg = 0,
		flags = HIDDEN,
		spatialprops =
		{
			pos = { 469.1288, 11.60496, -24.80363 },
			orient = { {  0.878514,  0.000000, -0.477717 },
					   { -0.024221,  0.998714, -0.044542 },
					   {  0.477102,  0.050701,  0.877384 } }
		},
		cameraprops =
		{
			fovh = 25,
			hvaspect = 1.85,
			nearplane = 0.2,
			farplane = 5000
		}
	},

	{
		entity_name = "Zs/NPC/mFloor1/01/ACU/Camera",
		type = CAMERA,
		template_name = "",
		lt_grp = 0, srt_grp = 0, usr_flg = 0,
		flags = HIDDEN,
		spatialprops =
		{
			pos = { 467.2782, 6.340473, -25.76451 },
			orient = { {  0.931150,  0.000000, -0.364637 },
					   { -0.012087,  0.999450, -0.030867 },
					   {  0.364436,  0.033149,  0.930638 } }
		},
		cameraprops =
		{
			fovh = 25,
			hvaspect = 1.85,
			nearplane = 0.2,
			farplane = 5000
		}
	},

	{
		entity_name = "Zs/NPC/mFloor1/01/PC2/Camera",
		type = CAMERA,
		template_name = "",
		lt_grp = 0, srt_grp = 0, usr_flg = 0,
		flags = HIDDEN,
		spatialprops =
		{
			pos = { 460.631, 73.89499, -28.67069 },
			orient = { { -0.423565,  0.000000, -0.905866 },
					   { -0.150279,  0.986143,  0.070268 },
					   {  0.893313,  0.165896, -0.417695 } }
		},
		cameraprops =
		{
			fovh = 30,
			hvaspect = 1.85,
			nearplane = 0.2,
			farplane = 5000
		}
	},

	{
		entity_name = "Zs/NPC/mFloor1/01/PCO/Camera",
		type = CAMERA,
		template_name = "",
		lt_grp = 0, srt_grp = 0, usr_flg = 0,
		flags = HIDDEN,
		spatialprops =
		{
			pos = { 458.0655, 41.17929, -35.96214 },
			orient = { { -0.928830,  0.000000, -0.370506 },
					   { -0.069571,  0.982212,  0.174410 },
					   {  0.363915,  0.187774, -0.912309 } }
		},
		cameraprops =
		{
			fovh = 25,
			hvaspect = 1.85,
			nearplane = 0.2,
			farplane = 5000
		}
	},

	{
		entity_name = "Zs/NPC/mFloor1/01/PCS/Camera",
		type = CAMERA,
		template_name = "",
		lt_grp = 0, srt_grp = 0, usr_flg = 0,
		flags = HIDDEN,
		spatialprops =
		{
			pos = { 459.5274, 16.43326, -44.24975 },
			orient = { { -0.916014,  0.000000, -0.401147 },
					   { -0.025959,  0.997904,  0.059278 },
					   {  0.400306,  0.064713, -0.914094 } }
		},
		cameraprops =
		{
			fovh = 25,
			hvaspect = 1.85,
			nearplane = 0.2,
			farplane = 5000
		}
	},

	{
		entity_name = "Zs/NPC/mFloor1/01/PCU/Camera",
		type = CAMERA,
		template_name = "",
		lt_grp = 0, srt_grp = 0, usr_flg = 0,
		flags = HIDDEN,
		spatialprops =
		{
			pos = { 468.3782, 18.27551, -63.31348 },
			orient = { { -0.956709,  0.000000, -0.291045 },
					   { -0.023891,  0.996625,  0.078535 },
					   {  0.290063,  0.082088, -0.953481 } }
		},
		cameraprops =
		{
			fovh = 25,
			hvaspect = 1.85,
			nearplane = 0.2,
			farplane = 5000
		}
	},

	{
		entity_name = "Zs/NPC/mFloor1/01/WFC/Camera",
		type = CAMERA,
		template_name = "",
		lt_grp = 0, srt_grp = 0, usr_flg = 0,
		flags = HIDDEN,
		spatialprops =
		{
			pos = { 473.7806, -36.33417, -49.08499 },
			orient = { {  0.301189,  0.000000, -0.953564 },
					   {  0.081664,  0.996326,  0.025794 },
					   {  0.950061, -0.085640,  0.300083 } }
		},
		cameraprops =
		{
			fovh = 30,
			hvaspect = 1.85,
			nearplane = 0.2,
			farplane = 5000
		}
	},

	{
		entity_name = "Zs/NPC/mFloor1/02/AC2/Camera",
		type = CAMERA,
		template_name = "",
		lt_grp = 0, srt_grp = 0, usr_flg = 0,
		flags = HIDDEN,
		spatialprops =
		{
			pos = { 466.6382, 38.76377, -39.77492 },
			orient = { {  0.840641,  0.000000, -0.541592 },
					   { -0.091534,  0.985614, -0.142076 },
					   {  0.533801,  0.169009,  0.828548 } }
		},
		cameraprops =
		{
			fovh = 30,
			hvaspect = 1.85,
			nearplane = 0.2,
			farplane = 5000
		}
	},

	{
		entity_name = "Zs/NPC/mFloor1/02/ACOH/Camera",
		type = CAMERA,
		template_name = "",
		lt_grp = 0, srt_grp = 0, usr_flg = 0,
		flags = HIDDEN,
		spatialprops =
		{
			pos = { 472.4455, -13.41637, -54.25446 },
			orient = { {  0.994422,  0.000000,  0.105470 },
					   {  0.016150,  0.988206, -0.152275 },
					   { -0.104226,  0.153129,  0.982694 } }
		},
		cameraprops =
		{
			fovh = 25,
			hvaspect = 1.85,
			nearplane = 0.2,
			farplane = 5000
		}
	},

	{
		entity_name = "Zs/NPC/mFloor1/02/ACS/Camera",
		type = CAMERA,
		template_name = "",
		lt_grp = 0, srt_grp = 0, usr_flg = 0,
		flags = HIDDEN,
		spatialprops =
		{
			pos = { 462.8905, -3.348902, -51.80067 },
			orient = { {  0.993512,  0.000000,  0.113729 },
					   {  0.005766,  0.998714, -0.050372 },
					   { -0.113583,  0.050701,  0.992234 } }
		},
		cameraprops =
		{
			fovh = 25,
			hvaspect = 1.85,
			nearplane = 0.2,
			farplane = 5000
		}
	},

	{
		entity_name = "Zs/NPC/mFloor1/02/ACU/Camera",
		type = CAMERA,
		template_name = "",
		lt_grp = 0, srt_grp = 0, usr_flg = 0,
		flags = HIDDEN,
		spatialprops =
		{
			pos = { 468.5793, -3.46907, -53.45809 },
			orient = { {  0.971625,  0.000000,  0.236525 },
					   {  0.007841,  0.999450, -0.032208 },
					   { -0.236395,  0.033149,  0.971091 } }
		},
		cameraprops =
		{
			fovh = 25,
			hvaspect = 1.85,
			nearplane = 0.2,
			farplane = 5000
		}
	},

	{
		entity_name = "Zs/NPC/mFloor1/02/PC2/Camera",
		type = CAMERA,
		template_name = "",
		lt_grp = 0, srt_grp = 0, usr_flg = 0,
		flags = HIDDEN,
		spatialprops =
		{
			pos = { 460.5627, 74.68577, -40.64796 },
			orient = { {  0.173768,  0.000000, -0.984787 },
					   { -0.163372,  0.986143, -0.028827 },
					   {  0.971141,  0.165896,  0.171360 } }
		},
		cameraprops =
		{
			fovh = 30,
			hvaspect = 1.85,
			nearplane = 0.2,
			farplane = 5000
		}
	},

	{
		entity_name = "Zs/NPC/mFloor1/02/PCO/Camera",
		type = CAMERA,
		template_name = "",
		lt_grp = 0, srt_grp = 0, usr_flg = 0,
		flags = HIDDEN,
		spatialprops =
		{
			pos = { 463.9646, 76.84964, -34.87803 },
			orient = { { -0.547365,  0.000000, -0.836894 },
					   { -0.157147,  0.982212,  0.102781 },
					   {  0.822007,  0.187774, -0.537629 } }
		},
		cameraprops =
		{
			fovh = 25,
			hvaspect = 1.85,
			nearplane = 0.2,
			farplane = 5000
		}
	},

	{
		entity_name = "Zs/NPC/mFloor1/02/PCS/Camera",
		type = CAMERA,
		template_name = "",
		lt_grp = 0, srt_grp = 0, usr_flg = 0,
		flags = HIDDEN,
		spatialprops =
		{
			pos = { 462.6196, 28.10836, -52.34806 },
			orient = { { -0.519271,  0.000000, -0.854610 },
					   { -0.055305,  0.997904,  0.033604 },
					   {  0.852818,  0.064713, -0.518182 } }
		},
		cameraprops =
		{
			fovh = 25,
			hvaspect = 1.85,
			nearplane = 0.2,
			farplane = 5000
		}
	},

	{
		entity_name = "Zs/NPC/mFloor1/02/PCU/Camera",
		type = CAMERA,
		template_name = "",
		lt_grp = 0, srt_grp = 0, usr_flg = 0,
		flags = HIDDEN,
		spatialprops =
		{
			pos = { 461.4574, 33.69236, -61.98422 },
			orient = { { -0.615836,  0.000000, -0.787874 },
					   { -0.064675,  0.996625,  0.050553 },
					   {  0.785215,  0.082088, -0.613758 } }
		},
		cameraprops =
		{
			fovh = 25,
			hvaspect = 1.85,
			nearplane = 0.2,
			farplane = 5000
		}
	},

	{
		entity_name = "Zs/NPC/mFloor1/01/TCI/Camera",
		type = CAMERA,
		template_name = "",
		lt_grp = 0, srt_grp = 0, usr_flg = 0,
		flags = HIDDEN,
		spatialprops =
		{
			pos = { 447.1201, 146.712, -32.441 },
			orient = { {  0.871608,  0.000000, -0.490203 },
					   { -0.301448,  0.788569, -0.535992 },
					   {  0.386559,  0.614946,  0.687324 } }
		},
		cameraprops =
		{
			fovh = 15,
			hvaspect = 1.85,
			nearplane = 0.2,
			farplane = 5000
		}
	},

	{
		entity_name = "Zs/NPC/mFloor1/02/TCI/Camera",
		type = CAMERA,
		template_name = "",
		lt_grp = 0, srt_grp = 0, usr_flg = 0,
		flags = HIDDEN,
		spatialprops =
		{
			pos = { 481.0341, -71.27827, -52.69087 },
			orient = { {  0.995033,  0.000000,  0.099542 },
					   {  0.061213,  0.788569, -0.611892 },
					   { -0.078496,  0.614946,  0.784653 } }
		},
		cameraprops =
		{
			fovh = 15,
			hvaspect = 1.85,
			nearplane = 0.2,
			farplane = 5000
		}
	},

	{
		entity_name = "Zs/NPC/mFloor1/02/WFC/Camera",
		type = CAMERA,
		template_name = "",
		lt_grp = 0, srt_grp = 0, usr_flg = 0,
		flags = HIDDEN,
		spatialprops =
		{
			pos = { 467.2113, 26.99194, -49.08447 },
			orient = { {  0.596915,  0.000000, -0.802305 },
					   { -0.060851,  0.997120, -0.045273 },
					   {  0.799994,  0.075846,  0.595195 } }
		},
		cameraprops =
		{
			fovh = 29.99999,
			hvaspect = 1.85,
			nearplane = 0.2,
			farplane = 5000
		}
	},

	{
		entity_name = "Camera_Trader_Desk",
		type = CAMERA,
		template_name = "",
		lt_grp = 0, srt_grp = 0, usr_flg = 0,
		spatialprops =
		{
			pos = { 477.0522, -5.112957, 74.15275 },
			orient = { {  0.953634,  0.000000, -0.300968 },
					   {  0.009157,  0.999537,  0.029015 },
					   {  0.300829, -0.030426,  0.953193 } }
		},
		cameraprops =
		{
			fovh = 30,
			hvaspect = 1.333333,
			nearplane = 0.1,
			farplane = 100000
		}
	},

	{
		entity_name = "Camera_Trader_Wide",
		type = CAMERA,
		template_name = "",
		lt_grp = 0, srt_grp = 0, usr_flg = 0,
		spatialprops =
		{
			pos = { 475.7233, 88.95695, 70.74477 },
			orient = { {  0.474709,  0.000000, -0.880143 },
					   { -0.172769,  0.980545, -0.093184 },
					   {  0.863019,  0.196297,  0.465474 } }
		},
		cameraprops =
		{
			fovh = 35,
			hvaspect = 1.333333,
			nearplane = 0.1,
			farplane = 100000
		}
	},

	{
		entity_name = "Camera_Ship_Desk",
		type = CAMERA,
		template_name = "",
		lt_grp = 0, srt_grp = 0, usr_flg = 0,
		spatialprops =
		{
			pos = { 488.3327, -37.39784, 68.51913 },
			orient = { {  0.713960,  0.000000, -0.700186 },
					   {  0.064379,  0.995764,  0.065646 },
					   {  0.697220, -0.091946,  0.710936 } }
		},
		cameraprops =
		{
			fovh = 30,
			hvaspect = 1.333333,
			nearplane = 0.1,
			farplane = 100000
		}
	},

	{
		entity_name = "Zs/NPC/mFloor1/03/ACU/Camera",
		type = CAMERA,
		template_name = "",
		lt_grp = 0, srt_grp = 0, usr_flg = 0,
		flags = HIDDEN,
		spatialprops =
		{
			pos = { 463.886, 37.63006, -50.63503 },
			orient = { { -0.486379,  0.000000, -0.873748 },
					   { -0.063076,  0.997391,  0.035112 },
					   {  0.871468,  0.072190, -0.485110 } }
		},
		cameraprops =
		{
			fovh = 25,
			hvaspect = 1.85,
			nearplane = 0.2,
			farplane = 5000
		}
	},

	{
		entity_name = "Zs/NPC/mFloor1/03/AC2/Camera",
		type = CAMERA,
		template_name = "",
		lt_grp = 0, srt_grp = 0, usr_flg = 0,
		flags = HIDDEN,
		spatialprops =
		{
			pos = { 456.3223, 89.99381, -39.15935 },
			orient = { {  0.379078,  0.000000, -0.925365 },
					   { -0.172076,  0.982558, -0.070491 },
					   {  0.909225,  0.185955,  0.372466 } }
		},
		cameraprops =
		{
			fovh = 30,
			hvaspect = 1.85,
			nearplane = 0.2,
			farplane = 5000
		}
	},

	{
		entity_name = "Zs/NPC/mFloor1/03/ACOH/Camera",
		type = CAMERA,
		template_name = "",
		lt_grp = 0, srt_grp = 0, usr_flg = 0,
		flags = HIDDEN,
		spatialprops =
		{
			pos = { 457.0711, 98.50008, -47.13016 },
			orient = { { -0.431501,  0.000000, -0.902112 },
					   { -0.171301,  0.981806,  0.081937 },
					   {  0.885699,  0.189889, -0.423651 } }
		},
		cameraprops =
		{
			fovh = 25,
			hvaspect = 1.85,
			nearplane = 0.2,
			farplane = 5000
		}
	},

	{
		entity_name = "Zs/NPC/mFloor1/03/ACS/Camera",
		type = CAMERA,
		template_name = "",
		lt_grp = 0, srt_grp = 0, usr_flg = 0,
		flags = HIDDEN,
		spatialprops =
		{
			pos = { 461.8008, 54.06257, -48.46787 },
			orient = { { -0.359506,  0.000000, -0.933143 },
					   { -0.094001,  0.994913,  0.036215 },
					   {  0.928396,  0.100736, -0.357677 } }
		},
		cameraprops =
		{
			fovh = 25,
			hvaspect = 1.85,
			nearplane = 0.2,
			farplane = 5000
		}
	},

	{
		entity_name = "Zs/NPC/mFloor1/03/P/Stand",
		type = MARKER,
		template_name = "",
		lt_grp = 0, srt_grp = 0, usr_flg = 0,
		spatialprops =
		{
			pos = { 460.249, -0.0054, -65.6805 },
			orient = { { -0.744912,  0.000000, -0.667163 },
					   {  0.000000,  1.000000,  0.000000 },
					   {  0.667163,  0.000000, -0.744912 } }
		}
	},

	{
		entity_name = "Zs/NPC/mFloor1/03/P2/Stand",
		type = MARKER,
		template_name = "",
		lt_grp = 0, srt_grp = 0, usr_flg = 0,
		spatialprops =
		{
			pos = { 459.9373, 0, -65.27193 },
			orient = { { -0.744912,  0.000000, -0.667163 },
					   {  0.000000,  1.000000,  0.000000 },
					   {  0.667163,  0.000000, -0.744912 } }
		}
	},

	{
		entity_name = "Zs/NPC/mFloor1/03/PC2/Camera",
		type = CAMERA,
		template_name = "",
		lt_grp = 0, srt_grp = 0, usr_flg = 0,
		flags = HIDDEN,
		spatialprops =
		{
			pos = { 463.8035, 22.60683, -55.59026 },
			orient = { {  0.941854,  0.000000, -0.336022 },
					   { -0.060189,  0.983827, -0.168708 },
					   {  0.330587,  0.179123,  0.926621 } }
		},
		cameraprops =
		{
			fovh = 30,
			hvaspect = 1.85,
			nearplane = 0.2,
			farplane = 5000
		}
	},

	{
		entity_name = "Zs/NPC/mFloor1/03/PCO/Camera",
		type = CAMERA,
		template_name = "",
		lt_grp = 0, srt_grp = 0, usr_flg = 0,
		flags = HIDDEN,
		spatialprops =
		{
			pos = { 473.1695, -22.84713, -66.61274 },
			orient = { {  0.977175,  0.000000,  0.212435 },
					   {  0.026816,  0.992001, -0.123350 },
					   { -0.210736,  0.126231,  0.969359 } }
		},
		cameraprops =
		{
			fovh = 25,
			hvaspect = 1.85,
			nearplane = 0.2,
			farplane = 5000
		}
	},

	{
		entity_name = "Zs/NPC/mFloor1/03/PCS/Camera",
		type = CAMERA,
		template_name = "",
		lt_grp = 0, srt_grp = 0, usr_flg = 0,
		flags = HIDDEN,
		spatialprops =
		{
			pos = { 471.7657, -20.25601, -60.92498 },
			orient = { {  0.988656,  0.000000,  0.150197 },
					   {  0.021238,  0.989952, -0.139800 },
					   { -0.148687,  0.141404,  0.978722 } }
		},
		cameraprops =
		{
			fovh = 25,
			hvaspect = 1.85,
			nearplane = 0.2,
			farplane = 5000
		}
	},

	{
		entity_name = "Zs/NPC/mFloor1/03/PCU/Camera",
		type = CAMERA,
		template_name = "",
		lt_grp = 0, srt_grp = 0, usr_flg = 0,
		flags = HIDDEN,
		spatialprops =
		{
			pos = { 465.0423, -16.99982, -56.16673 },
			orient = { {  0.972694,  0.000000,  0.232094 },
					   {  0.022717,  0.995198, -0.095205 },
					   { -0.230979,  0.097878,  0.968023 } }
		},
		cameraprops =
		{
			fovh = 25,
			hvaspect = 1.85,
			nearplane = 0.2,
			farplane = 5000
		}
	},

	{
		entity_name = "Zs/NPC/mFloor1/03/TCI/Camera",
		type = CAMERA,
		template_name = "",
		lt_grp = 0, srt_grp = 0, usr_flg = 0,
		flags = HIDDEN,
		spatialprops =
		{
			pos = { 422.4941, 401.1784, -7.015003 },
			orient = { { -0.367683,  0.000000, -0.929951 },
					   { -0.606262,  0.758280,  0.239703 },
					   {  0.705164,  0.651929, -0.278806 } }
		},
		cameraprops =
		{
			fovh = 15,
			hvaspect = 1.85,
			nearplane = 0.2,
			farplane = 5000
		}
	},

	{
		entity_name = "Zs/NPC/mFloor1/03/WFC/Camera",
		type = CAMERA,
		template_name = "",
		lt_grp = 0, srt_grp = 0, usr_flg = 0,
		flags = HIDDEN,
		spatialprops =
		{
			pos = { 477.2544, -46.27724, -61.19817 },
			orient = { {  0.692238,  0.000000, -0.721670 },
					   {  0.099035,  0.990539,  0.094996 },
					   {  0.714842, -0.137231,  0.685688 } }
		},
		cameraprops =
		{
			fovh = 30,
			hvaspect = 1.85,
			nearplane = 0.2,
			farplane = 5000
		}
	},

	{
		entity_name = "Camera_Ship_Wide",
		type = CAMERA,
		template_name = "",
		lt_grp = 0, srt_grp = 0, usr_flg = 0,
		spatialprops =
		{
			pos = { 476.9897, 47.83831, 49.58551 },
			orient = { {  0.592547,  0.000000, -0.805536 },
					   { -0.059612,  0.997258, -0.043850 },
					   {  0.803327,  0.074003,  0.590923 } }
		},
		cameraprops =
		{
			fovh = 35,
			hvaspect = 1.333333,
			nearplane = 0.1,
			farplane = 100000
		}
	},

	{
		entity_name = "X/Shipcentre/02",
		type = MARKER,
		template_name = "",
		lt_grp = 0, srt_grp = 0, usr_flg = 0,
		spatialprops =
		{
			pos = { 5.553366, 0, -160.1879 },
			orient = { { -0.894252,  0.000000, -0.447564 },
					   {  0.000000,  1.000000,  0.000000 },
					   {  0.447564,  0.000000, -0.894252 } }
		}
	},

	{
		entity_name = "Prop_Ship02_L_Elite_Mkr",
		type = MARKER,
		template_name = "",
		lt_grp = 0, srt_grp = 0, usr_flg = 0,
		spatialprops =
		{
			pos = { 15.94484, 0, -171.7511 },
			orient = { { -0.894252,  0.000000, -0.447564 },
					   {  0.000000,  1.000000,  0.000000 },
					   {  0.447564,  0.000000, -0.894252 } }
		}
	},

	{
		entity_name = "Player_Trader",
		type = MARKER,
		template_name = "",
		lt_grp = 0, srt_grp = 0, usr_flg = 0,
		spatialprops =
		{
			pos = { 12.56424, 0, -161.155 },
			orient = { {  0.522833,  0.000000, -0.852435 },
					   {  0.000000,  1.000000,  0.000000 },
					   {  0.852435,  0.000000,  0.522833 } }
		}
	},

	{
		entity_name = "Zg/PC/Player/01/A/Stand",
		type = MARKER,
		template_name = "",
		lt_grp = 0, srt_grp = 0, usr_flg = 0,
		spatialprops =
		{
			pos = { 13.73889, 0, -177.3827 },
			orient = { { -0.938999,  0.000000, -0.343921 },
					   {  0.000000,  1.000000,  0.000000 },
					   {  0.343921,  0.000000, -0.938999 } }
		}
	},

	{
		entity_name = "Zg/NPC/mFloor1/03/A/Stand",
		type = MARKER,
		template_name = "",
		lt_grp = 0, srt_grp = 0, usr_flg = 0,
		spatialprops =
		{
			pos = { 6.187799, 0, -181.5072 },
			orient = { {  0.547389,  0.000000,  0.836878 },
					   {  0.000000,  1.000000,  0.000000 },
					   { -0.836878,  0.000000,  0.547389 } }
		}
	},

	{
		entity_name = "Prop_PlayerShip_Mkr",
		type = MARKER,
		template_name = "",
		lt_grp = 0, srt_grp = 0, usr_flg = 0,
		spatialprops =
		{
			pos = { 6.615082, 0, -222.7673 },
			orient = { { -0.371334,  0.000000,  0.928500 },
					   {  0.000000,  1.000000,  0.000000 },
					   { -0.928500,  0.000000, -0.371334 } }
		}
	},

	{
		entity_name = "Camera_0",
		type = CAMERA,
		template_name = "",
		lt_grp = 0, srt_grp = 0, usr_flg = 0,
		spatialprops =
		{
			pos = { 46.07463, 12.03353, 37.48869 },
			orient = { {  0.714910,  0.000000, -0.699217 },
					   {  0.073568,  0.994449,  0.075219 },
					   {  0.695336, -0.105215,  0.710942 } }
		},
		cameraprops =
		{
			fovh = 35,
			hvaspect = 1.333333,
			nearplane = 2,
			farplane = 100000
		}
	},

	{
		entity_name = "XMarker_Weather",
		type = MARKER,
		template_name = "",
		lt_grp = 0, srt_grp = 0, usr_flg = 0,
		spatialprops =
		{
			pos = { 46.07463, 12.03353, 37.48869 },
			orient = { {  0.714910,  0.000000, -0.699217 },
					   {  0.073568,  0.994449,  0.075219 },
					   {  0.695336, -0.105215,  0.710942 } }
		}
	},

	{
		entity_name = "LtGlareSource_g3",
		type = LIGHT,
		template_name = "",
		lt_grp = 3, srt_grp = 0, usr_flg = 0,
		spatialprops =
		{
			pos = { 46.07463, 22.03353, 37.48869 },
			orient = { {  0.714909,  0.000000, -0.699217 },
					   {  0.073568,  0.994449,  0.075219 },
					   {  0.695336, -0.105215,  0.710941 } }
		},
		lightprops =
		{
			on = N,
			color = { 255, 255, 255 },
			diffuse = { 0.164706, 0.164706, 0.164706 },
			specular = { 0, 0, 0 },
			ambient = { 0, 0, 0 },
			direction = { 0, 0, 1 },
			range = 2000,
			cutoff = 98.99998,
			type = L_POINT,
			theta = 90,
			atten = { 1, 0, 4e-006 }
		}
	},

	{
		entity_name = "LtShadowSource_g3",
		type = LIGHT,
		template_name = "",
		lt_grp = 3, srt_grp = 0, usr_flg = 0,
		spatialprops =
		{
			pos = { 0.441345, -1.622984, 1.088021 },
			orient = { {  0.965904,  0.000000,  0.258901 },
					   { -0.152279,  0.808733,  0.568121 },
					   { -0.209382, -0.588176,  0.781158 } }
		},
		lightprops =
		{
			on = N,
			color = { 0, 0, 0 },
			diffuse = { 0, 0, 0 },
			specular = { 0, 0, 0 },
			ambient = { 0, 0, 0 },
			direction = { 0, 0, 1 },
			range = 2000,
			cutoff = 90,
			type = L_DIRECT,
			theta = 90,
			atten = { 1, 0, 4e-006 }
		}
	}
};

events =
{
};
