duration = 60.187;

entities =
{

	{
		entity_name = "Camera_Equip_Desk",
		type = CAMERA,
		template_name = "",
		lt_grp = 0, srt_grp = 0, usr_flg = 0,
		spatialprops =
		{
			pos = { 3.607909, 1.184168, 23.2608 },
			orient = { {  0.999167,  0.000000,  0.040808 },
					   { -0.007825,  0.981444,  0.191588 },
					   { -0.040051, -0.191747,  0.980627 } }
		},
		cameraprops =
		{
			fovh = 30,
			hvaspect = 1.333333,
			nearplane = 0.1,
			farplane = 100000
		}
	},

	{
		entity_name = "LtShadowSource",
		type = LIGHT,
		template_name = "",
		lt_grp = 0, srt_grp = 0, usr_flg = 0,
		spatialprops =
		{
			pos = { 0.441345, -1.622984, 1.088021 },
			orient = { {  0.060139, -0.154655,  0.986136 },
					   { -0.985208, -0.168008,  0.033734 },
					   {  0.160462, -0.973579, -0.162471 } }
		},
		lightprops =
		{
			on = N,
			color = { 0, 0, 0 },
			diffuse = { 0, 0, 0 },
			specular = { 0, 0, 0 },
			ambient = { 0, 0, 0 },
			direction = { 0, 0, 1 },
			range = 2000,
			cutoff = 90,
			type = L_DIRECT,
			theta = 90,
			atten = { 1, 0, 4e-006 }
		}
	},

	{
		entity_name = "Zs/NPC/Equipment/01/A/Stand",
		type = MARKER,
		template_name = "",
		lt_grp = 0, srt_grp = 0, usr_flg = 0,
		spatialprops =
		{
			pos = { 4.619488, 0, 17.74352 },
			orient = { { -0.254576,  0.000000,  0.967053 },
					   {  0.000000,  1.000000,  0.000000 },
					   { -0.967053,  0.000000, -0.254576 } }
		}
	},

	{
		entity_name = "X/Shipcentre/01",
		type = MARKER,
		template_name = "",
		lt_grp = 0, srt_grp = 0, usr_flg = 0,
		spatialprops =
		{
			pos = { 0.012363, 0, 0.010679 },
			orient = { { -0.726998,  0.000000,  0.686639 },
					   {  0.000000,  1.000000,  0.000000 },
					   { -0.686639,  0.000000, -0.726998 } }
		}
	},

	{
		entity_name = "Layer_Pl_01_Pad_Hardpoint",
		type = SCENE,
		template_name = "",
		lt_grp = 0, srt_grp = 0, usr_flg = 0,
		spatialprops =
		{
			pos = { 0, 0, 0 },
			orient = { { 1, 0, 0 }, { 0, 1, 0 }, { 0, 0, 1 } }
		},
		up = Y_AXIS,
		front = Z_AXIS,
		ambient = { 168, 160, 168 }
	},

	{
		entity_name = "Camera_0",
		type = CAMERA,
		template_name = "",
		lt_grp = 0, srt_grp = 0, usr_flg = 0,
		spatialprops =
		{
			pos = { 22.67496, 19.49225, 77.15772 },
			orient = { {  0.965953,  0.000000, -0.258719 },
					   { -0.030932,  0.992827, -0.115488 },
					   {  0.256863,  0.119559,  0.959024 } }
		},
		cameraprops =
		{
			fovh = 20,
			hvaspect = 1.333333,
			nearplane = 2,
			farplane = 100000
		}
	},

	{
		entity_name = "LtGlareSource",
		type = LIGHT,
		template_name = "",
		lt_grp = 0, srt_grp = 0, usr_flg = 0,
		spatialprops =
		{
			pos = { 22.67496, 29.49225, 77.15772 },
			orient = { {  0.965953,  0.000000, -0.258719 },
					   { -0.030932,  0.992827, -0.115488 },
					   {  0.256863,  0.119559,  0.959024 } }
		},
		lightprops =
		{
			on = N,
			color = { 255, 255, 255 },
			diffuse = { 0.164706, 0.164706, 0.164706 },
			specular = { 0, 0, 0 },
			ambient = { 0, 0, 0 },
			direction = { 0, 0, 1 },
			range = 2000,
			cutoff = 98.99998,
			type = L_POINT,
			theta = 90,
			atten = { 1, 0, 4e-006 }
		}
	},

	{
		entity_name = "Zg/NPC/mFloor1/01/A/Stand",
		type = MARKER,
		template_name = "",
		lt_grp = 0, srt_grp = 0, usr_flg = 0,
		spatialprops =
		{
			pos = { 10.14433, 0, -4.769489 },
			orient = { { -0.985436,  0.000000, -0.170046 },
					   {  0.000000,  1.000000,  0.000000 },
					   {  0.170046,  0.000000, -0.985436 } }
		}
	},

	{
		entity_name = "Zs/NPC/Shipdealer/01/A/Stand",
		type = MARKER,
		template_name = "",
		lt_grp = 0, srt_grp = 0, usr_flg = 0,
		spatialprops =
		{
			pos = { -38.02184, 0, 20.39013 },
			orient = { { -0.542946,  0.000000,  0.839767 },
					   {  0.000000,  1.000000,  0.000000 },
					   { -0.839767,  0.000000, -0.542946 } }
		}
	},

	{
		entity_name = "Zg/NPC/mFloor1/02/A/Stand",
		type = MARKER,
		template_name = "",
		lt_grp = 0, srt_grp = 0, usr_flg = 0,
		spatialprops =
		{
			pos = { -1.541239, 0, 5.401409 },
			orient = { { -0.578812,  0.000000, -0.815461 },
					   {  0.000000,  1.000000,  0.000000 },
					   {  0.815461,  0.000000, -0.578812 } }
		}
	},

	{
		entity_name = "Player_Ship",
		type = MARKER,
		template_name = "",
		lt_grp = 3, srt_grp = 0, usr_flg = 0,
		spatialprops =
		{
			pos = { -37.00121, 0, 20.82145 },
			orient = { {  0.340169,  0.000000, -0.940364 },
					   {  0.000000,  1.000000,  0.000000 },
					   {  0.940364,  0.000000,  0.340169 } }
		}
	},

	{
		entity_name = "Zs/NPC/mFloor1/01/P/Stand",
		type = MARKER,
		template_name = "",
		lt_grp = 0, srt_grp = 0, usr_flg = 0,
		spatialprops =
		{
			pos = { 9.540009, -0.0054, -3.045994 },
			orient = { {  0.849075,  0.000000,  0.528272 },
					   {  0.000000,  1.000000,  0.000000 },
					   { -0.528272,  0.000000,  0.849075 } }
		}
	},

	{
		entity_name = "Zs/NPC/mFloor1/01/P2/Stand",
		type = MARKER,
		template_name = "",
		lt_grp = 0, srt_grp = 0, usr_flg = 0,
		spatialprops =
		{
			pos = { 9.77634, 0, -3.502317 },
			orient = { {  0.849075,  0.000000,  0.528272 },
					   {  0.000000,  1.000000,  0.000000 },
					   { -0.528272,  0.000000,  0.849075 } }
		}
	},

	{
		entity_name = "Zs/NPC/mFloor1/02/P/Stand",
		type = MARKER,
		template_name = "",
		lt_grp = 0, srt_grp = 0, usr_flg = 0,
		spatialprops =
		{
			pos = { -3.185075, -0.0054, 6.197305 },
			orient = { {  0.229519,  0.000000,  0.973304 },
					   {  0.000000,  1.000000,  0.000000 },
					   { -0.973304,  0.000000,  0.229519 } }
		}
	},

	{
		entity_name = "Zs/NPC/mFloor1/02/P2/Stand",
		type = MARKER,
		template_name = "",
		lt_grp = 0, srt_grp = 0, usr_flg = 0,
		spatialprops =
		{
			pos = { -2.695724, 0, 6.040401 },
			orient = { {  0.229519,  0.000000,  0.973304 },
					   {  0.000000,  1.000000,  0.000000 },
					   { -0.973304,  0.000000,  0.229519 } }
		}
	},

	{
		entity_name = "Zs/NPC/Trader/01/A/Stand",
		type = MARKER,
		template_name = "",
		lt_grp = 0, srt_grp = 0, usr_flg = 0,
		spatialprops =
		{
			pos = { 17.94614, 0, 7.078575 },
			orient = { { -0.880174,  0.000000, -0.474651 },
					   {  0.000000,  1.000000,  0.000000 },
					   {  0.474651,  0.000000, -0.880174 } }
		}
	},

	{
		entity_name = "Camera_Track_1",
		type = CAMERA,
		template_name = "",
		lt_grp = 0, srt_grp = 0, usr_flg = 0,
		spatialprops =
		{
			pos = { -0.021245, 12.00001, 18.89516 },
			orient = { {  0.974929,  0.000000,  0.222515 },
					   {  0.026729,  0.992759, -0.117109 },
					   { -0.220904,  0.120120,  0.967870 } }
		},
		cameraprops =
		{
			fovh = 40,
			hvaspect = 1.333333,
			nearplane = 0.1,
			farplane = 100000
		}
	},

	{
		entity_name = "Camera_Track_2",
		type = CAMERA,
		template_name = "",
		lt_grp = 0, srt_grp = 0, usr_flg = 0,
		spatialprops =
		{
			pos = { 17.60919, 12, 3.443492 },
			orient = { { -0.176141,  0.000000, -0.984365 },
					   { -0.202517,  0.978608,  0.036238 },
					   {  0.963307,  0.205734, -0.172373 } }
		},
		cameraprops =
		{
			fovh = 40,
			hvaspect = 1.333333,
			nearplane = 0.1,
			farplane = 100000
		}
	},

	{
		entity_name = "Cart_li_flat02_Marker",
		type = MARKER,
		template_name = "",
		lt_grp = 0, srt_grp = 0, usr_flg = 0,
		spatialprops =
		{
			pos = { -2.020767, 0.77, 11.71493 },
			orient = { { -0.654543,  0.000000,  0.756025 },
					   {  0.000000,  1.000000,  0.000000 },
					   { -0.756025,  0.000000, -0.654543 } }
		}
	},

	{
		entity_name = "Cart_li_Cart01_Marker",
		type = MARKER,
		template_name = "",
		lt_grp = 0, srt_grp = 0, usr_flg = 0,
		spatialprops =
		{
			pos = { -10.88754, 0.58, 4.973846 },
			orient = { { -0.750078,  0.000000,  0.661349 },
					   {  0.000000,  1.000000,  0.000000 },
					   { -0.661349,  0.000000, -0.750078 } }
		}
	},

	{
		entity_name = "Zs/NPC/mFloor1/01/AC2/Camera",
		type = CAMERA,
		template_name = "",
		lt_grp = 0, srt_grp = 0, usr_flg = 0,
		spatialprops =
		{
			pos = { 11.21464, 1.677214, -3.130913 },
			orient = { {  0.599843,  0.000000, -0.800118 },
					   { -0.135228,  0.985614, -0.101379 },
					   {  0.788608,  0.169009,  0.591214 } }
		},
		cameraprops =
		{
			fovh = 30,
			hvaspect = 1.85,
			nearplane = 0.2,
			farplane = 5000
		}
	},

	{
		entity_name = "Zs/NPC/mFloor1/01/ACOH/Camera",
		type = CAMERA,
		template_name = "",
		lt_grp = 0, srt_grp = 0, usr_flg = 0,
		flags = HIDDEN,
		spatialprops =
		{
			pos = { 10.04279, 1.746935, -3.039177 },
			orient = { {  0.984808,  0.000000, -0.173645 },
					   { -0.031065,  0.983868, -0.176180 },
					   {  0.170843,  0.178898,  0.968921 } }
		},
		cameraprops =
		{
			fovh = 25,
			hvaspect = 1.85,
			nearplane = 0.2,
			farplane = 5000
		}
	},

	{
		entity_name = "Zs/NPC/mFloor1/01/ACS/Camera",
		type = CAMERA,
		template_name = "",
		lt_grp = 0, srt_grp = 0, usr_flg = 0,
		flags = HIDDEN,
		spatialprops =
		{
			pos = { 10.16215, 1.594347, -3.518729 },
			orient = { {  0.982236,  0.000000, -0.187651 },
					   { -0.006240,  0.999447, -0.032662 },
					   {  0.187547,  0.033253,  0.981693 } }
		},
		cameraprops =
		{
			fovh = 25,
			hvaspect = 1.85,
			nearplane = 0.2,
			farplane = 5000
		}
	},

	{
		entity_name = "Zs/NPC/mFloor1/01/ACU/Camera",
		type = CAMERA,
		template_name = "",
		lt_grp = 0, srt_grp = 0, usr_flg = 0,
		flags = HIDDEN,
		spatialprops =
		{
			pos = { 10.14582, 1.668712, -3.938629 },
			orient = { {  0.994672,  0.000000, -0.103094 },
					   { -0.003418,  0.999450, -0.032971 },
					   {  0.103037,  0.033148,  0.994125 } }
		},
		cameraprops =
		{
			fovh = 25,
			hvaspect = 1.85,
			nearplane = 0.2,
			farplane = 5000
		}
	},

	{
		entity_name = "Zs/NPC/mFloor1/01/PC2/Camera",
		type = CAMERA,
		template_name = "",
		lt_grp = 0, srt_grp = 0, usr_flg = 0,
		flags = HIDDEN,
		spatialprops =
		{
			pos = { 11.46277, 1.731246, -4.480955 },
			orient = { { -0.183924,  0.000000, -0.982940 },
					   { -0.205182,  0.977970,  0.038393 },
					   {  0.961287,  0.208743, -0.179872 } }
		},
		cameraprops =
		{
			fovh = 30,
			hvaspect = 1.85,
			nearplane = 0.2,
			farplane = 5000
		}
	},

	{
		entity_name = "Zs/NPC/mFloor1/01/PCO/Camera",
		type = CAMERA,
		template_name = "",
		lt_grp = 0, srt_grp = 0, usr_flg = 0,
		flags = HIDDEN,
		spatialprops =
		{
			pos = { 10.6597, 1.776642, -5.016365 },
			orient = { { -0.724060,  0.000000, -0.689737 },
					   { -0.141243,  0.978808,  0.148271 },
					   {  0.675120,  0.204778, -0.708716 } }
		},
		cameraprops =
		{
			fovh = 25,
			hvaspect = 1.85,
			nearplane = 0.2,
			farplane = 5000
		}
	},

	{
		entity_name = "Zs/NPC/mFloor1/01/PCS/Camera",
		type = CAMERA,
		template_name = "",
		lt_grp = 0, srt_grp = 0, usr_flg = 0,
		flags = HIDDEN,
		spatialprops =
		{
			pos = { 10.41822, 1.614689, -4.543748 },
			orient = { { -0.744602,  0.000000, -0.667509 },
					   { -0.037314,  0.998436,  0.041624 },
					   {  0.666465,  0.055901, -0.743437 } }
		},
		cameraprops =
		{
			fovh = 25,
			hvaspect = 1.85,
			nearplane = 0.2,
			farplane = 5000
		}
	},

	{
		entity_name = "Zs/NPC/mFloor1/01/PCU/Camera",
		type = CAMERA,
		template_name = "",
		lt_grp = 0, srt_grp = 0, usr_flg = 0,
		flags = HIDDEN,
		spatialprops =
		{
			pos = { 10.15392, 1.69836, -4.146054 },
			orient = { { -0.791709,  0.000000, -0.610898 },
					   { -0.039491,  0.997908,  0.051179 },
					   {  0.609620,  0.064644, -0.790053 } }
		},
		cameraprops =
		{
			fovh = 25,
			hvaspect = 1.85,
			nearplane = 0.2,
			farplane = 5000
		}
	},

	{
		entity_name = "Zs/NPC/mFloor1/01/WFC/Camera",
		type = CAMERA,
		template_name = "",
		lt_grp = 0, srt_grp = 0, usr_flg = 0,
		flags = HIDDEN,
		spatialprops =
		{
			pos = { 30.93448, 1.304797, -1.475447 },
			orient = { {  0.106456,  0.000000, -0.994317 },
					   { -0.058353,  0.998276, -0.006248 },
					   {  0.992604,  0.058687,  0.106272 } }
		},
		cameraprops =
		{
			fovh = 30,
			hvaspect = 1.85,
			nearplane = 0.2,
			farplane = 5000
		}
	},

	{
		entity_name = "Zs/NPC/mFloor1/02/AC2/Camera",
		type = CAMERA,
		template_name = "",
		lt_grp = 0, srt_grp = 0, usr_flg = 0,
		spatialprops =
		{
			pos = { -1.937797, 1.677214, 7.317977 },
			orient = { {  0.989529,  0.000000, -0.144337 },
					   { -0.024394,  0.985614, -0.167240 },
					   {  0.142261,  0.169009,  0.975294 } }
		},
		cameraprops =
		{
			fovh = 30,
			hvaspect = 1.85,
			nearplane = 0.2,
			farplane = 5000
		}
	},

	{
		entity_name = "Zs/NPC/mFloor1/02/ACOH/Camera",
		type = CAMERA,
		template_name = "",
		lt_grp = 0, srt_grp = 0, usr_flg = 0,
		flags = HIDDEN,
		spatialprops =
		{
			pos = { -2.833385, 1.746935, 6.55668 },
			orient = { {  0.820724,  0.000000,  0.571325 },
					   {  0.102209,  0.983868, -0.146826 },
					   { -0.562108,  0.178898,  0.807484 } }
		},
		cameraprops =
		{
			fovh = 25,
			hvaspect = 1.85,
			nearplane = 0.2,
			farplane = 5000
		}
	},

	{
		entity_name = "Zs/NPC/mFloor1/02/ACS/Camera",
		type = CAMERA,
		template_name = "",
		lt_grp = 0, srt_grp = 0, usr_flg = 0,
		flags = HIDDEN,
		spatialprops =
		{
			pos = { -2.410592, 1.594347, 6.300821 },
			orient = { {  0.828776,  0.000000,  0.559580 },
					   {  0.018608,  0.999447, -0.027559 },
					   { -0.559271,  0.033253,  0.828318 } }
		},
		cameraprops =
		{
			fovh = 25,
			hvaspect = 1.85,
			nearplane = 0.2,
			farplane = 5000
		}
	},

	{
		entity_name = "Zs/NPC/mFloor1/02/ACU/Camera",
		type = CAMERA,
		template_name = "",
		lt_grp = 0, srt_grp = 0, usr_flg = 0,
		flags = HIDDEN,
		spatialprops =
		{
			pos = { -2.126078, 1.668712, 5.991573 },
			orient = { {  0.777968,  0.000000,  0.628304 },
					   {  0.020827,  0.999450, -0.025788 },
					   { -0.627959,  0.033148,  0.777540 } }
		},
		cameraprops =
		{
			fovh = 25,
			hvaspect = 1.85,
			nearplane = 0.2,
			farplane = 5000
		}
	},

	{
		entity_name = "Zs/NPC/mFloor1/02/PC2/Camera",
		type = CAMERA,
		template_name = "",
		lt_grp = 0, srt_grp = 0, usr_flg = 0,
		flags = HIDDEN,
		spatialprops =
		{
			pos = { -0.809868, 1.731246, 6.535701 },
			orient = { {  0.562720,  0.000000, -0.826647 },
					   { -0.172557,  0.977970, -0.117464 },
					   {  0.808437,  0.208743,  0.550324 } }
		},
		cameraprops =
		{
			fovh = 30,
			hvaspect = 1.85,
			nearplane = 0.2,
			farplane = 5000
		}
	},

	{
		entity_name = "Zs/NPC/mFloor1/02/PCO/Camera",
		type = CAMERA,
		template_name = "",
		lt_grp = 0, srt_grp = 0, usr_flg = 0,
		flags = HIDDEN,
		spatialprops =
		{
			pos = { -1.00173, 1.776642, 5.589779 },
			orient = { { -0.027020,  0.000000, -0.999635 },
					   { -0.204703,  0.978808,  0.005533 },
					   {  0.978451,  0.204778, -0.026448 } }
		},
		cameraprops =
		{
			fovh = 25,
			hvaspect = 1.85,
			nearplane = 0.2,
			farplane = 5000
		}
	},

	{
		entity_name = "Zs/NPC/mFloor1/02/PCS/Camera",
		type = CAMERA,
		template_name = "",
		lt_grp = 0, srt_grp = 0, usr_flg = 0,
		flags = HIDDEN,
		spatialprops =
		{
			pos = { -1.506227, 1.614689, 5.754601 },
			orient = { { -0.057260,  0.000000, -0.998359 },
					   { -0.055809,  0.998436,  0.003201 },
					   {  0.996798,  0.055901, -0.057170 } }
		},
		cameraprops =
		{
			fovh = 25,
			hvaspect = 1.85,
			nearplane = 0.2,
			farplane = 5000
		}
	},

	{
		entity_name = "Zs/NPC/mFloor1/02/PCU/Camera",
		type = CAMERA,
		template_name = "",
		lt_grp = 0, srt_grp = 0, usr_flg = 0,
		flags = HIDDEN,
		spatialprops =
		{
			pos = { -1.974062, 1.69836, 5.850216 },
			orient = { { -0.130582,  0.000000, -0.991438 },
					   { -0.064090,  0.997908,  0.008441 },
					   {  0.989364,  0.064644, -0.130309 } }
		},
		cameraprops =
		{
			fovh = 25,
			hvaspect = 1.85,
			nearplane = 0.2,
			farplane = 5000
		}
	},

	{
		entity_name = "Zs/NPC/mFloor1/01/TCI/Camera",
		type = CAMERA,
		template_name = "",
		lt_grp = 0, srt_grp = 0, usr_flg = 0,
		flags = HIDDEN,
		spatialprops =
		{
			pos = { 10.28706, 1.903228, -3.443984 },
			orient = { {  0.967549,  0.000000, -0.252685 },
					   { -0.155388,  0.788569, -0.594990 },
					   {  0.199259,  0.614946,  0.762979 } }
		},
		cameraprops =
		{
			fovh = 15,
			hvaspect = 1.85,
			nearplane = 0.2,
			farplane = 5000
		}
	},

	{
		entity_name = "Zs/NPC/mFloor1/02/TCI/Camera",
		type = CAMERA,
		template_name = "",
		lt_grp = 0, srt_grp = 0, usr_flg = 0,
		flags = HIDDEN,
		spatialprops =
		{
			pos = { -2.374736, 1.903228, 6.441897 },
			orient = { {  0.864222,  0.000000,  0.503111 },
					   {  0.309386,  0.788569, -0.531450 },
					   { -0.396738,  0.614946,  0.681499 } }
		},
		cameraprops =
		{
			fovh = 15,
			hvaspect = 1.85,
			nearplane = 0.2,
			farplane = 5000
		}
	},

	{
		entity_name = "Zs/NPC/mFloor1/02/WFC/Camera",
		type = CAMERA,
		template_name = "",
		lt_grp = 0, srt_grp = 0, usr_flg = 0,
		flags = HIDDEN,
		spatialprops =
		{
			pos = { 3.224607, 0.950378, 9.027502 },
			orient = { {  0.274484, -0.089610, -0.957407 },
					   {  0.046350,  0.995724, -0.079908 },
					   {  0.960474, -0.022443,  0.277463 } }
		},
		cameraprops =
		{
			fovh = 29.99999,
			hvaspect = 1.85,
			nearplane = 0.2,
			farplane = 5000
		}
	},

	{
		entity_name = "Camera_Trader_Desk",
		type = CAMERA,
		template_name = "",
		lt_grp = 0, srt_grp = 0, usr_flg = 0,
		spatialprops =
		{
			pos = { 23.01054, 1.76165, 10.62835 },
			orient = { {  0.494143,  0.000000, -0.869380 },
					   { -0.016566,  0.999818, -0.009416 },
					   {  0.869223,  0.019055,  0.494054 } }
		},
		cameraprops =
		{
			fovh = 30,
			hvaspect = 1.333333,
			nearplane = 0.1,
			farplane = 100000
		}
	},

	{
		entity_name = "Camera_Trader_Wide",
		type = CAMERA,
		template_name = "",
		lt_grp = 0, srt_grp = 0, usr_flg = 0,
		spatialprops =
		{
			pos = { 37.32172, 13.87221, 14.48795 },
			orient = { {  0.394555,  0.000000, -0.918872 },
					   { -0.192266,  0.977864, -0.082557 },
					   {  0.898532,  0.209241,  0.385821 } }
		},
		cameraprops =
		{
			fovh = 35,
			hvaspect = 1.333333,
			nearplane = 0.1,
			farplane = 100000
		}
	},

	{
		entity_name = "Camera_Ship_Desk",
		type = CAMERA,
		template_name = "",
		lt_grp = 0, srt_grp = 0, usr_flg = 0,
		spatialprops =
		{
			pos = { -34.73866, 2.537079, 27.69578 },
			orient = { {  0.786035,  0.000000, -0.618183 },
					   {  0.020558,  0.999447,  0.026140 },
					   {  0.617841, -0.033255,  0.785600 } }
		},
		cameraprops =
		{
			fovh = 30,
			hvaspect = 1.333333,
			nearplane = 0.1,
			farplane = 100000
		}
	},

	{
		entity_name = "Zs/NPC/mFloor1/03/ACU/Camera",
		type = CAMERA,
		template_name = "",
		lt_grp = 0, srt_grp = 0, usr_flg = 0,
		flags = HIDDEN,
		spatialprops =
		{
			pos = { -47.19563, 1.668712, 2.486915 },
			orient = { { -0.245118,  0.000000, -0.969493 },
					   { -0.032136,  0.999450,  0.008125 },
					   {  0.968960,  0.033148, -0.244983 } }
		},
		cameraprops =
		{
			fovh = 25,
			hvaspect = 1.85,
			nearplane = 0.2,
			farplane = 5000
		}
	},

	{
		entity_name = "Zs/NPC/mFloor1/03/AC2/Camera",
		type = CAMERA,
		template_name = "",
		lt_grp = 0, srt_grp = 0, usr_flg = 0,
		flags = HIDDEN,
		spatialprops =
		{
			pos = { -46.55008, 1.677214, 1.313006 },
			orient = { { -0.878090,  0.000000, -0.478496 },
					   { -0.080870,  0.985614,  0.148405 },
					   {  0.471612,  0.169009, -0.865458 } }
		},
		cameraprops =
		{
			fovh = 30,
			hvaspect = 1.85,
			nearplane = 0.2,
			farplane = 5000
		}
	},

	{
		entity_name = "Zs/NPC/mFloor1/03/ACOH/Camera",
		type = CAMERA,
		template_name = "",
		lt_grp = 0, srt_grp = 0, usr_flg = 0,
		flags = HIDDEN,
		spatialprops =
		{
			pos = { -46.29071, 1.746935, 2.459469 },
			orient = { { -0.313516,  0.000000, -0.949583 },
					   { -0.169879,  0.983868,  0.056087 },
					   {  0.934264,  0.178898, -0.308458 } }
		},
		cameraprops =
		{
			fovh = 25,
			hvaspect = 1.85,
			nearplane = 0.2,
			farplane = 5000
		}
	},

	{
		entity_name = "Zs/NPC/mFloor1/03/ACS/Camera",
		type = CAMERA,
		template_name = "",
		lt_grp = 0, srt_grp = 0, usr_flg = 0,
		flags = HIDDEN,
		spatialprops =
		{
			pos = { -46.78244, 1.594347, 2.410341 },
			orient = { { -0.327006,  0.000000, -0.945022 },
					   { -0.031425,  0.999447,  0.010874 },
					   {  0.944500,  0.033253, -0.326825 } }
		},
		cameraprops =
		{
			fovh = 25,
			hvaspect = 1.85,
			nearplane = 0.2,
			farplane = 5000
		}
	},

	{
		entity_name = "Zs/NPC/mFloor1/03/P/Stand",
		type = MARKER,
		template_name = "",
		lt_grp = 0, srt_grp = 0, usr_flg = 0,
		spatialprops =
		{
			pos = { -46.22512, -0.0054, 2.958001 },
			orient = { {  0.400626,  0.000000, -0.916242 },
					   {  0.000000,  1.000000,  0.000000 },
					   {  0.916242,  0.000000,  0.400626 } }
		}
	},

	{
		entity_name = "Zs/NPC/mFloor1/03/P2/Stand",
		type = MARKER,
		template_name = "",
		lt_grp = 0, srt_grp = 0, usr_flg = 0,
		spatialprops =
		{
			pos = { -46.7107, 0, 2.789777 },
			orient = { {  0.400626,  0.000000, -0.916242 },
					   {  0.000000,  1.000000,  0.000000 },
					   {  0.916242,  0.000000,  0.400626 } }
		}
	},

	{
		entity_name = "Zs/NPC/mFloor1/03/PC2/Camera",
		type = CAMERA,
		template_name = "",
		lt_grp = 0, srt_grp = 0, usr_flg = 0,
		flags = HIDDEN,
		spatialprops =
		{
			pos = { -47.92177, 1.731246, 1.261681 },
			orient = { { -0.946256,  0.000000,  0.323418 },
					   {  0.067511,  0.977970,  0.197525 },
					   { -0.316293,  0.208743, -0.925411 } }
		},
		cameraprops =
		{
			fovh = 30,
			hvaspect = 1.85,
			nearplane = 0.2,
			farplane = 5000
		}
	},

	{
		entity_name = "Zs/NPC/mFloor1/03/PCO/Camera",
		type = CAMERA,
		template_name = "",
		lt_grp = 0, srt_grp = 0, usr_flg = 0,
		flags = HIDDEN,
		spatialprops =
		{
			pos = { -48.33608, 1.776642, 2.133419 },
			orient = { { -0.578396,  0.000000,  0.815756 },
					   {  0.167049,  0.978808,  0.118443 },
					   { -0.798469,  0.204778, -0.566139 } }
		},
		cameraprops =
		{
			fovh = 25,
			hvaspect = 1.85,
			nearplane = 0.2,
			farplane = 5000
		}
	},

	{
		entity_name = "Zs/NPC/mFloor1/03/PCS/Camera",
		type = CAMERA,
		template_name = "",
		lt_grp = 0, srt_grp = 0, usr_flg = 0,
		flags = HIDDEN,
		spatialprops =
		{
			pos = { -47.83364, 1.614689, 2.304402 },
			orient = { { -0.553444,  0.000000,  0.832886 },
					   {  0.046559,  0.998436,  0.030938 },
					   { -0.831584,  0.055901, -0.552579 } }
		},
		cameraprops =
		{
			fovh = 25,
			hvaspect = 1.85,
			nearplane = 0.2,
			farplane = 5000
		}
	},

	{
		entity_name = "Zs/NPC/mFloor1/03/PCU/Camera",
		type = CAMERA,
		template_name = "",
		lt_grp = 0, srt_grp = 0, usr_flg = 0,
		flags = HIDDEN,
		spatialprops =
		{
			pos = { -47.40206, 1.69836, 2.508732 },
			orient = { { -0.490648,  0.000000,  0.871358 },
					   {  0.056328,  0.997908,  0.031717 },
					   { -0.869535,  0.064644, -0.489622 } }
		},
		cameraprops =
		{
			fovh = 25,
			hvaspect = 1.85,
			nearplane = 0.2,
			farplane = 5000
		}
	},

	{
		entity_name = "Zs/NPC/mFloor1/03/TCI/Camera",
		type = CAMERA,
		template_name = "",
		lt_grp = 0, srt_grp = 0, usr_flg = 0,
		flags = HIDDEN,
		spatialprops =
		{
			pos = { -46.72644, 1.903228, 2.275982 },
			orient = { { -0.389250,  0.000000, -0.921132 },
					   { -0.566446,  0.788570,  0.239368 },
					   {  0.726377,  0.614946, -0.306951 } }
		},
		cameraprops =
		{
			fovh = 15,
			hvaspect = 1.85,
			nearplane = 0.2,
			farplane = 5000
		}
	},

	{
		entity_name = "Zs/NPC/mFloor1/03/WFC/Camera",
		type = CAMERA,
		template_name = "",
		lt_grp = 0, srt_grp = 0, usr_flg = 0,
		flags = HIDDEN,
		spatialprops =
		{
			pos = { -39.64421, 21.47595, -12.07819 },
			orient = { { -0.951260,  0.000000, -0.308389 },
					   { -0.234640,  0.648918,  0.723775 },
					   {  0.200119,  0.760859, -0.617290 } }
		},
		cameraprops =
		{
			fovh = 30,
			hvaspect = 1.85,
			nearplane = 0.2,
			farplane = 5000
		}
	},

	{
		entity_name = "Camera_Ship_Wide",
		type = CAMERA,
		template_name = "",
		lt_grp = 0, srt_grp = 0, usr_flg = 0,
		spatialprops =
		{
			pos = { -35.17271, 19.02607, 43.33808 },
			orient = { {  0.970959,  0.000000, -0.239245 },
					   { -0.083733,  0.936754, -0.339825 },
					   {  0.224113,  0.349989,  0.909550 } }
		},
		cameraprops =
		{
			fovh = 35,
			hvaspect = 1.333333,
			nearplane = 0.1,
			farplane = 100000
		}
	},

	{
		entity_name = "X/Shipcentre/02",
		type = MARKER,
		template_name = "",
		lt_grp = 0, srt_grp = 0, usr_flg = 0,
		spatialprops =
		{
			pos = { -47.6373, 0, 12.73767 },
			orient = { {  0.952981,  0.000000,  0.303030 },
					   {  0.000000,  1.000000,  0.000000 },
					   { -0.303030,  0.000000,  0.952981 } }
		}
	},

	{
		entity_name = "Prop_Ship02_L_Elite_Mkr",
		type = MARKER,
		template_name = "",
		lt_grp = 0, srt_grp = 0, usr_flg = 0,
		spatialprops =
		{
			pos = { -47.6373, 0, 12.73767 },
			orient = { {  0.952981,  0.000000,  0.303030 },
					   {  0.000000,  1.000000,  0.000000 },
					   { -0.303030,  0.000000,  0.952981 } }
		}
	},

	{
		entity_name = "Zg/PC/Player/01/A/Stand",
		type = MARKER,
		template_name = "",
		lt_grp = 0, srt_grp = 0, usr_flg = 0,
		spatialprops =
		{
			pos = { -18.8333, 0, -6.154572 },
			orient = { { -0.736678,  0.000000,  0.676244 },
					   {  0.000000,  1.000000,  0.000000 },
					   { -0.676244,  0.000000, -0.736678 } }
		}
	},

	{
		entity_name = "Zg/NPC/mFloor1/03/A/Stand",
		type = MARKER,
		template_name = "",
		lt_grp = 0, srt_grp = 0, usr_flg = 0,
		spatialprops =
		{
			pos = { -48.01763, 0, 2.60791 },
			orient = { { -0.026509,  0.000000,  0.999649 },
					   {  0.000000,  1.000000,  0.000000 },
					   { -0.999649,  0.000000, -0.026509 } }
		}
	},

	{
		entity_name = "Bin_artifacts_1_1",
		type = COMPOUND,
		template_name = "StackGreen_Refgoods",
		lt_grp = 3, srt_grp = 0, usr_flg = 0,
		flags = LIT_DYNAMIC,
		spatialprops =
		{
			pos = { 20.90742, 0.359937, 2.905418 },
			orient = { { -0.594015,  0.000000,  0.804454 },
					   {  0.000000,  1.000000,  0.000000 },
					   { -0.804454,  0.000000, -0.594015 } }
		},
		userprops =
		{
			category = "Equipment",
			Priority = "Bin_1",
		}
	},

	{
		entity_name = "Bin_machines_1_2",
		type = COMPOUND,
		template_name = "Stackwhite_liquidgas",
		lt_grp = 3, srt_grp = 0, usr_flg = 0,
		flags = LIT_DYNAMIC,
		spatialprops =
		{
			pos = { 19.53779, 0.369627, 5.20166 },
			orient = { { -0.594015,  0.000000,  0.804454 },
					   {  0.000000,  1.000000,  0.000000 },
					   { -0.804454,  0.000000, -0.594015 } }
		},
		userprops =
		{
			category = "Equipment",
			Priority = "Bin_1",
		}
	},

	{
		entity_name = "Set_pl_01_planetscape_1",
		type = COMPOUND,
		template_name = "pl_01_planetscape",
		lt_grp = 0, srt_grp = 0, usr_flg = 0,
		flags = LIT_DYNAMIC,
		spatialprops =
		{
			pos = { 0, 0, 0 },
			orient = { { 1, 0, 0 }, { 0, 1, 0 }, { 0, 0, 1 } }
		},
		userprops =
		{
			category = "Room",
		}
	},

	{
		entity_name = "Prop_PlayerShip_Mkr",
		type = MARKER,
		template_name = "",
		lt_grp = 0, srt_grp = 0, usr_flg = 0,
		spatialprops =
		{
			pos = { 0.012363, 0, 0.010679 },
			orient = { { -0.726998,  0.000000,  0.686639 },
					   {  0.000000,  1.000000,  0.000000 },
					   { -0.686639,  0.000000, -0.726998 } }
		}
	},

	{
		entity_name = "Set_landingpad_pittsburgh_a",
		type = COMPOUND,
		template_name = "landingpad_pittsburgh_a",
		lt_grp = 0, srt_grp = 0, usr_flg = 0,
		flags = LIT_DYNAMIC,
		spatialprops =
		{
			pos = { -47.56914, 0, 13.40359 },
			orient = { {  0.802834,  0.000000, -0.596202 },
					   { -0.596202,  0.000047, -0.802834 },
					   {  0.000028,  1.000000,  0.000038 } }
		},
		userprops =
		{
			category = "Prop",
		}
	},

	{
		entity_name = "Cart_li_cart_01",
		type = COMPOUND,
		template_name = "li_cart",
		lt_grp = 0, srt_grp = 0, usr_flg = 0,
		flags = LIT_DYNAMIC,
		spatialprops =
		{
			pos = { -10.88754, 0.58, 4.973846 },
			orient = { { -0.750078,  0.000000,  0.661349 },
					   {  0.000000,  1.000000,  0.000000 },
					   { -0.661349,  0.000000, -0.750078 } }
		},
		userprops =
		{
			category = "Equipment Cart",
			Priority = "Equip_2",
		}
	},

	{
		entity_name = "Cart_li_flat_02",
		type = COMPOUND,
		template_name = "li_flat",
		lt_grp = 0, srt_grp = 0, usr_flg = 0,
		flags = LIT_DYNAMIC,
		spatialprops =
		{
			pos = { -2.020767, 0.77, 11.71493 },
			orient = { { -0.654543,  0.000000,  0.756025 },
					   {  0.000000,  1.000000,  0.000000 },
					   { -0.756025,  0.000000, -0.654543 } }
		},
		userprops =
		{
			category = "Equipment Cart",
			Priority = "Equip_2",
		}
	},

	{
		entity_name = "rtcprop_hardware_li_free_flow_ion_drive_5",
		type = COMPOUND,
		template_name = "rtcprop_hardware_li_free_flow_ion_drive",
		lt_grp = 3, srt_grp = 0, usr_flg = 0,
		flags = LIT_DYNAMIC,
		spatialprops =
		{
			pos = { -10.97061, 1.554153, 4.791596 },
			orient = { {  0.740006,  0.000000,  0.672600 },
					   {  0.000000,  1.000000,  0.000000 },
					   { -0.672600,  0.000000,  0.740006 } }
		},
		userprops =
		{
			category = "Equipment",
			Priority = "Equip_1",
		}
	},

	{
		entity_name = "rtcprop_hardware_li_fusion_reactor_6",
		type = COMPOUND,
		template_name = "rtcprop_hardware_li_fusion_reactor",
		lt_grp = 3, srt_grp = 0, usr_flg = 0,
		flags = LIT_DYNAMIC,
		spatialprops =
		{
			pos = { -4.758768, 1.914411, 9.223675 },
			orient = { {  0.782561,  0.000000,  0.622574 },
					   {  0.000000,  1.000000,  0.000000 },
					   { -0.622574,  0.000000,  0.782561 } }
		},
		userprops =
		{
			category = "Equipment",
			Priority = "Equip_1",
		}
	},

	{
		entity_name = "rtcprop_hardware_li_policing_armor_7",
		type = COMPOUND,
		template_name = "rtcprop_hardware_li_policing_armor",
		lt_grp = 3, srt_grp = 0, usr_flg = 0,
		flags = LIT_DYNAMIC,
		spatialprops =
		{
			pos = { -8.548048, 1.914706, 7.506566 },
			orient = { { 1, 0, 0 }, { 0, 1, 0 }, { 0, 0, 1 } }
		},
		userprops =
		{
			category = "Equipment",
			Priority = "Equip_1",
		}
	},

	{
		entity_name = "rtcprop_weapons_li_heavy_ion_blaster_9",
		type = COMPOUND,
		template_name = "rtcprop_weapons_li_heavy_ion_blaster",
		lt_grp = 3, srt_grp = 0, usr_flg = 0,
		flags = LIT_DYNAMIC,
		spatialprops =
		{
			pos = { -0.106602, 1.186955, 14.6836 },
			orient = { {  0.769089,  0.000000,  0.639141 },
					   {  0.000000,  1.000000,  0.000000 },
					   { -0.639141,  0.000000,  0.769089 } }
		},
		userprops =
		{
			category = "Equipment",
			Priority = "Equip_1",
		}
	},

	{
		entity_name = "rtcprop_weapons_li_laser_beam_10",
		type = COMPOUND,
		template_name = "rtcprop_weapons_li_laser_beam",
		lt_grp = 3, srt_grp = 0, usr_flg = 0,
		flags = LIT_DYNAMIC,
		spatialprops =
		{
			pos = { -2.13877, 1.185267, 12.82024 },
			orient = { {  0.788775,  0.000000,  0.614682 },
					   {  0.000000,  1.000000,  0.000000 },
					   { -0.614682,  0.000000,  0.788775 } }
		},
		userprops =
		{
			category = "Equipment",
			Priority = "Equip_1",
		}
	},

	{
		entity_name = "rtcprop_weapons_li_plasma_blaster_11",
		type = COMPOUND,
		template_name = "rtcprop_weapons_li_plasma_blaster",
		lt_grp = 3, srt_grp = 0, usr_flg = 0,
		flags = LIT_DYNAMIC,
		spatialprops =
		{
			pos = { -2.88695, 1.18324, 11.86699 },
			orient = { {  0.799943,  0.000000,  0.600076 },
					   {  0.000000,  1.000000,  0.000000 },
					   { -0.600076,  0.000000,  0.799943 } }
		},
		userprops =
		{
			category = "Equipment",
			Priority = "Equip_1",
		}
	},

	{
		entity_name = "rtcprop_weapons_li_rad_launcher_12",
		type = COMPOUND,
		template_name = "rtcprop_weapons_li_rad_launcher",
		lt_grp = 3, srt_grp = 0, usr_flg = 0,
		flags = LIT_DYNAMIC,
		spatialprops =
		{
			pos = { -13.46373, 0.816501, 2.852528 },
			orient = { {  0.740385,  0.000000,  0.672184 },
					   {  0.000000,  1.000000,  0.000000 },
					   { -0.672184,  0.000000,  0.740385 } }
		},
		userprops =
		{
			category = "Equipment",
			Priority = "Equip_1",
		}
	},

	{
		entity_name = "X/Marker_Weather",
		type = MARKER,
		template_name = "",
		lt_grp = 0, srt_grp = 0, usr_flg = 0,
		spatialprops =
		{
			pos = { 22.67496, 19.49225, 77.15772 },
			orient = { {  0.965953,  0.000000, -0.258719 },
					   { -0.030932,  0.992827, -0.115488 },
					   {  0.256863,  0.119559,  0.959024 } }
		}
	},

	{
		entity_name = "Set_pl_01_bar_facade_1",
		type = COMPOUND,
		template_name = "pl_01_bar_facade",
		lt_grp = 0, srt_grp = 0, usr_flg = 0,
		flags = LIT_DYNAMIC + LIT_AMBIENT,
		spatialprops =
		{
			pos = { 92.8034, 18.81576, 35.80216 },
			orient = { { -0.398749,  0.000000,  0.917060 },
					   {  0.000000,  1.000000,  0.000000 },
					   { -0.917060,  0.000000, -0.398749 } }
		},
		userprops =
		{
			category = "Prop",
		}
	},

	{
		entity_name = "Zs/NPC/Trader/01/AC2/Camera",
		type = CAMERA,
		template_name = "",
		lt_grp = 0, srt_grp = 0, usr_flg = 0,
		flags = HIDDEN,
		spatialprops =
		{
			pos = { 18.43969, 1.677214, 8.972486 },
			orient = { {  0.823183,  0.000000, -0.567776 },
					   { -0.095960,  0.985614, -0.139126 },
					   {  0.559608,  0.169009,  0.811341 } }
		},
		cameraprops =
		{
			fovh = 30,
			hvaspect = 1.85,
			nearplane = 0.2,
			farplane = 5000
		}
	},

	{
		entity_name = "Zs/NPC/Shipdealer/01/AC2/Camera",
		type = CAMERA,
		template_name = "",
		lt_grp = 0, srt_grp = 0, usr_flg = 0,
		flags = HIDDEN,
		spatialprops =
		{
			pos = { -37.4405, 1.682559, 22.0839 },
			orient = { {  0.999585,  0.000000, -0.028809 },
					   { -0.005357,  0.982558, -0.185878 },
					   {  0.028307,  0.185955,  0.982150 } }
		},
		cameraprops =
		{
			fovh = 30,
			hvaspect = 1.85,
			nearplane = 0.2,
			farplane = 5000
		}
	},

	{
		entity_name = "Zs/NPC/Equipment/01/AC2/Camera",
		type = CAMERA,
		template_name = "",
		lt_grp = 0, srt_grp = 0, usr_flg = 0,
		flags = HIDDEN,
		spatialprops =
		{
			pos = { 5.699172, 1.682559, 19.17219 },
			orient = { {  0.940958,  0.000000, -0.338522 },
					   { -0.062950,  0.982558, -0.174976 },
					   {  0.332618,  0.185955,  0.924547 } }
		},
		cameraprops =
		{
			fovh = 30,
			hvaspect = 1.85,
			nearplane = 0.2,
			farplane = 5000
		}
	},

	{
		entity_name = "Zs/NPC/Trader/01/ACOH/Camera",
		type = CAMERA,
		template_name = "",
		lt_grp = 0, srt_grp = 0, usr_flg = 0,
		flags = HIDDEN,
		spatialprops =
		{
			pos = { 17.21344, 1.746935, 8.673253 },
			orient = { {  0.981335,  0.000000,  0.192304 },
					   {  0.034399,  0.983871, -0.175542 },
					   { -0.189202,  0.178881,  0.965507 } }
		},
		cameraprops =
		{
			fovh = 25,
			hvaspect = 1.85,
			nearplane = 0.2,
			farplane = 5000
		}
	},

	{
		entity_name = "Zs/NPC/Shipdealer/01/ACOH/Camera",
		type = CAMERA,
		template_name = "",
		lt_grp = 0, srt_grp = 0, usr_flg = 0,
		flags = HIDDEN,
		spatialprops =
		{
			pos = { -36.71244, 1.747494, 21.30742 },
			orient = { {  0.738676,  0.000000, -0.674061 },
					   { -0.122128,  0.983450, -0.133834 },
					   {  0.662905,  0.181182,  0.726450 } }
		},
		cameraprops =
		{
			fovh = 25,
			hvaspect = 1.85,
			nearplane = 0.2,
			farplane = 5000
		}
	},

	{
		entity_name = "Zs/NPC/Equipment/01/ACOH/Camera",
		type = CAMERA,
		template_name = "",
		lt_grp = 0, srt_grp = 0, usr_flg = 0,
		flags = HIDDEN,
		spatialprops =
		{
			pos = { 6.149366, 1.747494, 18.20766 },
			orient = { {  0.492161,  0.000000, -0.870504 },
					   { -0.157719,  0.983450, -0.089170 },
					   {  0.856097,  0.181182,  0.484016 } }
		},
		cameraprops =
		{
			fovh = 25,
			hvaspect = 1.85,
			nearplane = 0.2,
			farplane = 5000
		}
	},

	{
		entity_name = "Zs/NPC/Trader/01/ACS/Camera",
		type = CAMERA,
		template_name = "",
		lt_grp = 0, srt_grp = 0, usr_flg = 0,
		flags = HIDDEN,
		spatialprops =
		{
			pos = { 17.56521, 1.594347, 8.270047 },
			orient = { {  0.990912,  0.000000,  0.134512 },
					   {  0.004473,  0.999447, -0.032951 },
					   { -0.134437,  0.033253,  0.990364 } }
		},
		cameraprops =
		{
			fovh = 25,
			hvaspect = 1.85,
			nearplane = 0.2,
			farplane = 5000
		}
	},

	{
		entity_name = "Zs/NPC/Shipdealer/01/ACS/Camera",
		type = CAMERA,
		template_name = "",
		lt_grp = 0, srt_grp = 0, usr_flg = 0,
		flags = HIDDEN,
		spatialprops =
		{
			pos = { -37.05288, 1.670566, 21.03821 },
			orient = { {  0.691477,  0.000000, -0.722398 },
					   { -0.066493,  0.995755, -0.063647 },
					   {  0.719332,  0.092045,  0.688542 } }
		},
		cameraprops =
		{
			fovh = 25,
			hvaspect = 1.85,
			nearplane = 0.2,
			farplane = 5000
		}
	},

	{
		entity_name = "Zs/NPC/Equipment/01/ACS/Camera",
		type = CAMERA,
		template_name = "",
		lt_grp = 0, srt_grp = 0, usr_flg = 0,
		flags = HIDDEN,
		spatialprops =
		{
			pos = { 5.742045, 1.670566, 18.0578 },
			orient = { {  0.432262,  0.000000, -0.901748 },
					   { -0.083001,  0.995755, -0.039788 },
					   {  0.897920,  0.092045,  0.430427 } }
		},
		cameraprops =
		{
			fovh = 25,
			hvaspect = 1.85,
			nearplane = 0.2,
			farplane = 5000
		}
	},

	{
		entity_name = "Zs/NPC/Trader/01/P/Stand",
		type = MARKER,
		template_name = "",
		lt_grp = 0, srt_grp = 0, usr_flg = 0,
		spatialprops =
		{
			pos = { 16.82501, -0.0054, 8.52035 },
			orient = { {  0.636955,  0.000000,  0.770901 },
					   {  0.000000,  1.000000,  0.000000 },
					   { -0.770901,  0.000000,  0.636955 } }
		}
	},

	{
		entity_name = "Zs/NPC/Shipdealer/01/P/Stand",
		type = MARKER,
		template_name = "",
		lt_grp = 0, srt_grp = 0, usr_flg = 0,
		flags = HIDDEN,
		spatialprops =
		{
			pos = { -36.46252, -0.0054, 20.82472 },
			orient = { {  0.307705,  0.000000, -0.951482 },
					   {  0.000000,  1.000000,  0.000000 },
					   {  0.951482,  0.000000,  0.307705 } }
		}
	},

	{
		entity_name = "Zs/NPC/Equipment/01/P/Stand",
		type = MARKER,
		template_name = "",
		lt_grp = 0, srt_grp = 0, usr_flg = 0,
		spatialprops =
		{
			pos = { 6.23662, -0.0054, 17.67115 },
			orient = { { -0.003752,  0.000000, -0.999993 },
					   {  0.000000,  1.000000,  0.000000 },
					   {  0.999993,  0.000000, -0.003752 } }
		}
	},

	{
		entity_name = "Zs/NPC/Trader/01/P2/Stand",
		type = MARKER,
		template_name = "",
		lt_grp = 0, srt_grp = 0, usr_flg = 0,
		spatialprops =
		{
			pos = { 17.19421, 0, 8.162893 },
			orient = { {  0.636955,  0.000000,  0.770901 },
					   {  0.000000,  1.000000,  0.000000 },
					   { -0.770901,  0.000000,  0.636955 } }
		}
	},

	{
		entity_name = "Zs/NPC/Shipdealer/01/P2/Stand",
		type = MARKER,
		template_name = "",
		lt_grp = 0, srt_grp = 0, usr_flg = 0,
		spatialprops =
		{
			pos = { -36.9624, 0, 20.70552 },
			orient = { {  0.307706,  0.000000, -0.951482 },
					   {  0.000000,  1.000000,  0.000000 },
					   {  0.951482,  0.000000,  0.307706 } }
		}
	},

	{
		entity_name = "Zs/NPC/Equipment/01/P2/Stand",
		type = MARKER,
		template_name = "",
		lt_grp = 0, srt_grp = 0, usr_flg = 0,
		spatialprops =
		{
			pos = { 5.724475, 0, 17.71347 },
			orient = { { -0.003752,  0.000000, -0.999993 },
					   {  0.000000,  1.000000,  0.000000 },
					   {  0.999993,  0.000000, -0.003752 } }
		}
	},

	{
		entity_name = "Zs/NPC/Trader/01/PC2/Camera",
		type = CAMERA,
		template_name = "",
		lt_grp = 0, srt_grp = 0, usr_flg = 0,
		flags = HIDDEN,
		spatialprops =
		{
			pos = { 19.10433, 1.731246, 7.771476 },
			orient = { {  0.138270,  0.000000, -0.990395 },
					   { -0.206738,  0.977970, -0.028863 },
					   {  0.968577,  0.208743,  0.135224 } }
		},
		cameraprops =
		{
			fovh = 30,
			hvaspect = 1.85,
			nearplane = 0.2,
			farplane = 5000
		}
	},

	{
		entity_name = "Zs/NPC/Shipdealer/01/PC2/Camera",
		type = CAMERA,
		template_name = "",
		lt_grp = 0, srt_grp = 0, usr_flg = 0,
		flags = HIDDEN,
		spatialprops =
		{
			pos = { -38.59909, 1.692124, 21.49779 },
			orient = { {  0.689141,  0.000000,  0.724627 },
					   {  0.129798,  0.983827, -0.123441 },
					   { -0.712908,  0.179123,  0.677995 } }
		},
		cameraprops =
		{
			fovh = 30,
			hvaspect = 1.85,
			nearplane = 0.2,
			farplane = 5000
		}
	},

	{
		entity_name = "Zs/NPC/Equipment/01/PC2/Camera",
		type = CAMERA,
		template_name = "",
		lt_grp = 0, srt_grp = 0, usr_flg = 0,
		flags = HIDDEN,
		spatialprops =
		{
			pos = { 4.415704, 1.692124, 18.97584 },
			orient = { {  0.880462,  0.000000,  0.474117 },
					   {  0.084925,  0.983827, -0.157711 },
					   { -0.466449,  0.179123,  0.866222 } }
		},
		cameraprops =
		{
			fovh = 30,
			hvaspect = 1.85,
			nearplane = 0.2,
			farplane = 5000
		}
	},

	{
		entity_name = "Zs/NPC/Trader/01/PCS/Camera",
		type = CAMERA,
		template_name = "",
		lt_grp = 0, srt_grp = 0, usr_flg = 0,
		flags = HIDDEN,
		spatialprops =
		{
			pos = { 18.134, 1.614689, 7.379706 },
