duration = 750.000;

entities =
{

	{
		entity_name = "Layer_Pl_12_Pad_Ambi_Dusk",
		type = SCENE,
		template_name = "",
		lt_grp = 0, srt_grp = 0, usr_flg = 0,
		spatialprops =
		{
			pos = { 0, 0, 0 },
			orient = { { 1, 0, 0 }, { 0, 1, 0 }, { 0, 0, 1 } }
		},
		up = Y_AXIS,
		front = Z_AXIS,
		ambient = { 51, 51, 240 }
	},

	{
		entity_name = "LtCity03oc",
		type = LIGHT,
		template_name = "",
		lt_grp = 0, srt_grp = 0, usr_flg = 0,
		spatialprops =
		{
			pos = { -6.854959, 0, -0.991775 },
			orient = { { -0.516656,  0.110910,  0.848979 },
					   {  0.757279, -0.403467,  0.513560 },
					   {  0.399494,  0.908247,  0.124464 } }
		},
		lightprops =
		{
			on = Y,
			color = { 255, 197, 89 },
			diffuse = { 1, 0.768628, 0.34902 },
			specular = { 0, 0, 0 },
			ambient = { 0, 0, 0 },
			direction = { 0, 0, 1 },
			range = 100000,
			cutoff = 82.49996,
			type = L_SPOT,
			theta = 74.99998,
			atten = { 1, 0, 0 }
		}
	},

	{
		entity_name = "LtCity05oc",
		type = LIGHT,
		template_name = "",
		lt_grp = 0, srt_grp = 0, usr_flg = 0,
		spatialprops =
		{
			pos = { 495.4901, 1200.675, 472.5602 },
			orient = { { -0.966855,  0.049036,  0.250573 },
					   { -0.183383,  0.549486, -0.815129 },
					   { -0.177657, -0.834063, -0.522281 } }
		},
		lightprops =
		{
			on = Y,
			color = { 255, 221, 157 },
			diffuse = { 1, 0.866667, 0.611765 },
			specular = { 0, 0, 0 },
			ambient = { 0, 0, 0 },
			direction = { 0, 0, 1 },
			range = 100000,
			cutoff = 71.49998,
			type = L_SPOT,
			theta = 65,
			atten = { 1, 0, 0 }
		}
	},

	{
		entity_name = "LtCity10oc",
		type = LIGHT,
		template_name = "",
		lt_grp = 0, srt_grp = 0, usr_flg = 0,
		spatialprops =
		{
			pos = { -4291.608, 2674.527, -3241.522 },
			orient = { {  0.380817, -0.015682, -0.924517 },
					   {  0.517020,  0.832557,  0.198843 },
					   {  0.766595, -0.553717,  0.325160 } }
		},
		lightprops =
		{
			on = N,
			color = { 196, 166, 225 },
			diffuse = { 0.25098, 0.215686, 0.282353 },
			specular = { 0, 0, 0 },
			ambient = { 0, 0, 0 },
			direction = { 0, 0, 1 },
			range = 100000,
			cutoff = 71.49998,
			type = L_SPOT,
			theta = 65,
			atten = { 1, 0, 0 }
		}
	},

	{
		entity_name = "LtBGround",
		type = LIGHT,
		template_name = "",
		lt_grp = 0, srt_grp = 0, usr_flg = 0,
		spatialprops =
		{
			pos = { -461.52, 3129.65, -1941.129 },
			orient = { { -0.766711,  0.049692, -0.640067 },
					   {  0.045858,  0.998692,  0.022603 },
					   {  0.640353, -0.012022, -0.767987 } }
		},
		lightprops =
		{
			on = Y,
			color = { 126, 80, 133 },
			diffuse = { 0.494118, 0.313726, 0.521569 },
			specular = { 0, 0, 0 },
			ambient = { 0, 0, 0 },
			direction = { 0, 0, 1 },
			range = 2000000,
			cutoff = 110,
			type = L_SPOT,
			theta = 99.99998,
			atten = { 1, 0, 0 }
		}
	},

	{
		entity_name = "LtCity09oc",
		type = LIGHT,
		template_name = "",
		lt_grp = 0, srt_grp = 0, usr_flg = 0,
		spatialprops =
		{
			pos = { -2454.716, 1878.608, -831.937 },
			orient = { {  0.016253,  0.062186, -0.997932 },
					   {  0.587670,  0.806884,  0.059852 },
					   {  0.808937, -0.587428, -0.023431 } }
		},
		lightprops =
		{
			on = Y,
			color = { 181, 0, 206 },
			diffuse = { 0.596078, 0.376471, 0.623529 },
			specular = { 0, 0, 0 },
			ambient = { 0, 0, 0 },
			direction = { 0, 0, 1 },
			range = 100000,
			cutoff = 82.49996,
			type = L_SPOT,
			theta = 74.99998,
			atten = { 1, 0, 0 }
		}
	},

	{
		entity_name = "LtSky",
		type = LIGHT,
		template_name = "",
		lt_grp = 0, srt_grp = 0, usr_flg = 0,
		spatialprops =
		{
			pos = { 430.0178, 3129.65, -7535.832 },
			orient = { {  0.895118,  0.121697, -0.428899 },
					   { -0.048767,  0.982977,  0.177136 },
					   {  0.443155, -0.137642,  0.885815 } }
		},
		lightprops =
		{
			on = Y,
			color = { 255, 0, 0 },
			diffuse = { 0.956863, 0.294118, 0 },
			specular = { 0, 0, 0 },
			ambient = { 0, 0, 0 },
			direction = { 0, 0, 1 },
			range = 100000,
			cutoff = 110,
			type = L_SPOT,
			theta = 99.99998,
			atten = { 1, 0, 0 }
		}
	},

	{
		entity_name = "Prop_PlayerShip_gf_rtc_shipcushion_1",
		type = PSYS,
		template_name = "gf_rtc_shipcushion",
		lt_grp = 0, srt_grp = 0, usr_flg = 0,
		flags = LIT_DYNAMIC + LIT_AMBIENT,
		spatialprops =
		{
			pos = { -73.36514, 0.117867, -39.11638 },
			orient = { { -0.371714, -0.000051,  0.928347 },
					   {  0.000100,  1.000000,  0.000095 },
					   { -0.928347,  0.000128, -0.371714 } }
		},
		psysprops =
		{
			sparam = 0
		}
	},

	{
		entity_name = "Prop_PlayerShip_Shipcushion_Marker_A",
		type = MARKER,
		template_name = "",
		lt_grp = 0, srt_grp = 0, usr_flg = 0,
		spatialprops =
		{
			pos = { -73.36514, 0.117867, -39.11638 },
			orient = { { -0.371714, -0.000051,  0.928347 },
					   {  0.000100,  1.000000,  0.000095 },
					   { -0.928347,  0.000128, -0.371714 } }
		}
	},

	{
		entity_name = "Prop_PlayerShip_gf_rtc_shipcushion_2",
		type = PSYS,
		template_name = "gf_rtc_shipcushion",
		lt_grp = 0, srt_grp = 0, usr_flg = 0,
		flags = LIT_DYNAMIC + LIT_AMBIENT,
		spatialprops =
		{
			pos = { -73.36514, 0.117867, -39.11638 },
			orient = { { -0.371714, -0.000051,  0.928347 },
					   {  0.000100,  1.000000,  0.000095 },
					   { -0.928347,  0.000128, -0.371714 } }
		},
		psysprops =
		{
			sparam = 0
		}
	},

	{
		entity_name = "Prop_PlayerShip_Shipcushion_Marker_B",
		type = MARKER,
		template_name = "",
		lt_grp = 0, srt_grp = 0, usr_flg = 0,
		spatialprops =
		{
			pos = { -47.8569, 0.1, -65.59759 },
			orient = { { -0.245512,  0.000000,  0.969394 },
					   {  0.000000,  1.000000,  0.000000 },
					   { -0.969394,  0.000000, -0.245512 } }
		}
	},

	{
		entity_name = "LtBGround_g3",
		type = LIGHT,
		template_name = "",
		lt_grp = 3, srt_grp = 0, usr_flg = 0,
		spatialprops =
		{
			pos = { -461.52, 3129.65, -1941.129 },
			orient = { { -0.766711,  0.049692, -0.640067 },
					   {  0.045858,  0.998692,  0.022603 },
					   {  0.640353, -0.012022, -0.767987 } }
		},
		lightprops =
		{
			on = Y,
			color = { 126, 80, 133 },
			diffuse = { 0.494118, 0.313726, 0.521569 },
			specular = { 0, 0, 0 },
			ambient = { 0, 0, 0 },
			direction = { 0, 0, 1 },
			range = 2000000,
			cutoff = 110,
			type = L_SPOT,
			theta = 99.99998,
			atten = { 1, 0, 0 }
		}
	},

	{
		entity_name = "LtCity03oc_g3",
		type = LIGHT,
		template_name = "",
		lt_grp = 3, srt_grp = 0, usr_flg = 0,
		spatialprops =
		{
			pos = { -6.854959, 0, -0.991775 },
			orient = { { -0.516656,  0.110910,  0.848979 },
					   {  0.757279, -0.403467,  0.513560 },
					   {  0.399494,  0.908247,  0.124464 } }
		},
		lightprops =
		{
			on = Y,
			color = { 255, 197, 89 },
			diffuse = { 1, 0.768628, 0.34902 },
			specular = { 0, 0, 0 },
			ambient = { 0, 0, 0 },
			direction = { 0, 0, 1 },
			range = 100000,
			cutoff = 82.49996,
			type = L_SPOT,
			theta = 74.99998,
			atten = { 1, 0, 0 }
		}
	},

	{
		entity_name = "LtCity05oc_g3",
		type = LIGHT,
		template_name = "",
		lt_grp = 3, srt_grp = 0, usr_flg = 0,
		spatialprops =
		{
			pos = { 495.4901, 1200.675, 472.5602 },
			orient = { { -0.966855,  0.049036,  0.250573 },
					   { -0.183383,  0.549486, -0.815129 },
					   { -0.177657, -0.834063, -0.522281 } }
		},
		lightprops =
		{
			on = Y,
			color = { 255, 221, 157 },
			diffuse = { 1, 0.866667, 0.611765 },
			specular = { 0, 0, 0 },
			ambient = { 0, 0, 0 },
			direction = { 0, 0, 1 },
			range = 100000,
			cutoff = 71.49998,
			type = L_SPOT,
			theta = 65,
			atten = { 1, 0, 0 }
		}
	},

	{
		entity_name = "LtCity09oc_g3",
		type = LIGHT,
		template_name = "",
		lt_grp = 3, srt_grp = 0, usr_flg = 0,
		spatialprops =
		{
			pos = { -2454.716, 1878.608, -831.937 },
			orient = { {  0.016253,  0.062186, -0.997932 },
					   {  0.587670,  0.806884,  0.059852 },
					   {  0.808937, -0.587428, -0.023431 } }
		},
		lightprops =
		{
			on = Y,
			color = { 181, 0, 206 },
			diffuse = { 0.596078, 0.376471, 0.623529 },
			specular = { 0, 0, 0 },
			ambient = { 0, 0, 0 },
			direction = { 0, 0, 1 },
			range = 100000,
			cutoff = 82.49996,
			type = L_SPOT,
			theta = 74.99998,
			atten = { 1, 0, 0 }
		}
	},

	{
		entity_name = "LtCity10oc_g3",
		type = LIGHT,
		template_name = "",
		lt_grp = 3, srt_grp = 0, usr_flg = 0,
		spatialprops =
		{
			pos = { -4291.608, 2674.527, -3241.522 },
			orient = { {  0.380817, -0.015682, -0.924517 },
					   {  0.517020,  0.832557,  0.198843 },
					   {  0.766595, -0.553717,  0.325160 } }
		},
		lightprops =
		{
			on = N,
			color = { 196, 166, 225 },
			diffuse = { 0.25098, 0.215686, 0.282353 },
			specular = { 0, 0, 0 },
			ambient = { 0, 0, 0 },
			direction = { 0, 0, 1 },
			range = 100000,
			cutoff = 71.49998,
			type = L_SPOT,
			theta = 65,
			atten = { 1, 0, 0 }
		}
	},

	{
		entity_name = "LtSky_g3",
		type = LIGHT,
		template_name = "",
		lt_grp = 3, srt_grp = 0, usr_flg = 0,
		spatialprops =
		{
			pos = { 430.0178, 3129.65, -7535.832 },
			orient = { {  0.895118,  0.121697, -0.428899 },
					   { -0.048767,  0.982977,  0.177136 },
					   {  0.443155, -0.137642,  0.885815 } }
		},
		lightprops =
		{
			on = Y,
			color = { 255, 0, 0 },
			diffuse = { 0.956863, 0.294118, 0 },
			specular = { 0, 0, 0 },
			ambient = { 0, 0, 0 },
			direction = { 0, 0, 1 },
			range = 100000,
			cutoff = 110,
			type = L_SPOT,
			theta = 99.99998,
			atten = { 1, 0, 0 }
		}
	}
};

events =
{
	{
		0.000, ATTACH_ENTITY, { "Prop_PlayerShip_gf_rtc_shipcushion_1", "Prop_PlayerShip_Shipcushion_Marker_A" },
		{
			duration = 300.000,
			offset = { 0, 0, 0 },
			up = Y_AXIS,
			front = NEG_Z_AXIS,
			target_part = "",
			target_type = ROOT,
			flags = POSITION
		}
	},

	{
		0.000, START_PSYS, { "Prop_PlayerShip_gf_rtc_shipcushion_1" },
		{
			duration = 300.000
		}
	},

	{
		0.000, START_PSYS, { "Prop_PlayerShip_gf_rtc_shipcushion_2" },
		{
			duration = 750.000
		}
	},

	{
		0.000, ATTACH_ENTITY, { "Prop_PlayerShip_gf_rtc_shipcushion_2", "Prop_PlayerShip_Shipcushion_Marker_B" },
		{
			duration = 750.000,
			offset = { 0, 0, 0 },
			up = Y_AXIS,
			front = NEG_Z_AXIS,
			target_part = "",
			target_type = ROOT,
			flags = POSITION + ORIENTATION
		}
	}
};
