duration = 750.000;

entities =
{

	{
		entity_name = "Layer_Pl_12_Bar_Ambi_Dusk",
		type = SCENE,
		template_name = "",
		lt_grp = 0, srt_grp = 0, usr_flg = 0,
		spatialprops =
		{
			pos = { 0, 0, 0 },
			orient = { { 1, 0, 0 }, { 0, 1, 0 }, { 0, 0, 1 } }
		},
		up = Y_AXIS,
		front = Z_AXIS,
		ambient = { 51, 51, 240 }
	},

	{
		entity_name = "LtCity03oc",
		type = LIGHT,
		template_name = "",
		lt_grp = 0, srt_grp = 0, usr_flg = 0,
		spatialprops =
		{
			pos = { -6.854959, 0, -0.991775 },
			orient = { { -0.516656,  0.110910,  0.848979 },
					   {  0.757279, -0.403467,  0.513560 },
					   {  0.399494,  0.908247,  0.124464 } }
		},
		lightprops =
		{
			on = Y,
			color = { 255, 197, 89 },
			diffuse = { 1, 0.768628, 0.34902 },
			specular = { 0, 0, 0 },
			ambient = { 0, 0, 0 },
			direction = { 0, 0, 1 },
			range = 100000,
			cutoff = 82.49996,
			type = L_SPOT,
			theta = 74.99998,
			atten = { 1, 0, 0 }
		}
	},

	{
		entity_name = "LtCity05oc",
		type = LIGHT,
		template_name = "",
		lt_grp = 0, srt_grp = 0, usr_flg = 0,
		spatialprops =
		{
			pos = { 495.4901, 1200.675, 472.5602 },
			orient = { { -0.966855,  0.049036,  0.250573 },
					   { -0.183383,  0.549486, -0.815129 },
					   { -0.177657, -0.834063, -0.522281 } }
		},
		lightprops =
		{
			on = Y,
			color = { 255, 221, 157 },
			diffuse = { 1, 0.866667, 0.611765 },
			specular = { 0, 0, 0 },
			ambient = { 0, 0, 0 },
			direction = { 0, 0, 1 },
			range = 100000,
			cutoff = 71.49998,
			type = L_SPOT,
			theta = 65,
			atten = { 1, 0, 0 }
		}
	},

	{
		entity_name = "LtCity10oc",
		type = LIGHT,
		template_name = "",
		lt_grp = 0, srt_grp = 0, usr_flg = 0,
		spatialprops =
		{
			pos = { -4291.608, 2674.527, -3241.522 },
			orient = { {  0.380817, -0.015682, -0.924517 },
					   {  0.517020,  0.832557,  0.198843 },
					   {  0.766595, -0.553717,  0.325160 } }
		},
		lightprops =
		{
			on = N,
			color = { 196, 166, 225 },
			diffuse = { 0.25098, 0.215686, 0.282353 },
			specular = { 0, 0, 0 },
			ambient = { 0, 0, 0 },
			direction = { 0, 0, 1 },
			range = 100000,
			cutoff = 71.49998,
			type = L_SPOT,
			theta = 65,
			atten = { 1, 0, 0 }
		}
	},

	{
		entity_name = "LtBGround",
		type = LIGHT,
		template_name = "",
		lt_grp = 0, srt_grp = 0, usr_flg = 0,
		spatialprops =
		{
			pos = { -461.52, 3129.65, -1941.129 },
			orient = { { -0.982753, -0.009093, -0.184699 },
					   {  0.051038,  0.946657, -0.318174 },
					   {  0.177740, -0.322114, -0.929866 } }
		},
		lightprops =
		{
			on = Y,
			color = { 126, 80, 133 },
			diffuse = { 0.494118, 0.313726, 0.521569 },
			specular = { 0, 0, 0 },
			ambient = { 0, 0, 0 },
			direction = { 0, 0, 1 },
			range = 2000000,
			cutoff = 110,
			type = L_SPOT,
			theta = 99.99998,
			atten = { 1, 0, 0 }
		}
	},

	{
		entity_name = "LtCity09oc",
		type = LIGHT,
		template_name = "",
		lt_grp = 0, srt_grp = 0, usr_flg = 0,
		spatialprops =
		{
			pos = { -2454.716, 1878.608, -831.937 },
			orient = { {  0.016253,  0.062186, -0.997932 },
					   {  0.587670,  0.806884,  0.059852 },
					   {  0.808937, -0.587428, -0.023431 } }
		},
		lightprops =
		{
			on = Y,
			color = { 181, 0, 206 },
			diffuse = { 0.596078, 0.376471, 0.623529 },
			specular = { 0, 0, 0 },
			ambient = { 0, 0, 0 },
			direction = { 0, 0, 1 },
			range = 100000,
			cutoff = 82.49996,
			type = L_SPOT,
			theta = 74.99998,
			atten = { 1, 0, 0 }
		}
	},

	{
		entity_name = "LtSky",
		type = LIGHT,
		template_name = "",
		lt_grp = 0, srt_grp = 0, usr_flg = 0,
		spatialprops =
		{
			pos = { 430.0178, 3129.65, -7535.832 },
			orient = { {  0.042495,  0.009012, -0.999056 },
					   { -0.091679,  0.995776,  0.005083 },
					   {  0.994881,  0.091377,  0.043142 } }
		},
		lightprops =
		{
			on = Y,
			color = { 255, 0, 0 },
			diffuse = { 1, 0, 0 },
			specular = { 0, 0, 0 },
			ambient = { 0, 0, 0 },
			direction = { 0, 0, 1 },
			range = 100000,
			cutoff = 110,
			type = L_SPOT,
			theta = 99.99998,
			atten = { 1, 0, 0 }
		}
	}
};

events =
{
};
