duration = 120.000;

entities =
{

	{
		entity_name = "Layer_rh_07_Outpost_Ambi",
		type = SCENE,
		template_name = "",
		lt_grp = 0, srt_grp = 0, usr_flg = 0,
		spatialprops =
		{
			pos = { 0, 0, 0 },
			orient = { { 1, 0, 0 }, { 0, 1, 0 }, { 0, 0, 1 } }
		},
		up = Y_AXIS,
		front = Z_AXIS,
		ambient = { 131, 184, 148 }
	},

	{
		entity_name = "LtPtWhiteGreen",
		type = LIGHT,
		template_name = "",
		lt_grp = 0, srt_grp = 0, usr_flg = 0,
		spatialprops =
		{
			pos = { -0.056924, 3.016979, -29.12371 },
			orient = { {  1.000000,  0.000000,  0.000000 },
					   {  0.000000, -0.998993,  0.044870 },
					   {  0.000000, -0.044870, -0.998993 } }
		},
		lightprops =
		{
			on = Y,
			color = { 234, 192, 115 },
			diffuse = { 0.737255, 0.866667, 0.866667 },
			specular = { 0, 0, 0 },
			ambient = { 0.211765, 0.211765, 0.211765 },
			direction = { 0, 0, 1 },
			range = 7,
			cutoff = 0,
			type = L_POINT,
			theta = 0,
			atten = { 1, 0, 0.1 }
		}
	},

	{
		entity_name = "gf_rtc_shipcushion_1",
		type = PSYS,
		template_name = "gf_rtc_shipcushion",
		lt_grp = 0, srt_grp = 0, usr_flg = 0,
		flags = LIT_DYNAMIC + LIT_AMBIENT,
		spatialprops =
		{
			pos = { 1.338669, 0, -1.643882 },
			orient = { {  0.644191,  0.000000, -0.764865 },
					   {  0.000000,  1.000000,  0.000000 },
					   {  0.764865,  0.000000,  0.644191 } }
		},
		psysprops =
		{
			sparam = 0
		}
	},

	{
		entity_name = "LtInfCyan",
		type = LIGHT,
		template_name = "",
		lt_grp = 0, srt_grp = 0, usr_flg = 0,
		spatialprops =
		{
			pos = { 0.386386, 0.956201, 15.0881 },
			orient = { {  0.315322,  0.031759,  0.948453 },
					   { -0.249018, -0.961648,  0.114990 },
					   {  0.915730, -0.272441, -0.295320 } }
		},
		lightprops =
		{
			on = N,
			color = { 234, 192, 115 },
			diffuse = { 0.627451, 0.74902, 0.796079 },
			specular = { 0, 0, 0 },
			ambient = { 0, 0, 0 },
			direction = { 0, 0, 1 },
			range = 4000,
			cutoff = 132,
			type = L_DIRECT,
			theta = 120,
			atten = { 1, 0, 1e-006 }
		}
	},

	{
		entity_name = "LtInfGrn",
		type = LIGHT,
		template_name = "",
		lt_grp = 0, srt_grp = 0, usr_flg = 0,
		spatialprops =
		{
			pos = { 0.042843, 1.004893, 13.87082 },
			orient = { { -0.557189, -0.023327, -0.830058 },
					   {  0.140955, -0.987756, -0.066859 },
					   { -0.818335, -0.154254,  0.553654 } }
		},
		lightprops =
		{
			on = Y,
			color = { 234, 192, 115 },
			diffuse = { 0.662745, 0.792157, 0.623529 },
			specular = { 0, 0, 0 },
			ambient = { 0, 0, 0 },
			direction = { 0, 0, 1 },
			range = 4000,
			cutoff = 132,
			type = L_DIRECT,
			theta = 120,
			atten = { 1, 0, 1e-006 }
		}
	},

	{
		entity_name = "Marker_Shipcushion",
		type = MARKER,
		template_name = "",
		lt_grp = 0, srt_grp = 0, usr_flg = 0,
		spatialprops =
		{
			pos = { 0, 0, 0 },
			orient = { { -0.754683,  0.000000, -0.656090 },
					   {  0.000000,  1.000000,  0.000000 },
					   {  0.656090,  0.000000, -0.754683 } }
		}
	},

	{
		entity_name = "LtInfTan",
		type = LIGHT,
		template_name = "",
		lt_grp = 0, srt_grp = 0, usr_flg = 0,
		spatialprops =
		{
			pos = { 0.386386, 0.956201, 15.0881 },
			orient = { {  0.315322,  0.031759,  0.948453 },
					   { -0.249018, -0.961648,  0.114990 },
					   {  0.915730, -0.272441, -0.295320 } }
		},
		lightprops =
		{
			on = Y,
			color = { 234, 192, 115 },
			diffuse = { 0.776471, 0.729412, 0.541176 },
			specular = { 0, 0, 0 },
			ambient = { 0, 0, 0 },
			direction = { 0, 0, 1 },
			range = 4000,
			cutoff = 132,
			type = L_DIRECT,
			theta = 120,
			atten = { 1, 0, 1e-006 }
		}
	},

	{
		entity_name = "LtInfCyan_g3",
		type = LIGHT,
		template_name = "",
		lt_grp = 3, srt_grp = 0, usr_flg = 0,
		spatialprops =
		{
			pos = { 0.386386, 0.956201, 15.0881 },
			orient = { {  0.315322,  0.031759,  0.948453 },
					   { -0.249019, -0.961648,  0.114990 },
					   {  0.915730, -0.272441, -0.295320 } }
		},
		lightprops =
		{
			on = N,
			color = { 234, 192, 115 },
			diffuse = { 0.627451, 0.74902, 0.796079 },
			specular = { 0, 0, 0 },
			ambient = { 0, 0, 0 },
			direction = { 0, 0, 1 },
			range = 4000,
			cutoff = 132,
			type = L_DIRECT,
			theta = 120,
			atten = { 1, 0, 1e-006 }
		}
	},

	{
		entity_name = "LtInfGrn_g3",
		type = LIGHT,
		template_name = "",
		lt_grp = 3, srt_grp = 0, usr_flg = 0,
		spatialprops =
		{
			pos = { 0.042843, 1.004893, 13.87082 },
			orient = { { -0.557189, -0.023327, -0.830058 },
					   {  0.140955, -0.987756, -0.066859 },
					   { -0.818335, -0.154254,  0.553655 } }
		},
		lightprops =
		{
			on = Y,
			color = { 234, 192, 115 },
			diffuse = { 0.662745, 0.792157, 0.623529 },
			specular = { 0, 0, 0 },
			ambient = { 0, 0, 0 },
			direction = { 0, 0, 1 },
			range = 4000,
			cutoff = 132,
			type = L_DIRECT,
			theta = 120,
			atten = { 1, 0, 1e-006 }
		}
	},

	{
		entity_name = "LtInfTan_g3",
		type = LIGHT,
		template_name = "",
		lt_grp = 3, srt_grp = 0, usr_flg = 0,
		spatialprops =
		{
			pos = { 0.386386, 0.956201, 15.0881 },
			orient = { {  0.315322,  0.031759,  0.948453 },
					   { -0.249019, -0.961648,  0.114990 },
					   {  0.915730, -0.272441, -0.295320 } }
		},
		lightprops =
		{
			on = Y,
			color = { 234, 192, 115 },
			diffuse = { 0.776471, 0.729412, 0.541176 },
			specular = { 0, 0, 0 },
			ambient = { 0, 0, 0 },
			direction = { 0, 0, 1 },
			range = 4000,
			cutoff = 132,
			type = L_DIRECT,
			theta = 120,
			atten = { 1, 0, 1e-006 }
		}
	},

	{
		entity_name = "LtPtWhiteGreen_g3",
		type = LIGHT,
		template_name = "",
		lt_grp = 3, srt_grp = 0, usr_flg = 0,
		spatialprops =
		{
			pos = { -0.056924, 3.016979, -29.12371 },
			orient = { {  1.000000,  0.000000,  0.000000 },
					   {  0.000000, -0.998993,  0.044870 },
					   {  0.000000, -0.044870, -0.998993 } }
		},
		lightprops =
		{
			on = Y,
			color = { 234, 192, 115 },
			diffuse = { 0.737255, 0.866667, 0.866667 },
			specular = { 0, 0, 0 },
			ambient = { 0.211765, 0.211765, 0.211765 },
			direction = { 0, 0, 1 },
			range = 7,
			cutoff = 0,
			type = L_POINT,
			theta = 0,
			atten = { 1, 0, 0.1 }
		}
	}
};

events =
{
	{
		0.000, START_PSYS, { "gf_rtc_shipcushion_1" },
		{
			duration = 300.000
		}
	},

	{
		0.000, ATTACH_ENTITY, { "gf_rtc_shipcushion_1", "Marker_Shipcushion" },
		{
			duration = 300.000,
			offset = { 0, 0, 0 },
			up = Y_AXIS,
			front = NEG_Z_AXIS,
			target_part = "",
			target_type = ROOT,
			flags = POSITION + ORIENTATION
		}
	}
};
