duration = 6.000;

entities =
{

	{
		entity_name = "Layer_Rh_01_Equip_hardpoint",
		type = SCENE,
		template_name = "",
		lt_grp = 0, srt_grp = 0, usr_flg = 0,
		spatialprops =
		{
			pos = { 0, 0, 0 },
			orient = { { 1, 0, 0 }, { 0, 1, 0 }, { 0, 0, 1 } }
		},
		up = Y_AXIS,
		front = Z_AXIS,
		ambient = { 120, 116, 120 }
	},

	{
		entity_name = "Set_rh_01_equipment",
		type = COMPOUND,
		template_name = "rh_01_equipment",
		lt_grp = 0, srt_grp = 0, usr_flg = 0,
		flags = LIT_AMBIENT,
		spatialprops =
		{
			pos = { 0, 0, 0 },
			orient = { { 1, 0, 0 }, { 0, 1, 0 }, { 0, 0, 1 } }
		},
		userprops =
		{
			category = "Room",
		}
	},

	{
		entity_name = "X/Shipcentre/01",
		type = MARKER,
		template_name = "",
		lt_grp = 0, srt_grp = 0, usr_flg = 0,
		spatialprops =
		{
			pos = { 0, 1.431202, 0 },
			orient = { { 1, 0, 0 }, { 0, 1, 0 }, { 0, 0, 1 } }
		}
	},

	{
		entity_name = "Zs/NPC/Equipment/01/A/Stand",
		type = MARKER,
		template_name = "",
		lt_grp = 0, srt_grp = 0, usr_flg = 0,
		spatialprops =
		{
			pos = { 8.85976, 0.690951, -13.20566 },
			orient = { {  0.381741,  0.000000,  0.924269 },
					   {  0.000000,  1.000000,  0.000000 },
					   { -0.924269,  0.000000,  0.381741 } }
		}
	},

	{
		entity_name = "Zs/NPC/mFloor2/01/P2/Stand",
		type = MARKER,
		template_name = "",
		lt_grp = 0, srt_grp = 0, usr_flg = 0,
		spatialprops =
		{
			pos = { 10.32799, 0, 7.383348 },
			orient = { { -0.959062,  0.000000, -0.283198 },
					   {  0.000000,  1.000000,  0.000000 },
					   {  0.283198,  0.000000, -0.959062 } }
		}
	},

	{
		entity_name = "Cart_Mk_ShieldThrust_Stop",
		type = MARKER,
		template_name = "",
		lt_grp = 0, srt_grp = 0, usr_flg = 0,
		spatialprops =
		{
			pos = { -8.267919, 1.43119, 2.565792 },
			orient = { {  0.999984,  0.000000, -0.005662 },
					   {  0.000000,  1.000000,  0.000000 },
					   {  0.005662,  0.000000,  0.999984 } }
		}
	},

	{
		entity_name = "Cart_Mk_Gun_Stop",
		type = MARKER,
		template_name = "",
		lt_grp = 0, srt_grp = 0, usr_flg = 0,
		spatialprops =
		{
			pos = { 7.558012, 1.431208, 4.932452 },
			orient = { { -0.999677,  0.000000,  0.025399 },
					   {  0.000000,  1.000000,  0.000000 },
					   { -0.025399,  0.000000, -0.999677 } }
		}
	},

	{
		entity_name = "Cart_Mk_Engine_Stop",
		type = MARKER,
		template_name = "",
		lt_grp = 0, srt_grp = 0, usr_flg = 0,
		spatialprops =
		{
			pos = { 0.15732, 1.431179, -10.47387 },
			orient = { {  0.237035,  0.000000,  0.971501 },
					   {  0.000000,  1.000000,  0.000000 },
					   { -0.971501,  0.000000,  0.237035 } }
		}
	},

	{
		entity_name = "Zg/NPC/mFloor2/01/A/Stand",
		type = MARKER,
		template_name = "",
		lt_grp = 0, srt_grp = 0, usr_flg = 0,
		spatialprops =
		{
			pos = { 10.03988, 0, 8.450535 },
			orient = { {  0.853418,  0.000000,  0.521227 },
					   {  0.000000,  1.000000,  0.000000 },
					   { -0.521227,  0.000000,  0.853418 } }
		}
	},

	{
		entity_name = "Zg/NPC/mFloor2/02/A/Stand",
		type = MARKER,
		template_name = "",
		lt_grp = 0, srt_grp = 0, usr_flg = 0,
		spatialprops =
		{
			pos = { -3.440376, 0, -12.85225 },
			orient = { { -0.575062,  0.000000,  0.818110 },
					   {  0.000000,  1.000000,  0.000000 },
					   { -0.818110,  0.000000, -0.575062 } }
		}
	},

	{
		entity_name = "Zg/NPC/mFloor2/02/B/Stand",
		type = MARKER,
		template_name = "",
		lt_grp = 0, srt_grp = 0, usr_flg = 0,
		spatialprops =
		{
			pos = { -3.129562, 0, -13.78642 },
			orient = { { -0.575062,  0.000000,  0.818110 },
					   {  0.000000,  1.000000,  0.000000 },
					   { -0.818110,  0.000000, -0.575062 } }
		}
	},

	{
		entity_name = "Zg/NPC/mFloor2/01/B/Stand",
		type = MARKER,
		template_name = "",
		lt_grp = 0, srt_grp = 0, usr_flg = 0,
		spatialprops =
		{
			pos = { 9.866775, 0, 6.034084 },
			orient = { { -0.575062,  0.000000,  0.818110 },
					   {  0.000000,  1.000000,  0.000000 },
					   { -0.818110,  0.000000, -0.575062 } }
		}
	},

	{
		entity_name = "Camera_0",
		type = CAMERA,
		template_name = "",
		lt_grp = 0, srt_grp = 0, usr_flg = 0,
		spatialprops =
		{
			pos = { 17.06105, 18.94633, -64.62363 },
			orient = { { -0.931418,  0.000000, -0.363950 },
					   { -0.012851,  0.999376,  0.032889 },
					   {  0.363723,  0.035311, -0.930838 } }
		},
		cameraprops =
		{
			fovh = 30,
			hvaspect = 1.333333,
			nearplane = 0.1,
			farplane = 100000
		}
	},

	{
		entity_name = "Camera_Track_2",
		type = CAMERA,
		template_name = "",
		lt_grp = 0, srt_grp = 0, usr_flg = 0,
		spatialprops =
		{
			pos = { 21.35436, 17.72283, -25.16878 },
			orient = { { -0.744445,  0.000000, -0.667684 },
					   { -0.053533,  0.996781,  0.059688 },
					   {  0.665535,  0.080177, -0.742048 } }
		},
		cameraprops =
		{
			fovh = 40,
			hvaspect = 1.333333,
			nearplane = 0.1,
			farplane = 100000
		}
	},

	{
		entity_name = "Camera_Track_1",
		type = CAMERA,
		template_name = "",
		lt_grp = 0, srt_grp = 0, usr_flg = 0,
		spatialprops =
		{
			pos = { -22.04259, 17.72283, -26.51126 },
			orient = { { -0.755808,  0.000000,  0.654794 },
					   {  0.036936,  0.998408,  0.042634 },
					   { -0.653751,  0.056408, -0.754604 } }
		},
		cameraprops =
		{
			fovh = 40,
			hvaspect = 1.333333,
			nearplane = 0.1,
			farplane = 100000
		}
	},

	{
		entity_name = "Camera_Equipment_Desk",
		type = CAMERA,
		template_name = "",
		lt_grp = 0, srt_grp = 0, usr_flg = 0,
		spatialprops =
		{
			pos = { 12.83111, 1.366231, -16.65615 },
			orient = { { -0.611968,  0.000000, -0.790882 },
					   {  0.156467,  0.980235, -0.121071 },
					   {  0.775250, -0.197839, -0.599872 } }
		},
		cameraprops =
		{
			fovh = 30,
			hvaspect = 1.333333,
			nearplane = 0.1,
			farplane = 100000
		}
	},

	{
		entity_name = "Zs/NPC/Equipment/01/P2/Stand",
		type = MARKER,
		template_name = "",
		lt_grp = 0, srt_grp = 0, usr_flg = 0,
		spatialprops =
		{
			pos = { 10.32433, 0.6993, -13.27004 },
			orient = { {  0.044218,  0.000000, -0.999022 },
					   {  0.000000,  1.000000,  0.000000 },
					   {  0.999022,  0.000000,  0.044218 } }
		}
	},

	{
		entity_name = "Zg/PC/Player/01/A/Stand",
		type = MARKER,
		template_name = "",
		lt_grp = 0, srt_grp = 0, usr_flg = 0,
		spatialprops =
		{
			pos = { 10.32433, 0.6993, -13.27004 },
			orient = { {  0.044218,  0.000000, -0.999022 },
					   {  0.000000,  1.000000,  0.000000 },
					   {  0.999022,  0.000000,  0.044218 } }
		}
	},

	{
		entity_name = "Zs/NPC/mFloor2/02/P2/Stand",
		type = MARKER,
		template_name = "",
		lt_grp = 0, srt_grp = 0, usr_flg = 0,
		spatialprops =
		{
			pos = { -2.452219, 0, -11.97778 },
			orient = { {  0.840588,  0.000000, -0.541676 },
					   {  0.000000,  1.000000,  0.000000 },
					   {  0.541676,  0.000000,  0.840588 } }
		}
	},

	{
		entity_name = "Zs/NPC/mFloor2/02/AC2/Camera",
		type = CAMERA,
		template_name = "",
		lt_grp = 0, srt_grp = 0, usr_flg = 0,
		flags = HIDDEN,
		spatialprops =
		{
			pos = { -1.501501, 1.677214, -13.11918 },
			orient = { { -0.466818,  0.000001, -0.884353 },
					   { -0.149464,  0.985614,  0.078897 },
					   {  0.871632,  0.169009, -0.460102 } }
		},
		cameraprops =
		{
			fovh = 30,
			hvaspect = 1.85,
			nearplane = 0.2,
			farplane = 5000
		}
	},

	{
		entity_name = "Zs/NPC/mFloor2/02/ACOH/Camera",
		type = CAMERA,
		template_name = "",
		lt_grp = 0, srt_grp = 0, usr_flg = 0,
		flags = HIDDEN,
		spatialprops =
		{
			pos = { -1.919622, 1.746935, -12.02063 },
			orient = { {  0.264103,  0.000000, -0.964494 },
					   { -0.172546,  0.983868, -0.047248 },
					   {  0.948935,  0.178898,  0.259843 } }
		},
		cameraprops =
		{
			fovh = 25,
			hvaspect = 1.85,
			nearplane = 0.2,
			farplane = 5000
		}
	},

	{
		entity_name = "Zs/NPC/mFloor2/02/ACS/Camera",
		type = CAMERA,
		template_name = "",
		lt_grp = 0, srt_grp = 0, usr_flg = 0,
		flags = HIDDEN,
		spatialprops =
		{
			pos = { -2.302094, 1.594347, -12.33357 },
			orient = { {  0.250342,  0.000000, -0.968157 },
					   { -0.032194,  0.999447, -0.008325 },
					   {  0.967622,  0.033253,  0.250203 } }
		},
		cameraprops =
		{
			fovh = 25,
			hvaspect = 1.85,
			nearplane = 0.2,
			farplane = 5000
		}
	},

	{
		entity_name = "Zs/NPC/mFloor2/02/ACU/Camera",
		type = CAMERA,
		template_name = "",
		lt_grp = 0, srt_grp = 0, usr_flg = 0,
		flags = HIDDEN,
		spatialprops =
		{
			pos = { -2.688661, 1.668712, -12.49834 },
			orient = { {  0.332097,  0.000000, -0.943245 },
					   { -0.031267,  0.999450, -0.011008 },
					   {  0.942727,  0.033148,  0.331914 } }
		},
		cameraprops =
		{
			fovh = 20,
			hvaspect = 1.85,
			nearplane = 0.2,
			farplane = 5000
		}
	},

	{
		entity_name = "Zs/NPC/mFloor2/02/PC2/Camera",
		type = CAMERA,
		template_name = "",
		lt_grp = 0, srt_grp = 0, usr_flg = 0,
		flags = HIDDEN,
		spatialprops =
		{
			pos = { -2.615823, 1.731246, -13.92072 },
			orient = { { -0.967201,  0.000000, -0.254014 },
					   { -0.053024,  0.977970,  0.201897 },
					   {  0.248418,  0.208743, -0.945894 } }
		},
		cameraprops =
		{
			fovh = 30,
			hvaspect = 1.85,
			nearplane = 0.2,
			farplane = 5000
		}
	},

	{
		entity_name = "Zs/NPC/mFloor2/02/PCO/Camera",
		type = CAMERA,
		template_name = "",
		lt_grp = 0, srt_grp = 0, usr_flg = 0,
		flags = HIDDEN,
		spatialprops =
		{
			pos = { -3.443191, 1.776642, -13.42369 },
			orient = { { -0.933096,  0.000000,  0.359627 },
					   {  0.073644,  0.978808,  0.191078 },
					   { -0.352006,  0.204778, -0.913323 } }
		},
		cameraprops =
		{
			fovh = 25,
			hvaspect = 1.85,
			nearplane = 0.2,
			farplane = 5000
		}
	},

	{
		entity_name = "Zs/NPC/mFloor2/02/PCS/Camera",
		type = CAMERA,
		template_name = "",
		lt_grp = 0, srt_grp = 0, usr_flg = 0,
		flags = HIDDEN,
		spatialprops =
		{
			pos = { -3.119206, 1.614689, -13.00331 },
			orient = { { -0.921786,  0.000000,  0.387700 },
					   {  0.021673,  0.998436,  0.051528 },
					   { -0.387094,  0.055901, -0.920344 } }
		},
		cameraprops =
		{
			fovh = 25,
			hvaspect = 1.85,
			nearplane = 0.2,
			farplane = 5000
		}
	},

	{
		entity_name = "Zs/NPC/mFloor2/02/PCU/Camera",
		type = CAMERA,
		template_name = "",
		lt_grp = 0, srt_grp = 0, usr_flg = 0,
		flags = HIDDEN,
		spatialprops =
		{
			pos = { -2.872702, 1.69836, -12.59435 },
			orient = { { -0.890752,  0.000000,  0.454490 },
					   {  0.029380,  0.997908,  0.057582 },
					   { -0.453539,  0.064644, -0.888889 } }
		},
		cameraprops =
		{
			fovh = 25,
			hvaspect = 1.85,
			nearplane = 0.2,
			farplane = 5000
		}
	},

	{
		entity_name = "Zs/NPC/mFloor2/02/TCI/Camera",
		type = CAMERA,
		template_name = "",
		lt_grp = 0, srt_grp = 0, usr_flg = 0,
		flags = HIDDEN,
		spatialprops =
		{
			pos = { -2.18112, 1.903228, -12.41452 },
			orient = { {  0.185273,  0.000000, -0.982687 },
					   { -0.604299,  0.788570, -0.113933 },
					   {  0.774917,  0.614946,  0.146101 } }
		},
		cameraprops =
		{
			fovh = 15,
			hvaspect = 1.85,
			nearplane = 0.2,
			farplane = 5000
		}
	},

	{
		entity_name = "Zs/NPC/mFloor2/02/WFC/Camera",
		type = CAMERA,
		template_name = "",
		lt_grp = 0, srt_grp = 0, usr_flg = 0,
		flags = HIDDEN,
		spatialprops =
		{
			pos = { 2.206704, -0.154115, -13.99305 },
			orient = { { -0.296299,  0.000000, -0.955095 },
					   {  0.284858,  0.954488, -0.088371 },
					   {  0.911626, -0.298251, -0.282814 } }
		},
		cameraprops =
		{
			fovh = 30,
			hvaspect = 1.85,
			nearplane = 0.2,
			farplane = 5000
		}
	},

	{
		entity_name = "Zs/NPC/mFloor2/01/AC2/Camera",
		type = CAMERA,
		template_name = "",
		lt_grp = 0, srt_grp = 0, usr_flg = 0,
		flags = HIDDEN,
		spatialprops =
		{
			pos = { 11.71818, 1.682559, 7.825939 },
			orient = { { -0.054440,  0.000000, -0.998517 },
					   { -0.185679,  0.982558,  0.010124 },
					   {  0.981101,  0.185955, -0.053491 } }
		},
		cameraprops =
		{
			fovh = 30,
			hvaspect = 1.85,
			nearplane = 0.2,
			farplane = 5000
		}
	},

	{
		entity_name = "Zs/NPC/mFloor2/01/ACOH/Camera",
		type = CAMERA,
		template_name = "",
		lt_grp = 0, srt_grp = 0, usr_flg = 0,
		flags = HIDDEN,
		spatialprops =
		{
			pos = { 10.71999, 1.774352, 7.132673 },
			orient = { { -0.765380,  0.000000, -0.643579 },
					   { -0.124955,  0.980971,  0.148603 },
					   {  0.631332,  0.194156, -0.750815 } }
		},
		cameraprops =
		{
			fovh = 25,
			hvaspect = 1.85,
			nearplane = 0.2,
			farplane = 5000
		}
	},

	{
		entity_name = "Zs/NPC/mFloor2/01/ACS/Camera",
		type = CAMERA,
		template_name = "",
		lt_grp = 0, srt_grp = 0, usr_flg = 0,
		flags = HIDDEN,
		spatialprops =
		{
			pos = { 10.66289, 1.670566, 7.465266 },
			orient = { { -0.739897,  0.000000, -0.672720 },
					   { -0.061921,  0.995755,  0.068104 },
					   {  0.669864,  0.092045, -0.736757 } }
		},
		cameraprops =
		{
			fovh = 25,
			hvaspect = 1.85,
			nearplane = 0.2,
			farplane = 5000
		}
	},

	{
		entity_name = "Zs/NPC/mFloor2/01/ACU/Camera",
		type = CAMERA,
		template_name = "",
		lt_grp = 0, srt_grp = 0, usr_flg = 0,
		flags = HIDDEN,
		spatialprops =
		{
			pos = { 10.43676, 1.701269, 7.731675 },
			orient = { { -0.811569,  0.000000, -0.584256 },
					   { -0.042177,  0.997391,  0.058586 },
					   {  0.582732,  0.072189, -0.809452 } }
		},
		cameraprops =
		{
			fovh = 25,
			hvaspect = 1.85,
			nearplane = 0.2,
			farplane = 5000
		}
	},

	{
		entity_name = "Zs/NPC/mFloor2/01/PC2/Camera",
		type = CAMERA,
		template_name = "",
		lt_grp = 0, srt_grp = 0, usr_flg = 0,
		flags = HIDDEN,
		spatialprops =
		{
			pos = { 11.16198, 1.692124, 8.999178 },
			orient = { {  0.706712,  0.000000, -0.707501 },
					   { -0.126730,  0.983827, -0.126588 },
					   {  0.696059,  0.179123,  0.695282 } }
		},
		cameraprops =
		{
			fovh = 30,
			hvaspect = 1.85,
			nearplane = 0.2,
			farplane = 5000
		}
	},

	{
		entity_name = "Zs/NPC/mFloor2/01/PCO/Camera",
		type = CAMERA,
		template_name = "",
		lt_grp = 0, srt_grp = 0, usr_flg = 0,
		flags = HIDDEN,
		spatialprops =
		{
			pos = { 10.30647, 1.762225, 8.888843 },
			orient = { {  0.980383,  0.000000, -0.197102 },
					   { -0.038452,  0.980786, -0.191258 },
					   {  0.193314,  0.195085,  0.961546 } }
		},
		cameraprops =
		{
			fovh = 25,
			hvaspect = 1.85,
			nearplane = 0.2,
			farplane = 5000
		}
	},

	{
		entity_name = "Zs/NPC/mFloor2/01/PCS/Camera",
		type = CAMERA,
		template_name = "",
		lt_grp = 0, srt_grp = 0, usr_flg = 0,
		flags = HIDDEN,
		spatialprops =
		{
			pos = { 10.37582, 1.694538, 8.561901 },
			orient = { {  0.979172,  0.000000, -0.203032 },
					   { -0.024309,  0.992806, -0.117236 },
					   {  0.201571,  0.119730,  0.972129 } }
		},
		cameraprops =
		{
			fovh = 25,
			hvaspect = 1.85,
			nearplane = 0.2,
			farplane = 5000
		}
	},

	{
		entity_name = "Zs/NPC/mFloor2/01/PCU/Camera",
		type = CAMERA,
		template_name = "",
		lt_grp = 0, srt_grp = 0, usr_flg = 0,
		flags = HIDDEN,
		spatialprops =
		{
			pos = { 10.33882, 1.713666, 8.124805 },
			orient = { {  0.990961,  0.000000, -0.134153 },
					   { -0.011963,  0.996016, -0.088367 },
					   {  0.133618,  0.089173,  0.987013 } }
		},
		cameraprops =
		{
			fovh = 25,
			hvaspect = 1.85,
			nearplane = 0.2,
			farplane = 5000
		}
	},

	{
		entity_name = "Zs/NPC/mFloor2/01/TCI/Camera",
		type = CAMERA,
		template_name = "",
		lt_grp = 0, srt_grp = 0, usr_flg = 0,
		flags = HIDDEN,
		spatialprops =
		{
			pos = { 10.66025, 2.048316, 7.326726 },
			orient = { { -0.802158,  0.000000, -0.597112 },
					   { -0.412655,  0.722773,  0.554359 },
					   {  0.431577,  0.691085, -0.579778 } }
		},
		cameraprops =
		{
			fovh = 15,
			hvaspect = 1.85,
			nearplane = 0.2,
			farplane = 5000
		}
	},

	{
		entity_name = "Zs/NPC/mFloor2/01/WFC/Camera",
		type = CAMERA,
		template_name = "",
		lt_grp = 0, srt_grp = 0, usr_flg = 0,
		flags = HIDDEN,
		spatialprops =
		{
			pos = { 37.3649, 8.435177, 14.94489 },
			orient = { { -0.007400,  0.000000, -0.999973 },
					   { -0.003452,  0.999994,  0.000026 },
					   {  0.999967,  0.003452, -0.007400 } }
		},
		cameraprops =
		{
			fovh = 30,
			hvaspect = 1.85,
			nearplane = 0.2,
			farplane = 5000
		}
	},

	{
		entity_name = "Zs/NPC/mFloor2/02/P/Stand",
		type = MARKER,
		template_name = "",
		lt_grp = 0, srt_grp = 0, usr_flg = 0,
		spatialprops =
		{
			pos = { -2.140759, -0.0054, -11.56903 },
			orient = { {  0.840587,  0.000000, -0.541676 },
					   {  0.000000,  1.000000,  0.000000 },
					   {  0.541676,  0.000000,  0.840587 } }
		}
	},

	{
		entity_name = "Zs/NPC/mFloor2/01/P/Stand",
		type = MARKER,
		template_name = "",
		lt_grp = 0, srt_grp = 0, usr_flg = 0,
		spatialprops =
		{
			pos = { 10.43433, -0.0054, 6.880579 },
			orient = { { -0.959062,  0.000000, -0.283198 },
					   {  0.000000,  1.000000,  0.000000 },
					   {  0.283198,  0.000000, -0.959062 } }
		}
	},

	{
		entity_name = "Zs/NPC/Equipment/01/AC2/Camera",
		type = CAMERA,
		template_name = "",
		lt_grp = 0, srt_grp = 0, usr_flg = 0,
		flags = HIDDEN,
		spatialprops =
		{
			pos = { 10.06944, 2.380171, -15.02261 },
			orient = { { -0.974382,  0.000000, -0.224898 },
					   { -0.043765,  0.980883,  0.189614 },
					   {  0.220599,  0.194599, -0.955755 } }
		},
		cameraprops =
		{
			fovh = 30,
			hvaspect = 1.85,
			nearplane = 0.2,
			farplane = 5000
		}
	},

	{
		entity_name = "Zs/NPC/Equipment/01/ACOH/Camera",
		type = CAMERA,
		template_name = "",
		lt_grp = 0, srt_grp = 0, usr_flg = 0,
		flags = HIDDEN,
		spatialprops =
		{
			pos = { 10.66492, 2.475034, -13.63775 },
			orient = { { -0.464648,  0.000000, -0.885495 },
					   { -0.177040,  0.979809,  0.092899 },
					   {  0.867617,  0.199934, -0.455267 } }
		},
		cameraprops =
		{
			fovh = 25,
			hvaspect = 1.85,
			nearplane = 0.2,
			farplane = 5000
		}
	},

	{
		entity_name = "Zs/NPC/Equipment/01/ACS/Camera",
		type = CAMERA,
		template_name = "",
		lt_grp = 0, srt_grp = 0, usr_flg = 0,
		flags = HIDDEN,
		spatialprops =
		{
			pos = { 10.05205, 2.326986, -13.73142 },
			orient = { { -0.563384,  0.000000, -0.826195 },
					   { -0.056232,  0.997681,  0.038345 },
					   {  0.824279,  0.068062, -0.562078 } }
		},
		cameraprops =
		{
			fovh = 25,
			hvaspect = 1.85,
			nearplane = 0.2,
			farplane = 5000
		}
	},

	{
		entity_name = "Zs/NPC/Equipment/01/PC2/Camera",
		type = CAMERA,
		template_name = "",
		lt_grp = 0, srt_grp = 0, usr_flg = 0,
		flags = HIDDEN,
		spatialprops =
		{
			pos = { 8.637124, 2.437493, -14.68106 },
			orient = { { -0.859051,  0.000000,  0.511890 },
					   {  0.113179,  0.975251,  0.189937 },
					   { -0.499221,  0.221101, -0.837790 } }
		},
		cameraprops =
		{
			fovh = 30,
			hvaspect = 1.85,
			nearplane = 0.2,
			farplane = 5000
		}
	},

	{
		entity_name = "Zs/NPC/Equipment/01/PCO/Camera",
		type = CAMERA,
		template_name = "",
		lt_grp = 0, srt_grp = 0, usr_flg = 0,
		flags = HIDDEN,
		spatialprops =
		{
			pos = { 8.460391, 2.470179, -13.57936 },
			orient = { { -0.394289,  0.000000,  0.918986 },
					   {  0.191001,  0.978163,  0.081948 },
					   { -0.898919,  0.207838, -0.385679 } }
		},
		cameraprops =
		{
			fovh = 25,
			hvaspect = 1.85,
			nearplane = 0.2,
			farplane = 5000
		}
	},

	{
		entity_name = "Zs/NPC/Equipment/01/PCS/Camera",
		type = CAMERA,
		template_name = "",
		lt_grp = 0, srt_grp = 0, usr_flg = 0,
		flags = HIDDEN,
		spatialprops =
		{
			pos = { 8.946506, 2.310779, -13.60436 },
			orient = { { -0.405516,  0.000000,  0.914088 },
					   {  0.062950,  0.997626,  0.027926 },
					   { -0.911918,  0.068866, -0.404553 } }
		},
		cameraprops =
		{
			fovh = 25,
			hvaspect = 1.85,
			nearplane = 0.2,
			farplane = 5000
		}
	},

	{
		entity_name = "Zs/NPC/Equipment/01/P/Stand",
		type = MARKER,
		template_name = "",
		lt_grp = 0, srt_grp = 0, usr_flg = 0,
		spatialprops =
		{
			pos = { 10.83792, 0.6939, -13.28774 },
			orient = { {  0.044218,  0.000000, -0.999022 },
					   {  0.000000,  1.000000,  0.000000 },
					   {  0.999022,  0.000000,  0.044218 } }
		}
	}
};

events =
{
};
