duration = 295.001;

entities =
{

	{
		entity_name = "Layer_Rh_03_Equip_hardpoint",
		type = SCENE,
		template_name = "",
		lt_grp = 0, srt_grp = 0, usr_flg = 0,
		spatialprops =
		{
			pos = { 0, 0, 0 },
			orient = { { 1, 0, 0 }, { 0, 1, 0 }, { 0, 0, 1 } }
		},
		up = Y_AXIS,
		front = Z_AXIS,
		ambient = { 183, 183, 183 }
	},

	{
		entity_name = "Zg/PC/Player/01/A/Stand",
		type = MARKER,
		template_name = "",
		lt_grp = 0, srt_grp = 0, usr_flg = 0,
		spatialprops =
		{
			pos = { -12.57436, 1.756136, -31.67833 },
			orient = { { -0.734315,  0.000000,  0.678809 },
					   {  0.000000,  1.000000,  0.000000 },
					   { -0.678809,  0.000000, -0.734315 } }
		}
	},

	{
		entity_name = "Zs/NPC/Equipment/01/A/Stand",
		type = MARKER,
		template_name = "",
		lt_grp = 0, srt_grp = 0, usr_flg = 0,
		spatialprops =
		{
			pos = { -10.92358, 1.730044, -30.78155 },
			orient = { { -0.036427,  0.000000, -0.999336 },
					   {  0.000000,  1.000000,  0.000000 },
					   {  0.999336,  0.000000, -0.036427 } }
		}
	},

	{
		entity_name = "Cart_Mk_Engine_Stop",
		type = MARKER,
		template_name = "",
		lt_grp = 0, srt_grp = 0, usr_flg = 0,
		spatialprops =
		{
			pos = { 1.820134, 1.7544, 9.268683 },
			orient = { {  0.022604,  0.000000,  0.999745 },
					   {  0.000000,  1.000000,  0.000000 },
					   { -0.999745,  0.000000,  0.022604 } }
		}
	},

	{
		entity_name = "Cart_Mk_ShieldThrust_Stop",
		type = MARKER,
		template_name = "",
		lt_grp = 0, srt_grp = 0, usr_flg = 0,
		spatialprops =
		{
			pos = { 7.643951, 1.754398, 3.359231 },
			orient = { { -0.993963,  0.000000, -0.109717 },
					   {  0.000000,  1.000000,  0.000000 },
					   {  0.109717,  0.000000, -0.993963 } }
		}
	},

	{
		entity_name = "Cart_Mk_Gun_Stop",
		type = MARKER,
		template_name = "",
		lt_grp = 0, srt_grp = 0, usr_flg = 0,
		spatialprops =
		{
			pos = { -4.149014, 1.7544, -7.767736 },
			orient = { {  0.035550,  0.000000, -0.999368 },
					   {  0.000000,  1.000000,  0.000000 },
					   {  0.999368,  0.000000,  0.035550 } }
		}
	},

	{
		entity_name = "X/Shipcentre/01",
		type = MARKER,
		template_name = "",
		lt_grp = 0, srt_grp = 0, usr_flg = 0,
		spatialprops =
		{
			pos = { 0, 1.754399, 0 },
			orient = { { -0.018669,  0.000000,  0.999826 },
					   {  0.000000,  1.000000,  0.000000 },
					   { -0.999826,  0.000000, -0.018669 } }
		}
	},

	{
		entity_name = "Set_rh_03_equipment",
		type = COMPOUND,
		template_name = "rh_03_equipment",
		lt_grp = 0, srt_grp = 0, usr_flg = 0,
		flags = LIT_AMBIENT,
		spatialprops =
		{
			pos = { 0, 0, 0 },
			orient = { { 1, 0, 0 }, { 0, 1, 0 }, { 0, 0, 1 } }
		},
		userprops =
		{
			category = "Room",
		}
	},

	{
		entity_name = "Zg/NPC/mFloor2/01/A/Stand",
		type = MARKER,
		template_name = "",
		lt_grp = 0, srt_grp = 0, usr_flg = 0,
		spatialprops =
		{
			pos = { -9.728873, 1.730044, 34.54438 },
			orient = { { -0.036427,  0.000000, -0.999336 },
					   {  0.000000,  1.000000,  0.000000 },
					   {  0.999336,  0.000000, -0.036427 } }
		}
	},

	{
		entity_name = "Zg/NPC/mFloor2/02/A/Stand",
		type = MARKER,
		template_name = "",
		lt_grp = 0, srt_grp = 0, usr_flg = 0,
		spatialprops =
		{
			pos = { 16.57871, 1.730044, -31.49432 },
			orient = { { -0.034768,  0.000000, -0.999395 },
					   {  0.000000,  1.000000,  0.000000 },
					   {  0.999395,  0.000000, -0.034768 } }
		}
	},

	{
		entity_name = "Zg/NPC/mFloor2/02/B/Stand",
		type = MARKER,
		template_name = "",
		lt_grp = 0, srt_grp = 0, usr_flg = 0,
		spatialprops =
		{
			pos = { 15.92369, 1.730044, -32.7593 },
			orient = { {  0.289291,  0.000000, -0.957241 },
					   {  0.000000,  1.000000,  0.000000 },
					   {  0.957241,  0.000000,  0.289291 } }
		}
	},

	{
		entity_name = "Zg/NPC/mFloor2/01/B/Stand",
		type = MARKER,
		template_name = "",
		lt_grp = 0, srt_grp = 0, usr_flg = 0,
		spatialprops =
		{
			pos = { -10.14703, 1.730044, 33.70543 },
			orient = { { -0.841448,  0.000000, -0.540339 },
					   {  0.000000,  1.000000,  0.000000 },
					   {  0.540339,  0.000000, -0.841448 } }
		}
	},

	{
		entity_name = "Camera_0",
		type = CAMERA,
		template_name = "",
		lt_grp = 0, srt_grp = 0, usr_flg = 0,
		spatialprops =
		{
			pos = { -60.12879, 43.8817, 45.8152 },
			orient = { {  0.616640,  0.000000,  0.787246 },
					   {  0.342897,  0.900157, -0.268587 },
					   { -0.708645,  0.435566,  0.555072 } }
		},
		cameraprops =
		{
			fovh = 30,
			hvaspect = 1.333333,
			nearplane = 0.1,
			farplane = 100000
		}
	},

	{
		entity_name = "Camera_Track_1",
		type = CAMERA,
		template_name = "",
		lt_grp = 0, srt_grp = 0, usr_flg = 0,
		spatialprops =
		{
			pos = { -32.473, 11.91337, -36.93991 },
			orient = { { -0.637169,  0.000000,  0.770724 },
					   {  0.075958,  0.995132,  0.062795 },
					   { -0.766972,  0.098554, -0.634068 } }
		},
		cameraprops =
		{
			fovh = 40,
			hvaspect = 1.333333,
			nearplane = 0.1,
			farplane = 100000
		}
	},

	{
		entity_name = "Camera_Track_2",
		type = CAMERA,
		template_name = "",
		lt_grp = 0, srt_grp = 0, usr_flg = 0,
		spatialprops =
		{
			pos = { 25.70262, 19.73041, 27.91391 },
			orient = { {  0.784790,  0.000000, -0.619762 },
					   { -0.139354,  0.974393, -0.176461 },
					   {  0.603891,  0.224852,  0.764694 } }
		},
		cameraprops =
		{
			fovh = 40,
			hvaspect = 1.333333,
			nearplane = 0.1,
			farplane = 100000
		}
	},

	{
		entity_name = "Zs/NPC/mFloor2/01/AC2/Camera",
		type = CAMERA,
		template_name = "",
		lt_grp = 0, srt_grp = 0, usr_flg = 0,
		flags = HIDDEN,
		spatialprops =
		{
			pos = { -11.11206, 3.407258, 35.92904 },
			orient = { {  0.906451,  0.000000,  0.422311 },
					   {  0.071375,  0.985614, -0.153199 },
					   { -0.416236,  0.169009,  0.893411 } }
		},
		cameraprops =
		{
			fovh = 30,
			hvaspect = 1.85,
			nearplane = 0.2,
			farplane = 5000
		}
	},

	{
		entity_name = "Zs/NPC/mFloor2/01/PC2/Camera",
		type = CAMERA,
		template_name = "",
		lt_grp = 0, srt_grp = 0, usr_flg = 0,
		flags = HIDDEN,
		spatialprops =
		{
			pos = { -9.739857, 3.46129, 35.89397 },
			orient = { {  0.924037,  0.000000, -0.382302 },
					   { -0.079803,  0.977970, -0.192887 },
					   {  0.373880,  0.208743,  0.903681 } }
		},
		cameraprops =
		{
			fovh = 30,
			hvaspect = 1.85,
			nearplane = 0.2,
			farplane = 5000
		}
	},

	{
		entity_name = "Zs/NPC/mFloor2/01/ACOH/Camera",
		type = CAMERA,
		template_name = "",
		lt_grp = 0, srt_grp = 0, usr_flg = 0,
		flags = HIDDEN,
		spatialprops =
		{
			pos = { -11.44304, 3.476979, 34.80116 },
			orient = { {  0.372629,  0.000000,  0.927980 },
					   {  0.166014,  0.983868, -0.066662 },
					   { -0.913010,  0.178898,  0.366618 } }
		},
		cameraprops =
		{
			fovh = 25,
			hvaspect = 1.85,
			nearplane = 0.2,
			farplane = 5000
		}
	},

	{
		entity_name = "Zs/NPC/mFloor2/01/ACS/Camera",
		type = CAMERA,
		template_name = "",
		lt_grp = 0, srt_grp = 0, usr_flg = 0,
		flags = HIDDEN,
		spatialprops =
		{
			pos = { -10.94918, 3.324391, 34.81926 },
			orient = { {  0.385806,  0.000000,  0.922580 },
					   {  0.030678,  0.999447, -0.012829 },
					   { -0.922070,  0.033253,  0.385592 } }
		},
		cameraprops =
		{
			fovh = 25,
			hvaspect = 1.85,
			nearplane = 0.2,
			farplane = 5000
		}
	},

	{
		entity_name = "Zs/NPC/mFloor2/01/ACU/Camera",
		type = CAMERA,
		template_name = "",
		lt_grp = 0, srt_grp = 0, usr_flg = 0,
		flags = HIDDEN,
		spatialprops =
		{
			pos = { -10.54164, 3.398756, 34.71684 },
			orient = { {  0.305619,  0.000000,  0.952154 },
					   {  0.031562,  0.999450, -0.010131 },
					   { -0.951631,  0.033148,  0.305451 } }
		},
		cameraprops =
		{
			fovh = 25,
			hvaspect = 1.85,
			nearplane = 0.2,
			farplane = 5000
		}
	},

	{
		entity_name = "Zs/NPC/mFloor2/01/PCS/Camera",
		type = CAMERA,
		template_name = "",
		lt_grp = 0, srt_grp = 0, usr_flg = 0,
		flags = HIDDEN,
		spatialprops =
		{
			pos = { -9.893408, 3.344733, 34.85886 },
			orient = { {  0.499955,  0.000000, -0.866052 },
					   { -0.048413,  0.998436, -0.027948 },
					   {  0.864697,  0.055901,  0.499173 } }
		},
		cameraprops =
		{
			fovh = 25,
			hvaspect = 1.85,
			nearplane = 0.2,
			farplane = 5000
		}
	},

	{
		entity_name = "Zs/NPC/mFloor2/01/PCO/Camera",
		type = CAMERA,
		template_name = "",
		lt_grp = 0, srt_grp = 0, usr_flg = 0,
		flags = HIDDEN,
		spatialprops =
		{
			pos = { -9.381206, 3.506686, 34.99789 },
			orient = { {  0.525935,  0.000000, -0.850525 },
					   { -0.174169,  0.978808, -0.107700 },
					   {  0.832501,  0.204778,  0.514789 } }
		},
		cameraprops =
		{
			fovh = 25,
			hvaspect = 1.85,
			nearplane = 0.2,
			farplane = 5000
		}
	},

	{
		entity_name = "Zs/NPC/mFloor2/01/PCU/Camera",
		type = CAMERA,
		template_name = "",
		lt_grp = 0, srt_grp = 0, usr_flg = 0,
		flags = HIDDEN,
		spatialprops =
		{
			pos = { -10.33699, 3.428404, 34.68208 },
			orient = { {  0.434859,  0.000000, -0.900499 },
					   { -0.058212,  0.997908, -0.028111 },
					   {  0.898615,  0.064644,  0.433950 } }
		},
		cameraprops =
		{
			fovh = 25,
			hvaspect = 1.85,
			nearplane = 0.2,
			farplane = 5000
		}
	},

	{
		entity_name = "Zs/NPC/mFloor2/01/TCI/Camera",
		type = CAMERA,
		template_name = "",
		lt_grp = 0, srt_grp = 0, usr_flg = 0,
		flags = HIDDEN,
		spatialprops =
		{
			pos = { -10.99662, 3.633272, 34.95687 },
			orient = { {  0.446424,  0.000000,  0.894821 },
					   {  0.550267,  0.788569, -0.274527 },
					   { -0.705629,  0.614946,  0.352037 } }
		},
		cameraprops =
		{
			fovh = 15,
			hvaspect = 1.85,
			nearplane = 0.2,
			farplane = 5000
		}
	},

	{
		entity_name = "Zs/NPC/mFloor2/01/WFC/Camera",
		type = CAMERA,
		template_name = "",
		lt_grp = 0, srt_grp = 0, usr_flg = 0,
		flags = HIDDEN,
		spatialprops =
		{
			pos = { -10.61549, 2.370085, 38.27967 },
			orient = { {  0.992396,  0.000000,  0.123089 },
					   { -0.010028,  0.996676,  0.080853 },
					   { -0.122680, -0.081473,  0.989096 } }
		},
		cameraprops =
		{
			fovh = 30,
			hvaspect = 1.85,
			nearplane = 0.2,
			farplane = 5000
		}
	},

	{
		entity_name = "Zs/NPC/mFloor2/01/P/Stand",
		type = MARKER,
		template_name = "",
		lt_grp = 0, srt_grp = 0, usr_flg = 0,
		spatialprops =
		{
			pos = { -11.53985, 1.724644, 34.30774 },
			orient = { { -0.342197,  0.000000,  0.939628 },
					   {  0.000000,  1.000000,  0.000000 },
					   { -0.939628,  0.000000, -0.342197 } }
		}
	},

	{
		entity_name = "Zs/NPC/mFloor2/01/P2/Stand",
		type = MARKER,
		template_name = "",
		lt_grp = 0, srt_grp = 0, usr_flg = 0,
		spatialprops =
		{
			pos = { -11.04466, 1.730044, 34.44508 },
			orient = { { -0.342197,  0.000000,  0.939628 },
					   {  0.000000,  1.000000,  0.000000 },
					   { -0.939628,  0.000000, -0.342197 } }
		}
	},

	{
		entity_name = "Zs/NPC/mFloor2/02/WFC/Camera",
		type = CAMERA,
		template_name = "",
		lt_grp = 0, srt_grp = 0, usr_flg = 0,
		flags = HIDDEN,
		spatialprops =
		{
			pos = { 15.68589, 2.370085, -27.7605 },
			orient = { {  0.992190,  0.000000,  0.124736 },
					   { -0.010163,  0.996676,  0.080837 },
					   { -0.124322, -0.081473,  0.988891 } }
		},
		cameraprops =
		{
			fovh = 30,
			hvaspect = 1.85,
			nearplane = 0.2,
			farplane = 5000
		}
	},

	{
		entity_name = "Zs/NPC/mFloor2/02/TCI/Camera",
		type = CAMERA,
		template_name = "",
		lt_grp = 0, srt_grp = 0, usr_flg = 0,
		flags = HIDDEN,
		spatialprops =
		{
			pos = { 15.31028, 3.633272, -31.08393 },
			orient = { {  0.444938,  0.000000,  0.895561 },
					   {  0.550722,  0.788569, -0.273613 },
					   { -0.706212,  0.614946,  0.350865 } }
		},
		cameraprops =
		{
			fovh = 15,
			hvaspect = 1.85,
			nearplane = 0.2,
			farplane = 5000
		}
	},

	{
		entity_name = "Zs/NPC/mFloor2/02/PCU/Camera",
		type = CAMERA,
		template_name = "",
		lt_grp = 0, srt_grp = 0, usr_flg = 0,
		flags = HIDDEN,
		spatialprops =
		{
			pos = { 15.97037, 3.428404, -31.35762 },
			orient = { {  0.436353,  0.000000, -0.899775 },
					   { -0.058165,  0.997908, -0.028207 },
					   {  0.897893,  0.064644,  0.435441 } }
		},
		cameraprops =
		{
			fovh = 25,
			hvaspect = 1.85,
			nearplane = 0.2,
			farplane = 5000
		}
	},

	{
		entity_name = "Zs/NPC/mFloor2/02/PCS/Camera",
		type = CAMERA,
		template_name = "",
		lt_grp = 0, srt_grp = 0, usr_flg = 0,
		flags = HIDDEN,
		spatialprops =
		{
			pos = { 16.41365, 3.344733, -31.18011 },
			orient = { {  0.501392,  0.000000, -0.865220 },
					   { -0.048366,  0.998436, -0.028028 },
					   {  0.863868,  0.055901,  0.500608 } }
		},
		cameraprops =
		{
			fovh = 25,
			hvaspect = 1.85,
			nearplane = 0.2,
			farplane = 5000
		}
	},

	{
		entity_name = "Zs/NPC/mFloor2/02/PCO/Camera",
		type = CAMERA,
		template_name = "",
		lt_grp = 0, srt_grp = 0, usr_flg = 0,
		flags = HIDDEN,
		spatialprops =
		{
			pos = { 16.92562, 3.506686, -31.04022 },
			orient = { {  0.527346,  0.000000, -0.849651 },
					   { -0.173990,  0.978808, -0.107989 },
					   {  0.831645,  0.204778,  0.516171 } }
		},
		cameraprops =
		{
			fovh = 25,
			hvaspect = 1.85,
			nearplane = 0.2,
			farplane = 5000
		}
	},

	{
		entity_name = "Zs/NPC/mFloor2/02/PC2/Camera",
		type = CAMERA,
		template_name = "",
		lt_grp = 0, srt_grp = 0, usr_flg = 0,
		flags = HIDDEN,
		spatialprops =
		{
			pos = { 16.56549, 3.46129, -30.14474 },
			orient = { {  0.924671,  0.000000, -0.380768 },
					   { -0.079483,  0.977970, -0.193019 },
					   {  0.372380,  0.208743,  0.904301 } }
		},
		cameraprops =
		{
			fovh = 30,
			hvaspect = 1.85,
			nearplane = 0.2,
			farplane = 5000
		}
	},

	{
		entity_name = "Zs/NPC/mFloor2/02/P2/Stand",
		type = MARKER,
		template_name = "",
		lt_grp = 0, srt_grp = 0, usr_flg = 0,
		spatialprops =
		{
			pos = { 15.26309, 1.730044, -31.59579 },
			orient = { { -0.343756,  0.000000,  0.939059 },
					   {  0.000000,  1.000000,  0.000000 },
					   { -0.939059,  0.000000, -0.343756 } }
		}
	},

	{
		entity_name = "Zs/NPC/mFloor2/02/P/Stand",
		type = MARKER,
		template_name = "",
		lt_grp = 0, srt_grp = 0, usr_flg = 0,
		spatialprops =
		{
			pos = { 14.76812, 1.724644, -31.73396 },
			orient = { { -0.343756,  0.000000,  0.939059 },
					   {  0.000000,  1.000000,  0.000000 },
					   { -0.939059,  0.000000, -0.343756 } }
		}
	},

	{
		entity_name = "Zs/NPC/mFloor2/02/ACU/Camera",
		type = CAMERA,
		template_name = "",
		lt_grp = 0, srt_grp = 0, usr_flg = 0,
		flags = HIDDEN,
		spatialprops =
		{
			pos = { 15.76566, 3.398756, -31.3232 },
			orient = { {  0.304037,  0.000000,  0.952660 },
					   {  0.031579,  0.999450, -0.010078 },
					   { -0.952137,  0.033148,  0.303870 } }
		},
		cameraprops =
		{
			fovh = 25,
			hvaspect = 1.85,
			nearplane = 0.2,
			farplane = 5000
		}
	},

	{
		entity_name = "Zs/NPC/mFloor2/02/ACS/Camera",
		type = CAMERA,
		template_name = "",
		lt_grp = 0, srt_grp = 0, usr_flg = 0,
		flags = HIDDEN,
		spatialprops =
		{
			pos = { 15.35794, 3.324391, -31.22146 },
			orient = { {  0.384273,  0.000000,  0.923219 },
					   {  0.030700,  0.999447, -0.012778 },
					   { -0.922709,  0.033253,  0.384061 } }
		},
		cameraprops =
		{
			fovh = 25,
			hvaspect = 1.85,
			nearplane = 0.2,
			farplane = 5000
		}
	},

	{
		entity_name = "Zs/NPC/mFloor2/02/ACOH/Camera",
		type = CAMERA,
		template_name = "",
		lt_grp = 0, srt_grp = 0, usr_flg = 0,
		flags = HIDDEN,
		spatialprops =
		{
			pos = { 14.86412, 3.476979, -31.24038 },
			orient = { {  0.371088,  0.000000,  0.928598 },
					   {  0.166124,  0.983868, -0.066387 },
					   { -0.913617,  0.178898,  0.365101 } }
		},
		cameraprops =
		{
			fovh = 25,
			hvaspect = 1.85,
			nearplane = 0.2,
			farplane = 5000
		}
	},

	{
		entity_name = "Zs/NPC/mFloor2/02/AC2/Camera",
		type = CAMERA,
		template_name = "",
		lt_grp = 0, srt_grp = 0, usr_flg = 0,
		flags = HIDDEN,
		spatialprops =
		{
			pos = { 15.19322, 3.407258, -30.11196 },
			orient = { {  0.905749,  0.000000,  0.423815 },
					   {  0.071629,  0.985614, -0.153080 },
					   { -0.417719,  0.169009,  0.892719 } }
		},
		cameraprops =
		{
			fovh = 30,
			hvaspect = 1.85,
			nearplane = 0.2,
			farplane = 5000
		}
	},

	{
		entity_name = "Zs/NPC/Equipment/01/P2/Stand",
		type = MARKER,
		template_name = "",
		lt_grp = 0, srt_grp = 0, usr_flg = 0,
		spatialprops =
		{
			pos = { -11.9725, 1.730044, -30.43274 },
			orient = { {  0.293223,  0.000000,  0.956044 },
					   {  0.000000,  1.000000,  0.000000 },
					   { -0.956044,  0.000000,  0.293223 } }
		}
	},

	{
		entity_name = "Zs/NPC/Equipment/01/P/Stand",
		type = MARKER,
		template_name = "",
		lt_grp = 0, srt_grp = 0, usr_flg = 0,
		spatialprops =
		{
			pos = { -12.45043, 1.724644, -30.2439 },
			orient = { {  0.293223,  0.000000,  0.956044 },
					   {  0.000000,  1.000000,  0.000000 },
					   { -0.956044,  0.000000,  0.293223 } }
		}
	},

	{
		entity_name = "Zs/NPC/Equipment/01/AC2/Camera",
		type = CAMERA,
		template_name = "",
		lt_grp = 0, srt_grp = 0, usr_flg = 0,
		spatialprops =
		{
			pos = { -12.37077, 3.412603, -31.83627 },
			orient = { { -0.820732,  0.000000,  0.571313 },
					   {  0.106232,  0.982561,  0.152610 },
					   { -0.561350,  0.185943, -0.806419 } }
		},
		cameraprops =
		{
			fovh = 30,
			hvaspect = 1.85,
			nearplane = 0.2,
			farplane = 5000
		}
	},

	{
		entity_name = "Zs/NPC/Equipment/01/PC2/Camera",
		type = CAMERA,
		template_name = "",
		lt_grp = 0, srt_grp = 0, usr_flg = 0,
		spatialprops =
		{
			pos = { -11.08545, 3.422168, -32.02007 },
			orient = { { -0.971330,  0.000000, -0.237734 },
					   { -0.042580,  0.983829,  0.173973 },
					   {  0.233890,  0.179108, -0.955623 } }
		},
		cameraprops =
		{
			fovh = 30,
			hvaspect = 1.85,
			nearplane = 0.2,
			farplane = 5000
		}
	},

	{
		entity_name = "Zs/NPC/Equipment/01/ACOH/Camera",
		type = CAMERA,
		template_name = "",
		lt_grp = 0, srt_grp = 0, usr_flg = 0,
		spatialprops =
		{
			pos = { -12.52231, 3.477538, -30.78269 },
			orient = { { -0.218939,  0.000000,  0.975739 },
					   {  0.176787,  0.983450,  0.039667 },
					   { -0.959590,  0.181182, -0.215315 } }
		},
		cameraprops =
		{
			fovh = 25,
			hvaspect = 1.85,
			nearplane = 0.2,
			farplane = 5000
		}
	},

	{
		entity_name = "Zs/NPC/Equipment/01/ACS/Camera",
		type = CAMERA,
		template_name = "",
		lt_grp = 0, srt_grp = 0, usr_flg = 0,
		spatialprops =
		{
			pos = { -12.08904, 3.40061, -30.75722 },
			orient = { { -0.152558,  0.000000,  0.988295 },
					   {  0.090967,  0.995755,  0.014042 },
					   { -0.984099,  0.092045, -0.151910 } }
		},
		cameraprops =
		{
			fovh = 25,
			hvaspect = 1.85,
			nearplane = 0.2,
			farplane = 5000
		}
	},

	{
		entity_name = "Zs/NPC/Equipment/01/PCO/Camera",
		type = CAMERA,
		template_name = "",
		lt_grp = 0, srt_grp = 0, usr_flg = 0,
		spatialprops =
		{
			pos = { -10.70524, 3.492269, -31.24578 },
			orient = { { -0.683088,  0.000000, -0.730336 },
					   { -0.142468,  0.980789,  0.133251 },
					   {  0.716305,  0.195072, -0.669965 } }
		},
		cameraprops =
		{
			fovh = 25,
			hvaspect = 1.85,
			nearplane = 0.2,
			farplane = 5000
		}
	},

	{
		entity_name = "Zs/NPC/Equipment/01/PCS/Camera",
		type = CAMERA,
		template_name = "",
		lt_grp = 0, srt_grp = 0, usr_flg = 0,
		spatialprops =
		{
			pos = { -10.99449, 3.428394, -31.14311 },
			orient = { { -0.678141,  0.000000, -0.734931 },
					   { -0.094340,  0.991727,  0.087050 },
					   {  0.728851,  0.128366, -0.672531 } }
		},
		cameraprops =
		{
			fovh = 25,
			hvaspect = 1.85,
			nearplane = 0.2,
			farplane = 5000
		}
	}
};

events =
{
};
