duration = 20.000;

entities =
{

	{
		entity_name = "Layer_Rh_02_trader_hardpoint",
		type = SCENE,
		template_name = "",
		lt_grp = 0, srt_grp = 0, usr_flg = 0,
		spatialprops =
		{
			pos = { 0, 0, 0 },
			orient = { { 1, 0, 0 }, { 0, 1, 0 }, { 0, 0, 1 } }
		},
		up = Y_AXIS,
		front = Z_AXIS,
		ambient = { 231, 220, 184 }
	},

	{
		entity_name = "Camera_0",
		type = CAMERA,
		template_name = "",
		lt_grp = 0, srt_grp = 0, usr_flg = 0,
		spatialprops =
		{
			pos = { -1.421858, 1.587939, 6.037683 },
			orient = { {  0.978413,  0.000000,  0.206661 },
					   {  0.001026,  0.999988, -0.004857 },
					   { -0.206659,  0.004964,  0.978401 } }
		},
		cameraprops =
		{
			fovh = 30,
			hvaspect = 1.333333,
			nearplane = 1,
			farplane = 100
		}
	},

	{
		entity_name = "Zg/PC/Player/01/A/Stand",
		type = MARKER,
		template_name = "",
		lt_grp = 0, srt_grp = 0, usr_flg = 0,
		spatialprops =
		{
			pos = { -0.371745, 0, 1.658761 },
			orient = { {  0.999050,  0.000000, -0.043582 },
					   {  0.000000,  1.000000,  0.000000 },
					   {  0.043582,  0.000000,  0.999050 } }
		}
	},

	{
		entity_name = "Zs/NPC/Trader/01/A/Stand",
		type = MARKER,
		template_name = "",
		lt_grp = 0, srt_grp = 0, usr_flg = 0,
		spatialprops =
		{
			pos = { -1.014837, 0, -0.406507 },
			orient = { { -0.960933,  0.000000,  0.276781 },
					   {  0.000000,  1.000000,  0.000000 },
					   { -0.276781,  0.000000, -0.960933 } }
		}
	},

	{
		entity_name = "HpCan05",
		type = MARKER,
		template_name = "",
		lt_grp = 0, srt_grp = 0, usr_flg = 0,
		spatialprops =
		{
			pos = { 7.770257, 0.994965, 0.911564 },
			orient = { {  0.001743,  0.000000, -0.999998 },
					   {  0.000000,  1.000000,  0.000000 },
					   {  0.999998,  0.000000,  0.001743 } }
		}
	},

	{
		entity_name = "HpCan04",
		type = MARKER,
		template_name = "",
		lt_grp = 0, srt_grp = 0, usr_flg = 0,
		spatialprops =
		{
			pos = { 7.630775, 1.107094, -3.937482 },
			orient = { {  0.001743,  0.000000, -0.999998 },
					   {  0.000000,  1.000000,  0.000000 },
					   {  0.999998,  0.000000,  0.001743 } }
		}
	},

	{
		entity_name = "HpCan06",
		type = MARKER,
		template_name = "",
		lt_grp = 0, srt_grp = 0, usr_flg = 0,
		spatialprops =
		{
			pos = { 7.691196, 0.994965, 3.510363 },
			orient = { {  0.001743,  0.000000, -0.999998 },
					   {  0.000000,  1.000000,  0.000000 },
					   {  0.999998,  0.000000,  0.001743 } }
		}
	},

	{
		entity_name = "HpCan01",
		type = MARKER,
		template_name = "",
		lt_grp = 0, srt_grp = 0, usr_flg = 0,
		spatialprops =
		{
			pos = { 7.852564, 3.239792, -3.017972 },
			orient = { {  0.001743,  0.000000, -0.999998 },
					   {  0.000000,  1.000000,  0.000000 },
					   {  0.999998,  0.000000,  0.001743 } }
		}
	},

	{
		entity_name = "HpCan02",
		type = MARKER,
		template_name = "",
		lt_grp = 0, srt_grp = 0, usr_flg = 0,
		spatialprops =
		{
			pos = { 7.692787, 1.084881, -1.578496 },
			orient = { {  0.001743,  0.000000, -0.999998 },
					   {  0.000000,  1.000000,  0.000000 },
					   {  0.999998,  0.000000,  0.001743 } }
		}
	},

	{
		entity_name = "HpCan03",
		type = MARKER,
		template_name = "",
		lt_grp = 0, srt_grp = 0, usr_flg = 0,
		spatialprops =
		{
			pos = { 7.599688, 3.148084, 2.220902 },
			orient = { {  0.001743,  0.000000, -0.999998 },
					   {  0.000000,  1.000000,  0.000000 },
					   {  0.999998,  0.000000,  0.001743 } }
		}
	},

	{
		entity_name = "Zg/NPC/mFloor2/01/A/Stand",
		type = MARKER,
		template_name = "",
		lt_grp = 0, srt_grp = 0, usr_flg = 0,
		spatialprops =
		{
			pos = { -2.270182, 0, -8.449778 },
			orient = { { -0.729637,  0.000000,  0.683834 },
					   {  0.000000,  1.000000,  0.000000 },
					   { -0.683834,  0.000000, -0.729637 } }
		}
	},

	{
		entity_name = "Zg/NPC/mFloor2/01/B/Stand",
		type = MARKER,
		template_name = "",
		lt_grp = 0, srt_grp = 0, usr_flg = 0,
		spatialprops =
		{
			pos = { -0.808304, 0, -8.108103 },
			orient = { {  0.271263,  0.000000, -0.962505 },
					   {  0.000000,  1.000000,  0.000000 },
					   {  0.962505,  0.000000,  0.271263 } }
		}
	},

	{
		entity_name = "Zg/NPC/mFloor2/02/A/Stand",
		type = MARKER,
		template_name = "",
		lt_grp = 0, srt_grp = 0, usr_flg = 0,
		spatialprops =
		{
			pos = { 3.371656, 0, -4.866765 },
			orient = { { -0.544071,  0.000000, -0.839039 },
					   {  0.000000,  1.000000,  0.000000 },
					   {  0.839039,  0.000000, -0.544071 } }
		}
	},

	{
		entity_name = "Zg/NPC/mFloor2/02/B/Stand",
		type = MARKER,
		template_name = "",
		lt_grp = 0, srt_grp = 0, usr_flg = 0,
		spatialprops =
		{
			pos = { 1.952116, 0, -4.32328 },
			orient = { { -0.205629,  0.000000,  0.978630 },
					   {  0.000000,  1.000000,  0.000000 },
					   { -0.978630,  0.000000, -0.205629 } }
		}
	},

	{
		entity_name = "Zs/NPC/mFloor2/01/AC2/Camera",
		type = CAMERA,
		template_name = "",
		lt_grp = 0, srt_grp = 0, usr_flg = 0,
		spatialprops =
		{
			pos = { -2.025196, 1.669471, -6.574886 },
			orient = { {  0.986222,  0.000000,  0.165424 },
					   {  0.030761,  0.982559, -0.183388 },
					   { -0.162539,  0.185950,  0.969022 } }
		},
		cameraprops =
		{
			fovh = 30,
			hvaspect = 1.85,
			nearplane = 0.2,
			farplane = 5000
		}
	},

	{
		entity_name = "Zs/NPC/mFloor2/01/ACOH/Camera",
		type = CAMERA,
		template_name = "",
		lt_grp = 0, srt_grp = 0, usr_flg = 0,
		spatialprops =
		{
			pos = { -1.353857, 1.754097, -7.138471 },
			orient = { {  0.919405,  0.000000, -0.393313 },
					   { -0.080116,  0.979034, -0.187278 },
					   {  0.385067,  0.203695,  0.900129 } }
		},
		cameraprops =
		{
			fovh = 25,
			hvaspect = 1.85,
			nearplane = 0.2,
			farplane = 5000
		}
	},

	{
		entity_name = "Zs/NPC/mFloor2/01/TCI/Camera",
		type = CAMERA,
		template_name = "",
		lt_grp = 0, srt_grp = 0, usr_flg = 0,
		spatialprops =
		{
			pos = { -1.500372, 2.205348, -7.277136 },
			orient = { {  0.877615,  0.000000, -0.479365 },
					   { -0.347204,  0.689486, -0.635656 },
					   {  0.330516,  0.724299,  0.605103 } }
		},
		cameraprops =
		{
			fovh = 15,
			hvaspect = 1.85,
			nearplane = 0.2,
			farplane = 5000
		}
	},

	{
		entity_name = "Zs/NPC/mFloor2/01/ACS/Camera",
		type = CAMERA,
		template_name = "",
		lt_grp = 0, srt_grp = 0, usr_flg = 0,
		spatialprops =
		{
			pos = { -1.509238, 1.646911, -7.497583 },
			orient = { {  0.874435,  0.000000, -0.485143 },
					   { -0.051025,  0.994454, -0.091968 },
					   {  0.482452,  0.105174,  0.869585 } }
		},
		cameraprops =
		{
			fovh = 25,
			hvaspect = 1.85,
			nearplane = 0.2,
			farplane = 5000
		}
	},

	{
		entity_name = "Zs/NPC/mFloor2/01/PCS/Camera",
		type = CAMERA,
		template_name = "",
		lt_grp = 0, srt_grp = 0, usr_flg = 0,
		spatialprops =
		{
			pos = { -2.352604, 1.687197, -8.262281 },
			orient = { { -0.322956,  0.000000,  0.946414 },
					   {  0.121638,  0.991706,  0.041508 },
					   { -0.938565,  0.128526, -0.320277 } }
		},
		cameraprops =
		{
			fovh = 25,
			hvaspect = 1.85,
			nearplane = 0.2,
			farplane = 5000
		}
	},

	{
		entity_name = "Zs/NPC/mFloor2/01/ACU/Camera",
		type = CAMERA,
		template_name = "",
		lt_grp = 0, srt_grp = 0, usr_flg = 0,
		spatialprops =
		{
			pos = { -1.723675, 1.675036, -7.829859 },
			orient = { {  0.826123,  0.000000, -0.563489 },
					   { -0.040711,  0.997387, -0.059686 },
					   {  0.562017,  0.072248,  0.823965 } }
		},
		cameraprops =
		{
			fovh = 25,
			hvaspect = 1.85,
			nearplane = 0.2,
			farplane = 5000
		}
	},

	{
		entity_name = "Zs/NPC/mFloor2/01/PCO/Camera",
		type = CAMERA,
		template_name = "",
		lt_grp = 0, srt_grp = 0, usr_flg = 0,
		spatialprops =
		{
			pos = { -2.891179, 1.73, -8.381378 },
			orient = { { -0.198301,  0.000000,  0.980141 },
					   {  0.179029,  0.983177,  0.036221 },
					   { -0.963652,  0.182657, -0.194965 } }
		},
		cameraprops =
		{
			fovh = 25,
			hvaspect = 1.85,
			nearplane = 0.2,
			farplane = 5000
		}
	},

	{
		entity_name = "Zs/NPC/mFloor2/01/WFC/Camera",
		type = CAMERA,
		template_name = "",
		lt_grp = 0, srt_grp = 0, usr_flg = 0,
		spatialprops =
		{
			pos = { -4.460121, 1.818247, -3.50059 },
			orient = { {  0.963425,  0.000000,  0.267977 },
					   {  0.049211,  0.982994, -0.176922 },
					   { -0.263420,  0.183638,  0.947041 } }
		},
		cameraprops =
		{
			fovh = 30,
			hvaspect = 1.85,
			nearplane = 1,
			farplane = 5000
		}
	},

	{
		entity_name = "Zs/NPC/mFloor2/01/PCU/Camera",
		type = CAMERA,
		template_name = "",
		lt_grp = 0, srt_grp = 0, usr_flg = 0,
		spatialprops =
		{
			pos = { -2.113151, 1.715326, -8.164901 },
			orient = { { -0.400497,  0.000000,  0.916298 },
					   {  0.117685,  0.991718,  0.051438 },
					   { -0.908709,  0.128436, -0.397180 } }
		},
		cameraprops =
		{
			fovh = 25,
			hvaspect = 1.85,
			nearplane = 0.2,
			farplane = 5000
		}
	},

	{
		entity_name = "Zs/NPC/mFloor2/01/PC2/Camera",
		type = CAMERA,
		template_name = "",
		lt_grp = 0, srt_grp = 0, usr_flg = 0,
		spatialprops =
		{
			pos = { -3.178553, 1.615342, -7.650156 },
			orient = { {  0.370656,  0.000000,  0.928770 },
					   {  0.122276,  0.991296, -0.048798 },
					   { -0.920686,  0.131654,  0.367429 } }
		},
		cameraprops =
		{
			fovh = 30,
			hvaspect = 1.85,
			nearplane = 0.1,
			farplane = 5000
		}
	},

	{
		entity_name = "Zs/NPC/mFloor2/01/P/Stand",
		type = MARKER,
		template_name = "",
		lt_grp = 0, srt_grp = 0, usr_flg = 0,
		spatialprops =
		{
			pos = { -0.968596, -0.0054, -7.514603 },
			orient = { {  0.528328,  0.000000, -0.849040 },
					   {  0.000000,  1.000000,  0.000000 },
					   {  0.849040,  0.000000,  0.528328 } }
		}
	},

	{
		entity_name = "Zs/NPC/mFloor2/01/P2/Stand",
		type = MARKER,
		template_name = "",
		lt_grp = 0, srt_grp = 0, usr_flg = 0,
		spatialprops =
		{
			pos = { -1.424904, 0, -7.750964 },
			orient = { {  0.528328,  0.000000, -0.849040 },
					   {  0.000000,  1.000000,  0.000000 },
					   {  0.849040,  0.000000,  0.528328 } }
		}
	},

	{
		entity_name = "Zs/NPC/mFloor2/02/AC2/Camera",
		type = CAMERA,
		template_name = "",
		lt_grp = 0, srt_grp = 0, usr_flg = 0,
		spatialprops =
		{
			pos = { 1.535604, 1.67953, -4.915357 },
			orient = { { -0.337142,  0.000000,  0.941454 },
					   {  0.179091,  0.981740,  0.064134 },
					   { -0.924263,  0.190228, -0.330986 } }
		},
		cameraprops =
		{
			fovh = 30,
			hvaspect = 1.85,
			nearplane = 0.2,
			farplane = 5000
		}
	},

	{
		entity_name = "Zs/NPC/mFloor2/02/ACOH/Camera",
		type = CAMERA,
		template_name = "",
		lt_grp = 0, srt_grp = 0, usr_flg = 0,
		spatialprops =
		{
			pos = { 1.918682, 1.752694, -4.197777 },
			orient = { {  0.250629,  0.000000,  0.968083 },
					   {  0.205446,  0.977222, -0.053188 },
					   { -0.946032,  0.212219,  0.244920 } }
		},
		cameraprops =
		{
			fovh = 25,
			hvaspect = 1.85,
			nearplane = 0.2,
			farplane = 5000
		}
	},

	{
		entity_name = "Zs/NPC/mFloor2/02/TCI/Camera",
		type = CAMERA,
		template_name = "",
		lt_grp = 0, srt_grp = 0, usr_flg = 0,
		spatialprops =
		{
			pos = { 2.081391, 2.205348, -4.316391 },
			orient = { {  0.316662,  0.000000,  0.948538 },
					   {  0.687025,  0.689486, -0.229358 },
					   { -0.654004,  0.724299,  0.218334 } }
		},
		cameraprops =
		{
			fovh = 15,
			hvaspect = 1.85,
			nearplane = 0.2,
			farplane = 5000
		}
	},

	{
		entity_name = "Zs/NPC/mFloor2/02/ACS/Camera",
		type = CAMERA,
		template_name = "",
		lt_grp = 0, srt_grp = 0, usr_flg = 0,
		spatialprops =
		{
			pos = { 2.290387, 1.646911, -4.325984 },
			orient = { {  0.310396,  0.000000,  0.950607 },
					   {  0.095855,  0.994903, -0.031299 },
					   { -0.945762,  0.100836,  0.308814 } }
		},
		cameraprops =
		{
			fovh = 25,
			hvaspect = 1.85,
			nearplane = 0.2,
			farplane = 5000
		}
	},

	{
		entity_name = "Zs/NPC/mFloor2/02/PCS/Camera",
		type = CAMERA,
		template_name = "",
		lt_grp = 0, srt_grp = 0, usr_flg = 0,
		spatialprops =
		{
			pos = { 3.211721, 1.695572, -5.053746 },
			orient = { { -0.880776,  0.000000, -0.473533 },
					   { -0.064973,  0.990542,  0.120850 },
					   {  0.469055,  0.137208, -0.872446 } }
		},
		cameraprops =
		{
			fovh = 25,
			hvaspect = 1.85,
			nearplane = 0.2,
			farplane = 5000
		}
	},

	{
		entity_name = "Zs/NPC/mFloor2/02/ACU/Camera",
		type = CAMERA,
		template_name = "",
		lt_grp = 0, srt_grp = 0, usr_flg = 0,
		spatialprops =
		{
			pos = { 2.565779, 1.672402, -4.437892 },
			orient = { {  0.372331,  0.000000,  0.928100 },
					   {  0.079152,  0.996357, -0.031754 },
					   { -0.924719,  0.085284,  0.370975 } }
		},
		cameraprops =
		{
			fovh = 25,
			hvaspect = 1.85,
			nearplane = 0.2,
			farplane = 5000
		}
	},

	{
		entity_name = "Zs/NPC/mFloor2/02/WFC/Camera",
		type = CAMERA,
		template_name = "",
		lt_grp = 0, srt_grp = 0, usr_flg = 0,
		spatialprops =
		{
			pos = { 2.403291, 0.005625, -7.473983 },
			orient = { { -0.996802,  0.000000, -0.079914 },
					   {  0.026615,  0.942910, -0.331982 },
					   {  0.075351, -0.333048, -0.939894 } }
		},
		cameraprops =
		{
			fovh = 30,
			hvaspect = 1.85,
			nearplane = 1,
			farplane = 5000
		}
	},

	{
		entity_name = "Zs/NPC/mFloor2/02/PCU/Camera",
		type = CAMERA,
		template_name = "",
		lt_grp = 0, srt_grp = 0, usr_flg = 0,
		spatialprops =
		{
			pos = { 3.037733, 1.716975, -4.775952 },
			orient = { { -0.852428,  0.000000, -0.522844 },
					   { -0.067149,  0.991719,  0.109477 },
					   {  0.518515,  0.128430, -0.845369 } }
		},
		cameraprops =
		{
			fovh = 25,
			hvaspect = 1.85,
			nearplane = 0.2,
			farplane = 5000
		}
	},

	{
		entity_name = "Zs/NPC/mFloor2/02/PC2/Camera",
		type = CAMERA,
		template_name = "",
		lt_grp = 0, srt_grp = 0, usr_flg = 0,
		spatialprops =
		{
			pos = { 2.830943, 1.61869, -5.916824 },
			orient = { { -0.991942,  0.000000,  0.126697 },
					   {  0.016131,  0.991862,  0.126292 },
					   { -0.125666,  0.127318, -0.983869 } }
		},
		cameraprops =
		{
			fovh = 30,
			hvaspect = 1.85,
			nearplane = 0.1,
			farplane = 5000
		}
	},

	{
		entity_name = "Zs/NPC/mFloor2/02/P2/Stand",
		type = MARKER,
		template_name = "",
		lt_grp = 0, srt_grp = 0, usr_flg = 0,
		spatialprops =
		{
			pos = { 2.533546, 0, -4.154091 },
			orient = { {  0.742264,  0.000000,  0.670107 },
					   {  0.000000,  1.000000,  0.000000 },
					   { -0.670107,  0.000000,  0.742264 } }
		}
	},

	{
		entity_name = "Zs/NPC/mFloor2/02/P/Stand",
		type = MARKER,
		template_name = "",
		lt_grp = 0, srt_grp = 0, usr_flg = 0,
		spatialprops =
		{
			pos = { 2.220237, -0.0054, -3.746757 },
			orient = { {  0.742264,  0.000000,  0.670107 },
					   {  0.000000,  1.000000,  0.000000 },
					   { -0.670107,  0.000000,  0.742264 } }
		}
	},

	{
		entity_name = "Zs/NPC/mFloor2/02/PCO/Camera",
		type = CAMERA,
		template_name = "",
		lt_grp = 0, srt_grp = 0, usr_flg = 0,
		spatialprops =
		{
			pos = { 3.411694, 1.730948, -5.490547 },
			orient = { { -0.917683,  0.000000, -0.397313 },
					   { -0.074270,  0.982373,  0.171543 },
					   {  0.390309,  0.186930, -0.901508 } }
		},
		cameraprops =
		{
			fovh = 25,
			hvaspect = 1.85,
			nearplane = 0.2,
			farplane = 5000
		}
	},

	{
		entity_name = "Marker_GeneratorSound_01",
		type = MARKER,
		template_name = "",
		lt_grp = 0, srt_grp = 0, usr_flg = 0,
		spatialprops =
		{
			pos = { -5.098311, 7.078826, 8.35857 },
			orient = { {  0.005768,  0.000000,  0.999983 },
					   {  0.000000,  1.000000,  0.000000 },
					   { -0.999983,  0.000000,  0.005768 } }
		}
	},

	{
		entity_name = "Marker_GeneratorSound_02",
		type = MARKER,
		template_name = "",
		lt_grp = 0, srt_grp = 0, usr_flg = 0,
		spatialprops =
		{
			pos = { -5.126679, 7.078826, 3.440263 },
			orient = { {  0.005768,  0.000000,  0.999983 },
					   {  0.000000,  1.000000,  0.000000 },
					   { -0.999983,  0.000000,  0.005768 } }
		}
	},

	{
		entity_name = "Marker_GeneratorSound_03",
		type = MARKER,
		template_name = "",
		lt_grp = 0, srt_grp = 0, usr_flg = 0,
		spatialprops =
		{
			pos = { -5.155858, 7.078826, -1.618558 },
			orient = { {  0.005768,  0.000000,  0.999983 },
					   {  0.000000,  1.000000,  0.000000 },
					   { -0.999983,  0.000000,  0.005768 } }
		}
	},

	{
		entity_name = "LtShadowSource",
		type = LIGHT,
		template_name = "",
		lt_grp = 0, srt_grp = 0, usr_flg = 0,
		spatialprops =
		{
			pos = { 0, 0.647241, 0 },
			orient = { {  1.000000,  0.000000,  0.000000 },
					   {  0.000000,  0.000000,  1.000000 },
					   {  0.000000, -1.000000,  0.000000 } }
		},
		lightprops =
		{
			on = N,
			color = { 42, 42, 42 },
			diffuse = { 0, 0, 0 },
			specular = { 0, 0, 0 },
			ambient = { 0, 0, 0 },
			direction = { 0, 0, 1 },
			range = 2000,
			cutoff = 90,
			type = L_DIRECT,
			theta = 90,
			atten = { 1, 0, 4e-006 }
		}
	},

	{
		entity_name = "LtGlareSource",
		type = LIGHT,
		template_name = "",
		lt_grp = 0, srt_grp = 0, usr_flg = 0,
		spatialprops =
		{
			pos = { -3.603549, 11.4, 5.720475 },
			orient = { {  1.000000,  0.000000,  0.000000 },
					   {  0.000000,  0.000000,  1.000000 },
					   {  0.000000, -1.000000,  0.000000 } }
		},
		lightprops =
		{
			on = N,
			color = { 255, 255, 255 },
			diffuse = { 1, 1, 1 },
			specular = { 0, 0, 0 },
			ambient = { 0, 0, 0 },
			direction = { 0, 0, 1 },
			range = 2000,
			cutoff = 90,
			type = L_POINT,
			theta = 90,
			atten = { 1, 0, 4e-006 }
		}
	},

	{
		entity_name = "Bin_artifacts_1_1",
		type = COMPOUND,
		template_name = "StackGreen_Refgoods",
		lt_grp = 3, srt_grp = 0, usr_flg = 0,
		flags = LIT_DYNAMIC,
		spatialprops =
		{
			pos = { 7.441511, 0.408224, -7.12015 },
			orient = { {  0.001744,  0.000000, -0.999998 },
					   {  0.000000,  1.000000,  0.000000 },
					   {  0.999998,  0.000000,  0.001744 } }
		},
		userprops =
		{
			category = "Equipment",
			Priority = "Bin_1",
		}
	},

	{
		entity_name = "Bin_artifacts_1_2",
		type = COMPOUND,
		template_name = "StackGreen_Refgoods",
		lt_grp = 3, srt_grp = 0, usr_flg = 0,
		flags = LIT_DYNAMIC,
		spatialprops =
		{
			pos = { 7.367327, 2.658981, -5.698605 },
			orient = { {  0.001744,  0.000000, -0.999998 },
					   {  0.000000,  1.000000,  0.000000 },
					   {  0.999998,  0.000000,  0.001744 } }
		},
		userprops =
		{
			category = "Equipment",
			Priority = "Bin_1",
		}
	},

	{
		entity_name = "Bin_artifacts_1_3",
		type = COMPOUND,
		template_name = "StackBlue_manufgoods",
		lt_grp = 3, srt_grp = 0, usr_flg = 0,
		flags = LIT_DYNAMIC,
		spatialprops =
		{
			pos = { 5.981022, 2.608644, 0.499631 },
			orient = { {  0.024965,  0.000000, -0.999688 },
					   {  0.000000,  1.000000,  0.000000 },
					   {  0.999688,  0.000000,  0.024965 } }
		},
		userprops =
		{
			category = "Equipment",
			Priority = "Bin_1",
		}
	},

	{
		entity_name = "Bin_artifacts_1_4",
		type = COMPOUND,
		template_name = "StackBlue_manufgoods",
		lt_grp = 3, srt_grp = 0, usr_flg = 0,
		flags = LIT_DYNAMIC,
		spatialprops =
		{
			pos = { 7.303802, 0.358591, -4.296517 },
			orient = { {  0.001744,  0.000000, -0.999998 },
					   {  0.000000,  1.000000,  0.000000 },
					   {  0.999998,  0.000000,  0.001744 } }
		},
		userprops =
		{
			category = "Equipment",
			Priority = "Bin_1",
		}
	},

	{
		entity_name = "Bin_artifacts_1_5",
		type = COMPOUND,
		template_name = "Stackdrab_oremetals",
		lt_grp = 3, srt_grp = 0, usr_flg = 0,
		flags = LIT_DYNAMIC,
		spatialprops =
		{
			pos = { 5.883006, 0.371457, -0.82946 },
			orient = { {  0.001744,  0.000000, -0.999998 },
					   {  0.000000,  1.000000,  0.000000 },
					   {  0.999998,  0.000000,  0.001744 } }
		},
		userprops =
		{
			category = "Equipment",
			Priority = "Bin_1",
		}
	},

	{
		entity_name = "Bin_artifacts_1_6",
		type = COMPOUND,
		template_name = "Stackdrab_oremetals",
		lt_grp = 3, srt_grp = 0, usr_flg = 0,
		flags = LIT_DYNAMIC,
		spatialprops =
		{
			pos = { 6.014852, 0.361386, 1.885207 },
			orient = { {  0.001744,  0.000000, -0.999998 },
					   {  0.000000,  1.000000,  0.000000 },
					   {  0.999998,  0.000000,  0.001744 } }
		},
		userprops =
		{
			category = "Equipment",
			Priority = "Bin_1",
		}
	},

	{
		entity_name = "Set_Rh_02_trader",
		type = COMPOUND,
		template_name = "rh_02_trader",
		lt_grp = 0, srt_grp = 0, usr_flg = 0,
		flags = LIT_AMBIENT,
		spatialprops =
		{
			pos = { 0, 4.871063, 0 },
			orient = { { 1, 0, 0 }, { 0, 1, 0 }, { 0, 0, 1 } }
		},
		userprops =
		{
			category = "Room",
		}
	},

	{
		entity_name = "Camera_Wide",
		type = CAMERA,
		template_name = "",
		lt_grp = 0, srt_grp = 0, usr_flg = 0,
		spatialprops =
		{
			pos = { 21.32058, 15.95077, -14.14784 },
			orient = { { -0.563680,  0.000000, -0.825993 },
					   { -0.220513,  0.963706,  0.150484 },
					   {  0.796015,  0.266967, -0.543221 } }
		},
		cameraprops =
		{
			fovh = 35,
			hvaspect = 1.333333,
			nearplane = 0.1,
			farplane = 10000
		}
	},

	{
		entity_name = "Zs/NPC/Trader/01/AC2/Camera",
		type = CAMERA,
		template_name = "",
		lt_grp = 0, srt_grp = 0, usr_flg = 0,
		flags = HIDDEN,
		spatialprops =
		{
			pos = { 1.535604, 1.67953, -4.915357 },
			orient = { { -0.337142,  0.000000,  0.941454 },
					   {  0.179091,  0.981740,  0.064134 },
					   { -0.924263,  0.190228, -0.330986 } }
		},
		cameraprops =
		{
			fovh = 30,
			hvaspect = 1.85,
			nearplane = 0.2,
			farplane = 5000
		}
	},

	{
		entity_name = "Zs/NPC/Trader/01/ACOH/Camera",
		type = CAMERA,
		template_name = "",
		lt_grp = 0, srt_grp = 0, usr_flg = 0,
		flags = HIDDEN,
		spatialprops =
		{
			pos = { 1.918682, 1.752694, -4.197777 },
			orient = { {  0.250629,  0.000000,  0.968083 },
					   {  0.205446,  0.977222, -0.053188 },
					   { -0.946032,  0.212219,  0.244920 } }
		},
		cameraprops =
		{
			fovh = 25,
			hvaspect = 1.85,
			nearplane = 0.2,
			farplane = 5000
		}
	},

	{
		entity_name = "Zs/NPC/Trader/01/ACS/Camera",
		type = CAMERA,
		template_name = "",
		lt_grp = 0, srt_grp = 0, usr_flg = 0,
		flags = HIDDEN,
		spatialprops =
		{
			pos = { 2.290387, 1.646911, -4.325984 },
			orient = { {  0.310396,  0.000000,  0.950607 },
					   {  0.095855,  0.994903, -0.031299 },
					   { -0.945762,  0.100836,  0.308814 } }
		},
		cameraprops =
		{
			fovh = 25,
			hvaspect = 1.85,
			nearplane = 0.2,
			farplane = 5000
		}
	},

	{
		entity_name = "Zs/NPC/Trader/01/P/Stand",
		type = MARKER,
		template_name = "",
		lt_grp = 0, srt_grp = 0, usr_flg = 0,
		flags = HIDDEN,
		spatialprops =
		{
			pos = { 2.220237, -0.0054, -3.746757 },
			orient = { {  0.742264,  0.000000,  0.670107 },
					   {  0.000000,  1.000000,  0.000000 },
					   { -0.670107,  0.000000,  0.742264 } }
		}
	},

	{
		entity_name = "Zs/NPC/Trader/01/P2/Stand",
		type = MARKER,
		template_name = "",
		lt_grp = 0, srt_grp = 0, usr_flg = 0,
		flags = HIDDEN,
		spatialprops =
		{
			pos = { 2.533546, 0, -4.154091 },
			orient = { {  0.742264,  0.000000,  0.670107 },
					   {  0.000000,  1.000000,  0.000000 },
					   { -0.670107,  0.000000,  0.742264 } }
		}
	},

	{
		entity_name = "Zs/NPC/Trader/01/PCS/Camera",
		type = CAMERA,
		template_name = "",
		lt_grp = 0, srt_grp = 0, usr_flg = 0,
		flags = HIDDEN,
		spatialprops =
		{
			pos = { 3.211721, 1.695572, -5.053746 },
			orient = { { -0.880776,  0.000000, -0.473533 },
					   { -0.064973,  0.990542,  0.120850 },
					   {  0.469055,  0.137208, -0.872446 } }
		},
		cameraprops =
		{
			fovh = 25,
			hvaspect = 1.85,
			nearplane = 0.2,
			farplane = 5000
		}
	},

	{
		entity_name = "Zs/NPC/Trader/01/PCO/Camera",
		type = CAMERA,
		template_name = "",
		lt_grp = 0, srt_grp = 0, usr_flg = 0,
		flags = HIDDEN,
		spatialprops =
		{
			pos = { 3.411694, 1.730948, -5.490547 },
			orient = { { -0.917683,  0.000000, -0.397313 },
					   { -0.074270,  0.982373,  0.171543 },
					   {  0.390309,  0.186930, -0.901507 } }
		},
		cameraprops =
		{
			fovh = 25,
			hvaspect = 1.85,
			nearplane = 0.2,
			farplane = 5000
		}
	},

	{
		entity_name = "Zs/NPC/Trader/01/PC2/Camera",
		type = CAMERA,
		template_name = "",
		lt_grp = 0, srt_grp = 0, usr_flg = 0,
		flags = HIDDEN,
		spatialprops =
		{
			pos = { 2.830943, 1.61869, -5.916824 },
			orient = { { -0.991941,  0.000000,  0.126697 },
					   {  0.016131,  0.991862,  0.126292 },
					   { -0.125666,  0.127318, -0.983869 } }
		},
		cameraprops =
		{
			fovh = 30,
			hvaspect = 1.85,
			nearplane = 0.1,
			farplane = 5000
		}
	}
};

events =
{
	{
		0.000, START_FOG_PROP_ANIM, { "Layer_Rh_02_trader_hardpoint" },
		{
			duration = 0.100,
			fogprops =
			{
				fogon = Y,
				fogtable = N,
				fogcolor = { 199, 175, 120 },
				fogmode = F_EXP,
				fogstart = -20,
				fogend = 300,
				fogdensity = 0.013
			}
		}
	}
};
