duration = 120.000;

entities =
{

	{
		entity_name = "Layer_Rh_02_Equip_ambi_int",
		type = SCENE,
		template_name = "",
		lt_grp = 0, srt_grp = 0, usr_flg = 0,
		spatialprops =
		{
			pos = { 0, 0, 0 },
			orient = { { 1, 0, 0 }, { 0, 1, 0 }, { 0, 0, 1 } }
		},
		up = Y_AXIS,
		front = Z_AXIS,
		ambient = { 183, 183, 183 }
	},

	{
		entity_name = "LightGreen",
		type = LIGHT,
		template_name = "",
		lt_grp = 0, srt_grp = 0, usr_flg = 0,
		spatialprops =
		{
			pos = { 0, 0, 0 },
			orient = { { -0.508819,  0.000000, -0.860874 },
					   {  0.000000,  1.000000,  0.000000 },
					   {  0.860874,  0.000000, -0.508819 } }
		},
		lightprops =
		{
			on = Y,
			color = { 45, 210, 160 },
			diffuse = { 0.176471, 0.823529, 0.627451 },
			specular = { 0, 0, 0 },
			ambient = { 0, 0, 0 },
			direction = { 0, 0, 1 },
			range = 2000,
			cutoff = 90,
			type = L_DIRECT,
			theta = 144,
			atten = { 1, 0, 4e-006 }
		}
	},

	{
		entity_name = "LightRedCoal",
		type = LIGHT,
		template_name = "",
		lt_grp = 0, srt_grp = 0, usr_flg = 0,
		spatialprops =
		{
			pos = { 0, 0, 0 },
			orient = { {  0.596582,  0.001860, -0.802550 },
					   { -0.003117,  0.999995,  0.000000 },
					   {  0.802546,  0.002502,  0.596584 } }
		},
		lightprops =
		{
			on = Y,
			color = { 255, 255, 255 },
			diffuse = { 1, 1, 1 },
			specular = { 0, 0, 0 },
			ambient = { 0, 0, 0 },
			direction = { 0, 0, 1 },
			range = 2000,
			cutoff = 90,
			type = L_DIRECT,
			theta = 144,
			atten = { 1, 0, 4e-006 }
		}
	},

	{
		entity_name = "gf_rtc_shipcushion_1",
		type = PSYS,
		template_name = "gf_rtc_shipcushion",
		lt_grp = 0, srt_grp = 0, usr_flg = 0,
		flags = LIT_DYNAMIC + LIT_AMBIENT,
		spatialprops =
		{
			pos = { 0, 0, 0 },
			orient = { {  0.654478,  0.000000, -0.756081 },
					   {  0.000000,  1.000000,  0.000000 },
					   {  0.756081,  0.000000,  0.654478 } }
		},
		psysprops =
		{
			sparam = 0
		}
	},

	{
		entity_name = "Mrk_Shipcushion",
		type = MARKER,
		template_name = "",
		lt_grp = 0, srt_grp = 0, usr_flg = 0,
		spatialprops =
		{
			pos = { 0, 0, 0 },
			orient = { {  0.654478,  0.000000, -0.756081 },
					   {  0.000000,  1.000000,  0.000000 },
					   {  0.756081,  0.000000,  0.654478 } }
		}
	},

	{
		entity_name = "LightGreen_g3",
		type = LIGHT,
		template_name = "",
		lt_grp = 3, srt_grp = 0, usr_flg = 0,
		spatialprops =
		{
			pos = { 0, 0, 0 },
			orient = { { -0.508819,  0.000000, -0.860874 },
					   {  0.000000,  1.000000,  0.000000 },
					   {  0.860874,  0.000000, -0.508819 } }
		},
		lightprops =
		{
			on = Y,
			color = { 45, 210, 160 },
			diffuse = { 0.176471, 0.823529, 0.627451 },
			specular = { 0, 0, 0 },
			ambient = { 0, 0, 0 },
			direction = { 0, 0, 1 },
			range = 2000,
			cutoff = 90,
			type = L_DIRECT,
			theta = 144,
			atten = { 1, 0, 4e-006 }
		}
	},

	{
		entity_name = "LightRedCoal_g3",
		type = LIGHT,
		template_name = "",
		lt_grp = 3, srt_grp = 0, usr_flg = 0,
		spatialprops =
		{
			pos = { 0, 0, 0 },
			orient = { {  0.596582,  0.001860, -0.802550 },
					   { -0.003117,  0.999995,  0.000000 },
					   {  0.802546,  0.002502,  0.596585 } }
		},
		lightprops =
		{
			on = Y,
			color = { 255, 255, 255 },
			diffuse = { 1, 1, 1 },
			specular = { 0, 0, 0 },
			ambient = { 0, 0, 0 },
			direction = { 0, 0, 1 },
			range = 2000,
			cutoff = 90,
			type = L_DIRECT,
			theta = 144,
			atten = { 1, 0, 4e-006 }
		}
	},

	{
		entity_name = "Light_1",
		type = LIGHT,
		template_name = "",
		lt_grp = 0, srt_grp = 0, usr_flg = 0,
		spatialprops =
		{
			pos = { -1.542012, 3.353029, -14.10827 },
			orient = { { -0.762332,  0.633478,  0.132495 },
					   {  0.000000,  0.204724, -0.978820 },
					   { -0.647186, -0.746186, -0.156068 } }
		},
		lightprops =
		{
			on = Y,
			color = { 255, 255, 255 },
			diffuse = { 1, 1, 1 },
			specular = { 0, 0, 0 },
			ambient = { 0, 0, 0 },
			direction = { 0, 0, 1 },
			range = 2000,
			cutoff = 98.99999,
			type = L_SPOT,
			theta = 90,
			atten = { 1, 0, 4e-006 }
		}
	}
};

events =
{
	{
		0.000, START_PSYS, { "gf_rtc_shipcushion_1" },
		{
			duration = 120.000
		}
	},

	{
		0.000, ATTACH_ENTITY, { "gf_rtc_shipcushion_1", "Mrk_Shipcushion" },
		{
			duration = 120.000,
			offset = { 0, 0, 0 },
			up = Y_AXIS,
			front = NEG_Z_AXIS,
			target_part = "",
			target_type = ROOT,
			flags = POSITION + ORIENTATION
		}
	}
};
