duration = 8.781;

entities =
{

	{
		entity_name = "Layer_rh_08_bar_enter",
		type = SCENE,
		template_name = "",
		lt_grp = 0, srt_grp = 0, usr_flg = 0,
		spatialprops =
		{
			pos = { 0, 0, 0 },
			orient = { { 1, 0, 0 }, { 0, 1, 0 }, { 0, 0, 1 } }
		},
		up = Y_AXIS,
		front = Z_AXIS,
		ambient = { 0, 0, 0 }
	},

	{
		entity_name = "Monitor_Rh_08_Commons_enter",
		type = MONITOR,
		template_name = "",
		lt_grp = 0, srt_grp = 0, usr_flg = 0
	},

	{
		entity_name = "Camera_Mk_GoTo",
		type = MARKER,
		template_name = "",
		lt_grp = 0, srt_grp = 0, usr_flg = 0,
		spatialprops =
		{
			pos = { -5.438019, 2.018639, -8.255478 },
			orient = { { -0.999966,  0.000000,  0.008227 },
					   { -0.000142,  0.999852, -0.017202 },
					   { -0.008225, -0.017203, -0.999818 } }
		}
	},

	{
		entity_name = "Camera_Enter",
		type = CAMERA,
		template_name = "",
		lt_grp = 0, srt_grp = 0, usr_flg = 0,
		spatialprops =
		{
			pos = { 1.154163, 5.218201, 0.095352 },
			orient = { {  0.007560,  0.000000,  0.999971 },
					   { -0.197497,  0.980302,  0.001493 },
					   { -0.980274, -0.197502,  0.007412 } }
		},
		cameraprops =
		{
			fovh = 30,
			hvaspect = 1.85,
			nearplane = 1,
			farplane = 40000
		}
	},

	{
		entity_name = "Camera_0",
		type = CAMERA,
		template_name = "",
		lt_grp = 0, srt_grp = 0, usr_flg = 0,
		flags = REFERENCE,
		spatialprops =
		{
			pos = { -9.928906, 3.990875, 5.469374 },
			orient = { {  0.667344,  0.000000,  0.744750 },
					   {  0.212073,  0.958600, -0.190031 },
					   { -0.713917,  0.284757,  0.639716 } }
		},
		cameraprops =
		{
			fovh = 60,
			hvaspect = 1.333333,
			nearplane = 0.1,
			farplane = 100000
		}
	},

	{
		entity_name = "character_trent",
		type = DEFORMABLE,
		template_name = "trent",
		lt_grp = 0, srt_grp = 0, usr_flg = 0,
		flags = LIT_DYNAMIC,
		spatialprops =
		{
			pos = { -5.495168, 0, -9.137325 },
			orient = { { -0.999385,  0.000000,  0.035074 },
					   {  0.000000,  1.000000,  0.000000 },
					   { -0.035074,  0.000000, -0.999385 } }
		},
		compoundprops =
		{
			floor_height = 0
		},
		userprops =
		{
			Actor = "Player",
			category = "Character",
		}
	}
};

events =
{
	{
		0.000, SET_CAMERA, { "Monitor_Rh_08_Commons_enter", "Camera_Enter" }
	},

	{
		0.000, START_SPATIAL_PROP_ANIM, { "Camera_Enter", "Camera_0" },
		{
			duration = 6.031,
			target_part = "",
			target_type = ROOT,
			spatialprops =
			{
				pos = { -9.928906, 3.990875, 5.469374 },
				q_orient = { 0.667344, 0, 0.74475, 0.212073 }
			},
			param_curve =
			{
				CLSID = "FreeFormPCurve",
				points =
				{
					{  0.000000,  0.000000,  0.000000,  0.000000 },
					{  1.000000,  1.000000,  0.000000,  0.000000 },
				}
			},
			pcurve_period = -1000
		}
	},

	{
		5.312, START_MOTION, { "character_trent" },
		{
			animation = "Sc_MLBODY_WALK_STND_TRNS_000LV_XA_02",
			duration = 2.400,
			time_scale = 1,
			weight = 1,
			heading = -1
		}
	},

	{
		7.687, START_MOTION, { "character_trent" },
		{
			animation = "Sc_MLBODY_STND_IDLE_000LV_xa_04",
			duration = 7.466,
			time_scale = 1,
			weight = 1,
			heading = -1
		}
	}
};
