duration = 29.000;

entities =
{

	{
		entity_name = "rh_04_Bar_10",
		type = COMPOUND,
		template_name = "rh_04_bar",
		lt_grp = 0, srt_grp = 0, usr_flg = 0,
		flags = LIT_AMBIENT,
		spatialprops =
		{
			pos = { 0, 0, 0 },
			orient = { { 1, 0, 0 }, { 0, 1, 0 }, { 0, 0, 1 } }
		},
		userprops =
		{
			category = "Room",
		}
	},

	{
		entity_name = "Zs/NPC/Bartender/01/A/Stand",
		type = MARKER,
		template_name = "",
		lt_grp = 0, srt_grp = 0, usr_flg = 0,
		spatialprops =
		{
			pos = { -0.034674, 0, -2.06688 },
			orient = { { -0.997549,  0.000000,  0.069967 },
					   {  0.000000,  1.000000,  0.000000 },
					   { -0.069967,  0.000000, -0.997549 } }
		}
	},

	{
		entity_name = "Zg/NPC/rStool2/01/A/SitHigh",
		type = MARKER,
		template_name = "",
		lt_grp = 0, srt_grp = 0, usr_flg = 0,
		spatialprops =
		{
			pos = { 1.169682, 0, -0.770424 },
			orient = { {  0.856589,  0.000000, -0.515999 },
					   {  0.000000,  1.000000,  0.000000 },
					   {  0.515999,  0.000000,  0.856589 } }
		}
	},

	{
		entity_name = "Layer_RHShipBar_HardPoint",
		type = SCENE,
		template_name = "",
		lt_grp = 0, srt_grp = 0, usr_flg = 0,
		spatialprops =
		{
			pos = { 0, 0, 0 },
			orient = { { 1, 0, 0 }, { 0, 1, 0 }, { 0, 0, 1 } }
		},
		up = Y_AXIS,
		front = Z_AXIS,
		ambient = { 79, 79, 79 }
	},

	{
		entity_name = "Zg/NPC/mFloor2/01/A/Stand",
		type = MARKER,
		template_name = "",
		lt_grp = 0, srt_grp = 0, usr_flg = 0,
		spatialprops =
		{
			pos = { 2.44671, 0, -2.707191 },
			orient = { { -0.955016,  0.000000,  0.296555 },
					   {  0.000000,  1.000000,  0.000000 },
					   { -0.296555,  0.000000, -0.955016 } }
		}
	},

	{
		entity_name = "Zg/NPC/mTable4/01/D/SitLow",
		type = MARKER,
		template_name = "",
		lt_grp = 0, srt_grp = 0, usr_flg = 0,
		spatialprops =
		{
			pos = { -0.72194, 0, 1.514634 },
			orient = { {  0.002533,  0.000000, -0.999997 },
					   {  0.000000,  1.000000,  0.000000 },
					   {  0.999997,  0.000000,  0.002533 } }
		}
	},

	{
		entity_name = "Camera_0",
		type = CAMERA,
		template_name = "",
		lt_grp = 0, srt_grp = 0, usr_flg = 0,
		spatialprops =
		{
			pos = { 5.290631, 5.162423, 0.224429 },
			orient = { {  0.013450,  0.000000, -0.999910 },
					   { -0.536313,  0.843988, -0.007214 },
					   {  0.843912,  0.536362,  0.011352 } }
		},
		cameraprops =
		{
			fovh = 40,
			hvaspect = 1.333333,
			nearplane = 0.2,
			farplane = 5000
		}
	},

	{
		entity_name = "Zg/NPC/mTable4/01/A/SitLow",
		type = MARKER,
		template_name = "",
		lt_grp = 0, srt_grp = 0, usr_flg = 0,
		spatialprops =
		{
			pos = { -2.546756, 0, 2.257751 },
			orient = { {  0.010030,  0.000000,  0.999950 },
					   {  0.000000,  1.000000,  0.000000 },
					   { -0.999950,  0.000000,  0.010030 } }
		}
	},

	{
		entity_name = "Zg/PC/Player/01/A/Stand",
		type = MARKER,
		template_name = "",
		lt_grp = 0, srt_grp = 0, usr_flg = 0,
		spatialprops =
		{
			pos = { -4.518378, 0, 0.10824 },
			orient = { { -0.040481,  0.000000,  0.999180 },
					   {  0.000000,  1.000000,  0.000000 },
					   { -0.999180,  0.000000, -0.040481 } }
		}
	},

	{
		entity_name = "Zg/NPC/rStool2/01/B/SitHigh",
		type = MARKER,
		template_name = "",
		lt_grp = 0, srt_grp = 0, usr_flg = 0,
		spatialprops =
		{
			pos = { 1.672478, 0, -1.178626 },
			orient = { {  0.637361,  0.000000, -0.770565 },
					   {  0.000000,  1.000000,  0.000000 },
					   {  0.770565,  0.000000,  0.637361 } }
		}
	},

	{
		entity_name = "Zg/NPC/mFloor2/01/B/Stand",
		type = MARKER,
		template_name = "",
		lt_grp = 0, srt_grp = 0, usr_flg = 0,
		spatialprops =
		{
			pos = { 2.459036, 0, -1.665022 },
			orient = { {  0.699563,  0.000000,  0.714571 },
					   {  0.000000,  1.000000,  0.000000 },
					   { -0.714571,  0.000000,  0.699563 } }
		}
	},

	{
		entity_name = "Camera_Mission",
		type = CAMERA,
		template_name = "",
		lt_grp = 0, srt_grp = 0, usr_flg = 0,
		flags = HIDDEN,
		spatialprops =
		{
			pos = { -2.701127, 2.32673, 2.268059 },
			orient = { { -0.014134,  0.000000, -0.999900 },
					   { -0.126046,  0.992023,  0.001782 },
					   {  0.991924,  0.126058, -0.014021 } }
		},
		cameraprops =
		{
			fovh = 40,
			hvaspect = 1.333333,
			nearplane = 0.1,
			farplane = 100000
		}
	},

	{
		entity_name = "Zg/NPC/mTable4/01/C/SitLow",
		type = MARKER,
		template_name = "",
		lt_grp = 0, srt_grp = 0, usr_flg = 0,
		spatialprops =
		{
			pos = { -2.557081, 0, 1.516095 },
			orient = { {  0.010030,  0.000000,  0.999950 },
					   {  0.000000,  1.000000,  0.000000 },
					   { -0.999950,  0.000000,  0.010030 } }
		}
	},

	{
		entity_name = "Zg/NPC/mTable4/01/B/SitLow",
		type = MARKER,
		template_name = "",
		lt_grp = 0, srt_grp = 0, usr_flg = 0,
		spatialprops =
		{
			pos = { -0.72194, 0, 2.249032 },
			orient = { {  0.002533,  0.000000, -0.999997 },
					   {  0.000000,  1.000000,  0.000000 },
					   {  0.999997,  0.000000,  0.002533 } }
		}
	},

	{
		entity_name = "Zg/NPC/rTable4/01/A/SitLow",
		type = MARKER,
		template_name = "",
		lt_grp = 0, srt_grp = 0, usr_flg = 0,
		spatialprops =
		{
			pos = { -3.934779, 0, 3.502473 },
			orient = { { -0.001064,  0.000000,  0.999999 },
					   {  0.000000,  1.000000,  0.000000 },
					   { -0.999999,  0.000000, -0.001064 } }
		}
	},

	{
		entity_name = "Zg/NPC/rTable4/01/D/SitLow",
		type = MARKER,
		template_name = "",
		lt_grp = 0, srt_grp = 0, usr_flg = 0,
		spatialprops =
		{
			pos = { -2.095762, 0, 4.110364 },
			orient = { {  0.002533,  0.000000, -0.999997 },
					   {  0.000000,  1.000000,  0.000000 },
					   {  0.999997,  0.000000,  0.002533 } }
		}
	},

	{
		entity_name = "Zg/NPC/rTable4/01/C/SitLow",
		type = MARKER,
		template_name = "",
		lt_grp = 0, srt_grp = 0, usr_flg = 0,
		spatialprops =
		{
			pos = { -3.928015, 0, 4.069973 },
			orient = { { -0.001082,  0.000000,  0.999999 },
					   {  0.000000,  1.000000,  0.000000 },
					   { -0.999999,  0.000000, -0.001082 } }
		}
	},

	{
		entity_name = "Zg/NPC/rTable4/01/B/SitLow",
		type = MARKER,
		template_name = "",
		lt_grp = 0, srt_grp = 0, usr_flg = 0,
		spatialprops =
		{
			pos = { -2.090356, 0, 3.498468 },
			orient = { {  0.015376,  0.000000, -0.999882 },
					   {  0.000000,  1.000000,  0.000000 },
					   {  0.999882,  0.000000,  0.015376 } }
		}
	},

	{
		entity_name = "Zg/NPC/mTable4/03/D/SitLow",
		type = MARKER,
		template_name = "",
		lt_grp = 0, srt_grp = 0, usr_flg = 0,
		spatialprops =
		{
			pos = { 0.813857, 0, 3.505872 },
			orient = { {  0.010861,  0.000000, -0.999941 },
					   {  0.000000,  1.000000,  0.000000 },
					   {  0.999941,  0.000000,  0.010861 } }
		}
	},

	{
		entity_name = "Zg/NPC/mTable4/03/C/SitLow",
		type = MARKER,
		template_name = "",
		lt_grp = 0, srt_grp = 0, usr_flg = 0,
		spatialprops =
		{
			pos = { -1.024721, 0, 3.497143 },
			orient = { { -0.001064,  0.000000,  0.999999 },
					   {  0.000000,  1.000000,  0.000000 },
					   { -0.999999,  0.000000, -0.001064 } }
		}
	},

	{
		entity_name = "Zg/NPC/mTable4/03/B/SitLow",
		type = MARKER,
		template_name = "",
		lt_grp = 0, srt_grp = 0, usr_flg = 0,
		spatialprops =
		{
			pos = { 0.805351, 0, 4.106133 },
			orient = { {  0.018505,  0.000000, -0.999829 },
					   {  0.000000,  1.000000,  0.000000 },
					   {  0.999829,  0.000000,  0.018505 } }
		}
	},

	{
		entity_name = "Zg/NPC/mTable4/03/A/SitLow",
		type = MARKER,
		template_name = "",
		lt_grp = 0, srt_grp = 0, usr_flg = 0,
		spatialprops =
		{
			pos = { -1.024876, 0, 4.055722 },
			orient = { { -0.001064,  0.000000,  0.999999 },
					   {  0.000000,  1.000000,  0.000000 },
					   { -0.999999,  0.000000, -0.001064 } }
		}
	},

	{
		entity_name = "Camera_News",
		type = CAMERA,
		template_name = "",
		lt_grp = 0, srt_grp = 0, usr_flg = 0,
		flags = HIDDEN,
		spatialprops =
		{
			pos = { 1.984282, 3.362601, -0.576146 },
			orient = { {  0.728551,  0.000000, -0.684992 },
					   { -0.016503,  0.999710, -0.017553 },
					   {  0.684793,  0.024092,  0.728339 } }
		},
		cameraprops =
		{
			fovh = 40,
			hvaspect = 1.333333,
			nearplane = 0.1,
			farplane = 100000
		}
	},

	{
		entity_name = "Zs/NPC/mTable4/03/P/Stand",
		type = MARKER,
		template_name = "",
		lt_grp = 0, srt_grp = 0, usr_flg = 0,
		spatialprops =
		{
			pos = { 0.039299, -0.0054, 2.306076 },
			orient = { { -0.999934,  0.000000, -0.011508 },
					   {  0.000000,  1.000000,  0.000000 },
					   {  0.011508,  0.000000, -0.999934 } }
		}
	},

	{
		entity_name = "Zs/NPC/mTable4/03/P2/Stand",
		type = MARKER,
		template_name = "",
		lt_grp = 0, srt_grp = 0, usr_flg = 0,
		spatialprops =
		{
			pos = { 0.073801, 0, 2.818807 },
			orient = { { -0.999934,  0.000000, -0.011508 },
					   {  0.000000,  1.000000,  0.000000 },
					   {  0.011508,  0.000000, -0.999934 } }
		}
	},

	{
		entity_name = "Zs/NPC/mTable4/01/P/Stand",
		type = MARKER,
		template_name = "",
		lt_grp = 0, srt_grp = 0, usr_flg = 0,
		spatialprops =
		{
			pos = { -1.421317, -0.0054, 0.530915 },
			orient = { { -0.926186,  0.000000, -0.377067 },
					   {  0.000000,  1.000000,  0.000000 },
					   {  0.377067,  0.000000, -0.926186 } }
		}
	},

	{
		entity_name = "Zs/NPC/mTable4/01/P2/Stand",
		type = MARKER,
		template_name = "",
		lt_grp = 0, srt_grp = 0, usr_flg = 0,
		spatialprops =
		{
			pos = { -1.57707, 0, 1.020634 },
			orient = { { -0.926186,  0.000000, -0.377067 },
					   {  0.000000,  1.000000,  0.000000 },
					   {  0.377067,  0.000000, -0.926186 } }
		}
	},

	{
		entity_name = "Zs/NPC/mFloor2/01/P/Stand",
		type = MARKER,
		template_name = "",
		lt_grp = 0, srt_grp = 0, usr_flg = 0,
		spatialprops =
		{
			pos = { 2.692008, -0.0054, -0.897363 },
			orient = { {  0.996423,  0.000000,  0.084503 },
					   {  0.000000,  1.000000,  0.000000 },
					   { -0.084503,  0.000000,  0.996423 } }
		}
	},

	{
		entity_name = "Zs/NPC/mFloor2/01/P2/Stand",
		type = MARKER,
		template_name = "",
		lt_grp = 0, srt_grp = 0, usr_flg = 0,
		spatialprops =
		{
			pos = { 2.695043, 0, -1.411245 },
			orient = { {  0.996423,  0.000000,  0.084503 },
					   {  0.000000,  1.000000,  0.000000 },
					   { -0.084503,  0.000000,  0.996423 } }
		}
	},

	{
		entity_name = "Zg/NPC/mTable4/02/A/SitLow",
		type = MARKER,
		template_name = "",
		lt_grp = 0, srt_grp = 0, usr_flg = 0,
		spatialprops =
		{
			pos = { 0.69813, 0, 1.516095 },
			orient = { { -0.001082,  0.000000,  0.999999 },
					   {  0.000000,  1.000000,  0.000000 },
					   { -0.999999,  0.000000, -0.001082 } }
		}
	},

	{
		entity_name = "Zg/NPC/mTable4/02/B/SitLow",
		type = MARKER,
		template_name = "",
		lt_grp = 0, srt_grp = 0, usr_flg = 0,
		spatialprops =
		{
			pos = { 2.534685, 0, 1.514634 },
			orient = { {  0.002533,  0.000000, -0.999997 },
					   {  0.000000,  1.000000,  0.000000 },
					   {  0.999997,  0.000000,  0.002533 } }
		}
	},

	{
		entity_name = "Zg/NPC/mTable4/02/C/SitLow",
		type = MARKER,
		template_name = "",
		lt_grp = 0, srt_grp = 0, usr_flg = 0,
		spatialprops =
		{
			pos = { 0.697715, 0, 2.257751 },
			orient = { { -0.001064,  0.000000,  0.999999 },
					   {  0.000000,  1.000000,  0.000000 },
					   { -0.999999,  0.000000, -0.001064 } }
		}
	},

	{
		entity_name = "Zg/NPC/mTable4/02/D/SitLow",
		type = MARKER,
		template_name = "",
		lt_grp = 0, srt_grp = 0, usr_flg = 0,
		spatialprops =
		{
			pos = { 2.530466, 0, 2.249032 },
			orient = { { -0.008200,  0.000000, -0.999966 },
					   {  0.000000,  1.000000,  0.000000 },
					   {  0.999966,  0.000000, -0.008200 } }
		}
	},

	{
		entity_name = "Zg/NPC/rTable2/02/A/SitLow",
		type = MARKER,
		template_name = "",
		lt_grp = 0, srt_grp = 0, usr_flg = 0,
		spatialprops =
		{
			pos = { 2.114151, 0, 3.502276 },
			orient = { { -0.013624,  0.000000,  0.999907 },
					   {  0.000000,  1.000000,  0.000000 },
					   { -0.999907,  0.000000, -0.013624 } }
		}
	},

	{
		entity_name = "Zg/NPC/rTable2/02/B/SitLow",
		type = MARKER,
		template_name = "",
		lt_grp = 0, srt_grp = 0, usr_flg = 0,
		spatialprops =
		{
			pos = { 3.945466, 0, 3.504011 },
			orient = { {  0.010861,  0.000000, -0.999941 },
					   {  0.000000,  1.000000,  0.000000 },
					   {  0.999941,  0.000000,  0.010861 } }
		}
	},

	{
		entity_name = "Zg/NPC/rStool1/02/A/SitHigh",
		type = MARKER,
		template_name = "",
		lt_grp = 0, srt_grp = 0, usr_flg = 0,
		spatialprops =
		{
			pos = { -1.759889, 0, -1.325047 },
			orient = { {  0.612392,  0.000000,  0.790554 },
					   {  0.000000,  1.000000,  0.000000 },
					   { -0.790554,  0.000000,  0.612392 } }
		}
	},

	{
		entity_name = "Zs/NPC/mTable4/02/P/Stand",
		type = MARKER,
		template_name = "",
		lt_grp = 0, srt_grp = 0, usr_flg = 0,
		spatialprops =
		{
			pos = { 2.085398, -0.0054, 0.150302 },
			orient = { { -0.876094,  0.000000, -0.482141 },
					   {  0.000000,  1.000000,  0.000000 },
					   {  0.482141,  0.000000, -0.876094 } }
		}
	},

	{
		entity_name = "Zs/NPC/mTable4/02/P2/Stand",
		type = MARKER,
		template_name = "",
		lt_grp = 0, srt_grp = 0, usr_flg = 0,
		spatialprops =
		{
			pos = { 1.873791, 0, 0.618603 },
			orient = { { -0.876094,  0.000000, -0.482141 },
					   {  0.000000,  1.000000,  0.000000 },
					   {  0.482141,  0.000000, -0.876094 } }
		}
	},

	{
		entity_name = "Zs/NPC/mFloor2/01/AC2/Camera",
		type = CAMERA,
		template_name = "",
		lt_grp = 0, srt_grp = 0, usr_flg = 0,
		flags = HIDDEN,
		spatialprops =
		{
			pos = { 4.144961, 1.677214, -1.734342 },
			orient = { {  0.170507,  0.000000, -0.985356 },
					   { -0.166534,  0.985614, -0.028817 },
					   {  0.971182,  0.169009,  0.168054 } }
		},
		cameraprops =
		{
			fovh = 30,
			hvaspect = 1.85,
			nearplane = 0.2,
			farplane = 5000
		}
	},

	{
		entity_name = "Zs/NPC/mFloor2/01/ACOH/Camera",
		type = CAMERA,
		template_name = "",
		lt_grp = 0, srt_grp = 0, usr_flg = 0,
		flags = HIDDEN,
		spatialprops =
		{
			pos = { 3.142924, 1.746935, -1.119874 },
			orient = { {  0.798204,  0.000000, -0.602388 },
					   { -0.107766,  0.983868, -0.142797 },
					   {  0.592670,  0.178898,  0.785327 } }
		},
		cameraprops =
		{
			fovh = 25,
			hvaspect = 1.85,
			nearplane = 0.2,
			farplane = 5000
		}
	},

	{
		entity_name = "Zs/NPC/mFloor2/01/ACS/Camera",
		type = CAMERA,
		template_name = "",
		lt_grp = 0, srt_grp = 0, usr_flg = 0,
		flags = HIDDEN,
		spatialprops =
		{
			pos = { 3.031215, 1.594347, -1.601265 },
			orient = { {  0.789545,  0.000000, -0.613693 },
					   { -0.020407,  0.999447, -0.026255 },
					   {  0.613354,  0.033253,  0.789108 } }
		},
		cameraprops =
		{
			fovh = 25,
			hvaspect = 1.85,
			nearplane = 0.2,
			farplane = 5000
		}
	},

	{
		entity_name = "Zs/NPC/mFloor2/01/ACU/Camera",
		type = CAMERA,
		template_name = "",
		lt_grp = 0, srt_grp = 0, usr_flg = 0,
		flags = HIDDEN,
		spatialprops =
		{
			pos = { 3.031215, 1.594347, -1.601265 },
			orient = { {  0.789545,  0.000000, -0.613693 },
					   { -0.020407,  0.999447, -0.026255 },
					   {  0.613354,  0.033253,  0.789108 } }
		},
		cameraprops =
		{
			fovh = 25,
			hvaspect = 1.85,
			nearplane = 0.2,
			farplane = 5000
		}
	},

	{
		entity_name = "Zs/NPC/mFloor2/01/PC2/Camera",
		type = CAMERA,
		template_name = "",
		lt_grp = 0, srt_grp = 0, usr_flg = 0,
		flags = HIDDEN,
		spatialprops =
		{
			pos = { 3.752189, 1.731246, -3.049603 },
			orient = { { -0.610692,  0.000000, -0.791868 },
					   { -0.165297,  0.977970,  0.127478 },
					   {  0.774423,  0.208743, -0.597239 } }
		},
		cameraprops =
		{
			fovh = 30,
			hvaspect = 1.85,
			nearplane = 0.2,
			farplane = 5000
		}
	},

	{
		entity_name = "Zs/NPC/mFloor2/01/PCO/Camera",
		type = CAMERA,
		template_name = "",
		lt_grp = 0, srt_grp = 0, usr_flg = 0,
		flags = HIDDEN,
		spatialprops =
		{
			pos = { 2.7935, 1.776642, -3.161382 },
			orient = { { -0.958482,  0.000000, -0.285153 },
					   { -0.058393,  0.978808,  0.196276 },
					   {  0.279110,  0.204778, -0.938170 } }
		},
		cameraprops =
		{
			fovh = 25,
			hvaspect = 1.85,
			nearplane = 0.2,
			farplane = 5000
		}
	},

	{
		entity_name = "Zs/NPC/mFloor2/01/PCS/Camera",
		type = CAMERA,
		template_name = "",
		lt_grp = 0, srt_grp = 0, usr_flg = 0,
		flags = HIDDEN,
		spatialprops =
		{
			pos = { 2.79328, 1.614689, -2.630644 },
			orient = { { -0.966673,  0.000000, -0.256016 },
					   { -0.014311,  0.998436,  0.054038 },
					   {  0.255616,  0.055901, -0.965161 } }
		},
		cameraprops =
		{
			fovh = 25,
			hvaspect = 1.85,
			nearplane = 0.2,
			farplane = 5000
		}
	},

	{
		entity_name = "Zs/NPC/mFloor2/01/PCU/Camera",
		type = CAMERA,
		template_name = "",
		lt_grp = 0, srt_grp = 0, usr_flg = 0,
		flags = HIDDEN,
		spatialprops =
		{
			pos = { 2.738684, 1.69836, -2.15627 },
			orient = { { -0.982893,  0.000000, -0.184177 },
					   { -0.011906,  0.997908,  0.063538 },
					   {  0.183792,  0.064644, -0.980837 } }
		},
		cameraprops =
		{
			fovh = 25,
			hvaspect = 1.85,
			nearplane = 0.2,
			farplane = 5000
		}
	},

	{
		entity_name = "Zs/NPC/mFloor2/01/WFC/Camera",
		type = CAMERA,
		template_name = "",
		lt_grp = 0, srt_grp = 0, usr_flg = 0,
		flags = HIDDEN,
		spatialprops =
		{
			pos = { 7.883746, 0.235947, 2.936806 },
			orient = { {  0.816318,  0.000000, -0.577603 },
					   {  0.019514,  0.999429,  0.027579 },
					   {  0.577273, -0.033785,  0.815852 } }
		},
		cameraprops =
		{
			fovh = 30,
			hvaspect = 1.85,
			nearplane = 0.2,
			farplane = 5000
		}
	},

	{
		entity_name = "Zs/NPC/mFloor2/01/TCI/Camera",
		type = CAMERA,
		template_name = "",
		lt_grp = 0, srt_grp = 0, usr_flg = 0,
		flags = HIDDEN,
		spatialprops =
		{
			pos = { 3.176447, 1.903228, -1.591477 },
			orient = { {  0.746897,  0.000000, -0.664940 },
					   { -0.408902,  0.788569, -0.459301 },
					   {  0.524352,  0.614946,  0.588980 } }
		},
		cameraprops =
		{
			fovh = 15,
			hvaspect = 1.85,
			nearplane = 0.2,
			farplane = 5000
		}
	},

	{
		entity_name = "Zs/NPC/mTable4/01/Prop",
		type = MARKER,
		template_name = "",
		lt_grp = 0, srt_grp = 0, usr_flg = 0,
		spatialprops =
		{
			pos = { -1.911043, 0.798031, 2.314502 },
			orient = { { -0.852664,  0.000000, -0.522459 },
					   {  0.000000,  1.000000,  0.000000 },
					   {  0.522459,  0.000000, -0.852664 } }
		}
	},

	{
		entity_name = "Zs/NPC/mTable4/01/AC2/Camera",
		type = CAMERA,
		template_name = "",
		lt_grp = 0, srt_grp = 0, usr_flg = 0,
		flags = HIDDEN,
		spatialprops =
		{
			pos = { -0.21569, 2.151237, 2.17431 },
			orient = { {  0.324062,  0.000000, -0.946036 },
					   { -0.440919,  0.884748, -0.151036 },
					   {  0.837003,  0.466070,  0.286713 } }
		},
		cameraprops =
		{
			fovh = 30,
			hvaspect = 1.85,
			nearplane = 0.2,
			farplane = 5000
		}
	},

	{
		entity_name = "Zs/NPC/mTable4/01/ACOH/Camera",
		type = CAMERA,
		template_name = "",
		lt_grp = 0, srt_grp = 0, usr_flg = 0,
		flags = HIDDEN,
		spatialprops =
		{
			pos = { -1.041579, 1.886735, 0.851423 },
			orient = { { -0.546519,  0.000000, -0.837447 },
					   { -0.344464,  0.911488,  0.224797 },
					   {  0.763323,  0.411326, -0.498146 } }
		},
		cameraprops =
		{
			fovh = 20,
			hvaspect = 1.85,
			nearplane = 0.2,
			farplane = 5000
		}
	},

	{
		entity_name = "Zs/NPC/mTable4/01/ACS/Camera",
		type = CAMERA,
		template_name = "",
		lt_grp = 0, srt_grp = 0, usr_flg = 0,
		flags = HIDDEN,
		spatialprops =
		{
			pos = { -1.334174, 1.400761, 1.141196 },
			orient = { { -0.606433,  0.000000, -0.795134 },
					   { -0.146451,  0.982892,  0.111695 },
					   {  0.781531,  0.184184, -0.596058 } }
		},
		cameraprops =
		{
			fovh = 20,
			hvaspect = 1.85,
			nearplane = 0.2,
			farplane = 5000
		}
	},

	{
		entity_name = "Zs/NPC/mTable4/01/ACU/Camera",
		type = CAMERA,
		template_name = "",
		lt_grp = 0, srt_grp = 0, usr_flg = 0,
		flags = HIDDEN,
		spatialprops =
		{
			pos = { -1.809971, 1.401165, 1.661381 },
			orient = { { -0.609075,  0.000000, -0.793113 },
					   { -0.162838,  0.978696,  0.125052 },
					   {  0.776216,  0.205315, -0.596099 } }
		},
		cameraprops =
		{
			fovh = 20,
			hvaspect = 1.85,
			nearplane = 0.2,
			farplane = 5000
		}
	},

	{
		entity_name = "Zs/NPC/mTable4/01/PC2/Camera",
		type = CAMERA,
		template_name = "",
		lt_grp = 0, srt_grp = 0, usr_flg = 0,
		flags = HIDDEN,
		spatialprops =
		{
			pos = { -1.453529, 1.56076, 3.508627 },
			orient = { {  0.934252,  0.000000, -0.356614 },
					   { -0.061114,  0.985206, -0.160107 },
					   {  0.351339,  0.171374,  0.920430 } }
		},
		cameraprops =
		{
			fovh = 30,
			hvaspect = 1.85,
			nearplane = 0.2,
			farplane = 5000
		}
	},

	{
		entity_name = "Zs/NPC/mTable4/01/PCO/Camera",
		type = CAMERA,
		template_name = "",
		lt_grp = 0, srt_grp = 0, usr_flg = 0,
		flags = HIDDEN,
		spatialprops =
		{
			pos = { -2.537269, 1.178499, 2.83788 },
			orient = { {  0.950172,  0.000000,  0.311726 },
					   { -0.039903,  0.991773,  0.121629 },
					   { -0.309161, -0.128007,  0.942355 } }
		},
		cameraprops =
		{
			fovh = 20,
			hvaspect = 1.85,
			nearplane = 0.2,
			farplane = 5000
		}
	},

	{
		entity_name = "Zs/NPC/mTable4/01/PCS/Camera",
		type = CAMERA,
		template_name = "",
		lt_grp = 0, srt_grp = 0, usr_flg = 0,
		flags = HIDDEN,
		spatialprops =
		{
			pos = { -2.193453, 1.394732, 2.492871 },
			orient = { {  0.963978,  0.000000,  0.265982 },
					   { -0.024345,  0.995802,  0.088232 },
					   { -0.264866, -0.091529,  0.959931 } }
		},
		cameraprops =
		{
			fovh = 20,
			hvaspect = 1.85,
			nearplane = 0.2,
			farplane = 5000
		}
	},

	{
		entity_name = "Zs/NPC/mTable4/01/PCU/Camera",
		type = CAMERA,
		template_name = "",
		lt_grp = 0, srt_grp = 0, usr_flg = 0,
		flags = HIDDEN,
		spatialprops =
		{
			pos = { -1.94767, 1.547351, 1.911416 },
			orient = { {  0.953484,  0.000000,  0.301444 },
					   { -0.029900,  0.995068,  0.094576 },
					   { -0.299958, -0.099190,  0.948782 } }
		},
		cameraprops =
		{
			fovh = 20,
			hvaspect = 1.85,
			nearplane = 0.2,
			farplane = 5000
		}
	},

	{
		entity_name = "Zs/NPC/mTable4/01/TCI/Camera",
		type = CAMERA,
		template_name = "",
		lt_grp = 0, srt_grp = 0, usr_flg = 0,
		flags = HIDDEN,
		spatialprops =
		{
			pos = { -1.144222, 2.607283, 1.089019 },
			orient = { { -0.691369,  0.000000, -0.722502 },
					   { -0.599104,  0.558941,  0.573288 },
					   {  0.403836,  0.829207, -0.386434 } }
		},
		cameraprops =
		{
			fovh = 15,
			hvaspect = 1.85,
			nearplane = 0.2,
			farplane = 5000
		}
	},

	{
		entity_name = "Zs/NPC/mTable4/01/WFC/Camera",
		type = CAMERA,
		template_name = "",
		lt_grp = 0, srt_grp = 0, usr_flg = 0,
		flags = HIDDEN,
		spatialprops =
		{
			pos = { 0.137899, 6.735546, 4.345965 },
			orient = { {  0.927339,  0.000000, -0.374222 },
					   { -0.346459,  0.377990, -0.858540 },
					   {  0.141452,  0.925810,  0.350524 } }
		},
		cameraprops =
		{
			fovh = 30,
			hvaspect = 1.85,
			nearplane = 0.2,
			farplane = 5000
		}
	},

	{
		entity_name = "Zs/NPC/mTable4/01/ACOL/Camera",
		type = CAMERA,
		template_name = "",
		lt_grp = 0, srt_grp = 0, usr_flg = 0,
		flags = HIDDEN,
		spatialprops =
		{
			pos = { -0.708023, 0.974835, 0.915814 },
			orient = { { -0.452147,  0.000000, -0.891943 },
					   {  0.022841,  0.999672, -0.011579 },
					   {  0.891651, -0.025608, -0.451999 } }
		},
		cameraprops =
		{
			fovh = 20,
			hvaspect = 1.85,
			nearplane = 0.2,
			farplane = 5000
		}
	},

	{
		entity_name = "Zs/NPC/mTable4/02/Prop",
		type = MARKER,
		template_name = "",
		lt_grp = 0, srt_grp = 0, usr_flg = 0,
		spatialprops =
		{
			pos = { 1.316738, 0.797139, 1.645922 },
			orient = { { -0.933973,  0.000000,  0.357344 },
					   {  0.000000,  1.000000,  0.000000 },
					   { -0.357344,  0.000000, -0.933973 } }
		}
	},

	{
		entity_name = "Zs/NPC/mTable4/02/AC2/Camera",
		type = CAMERA,
		template_name = "",
		lt_grp = 0, srt_grp = 0, usr_flg = 0,
		flags = HIDDEN,
		spatialprops =
		{
			pos = { 3.023483, 1.875129, 1.582451 },
			orient = { {  0.342797,  0.000000, -0.939410 },
					   { -0.293642,  0.949891, -0.107152 },
					   {  0.892337,  0.312581,  0.325619 } }
		},
		cameraprops =
		{
			fovh = 30,
			hvaspect = 1.85,
			nearplane = 0.2,
			farplane = 5000
		}
	},

	{
		entity_name = "Zs/NPC/mTable4/02/ACOH/Camera",
		type = CAMERA,
		template_name = "",
		lt_grp = 0, srt_grp = 0, usr_flg = 0,
		flags = HIDDEN,
		spatialprops =
		{
			pos = { 2.433259, 1.875335, 0.570385 },
			orient = { { -0.354286,  0.000000, -0.935137 },
					   { -0.395775,  0.906024,  0.149944 },
					   {  0.847256,  0.423227, -0.320992 } }
		},
		cameraprops =
		{
			fovh = 20,
			hvaspect = 1.85,
			nearplane = 0.2,
			farplane = 5000
		}
	},

	{
		entity_name = "Zs/NPC/mTable4/02/ACOL/Camera",
		type = CAMERA,
		template_name = "",
		lt_grp = 0, srt_grp = 0, usr_flg = 0,
		flags = HIDDEN,
		spatialprops =
		{
			pos = { 2.930806, 1.32627, 0.733379 },
			orient = { { -0.160269,  0.000000, -0.987073 },
					   { -0.137760,  0.990213,  0.022368 },
					   {  0.977413,  0.139564, -0.158701 } }
		},
		cameraprops =
		{
			fovh = 20,
			hvaspect = 1.85,
			nearplane = 0.2,
			farplane = 5000
		}
	},

	{
		entity_name = "Zs/NPC/mTable4/02/ACS/Camera",
		type = CAMERA,
		template_name = "",
		lt_grp = 0, srt_grp = 0, usr_flg = 0,
		flags = HIDDEN,
		spatialprops =
		{
			pos = { 2.095384, 1.399812, 0.830887 },
			orient = { { -0.343131,  0.000000, -0.939287 },
					   { -0.177762,  0.981929,  0.064938 },
					   {  0.922313,  0.189252, -0.336930 } }
		},
		cameraprops =
		{
			fovh = 20,
			hvaspect = 1.85,
			nearplane = 0.2,
			farplane = 5000
		}
	},

	{
		entity_name = "Zs/NPC/mTable4/02/ACU/Camera",
		type = CAMERA,
		template_name = "",
		lt_grp = 0, srt_grp = 0, usr_flg = 0,
		flags = HIDDEN,
		spatialprops =
		{
			pos = { 1.560284, 1.400557, 1.161572 },
			orient = { { -0.344837,  0.000000, -0.938663 },
					   { -0.196571,  0.977827,  0.072214 },
					   {  0.917849,  0.209416, -0.337191 } }
		},
		cameraprops =
		{
			fovh = 20,
			hvaspect = 1.85,
			nearplane = 0.2,
			farplane = 5000
		}
	},

	{
		entity_name = "Zs/NPC/mTable4/02/PC2/Camera",
		type = CAMERA,
		template_name = "",
		lt_grp = 0, srt_grp = 0, usr_flg = 0,
		flags = HIDDEN,
		spatialprops =
		{
			pos = { 1.17231, 1.419219, 2.757471 },
			orient = { {  0.999958,  0.000000,  0.009168 },
					   {  0.000896,  0.995218, -0.097675 },
					   { -0.009124,  0.097679,  0.995176 } }
		},
		cameraprops =
		{
			fovh = 30,
			hvaspect = 1.85,
			nearplane = 0.2,
			farplane = 5000
		}
	},

	{
		entity_name = "Zs/NPC/mTable4/02/PCO/Camera",
		type = CAMERA,
		template_name = "",
		lt_grp = 0, srt_grp = 0, usr_flg = 0,
		flags = HIDDEN,
		spatialprops =
		{
			pos = { 0.579191, 1.154082, 2.093699 },
			orient = { {  0.851380,  0.000000,  0.524550 },
					   { -0.080642,  0.988112,  0.130887 },
					   { -0.518314, -0.153735,  0.841259 } }
		},
		cameraprops =
		{
			fovh = 20,
			hvaspect = 1.85,
			nearplane = 0.2,
			farplane = 5000
		}
	},

	{
		entity_name = "Zs/NPC/mTable4/02/PCS/Camera",
		type = CAMERA,
		template_name = "",
		lt_grp = 0, srt_grp = 0, usr_flg = 0,
		flags = HIDDEN,
		spatialprops =
		{
			pos = { 1.022211, 1.508342, 1.85232 },
			orient = { {  0.886409,  0.000000,  0.462903 },
					   { -0.011942,  0.999667,  0.022867 },
					   { -0.462749, -0.025797,  0.886114 } }
		},
		cameraprops =
		{
			fovh = 20,
			hvaspect = 1.85,
			nearplane = 0.2,
			farplane = 5000
		}
	},

	{
		entity_name = "Zs/NPC/mTable4/02/PCU/Camera",
		type = CAMERA,
		template_name = "",
		lt_grp = 0, srt_grp = 0, usr_flg = 0,
		flags = HIDDEN,
		spatialprops =
		{
			pos = { 1.337507, 1.559634, 1.457055 },
			orient = { {  0.885024,  0.000000,  0.465546 },
					   { -0.036466,  0.996927,  0.069324 },
					   { -0.464116, -0.078330,  0.882304 } }
		},
		cameraprops =
		{
			fovh = 20,
			hvaspect = 1.85,
			nearplane = 0.2,
			farplane = 5000
		}
	},

	{
		entity_name = "Zs/NPC/mTable4/02/TCI/Camera",
		type = CAMERA,
		template_name = "",
		lt_grp = 0, srt_grp = 0, usr_flg = 0,
		flags = HIDDEN,
		spatialprops =
		{
			pos = { 2.215424, 2.630225, 0.931867 },
			orient = { { -0.440444,  0.000000, -0.897780 },
					   { -0.775272,  0.504275,  0.380342 },
					   {  0.452728,  0.863543, -0.222105 } }
		},
		cameraprops =
		{
			fovh = 15,
			hvaspect = 1.85,
			nearplane = 0.2,
			farplane = 5000
		}
	},

	{
		entity_name = "Zs/NPC/mTable4/02/WFC/Camera",
		type = CAMERA,
		template_name = "",
		lt_grp = 0, srt_grp = 0, usr_flg = 0,
		flags = HIDDEN,
		spatialprops =
		{
			pos = { 4.63919, 5.355302, 4.183552 },
			orient = { {  0.312130,  0.000000, -0.950039 },
					   { -0.712313,  0.661696, -0.234027 },
					   {  0.628637,  0.749772,  0.206535 } }
		},
		cameraprops =
		{
			fovh = 30,
			hvaspect = 1.85,
			nearplane = 0.2,
			farplane = 5000
		}
	},

	{
		entity_name = "Zs/NPC/mTable4/03/Prop",
		type = MARKER,
		template_name = "",
		lt_grp = 0, srt_grp = 0, usr_flg = 0,
		spatialprops =
		{
			pos = { -0.474812, 0.797011, 3.922172 },
			orient = { { -0.846815,  0.000000, -0.531887 },
					   {  0.000000,  1.000000,  0.000000 },
					   {  0.531887,  0.000000, -0.846815 } }
		}
	},

	{
		entity_name = "Zs/NPC/mTable4/03/AC2/Camera",
		type = CAMERA,
		template_name = "",
		lt_grp = 0, srt_grp = 0, usr_flg = 0,
		flags = HIDDEN,
		spatialprops =
		{
			pos = { 1.407071, 2.044584, 3.386317 },
			orient = { {  0.012774,  0.000000, -0.999918 },
					   { -0.433906,  0.900941, -0.005543 },
					   {  0.900867,  0.433942,  0.011509 } }
		},
		cameraprops =
		{
			fovh = 30,
			hvaspect = 1.85,
			nearplane = 0.2,
			farplane = 5000
		}
	},

	{
		entity_name = "Zs/NPC/mTable4/03/ACOH/Camera",
		type = CAMERA,
		template_name = "",
		lt_grp = 0, srt_grp = 0, usr_flg = 0,
		flags = HIDDEN,
		spatialprops =
		{
			pos = { 0.618558, 1.859441, 2.683851 },
			orient = { { -0.506477,  0.000000, -0.862253 },
					   { -0.338528,  0.919706,  0.198847 },
					   {  0.793019,  0.392608, -0.465810 } }
		},
		cameraprops =
		{
			fovh = 20,
			hvaspect = 1.85,
			nearplane = 0.2,
			farplane = 5000
		}
	},

	{
		entity_name = "Zs/NPC/mTable4/03/ACOL/Camera",
		type = CAMERA,
		template_name = "",
		lt_grp = 0, srt_grp = 0, usr_flg = 0,
		flags = HIDDEN,
		spatialprops =
		{
			pos = { 1.16908, 0.950023, 2.656406 },
			orient = { { -0.389274,  0.000000, -0.921122 },
					   {  0.002664,  0.999996, -0.001126 },
					   {  0.921118, -0.002892, -0.389272 } }
		},
		cameraprops =
		{
			fovh = 20,
			hvaspect = 1.85,
			nearplane = 0.2,
			farplane = 5000
		}
	},

	{
		entity_name = "Zs/NPC/mTable4/03/ACS/Camera",
		type = CAMERA,
		template_name = "",
		lt_grp = 0, srt_grp = 0, usr_flg = 0,
		flags = HIDDEN,
		spatialprops =
		{
			pos = { 0.296867, 1.355638, 2.942578 },
			orient = { { -0.564885,  0.000000, -0.825170 },
					   { -0.134260,  0.986675,  0.091910 },
					   {  0.814174,  0.162706, -0.557358 } }
		},
		cameraprops =
		{
			fovh = 20,
			hvaspect = 1.85,
			nearplane = 0.2,
			farplane = 5000
		}
	},

	{
		entity_name = "Zs/NPC/mTable4/03/ACU/Camera",
		type = CAMERA,
		template_name = "",
		lt_grp = 0, srt_grp = 0, usr_flg = 0,
		flags = HIDDEN,
		spatialprops =
		{
			pos = { -0.23652, 1.376519, 3.548517 },
			orient = { { -0.515752,  0.000000, -0.856738 },
					   { -0.154066,  0.983698,  0.092747 },
					   {  0.842771,  0.179829, -0.507344 } }
		},
		cameraprops =
		{
			fovh = 20,
			hvaspect = 1.85,
			nearplane = 0.2,
			farplane = 5000
		}
	},

	{
		entity_name = "Zs/NPC/mTable4/03/PC2/Camera",
		type = CAMERA,
		template_name = "",
		lt_grp = 0, srt_grp = 0, usr_flg = 0,
		flags = HIDDEN,
		spatialprops =
		{
			pos = { 0.602858, 1.607913, 5.168615 },
			orient = { {  0.830711,  0.000000, -0.556704 },
					   { -0.109570,  0.980440, -0.163500 },
					   {  0.545815,  0.196820,  0.814462 } }
		},
		cameraprops =
		{
			fovh = 30,
			hvaspect = 1.85,
			nearplane = 0.2,
			farplane = 5000
		}
	},

	{
		entity_name = "Zs/NPC/mTable4/03/PCO/Camera",
		type = CAMERA,
		template_name = "",
		lt_grp = 0, srt_grp = 0, usr_flg = 0,
		flags = HIDDEN,
		spatialprops =
		{
			pos = { -1.047065, 1.164472, 4.625175 },
			orient = { {  0.930156,  0.000000,  0.367166 },
					   { -0.046367,  0.991994,  0.117463 },
					   { -0.364226, -0.126283,  0.922709 } }
		},
		cameraprops =
		{
			fovh = 20,
			hvaspect = 1.85,
			nearplane = 0.2,
			farplane = 5000
		}
	},

	{
		entity_name = "Zs/NPC/mTable4/03/PCS/Camera",
		type = CAMERA,
		template_name = "",
		lt_grp = 0, srt_grp = 0, usr_flg = 0,
		flags = HIDDEN,
		spatialprops =
		{
			pos = { -0.620408, 1.439262, 4.145308 },
			orient = { {  0.939398,  0.000000,  0.342828 },
					   { -0.025380,  0.997256,  0.069545 },
					   { -0.341887, -0.074031,  0.936820 } }
		},
		cameraprops =
		{
			fovh = 20,
			hvaspect = 1.85,
			nearplane = 0.2,
			farplane = 5000
		}
	},

	{
		entity_name = "Zs/NPC/mTable4/03/PCU/Camera",
		type = CAMERA,
		template_name = "",
		lt_grp = 0, srt_grp = 0, usr_flg = 0,
		flags = HIDDEN,
		spatialprops =
		{
			pos = { -0.368634, 1.534646, 3.66151 },
			orient = { {  0.915573,  0.000000,  0.402151 },
					   { -0.046965,  0.993157,  0.106924 },
					   { -0.399400, -0.116784,  0.909308 } }
		},
		cameraprops =
		{
			fovh = 20,
			hvaspect = 1.85,
			nearplane = 0.2,
			farplane = 5000
		}
	},

	{
		entity_name = "Zs/NPC/mTable4/03/TCI/Camera",
		type = CAMERA,
		template_name = "",
		lt_grp = 0, srt_grp = 0, usr_flg = 0,
		flags = HIDDEN,
		spatialprops =
		{
			pos = { 0.219068, 2.571911, 2.804441 },
			orient = { { -0.850341,  0.000000, -0.526231 },
					   { -0.422570,  0.595962,  0.682835 },
					   {  0.313614,  0.803013, -0.506771 } }
		},
		cameraprops =
		{
			fovh = 15,
			hvaspect = 1.85,
			nearplane = 0.2,
			farplane = 5000
		}
	},

	{
		entity_name = "Zs/NPC/mTable4/03/WFC/Camera",
		type = CAMERA,
		template_name = "",
		lt_grp = 0, srt_grp = 0, usr_flg = 0,
		flags = HIDDEN,
		spatialprops =
		{
			pos = { 4.042939, 3.486477, 3.724733 },
			orient = { {  0.177879,  0.218421, -0.959506 },
					   { -0.448140,  0.886059,  0.118622 },
					   {  0.876088,  0.408892,  0.255494 } }
		},
		cameraprops =
		{
			fovh = 30,
			hvaspect = 1.85,
			nearplane = 0.2,
			farplane = 5000
		}
	},

	{
		entity_name = "Prop_Ashtray_3_1",
		type = COMPOUND,
		template_name = "Ashtray_3",
		lt_grp = 0, srt_grp = 0, usr_flg = 0,
		flags = LIT_DYNAMIC,
		spatialprops =
		{
			pos = { -0.627356, 1.2, -1.644561 },
			orient = { { 1, 0, 0 }, { 0, 1, 0 }, { 0, 0, 1 } }
		},
		userprops =
		{
			category = "Prop",
			Priority = "Room_Prop_1",
		}
	},

	{
		entity_name = "Prop_Ashtray_3_2",
		type = COMPOUND,
		template_name = "Ashtray_3",
		lt_grp = 0, srt_grp = 0, usr_flg = 0,
		flags = LIT_DYNAMIC,
		spatialprops =
		{
			pos = { 1.406266, 1.2, -3.133718 },
			orient = { { 1, 0, 0 }, { 0, 1, 0 }, { 0, 0, 1 } }
		},
		userprops =
		{
			category = "Prop",
			Priority = "Room_Prop_1",
		}
	},

	{
		entity_name = "Prop_Ashtray_3_3",
		type = COMPOUND,
		template_name = "Ashtray_3",
		lt_grp = 0, srt_grp = 0, usr_flg = 0,
		flags = LIT_DYNAMIC,
		spatialprops =
		{
			pos = { -2.918891, 0.83, 3.514317 },
			orient = { { 1, 0, 0 }, { 0, 1, 0 }, { 0, 0, 1 } }
		},
		userprops =
		{
			category = "Prop",
			Priority = "Room_Prop_1",
		}
	},

	{
		entity_name = "Prop_Beerbottle_4",
		type = COMPOUND,
		template_name = "Beerbottle",
		lt_grp = 0, srt_grp = 0, usr_flg = 0,
		flags = LIT_DYNAMIC,
		spatialprops =
		{
			pos = { 1.128007, 1.257, -2.018489 },
			orient = { { 1, 0, 0 }, { 0, 1, 0 }, { 0, 0, 1 } }
		},
		userprops =
		{
			category = "Prop",
			Priority = "Room_Prop_1",
		}
	},

	{
		entity_name = "Prop_Beerbottle_5",
		type = COMPOUND,
		template_name = "Beerbottle",
		lt_grp = 0, srt_grp = 0, usr_flg = 0,
		flags = LIT_DYNAMIC,
		spatialprops =
		{
			pos = { -1.38569, 1.257, -4.04931 },
			orient = { { 1, 0, 0 }, { 0, 1, 0 }, { 0, 0, 1 } }
		},
		userprops =
		{
			category = "Prop",
			Priority = "Room_Prop_1",
		}
	},

	{
		entity_name = "Prop_Bottle_1_6",
		type = COMPOUND,
		template_name = "Bottle_1",
		lt_grp = 0, srt_grp = 0, usr_flg = 0,
		flags = LIT_DYNAMIC,
		spatialprops =
		{
			pos = { 1.469132, 1.382, -4.003988 },
			orient = { { 1, 0, 0 }, { 0, 1, 0 }, { 0, 0, 1 } }
		},
		userprops =
		{
			category = "Prop",
			Priority = "Room_Prop_1",
		}
	},

	{
		entity_name = "Prop_Bottle_3_7",
		type = COMPOUND,
		template_name = "Bottle_3",
		lt_grp = 0, srt_grp = 0, usr_flg = 0,
		flags = LIT_DYNAMIC,
		spatialprops =
		{
			pos = { 1.709432, 1.329694, -3.623962 },
			orient = { { 1, 0, 0 }, { 0, 1, 0 }, { 0, 0, 1 } }
		},
		userprops =
		{
			category = "Prop",
			Priority = "Room_Prop_1",
		}
	},

	{
		entity_name = "Prop_Bottle_1_9",
		type = COMPOUND,
		template_name = "Bottle_1",
		lt_grp = 0, srt_grp = 0, usr_flg = 0,
		flags = LIT_DYNAMIC,
		spatialprops =
		{
			pos = { 1.46374, 1.38264, -3.697956 },
			orient = { { 1, 0, 0 }, { 0, 1, 0 }, { 0, 0, 1 } }
		},
		userprops =
		{
			category = "Prop",
			Priority = "Room_Prop_1",
		}
	},

	{
		entity_name = "Prop_Bottle_2_10",
		type = COMPOUND,
		template_name = "Bottle_2",
		lt_grp = 0, srt_grp = 0, usr_flg = 0,
		flags = LIT_DYNAMIC,
		spatialprops =
		{
			pos = { 1.733318, 1.330604, -3.930344 },
			orient = { { 1, 0, 0 }, { 0, 1, 0 }, { 0, 0, 1 } }
		},
		userprops =
		{
			category = "Prop",
			Priority = "Room_Prop_1",
		}
	},

	{
		entity_name = "Prop_Winebottle_11",
		type = COMPOUND,
		template_name = "Winebottle",
		lt_grp = 0, srt_grp = 0, usr_flg = 0,
		flags = LIT_DYNAMIC,
		spatialprops =
		{
			pos = { -1.264195, 1.358078, -5.647347 },
			orient = { {  0.999996, -0.002849, -0.000097 },
					   {  0.000000,  0.034078, -0.999419 },
					   {  0.002850,  0.999415,  0.034077 } }
		},
		userprops =
		{
			category = "Prop",
			Priority = "Room_Prop_1",
		}
	},

	{
		entity_name = "Prop_Beerbottle_12",
		type = COMPOUND,
		template_name = "Beerbottle",
		lt_grp = 0, srt_grp = 0, usr_flg = 0,
		flags = LIT_DYNAMIC,
		spatialprops =
		{
			pos = { -1.631193, 1.257673, -3.568673 },
			orient = { { 1, 0, 0 }, { 0, 1, 0 }, { 0, 0, 1 } }
		},
		userprops =
		{
			category = "Prop",
			Priority = "Room_Prop_1",
		}
	},

	{
		entity_name = "Prop_Winebottle_13",
		type = COMPOUND,
		template_name = "Winebottle",
		lt_grp = 0, srt_grp = 0, usr_flg = 0,
		flags = LIT_DYNAMIC,
		spatialprops =
		{
			pos = { -1.378968, 1.35806, -5.833286 },
			orient = { {  1.000000,  0.000000,  0.000000 },
					   {  0.000000,  0.010351, -0.999946 },
					   {  0.000000,  0.999946,  0.010351 } }
		},
		userprops =
		{
			category = "Prop",
			Priority = "Room_Prop_1",
		}
	},

	{
		entity_name = "Prop_Bottle_2_14",
		type = COMPOUND,
		template_name = "Bottle_2",
		lt_grp = 0, srt_grp = 0, usr_flg = 0,
		flags = LIT_DYNAMIC,
		spatialprops =
		{
			pos = { 1.474359, 1.330601, -3.486771 },
			orient = { { 1, 0, 0 }, { 0, 1, 0 }, { 0, 0, 1 } }
		},
		userprops =
		{
			category = "Prop",
			Priority = "Room_Prop_1",
		}
	},

	{
		entity_name = "Prop_Tumbler_15",
		type = COMPOUND,
		template_name = "Tumbler",
		lt_grp = 0, srt_grp = 0, usr_flg = 0,
		flags = LIT_DYNAMIC,
		spatialprops =
		{
			pos = { -1.088246, 1.167765, -2.089772 },
			orient = { {  1.000000,  0.000000,  0.000000 },
					   {  0.000000, -0.007311, -0.999973 },
					   {  0.000000,  0.999973, -0.007311 } }
		},
		userprops =
		{
			category = "Prop",
			Priority = "Room_Prop_1",
		}
	},

	{
		entity_name = "Prop_Tumbler_16",
		type = COMPOUND,
		template_name = "Tumbler",
		lt_grp = 0, srt_grp = 0, usr_flg = 0,
		flags = LIT_DYNAMIC,
		spatialprops =
		{
			pos = { 0.771957, 1.169718, -1.881416 },
			orient = { {  1.000000,  0.000000,  0.000000 },
					   {  0.000000,  0.000478, -1.000000 },
					   {  0.000000,  1.000000,  0.000478 } }
		},
		userprops =
		{
			category = "Prop",
			Priority = "Room_Prop_1",
		}
	},

	{
		entity_name = "Prop_Tumbler_17",
		type = COMPOUND,
		template_name = "Tumbler",
		lt_grp = 0, srt_grp = 0, usr_flg = 0,
		flags = LIT_DYNAMIC,
		spatialprops =
		{
			pos = { -1.650384, 1.168847, -3.970929 },
			orient = { {  1.000000,  0.000000,  0.000000 },
					   {  0.000000,  0.000074, -1.000000 },
					   {  0.000000,  1.000000,  0.000074 } }
		},
		userprops =
		{
			category = "Prop",
