duration = 5.625;

entities =
{

	{
		entity_name = "Layer_Rh_03_Trader_Hardpoint",
		type = SCENE,
		template_name = "",
		lt_grp = 0, srt_grp = 0, usr_flg = 0,
		spatialprops =
		{
			pos = { 0, 0, 0 },
			orient = { { 1, 0, 0 }, { 0, 1, 0 }, { 0, 0, 1 } }
		},
		up = Y_AXIS,
		front = Z_AXIS,
		ambient = { 200, 204, 200 }
	},

	{
		entity_name = "Set_Rh_03_Trader",
		type = COMPOUND,
		template_name = "rh_03_trader",
		lt_grp = 0, srt_grp = 0, usr_flg = 0,
		flags = LIT_DYNAMIC,
		spatialprops =
		{
			pos = { 0, 0, 0 },
			orient = { { 1, 0, 0 }, { 0, 1, 0 }, { 0, 0, 1 } }
		},
		userprops =
		{
			category = "Room",
		}
	},

	{
		entity_name = "ShadowSource",
		type = LIGHT,
		template_name = "",
		lt_grp = 0, srt_grp = 0, usr_flg = 0,
		spatialprops =
		{
			pos = { 0, 0, 0 },
			orient = { {  0.845606,  0.463923,  0.264056 },
					   {  0.000000,  0.494666, -0.869083 },
					   { -0.533807,  0.734902,  0.418292 } }
		},
		lightprops =
		{
			on = N,
			color = { 0, 0, 0 },
			diffuse = { 0, 0, 0 },
			specular = { 0, 0, 0 },
			ambient = { 0, 0, 0 },
			direction = { 0, 0, 1 },
			range = 2000,
			cutoff = 90,
			type = L_DIRECT,
			theta = 144,
			atten = { 1, 0, 4e-006 }
		}
	},

	{
		entity_name = "Camera_Wide",
		type = CAMERA,
		template_name = "",
		lt_grp = 0, srt_grp = 0, usr_flg = 0,
		spatialprops =
		{
			pos = { -18.56452, 21.17518, 18.98726 },
			orient = { {  0.710513,  0.000000,  0.703684 },
					   {  0.373938,  0.847121, -0.377567 },
					   { -0.596105,  0.531400,  0.601890 } }
		},
		cameraprops =
		{
			fovh = 35,
			hvaspect = 1.333333,
			nearplane = 0.1,
			farplane = 100000
		}
	},

	{
		entity_name = "CharacterAmbient",
		type = LIGHT,
		template_name = "",
		lt_grp = 0, srt_grp = 0, usr_flg = 0,
		spatialprops =
		{
			pos = { 0, 0, 0 },
			orient = { {  0.999879,  0.000000, -0.015546 },
					   {  0.000000,  1.000000,  0.000000 },
					   {  0.015546,  0.000000,  0.999879 } }
		},
		lightprops =
		{
			on = N,
			color = { 0, 0, 0 },
			diffuse = { 0, 0, 0 },
			specular = { 0, 0, 0 },
			ambient = { 0, 0, 0 },
			direction = { 0, 0, 1 },
			range = 2000,
			cutoff = 98.99998,
			type = L_SPOT,
			theta = 90,
			atten = { 1, 0, 4e-006 }
		}
	},

	{
		entity_name = "Zg/PC/Player/01/A/Stand",
		type = MARKER,
		template_name = "",
		lt_grp = 0, srt_grp = 0, usr_flg = 0,
		spatialprops =
		{
			pos = { -4.98441, 0, 18.01237 },
			orient = { {  0.999880,  0.000000, -0.015483 },
					   {  0.000000,  1.000000,  0.000000 },
					   {  0.015483,  0.000000,  0.999880 } }
		}
	},

	{
		entity_name = "Zs/NPC/Trader/01/A/Stand",
		type = MARKER,
		template_name = "",
		lt_grp = 0, srt_grp = 0, usr_flg = 0,
		spatialprops =
		{
			pos = { -4.987786, 0, 16.66672 },
			orient = { { -0.848183,  0.000000, -0.529703 },
					   {  0.000000,  1.000000,  0.000000 },
					   {  0.529703,  0.000000, -0.848183 } }
		}
	},

	{
		entity_name = "greenlight",
		type = LIGHT,
		template_name = "",
		lt_grp = 0, srt_grp = 0, usr_flg = 0,
		spatialprops =
		{
			pos = { 0, 0, 0 },
			orient = { {  0.342409,  0.000000, -0.939551 },
					   {  0.000000,  1.000000,  0.000000 },
					   {  0.939551,  0.000000,  0.342409 } }
		},
		lightprops =
		{
			on = Y,
			color = { 168, 255, 184 },
			diffuse = { 0.658824, 1, 0.721569 },
			specular = { 0, 0, 0 },
			ambient = { 0, 0, 0 },
			direction = { 0, 0, 1 },
			range = 2000,
			cutoff = 90,
			type = L_DIRECT,
			theta = 144,
			atten = { 1, 0, 4e-006 }
		}
	},

	{
		entity_name = "softlight",
		type = LIGHT,
		template_name = "",
		lt_grp = 0, srt_grp = 0, usr_flg = 0,
		spatialprops =
		{
			pos = { 0, 0, 0 },
			orient = { { -0.733255,  0.000000,  0.679953 },
					   {  0.000000,  1.000000,  0.000000 },
					   { -0.679953,  0.000000, -0.733255 } }
		},
		lightprops =
		{
			on = Y,
			color = { 255, 255, 208 },
			diffuse = { 1, 1, 0.815686 },
			specular = { 0, 0, 0 },
			ambient = { 0, 0, 0 },
			direction = { 0, 0, 1 },
			range = 2000,
			cutoff = 90,
			type = L_DIRECT,
			theta = 144,
			atten = { 1, 0, 4e-006 }
		}
	},

	{
		entity_name = "HpCan01",
		type = MARKER,
		template_name = "",
		lt_grp = 0, srt_grp = 0, usr_flg = 0,
		spatialprops =
		{
			pos = { 27.09278, 0.382018, -11.21895 },
			orient = { { -0.017483,  0.000000, -0.999847 },
					   {  0.000000,  1.000000,  0.000000 },
					   {  0.999847,  0.000000, -0.017483 } }
		}
	},

	{
		entity_name = "HpCan02",
		type = MARKER,
		template_name = "",
		lt_grp = 0, srt_grp = 0, usr_flg = 0,
		spatialprops =
		{
			pos = { 27.09278, 0.385797, -3.533111 },
			orient = { { -0.023829,  0.000000, -0.999716 },
					   {  0.000000,  1.000000,  0.000000 },
					   {  0.999716,  0.000000, -0.023829 } }
		}
	},

	{
		entity_name = "HpCan03",
		type = MARKER,
		template_name = "",
		lt_grp = 0, srt_grp = 0, usr_flg = 0,
		spatialprops =
		{
			pos = { 27.09278, 0.378806, 4.560809 },
			orient = { { -0.084279,  0.000000, -0.996442 },
					   {  0.000000,  1.000000,  0.000000 },
					   {  0.996442,  0.000000, -0.084279 } }
		}
	},

	{
		entity_name = "HpCan04",
		type = MARKER,
		template_name = "",
		lt_grp = 0, srt_grp = 0, usr_flg = 0,
		spatialprops =
		{
			pos = { 12.27716, 0.380059, -27.58252 },
			orient = { { -0.999789,  0.000000,  0.020561 },
					   {  0.000000,  1.000000,  0.000000 },
					   { -0.020561,  0.000000, -0.999789 } }
		}
	},

	{
		entity_name = "HpCan05",
		type = MARKER,
		template_name = "",
		lt_grp = 0, srt_grp = 0, usr_flg = 0,
		spatialprops =
		{
			pos = { 27.09278, 0.385282, 12.40475 },
			orient = { { -0.080058,  0.000000, -0.996790 },
					   {  0.000000,  1.000000,  0.000000 },
					   {  0.996790,  0.000000, -0.080058 } }
		}
	},

	{
		entity_name = "Camera_0",
		type = CAMERA,
		template_name = "",
		lt_grp = 0, srt_grp = 0, usr_flg = 0,
		spatialprops =
		{
			pos = { -9.143044, 2.89459, 19.48486 },
			orient = { {  0.656116,  0.000000,  0.754660 },
					   {  0.157999,  0.977838, -0.137367 },
					   { -0.737935,  0.209365,  0.641575 } }
		},
		cameraprops =
		{
			fovh = 35,
			hvaspect = 1.333333,
			nearplane = 0.1,
			farplane = 100000
		}
	},

	{
		entity_name = "Zg/NPC/mFloor2/01/B/Stand",
		type = MARKER,
		template_name = "",
		lt_grp = 0, srt_grp = 0, usr_flg = 0,
		spatialprops =
		{
			pos = { 3.643061, 0, 16.93469 },
			orient = { {  0.694322,  0.000000, -0.719665 },
					   {  0.000000,  1.000000,  0.000000 },
					   {  0.719665,  0.000000,  0.694322 } }
		}
	},

	{
		entity_name = "Zg/NPC/mFloor2/01/A/Stand",
		type = MARKER,
		template_name = "",
		lt_grp = 0, srt_grp = 0, usr_flg = 0,
		spatialprops =
		{
			pos = { 3.644492, 0, 15.65927 },
			orient = { { -0.436206,  0.000000, -0.899847 },
					   {  0.000000,  1.000000,  0.000000 },
					   {  0.899847,  0.000000, -0.436206 } }
		}
	},

	{
		entity_name = "Zg/NPC/mFloor2/02/A/Stand",
		type = MARKER,
		template_name = "",
		lt_grp = 0, srt_grp = 0, usr_flg = 0,
		spatialprops =
		{
			pos = { -4.324828, 0, 10.09919 },
			orient = { { -0.987275,  0.000000,  0.159021 },
					   {  0.000000,  1.000000,  0.000000 },
					   { -0.159021,  0.000000, -0.987275 } }
		}
	},

	{
		entity_name = "Zg/NPC/mFloor2/02/B/Stand",
		type = MARKER,
		template_name = "",
		lt_grp = 0, srt_grp = 0, usr_flg = 0,
		spatialprops =
		{
			pos = { -3.054945, 0, 10.37177 },
			orient = { { -0.436206,  0.000000, -0.899847 },
					   {  0.000000,  1.000000,  0.000000 },
					   {  0.899847,  0.000000, -0.436206 } }
		}
	},

	{
		entity_name = "Zs/NPC/mFloor2/01/AC2/Camera",
		type = CAMERA,
		template_name = "",
		lt_grp = 0, srt_grp = 0, usr_flg = 0,
		flags = HIDDEN,
		spatialprops =
		{
			pos = { 1.894909, 1.682559, 15.27748 },
			orient = { { -0.493982,  0.000000,  0.869472 },
					   {  0.161683,  0.982558,  0.091859 },
					   { -0.854307,  0.185955, -0.485366 } }
		},
		cameraprops =
		{
			fovh = 30,
			hvaspect = 1.85,
			nearplane = 0.2,
			farplane = 5000
		}
	},

	{
		entity_name = "Zs/NPC/mFloor2/01/ACOH/Camera",
		type = CAMERA,
		template_name = "",
		lt_grp = 0, srt_grp = 0, usr_flg = 0,
		flags = HIDDEN,
		spatialprops =
		{
			pos = { 2.35991, 1.774352, 16.40032 },
			orient = { {  0.295999,  0.000000,  0.955188 },
					   {  0.185456,  0.980971, -0.057470 },
					   { -0.937012,  0.194156,  0.290367 } }
		},
		cameraprops =
		{
			fovh = 25,
			hvaspect = 1.85,
			nearplane = 0.2,
			farplane = 5000
		}
	},

	{
		entity_name = "Zs/NPC/mFloor2/01/ACS/Camera",
		type = CAMERA,
		template_name = "",
		lt_grp = 0, srt_grp = 0, usr_flg = 0,
		flags = HIDDEN,
		spatialprops =
		{
			pos = { 2.587735, 1.670566, 16.15137 },
			orient = { {  0.258808,  0.000000,  0.965929 },
					   {  0.088909,  0.995755, -0.023822 },
					   { -0.961828,  0.092045,  0.257709 } }
		},
		cameraprops =
		{
			fovh = 25,
			hvaspect = 1.85,
			nearplane = 0.2,
			farplane = 5000
		}
	},

	{
		entity_name = "Zs/NPC/mFloor2/01/ACU/Camera",
		type = CAMERA,
		template_name = "",
		lt_grp = 0, srt_grp = 0, usr_flg = 0,
		flags = HIDDEN,
		spatialprops =
		{
			pos = { 2.921998, 1.701269, 16.04949 },
			orient = { {  0.366927,  0.000000,  0.930250 },
					   {  0.067154,  0.997391, -0.026488 },
					   { -0.927823,  0.072189,  0.365970 } }
		},
		cameraprops =
		{
			fovh = 25,
			hvaspect = 1.85,
			nearplane = 0.2,
			farplane = 5000
		}
	},

	{
		entity_name = "Zs/NPC/mFloor2/01/PC2/Camera",
		type = CAMERA,
		template_name = "",
		lt_grp = 0, srt_grp = 0, usr_flg = 0,
		flags = HIDDEN,
		spatialprops =
		{
			pos = { 2.997065, 1.692124, 14.59111 },
			orient = { { -0.977013,  0.000000,  0.213178 },
					   {  0.038185,  0.983827,  0.175006 },
					   { -0.209730,  0.179123, -0.961212 } }
		},
		cameraprops =
		{
			fovh = 30,
			hvaspect = 1.85,
			nearplane = 0.2,
			farplane = 5000
		}
	},

	{
		entity_name = "Zs/NPC/mFloor2/01/P2/Stand",
		type = MARKER,
		template_name = "",
		lt_grp = 0, srt_grp = 0, usr_flg = 0,
		spatialprops =
		{
			pos = { 2.8252, 0, 16.40133 },
			orient = { {  0.653758,  0.000000,  0.756704 },
					   {  0.000000,  1.000000,  0.000000 },
					   { -0.756704,  0.000000,  0.653758 } }
		}
	},

	{
		entity_name = "Zs/NPC/mFloor2/01/PCO/Camera",
		type = CAMERA,
		template_name = "",
		lt_grp = 0, srt_grp = 0, usr_flg = 0,
		flags = HIDDEN,
		spatialprops =
		{
			pos = { 3.657153, 1.762225, 15.14641 },
			orient = { { -0.931337,  0.000000, -0.364159 },
					   { -0.071042,  0.980786,  0.181690 },
					   {  0.357162,  0.195085, -0.913442 } }
		},
		cameraprops =
		{
			fovh = 25,
			hvaspect = 1.85,
			nearplane = 0.2,
			farplane = 5000
		}
	},

	{
		entity_name = "Zs/NPC/mFloor2/01/PCS/Camera",
		type = CAMERA,
		template_name = "",
		lt_grp = 0, srt_grp = 0, usr_flg = 0,
		flags = HIDDEN,
		spatialprops =
		{
			pos = { 3.422073, 1.694538, 15.38397 },
			orient = { { -0.933524,  0.000000, -0.358515 },
					   { -0.042925,  0.992806,  0.111771 },
					   {  0.355936,  0.119730, -0.926809 } }
		},
		cameraprops =
		{
			fovh = 25,
			hvaspect = 1.85,
			nearplane = 0.2,
			farplane = 5000
		}
	},

	{
		entity_name = "Zs/NPC/mFloor2/01/PCU/Camera",
		type = CAMERA,
		template_name = "",
		lt_grp = 0, srt_grp = 0, usr_flg = 0,
		flags = HIDDEN,
		spatialprops =
		{
			pos = { 3.216909, 1.713666, 15.7717 },
			orient = { { -0.906207,  0.000000, -0.422835 },
					   { -0.037706,  0.996016,  0.080809 },
					   {  0.421150,  0.089173, -0.902597 } }
		},
		cameraprops =
		{
			fovh = 25,
			hvaspect = 1.85,
			nearplane = 0.2,
			farplane = 5000
		}
	},

	{
		entity_name = "Zs/NPC/mFloor2/01/TCI/Camera",
		type = CAMERA,
		template_name = "",
		lt_grp = 0, srt_grp = 0, usr_flg = 0,
		flags = HIDDEN,
		spatialprops =
		{
			pos = { 2.515068, 2.048316, 16.26936 },
			orient = { {  0.352059,  0.000000,  0.935978 },
					   {  0.646840,  0.722773, -0.243303 },
					   { -0.676500,  0.691085,  0.254459 } }
		},
		cameraprops =
		{
			fovh = 15,
			hvaspect = 1.85,
			nearplane = 0.2,
			farplane = 5000
		}
	},

	{
		entity_name = "Zs/NPC/mFloor2/01/WFC/Camera",
		type = CAMERA,
		template_name = "",
		lt_grp = 0, srt_grp = 0, usr_flg = 0,
		flags = HIDDEN,
		spatialprops =
		{
			pos = { -9.899436, 6.614936, 4.318276 },
			orient = { { -0.293439,  0.000000,  0.955978 },
					   {  0.157934,  0.986259,  0.048478 },
					   { -0.942842,  0.165206, -0.289407 } }
		},
		cameraprops =
		{
			fovh = 30,
			hvaspect = 1.85,
			nearplane = 0.2,
			farplane = 5000
		}
	},

	{
		entity_name = "Zs/NPC/mFloor2/02/AC2/Camera",
		type = CAMERA,
		template_name = "",
		lt_grp = 0, srt_grp = 0, usr_flg = 0,
		flags = HIDDEN,
		spatialprops =
		{
			pos = { -5.193607, 1.682559, 11.66508 },
			orient = { {  0.690698,  0.000000,  0.723143 },
					   {  0.134472,  0.982558, -0.128439 },
					   { -0.710530,  0.185955,  0.678651 } }
		},
		cameraprops =
		{
			fovh = 30,
			hvaspect = 1.85,
			nearplane = 0.2,
			farplane = 5000
		}
	},

	{
		entity_name = "Zs/NPC/mFloor2/02/ACOH/Camera",
		type = CAMERA,
		template_name = "",
		lt_grp = 0, srt_grp = 0, usr_flg = 0,
		flags = HIDDEN,
		spatialprops =
		{
			pos = { -3.984474, 1.774352, 11.54261 },
			orient = { {  0.999961,  0.000000, -0.008822 },
					   { -0.001713,  0.980971, -0.194148 },
					   {  0.008654,  0.194156,  0.980932 } }
		},
		cameraprops =
		{
			fovh = 25,
			hvaspect = 1.85,
			nearplane = 0.2,
			farplane = 5000
		}
	},

	{
		entity_name = "Zs/NPC/mFloor2/02/ACS/Camera",
		type = CAMERA,
		template_name = "",
		lt_grp = 0, srt_grp = 0, usr_flg = 0,
		flags = HIDDEN,
		spatialprops =
		{
			pos = { -4.15739, 1.670566, 11.25282 },
			orient = { {  0.999553,  0.000000,  0.029887 },
					   {  0.002751,  0.995755, -0.092004 },
					   { -0.029760,  0.092045,  0.995310 } }
		},
		cameraprops =
		{
			fovh = 25,
			hvaspect = 1.85,
			nearplane = 0.2,
			farplane = 5000
		}
	},

	{
		entity_name = "Zs/NPC/mFloor2/02/ACU/Camera",
		type = CAMERA,
		template_name = "",
		lt_grp = 0, srt_grp = 0, usr_flg = 0,
		flags = HIDDEN,
		spatialprops =
		{
			pos = { -4.158848, 1.701269, 10.90338 },
			orient = { {  0.996472,  0.000000, -0.083925 },
					   { -0.006058,  0.997391, -0.071935 },
					   {  0.083706,  0.072189,  0.993872 } }
		},
		cameraprops =
		{
			fovh = 25,
			hvaspect = 1.85,
			nearplane = 0.2,
			farplane = 5000
		}
	},

	{
		entity_name = "Zs/NPC/mFloor2/02/P2/Stand",
		type = MARKER,
		template_name = "",
		lt_grp = 0, srt_grp = 0, usr_flg = 0,
		spatialprops =
		{
			pos = { -3.849703, 0, 11.09726 },
			orient = { {  0.912738,  0.000000, -0.408546 },
					   {  0.000000,  1.000000,  0.000000 },
					   {  0.408546,  0.000000,  0.912738 } }
		}
	},

	{
		entity_name = "Zs/NPC/mFloor2/02/PC2/Camera",
		type = CAMERA,
		template_name = "",
		lt_grp = 0, srt_grp = 0, usr_flg = 0,
		flags = HIDDEN,
		spatialprops =
		{
			pos = { -5.534044, 1.692124, 10.41211 },
			orient = { { -0.076777,  0.000000,  0.997048 },
					   {  0.178594,  0.983827,  0.013753 },
					   { -0.980923,  0.179123, -0.075535 } }
		},
		cameraprops =
		{
			fovh = 30,
			hvaspect = 1.85,
			nearplane = 0.2,
			farplane = 5000
		}
	},

	{
		entity_name = "Zs/NPC/mFloor2/02/PCO/Camera",
		type = CAMERA,
		template_name = "",
		lt_grp = 0, srt_grp = 0, usr_flg = 0,
		flags = HIDDEN,
		spatialprops =
		{
			pos = { -4.812384, 1.762225, 9.939585 },
			orient = { { -0.616594,  0.000000,  0.787281 },
					   {  0.153587,  0.980786,  0.120288 },
					   { -0.772155,  0.195085, -0.604747 } }
		},
		cameraprops =
		{
			fovh = 25,
			hvaspect = 1.85,
			nearplane = 0.2,
			farplane = 5000
		}
	},

	{
		entity_name = "Zs/NPC/mFloor2/02/PCS/Camera",
		type = CAMERA,
		template_name = "",
		lt_grp = 0, srt_grp = 0, usr_flg = 0,
		flags = HIDDEN,
		spatialprops =
		{
			pos = { -4.652453, 1.694538, 10.23305 },
			orient = { { -0.611818,  0.000000,  0.790999 },
					   {  0.094706,  0.992806,  0.073253 },
					   { -0.785309,  0.119730, -0.607417 } }
		},
		cameraprops =
		{
			fovh = 25,
			hvaspect = 1.85,
			nearplane = 0.2,
			farplane = 5000
		}
	},

	{
		entity_name = "Zs/NPC/mFloor2/02/PCU/Camera",
		type = CAMERA,
		template_name = "",
		lt_grp = 0, srt_grp = 0, usr_flg = 0,
		flags = HIDDEN,
		spatialprops =
		{
			pos = { -4.340104, 1.713666, 10.54104 },
			orient = { { -0.665565,  0.000000,  0.746340 },
					   {  0.066553,  0.996016,  0.059351 },
					   { -0.743366,  0.089173, -0.662914 } }
		},
		cameraprops =
		{
			fovh = 25,
			hvaspect = 1.85,
			nearplane = 0.2,
			farplane = 5000
		}
	},

	{
		entity_name = "Zs/NPC/mFloor2/02/TCI/Camera",
		type = CAMERA,
		template_name = "",
		lt_grp = 0, srt_grp = 0, usr_flg = 0,
		flags = HIDDEN,
		spatialprops =
		{
			pos = { -4.065288, 2.048316, 11.35635 },
			orient = { {  0.997683,  0.000000, -0.068038 },
					   { -0.047020,  0.722773, -0.689484 },
					   {  0.049176,  0.691085,  0.721098 } }
		},
		cameraprops =
		{
			fovh = 15,
			hvaspect = 1.85,
			nearplane = 0.2,
			farplane = 5000
		}
	},

	{
		entity_name = "Zs/NPC/mFloor2/02/WFC/Camera",
		type = CAMERA,
		template_name = "",
		lt_grp = 0, srt_grp = 0, usr_flg = 0,
		flags = HIDDEN,
		spatialprops =
		{
			pos = { -11.33984, 9.033998, 22.61201 },
			orient = { {  0.898701, -0.153411,  0.410855 },
					   {  0.278674,  0.923138, -0.264873 },
					   { -0.338641,  0.352536,  0.872376 } }
		},
		cameraprops =
		{
			fovh = 30,
			hvaspect = 1.85,
			nearplane = 0.2,
			farplane = 5000
		}
	},

	{
		entity_name = "Zs/NPC/mFloor2/01/P/Stand",
		type = MARKER,
		template_name = "",
		lt_grp = 0, srt_grp = 0, usr_flg = 0,
		spatialprops =
		{
			pos = { 2.463953, -0.0054, 16.76682 },
			orient = { {  0.653758,  0.000000,  0.756704 },
					   {  0.000000,  1.000000,  0.000000 },
					   { -0.756704,  0.000000,  0.653758 } }
		}
	},

	{
		entity_name = "Zs/NPC/mFloor2/02/P/Stand",
		type = MARKER,
		template_name = "",
		lt_grp = 0, srt_grp = 0, usr_flg = 0,
		spatialprops =
		{
			pos = { -3.60353, -0.0054, 11.54836 },
			orient = { {  0.912738,  0.000000, -0.408546 },
					   {  0.000000,  1.000000,  0.000000 },
					   {  0.408546,  0.000000,  0.912738 } }
		}
	},

	{
		entity_name = "Zs/NPC/Trader/01/P2/Stand",
		type = MARKER,
		template_name = "",
		lt_grp = 0, srt_grp = 0, usr_flg = 0,
		spatialprops =
		{
			pos = { -5.286519, 0, 17.73098 },
			orient = { {  0.956193,  0.000000,  0.292738 },
					   {  0.000000,  1.000000,  0.000000 },
					   { -0.292738,  0.000000,  0.956193 } }
		}
	},

	{
		entity_name = "Zs/NPC/Trader/01/P/Stand",
		type = MARKER,
		template_name = "",
		lt_grp = 0, srt_grp = 0, usr_flg = 0,
		spatialprops =
		{
			pos = { -5.397859, -0.0054, 18.23267 },
			orient = { {  0.956193,  0.000000,  0.292738 },
					   {  0.000000,  1.000000,  0.000000 },
					   { -0.292738,  0.000000,  0.956193 } }
		}
	},

	{
		entity_name = "Zs/NPC/Trader/01/AC2/Camera",
		type = CAMERA,
		template_name = "",
		lt_grp = 0, srt_grp = 0, usr_flg = 0,
		flags = HIDDEN,
		spatialprops =
		{
			pos = { -6.672224, 1.682559, 17.27456 },
			orient = { {  0.022299,  0.000000,  0.999751 },
					   {  0.185900,  0.982560, -0.004146 },
					   { -0.982316,  0.185946,  0.021910 } }
		},
		cameraprops =
		{
			fovh = 30,
			hvaspect = 1.85,
			nearplane = 0.2,
			farplane = 5000
		}
	},

	{
		entity_name = "Zs/NPC/Trader/01/PC2/Camera",
		type = CAMERA,
		template_name = "",
		lt_grp = 0, srt_grp = 0, usr_flg = 0,
		flags = HIDDEN,
		spatialprops =
		{
			pos = { -6.099509, 1.717664, 16.10878 },
			orient = { { -0.744091,  0.000000,  0.668078 },
					   {  0.125383,  0.982231,  0.139649 },
					   { -0.656207,  0.187677, -0.730869 } }
		},
		cameraprops =
		{
			fovh = 30,
			hvaspect = 1.85,
			nearplane = 0.2,
			farplane = 5000
		}
	},

	{
		entity_name = "Zs/NPC/Trader/01/ACOH/Camera",
		type = CAMERA,
		template_name = "",
		lt_grp = 0, srt_grp = 0, usr_flg = 0,
		flags = HIDDEN,
		spatialprops =
		{
			pos = { -5.884416, 1.747494, 17.99035 },
			orient = { {  0.685569,  0.000000,  0.728008 },
					   {  0.131902,  0.983450, -0.124213 },
					   { -0.715959,  0.181182,  0.674222 } }
		},
		cameraprops =
		{
			fovh = 25,
			hvaspect = 1.85,
			nearplane = 0.2,
			farplane = 5000
		}
	},

	{
		entity_name = "Zs/NPC/Trader/01/ACS/Camera",
		type = CAMERA,
		template_name = "",
		lt_grp = 0, srt_grp = 0, usr_flg = 0,
		flags = HIDDEN,
		spatialprops =
		{
			pos = { -5.620586, 1.670566, 17.64573 },
			orient = { {  0.733159,  0.000000,  0.680057 },
					   {  0.062596,  0.995755, -0.067483 },
					   { -0.677170,  0.092045,  0.730047 } }
		},
		cameraprops =
		{
			fovh = 25,
			hvaspect = 1.85,
			nearplane = 0.2,
			farplane = 5000
		}
	},

	{
		entity_name = "Zs/NPC/Trader/01/PCO/Camera",
		type = CAMERA,
		template_name = "",
		lt_grp = 0, srt_grp = 0, usr_flg = 0,
		flags = HIDDEN,
		spatialprops =
		{
			pos = { -5.249998, 1.762225, 16.22578 },
			orient = { { -0.986948,  0.000000,  0.161041 },
					   {  0.031414,  0.980789,  0.192524 },
					   { -0.157947,  0.195070, -0.967988 } }
		},
		cameraprops =
		{
			fovh = 25,
			hvaspect = 1.85,
			nearplane = 0.2,
			farplane = 5000
		}
	},

	{
		entity_name = "Zs/NPC/Trader/01/PCS/Camera",
		type = CAMERA,
		template_name = "",
		lt_grp = 0, srt_grp = 0, usr_flg = 0,
		flags = HIDDEN,
		spatialprops =
		{
			pos = { -5.322598, 1.694538, 16.55201 },
			orient = { { -0.991176,  0.000000,  0.132556 },
					   {  0.017016,  0.991726,  0.127238 },
					   { -0.131460,  0.128371, -0.982975 } }
		},
		cameraprops =
		{
			fovh = 25,
			hvaspect = 1.85,
			nearplane = 0.2,
			farplane = 5000
		}
	},

	{
		entity_name = "Bin_StackBlue_manufgoods_1",
		type = COMPOUND,
		template_name = "StackBlue_manufgoods",
		lt_grp = 3, srt_grp = 0, usr_flg = 0,
		flags = LIT_DYNAMIC,
		spatialprops =
		{
			pos = { 24.85553, 0.923968, 12.6449 },
			orient = { { -0.003782,  0.000000,  0.999993 },
					   {  0.000000,  1.000000,  0.000000 },
					   { -0.999993,  0.000000, -0.003782 } }
		},
		userprops =
		{
			category = "Equipment",
		}
	},

	{
		entity_name = "Bin_StackGreen_Refgoods_2",
		type = COMPOUND,
		template_name = "StackGreen_Refgoods",
		lt_grp = 3, srt_grp = 0, usr_flg = 0,
		flags = LIT_DYNAMIC,
		spatialprops =
		{
			pos = { 25.19255, 0.761563, 4.35916 },
			orient = { {  0.013237,  0.000000,  0.999912 },
					   {  0.000000,  1.000000,  0.000000 },
					   { -0.999912,  0.000000,  0.013237 } }
		},
		userprops =
		{
			category = "Equipment",
		}
	},

	{
		entity_name = "Bin_Stackdrab_oremetals_3",
		type = COMPOUND,
		template_name = "Stackdrab_oremetals",
		lt_grp = 3, srt_grp = 0, usr_flg = 0,
		flags = LIT_DYNAMIC,
		spatialprops =
		{
			pos = { 26.4932, 0.740469, -3.544654 },
			orient = { {  0.027202,  0.000000,  0.999630 },
					   {  0.000000,  1.000000,  0.000000 },
					   { -0.999630,  0.000000,  0.027202 } }
		},
		userprops =
		{
			category = "Equipment",
		}
	},

	{
		entity_name = "Bin_Stackred_lightgoods_4",
		type = COMPOUND,
		template_name = "Stackred_lightgoods",
		lt_grp = 3, srt_grp = 0, usr_flg = 0,
		flags = LIT_DYNAMIC,
		spatialprops =
		{
			pos = { 25.30157, 0.748741, -11.04657 },
			orient = { { -0.005212,  0.000000,  0.999986 },
					   {  0.000000,  1.000000,  0.000000 },
					   { -0.999986,  0.000000, -0.005212 } }
		},
		userprops =
		{
			category = "Equipment",
		}
	}
};

events =
{
};
