duration = 16.100;

entities =
{

	{
		entity_name = "Scene_Untitled_3",
		type = SCENE,
		template_name = "",
		lt_grp = 0, srt_grp = 0, usr_flg = 0,
		spatialprops =
		{
			pos = { 0, 0, 0 },
			orient = { { 1, 0, 0 }, { 0, 1, 0 }, { 0, 0, 1 } }
		},
		up = Y_AXIS,
		front = Z_AXIS,
		ambient = { 128, 128, 128 }
	},

	{
		entity_name = "Mk_Main_Object",
		type = MARKER,
		template_name = "",
		lt_grp = 0, srt_grp = 0, usr_flg = 0,
		spatialprops =
		{
			pos = { 0, 0, 0 },
			orient = { { 1, 0, 0 }, { 0, 1, 0 }, { 0, 0, 1 } }
		},
		userprops =
		{
			main_object = "main_object",
		}
	},

	{
		entity_name = "li_elite_2",
		type = COMPOUND,
		template_name = "li_elite",
		lt_grp = 0, srt_grp = 0, usr_flg = 0,
		flags = LIT_DYNAMIC,
		spatialprops =
		{
			pos = { 0, 0, 0 },
			orient = { { 1, 0, 0 }, { 0, 1, 0 }, { 0, 0, 1 } }
		},
		userprops =
		{
			category = "Spaceship",
		}
	},

	{
		entity_name = "Camera_1",
		type = CAMERA,
		template_name = "",
		lt_grp = 0, srt_grp = 0, usr_flg = 0,
		spatialprops =
		{
			pos = { 11.45475, 48.29579, 23.8265 },
			orient = { {  0.260900,  0.000000, -0.965366 },
					   { -0.879748,  0.411720, -0.237761 },
					   {  0.397460,  0.911310,  0.107418 } }
		},
		cameraprops =
		{
			fovh = 35,
			hvaspect = 1.85,
			nearplane = 0.2,
			farplane = 1000
		}
	},

	{
		entity_name = "Monitor_1",
		type = MONITOR,
		template_name = "",
		lt_grp = 0, srt_grp = 0, usr_flg = 0
	},

	{
		entity_name = "Mk_Lookat",
		type = MARKER,
		template_name = "",
		lt_grp = 0, srt_grp = 0, usr_flg = 0,
		spatialprops =
		{
			pos = { 6.847206, -6.179404, 4.105075 },
			orient = { { -0.698890,  0.000000,  0.715230 },
					   {  0.360995,  0.863280,  0.352748 },
					   { -0.617443,  0.504726, -0.603337 } }
		}
	},

	{
		entity_name = "Path_1",
		type = MOTION_PATH,
		template_name = "",
		lt_grp = 0, srt_grp = 0, usr_flg = 0,
		spatialprops =
		{
			pos = { 0, 0, 0 },
			orient = { { 1, 0, 0 }, { 0, 1, 0 }, { 0, 0, 1 } }
		},
		pathprops =
		{
			path_type = "CV_CROrientationSplinePath",
			path_data = "OPEN,{39.058037,38.810886,25.917370}, {0.714427,-0.245931,0.619395,0.213218}, {40.724625,-4.782572,60.082336}, {0.890775,0.103604,0.439515,-0.051119}, "
		}
	},

	{
		entity_name = "Camera_2",
		type = CAMERA,
		template_name = "",
		lt_grp = 0, srt_grp = 0, usr_flg = 0,
		spatialprops =
		{
			pos = { 40.72462, -4.782572, 60.08234 },
			orient = { {  0.608427,  0.000000, -0.793610 },
					   {  0.182142,  0.973306,  0.139641 },
					   {  0.772426, -0.229511,  0.592185 } }
		},
		cameraprops =
		{
			fovh = 35,
			hvaspect = 1.85,
			nearplane = 0.2,
			farplane = 1000
		}
	},

	{
		entity_name = "Mk_Lookat_Cam2",
		type = MARKER,
		template_name = "",
		lt_grp = 0, srt_grp = 0, usr_flg = 0,
		spatialprops =
		{
			pos = { 9.243731, 5.920126, 7.893893 },
			orient = { { -0.739363,  0.000000,  0.673307 },
					   { -0.289199,  0.903057, -0.317572 },
					   { -0.608034, -0.429520, -0.667688 } }
		}
	},

	{
		entity_name = "Path_Lookat",
		type = MOTION_PATH,
		template_name = "",
		lt_grp = 0, srt_grp = 0, usr_flg = 0,
		spatialprops =
		{
			pos = { 0, 0, 0 },
			orient = { { 1, 0, 0 }, { 0, 1, 0 }, { 0, 0, 1 } }
		},
		pathprops =
		{
			path_type = "CV_CROrientationSplinePath",
			path_data = "OPEN,{9.243731,5.920126,7.893893}, {-0.352139,-0.079478,0.909685,-0.205316}, {6.847206,1.107663,4.105075}, {-0.374517,0.101449,0.889594,0.240973}, "
		}
	},

	{
		entity_name = "Mk_Trent_Ship_Relocate",
		type = MARKER,
		template_name = "",
		lt_grp = 0, srt_grp = 0, usr_flg = 0,
		spatialprops =
		{
			pos = { 50468, 0, -77142.01 },
			orient = { { -0.737678,  0.000000, -0.675153 },
					   {  0.012074,  0.999840, -0.013193 },
					   {  0.675045, -0.017884, -0.737560 } }
		}
	},

	{
		entity_name = "Mk_King_Ship_Relocate",
		type = MARKER,
		template_name = "",
		lt_grp = 0, srt_grp = 0, usr_flg = 0,
		spatialprops =
		{
			pos = { 50499, 1, -77145 },
			orient = { { -0.737678,  0.000000, -0.675153 },
					   {  0.012074,  0.999840, -0.013193 },
					   {  0.675045, -0.017884, -0.737560 } }
		}
	},

	{
		entity_name = "Mk_li_fighter_1",
		type = COMPOUND,
		template_name = "li_fighter",
		lt_grp = 0, srt_grp = 0, usr_flg = 0,
		flags = LIT_DYNAMIC,
		spatialprops =
		{
			pos = { -15, 5, 36.97154 },
			orient = { { 1, 0, 0 }, { 0, 1, 0 }, { 0, 0, 1 } }
		},
		userprops =
		{
			category = "Spaceship",
		}
	},

	{
		entity_name = "Mk_li_fighter_2",
		type = COMPOUND,
		template_name = "li_fighter",
		lt_grp = 0, srt_grp = 0, usr_flg = 0,
		flags = LIT_DYNAMIC,
		spatialprops =
		{
			pos = { 50254, 13, -77555 },
			orient = { { -0.306532,  0.000000, -0.951860 },
					   { -0.000617,  1.000000,  0.000199 },
					   {  0.951860,  0.000648, -0.306532 } }
		},
		userprops =
		{
			category = "Spaceship",
		}
	},

	{
		entity_name = "Mk_goto_vec",
		type = MARKER,
		template_name = "",
		lt_grp = 0, srt_grp = 0, usr_flg = 0,
		spatialprops =
		{
			pos = { 48164.69, 0, -76793.93 },
			orient = { {  0.342020,  0.000000,  0.939693 },
					   {  0.000000,  1.000000,  0.000000 },
					   { -0.939693,  0.000000,  0.342020 } }
		}
	},

	{
		entity_name = "Path_2",
		type = MOTION_PATH,
		template_name = "",
		lt_grp = 0, srt_grp = 0, usr_flg = 0,
		spatialprops =
		{
			pos = { 0, 0, 0 },
			orient = { { 1, 0, 0 }, { 0, 1, 0 }, { 0, 0, 1 } }
		},
		pathprops =
		{
			path_type = "CV_CROrientationSplinePath",
			path_data = "OPEN,{48967.000000,2.000000,-77085.000000}, {1.000000,0.000000,0.000000,0.000000}, {50655.000000,0.000000,-77595.000000}, {0.819152,0.000000,-0.573577,0.000000}, "
		}
	},

	{
		entity_name = "Mk_pobjidle",
		type = MARKER,
		template_name = "",
		lt_grp = 0, srt_grp = 0, usr_flg = 0,
		spatialprops =
		{
			pos = { 48967, 2, -77085 },
			orient = { { 1, 0, 0 }, { 0, 1, 0 }, { 0, 0, 1 } }
		}
	},

	{
		entity_name = "Mk_pob_Patrol",
		type = MARKER,
		template_name = "",
		lt_grp = 0, srt_grp = 0, usr_flg = 0,
		spatialprops =
		{
			pos = { 48873.15, 2, -77050.75 },
			orient = { { 1, 0, 0 }, { 0, 1, 0 }, { 0, 0, 1 } }
		}
	},

	{
		entity_name = "Marker_1",
		type = MARKER,
		template_name = "",
		lt_grp = 0, srt_grp = 0, usr_flg = 0,
		spatialprops =
		{
			pos = { 50241.93, 8.012928, -77534.77 },
			orient = { { 1, 0, 0 }, { 0, 1, 0 }, { 0, 0, 1 } }
		}
	},

	{
		entity_name = "Path_1_backup",
		type = MOTION_PATH,
		template_name = "",
		lt_grp = 0, srt_grp = 0, usr_flg = 0,
		spatialprops =
		{
			pos = { 0, 0, 0 },
			orient = { { 1, 0, 0 }, { 0, 1, 0 }, { 0, 0, 1 } }
		},
		pathprops =
		{
			path_type = "CV_CROrientationSplinePath",
			path_data = "OPEN,{39.058037,38.810886,25.917370}, {0.714427,-0.245931,0.619395,0.213218}, {32.400097,-2.708751,50.969490}, {0.893487,0.048927,0.445747,-0.024409}, "
		}
	},

	{
		entity_name = "Marker_2",
		type = MARKER,
		template_name = "",
		lt_grp = 0, srt_grp = 0, usr_flg = 0,
		spatialprops =
		{
			pos = { 50277.63, 23.01295, -77546.85 },
			orient = { { 1, 0, 0 }, { 0, 1, 0 }, { 0, 0, 1 } }
		}
	}
};

events =
{
	{
		0.000, SET_CAMERA, { "Monitor_1", "Camera_2" }
	},

	{
		0.000, ATTACH_ENTITY, { "li_elite_2", "Mk_Main_Object" },
		{
			duration = 35.000,
			offset = { 0, 0, 0 },
			up = Y_AXIS,
			front = NEG_Z_AXIS,
			target_part = "",
			target_type = ROOT,
			flags = POSITION + ORIENTATION + ENTITY_RELATIVE
		}
	},

	{
		0.000, ATTACH_ENTITY, { "Marker_1", "li_elite_2" },
		{
			duration = 16.546,
			offset = { -15, 5, 20 },
			up = Y_AXIS,
			front = NEG_Z_AXIS,
			target_part = "",
			target_type = ROOT,
			flags = POSITION + ENTITY_RELATIVE
		}
	},

	{
		0.000, ATTACH_ENTITY, { "Path_1", "Mk_Main_Object" },
		{
			duration = 16.139,
			offset = { 0, 0, 0 },
			up = Y_AXIS,
			front = NEG_Z_AXIS,
			target_part = "",
			target_type = ROOT,
			flags = POSITION + ORIENTATION + ENTITY_RELATIVE
		}
	},

	{
		0.000, START_PATH_ANIMATION, { "Camera_2", "Path_1" },
		{
			duration = 16.078,
			start_percent = 0,
			stop_percent = 1,
			offset = { 0, 0, 0 },
			up = Y_AXIS,
			front = NEG_Z_AXIS,
			flags = POSITION + ORIENTATION,
			param_curve =
			{
				CLSID = "FreeFormPCurve",
				points =
				{
					{  0.000000,  0.000000,  0.000000,  0.000000 },
					{  1.000000,  1.000000,  0.428571,  0.000000 },
				}
			},
			pcurve_period = -1000
		}
	},

	{
		0.000, ATTACH_ENTITY, { "Marker_2", "Mk_li_fighter_2" },
		{
			duration = 16.343,
			offset = { -15, 10, 20 },
			up = Y_AXIS,
			front = NEG_Z_AXIS,
			target_part = "",
			target_type = ROOT,
			flags = POSITION + ENTITY_RELATIVE
		}
	},

	{
		2.939, ATTACH_ENTITY, { "Mk_li_fighter_2", "Mk_pob_Patrol" },
		{
			duration = 1.000,
			offset = { 0, 0, 0 },
			up = Y_AXIS,
			front = NEG_Z_AXIS,
			target_part = "",
			target_type = ROOT,
			flags = LOOK_AT
		}
	}
};
