duration = 18.937;

entities =
{

	{
		entity_name = "Scene_Untitled_2",
		type = SCENE,
		template_name = "",
		lt_grp = 0, srt_grp = 0, usr_flg = 0,
		spatialprops =
		{
			pos = { 0, 0, 0 },
			orient = { { 1, 0, 0 }, { 0, 1, 0 }, { 0, 0, 1 } }
		},
		up = Y_AXIS,
		front = Z_AXIS,
		ambient = { 128, 128, 128 }
	},

	{
		entity_name = "Shot01_Monitor_1",
		type = MONITOR,
		template_name = "",
		lt_grp = 0, srt_grp = 0, usr_flg = 0
	},

	{
		entity_name = "aa_main_object",
		type = MARKER,
		template_name = "",
		lt_grp = 0, srt_grp = 0, usr_flg = 0,
		spatialprops =
		{
			pos = { 57147, 0, -52081 },
			orient = { { 1, 0, 0 }, { 0, 1, 0 }, { 0, 0, 1 } }
		}
	},

	{
		entity_name = "CnB_Camera_00",
		type = CAMERA,
		template_name = "",
		lt_grp = 0, srt_grp = 0, usr_flg = 0,
		spatialprops =
		{
			pos = { 0, 0, 300 },
			orient = { {  1.000000,  0.000000, -0.000611 },
					   { -0.000009,  0.999899, -0.014230 },
					   {  0.000610,  0.014230,  0.999899 } }
		},
		cameraprops =
		{
			fovh = 35,
			hvaspect = 1.85,
			nearplane = 0.1,
			farplane = 100000
		}
	},

	{
		entity_name = "CnB_Camera_01",
		type = CAMERA,
		template_name = "",
		lt_grp = 0, srt_grp = 0, usr_flg = 0,
		spatialprops =
		{
			pos = { 0, 0, 300 },
			orient = { { 1, 0, 0 }, { 0, 1, 0 }, { 0, 0, 1 } }
		},
		cameraprops =
		{
			fovh = 35,
			hvaspect = 1.85,
			nearplane = 0.1,
			farplane = 100000
		}
	},

	{
		entity_name = "aa_depot_Path",
		type = MOTION_PATH,
		template_name = "",
		lt_grp = 0, srt_grp = 0, usr_flg = 0,
		spatialprops =
		{
			pos = { 0, 0, 0 },
			orient = { { -0.999992,  0.000000,  0.003906 },
					   {  0.000009,  0.999997,  0.002247 },
					   { -0.003906,  0.002247, -0.999990 } }
		},
		pathprops =
		{
			path_type = "CV_CROrientationSplinePath",
			path_data = "OPEN,{1.171805,0.674096,-299.997009}, {1.000000,0.000000,0.000000,0.000000}, {-201.854080,124.792099,-183.526169}, {1.000000,0.000000,0.000000,0.000000}, {-148.429871,167.715500,199.599854}, {1.000000,0.000000,0.000000,0.000000}, {199.199829,60.477863,216.013474}, {1.000000,0.000000,0.000000,0.000000}, "
		}
	},

	{
		entity_name = "Station_Depot_Prop_1",
		type = COMPOUND,
		template_name = "Station_Depot_Prop",
		lt_grp = 0, srt_grp = 0, usr_flg = 0,
		flags = LIT_DYNAMIC + LIT_AMBIENT,
		spatialprops =
		{
			pos = { 57147, 0, -52081 },
			orient = { { 1, 0, 0 }, { 0, 1, 0 }, { 0, 0, 1 } }
		},
		userprops =
		{
			category = "Prop",
		}
	},

	{
		entity_name = "Marker_1",
		type = MARKER,
		template_name = "",
		lt_grp = 0, srt_grp = 0, usr_flg = 0,
		spatialprops =
		{
			pos = { 57147, 0, -52081 },
			orient = { { -0.327417, -0.944159,  0.036905 },
					   { -0.669454,  0.259364,  0.696105 },
					   { -0.666805,  0.203211, -0.716991 } }
		}
	},

	{
		entity_name = "Marker_2",
		type = MARKER,
		template_name = "",
		lt_grp = 0, srt_grp = 0, usr_flg = 0,
		spatialprops =
		{
			pos = { 0, 0, 300 },
			orient = { { 1, 0, 0 }, { 0, 1, 0 }, { 0, 0, 1 } }
		}
	},

	{
		entity_name = "Path_Camera_1",
		type = CAMERA,
		template_name = "",
		lt_grp = 0, srt_grp = 0, usr_flg = 0,
		spatialprops =
		{
			pos = { 0, 0, 0 },
			orient = { { 1, 0, 0 }, { 0, 1, 0 }, { 0, 0, 1 } }
		},
		cameraprops =
		{
			fovh = 35,
			hvaspect = 1.85,
			nearplane = 0.1,
			farplane = 100000
		}
	},

	{
		entity_name = "Cam_1",
		type = CAMERA,
		template_name = "",
		lt_grp = 0, srt_grp = 0, usr_flg = 0,
		spatialprops =
		{
			pos = { 56650.6, 106.4371, -52384.43 },
			orient = { { -0.723171,  0.000000,  0.690669 },
					   {  0.191034,  0.960987,  0.200024 },
					   { -0.663724,  0.276592, -0.694958 } }
		},
		cameraprops =
		{
			fovh = 35,
			hvaspect = 1.85,
			nearplane = 0.2,
			farplane = 1000
		}
	},

	{
		entity_name = "Cam_1b",
		type = CAMERA,
		template_name = "",
		lt_grp = 0, srt_grp = 0, usr_flg = 0,
		spatialprops =
		{
			pos = { 57005.15, 74.76276, -52310.5 },
			orient = { { -0.891150,  0.110750,  0.439984 },
					   {  0.225891,  0.949316,  0.218568 },
					   { -0.393478,  0.294165, -0.871001 } }
		},
		cameraprops =
		{
			fovh = 35,
			hvaspect = 1.85,
			nearplane = 0.2,
			farplane = 1000
		}
	},

	{
		entity_name = "Cam_2",
		type = CAMERA,
		template_name = "",
		lt_grp = 0, srt_grp = 0, usr_flg = 0,
		spatialprops =
		{
			pos = { 57278, -49.49124, -52225.12 },
			orient = { { -0.750416, -0.308764, -0.584415 },
					   { -0.145056,  0.939560, -0.310138 },
					   {  0.644852, -0.147960, -0.749849 } }
		},
		cameraprops =
		{
			fovh = 35,
			hvaspect = 1.85,
			nearplane = 0.2,
			farplane = 1000
		}
	},

	{
		entity_name = "Marker_pivot_cam",
		type = MARKER,
		template_name = "",
		lt_grp = 0, srt_grp = 0, usr_flg = 0,
		spatialprops =
		{
			pos = { 57146.64, -19.49464, -52072.38 },
			orient = { { -0.750416, -0.308764, -0.584415 },
					   { -0.145056,  0.939560, -0.310138 },
					   {  0.644852, -0.147960, -0.749849 } }
		}
	},

	{
		entity_name = "Marker_pivot_cam_2",
		type = MARKER,
		template_name = "",
		lt_grp = 0, srt_grp = 0, usr_flg = 0,
		spatialprops =
		{
			pos = { 57146.64, -19.49464, -52072.38 },
			orient = { { -0.772884,  0.400226,  0.492412 },
					   {  0.132519,  0.860699, -0.491565 },
					   { -0.620555, -0.314669, -0.718258 } }
		}
	},

	{
		entity_name = "Cam_3",
		type = CAMERA,
		template_name = "",
		lt_grp = 0, srt_grp = 0, usr_flg = 0,
		spatialprops =
		{
			pos = { 57061.76, 170.7809, -52207.2 },
			orient = { { -0.758218,  0.111792,  0.642345 },
					   {  0.538935,  0.661934,  0.520953 },
					   { -0.366952,  0.741178, -0.562139 } }
		},
		cameraprops =
		{
			fovh = 35,
			hvaspect = 1.85,
			nearplane = 0.2,
			farplane = 1000
		}
	},

	{
		entity_name = "Cam_3b",
		type = CAMERA,
		template_name = "",
		lt_grp = 0, srt_grp = 0, usr_flg = 0,
		spatialprops =
		{
			pos = { 56971.51, 352.841, -52345.24 },
			orient = { { -0.913798, -0.174092,  0.366968 },
					   {  0.174125,  0.648341,  0.741171 },
					   { -0.366952,  0.741179, -0.562139 } }
		},
		cameraprops =
		{
			fovh = 35,
			hvaspect = 1.85,
			nearplane = 0.2,
			farplane = 1000
		}
	}
};

events =
{
	{
		0.000, ATTACH_ENTITY, { "CnB_Camera_01", "Marker_2" },
		{
			duration = 30.000,
			offset = { 0, 0, 0 },
			up = Y_AXIS,
			front = NEG_Z_AXIS,
			target_part = "",
			target_type = ROOT,
			flags = POSITION
		}
	},

	{
		0.000, ATTACH_ENTITY, { "Marker_2", "Marker_1" },
		{
			duration = 30.000,
			offset = { 0, 0, 300 },
			up = Y_AXIS,
			front = NEG_Z_AXIS,
			target_part = "",
			target_type = ROOT,
			flags = POSITION + ORIENTATION + ENTITY_RELATIVE
		}
	},

	{
		0.000, ATTACH_ENTITY, { "CnB_Camera_01", "Station_Depot_Prop_1" },
		{
			duration = 30.000,
			offset = { 0, 0, 0 },
			up = Y_AXIS,
			front = NEG_Z_AXIS,
			target_part = "",
			target_type = ROOT,
			flags = LOOK_AT
		}
	},

	{
		0.000, ATTACH_ENTITY, { "Path_Camera_1", "aa_main_object" },
		{
			duration = 30.000,
			offset = { 0, 0, 0 },
			up = Y_AXIS,
			front = NEG_Z_AXIS,
			target_part = "",
			target_type = ROOT,
			flags = LOOK_AT
		}
	},

	{
		0.000, START_PATH_ANIMATION, { "Path_Camera_1", "aa_depot_Path" },
		{
			duration = 30.000,
			start_percent = 0,
			stop_percent = 1,
			offset = { 0, 0, 0 },
			up = Y_AXIS,
			front = NEG_Z_AXIS,
			flags = POSITION
		}
	},

	{
		0.000, ATTACH_ENTITY, { "aa_depot_Path", "aa_main_object" },
		{
			duration = 30.000,
			offset = { 0, 0, 0 },
			up = Y_AXIS,
			front = NEG_Z_AXIS,
			target_part = "",
			target_type = ROOT,
			flags = POSITION + ORIENTATION
		}
	},

	{
		0.000, SET_CAMERA, { "Shot01_Monitor_1", "Cam_1" }
	},

	{
		0.000, ATTACH_ENTITY, { "Cam_2", "Marker_pivot_cam" },
		{
			duration = 30.000,
			offset = { -0.046844, 0.132454, 203.6738 },
			up = Y_AXIS,
			front = NEG_Z_AXIS,
			target_part = "",
			target_type = ROOT,
			flags = POSITION + ORIENTATION + ENTITY_RELATIVE + ORIENTATION_RELATIVE
		}
	},

	{
		0.000, START_SPATIAL_PROP_ANIM, { "Cam_1", "Cam_1b" },
		{
			duration = 7.000,
			target_part = "",
			target_type = ROOT,
			spatialprops =
			{
				pos = { 57005.15, 74.76276, -52310.5 },
				q_orient = { -0.89115, 0.11075, 0.439984, 0.225891 }
			},
			param_curve =
			{
				CLSID = "FreeFormPCurve",
				points =
				{
					{  0.000000,  0.000000,  0.000000,  0.000000 },
					{  1.000000,  1.000000,  0.846154,  0.000000 },
				}
			},
			pcurve_period = -1000
		}
	},

	{
		7.000, SET_CAMERA, { "Shot01_Monitor_1", "Cam_2" }
	},

	{
		7.000, START_SPATIAL_PROP_ANIM, { "Marker_pivot_cam", "Marker_pivot_cam_2" },
		{
			duration = 3.000,
			target_part = "",
			target_type = ROOT,
			spatialprops =
			{
				q_orient = { -0.772884, 0.400226, 0.492411, 0.132519 }
			}
		}
	},

	{
		10.000, SET_CAMERA, { "Shot01_Monitor_1", "Cam_3" }
	},

	{
		10.000, START_SPATIAL_PROP_ANIM, { "Cam_3", "Cam_3b" },
		{
			duration = 6.562,
			target_part = "",
			target_type = ROOT,
			spatialprops =
			{
				pos = { 56971.51, 352.841, -52345.24 },
				q_orient = { -0.913798, -0.174092, 0.366968, 0.174125 }
			},
			param_curve =
			{
				CLSID = "FreeFormPCurve",
				points =
				{
					{  0.000000,  0.000000,  0.000000,  1.875000 },
					{  1.000000,  1.000000,  0.000000,  0.000000 },
				}
			},
			pcurve_period = -1000
		}
	}
};
