duration = 22.062;

entities =
{

	{
		entity_name = "Layer_FlexPack_Stand_Tester",
		type = SCENE,
		template_name = "",
		lt_grp = 0, srt_grp = 0, usr_flg = 0,
		spatialprops =
		{
			pos = { 0, 0, 0 },
			orient = { { 1, 0, 0 }, { 0, 1, 0 }, { 0, 0, 1 } }
		},
		up = Y_AXIS,
		front = Z_AXIS,
		ambient = { 128, 128, 128 }
	},

	{
		entity_name = "Special/A",
		type = MARKER,
		template_name = "",
		lt_grp = 0, srt_grp = 0, usr_flg = 0,
		spatialprops =
		{
			pos = { 0, 0, 0 },
			orient = { {  0.156777,  0.000000,  0.987634 },
					   {  0.000000,  1.000000,  0.000000 },
					   { -0.987634,  0.000000,  0.156777 } }
		}
	},

	{
		entity_name = "Camera/PCO",
		type = CAMERA,
		template_name = "",
		lt_grp = 0, srt_grp = 0, usr_flg = 0,
		flags = HIDDEN,
		spatialprops =
		{
			pos = { -0.130292, 1.787449, 0.58139 },
			orient = { {  0.839425,  0.000000,  0.543476 },
					   {  0.115839,  0.977021, -0.178919 },
					   { -0.530987,  0.213145,  0.820135 } }
		},
		cameraprops =
		{
			fovh = 25,
			hvaspect = 1.85,
			nearplane = 0.2,
			farplane = 5000
		}
	},

	{
		entity_name = "Monitor_1",
		type = MONITOR,
		template_name = "",
		lt_grp = 0, srt_grp = 0, usr_flg = 0
	},

	{
		entity_name = "Camera/ACS",
		type = CAMERA,
		template_name = "",
		lt_grp = 0, srt_grp = 0, usr_flg = 0,
		flags = HIDDEN,
		spatialprops =
		{
			pos = { 1.265135, 1.642393, -0.163832 },
			orient = { {  0.054120,  0.000000, -0.998534 },
					   { -0.091915,  0.995754, -0.004982 },
					   {  0.994295,  0.092049,  0.053890 } }
		},
		cameraprops =
		{
			fovh = 25,
			hvaspect = 1.85,
			nearplane = 0.2,
			farplane = 5000
		}
	},

	{
		entity_name = "Camera/PCU",
		type = CAMERA,
		template_name = "",
		lt_grp = 0, srt_grp = 0, usr_flg = 0,
		flags = HIDDEN,
		spatialprops =
		{
			pos = { 0.367218, 1.66889, -0.098418 },
			orient = { {  0.653660,  0.000000,  0.756789 },
					   {  0.030589,  0.999183, -0.026421 },
					   { -0.756170,  0.040420,  0.653125 } }
		},
		cameraprops =
		{
			fovh = 25,
			hvaspect = 1.85,
			nearplane = 0.2,
			farplane = 5000
		}
	},

	{
		entity_name = "Camera/WFC",
		type = CAMERA,
		template_name = "",
		lt_grp = 0, srt_grp = 0, usr_flg = 0,
		spatialprops =
		{
			pos = { 2.660852, 4.01812, 0.638817 },
			orient = { {  0.628903,  0.000000, -0.777484 },
					   { -0.630082,  0.585862, -0.509670 },
					   {  0.455498,  0.810411,  0.368450 } }
		},
		cameraprops =
		{
			fovh = 30,
			hvaspect = 1.85,
			nearplane = 0.2,
			farplane = 5000
		}
	},

	{
		entity_name = "Camera/AC2",
		type = CAMERA,
		template_name = "",
		lt_grp = 0, srt_grp = 0, usr_flg = 0,
		flags = HIDDEN,
		spatialprops =
		{
			pos = { 1.563856, 1.682559, 0.872445 },
			orient = { {  0.724759,  0.000000, -0.689002 },
					   { -0.128124,  0.982558, -0.134772 },
					   {  0.676985,  0.185955,  0.712118 } }
		},
		cameraprops =
		{
			fovh = 30,
			hvaspect = 1.85,
			nearplane = 0.2,
			farplane = 5000
		}
	},

	{
		entity_name = "Camera/ACOH",
		type = CAMERA,
		template_name = "",
		lt_grp = 0, srt_grp = 0, usr_flg = 0,
		flags = HIDDEN,
		spatialprops =
		{
			pos = { 1.571723, 1.76305, -0.176165 },
			orient = { {  0.099954,  0.000000, -0.994992 },
					   { -0.188874,  0.981818, -0.018974 },
					   {  0.976901,  0.189825,  0.098137 } }
		},
		cameraprops =
		{
			fovh = 25,
			hvaspect = 1.85,
			nearplane = 0.2,
			farplane = 5000
		}
	},

	{
		entity_name = "Camera/TCI",
		type = CAMERA,
		template_name = "",
		lt_grp = 0, srt_grp = 0, usr_flg = 0,
		spatialprops =
		{
			pos = { 1.191933, 2.70586, 0.448618 },
			orient = { {  0.526932,  0.000000, -0.849908 },
					   { -0.721330,  0.528849, -0.447215 },
					   {  0.449473,  0.848716,  0.278668 } }
		},
		cameraprops =
		{
			fovh = 15,
			hvaspect = 1.85,
			nearplane = 0.2,
			farplane = 5000
		}
	},

	{
		entity_name = "Camera/PCS",
		type = CAMERA,
		template_name = "",
		lt_grp = 0, srt_grp = 0, usr_flg = 0,
		flags = HIDDEN,
		spatialprops =
		{
			pos = { 0.125497, 1.637064, 0.353281 },
			orient = { {  0.787900,  0.000000,  0.615803 },
					   {  0.049748,  0.996731, -0.063651 },
					   { -0.613790,  0.080786,  0.785325 } }
		},
		cameraprops =
		{
			fovh = 25,
			hvaspect = 1.85,
			nearplane = 0.2,
			farplane = 5000
		}
	},

	{
		entity_name = "Camera/ACU",
		type = CAMERA,
		template_name = "",
		lt_grp = 0, srt_grp = 0, usr_flg = 0,
		flags = HIDDEN,
		spatialprops =
		{
			pos = { 0.782185, 1.679503, -0.176024 },
			orient = { { -0.029163,  0.000000, -0.999575 },
					   { -0.067703,  0.997704,  0.001975 },
					   {  0.997279,  0.067732, -0.029096 } }
		},
		cameraprops =
		{
			fovh = 25,
			hvaspect = 1.85,
			nearplane = 0.2,
			farplane = 5000
		}
	},

	{
		entity_name = "Camera/PC2",
		type = CAMERA,
		template_name = "",
		lt_grp = 0, srt_grp = 0, usr_flg = 0,
		flags = HIDDEN,
		spatialprops =
		{
			pos = { 0.310087, 1.692124, 1.209946 },
			orient = { {  0.996866,  0.000000,  0.079112 },
					   {  0.014171,  0.983827, -0.178562 },
					   { -0.077833,  0.179123,  0.980743 } }
		},
		cameraprops =
		{
			fovh = 30,
			hvaspect = 1.85,
			nearplane = 0.2,
			farplane = 5000
		}
	},

	{
		entity_name = "Player_Character_P",
		type = DEFORMABLE,
		template_name = "trent",
		lt_grp = 0, srt_grp = 0, usr_flg = 0,
		flags = LIT_DYNAMIC,
		spatialprops =
		{
			pos = { 0.999186, 0, -0.472786 },
			orient = { { -0.406405,  0.000000, -0.913693 },
					   {  0.000000,  1.000000,  0.000000 },
					   {  0.913693,  0.000000, -0.406405 } }
		},
		compoundprops =
		{
			floor_height = 0
		},
		userprops =
		{
			actor = "player",
			category = "Character",
		}
	},

	{
		entity_name = "Offer_Character_A",
		type = DEFORMABLE,
		template_name = "king",
		lt_grp = 0, srt_grp = 0, usr_flg = 0,
		flags = LIT_DYNAMIC,
		spatialprops =
		{
			pos = { 0, 0, 0 },
			orient = { {  0.156777,  0.000000,  0.987634 },
					   {  0.000000,  1.000000,  0.000000 },
					   { -0.987634,  0.000000,  0.156777 } }
		},
		compoundprops =
		{
			floor_height = 0
		},
		userprops =
		{
			actor = "NPC",
			category = "Character",
		}
	},

	{
		entity_name = "Camera_PCU_Target_Mkr",
		type = MARKER,
		template_name = "",
		lt_grp = 0, srt_grp = 0, usr_flg = 0,
		spatialprops =
		{
			pos = { 1.312431, 0, -0.914825 },
			orient = { {  0.653660,  0.000000,  0.756789 },
					   {  0.030589,  0.999183, -0.026421 },
					   { -0.756170,  0.040420,  0.653126 } }
		}
	},

	{
		entity_name = "Camera_PCU_Chaser_Mkr",
		type = MARKER,
		template_name = "",
		lt_grp = 0, srt_grp = 0, usr_flg = 0,
		flags = HIDDEN,
		spatialprops =
		{
			pos = { 0.932103, 0, -0.586325 },
			orient = { {  0.629994,  0.000000,  0.776600 },
					   {  0.028320,  0.999335, -0.022974 },
					   { -0.776084,  0.036466,  0.629575 } }
		}
	},

	{
		entity_name = "Camera_ACU_Target_Mkr",
		type = MARKER,
		template_name = "",
		lt_grp = 0, srt_grp = 0, usr_flg = 0,
		spatialprops =
		{
			pos = { -0.410354, 0, -0.073144 },
			orient = { { -0.085950,  0.000000, -0.996299 },
					   { -0.071923,  0.997391,  0.006205 },
					   {  0.993700,  0.072190, -0.085726 } }
		}
	},

	{
		entity_name = "Special/P2",
		type = MARKER,
		template_name = "",
		lt_grp = 0, srt_grp = 0, usr_flg = 0,
		spatialprops =
		{
			pos = { 0.999186, 0, -0.472786 },
			orient = { { -0.406406,  0.000000, -0.913692 },
					   {  0.000000,  1.000000,  0.000000 },
					   {  0.913692,  0.000000, -0.406406 } }
		}
	},

	{
		entity_name = "Camera_ACU_Chaser_Mkr",
		type = MARKER,
		template_name = "",
		lt_grp = 0, srt_grp = 0, usr_flg = 0,
		flags = HIDDEN,
		spatialprops =
		{
			pos = { -0.161929, 0, -0.094576 },
			orient = { { -0.085950,  0.000000, -0.996299 },
					   { -0.071923,  0.997391,  0.006205 },
					   {  0.993700,  0.072190, -0.085726 } }
		}
	},

	{
		entity_name = "Camera_PCS_Target_Mkr",
		type = MARKER,
		template_name = "",
		lt_grp = 0, srt_grp = 0, usr_flg = 0,
		spatialprops =
		{
			pos = { 1.045496, 0, -0.823827 },
			orient = { {  0.787900,  0.000000,  0.615803 },
					   {  0.055103,  0.995989, -0.070502 },
					   { -0.613333,  0.089481,  0.784739 } }
		}
	},

	{
		entity_name = "Camera_PCS_Chaser_Mkr",
		type = MARKER,
		template_name = "",
		lt_grp = 0, srt_grp = 0, usr_flg = 0,
		flags = HIDDEN,
		spatialprops =
		{
			pos = { 0.783538, 0, -0.035016 },
			orient = { {  0.629994,  0.000000,  0.776600 },
					   {  0.028320,  0.999335, -0.022974 },
					   { -0.776084,  0.036466,  0.629575 } }
		}
	},

	{
		entity_name = "Camera_ACS_Target_Mkr",
		type = MARKER,
		template_name = "",
		lt_grp = 0, srt_grp = 0, usr_flg = 0,
		spatialprops =
		{
			pos = { -0.207114, 0, -0.3954 },
			orient = { {  0.787900,  0.000000,  0.615803 },
					   {  0.055103,  0.995989, -0.070502 },
					   { -0.613333,  0.089481,  0.784739 } }
		}
	},

	{
		entity_name = "Camera_ACS_Chaser_Mkr",
		type = MARKER,
		template_name = "",
		lt_grp = 0, srt_grp = 0, usr_flg = 0,
		flags = HIDDEN,
		spatialprops =
		{
			pos = { -0.161929, 0, -0.094576 },
			orient = { { -0.085950,  0.000000, -0.996299 },
					   { -0.071923,  0.997391,  0.006205 },
					   {  0.993700,  0.072190, -0.085726 } }
		}
	},

	{
		entity_name = "Camera_ACOH_Target_Mkr",
		type = MARKER,
		template_name = "",
		lt_grp = 0, srt_grp = 0, usr_flg = 0,
		spatialprops =
		{
			pos = { -0.207114, 0, -0.3954 },
			orient = { {  0.787900,  0.000000,  0.615803 },
					   {  0.055103,  0.995989, -0.070502 },
					   { -0.613333,  0.089481,  0.784739 } }
		}
	},

	{
		entity_name = "Camera_PCO_Target_Mkr",
		type = MARKER,
		template_name = "",
		lt_grp = 0, srt_grp = 0, usr_flg = 0,
		spatialprops =
		{
			pos = { 1.045496, 0, -0.823827 },
			orient = { {  0.787900,  0.000000,  0.615803 },
					   {  0.055103,  0.995989, -0.070502 },
					   { -0.613333,  0.089481,  0.784739 } }
		}
	},

	{
		entity_name = "Camera_ACOH_Chaser_Mkr",
		type = MARKER,
		template_name = "",
		lt_grp = 0, srt_grp = 0, usr_flg = 0,
		flags = HIDDEN,
		spatialprops =
		{
			pos = { -0.161929, 0, -0.094576 },
			orient = { { -0.085950,  0.000000, -0.996299 },
					   { -0.071923,  0.997391,  0.006205 },
					   {  0.993700,  0.072190, -0.085726 } }
		}
	},

	{
		entity_name = "Camera_PCO_Chaser_Mkr",
		type = MARKER,
		template_name = "",
		lt_grp = 0, srt_grp = 0, usr_flg = 0,
		flags = HIDDEN,
		spatialprops =
		{
			pos = { 0.783538, 0, -0.035016 },
			orient = { {  0.629994,  0.000000,  0.776600 },
					   {  0.028320,  0.999335, -0.022974 },
					   { -0.776084,  0.036466,  0.629575 } }
		}
	},

	{
		entity_name = "Camera_ACOH_Reset_Mkr",
		type = MARKER,
		template_name = "",
		lt_grp = 0, srt_grp = 0, usr_flg = 0,
		flags = HIDDEN,
		spatialprops =
		{
			pos = { -0.207114, 0, -0.3954 },
			orient = { {  0.787900,  0.000000,  0.615803 },
					   {  0.055103,  0.995989, -0.070502 },
					   { -0.613333,  0.089481,  0.784739 } }
		}
	},

	{
		entity_name = "Camera_ACS_Reset_Mkr",
		type = MARKER,
		template_name = "",
		lt_grp = 0, srt_grp = 0, usr_flg = 0,
		spatialprops =
		{
			pos = { -0.207114, 0, -0.3954 },
			orient = { {  0.787900,  0.000000,  0.615803 },
					   {  0.055103,  0.995989, -0.070502 },
					   { -0.613333,  0.089481,  0.784739 } }
		}
	},

	{
		entity_name = "Camera_ACU_Reset_Mkr",
		type = MARKER,
		template_name = "",
		lt_grp = 0, srt_grp = 0, usr_flg = 0,
		spatialprops =
		{
			pos = { -0.410354, 0, -0.073144 },
			orient = { { -0.085950,  0.000000, -0.996299 },
					   { -0.071923,  0.997391,  0.006205 },
					   {  0.993700,  0.072190, -0.085726 } }
		}
	},

	{
		entity_name = "Camera_PCO_Reset_Mkr",
		type = MARKER,
		template_name = "",
		lt_grp = 0, srt_grp = 0, usr_flg = 0,
		flags = HIDDEN,
		spatialprops =
		{
			pos = { 1.045496, 0, -0.823827 },
			orient = { {  0.787900,  0.000000,  0.615803 },
					   {  0.055103,  0.995989, -0.070502 },
					   { -0.613333,  0.089481,  0.784739 } }
		}
	},

	{
		entity_name = "Camera_PCS_Reset_Mkr",
		type = MARKER,
		template_name = "",
		lt_grp = 0, srt_grp = 0, usr_flg = 0,
		flags = HIDDEN,
		spatialprops =
		{
			pos = { 1.045496, 0, -0.823827 },
			orient = { {  0.787900,  0.000000,  0.615803 },
					   {  0.055103,  0.995989, -0.070502 },
					   { -0.613333,  0.089481,  0.784739 } }
		}
	},

	{
		entity_name = "Camera_PCU_Reset_Mkr",
		type = MARKER,
		template_name = "",
		lt_grp = 0, srt_grp = 0, usr_flg = 0,
		flags = HIDDEN,
		spatialprops =
		{
			pos = { 1.312431, 0, -0.914825 },
			orient = { {  0.653660,  0.000000,  0.756789 },
					   {  0.030589,  0.999183, -0.026421 },
					   { -0.756170,  0.040420,  0.653126 } }
		}
	}
};

events =
{
	{
		0.000, SET_CAMERA, { "Monitor_1", "Camera/AC2" }
	},

	{
		0.000, ATTACH_ENTITY, { "Offer_Character_A", "Special/A" },
		{
			duration = 23.000,
			offset = { 0, 0, 0 },
			up = Y_AXIS,
			front = NEG_Z_AXIS,
			target_part = "",
			target_type = ROOT,
			flags = POSITION + ORIENTATION
		}
	},

	{
		0.000, ATTACH_ENTITY, { "Player_Character_P", "Special/P2" },
		{
			duration = 0.100,
			offset = { 0, 0, 0 },
			up = Y_AXIS,
			front = NEG_Z_AXIS,
			target_part = "",
			target_type = ROOT,
			flags = POSITION + ORIENTATION
		}
	},

	{
		0.000, START_MOTION, { "Player_Character_P" },
		{
			animation = "Sc_MLBODY_STND_000LV_A_31",
			duration = 4.197,
			start_time = 0.800,
			time_scale = 1,
			weight = 1,
			heading = -1
		}
	},

	{
		0.000, START_MOTION, { "Offer_Character_A" },
		{
			animation = "Sc_MLBODY_STND_000LV_B_60",
			duration = 60.000,
			time_scale = 0.7,
			weight = 1,
			heading = -1,
			event_flags = 2
		}
	},

	{
		0.001, START_IK, { "Player_Character_P", "Offer_Character_A" },
		{
			duration = 24.499,
			end_effector = "Body_Head",
			count_to_root = 1,
			target_part = "Body_Head",
			target_type = PART,
			damping = 1,
			up = NEG_Y_AXIS,
			front = Z_AXIS,
			point_at = 1,
			move_to = 0,
			transition_duration = 0.300,
			event_flags = 128
		}
	},

	{
		0.001, ATTACH_ENTITY, { "Camera_PCU_Target_Mkr", "Camera/PCU" },
		{
			duration = 0.000,
			offset = { 0, 0, -0.8 },
			up = Y_AXIS,
			front = NEG_Z_AXIS,
			target_part = "",
			target_type = ROOT,
			flags = POSITION + ORIENTATION + ENTITY_RELATIVE
		}
	},

	{
		0.001, ATTACH_ENTITY, { "Camera_PCS_Target_Mkr", "Camera/PCS" },
		{
			duration = 0.000,
			offset = { 0, 0, -1.3 },
			up = Y_AXIS,
			front = NEG_Z_AXIS,
			target_part = "",
			target_type = ROOT,
			flags = POSITION + ORIENTATION + ENTITY_RELATIVE
		}
	},

	{
		0.001, ATTACH_ENTITY, { "Camera_ACU_Target_Mkr", "Camera/ACU" },
		{
			duration = 0.000,
			offset = { 0, 0, -0.8 },
			up = Y_AXIS,
			front = NEG_Z_AXIS,
			target_part = "",
			target_type = ROOT,
			flags = POSITION + ORIENTATION + ENTITY_RELATIVE
		}
	},

	{
		0.001, ATTACH_ENTITY, { "Camera_ACS_Target_Mkr", "Camera/ACS" },
		{
			duration = 0.000,
			offset = { 0, 0, -1.3 },
			up = Y_AXIS,
			front = NEG_Z_AXIS,
			target_part = "",
			target_type = ROOT,
			flags = POSITION + ORIENTATION + ENTITY_RELATIVE
		}
	},

	{
		0.001, ATTACH_ENTITY, { "Camera_ACOH_Target_Mkr", "Camera/ACOH" },
		{
			duration = 0.000,
			offset = { 0, 0, -1.7 },
			up = Y_AXIS,
			front = NEG_Z_AXIS,
			target_part = "",
			target_type = ROOT,
			flags = POSITION + ORIENTATION + ENTITY_RELATIVE
		}
	},

	{
		0.001, ATTACH_ENTITY, { "Camera_PCO_Target_Mkr", "Camera/PCO" },
		{
			duration = 0.000,
			offset = { 0, 0, -1.7 },
			up = Y_AXIS,
			front = NEG_Z_AXIS,
			target_part = "",
			target_type = ROOT,
			flags = POSITION + ORIENTATION + ENTITY_RELATIVE
		}
	},

	{
		0.001, ATTACH_ENTITY, { "Camera_ACOH_Reset_Mkr", "Camera/ACOH" },
		{
			duration = 0.000,
			offset = { 0, 0, -1.7 },
			up = Y_AXIS,
			front = NEG_Z_AXIS,
			target_part = "",
			target_type = ROOT,
			flags = POSITION + ORIENTATION + ENTITY_RELATIVE
		}
	},

	{
		0.001, ATTACH_ENTITY, { "Camera_ACS_Reset_Mkr", "Camera/ACS" },
		{
			duration = 0.000,
			offset = { 0, 0, -1.3 },
			up = Y_AXIS,
			front = NEG_Z_AXIS,
			target_part = "",
			target_type = ROOT,
			flags = POSITION + ORIENTATION + ENTITY_RELATIVE
		}
	},

	{
		0.001, ATTACH_ENTITY, { "Camera_ACU_Reset_Mkr", "Camera/ACU" },
		{
			duration = 0.000,
			offset = { 0, 0, -0.8 },
			up = Y_AXIS,
			front = NEG_Z_AXIS,
			target_part = "",
			target_type = ROOT,
			flags = POSITION + ORIENTATION + ENTITY_RELATIVE
		}
	},

	{
		0.001, ATTACH_ENTITY, { "Camera_PCO_Reset_Mkr", "Camera/PCO" },
		{
			duration = 0.000,
			offset = { 0, 0, -1.7 },
			up = Y_AXIS,
			front = NEG_Z_AXIS,
			target_part = "",
			target_type = ROOT,
			flags = POSITION + ORIENTATION + ENTITY_RELATIVE
		}
	},

	{
		0.001, ATTACH_ENTITY, { "Camera_PCS_Reset_Mkr", "Camera/PCS" },
		{
			duration = 0.000,
			offset = { 0, 0, -1.3 },
			up = Y_AXIS,
			front = NEG_Z_AXIS,
			target_part = "",
			target_type = ROOT,
			flags = POSITION + ORIENTATION + ENTITY_RELATIVE
		}
	},

	{
		0.001, ATTACH_ENTITY, { "Camera_PCU_Reset_Mkr", "Camera/PCU" },
		{
			duration = 0.000,
			offset = { 0, 0, -0.8 },
			up = Y_AXIS,
			front = NEG_Z_AXIS,
			target_part = "",
			target_type = ROOT,
			flags = POSITION + ORIENTATION + ENTITY_RELATIVE
		}
	},

	{
		0.001, START_IK, { "Offer_Character_A", "Player_Character_P" },
		{
			duration = 23.374,
			end_effector = "Body_Head",
			count_to_root = 1,
			target_part = "Body_Head",
			target_type = PART,
			damping = 1,
			up = NEG_Y_AXIS,
			front = Z_AXIS,
			point_at = 1,
			move_to = 0,
			transition_duration = 0.300,
			event_flags = 128
		}
	},

	{
		0.002, ATTACH_ENTITY, { "Camera_PCO_Target_Mkr", "Player_Character_P" },
		{
			duration = 100.000,
			offset = { 0.11, -0.01, 0.07 },
			up = Y_AXIS,
			front = NEG_Z_AXIS,
			target_part = "Root",
			target_type = PART,
			flags = POSITION + ORIENTATION + ENTITY_RELATIVE + PARENT_CHILD
		}
	},

	{
		0.002, ATTACH_ENTITY, { "Camera_ACS_Target_Mkr", "Offer_Character_A" },
		{
			duration = 100.000,
			offset = { 0.11, -0.01, 0.07 },
			up = Y_AXIS,
			front = NEG_Z_AXIS,
			target_part = "Root",
			target_type = ROOT,
			flags = POSITION + ORIENTATION + ENTITY_RELATIVE + PARENT_CHILD
		}
	},

	{
		0.002, ATTACH_ENTITY, { "Camera_PCS_Target_Mkr", "Player_Character_P" },
		{
			duration = 100.000,
			offset = { 0.11, -0.01, 0.07 },
			up = Y_AXIS,
			front = NEG_Z_AXIS,
			target_part = "Root",
			target_type = PART,
			flags = POSITION + ORIENTATION + ENTITY_RELATIVE + PARENT_CHILD
		}
	},

	{
		0.002, ATTACH_ENTITY, { "Camera_ACU_Target_Mkr", "Offer_Character_A" },
		{
			duration = 100.000,
			offset = { 0, 0, 0 },
			up = Y_AXIS,
			front = NEG_Z_AXIS,
			target_part = "Root",
			target_type = PART,
			flags = POSITION + ORIENTATION + ENTITY_RELATIVE + PARENT_CHILD
		}
	},

	{
		0.002, ATTACH_ENTITY, { "Camera_PCU_Target_Mkr", "Player_Character_P" },
		{
			duration = 100.000,
			offset = { 0.11, -0.01, 0.07 },
			up = Y_AXIS,
			front = NEG_Z_AXIS,
			target_part = "Root",
			target_type = PART,
			flags = POSITION + ORIENTATION + ENTITY_RELATIVE + PARENT_CHILD
		}
	},

	{
		0.002, ATTACH_ENTITY, { "Camera_ACOH_Target_Mkr", "Offer_Character_A" },
		{
			duration = 100.000,
			offset = { 0.11, -0.01, 0.07 },
			up = Y_AXIS,
			front = NEG_Z_AXIS,
			target_part = "Root",
			target_type = PART,
			flags = POSITION + ORIENTATION + ENTITY_RELATIVE + PARENT_CHILD
		}
	},

	{
		0.003, ATTACH_ENTITY, { "Camera_PCU_Chaser_Mkr", "Camera_PCU_Target_Mkr" },
		{
			duration = 0.000,
			offset = { 0, 0, 0 },
			up = Y_AXIS,
			front = NEG_Z_AXIS,
			target_part = "",
			target_type = ROOT,
			flags = POSITION + ORIENTATION
		}
	},

	{
		0.003, ATTACH_ENTITY, { "Camera_ACU_Chaser_Mkr", "Camera_ACU_Target_Mkr" },
		{
			duration = 0.000,
			offset = { 0, 0, 0 },
			up = Y_AXIS,
			front = NEG_Z_AXIS,
			target_part = "",
			target_type = ROOT,
			flags = POSITION + ORIENTATION
		}
	},

	{
		0.003, ATTACH_ENTITY, { "Camera_PCS_Chaser_Mkr", "Camera_PCS_Target_Mkr" },
		{
			duration = 0.000,
			offset = { 0, 0, 0 },
			up = Y_AXIS,
			front = NEG_Z_AXIS,
			target_part = "",
			target_type = ROOT,
			flags = POSITION + ORIENTATION
		}
	},

	{
		0.003, ATTACH_ENTITY, { "Camera_ACS_Chaser_Mkr", "Camera_ACS_Target_Mkr" },
		{
			duration = 0.000,
			offset = { 0, 0, 0 },
			up = Y_AXIS,
			front = NEG_Z_AXIS,
			target_part = "",
			target_type = ROOT,
			flags = POSITION + ORIENTATION
		}
	},

	{
		0.003, ATTACH_ENTITY, { "Camera_ACOH_Chaser_Mkr", "Camera_ACOH_Target_Mkr" },
		{
			duration = 0.000,
			offset = { 0, 0, 0 },
			up = Y_AXIS,
			front = NEG_Z_AXIS,
			target_part = "",
			target_type = ROOT,
			flags = POSITION + ORIENTATION
		}
	},

	{
		0.003, ATTACH_ENTITY, { "Camera_PCO_Chaser_Mkr", "Camera_PCO_Target_Mkr" },
		{
			duration = 0.000,
			offset = { 0, 0, 0 },
			up = Y_AXIS,
			front = NEG_Z_AXIS,
			target_part = "",
			target_type = ROOT,
			flags = POSITION + ORIENTATION
		}
	},

	{
		0.004, ATTACH_ENTITY, { "Camera/PCO", "Camera_PCO_Chaser_Mkr" },
		{
			duration = 100.000,
			offset = { 0, 0, 0 },
			up = Y_AXIS,
			front = NEG_Z_AXIS,
			target_part = "",
			target_type = ROOT,
			flags = LOOK_AT
		}
	},

	{
		0.004, ATTACH_ENTITY, { "Camera/ACOH", "Camera_ACOH_Chaser_Mkr" },
		{
			duration = 100.000,
			offset = { 0, 0, 0 },
			up = Y_AXIS,
			front = NEG_Z_AXIS,
			target_part = "",
			target_type = ROOT,
			flags = LOOK_AT
		}
	},

	{
		0.004, ATTACH_ENTITY, { "Camera/PCU", "Camera_PCU_Chaser_Mkr" },
		{
			duration = 100.000,
			offset = { 0, 0, 0 },
			up = Y_AXIS,
			front = NEG_Z_AXIS,
			target_part = "",
			target_type = ROOT,
			flags = LOOK_AT
		}
	},

	{
		0.004, ATTACH_ENTITY, { "Camera/ACU", "Camera_ACU_Chaser_Mkr" },
		{
			duration = 100.000,
			offset = { 0, 0, 0 },
			up = Y_AXIS,
			front = NEG_Z_AXIS,
			target_part = "",
			target_type = ROOT,
			flags = LOOK_AT
		}
	},

	{
		0.004, ATTACH_ENTITY, { "Camera/PCS", "Camera_PCS_Chaser_Mkr" },
		{
			duration = 100.000,
			offset = { 0, 0, 0 },
			up = Y_AXIS,
			front = NEG_Z_AXIS,
			target_part = "",
			target_type = ROOT,
			flags = LOOK_AT
		}
	},

	{
		0.004, ATTACH_ENTITY, { "Camera/ACS", "Camera_ACS_Chaser_Mkr" },
		{
			duration = 100.000,
			offset = { 0, 0, 0 },
			up = Y_AXIS,
			front = NEG_Z_AXIS,
			target_part = "",
			target_type = ROOT,
			flags = LOOK_AT
		}
	},

	{
		2.384, START_MOTION, { "Player_Character_P" },
		{
			animation = "Sc_MLBODY_STND_000LV_A_31",
			duration = 20.000,
			start_time = 1.000,
			trans_time = 1.000,
			time_scale = 0.7,
			weight = 1,
			heading = -1
		}
	},

	{
		3.030, SET_CAMERA, { "Monitor_1", "Camera/PC2" }
	},

	{
		5.000, START_SPATIAL_PROP_ANIM, { "Camera_ACOH_Chaser_Mkr", "Camera_ACOH_Target_Mkr" },
		{
			duration = 3.000,
			target_part = "",
			target_type = ROOT,
			spatialprops =
			{
				pos = { -0.089009, 1.432303, -0.342998 }
			}
		}
	},

	{
		5.000, ATTACH_ENTITY, { "Camera_ACOH_Chaser_Mkr", "Camera_ACOH_Target_Mkr" },
		{
			duration = 0.000,
			offset = { 0, 0, 0 },
			up = Y_AXIS,
			front = NEG_Z_AXIS,
			target_part = "",
			target_type = ROOT,
			flags = POSITION + ORIENTATION
		}
	},

	{
		5.031, SET_CAMERA, { "Monitor_1", "Camera/ACOH" }
	},

	{
		6.989, ATTACH_ENTITY, { "Camera_PCO_Chaser_Mkr", "Camera_PCO_Target_Mkr" },
		{
			duration = 0.000,
			offset = { 0, 0, 0 },
			up = Y_AXIS,
			front = NEG_Z_AXIS,
			target_part = "",
			target_type = ROOT,
			flags = POSITION
		}
	},

	{
		6.989, START_SPATIAL_PROP_ANIM, { "Camera_PCO_Chaser_Mkr", "Camera_PCO_Target_Mkr" },
		{
			duration = 3.000,
			target_part = "",
			target_type = ROOT,
			spatialprops =
			{
				pos = { 0.654522, 1.404938, -0.872058 }
			}
		}
	},

	{
		7.031, SET_CAMERA, { "Monitor_1", "Camera/PCO" }
	},

	{
		8.989, ATTACH_ENTITY, { "Camera_ACS_Chaser_Mkr", "Camera_ACS_Target_Mkr" },
		{
			duration = 0.000,
			offset = { 0, 0, 0 },
			up = Y_AXIS,
			front = NEG_Z_AXIS,
			target_part = "",
			target_type = ROOT,
			flags = POSITION + ORIENTATION
		}
	},

	{
		8.989, START_SPATIAL_PROP_ANIM, { "Camera_ACS_Chaser_Mkr", "Camera_ACS_Target_Mkr" },
		{
			duration = 3.000,
			target_part = "",
			target_type = ROOT,
			spatialprops =
			{
				pos = { -0.027448, 1.523813, -0.233889 }
			}
		}
	},

	{
		8.989, START_SPATIAL_PROP_ANIM, { "Camera_ACS_Chaser_Mkr", "Camera_ACS_Target_Mkr" },
		{
			duration = 3.000,
			target_part = "",
			target_type = ROOT,
			spatialprops =
			{
				pos = { -0.027448, 1.523813, -0.233889 }
			}
		}
	},

	{
		9.031, SET_CAMERA, { "Monitor_1", "Camera/ACS" }
	},

	{
		11.000, START_SPATIAL_PROP_ANIM, { "Camera_PCS_Chaser_Mkr", "Camera_PCS_Target_Mkr" },
		{
			duration = 3.000,
			target_part = "",
			target_type = ROOT,
			spatialprops =
			{
				pos = { 0.848325, 1.530829, -0.658308 }
			}
		}
	},

	{
		11.000, START_SPATIAL_PROP_ANIM, { "Camera_PCS_Chaser_Mkr", "Camera_PCS_Target_Mkr" },
		{
			duration = 3.000,
			target_part = "",
			target_type = ROOT,
			spatialprops =
			{
				pos = { 0.848325, 1.530829, -0.658308 }
			}
		}
	},

	{
		11.000, ATTACH_ENTITY, { "Camera_PCS_Chaser_Mkr", "Camera_PCS_Target_Mkr" },
		{
			duration = 0.000,
			offset = { 0, 0, 0 },
			up = Y_AXIS,
			front = NEG_Z_AXIS,
			target_part = "",
			target_type = ROOT,
			flags = POSITION
		}
	},

	{
		11.031, SET_CAMERA, { "Monitor_1", "Camera/PCS" }
	},

	{
		13.020, START_SPATIAL_PROP_ANIM, { "Camera_ACU_Chaser_Mkr", "Camera_ACU_Target_Mkr" },
		{
			duration = 3.000,
			target_part = "",
			target_type = ROOT,
			spatialprops =
			{
				pos = { -0.015638, 1.620951, -0.152747 }
			}
		}
	},

	{
		13.020, START_SPATIAL_PROP_ANIM, { "Camera_ACU_Chaser_Mkr", "Camera_ACU_Target_Mkr" },
		{
			duration = 3.000,
			target_part = "",
			target_type = ROOT,
			spatialprops =
			{
				pos = { -0.015638, 1.620951, -0.152747 }
			}
		}
	},

	{
		13.020, ATTACH_ENTITY, { "Camera_ACU_Chaser_Mkr", "Camera_ACU_Target_Mkr" },
		{
			duration = 0.000,
			offset = { 0, 0, 0 },
			up = Y_AXIS,
			front = NEG_Z_AXIS,
			target_part = "",
			target_type = ROOT,
			flags = POSITION + ORIENTATION
		}
	},

	{
		13.031, SET_CAMERA, { "Monitor_1", "Camera/ACU" }
	},

	{
		14.656, START_SPATIAL_PROP_ANIM, { "Camera_PCU_Chaser_Mkr", "Camera_PCU_Target_Mkr" },
		{
			duration = 3.000,
			target_part = "",
			target_type = ROOT,
			spatialprops =
			{
				pos = { 0.903482, 1.628158, -0.698084 }
			}
		}
	},

	{
		14.656, START_SPATIAL_PROP_ANIM, { "Camera_PCU_Chaser_Mkr", "Camera_PCU_Target_Mkr" },
		{
			duration = 3.000,
			target_part = "",
			target_type = ROOT,
			spatialprops =
			{
				pos = { 0.903482, 1.628158, -0.698084 }
			}
		}
	},

	{
		14.656, ATTACH_ENTITY, { "Camera_PCU_Chaser_Mkr", "Camera_PCU_Target_Mkr" },
		{
			duration = 0.000,
			offset = { 0, 0, 0 },
			up = Y_AXIS,
			front = NEG_Z_AXIS,
			target_part = "",
			target_type = ROOT,
			flags = POSITION
		}
	},

	{
		14.758, START_MOTION, { "Player_Character_P" },
		{
			animation = "Sc_MLBODY_STND_000LV_A_31",
			duration = 43.700,
			start_time = 19.000,
			trans_time = 1.000,
			time_scale = 1,
			weight = 1,
			heading = -1
		}
	},

	{
		15.031, SET_CAMERA, { "Monitor_1", "Camera/PCU" }
	},

	{
		17.031, SET_CAMERA, { "Monitor_1", "Camera/TCI" }
	},

	{
		19.031, SET_CAMERA, { "Monitor_1", "Camera/WFC" }
	}
};
