duration = 79.438;

entities =
{

	{
		entity_name = "Layer_Story_s019a_offer_syd_li_01_City_01",
		type = SCENE,
		template_name = "",
		lt_grp = 0, srt_grp = 0, usr_flg = 0,
		spatialprops =
		{
			pos = { 0, 0, 0 },
			orient = { { 1, 0, 0 }, { 0, 1, 0 }, { 0, 0, 1 } }
		},
		up = Y_AXIS,
		front = Z_AXIS,
		ambient = { 128, 128, 128 },
		userprops =
		{
			TextStart = "0.75000",
			TextString = "259608.00000",
		}
	},

	{
		entity_name = "Char_juni",
		type = DEFORMABLE,
		template_name = "juni",
		lt_grp = 0, srt_grp = 0, usr_flg = 0,
		flags = LIT_DYNAMIC,
		spatialprops =
		{
			pos = { 39.68896, 0, -45.88256 },
			orient = { { -0.966542,  0.000000, -0.256507 },
					   {  0.000000,  1.000000,  0.000000 },
					   {  0.256507,  0.000000, -0.966542 } }
		},
		compoundprops =
		{
			floor_height = 0
		},
		userprops =
		{
			actor = "juni",
			category = "Character",
		}
	},

	{
		entity_name = "Char_trent",
		type = DEFORMABLE,
		template_name = "trent",
		lt_grp = 0, srt_grp = 0, usr_flg = 0,
		flags = LIT_DYNAMIC,
		spatialprops =
		{
			pos = { 66.36596, 0, -57.57541 },
			orient = { { -0.658798,  0.000000, -0.752320 },
					   {  0.000000,  1.000000,  0.000000 },
					   {  0.752320,  0.000000, -0.658798 } }
		},
		compoundprops =
		{
			floor_height = 0
		},
		userprops =
		{
			actor = "player",
			category = "Character",
		}
	},

	{
		entity_name = "Camera_Animatics2",
		type = CAMERA,
		template_name = "",
		lt_grp = 0, srt_grp = 0, usr_flg = 0,
		spatialprops =
		{
			pos = { 57.56767, 0.970399, -54.01352 },
			orient = { {  0.947476,  0.000000,  0.319828 },
					   {  0.006782,  0.999775, -0.020093 },
					   { -0.319756,  0.021207,  0.947263 } }
		},
		cameraprops =
		{
			fovh = 25,
			hvaspect = 1.85,
			nearplane = 0.4,
			farplane = 7000
		}
	},

	{
		entity_name = "cam_Monitor_2",
		type = MONITOR,
		template_name = "",
		lt_grp = 0, srt_grp = 0, usr_flg = 0,
		userprops =
		{
			Priority = "Monitor_Moving_1",
		}
	},

	{
		entity_name = "Camera_Juni_Watch_Land_Ref",
		type = CAMERA,
		template_name = "",
		lt_grp = 0, srt_grp = 0, usr_flg = 0,
		spatialprops =
		{
			pos = { 66.67466, 1.267962, -43.6308 },
			orient = { { -0.428145,  0.000000,  0.903710 },
					   { -0.073064,  0.996726, -0.034615 },
					   { -0.900752, -0.080849, -0.426744 } }
		},
		cameraprops =
		{
			fovh = 20,
			hvaspect = 1.85,
			nearplane = 0.4,
			farplane = 7000
		}
	},

	{
		entity_name = "Marker_Trent",
		type = MARKER,
		template_name = "",
		lt_grp = 0, srt_grp = 0, usr_flg = 0,
		spatialprops =
		{
			pos = { 56.71141, 0.9691, -61.60234 },
			orient = { { -0.137684,  0.000000,  0.990476 },
					   {  0.000000,  1.000000,  0.000000 },
					   { -0.990476,  0.000000, -0.137684 } }
		}
	},

	{
		entity_name = "char_juni_mrk_Juni_start",
		type = MARKER,
		template_name = "",
		lt_grp = 0, srt_grp = 0, usr_flg = 0,
		spatialprops =
		{
			pos = { 72.40179, 0.9601, -53.23202 },
			orient = { {  0.864488,  0.000000,  0.502653 },
					   {  0.000000,  1.000000,  0.000000 },
					   { -0.502653,  0.000000,  0.864488 } }
		}
	},

	{
		entity_name = "Marker_Juni_2",
		type = MARKER,
		template_name = "",
		lt_grp = 0, srt_grp = 0, usr_flg = 0,
		spatialprops =
		{
			pos = { 38.22185, 0.960122, -45.68586 },
			orient = { { -0.977861,  0.000000,  0.209255 },
					   {  0.000000,  1.000000,  0.000000 },
					   { -0.209255,  0.000000, -0.977861 } }
		}
	},

	{
		entity_name = "char_trent_Marker_Trent_2",
		type = MARKER,
		template_name = "",
		lt_grp = 0, srt_grp = 0, usr_flg = 0,
		spatialprops =
		{
			pos = { 63.87297, 0.9759, -55.27349 },
			orient = { { -0.512972,  0.000000,  0.858405 },
					   {  0.000000,  1.000000,  0.000000 },
					   { -0.858405,  0.000000, -0.512972 } }
		}
	},

	{
		entity_name = "Marker_Juni_3",
		type = MARKER,
		template_name = "",
		lt_grp = 0, srt_grp = 0, usr_flg = 0,
		spatialprops =
		{
			pos = { 38.22185, 0.960122, -45.68586 },
			orient = { { -0.304374,  0.000000,  0.952553 },
					   {  0.000000,  1.000000,  0.000000 },
					   { -0.952553,  0.000000, -0.304374 } }
		}
	},

	{
		entity_name = "Marker_Trent_3",
		type = MARKER,
		template_name = "",
		lt_grp = 0, srt_grp = 0, usr_flg = 0,
		spatialprops =
		{
			pos = { 39.50012, 0.969072, -45.63357 },
			orient = { { -0.103624,  0.000000, -0.994617 },
					   {  0.000000,  1.000000,  0.000000 },
					   {  0.994617,  0.000000, -0.103624 } }
		}
	},

	{
		entity_name = "Marker_Trent_1",
		type = MARKER,
		template_name = "",
		lt_grp = 0, srt_grp = 0, usr_flg = 0,
		spatialprops =
		{
			pos = { 40.51773, 0.969072, -45.48173 },
			orient = { {  0.494701,  0.000000, -0.869063 },
					   {  0.000000,  1.000000,  0.000000 },
					   {  0.869063,  0.000000,  0.494701 } }
		}
	},

	{
		entity_name = "Juni_Ship",
		type = COMPOUND,
		template_name = "rtcprop_juni_elite",
		lt_grp = 3, srt_grp = 0, usr_flg = 0,
		flags = LIT_DYNAMIC,
		spatialprops =
		{
			pos = { 78.56089, 4.048489, -52.61323 },
			orient = { {  0.992402, -0.010117, -0.122623 },
					   { -0.007409,  0.989891, -0.141634 },
					   {  0.122816,  0.141466,  0.982295 } }
		},
		userprops =
		{
			category = "Spaceship",
			Loadout = "MSN04_Juni",
		}
	},

	{
		entity_name = "PlayerShip_1",
		type = COMPOUND,
		template_name = "PlayerShip",
		lt_grp = 3, srt_grp = 0, usr_flg = 0,
		flags = LIT_DYNAMIC,
		spatialprops =
		{
			pos = { 22.67637, 54.34015, -127.9606 },
			orient = { { -0.987940,  0.000000,  0.154836 },
					   {  0.000000,  1.000000,  0.000000 },
					   { -0.154836,  0.000000, -0.987940 } }
		},
		userprops =
		{
			category = "Spaceship",
		}
	},

	{
		entity_name = "Marker_PlayerShip",
		type = MARKER,
		template_name = "",
		lt_grp = 0, srt_grp = 0, usr_flg = 0,
		spatialprops =
		{
			pos = { 58.26102, 0, -75.4652 },
			orient = { {  0.997507,  0.000000, -0.070573 },
					   {  0.000000,  1.000000,  0.000000 },
					   {  0.070573,  0.000000,  0.997507 } }
		}
	},

	{
		entity_name = "Marker_Juni_Head",
		type = MARKER,
		template_name = "",
		lt_grp = 0, srt_grp = 0, usr_flg = 0,
		spatialprops =
		{
			pos = { 57.75872, 1.50386, -60.72695 },
			orient = { {  0.832711,  0.000000, -0.553707 },
					   {  0.000000,  1.000000,  0.000000 },
					   {  0.553707,  0.000000,  0.832711 } }
		}
	},

	{
		entity_name = "Camera_Animatics3",
		type = CAMERA,
		template_name = "",
		lt_grp = 0, srt_grp = 0, usr_flg = 0,
		spatialprops =
		{
			pos = { 61.79148, 0.621389, -55.23115 },
			orient = { {  0.999310,  0.000000,  0.037147 },
					   { -0.003436,  0.995714,  0.092424 },
					   { -0.036987, -0.092487,  0.995027 } }
		},
		cameraprops =
		{
			fovh = 25,
			hvaspect = 1.85,
			nearplane = 0.4,
			farplane = 7000
		}
	},

	{
		entity_name = "Marker_Trent_Run_To_Juni",
		type = MARKER,
		template_name = "",
		lt_grp = 0, srt_grp = 0, usr_flg = 0,
		spatialprops =
		{
			pos = { 55.7839, 0.957716, -60.61977 },
			orient = { {  0.138709,  0.000000,  0.990333 },
					   {  0.000000,  1.000000,  0.000000 },
					   { -0.990333,  0.000000,  0.138709 } }
		}
	},

	{
		entity_name = "Marker_Scene_Core",
		type = MARKER,
		template_name = "",
		lt_grp = 0, srt_grp = 0, usr_flg = 0,
		spatialprops =
		{
			pos = { 8.158617, 0, 3.362823 },
			orient = { { 1, 0, 0 }, { 0, 1, 0 }, { 0, 0, 1 } }
		}
	},

	{
		entity_name = "Path_3",
		type = MOTION_PATH,
		template_name = "",
		lt_grp = 0, srt_grp = 0, usr_flg = 0,
		spatialprops =
		{
			pos = { 0, 0, 0 },
			orient = { { 1, 0, 0 }, { 0, 1, 0 }, { 0, 0, 1 } }
		},
		pathprops =
		{
			path_type = "CV_CROrientationSplinePath",
			path_data = "OPEN,{22.676367,54.340145,-127.960632}, {-0.077652,0.000000,0.996981,0.000000}, {36.850544,21.830000,-83.924507}, {-0.206485,0.000000,0.978450,0.000000}, {46.687939,13.542151,-72.788239}, {-0.314147,0.000000,0.949374,0.000000}, {57.198235,0.015990,-64.136986}, {-0.077652,0.000000,0.996980,0.000000}, "
		}
	},

	{
		entity_name = "Marker_Ship_Land",
		type = MARKER,
		template_name = "",
		lt_grp = 0, srt_grp = 0, usr_flg = 0,
		spatialprops =
		{
			pos = { 27.72459, 32.30669, -95.75013 },
			orient = { { -0.987940,  0.000000,  0.154836 },
					   {  0.000000,  1.000000,  0.000000 },
					   { -0.154836,  0.000000, -0.987940 } }
		}
	},

	{
		entity_name = "Cam_01_Juni_Watch_Land",
		type = CAMERA,
		template_name = "",
		lt_grp = 0, srt_grp = 0, usr_flg = 0,
		spatialprops =
		{
			pos = { 66.85935, 3.194469, -51.07117 },
			orient = { {  0.492263,  0.000000,  0.870446 },
					   { -0.088074,  0.994868,  0.049809 },
					   { -0.865979, -0.101183,  0.489737 } }
		},
		cameraprops =
		{
			fovh = 25,
			hvaspect = 1.85,
			nearplane = 0.4,
			farplane = 7000
		}
	},

	{
		entity_name = "Camera_Juni_Watch_Land_OTS",
		type = CAMERA,
		template_name = "",
		lt_grp = 0, srt_grp = 0, usr_flg = 0,
		spatialprops =
		{
			pos = { 65.89581, 3.194704, -48.74517 },
			orient = { {  0.956735,  0.000000, -0.290960 },
					   {  0.065623,  0.974234,  0.215783 },
					   {  0.283463, -0.225541,  0.932084 } }
		},
		cameraprops =
		{
			fovh = 30,
			hvaspect = 1.85,
			nearplane = 0.4,
			farplane = 7000
		}
	},

	{
		entity_name = "Cam_02_Trent_Ship_Land",
		type = CAMERA,
		template_name = "",
		lt_grp = 0, srt_grp = 0, usr_flg = 0,
		spatialprops =
		{
			pos = { 73.12971, 1.183975, -52.54328 },
			orient = { {  0.660980,  0.000000, -0.750403 },
					   {  0.281163,  0.927153,  0.247658 },
					   {  0.695739, -0.374682,  0.612830 } }
		},
		cameraprops =
		{
			fovh = 20,
			hvaspect = 1.85,
			nearplane = 0.4,
			farplane = 7000
		}
	},

	{
		entity_name = "Cam_02_Trent_Ship_Land_END",
		type = CAMERA,
		template_name = "",
		lt_grp = 0, srt_grp = 0, usr_flg = 0,
		spatialprops =
		{
			pos = { 73.18573, 1.243648, -52.57038 },
			orient = { {  0.524903,  0.000000, -0.851162 },
					   {  0.202108,  0.971400,  0.124638 },
					   {  0.826819, -0.237449,  0.509891 } }
		},
		cameraprops =
		{
			fovh = 20,
			hvaspect = 1.85,
			nearplane = 0.4,
			farplane = 7000
		}
	},

	{
		entity_name = "Camera_Juni_Watch_Land_OTS_Ref",
		type = CAMERA,
		template_name = "",
		lt_grp = 0, srt_grp = 0, usr_flg = 0,
		spatialprops =
		{
			pos = { 68.12678, 0.934182, -41.94116 },
			orient = { {  0.886461,  0.000000, -0.462802 },
					   {  0.234914,  0.861598,  0.449960 },
					   {  0.398750, -0.507591,  0.763774 } }
		},
		cameraprops =
		{
			fovh = 30,
			hvaspect = 1.85,
			nearplane = 0.4,
			farplane = 7000
		}
	},

	{
		entity_name = "Cam_01_Juni_Watch_Land_END",
		type = CAMERA,
		template_name = "",
		lt_grp = 0, srt_grp = 0, usr_flg = 0,
		spatialprops =
		{
			pos = { 68.72426, 0.663728, -52.27077 },
			orient = { {  0.324959,  0.000000,  0.945728 },
					   { -0.083217,  0.996121,  0.028594 },
					   { -0.942060, -0.087993,  0.323699 } }
		},
		cameraprops =
		{
			fovh = 25,
			hvaspect = 1.85,
			nearplane = 0.4,
			farplane = 7000
		}
	},

	{
		entity_name = "Cam_03_Trent_Juni_Approach",
		type = CAMERA,
		template_name = "",
		lt_grp = 0, srt_grp = 0, usr_flg = 0,
		spatialprops =
		{
			pos = { 69.03393, 1.511822, -52.33777 },
			orient = { {  0.604379,  0.000000, -0.796697 },
					   { -0.045961,  0.998335, -0.034866 },
					   {  0.795370,  0.057690,  0.603373 } }
		},
		cameraprops =
		{
			fovh = 15,
			hvaspect = 1.85,
			nearplane = 0.4,
			farplane = 7000
		}
	},

	{
		entity_name = "Cam_03_Trent_Juni_Approach_END",
		type = CAMERA,
		template_name = "",
		lt_grp = 0, srt_grp = 0, usr_flg = 0,
		spatialprops =
		{
			pos = { 63.78757, 1.635014, -57.78973 },
			orient = { { -0.340624,  0.000000,  0.940200 },
					   {  0.083811,  0.996019,  0.030364 },
					   { -0.936457,  0.089142, -0.339268 } }
		},
		cameraprops =
		{
			fovh = 20,
			hvaspect = 1.85,
			nearplane = 0.4,
			farplane = 7000
		}
	},

	{
		entity_name = "Cam_06_ACS_Trent_Juni_Leaving",
		type = CAMERA,
		template_name = "",
		lt_grp = 0, srt_grp = 0, usr_flg = 0,
		spatialprops =
		{
			pos = { 65.94287, 1.612719, -57.50109 },
			orient = { {  0.723808,  0.000000,  0.690002 },
					   {  0.055875,  0.996716, -0.058613 },
					   { -0.687736,  0.080978,  0.721431 } }
		},
		cameraprops =
		{
			fovh = 25,
			hvaspect = 1.85,
			nearplane = 0.4,
			farplane = 7000
		}
	},

	{
		entity_name = "Camera_ACOH_Trent_Juni_Leaving_(REF)",
		type = CAMERA,
		template_name = "",
		lt_grp = 0, srt_grp = 0, usr_flg = 0,
		spatialprops =
		{
			pos = { 66.80638, 1.797114, -56.27766 },
			orient = { {  0.762309,  0.000000,  0.647214 },
					   {  0.138658,  0.976781, -0.163316 },
					   { -0.632186,  0.214239,  0.744609 } }
		},
		cameraprops =
		{
			fovh = 20,
			hvaspect = 1.85,
			nearplane = 0.4,
			farplane = 7000
		}
	},

	{
		entity_name = "Camera_ACOH_Juni_Trent",
		type = CAMERA,
		template_name = "",
		lt_grp = 0, srt_grp = 0, usr_flg = 0,
		spatialprops =
		{
			pos = { 68.73234, 1.726569, -56.79768 },
			orient = { {  0.103141,  0.000000,  0.994667 },
					   {  0.161723,  0.986694, -0.016770 },
					   { -0.981431,  0.162591,  0.101769 } }
		},
		cameraprops =
		{
			fovh = 20,
			hvaspect = 1.85,
			nearplane = 0.4,
			farplane = 7000
		}
	},

	{
		entity_name = "Cam_11_Who_transfer",
		type = CAMERA,
		template_name = "",
		lt_grp = 0, srt_grp = 0, usr_flg = 0,
		spatialprops =
		{
			pos = { 68.05058, 1.508624, -57.83619 },
			orient = { {  0.314638,  0.000000, -0.949212 },
					   {  0.028254,  0.999557,  0.009365 },
					   {  0.948791, -0.029765,  0.314499 } }
		},
		cameraprops =
		{
			fovh = 17,
			hvaspect = 1.85,
			nearplane = 0.5,
			farplane = 7000
		}
	},

	{
		entity_name = "Cam_10_ACOH_He_Gone",
		type = CAMERA,
		template_name = "",
		lt_grp = 0, srt_grp = 0, usr_flg = 0,
		spatialprops =
		{
			pos = { 65.58999, 1.820393, -57.72478 },
			orient = { {  0.378413,  0.000000,  0.925637 },
					   {  0.139131,  0.988639, -0.056879 },
					   { -0.915121,  0.150308,  0.374114 } }
		},
		cameraprops =
		{
			fovh = 15,
			hvaspect = 1.85,
			nearplane = 0.4,
			farplane = 7000
		}
	},

	{
		entity_name = "Camera_ACOH_Trent_Juni_(Ref)",
		type = CAMERA,
		template_name = "",
		lt_grp = 0, srt_grp = 0, usr_flg = 0,
		spatialprops =
		{
			pos = { 68.02772, 1.608156, -55.956 },
			orient = { {  0.434387,  0.000000,  0.900726 },
					   {  0.122503,  0.990708, -0.059079 },
					   { -0.892357,  0.136005,  0.430351 } }
		},
		cameraprops =
		{
			fovh = 20,
			hvaspect = 1.85,
			nearplane = 0.4,
			farplane = 7000
		}
	},

	{
		entity_name = "Camera_ACS_Juni_Trent",
		type = CAMERA,
		template_name = "",
		lt_grp = 0, srt_grp = 0, usr_flg = 0,
		spatialprops =
		{
			pos = { 68.20523, 1.603339, -57.15331 },
			orient = { { -0.106835,  0.000000, -0.994277 },
					   {  0.041384,  0.999133, -0.004447 },
					   {  0.993415, -0.041622, -0.106743 } }
		},
		cameraprops =
		{
			fovh = 17,
			hvaspect = 1.85,
			nearplane = 0.7,
			farplane = 7000
		}
	},

	{
		entity_name = "Cam_13_ACOH_Juni_Trent_Frust_END",
		type = CAMERA,
		template_name = "",
		lt_grp = 0, srt_grp = 0, usr_flg = 0,
		spatialprops =
		{
			pos = { 70.18578, 1.408087, -55.19477 },
			orient = { {  0.783500,  0.000000, -0.621392 },
					   {  0.029679,  0.998859,  0.037421 },
					   {  0.620683, -0.047762,  0.782606 } }
		},
		cameraprops =
		{
			fovh = 20,
			hvaspect = 1.85,
			nearplane = 0.4,
			farplane = 7000
		}
	},

	{
		entity_name = "Cam_15_Frust_END",
		type = CAMERA,
		template_name = "",
		lt_grp = 0, srt_grp = 0, usr_flg = 0,
		spatialprops =
		{
			pos = { 67.36909, 1.548712, -57.04403 },
			orient = { {  0.854791,  0.000000, -0.518973 },
					   { -0.006812,  0.999914, -0.011219 },
					   {  0.518928,  0.013125,  0.854717 } }
		},
		cameraprops =
		{
			fovh = 25,
			hvaspect = 1.85,
			nearplane = 0.4,
			farplane = 7000
		}
	},

	{
		entity_name = "Cam_15_Frust_END_03",
		type = CAMERA,
		template_name = "",
		lt_grp = 0, srt_grp = 0, usr_flg = 0,
		spatialprops =
		{
			pos = { 67.71933, 1.528808, -56.64894 },
			orient = { {  0.872390,  0.000000, -0.488811 },
					   { -0.004295,  0.999961, -0.007665 },
					   {  0.488792,  0.008786,  0.872356 } }
		},
		cameraprops =
		{
			fovh = 25,
			hvaspect = 1.85,
			nearplane = 0.4,
			farplane = 7000
		}
	},

	{
		entity_name = "Camera_ACOH_Juni_Trent_Walker",
		type = CAMERA,
		template_name = "",
		lt_grp = 0, srt_grp = 0, usr_flg = 0,
		spatialprops =
		{
			pos = { 68.40108, 1.561356, -56.90232 },
			orient = { {  0.175305,  0.000000, -0.984514 },
					   {  0.062939,  0.997954,  0.011207 },
					   {  0.982500, -0.063929,  0.174946 } }
		},
		cameraprops =
		{
			fovh = 15,
			hvaspect = 1.85,
			nearplane = 0.4,
			farplane = 7000
		}
	},

	{
		entity_name = "Cam_15_Frust_END_02",
		type = CAMERA,
		template_name = "",
		lt_grp = 0, srt_grp = 0, usr_flg = 0,
		spatialprops =
		{
			pos = { 69.84149, 1.566867, -52.8566 },
			orient = { {  0.991703,  0.000000,  0.128553 },
					   {  0.011931,  0.995684, -0.092037 },
					   { -0.127998,  0.092807,  0.987423 } }
		},
		cameraprops =
		{
			fovh = 20,
			hvaspect = 1.85,
			nearplane = 0.4,
			farplane = 7000
		}
	},

	{
		entity_name = "Camera_ACS_Trent_Juni_(Walker)",
		type = CAMERA,
		template_name = "",
		lt_grp = 0, srt_grp = 0, usr_flg = 0,
		spatialprops =
		{
			pos = { 70.02106, 1.442135, -54.49533 },
			orient = { {  0.999934,  0.000000,  0.011498 },
					   { -0.000090,  0.999969,  0.007812 },
					   { -0.011497, -0.007812,  0.999903 } }
		},
		cameraprops =
		{
			fovh = 20,
			hvaspect = 1.85,
			nearplane = 0.4,
			farplane = 7000
		}
	},

	{
		entity_name = "Camera_ACS_Trent_Juni_(Walker)_(02)",
		type = CAMERA,
		template_name = "",
		lt_grp = 0, srt_grp = 0, usr_flg = 0,
		spatialprops =
		{
			pos = { 72.93169, 0.839553, -50.14872 },
			orient = { {  0.919725,  0.000000, -0.392562 },
					   { -0.000558,  0.999999, -0.001308 },
					   {  0.392562,  0.001422,  0.919725 } }
		},
		cameraprops =
		{
			fovh = 20,
			hvaspect = 1.85,
			nearplane = 0.4,
			farplane = 7000
		}
	},

	{
		entity_name = "Camera_ACS_Trent_Juni_(Walker)_(02)_(Ref)",
		type = CAMERA,
		template_name = "",
		lt_grp = 0, srt_grp = 0, usr_flg = 0,
		spatialprops =
		{
			pos = { 72.39713, 1.251979, -51.40729 },
			orient = { {  0.988055,  0.000000, -0.154103 },
					   {  0.002479,  0.999871,  0.015892 },
					   {  0.154083, -0.016084,  0.987927 } }
		},
		cameraprops =
		{
			fovh = 20,
			hvaspect = 1.85,
			nearplane = 0.4,
			farplane = 7000
		}
	},

	{
		entity_name = "Cam_16_Five_Years",
		type = CAMERA,
		template_name = "",
		lt_grp = 0, srt_grp = 0, usr_flg = 0,
		spatialprops =
		{
			pos = { 68.28816, 1.467407, -56.13269 },
			orient = { {  0.394986,  0.000000,  0.918687 },
					   { -0.029807,  0.999474,  0.012815 },
					   { -0.918203, -0.032445,  0.394778 } }
		},
		cameraprops =
		{
			fovh = 20,
			hvaspect = 1.85,
			nearplane = 0.4,
			farplane = 7000
		}
	},

	{
		entity_name = "Camera_ACS_Juni_Trent_(Walker)_(People)",
		type = CAMERA,
		template_name = "",
		lt_grp = 0, srt_grp = 0, usr_flg = 0,
		spatialprops =
		{
			pos = { 69.8335, 1.735846, -54.32346 },
			orient = { { -0.131155,  0.000000,  0.991362 },
					   {  0.186619,  0.982122,  0.024689 },
					   { -0.973638,  0.188246, -0.128811 } }
		},
		cameraprops =
		{
			fovh = 20,
			hvaspect = 1.85,
			nearplane = 0.4,
			farplane = 7000
		}
	},

	{
		entity_name = "Camera_ACS_Trent_Juni_(Walker)_(WithME)",
		type = CAMERA,
		template_name = "",
		lt_grp = 0, srt_grp = 0, usr_flg = 0,
		spatialprops =
		{
			pos = { 71.33117, 1.374584, -52.50347 },
			orient = { {  0.992674,  0.000000,  0.120823 },
					   { -0.008091,  0.997755,  0.066474 },
					   { -0.120552, -0.066964,  0.990446 } }
		},
		cameraprops =
		{
			fovh = 20,
			hvaspect = 1.85,
			nearplane = 0.4,
			farplane = 7000
		}
	},

	{
		entity_name = "Camera_ACS_Trent_Juni_(Walker)_(WithME)_Trent",
		type = CAMERA,
		template_name = "",
		lt_grp = 0, srt_grp = 0, usr_flg = 0,
		spatialprops =
		{
			pos = { 70.04392, 1.69257, -54.43648 },
			orient = { { -0.204320,  0.000000,  0.978904 },
					   {  0.176045,  0.983696,  0.036745 },
					   { -0.962944,  0.179839, -0.200989 } }
		},
		cameraprops =
		{
			fovh = 20,
			hvaspect = 1.85,
			nearplane = 0.4,
			farplane = 7000
		}
	},

	{
		entity_name = "Path_Cart_Way",
		type = MOTION_PATH,
		template_name = "",
		lt_grp = 0, srt_grp = 0, usr_flg = 0,
		spatialprops =
		{
			pos = { 85.48133, 0.88554, -60.57919 },
			orient = { { -0.990054,  0.000000,  0.140688 },
					   {  0.000000,  1.000000,  0.000000 },
					   { -0.140688,  0.000000, -0.990054 } }
		},
		pathprops =
		{
			path_type = "CV_CROrientationSplinePath",
			path_data = "OPEN,{14.559760,0.000000,42.222469}, {0.992923,0.000000,0.118759,0.000000}, {-7.423864,0.000014,-24.350943}, {0.982696,0.000000,0.185227,0.000000}, "
		}
	},

	{
		entity_name = "Marker_Cart_Away",
		type = MARKER,
		template_name = "",
		lt_grp = 0, srt_grp = 0, usr_flg = 0,
		spatialprops =
		{
			pos = { -9.171563, 0, -87.92684 },
			orient = { { 1, 0, 0 }, { 0, 1, 0 }, { 0, 0, 1 } }
		}
	},

	{
		entity_name = "Marker_Extras",
		type = MARKER,
		template_name = "",
		lt_grp = 0, srt_grp = 0, usr_flg = 0,
		spatialprops =
		{
			pos = { 63.11832, 0.959582, -76.70123 },
			orient = { {  0.480814,  0.000000, -0.876823 },
					   {  0.000000,  1.000000,  0.000000 },
					   {  0.876823,  0.000000,  0.480814 } }
		}
	},

	{
		entity_name = "Marker_Extras_copy_1",
		type = MARKER,
		template_name = "",
		lt_grp = 0, srt_grp = 0, usr_flg = 0,
		spatialprops =
		{
			pos = { 63.519, 0.959582, -77.43192 },
			orient = { {  0.480814,  0.000000, -0.876823 },
					   {  0.000000,  1.000000,  0.000000 },
					   {  0.876823,  0.000000,  0.480814 } }
		}
	},

	{
		entity_name = "Marker_Extras_Guiding",
		type = MARKER,
		template_name = "",
		lt_grp = 0, srt_grp = 0, usr_flg = 0,
		spatialprops =
		{
			pos = { 66.0956, 0.959582, -78.53226 },
			orient = { {  0.997434,  0.000000,  0.071593 },
					   {  0.000000,  1.000000,  0.000000 },
					   { -0.071593,  0.000000,  0.997434 } }
		}
	},

	{
		entity_name = "Marker_Extras_Guiding_Turn_90",
		type = MARKER,
		template_name = "",
		lt_grp = 0, srt_grp = 0, usr_flg = 0,
		spatialprops =
		{
			pos = { 70.59589, 0.959582, -74.39427 },
			orient = { { -0.802355,  0.000000,  0.596847 },
					   {  0.000000,  1.000000,  0.000000 },
					   { -0.596847,  0.000000, -0.802355 } }
		}
	},

	{
		entity_name = "Marker_Extra_Ship_Dest",
		type = MARKER,
		template_name = "",
		lt_grp = 0, srt_grp = 0, usr_flg = 0,
		spatialprops =
		{
			pos = { 38.0367, 4.636715, -114.5537 },
			orient = { {  0.355522,  0.000000, -0.934668 },
					   {  0.000000,  1.000000,  0.000000 },
					   {  0.934668,  0.000000,  0.355522 } }
		}
	},

	{
		entity_name = "Marker_Extra_Ship_Start",
		type = MARKER,
		template_name = "",
		lt_grp = 0, srt_grp = 0, usr_flg = 0,
		spatialprops =
		{
			pos = { 101.6747, 12.01315, -90.34753 },
			orient = { {  0.355522,  0.000000, -0.934668 },
					   {  0.000000,  1.000000,  0.000000 },
					   {  0.934668,  0.000000,  0.355522 } }
		}
	},

	{
		entity_name = "Marker_Juni_Start",
		type = MARKER,
		template_name = "",
		lt_grp = 0, srt_grp = 0, usr_flg = 0,
		spatialprops =
		{
			pos = { 69.55766, 0.925619, -55.39039 },
			orient = { {  0.600425,  0.000000,  0.799681 },
					   {  0.000000,  1.000000,  0.000000 },
					   { -0.799681,  0.000000,  0.600425 } }
		}
	},

	{
		entity_name = "Marker_Juni_Stop",
		type = MARKER,
		template_name = "",
		lt_grp = 0, srt_grp = 0, usr_flg = 0,
		spatialprops =
		{
			pos = { 71.02368, 0.95882, -56.46862 },
			orient = { {  0.618579,  0.000000,  0.785723 },
					   {  0.000000,  1.000000,  0.000000 },
					   { -0.785723,  0.000000,  0.618579 } }
		}
	},

	{
		entity_name = "Marker_Juni_TimeLapse_1",
		type = MARKER,
		template_name = "",
		lt_grp = 0, srt_grp = 0, usr_flg = 0,
		spatialprops =
		{
			pos = { 69.82568, 0.9594, -53.43756 },
			orient = { {  0.049848,  0.000000, -0.998757 },
					   {  0.000000,  1.000000,  0.000000 },
					   {  0.998757,  0.000000,  0.049848 } }
		}
	},

	{
		entity_name = "Cam_03_Juni_Watch_Land_CU",
		type = CAMERA,
		template_name = "",
		lt_grp = 0, srt_grp = 0, usr_flg = 0,
		spatialprops =
		{
			pos = { 70.3086, 1.297966, -53.5825 },
			orient = { { -0.107198,  0.000000,  0.994238 },
					   { -0.118250,  0.992902, -0.012750 },
					   { -0.987181, -0.118936, -0.106437 } }
		},
		cameraprops =
		{
			fovh = 10,
			hvaspect = 1.85,
			nearplane = 0.4,
			farplane = 7000
		}
	},

	{
		entity_name = "X/Shipcentre/01",
		type = MARKER,
		template_name = "",
		lt_grp = 0, srt_grp = 0, usr_flg = 0,
		flags = REFERENCE,
		spatialprops =
		{
			pos = { 57.19823, 0.01599, -64.13699 },
			orient = { { -0.987940,  0.000000,  0.154836 },
					   {  0.000000,  1.000000,  0.000000 },
					   { -0.154836,  0.000000, -0.987940 } }
		}
	},

	{
		entity_name = "Camera_ACOH_Trent_Juni_Leaving_ALT",
		type = CAMERA,
		template_name = "",
		lt_grp = 0, srt_grp = 0, usr_flg = 0,
		spatialprops =
		{
			pos = { 66.93394, 1.562301, -53.35348 },
			orient = { {  0.628741,  0.000000, -0.777615 },
					   {  0.013156,  0.999857,  0.010638 },
					   {  0.777504, -0.016919,  0.628651 } }
		},
		cameraprops =
		{
			fovh = 15,
			hvaspect = 1.85,
			nearplane = 0.4,
			farplane = 7000
		}
	},

	{
		entity_name = "Camera_ACOH_Trent_Juni_Leaving_ALT_(REF)",
		type = CAMERA,
		template_name = "",
		lt_grp = 0, srt_grp = 0, usr_flg = 0,
		spatialprops =
		{
			pos = { 67.71169, 1.506135, -55.04447 },
			orient = { {  0.258104,  0.000000, -0.966117 },
					   {  0.024985,  0.999666,  0.006675 },
					   {  0.965794, -0.025862,  0.258018 } }
		},
		cameraprops =
		{
			fovh = 15,
			hvaspect = 1.85,
			nearplane = 0.4,
			farplane = 7000
		}
	},

	{
		entity_name = "Camera_ACOH_Trent_Juni_Leaving_02",
		type = CAMERA,
		template_name = "",
		lt_grp = 0, srt_grp = 0, usr_flg = 0,
		spatialprops =
		{
			pos = { 70.02144, 1.624746, -57.44132 },
			orient = { { -0.016796,  0.000000, -0.999859 },
					   { -0.087743,  0.996142,  0.001474 },
					   {  0.996002,  0.087755, -0.016731 } }
		},
		cameraprops =
		{
			fovh = 15,
			hvaspect = 1.85,
			nearplane = 0.4,
			farplane = 7000
		}
	},

	{
		entity_name = "Camera_ACOH_Trent_Juni_Leaving_02_(Ref)",
		type = CAMERA,
		template_name = "",
		lt_grp = 0, srt_grp = 0, usr_flg = 0,
		spatialprops =
		{
			pos = { 69.74433, 1.527879, -58.60442 },
			orient = { { -0.152530,  0.000000, -0.988299 },
					   { -0.047756,  0.998832,  0.007370 },
					   {  0.987144,  0.048321, -0.152351 } }
		},
		cameraprops =
		{
			fovh = 15,
			hvaspect = 1.85,
			nearplane = 0.4,
			farplane = 7000
		}
	},

	{
		entity_name = "Cam_07_ACOH_Juni_Trent_Leaving",
		type = CAMERA,
		template_name = "",
		lt_grp = 0, srt_grp = 0, usr_flg = 0,
		spatialprops =
		{
			pos = { 68.9504, 1.524991, -58.15786 },
			orient = { {  0.169880,  0.000000, -0.985465 },
					   { -0.001215,  0.999999, -0.000209 },
					   {  0.985464,  0.001233,  0.169880 } }
		},
		cameraprops =
		{
			fovh = 15,
			hvaspect = 1.85,
			nearplane = 0.4,
			farplane = 7000
		}
	},

	{
		entity_name = "Camera_ACOH_Juni_Trent_Leaving_ArrV_Ref",
		type = CAMERA,
		template_name = "",
		lt_grp = 0, srt_grp = 0, usr_flg = 0,
		spatialprops =
		{
			pos = { 68.57873, 1.484701, -56.8386 },
			orient = { {  0.123780,  0.000000, -0.992310 },
					   {  0.086779,  0.996169,  0.010825 },
					   {  0.988508, -0.087452,  0.123306 } }
		},
		cameraprops =
		{
			fovh = 15,
			hvaspect = 1.85,
			nearplane = 1,
			farplane = 7000
		}
	},

	{
		entity_name = "Camera_ACOH_Juni_Trent_Leaving_ArrV_CU",
		type = CAMERA,
		template_name = "",
		lt_grp = 0, srt_grp = 0, usr_flg = 0,
		spatialprops =
		{
			pos = { 68.41887, 1.520316, -56.71749 },
			orient = { {  0.310083,  0.000000, -0.950709 },
					   {  0.045563,  0.998851,  0.014861 },
					   {  0.949617, -0.047926,  0.309727 } }
		},
		cameraprops =
		{
			fovh = 20,
			hvaspect = 1.85,
			nearplane = 0.4,
			farplane = 7000
		}
	},

	{
		entity_name = "Camera_ACS_Juni_Trent_(Ref)",
		type = CAMERA,
		template_name = "",
		lt_grp = 0, srt_grp = 0, usr_flg = 0,
		spatialprops =
		{
			pos = { 68.20523, 1.603339, -57.15331 },
			orient = { { -0.150139,  0.000000, -0.988665 },
					   {  0.041133,  0.999134, -0.006246 },
					   {  0.987809, -0.041605, -0.150009 } }
		},
		cameraprops =
		{
			fovh = 17,
			hvaspect = 1.85,
			nearplane = 0.7,
			farplane = 7000
		}
	},

	{
		entity_name = "Marker_Move_Trent",
		type = MARKER,
		template_name = "",
		lt_grp = 0, srt_grp = 0, usr_flg = 0,
		spatialprops =
		{
			pos = { 65.89194, 0.972928, -56.93874 },
			orient = { {  0.861093,  0.000000,  0.508447 },
					   {  0.000000,  1.000000,  0.000000 },
					   { -0.508447,  0.000000,  0.861093 } }
		}
	},

	{
		entity_name = "Marker_Move_Back_Trent",
		type = MARKER,
		template_name = "",
		lt_grp = 0, srt_grp = 0, usr_flg = 0,
		spatialprops =
		{
			pos = { 67.08212, 0.972928, -56.87278 },
			orient = { {  0.861093,  0.000000,  0.508447 },
					   {  0.000000,  1.000000,  0.000000 },
					   { -0.508447,  0.000000,  0.861093 } }
		}
	},

	{
		entity_name = "Marker_Turn_(whatswrong)_01",
		type = MARKER,
		template_name = "",
		lt_grp = 0, srt_grp = 0, usr_flg = 0,
		spatialprops =
		{
			pos = { 65.74648, 0.944357, -54.8138 },
			orient = { {  0.990880,  0.000000,  0.134745 },
					   {  0.000000,  1.000000,  0.000000 },
					   { -0.134745,  0.000000,  0.990880 } }
		}
	},

	{
		entity_name = "Marker_Turn_(whatswrong)_02",
		type = MARKER,
		template_name = "",
		lt_grp = 0, srt_grp = 0, usr_flg = 0,
		spatialprops =
		{
			pos = { 65.74648, 0.944357, -54.8138 },
			orient = { {  0.995946,  0.000000, -0.089957 },
					   {  0.000000,  1.000000,  0.000000 },
					   {  0.089957,  0.000000,  0.995946 } }
		}
	},

	{
		entity_name = "Marker_Turn_(whatswrong)_03",
		type = MARKER,
		template_name = "",
		lt_grp = 0, srt_grp = 0, usr_flg = 0,
		spatialprops =
		{
			pos = { 66.45667, 0.957395, -56.54353 },
			orient = { {  0.268948,  0.000000,  0.963155 },
					   {  0.000000,  1.000000,  0.000000 },
					   { -0.963155,  0.000000,  0.268948 } }
		}
	},

	{
		entity_name = "Marker_Turn_(FiveYears)_01",
		type = MARKER,
		template_name = "",
		lt_grp = 0, srt_grp = 0, usr_flg = 0,
		spatialprops =
		{
			pos = { 65.58538, 0.972924, -57.83179 },
			orient = { { -0.521146,  0.000000,  0.853467 },
					   {  0.000000,  1.000000,  0.000000 },
					   { -0.853467,  0.000000, -0.521146 } }
		}
	},

	{
		entity_name = "Camera_ACOH_Trent_Juni_Leaving_02_(Ref)2",
		type = CAMERA,
		template_name = "",
		lt_grp = 0, srt_grp = 0, usr_flg = 0,
		spatialprops =
		{
			pos = { 69.76212, 1.977366, -53.92108 },
			orient = { {  0.902751,  0.000000, -0.430164 },
					   {  0.064602,  0.988659,  0.135575 },
					   {  0.425285, -0.150180,  0.892513 } }
		},
		cameraprops =
		{
			fovh = 15,
			hvaspect = 1.85,
			nearplane = 0.4,
			farplane = 7000
		}
	},

	{
		entity_name = "Camera_ACOH_Trent_Juni_Leaving_test",
		type = CAMERA,
		template_name = "",
		lt_grp = 0, srt_grp = 0, usr_flg = 0,
		spatialprops =
		{
			pos = { 73.79544, 1.567458, -53.84745 },
			orient = { {  0.871888,  0.000000, -0.489706 },
					   {  0.115969,  0.971555,  0.206474 },
					   {  0.475776, -0.236813,  0.847087 } }
		},
		cameraprops =
		{
			fovh = 15,
			hvaspect = 1.85,
			nearplane = 0.4,
			farplane = 7000
		}
	},

	{
		entity_name = "Camera_ACOH_Trent_Juni_Swinground_03",
		type = CAMERA,
		template_name = "",
		lt_grp = 0, srt_grp = 0, usr_flg = 0,
		spatialprops =
		{
			pos = { 68.64397, 1.516395, -56.7253 },
			orient = { {  0.876206,  0.000000, -0.481937 },
					   { -0.024015,  0.998758, -0.043662 },
					   {  0.481338,  0.049831,  0.875117 } }
		},
		cameraprops =
		{
			fovh = 15,
			hvaspect = 1.85,
			nearplane = 0.4,
			farplane = 7000
		}
	},

	{
		entity_name = "Camera_ACOH_Trent_Juni_Swinground_01",
		type = CAMERA,
		template_name = "",
		lt_grp = 0, srt_grp = 0, usr_flg = 0,
		spatialprops =
		{
			pos = { 68.62993, 2.103673, -56.75096 },
			orient = { {  0.876206,  0.000000, -0.481937 },
					   { -0.024015,  0.998758, -0.043662 },
					   {  0.481338,  0.049831,  0.875117 } }
		},
		cameraprops =
		{
			fovh = 15,
			hvaspect = 1.85,
			nearplane = 0.4,
			farplane = 7000
		}
	},

	{
		entity_name = "Camera_ACOH_Trent_Juni_Swinground_02",
		type = CAMERA,
		template_name = "",
		lt_grp = 0, srt_grp = 0, usr_flg = 0,
		spatialprops =
		{
			pos = { 69.50529, 1.553509, -56.98922 },
			orient = { {  0.660093,  0.000000, -0.751184 },
					   { -0.032131,  0.999085, -0.028235 },
					   {  0.750496,  0.042774,  0.659489 } }
		},
		cameraprops =
		{
			fovh = 15,
			hvaspect = 1.85,
			nearplane = 0.4,
			farplane = 7000
		}
	},

	{
		entity_name = "Camera_ACOH_Trent_Juni_Swinger",
		type = CAMERA,
		template_name = "",
		lt_grp = 0, srt_grp = 0, usr_flg = 0,
		spatialprops =
		{
			pos = { 69.10047, 1.588912, -59.45711 },
			orient = { { -0.391338,  0.000000, -0.920247 },
					   { -0.040637,  0.999025,  0.017281 },
					   {  0.919349,  0.044158, -0.390957 } }
		},
		cameraprops =
		{
			fovh = 15,
			hvaspect = 1.85,
			nearplane = 0.4,
			farplane = 7000
		}
	},

	{
		entity_name = "Cam_05_wide",
		type = CAMERA,
		template_name = "",
		lt_grp = 0, srt_grp = 0, usr_flg = 0,
		spatialprops =
		{
			pos = { 65.49097, 0.661602, -48.79098 },
			orient = { {  0.986616,  0.000000,  0.163058 },
					   { -0.007459,  0.998953,  0.045134 },
					   { -0.162887, -0.045747,  0.985584 } }
		},
		cameraprops =
		{
			fovh = 15,
			hvaspect = 1.85,
			nearplane = 0.4,
			farplane = 7000
		}
	},

	{
		entity_name = "Camera_ACOH_Trent_Juni_Leaving_front",
		type = CAMERA,
		template_name = "",
		lt_grp = 0, srt_grp = 0, usr_flg = 0,
		spatialprops =
		{
			pos = { 70.54825, 1.546009, -58.61375 },
			orient = { { -0.503624,  0.000000, -0.863923 },
					   { -0.056216,  0.997881,  0.032771 },
					   {  0.862092,  0.065070, -0.502557 } }
		},
		cameraprops =
		{
			fovh = 15,
			hvaspect = 1.85,
			nearplane = 0.4,
			farplane = 7000
		}
	},

	{
		entity_name = "Camera_ACOH_Trent_Juni_Leaving_front(ref)",
		type = CAMERA,
		template_name = "",
		lt_grp = 0, srt_grp = 0, usr_flg = 0,
		spatialprops =
		{
			pos = { 69.57497, 1.561175, -59.93013 },
			orient = { { -0.503624,  0.000000, -0.863923 },
					   { -0.056216,  0.997881,  0.032771 },
					   {  0.862092,  0.065070, -0.502557 } }
		},
		cameraprops =
		{
			fovh = 15,
			hvaspect = 1.85,
			nearplane = 0.4,
			farplane = 7000
		}
	},

	{
		entity_name = "Cam_08_ACS_Juni_Trent_Leaving",
		type = CAMERA,
		template_name = "",
		lt_grp = 0, srt_grp = 0, usr_flg = 0,
		spatialprops =
		{
			pos = { 65.80392, 1.736142, -57.63049 },
			orient = { {  0.601560,  0.000000,  0.798828 },
					   {  0.112092,  0.990106, -0.084411 },
					   { -0.790924,  0.140320,  0.595608 } }
		},
		cameraprops =
		{
			fovh = 15,
			hvaspect = 1.85,
			nearplane = 0.4,
			farplane = 7000
		}
	},

	{
		entity_name = "Cam_09_ACOH_After_assign",
		type = CAMERA,
		template_name = "",
		lt_grp = 0, srt_grp = 0, usr_flg = 0,
		spatialprops =
		{
			pos = { 69.72045, 1.521794, -58.76104 },
			orient = { { -0.048250,  0.000000, -0.998835 },
					   { -0.052452,  0.998620,  0.002533 },
					   {  0.997457,  0.052513, -0.048183 } }
		},
		cameraprops =
		{
			fovh = 15,
			hvaspect = 1.85,
			nearplane = 0.4,
			farplane = 7000
		}
	},

	{
		entity_name = "Cam_09_ACOH_After_assign_END",
		type = CAMERA,
		template_name = "",
		lt_grp = 0, srt_grp = 0, usr_flg = 0,
		spatialprops =
		{
			pos = { 70.9211, 1.598508, -58.53669 },
			orient = { {  0.065323,  0.000000, -0.997864 },
					   { -0.060985,  0.998131, -0.003992 },
					   {  0.995999,  0.061116,  0.065201 } }
		},
		cameraprops =
		{
			fovh = 15,
			hvaspect = 1.85,
			nearplane = 0.4,
			farplane = 7000
		}
	},

	{
		entity_name = "Cam_12_wasnttranfered",
		type = CAMERA,
		template_name = "",
		lt_grp = 0, srt_grp = 0, usr_flg = 0,
		spatialprops =
		{
			pos = { 67.61443, 1.381467, -58.00205 },
			orient = { {  0.466556,  0.000000,  0.884492 },
					   { -0.031042,  0.999384,  0.016374 },
					   { -0.883947, -0.035096,  0.466269 } }
		},
		cameraprops =
		{
			fovh = 17,
			hvaspect = 1.85,
			nearplane = 0.7,
			farplane = 7000
		}
	},

	{
		entity_name = "Cam_13_ACOH_Juni_Trent_Frust",
		type = CAMERA,
		template_name = "",
		lt_grp = 0, srt_grp = 0, usr_flg = 0,
		spatialprops =
		{
			pos = { 70.81088, 1.503735, -56.12407 },
			orient = { {  0.637261,  0.000000, -0.770648 },
					   { -0.073333,  0.995462, -0.060640 },
					   {  0.767151,  0.095157,  0.634369 } }
		},
		cameraprops =
		{
			fovh = 20,
			hvaspect = 1.85,
			nearplane = 0.4,
			farplane = 7000
		}
	},

	{
		entity_name = "Camera_ACOH_Trent_Juni_(Walker)",
		type = CAMERA,
		template_name = "",
		lt_grp = 0, srt_grp = 0, usr_flg = 0,
		spatialprops =
		{
			pos = { 65.59377, 1.752304, -58.06835 },
			orient = { { -0.206721,  0.000000,  0.978400 },
					   {  0.130432,  0.991074,  0.027558 },
					   { -0.969667,  0.133311, -0.204876 } }
		},
		cameraprops =
		{
			fovh = 15,
			hvaspect = 1.85,
			nearplane = 0.4,
			farplane = 7000
		}
	},

	{
		entity_name = "Camera_ACS_Trent_Juni_(Walker_gone)",
		type = CAMERA,
		template_name = "",
		lt_grp = 0, srt_grp = 0, usr_flg = 0,
		spatialprops =
		{
			pos = { 68.23992, 1.440773, -57.16471 },
			orient = { { -0.414536,  0.000000,  0.910033 },
					   { -0.009966,  0.999940, -0.004540 },
					   { -0.909978, -0.010951, -0.414511 } }
		},
		cameraprops =
		{
			fovh = 15,
			hvaspect = 1.85,
			nearplane = 0.4,
			farplane = 7000
		}
	},

	{
		entity_name = "Cam_13_ACOH_Juni_Trent_Frust_END_02",
		type = CAMERA,
		template_name = "",
		lt_grp = 0, srt_grp = 0, usr_flg = 0,
		spatialprops =
		{
			pos = { 69.84637, 1.445148, -55.28558 },
			orient = { {  0.778055,  0.000000, -0.628196 },
					   {  0.030009,  0.998858,  0.037167 },
					   {  0.627479, -0.047769,  0.777167 } }
		},
		cameraprops =
		{
			fovh = 20,
			hvaspect = 1.85,
			nearplane = 0.4,
			farplane = 7000
		}
	},

	{
		entity_name = "Cam_16_Five_Years_02",
		type = CAMERA,
		template_name = "",
		lt_grp = 0, srt_grp = 0, usr_flg = 0,
		spatialprops =
		{
			pos = { 68.28695, 1.491807, -56.36376 },
			orient = { { -0.051814,  0.000000,  0.998657 },
					   {  0.010553,  0.999944,  0.000548 },
					   { -0.998601,  0.010567, -0.051811 } }
		},
		cameraprops =
		{
			fovh = 20,
			hvaspect = 1.85,
			nearplane = 0.4,
			farplane = 7000
		}
	},

	{
		entity_name = "Cam_17_Impossible",
		type = CAMERA,
		template_name = "",
		lt_grp = 0, srt_grp = 0, usr_flg = 0,
		spatialprops =
		{
			pos = { 66.80995, 1.446187, -56.9654 },
			orient = { {  0.694389,  0.000000, -0.719600 },
					   {  0.052990,  0.997285,  0.051134 },
					   {  0.717646, -0.073639,  0.692504 } }
		},
		cameraprops =
		{
			fovh = 20,
			hvaspect = 1.85,
			nearplane = 0.4,
			farplane = 7000
		}
	},

	{
		entity_name = "Cam_17_Impossible_END",
		type = CAMERA,
		template_name = "",
		lt_grp = 0, srt_grp = 0, usr_flg = 0,
		spatialprops =
		{
			pos = { 68.48313, 1.426214, -55.69305 },
			orient = { {  0.711594,  0.000000, -0.702591 },
					   { -0.005882,  0.999965, -0.005958 },
					   {  0.702566,  0.008372,  0.711569 } }
		},
		cameraprops =
		{
			fovh = 20,
			hvaspect = 1.85,
			nearplane = 0.4,
			farplane = 7000
		}
	},

	{
		entity_name = "Camera_Profile_Juni_Arms_Crossed",
		type = CAMERA,
		template_name = "",
		lt_grp = 0, srt_grp = 0, usr_flg = 0,
		spatialprops =
		{
			pos = { 69.65514, 1.524488, -55.39279 },
			orient = { {  0.867128,  0.000000, -0.498086 },
					   { -0.004015,  0.999968, -0.006991 },
					   {  0.498070,  0.008062,  0.867100 } }
		},
		cameraprops =
		{
			fovh = 20,
			hvaspect = 1.85,
			nearplane = 0.4,
			farplane = 7000
		}
	},

	{
		entity_name = "Camera_Profile_Trent_Arms",
		type = CAMERA,
		template_name = "",
		lt_grp = 0, srt_grp = 0, usr_flg = 0,
		spatialprops =
		{
