duration = 88.125;

entities =
{

	{
		entity_name = "Layer_Scene_s046x_bw_02_City",
		type = SCENE,
		template_name = "",
		lt_grp = 0, srt_grp = 0, usr_flg = 0,
		spatialprops =
		{
			pos = { 0, 0, 0 },
			orient = { { 1, 0, 0 }, { 0, 1, 0 }, { 0, 0, 1 } }
		},
		up = Y_AXIS,
		front = Z_AXIS,
		ambient = { 0, 0, 0 },
		userprops =
		{
			TextStart = "0.75000",
			TextString = "259618.00000",
		}
	},

	{
		entity_name = "Char_Ozu",
		type = DEFORMABLE,
		template_name = "ozu",
		lt_grp = 0, srt_grp = 0, usr_flg = 0,
		flags = LIT_DYNAMIC,
		spatialprops =
		{
			pos = { -11.76023, 0, -7.478913 },
			orient = { { -0.755777,  0.000000,  0.654829 },
					   {  0.000000,  1.000000,  0.000000 },
					   { -0.654829,  0.000000, -0.755777 } }
		},
		compoundprops =
		{
			floor_height = 0
		},
		userprops =
		{
			actor = "ozu",
			category = "Character",
		}
	},

	{
		entity_name = "Char_Trent",
		type = DEFORMABLE,
		template_name = "trent",
		lt_grp = 0, srt_grp = 0, usr_flg = 0,
		flags = LIT_DYNAMIC,
		spatialprops =
		{
			pos = { -2.332417, 0, -8.6571 },
			orient = { { -0.695305,  0.000000, -0.718715 },
					   {  0.000000,  1.000000,  0.000000 },
					   {  0.718715,  0.000000, -0.695305 } }
		},
		compoundprops =
		{
			floor_height = 0
		},
		userprops =
		{
			actor = "Player",
			category = "Character",
		}
	},

	{
		entity_name = "Char_Juni",
		type = DEFORMABLE,
		template_name = "juni",
		lt_grp = 0, srt_grp = 0, usr_flg = 0,
		flags = LIT_DYNAMIC,
		spatialprops =
		{
			pos = { -12.75207, 0, -2.531446 },
			orient = { {  0.252735,  0.000000,  0.967535 },
					   {  0.000000,  1.000000,  0.000000 },
					   { -0.967535,  0.000000,  0.252735 } }
		},
		compoundprops =
		{
			floor_height = 0
		},
		userprops =
		{
			actor = "juni",
			category = "Character",
		}
	},

	{
		entity_name = "dx_s046x_0101_Trent",
		type = SOUND,
		template_name = "dx_s046x_0101_Trent",
		lt_grp = 0, srt_grp = 0, usr_flg = 0,
		spatialprops =
		{
			pos = { 0, 0, 0 },
			orient = { { 1, 0, 0 }, { 0, 1, 0 }, { 0, 0, 1 } }
		},
		audioprops =
		{
			attenuation = -1,
			pan = 0,
			dmin = 50,
			dmax = 1000,
			ain = 360,
			aout = 360,
			atout = 0,
			rmix = 0,
		},
		userprops =
		{
			category = "Audio",
		}
	},

	{
		entity_name = "dx_s046x_0202_Ozu",
		type = SOUND,
		template_name = "dx_s046x_0202_Ozu",
		lt_grp = 0, srt_grp = 0, usr_flg = 0,
		spatialprops =
		{
			pos = { 0, 0, 0 },
			orient = { { 1, 0, 0 }, { 0, 1, 0 }, { 0, 0, 1 } }
		},
		audioprops =
		{
			attenuation = -1,
			pan = 0,
			dmin = 50,
			dmax = 1000,
			ain = 360,
			aout = 360,
			atout = 0,
			rmix = 0,
		},
		userprops =
		{
			category = "Audio",
		}
	},

	{
		entity_name = "dx_s046x_0301_Ozu",
		type = SOUND,
		template_name = "dx_s046x_0301_Ozu",
		lt_grp = 0, srt_grp = 0, usr_flg = 0,
		spatialprops =
		{
			pos = { 0, 0, 0 },
			orient = { { 1, 0, 0 }, { 0, 1, 0 }, { 0, 0, 1 } }
		},
		audioprops =
		{
			attenuation = -1,
			pan = 0,
			dmin = 50,
			dmax = 1000,
			ain = 360,
			aout = 360,
			atout = 0,
			rmix = 0,
		},
		userprops =
		{
			category = "Audio",
		}
	},

	{
		entity_name = "dx_s046x_0401_Trent",
		type = SOUND,
		template_name = "dx_s046x_0401_Trent",
		lt_grp = 0, srt_grp = 0, usr_flg = 0,
		spatialprops =
		{
			pos = { 0, 0, 0 },
			orient = { { 1, 0, 0 }, { 0, 1, 0 }, { 0, 0, 1 } }
		},
		audioprops =
		{
			attenuation = -1,
			pan = 0,
			dmin = 50,
			dmax = 1000,
			ain = 360,
			aout = 360,
			atout = 0,
			rmix = 0,
		},
		userprops =
		{
			category = "Audio",
		}
	},

	{
		entity_name = "dx_s046x_0501_juni",
		type = SOUND,
		template_name = "dx_s046x_0501_juni",
		lt_grp = 0, srt_grp = 0, usr_flg = 0,
		spatialprops =
		{
			pos = { 0, 0, 0 },
			orient = { { 1, 0, 0 }, { 0, 1, 0 }, { 0, 0, 1 } }
		},
		audioprops =
		{
			attenuation = -1,
			pan = 0,
			dmin = 50,
			dmax = 1000,
			ain = 360,
			aout = 360,
			atout = 0,
			rmix = 0,
		},
		userprops =
		{
			category = "Audio",
		}
	},

	{
		entity_name = "dx_s046x_0502_juni",
		type = SOUND,
		template_name = "dx_s046x_0502_juni",
		lt_grp = 0, srt_grp = 0, usr_flg = 0,
		spatialprops =
		{
			pos = { 0, 0, 0 },
			orient = { { 1, 0, 0 }, { 0, 1, 0 }, { 0, 0, 1 } }
		},
		audioprops =
		{
			attenuation = -1,
			pan = 0,
			dmin = 50,
			dmax = 1000,
			ain = 360,
			aout = 360,
			atout = 0,
			rmix = 0,
		},
		userprops =
		{
			category = "Audio",
		}
	},

	{
		entity_name = "dx_s046x_0601_Trent",
		type = SOUND,
		template_name = "dx_s046x_0601_Trent",
		lt_grp = 0, srt_grp = 0, usr_flg = 0,
		spatialprops =
		{
			pos = { 0, 0, 0 },
			orient = { { 1, 0, 0 }, { 0, 1, 0 }, { 0, 0, 1 } }
		},
		audioprops =
		{
			attenuation = -1,
			pan = 0,
			dmin = 50,
			dmax = 1000,
			ain = 360,
			aout = 360,
			atout = 0,
			rmix = 0,
		},
		userprops =
		{
			category = "Audio",
		}
	},

	{
		entity_name = "dx_s046x_0701_juni",
		type = SOUND,
		template_name = "dx_s046x_0701_juni",
		lt_grp = 0, srt_grp = 0, usr_flg = 0,
		spatialprops =
		{
			pos = { 0, 0, 0 },
			orient = { { 1, 0, 0 }, { 0, 1, 0 }, { 0, 0, 1 } }
		},
		audioprops =
		{
			attenuation = -1,
			pan = 0,
			dmin = 50,
			dmax = 1000,
			ain = 360,
			aout = 360,
			atout = 0,
			rmix = 0,
		},
		userprops =
		{
			category = "Audio",
		}
	},

	{
		entity_name = "dx_s046x_0702_juni",
		type = SOUND,
		template_name = "dx_s046x_0702_juni",
		lt_grp = 0, srt_grp = 0, usr_flg = 0,
		spatialprops =
		{
			pos = { 0, 0, 0 },
			orient = { { 1, 0, 0 }, { 0, 1, 0 }, { 0, 0, 1 } }
		},
		audioprops =
		{
			attenuation = -1,
			pan = 0,
			dmin = 50,
			dmax = 1000,
			ain = 360,
			aout = 360,
			atout = 0,
			rmix = 0,
		},
		userprops =
		{
			category = "Audio",
		}
	},

	{
		entity_name = "dx_s046x_1001_Ozu",
		type = SOUND,
		template_name = "dx_s046x_1001_Ozu",
		lt_grp = 0, srt_grp = 0, usr_flg = 0,
		spatialprops =
		{
			pos = { 0, 0, 0 },
			orient = { { 1, 0, 0 }, { 0, 1, 0 }, { 0, 0, 1 } }
		},
		audioprops =
		{
			attenuation = -1,
			pan = 0,
			dmin = 50,
			dmax = 1000,
			ain = 360,
			aout = 360,
			atout = 0,
			rmix = 0,
		},
		userprops =
		{
			category = "Audio",
		}
	},

	{
		entity_name = "dx_s046x_1002_Ozu",
		type = SOUND,
		template_name = "dx_s046x_1002_Ozu",
		lt_grp = 0, srt_grp = 0, usr_flg = 0,
		spatialprops =
		{
			pos = { 0, 0, 0 },
			orient = { { 1, 0, 0 }, { 0, 1, 0 }, { 0, 0, 1 } }
		},
		audioprops =
		{
			attenuation = -1,
			dmin = 50,
			dmax = 1000,
			ain = 360,
			aout = 360,
			atout = 0,
			rmix = 0,
		},
		userprops =
		{
			category = "Audio",
		}
	},

	{
		entity_name = "dx_s046x_1003_Ozu",
		type = SOUND,
		template_name = "dx_s046x_1003_Ozu",
		lt_grp = 0, srt_grp = 0, usr_flg = 0,
		spatialprops =
		{
			pos = { 0, 0, 0 },
			orient = { { 1, 0, 0 }, { 0, 1, 0 }, { 0, 0, 1 } }
		},
		audioprops =
		{
			attenuation = -1,
			pan = 0,
			dmin = 50,
			dmax = 1000,
			ain = 360,
			atout = 0,
			rmix = 0,
		},
		userprops =
		{
			category = "Audio",
		}
	},

	{
		entity_name = "dx_s046x_1101_Trent",
		type = SOUND,
		template_name = "dx_s046x_1101_Trent",
		lt_grp = 0, srt_grp = 0, usr_flg = 0,
		spatialprops =
		{
			pos = { 0, 0, 0 },
			orient = { { 1, 0, 0 }, { 0, 1, 0 }, { 0, 0, 1 } }
		},
		audioprops =
		{
			attenuation = -1,
			pan = 0,
			dmin = 50,
			dmax = 1000,
			ain = 360,
			aout = 360,
			atout = 0,
			rmix = 0,
		},
		userprops =
		{
			category = "Audio",
		}
	},

	{
		entity_name = "dx_s046x_1201_Ozu",
		type = SOUND,
		template_name = "dx_s046x_1201_Ozu",
		lt_grp = 0, srt_grp = 0, usr_flg = 0,
		spatialprops =
		{
			pos = { 0, 0, 0 },
			orient = { { 1, 0, 0 }, { 0, 1, 0 }, { 0, 0, 1 } }
		},
		audioprops =
		{
			attenuation = -1,
			pan = 0,
			dmin = 50,
			dmax = 1000,
			ain = 360,
			aout = 360,
			atout = 0,
			rmix = 0,
		},
		userprops =
		{
			category = "Audio",
		}
	},

	{
		entity_name = "dx_s046x_1202_Ozu",
		type = SOUND,
		template_name = "dx_s046x_1202_Ozu",
		lt_grp = 0, srt_grp = 0, usr_flg = 0,
		spatialprops =
		{
			pos = { 0, 0, 0 },
			orient = { { 1, 0, 0 }, { 0, 1, 0 }, { 0, 0, 1 } }
		},
		audioprops =
		{
			attenuation = -1,
			pan = 0,
			dmin = 50,
			dmax = 1000,
			ain = 360,
			aout = 360,
			atout = 0,
			rmix = 0,
		},
		userprops =
		{
			category = "Audio",
		}
	},

	{
		entity_name = "dx_s046x_1301_juni",
		type = SOUND,
		template_name = "dx_s046x_1301_juni",
		lt_grp = 0, srt_grp = 0, usr_flg = 0,
		spatialprops =
		{
			pos = { 0, 0, 0 },
			orient = { { 1, 0, 0 }, { 0, 1, 0 }, { 0, 0, 1 } }
		},
		audioprops =
		{
			attenuation = -1,
			pan = 0,
			dmin = 50,
			dmax = 1000,
			ain = 360,
			aout = 360,
			atout = 0,
			rmix = 0,
		},
		userprops =
		{
			category = "Audio",
		}
	},

	{
		entity_name = "dx_s046x_1401_Trent",
		type = SOUND,
		template_name = "dx_s046x_1401_Trent",
		lt_grp = 0, srt_grp = 0, usr_flg = 0,
		spatialprops =
		{
			pos = { 0, 0, 0 },
			orient = { { 1, 0, 0 }, { 0, 1, 0 }, { 0, 0, 1 } }
		},
		audioprops =
		{
			attenuation = -1,
			pan = 0,
			dmin = 50,
			dmax = 1000,
			ain = 360,
			aout = 360,
			atout = 0,
			rmix = 0,
		},
		userprops =
		{
			category = "Audio",
		}
	},

	{
		entity_name = "dx_s046x_1501_juni",
		type = SOUND,
		template_name = "dx_s046x_1501_juni",
		lt_grp = 0, srt_grp = 0, usr_flg = 0,
		spatialprops =
		{
			pos = { 0, 0, 0 },
			orient = { { 1, 0, 0 }, { 0, 1, 0 }, { 0, 0, 1 } }
		},
		audioprops =
		{
			attenuation = -1,
			pan = 0,
			dmin = 50,
			dmax = 1000,
			ain = 360,
			aout = 360,
			atout = 0,
			rmix = 0,
		},
		userprops =
		{
			category = "Audio",
		}
	},

	{
		entity_name = "dx_s046x_1502_juni",
		type = SOUND,
		template_name = "dx_s046x_1502_juni",
		lt_grp = 0, srt_grp = 0, usr_flg = 0,
		spatialprops =
		{
			pos = { 0, 0, 0 },
			orient = { { 1, 0, 0 }, { 0, 1, 0 }, { 0, 0, 1 } }
		},
		audioprops =
		{
			attenuation = -1,
			pan = 0,
			dmin = 50,
			dmax = 1000,
			ain = 360,
			aout = 360,
			atout = 0,
			rmix = 0,
		},
		userprops =
		{
			category = "Audio",
		}
	},

	{
		entity_name = "dx_s046x_1503_juni",
		type = SOUND,
		template_name = "dx_s046x_1503_juni",
		lt_grp = 0, srt_grp = 0, usr_flg = 0,
		spatialprops =
		{
			pos = { 0, 0, 0 },
			orient = { { 1, 0, 0 }, { 0, 1, 0 }, { 0, 0, 1 } }
		},
		audioprops =
		{
			attenuation = -1,
			pan = 0,
			dmin = 50,
			dmax = 1000,
			ain = 360,
			aout = 360,
			atout = 0,
			rmix = 0,
		},
		userprops =
		{
			category = "Audio",
		}
	},

	{
		entity_name = "Camera_A",
		type = CAMERA,
		template_name = "",
		lt_grp = 0, srt_grp = 0, usr_flg = 0,
		flags = HIDDEN,
		spatialprops =
		{
			pos = { -0.945888, 5.537982, 26.01207 },
			orient = { {  0.986437,  0.000000, -0.164140 },
					   {  0.001977,  0.999927,  0.011880 },
					   {  0.164128, -0.012043,  0.986365 } }
		},
		cameraprops =
		{
			fovh = 30,
			hvaspect = 1.85,
			nearplane = 1,
			farplane = 100000
		}
	},

	{
		entity_name = "Cam_Monitor_s046x",
		type = MONITOR,
		template_name = "",
		lt_grp = 0, srt_grp = 0, usr_flg = 0,
		flags = HIDDEN,
		userprops =
		{
			Priority = "Monitor_Moving_1",
		}
	},

	{
		entity_name = "Camera_B",
		type = CAMERA,
		template_name = "",
		lt_grp = 0, srt_grp = 0, usr_flg = 0,
		flags = HIDDEN,
		spatialprops =
		{
			pos = { -7.833602, 2.074123, -0.83813 },
			orient = { {  0.992156,  0.000000,  0.125008 },
					   { -0.003091,  0.999694,  0.024531 },
					   { -0.124970, -0.024725,  0.991852 } }
		},
		cameraprops =
		{
			fovh = 20,
			hvaspect = 1.85,
			nearplane = 1,
			farplane = 100000
		}
	},

	{
		entity_name = "Char_Juni_Pos_Marker_1",
		type = MARKER,
		template_name = "",
		lt_grp = 0, srt_grp = 0, usr_flg = 0,
		spatialprops =
		{
			pos = { -8.903752, 0.959241, -3.187045 },
			orient = { {  0.137586,  0.000000,  0.990490 },
					   {  0.000000,  1.000000,  0.000000 },
					   { -0.990490,  0.000000,  0.137586 } }
		}
	},

	{
		entity_name = "Char_Ozu_Pos_Marker_1",
		type = MARKER,
		template_name = "",
		lt_grp = 0, srt_grp = 0, usr_flg = 0,
		spatialprops =
		{
			pos = { -8.779543, 0.972928, -3.985242 },
			orient = { { -0.787531, -0.000053,  0.616275 },
					   { -0.000007,  1.000000,  0.000077 },
					   { -0.616275,  0.000056, -0.787531 } }
		}
	},

	{
		entity_name = "Char_Trent_Pos_Marker_1",
		type = MARKER,
		template_name = "",
		lt_grp = 0, srt_grp = 0, usr_flg = 0,
		spatialprops =
		{
			pos = { -7.699136, 0.972967, -3.548578 },
			orient = { { -0.694600,  0.000000, -0.719396 },
					   {  0.000000,  1.000000,  0.000000 },
					   {  0.719396,  0.000000, -0.694600 } }
		}
	},

	{
		entity_name = "Camera_C",
		type = CAMERA,
		template_name = "",
		lt_grp = 0, srt_grp = 0, usr_flg = 0,
		flags = HIDDEN,
		spatialprops =
		{
			pos = { -8.470572, 0.995947, -2.431804 },
			orient = { {  0.902332,  0.000000,  0.431043 },
					   { -0.053132,  0.992374,  0.111225 },
					   { -0.427755, -0.123264,  0.895450 } }
		},
		cameraprops =
		{
			fovh = 20,
			hvaspect = 1.85,
			nearplane = 1,
			farplane = 100000
		}
	},

	{
		entity_name = "Cam_02_A_Trent_walk",
		type = CAMERA,
		template_name = "",
		lt_grp = 0, srt_grp = 0, usr_flg = 0,
		flags = HIDDEN,
		spatialprops =
		{
			pos = { -5.035436, 1.628465, -5.198232 },
			orient = { {  0.963965,  0.000000,  0.266029 },
					   {  0.014084,  0.998598, -0.051035 },
					   { -0.265656,  0.052943,  0.962613 } }
		},
		cameraprops =
		{
			fovh = 20,
			hvaspect = 1.85,
			nearplane = 1,
			farplane = 3000
		}
	},

	{
		entity_name = "Char_br_male_order_pilot_1",
		type = DEFORMABLE,
		template_name = "ku_male_guard_1",
		lt_grp = 0, srt_grp = 0, usr_flg = 0,
		flags = LIT_DYNAMIC,
		spatialprops =
		{
			pos = { -9.902309, 0, -15.67891 },
			orient = { {  0.993268,  0.000000, -0.115838 },
					   {  0.000000,  1.000000,  0.000000 },
					   {  0.115838,  0.000000,  0.993268 } }
		},
		compoundprops =
		{
			floor_height = 0
		},
		userprops =
		{
			actor = "br_male_order1",
			category = "Character",
		}
	},

	{
		entity_name = "Cam_02_B_AC2_Ozu",
		type = CAMERA,
		template_name = "",
		lt_grp = 0, srt_grp = 0, usr_flg = 0,
		flags = HIDDEN,
		spatialprops =
		{
			pos = { -7.792219, 1.531973, -1.473761 },
			orient = { {  0.979833,  0.000000, -0.199817 },
					   { -0.007521,  0.999291, -0.036881 },
					   {  0.199676,  0.037640,  0.979139 } }
		},
		cameraprops =
		{
			fovh = 20,
			hvaspect = 1.85,
			nearplane = 1,
			farplane = 100000
		}
	},

	{
		entity_name = "Camera_2",
		type = CAMERA,
		template_name = "",
		lt_grp = 0, srt_grp = 0, usr_flg = 0,
		flags = HIDDEN,
		spatialprops =
		{
			pos = { -8.236469, 1.358613, -0.39011 },
			orient = { {  0.995111,  0.000000, -0.098763 },
					   { -0.003499,  0.999372, -0.035250 },
					   {  0.098701,  0.035424,  0.994486 } }
		},
		cameraprops =
		{
			fovh = 20,
			hvaspect = 1.85,
			nearplane = 1,
			farplane = 100000
		}
	},

	{
		entity_name = "Camera_3",
		type = CAMERA,
		template_name = "",
		lt_grp = 0, srt_grp = 0, usr_flg = 0,
		flags = HIDDEN,
		spatialprops =
		{
			pos = { -9.712871, 0.409416, 1.080965 },
			orient = { {  0.978852,  0.000000,  0.204569 },
					   { -0.038329,  0.982290,  0.183404 },
					   { -0.200946, -0.187367,  0.961517 } }
		},
		cameraprops =
		{
			fovh = 30,
			hvaspect = 1.85,
			nearplane = 0.1,
			farplane = 100000
		}
	},

	{
		entity_name = "dx_s046x_0201_Ozu_1",
		type = SOUND,
		template_name = "dx_s046x_0201_Ozu",
		lt_grp = 0, srt_grp = 0, usr_flg = 0,
		spatialprops =
		{
			pos = { 0, 0, 0 },
			orient = { { 1, 0, 0 }, { 0, 1, 0 }, { 0, 0, 1 } }
		},
		audioprops =
		{
			attenuation = -1,
			pan = 0,
			dmin = 50,
			dmax = 1000,
			ain = 360,
			aout = 360,
			atout = 0,
			rmix = 0,
		},
		userprops =
		{
			category = "Audio",
		}
	},

	{
		entity_name = "Char_Ozu_Orient_Marker_1",
		type = MARKER,
		template_name = "",
		lt_grp = 0, srt_grp = 0, usr_flg = 0,
		spatialprops =
		{
			pos = { -8.903993, 0.972928, -4.548615 },
			orient = { {  0.998374,  0.000000, -0.057008 },
					   {  0.000000,  1.000000,  0.000000 },
					   {  0.057008,  0.000000,  0.998374 } }
		}
	},

	{
		entity_name = "Camera_3_target",
		type = CAMERA,
		template_name = "",
		lt_grp = 0, srt_grp = 0, usr_flg = 0,
		flags = HIDDEN,
		spatialprops =
		{
			pos = { -7.872807, 1.704942, -3.011784 },
			orient = { {  0.933871,  0.000000, -0.357609 },
					   { -0.057624,  0.986932, -0.150480 },
					   {  0.352936,  0.161136,  0.921668 } }
		},
		cameraprops =
		{
			fovh = 30,
			hvaspect = 1.85,
			nearplane = 0.5,
			farplane = 100000
		}
	},

	{
		entity_name = "Char_Trent_Pos_Marker_2",
		type = MARKER,
		template_name = "",
		lt_grp = 0, srt_grp = 0, usr_flg = 0,
		spatialprops =
		{
			pos = { -7.725078, 0.972884, -3.550681 },
			orient = { { -0.711026,  0.000000, -0.703165 },
					   {  0.000000,  1.000000,  0.000000 },
					   {  0.703165,  0.000000, -0.711026 } }
		}
	},

	{
		entity_name = "Char_Trent_Pos_Path_1",
		type = MOTION_PATH,
		template_name = "",
		lt_grp = 0, srt_grp = 0, usr_flg = 0,
		spatialprops =
		{
			pos = { -7.699136, 0.972967, -3.548578 },
			orient = { { -0.694600,  0.000000, -0.719396 },
					   {  0.000000,  1.000000,  0.000000 },
					   {  0.719396,  0.000000, -0.694600 } }
		},
		pathprops =
		{
			path_type = "CV_CROrientationSplinePath",
			path_data = "OPEN,{0.000000,0.000000,0.000000}, {1.000000,0.000000,0.000000,0.000000}, {-0.052675,0.002234,7.409176}, {1.000000,0.000000,0.000490,0.000000}, "
		}
	},

	{
		entity_name = "Char_Ozu_Pos_Marker_3",
		type = MARKER,
		template_name = "",
		lt_grp = 0, srt_grp = 0, usr_flg = 0,
		spatialprops =
		{
			pos = { -8.469418, 0.970991, -4.992402 },
			orient = { { -0.997729,  0.000000,  0.067359 },
					   {  0.000000,  1.000000,  0.000000 },
					   { -0.067359,  0.000000, -0.997729 } }
		}
	},

	{
		entity_name = "Char_Ozu_Pos_Marker_2",
		type = MARKER,
		template_name = "",
		lt_grp = 0, srt_grp = 0, usr_flg = 0,
		spatialprops =
		{
			pos = { -8.786802, 0.974215, -7.869501 },
			orient = { {  0.999914, -0.000014, -0.013144 },
					   {  0.000014,  1.000000, -0.000015 },
					   {  0.013144,  0.000014,  0.999914 } }
		}
	},

	{
		entity_name = "Camera_4",
		type = CAMERA,
		template_name = "",
		lt_grp = 0, srt_grp = 0, usr_flg = 0,
		flags = HIDDEN,
		spatialprops =
		{
			pos = { -7.003514, 1.338013, -0.015198 },
			orient = { {  0.917873,  0.000000, -0.396875 },
					   { -0.018108,  0.998959, -0.041879 },
					   {  0.396461,  0.045626,  0.916917 } }
		},
		cameraprops =
		{
			fovh = 20,
			hvaspect = 1.85,
			nearplane = 1,
			farplane = 100000
		}
	},

	{
		entity_name = "Camera_9",
		type = CAMERA,
		template_name = "",
		lt_grp = 0, srt_grp = 0, usr_flg = 0,
		flags = HIDDEN,
		spatialprops =
		{
			pos = { -8.093218, 1.714715, -1.101045 },
			orient = { {  0.995490,  0.000000, -0.094870 },
					   { -0.012562,  0.991195, -0.131814 },
					   {  0.094034,  0.132411,  0.986724 } }
		},
		cameraprops =
		{
			fovh = 20,
			hvaspect = 1.85,
			nearplane = 1,
			farplane = 100000
		}
	},

	{
		entity_name = "Char_Ozu_Orient_Marker_2",
		type = MARKER,
		template_name = "",
		lt_grp = 0, srt_grp = 0, usr_flg = 0,
		spatialprops =
		{
			pos = { -6.949103, 0.927278, -13.09264 },
			orient = { { -0.979995,  0.000000,  0.199020 },
					   {  0.000000,  1.000000,  0.000000 },
					   { -0.199020,  0.000000, -0.979995 } }
		}
	},

	{
		entity_name = "Char_br_ml_Orient_Marker_1",
		type = MARKER,
		template_name = "",
		lt_grp = 0, srt_grp = 0, usr_flg = 0,
		spatialprops =
		{
			pos = { -8.467546, 0.939671, -14.86594 },
			orient = { {  0.532891,  0.000003,  0.846184 },
					   {  0.000001,  1.000000, -0.000004 },
					   { -0.846184,  0.000002,  0.532891 } }
		}
	},

	{
		entity_name = "IKage_Path_Verticle",
		type = MOTION_PATH,
		template_name = "",
		lt_grp = 0, srt_grp = 0, usr_flg = 0,
		spatialprops =
		{
			pos = { 4.835911, 0, -2.991426 },
			orient = { { 1, 0, 0 }, { 0, 1, 0 }, { 0, 0, 1 } }
		},
		pathprops =
		{
			path_type = "CV_CROrientationSplinePath",
			path_data = "OPEN,{0.000000,-1.032044,0.000000}, {1.000000,0.000000,0.000000,0.000000}, {0.000000,1.074987,0.000000}, {1.000000,0.000000,0.000000,0.000000}, "
		}
	},

	{
		entity_name = "IKage_Path_Horizontal",
		type = MOTION_PATH,
		template_name = "",
		lt_grp = 0, srt_grp = 0, usr_flg = 0,
		spatialprops =
		{
			pos = { 0, 0, 0 },
			orient = { { 1, 0, 0 }, { 0, 1, 0 }, { 0, 0, 1 } }
		},
		pathprops =
		{
			path_type = "CV_CROrientationSplinePath",
			path_data = "OPEN,{-1.258856,0.000000,1.032481}, {1.000000,0.000000,0.000000,0.000000}, {-0.961185,0.000000,0.287972}, {1.000000,0.000000,0.000000,0.000000}, {0.000000,0.000000,0.000000}, {1.000000,0.000000,0.000000,0.000000}, {0.855842,0.000000,0.259450}, {1.000000,0.000000,0.000000,0.000000}, {1.198615,0.000000,1.039256}, {1.000000,0.000000,0.000000,0.000000}, "
		}
	},

	{
		entity_name = "IKage_Marker_Horizontal",
		type = MARKER,
		template_name = "",
		lt_grp = 0, srt_grp = 0, usr_flg = 0,
		spatialprops =
		{
			pos = { 0, 0, 0 },
			orient = { { 1, 0, 0 }, { 0, 1, 0 }, { 0, 0, 1 } }
		}
	},

	{
		entity_name = "Prop_ship__rtcprop_p_elite_1",
		type = COMPOUND,
		template_name = "rtcprop_k_dragon",
		lt_grp = 3, srt_grp = 0, usr_flg = 0,
		flags = LIT_DYNAMIC,
		spatialprops =
		{
			pos = { -12.42653, 7.525613, -24.72359 },
			orient = { {  0.380373,  0.000000,  0.924833 },
					   {  0.000000,  1.000000,  0.000000 },
					   { -0.924833,  0.000000,  0.380373 } }
		},
		userprops =
		{
			category = "Spaceship",
			loadout = "MSN08_Ozu",
			Priority = "FG_Ship_1",
			running_lights = "True",
		}
	},

	{
		entity_name = "Path_Pirate_ships_1",
		type = MOTION_PATH,
		template_name = "",
		lt_grp = 0, srt_grp = 0, usr_flg = 0,
		spatialprops =
		{
			pos = { 320.0624, 66.21633, -509.2933 },
			orient = { { 1, 0, 0 }, { 0, 1, 0 }, { 0, 0, 1 } }
		},
		pathprops =
		{
			path_type = "CV_CROrientationSplinePath",
			path_data = "OPEN,{-146.398956,114.531883,-172.034454}, {0.210143,-0.131049,0.967045,0.059081}, {-263.939789,50.139175,119.268951}, {0.330178,0.111282,0.935153,0.063925}, {-361.817078,-2.826916,377.829620}, {-0.059880,0.302903,0.951023,-0.014795}, {-264.909607,-58.405190,533.780212}, {-0.413062,0.247099,0.874864,-0.054170}, {-137.594299,-62.767334,686.402832}, {0.552140,-0.163050,-0.813859,0.078668}, "
		}
	},

	{
		entity_name = "Prop_ship__rtcprop_p_elite_2",
		type = COMPOUND,
		template_name = "rtcprop_k_dragon",
		lt_grp = 3, srt_grp = 0, usr_flg = 0,
		flags = LIT_DYNAMIC,
		spatialprops =
		{
			pos = { 6.233979, 5.298301, 874.4633 },
			orient = { {  0.551289,  0.000000, -0.834315 },
					   {  0.000000,  1.000000,  0.000000 },
					   {  0.834315,  0.000000,  0.551289 } }
		},
		userprops =
		{
			category = "Spaceship",
			loadout = "fc_bd_ku_dragon_loadout01",
			Priority = "BG_Ship_1",
			running_lights = "True",
		}
	},

	{
		entity_name = "Prop_ship__rtcprop_p_elite_2_engine_no_med",
		type = SOUND,
		template_name = "engine_no_medium",
		lt_grp = 0, srt_grp = 0, usr_flg = 0,
		flags = SPATIAL,
		spatialprops =
		{
			pos = { 0, 0, 0 },
			orient = { { 1, 0, 0 }, { 0, 1, 0 }, { 0, 0, 1 } }
		},
		audioprops =
		{
			attenuation = 0,
			pan = 0,
			dmin = 150,
			dmax = 1500,
			ain = 360,
			aout = 360,
			atout = 0,
			rmix = 0,
		},
		userprops =
		{
			category = "Audio",
			Priority = "Engine_Sound_1",
		}
	},

	{
		entity_name = "Prop_ship__rtcprop_p_elite_3",
		type = COMPOUND,
		template_name = "rtcprop_k_dragon",
		lt_grp = 3, srt_grp = 0, usr_flg = 0,
		flags = LIT_DYNAMIC,
		spatialprops =
		{
			pos = { 6.233979, 5.298301, 874.4633 },
			orient = { {  0.551289,  0.000000, -0.834315 },
					   {  0.000000,  1.000000,  0.000000 },
					   {  0.834315,  0.000000,  0.551289 } }
		},
		userprops =
		{
			category = "Spaceship",
			loadout = "fc_bd_ku_dragon_loadout01",
			Priority = "BG_Ship_1",
			running_lights = "True",
		}
	},

	{
		entity_name = "Char_Trent_Head_Marker_1",
		type = MARKER,
		template_name = "",
		lt_grp = 0, srt_grp = 0, usr_flg = 0,
		spatialprops =
		{
			pos = { -8.373912, 1.686384, -3.324399 },
			orient = { { -0.329301,  0.000000, -0.944225 },
					   {  0.000000,  1.000000,  0.000000 },
					   {  0.944225,  0.000000, -0.329301 } }
		}
	},

	{
		entity_name = "Char_Trent_Head_Marker_2",
		type = MARKER,
		template_name = "",
		lt_grp = 0, srt_grp = 0, usr_flg = 0,
		spatialprops =
		{
			pos = { -8.589236, 1.686384, -3.941815 },
			orient = { { -0.329301,  0.000000, -0.944225 },
					   {  0.000000,  1.000000,  0.000000 },
					   {  0.944225,  0.000000, -0.329301 } }
		}
	},

	{
		entity_name = "Cam_01_Wide",
		type = CAMERA,
		template_name = "",
		lt_grp = 0, srt_grp = 0, usr_flg = 0,
		spatialprops =
		{
			pos = { 7.960249, 20.90466, -2.901845 },
			orient = { {  0.998755,  0.000000, -0.049887 },
					   {  0.017873,  0.933617,  0.357827 },
					   {  0.046576, -0.358273,  0.932454 } }
		},
		cameraprops =
		{
			fovh = 30,
			hvaspect = 1.85,
			nearplane = 5,
			farplane = 3000
		}
	},

	{
		entity_name = "Camera_1A_target",
		type = CAMERA,
		template_name = "",
		lt_grp = 0, srt_grp = 0, usr_flg = 0,
		flags = HIDDEN,
		spatialprops =
		{
			pos = { -7.587963, 1.22829, 2.554848 },
			orient = { {  0.998670,  0.000000,  0.051564 },
					   { -0.006133,  0.992902,  0.118775 },
					   { -0.051198, -0.118933,  0.991581 } }
		},
		cameraprops =
		{
			fovh = 30,
			hvaspect = 1.85,
			nearplane = 2,
			farplane = 30000
		}
	},

	{
		entity_name = "Cam_06_PCO",
		type = CAMERA,
		template_name = "",
		lt_grp = 0, srt_grp = 0, usr_flg = 0,
		flags = HIDDEN,
		spatialprops =
		{
			pos = { -9.189801, 1.426446, -2.322909 },
			orient = { {  0.767259,  0.000000,  0.641338 },
					   { -0.036064,  0.998418,  0.043145 },
					   { -0.640323, -0.056233,  0.766045 } }
		},
		cameraprops =
		{
			fovh = 20,
			hvaspect = 1.85,
			nearplane = 0.1,
			farplane = 100000
		}
	},

	{
		entity_name = "Cam_01_Path",
		type = MOTION_PATH,
		template_name = "",
		lt_grp = 0, srt_grp = 0, usr_flg = 0,
		spatialprops =
		{
			pos = { -4.05967, 8.41145, 1.662092 },
			orient = { { 1, 0, 0 }, { 0, 1, 0 }, { 0, 0, 1 } }
		},
		pathprops =
		{
			path_type = "CV_CROrientationSplinePath",
			path_data = "OPEN,{12.019919,12.493207,-4.563937}, {0.982958,0.182129,0.024534,-0.004546}, {4.245813,2.655023,-1.835590}, {0.985334,0.161690,-0.054339,0.004546}, {-3.528293,-7.183160,0.892756}, {0.997892,0.059553,-0.025745,0.001536}, "
		}
	},

	{
		entity_name = "Camera_3A",
		type = CAMERA,
		template_name = "",
		lt_grp = 0, srt_grp = 0, usr_flg = 0,
		flags = HIDDEN,
		spatialprops =
		{
			pos = { -8.92997, 1.620086, -1.859769 },
			orient = { {  0.971614,  0.000000,  0.236572 },
					   {  0.014909,  0.998012, -0.061232 },
					   { -0.236102,  0.063021,  0.969683 } }
		},
		cameraprops =
		{
			fovh = 20,
			hvaspect = 1.85,
			nearplane = 0.2,
			farplane = 30000
		}
	},

	{
		entity_name = "Char_br_ml_Pos_Marker_1",
		type = MARKER,
		template_name = "",
		lt_grp = 0, srt_grp = 0, usr_flg = 0,
		spatialprops =
		{
			pos = { -9.15822, 0.973031, -8.947651 },
			orient = { { -0.988696,  0.000000,  0.149934 },
					   {  0.000000,  1.000000,  0.000000 },
					   { -0.149934,  0.000000, -0.988696 } }
		}
	},

	{
		entity_name = "Char_assistant_male_1",
		type = DEFORMABLE,
		template_name = "ku_male_guard_3",
		lt_grp = 0, srt_grp = 0, usr_flg = 0,
		flags = LIT_DYNAMIC,
		spatialprops =
		{
			pos = { -10.5731, 0, -16.84283 },
			orient = { { -0.946393,  0.000000,  0.323018 },
					   {  0.000000,  1.000000,  0.000000 },
					   { -0.323018,  0.000000, -0.946393 } }
		},
		compoundprops =
		{
			floor_height = 0
		},
		userprops =
		{
			actor = "assistant_male",
			category = "Character",
			Priority = "BG_Extras_1",
		}
	},

	{
		entity_name = "Cam_07_ACO_Juni",
		type = CAMERA,
		template_name = "",
		lt_grp = 0, srt_grp = 0, usr_flg = 0,
		flags = HIDDEN,
		spatialprops =
		{
			pos = { -7.067088, 1.614517, -3.077309 },
			orient = { {  0.269219,  0.000000, -0.963079 },
					   { -0.076218,  0.996863, -0.021306 },
					   {  0.960058,  0.079140,  0.268375 } }
		},
		cameraprops =
		{
			fovh = 20,
			hvaspect = 1.85,
			nearplane = 0.1,
			farplane = 100000
		}
	},

	{
		entity_name = "Char_br_ml_Head_Marker_1",
		type = MARKER,
		template_name = "",
		lt_grp = 0, srt_grp = 0, usr_flg = 0,
		spatialprops =
		{
			pos = { -9.482109, 1.485242, -6.121815 },
			orient = { { -0.990783,  0.000000,  0.135457 },
					   {  0.000000,  1.000000,  0.000000 },
					   { -0.135457,  0.000000, -0.990783 } }
		}
	},

	{
		entity_name = "gf_rtc_shipcushion_Marker_1",
		type = MARKER,
		template_name = "",
		lt_grp = 0, srt_grp = 0, usr_flg = 0,
		flags = REFERENCE,
		spatialprops =
		{
			pos = { 2.702334, 0, 4.569228 },
			orient = { { -0.931661,  0.000000,  0.363330 },
					   {  0.000000,  1.000000,  0.000000 },
					   { -0.363330,  0.000000, -0.931661 } }
		}
	},

	{
		entity_name = "Char_br_ml_Orient_Marker_2",
		type = MARKER,
		template_name = "",
		lt_grp = 0, srt_grp = 0, usr_flg = 0,
		spatialprops =
		{
			pos = { -4.859864, 0.947351, -8.445647 },
			orient = { {  0.873524,  0.000000,  0.486782 },
					   {  0.000000,  1.000000,  0.000000 },
					   { -0.486782,  0.000000,  0.873524 } }
		}
	},

	{
		entity_name = "dx_s046x_1504_ozu_asst_1_1",
		type = SOUND,
		template_name = "dx_s046x_1504_ozu_asst_1",
		lt_grp = 0, srt_grp = 0, usr_flg = 0,
		spatialprops =
		{
			pos = { 0, 0, 0 },
			orient = { { 1, 0, 0 }, { 0, 1, 0 }, { 0, 0, 1 } }
		},
		audioprops =
		{
			attenuation = 0,
			pan = 0,
			dmin = 50,
			dmax = 300,
			ain = 360,
			aout = 360,
			atout = 0,
			rmix = 0,
		},
		userprops =
		{
			category = "Audio",
		}
	},

	{
		entity_name = "Char_br_ml_Head_Marker_2",
		type = MARKER,
		template_name = "",
		lt_grp = 0, srt_grp = 0, usr_flg = 0,
		spatialprops =
		{
			pos = { -9.625078, 1.614206, -6.133128 },
			orient = { { -0.990783,  0.000000,  0.135457 },
					   {  0.000000,  1.000000,  0.000000 },
					   { -0.135457,  0.000000, -0.990783 } }
		}
	},

	{
		entity_name = "Cam_04_Wide",
		type = CAMERA,
		template_name = "",
		lt_grp = 0, srt_grp = 0, usr_flg = 0,
		flags = HIDDEN,
		spatialprops =
		{
			pos = { -11.81736, 1.313897, 0.523727 },
			orient = { {  0.888976,  0.000000,  0.457953 },
					   {  0.008081,  0.999844, -0.015687 },
					   { -0.457882,  0.017646,  0.888838 } }
		},
		cameraprops =
		{
			fovh = 30,
			hvaspect = 1.85,
			nearplane = 0.5,
			farplane = 3000
		}
	},

	{
		entity_name = "Camera_3_Ex_copy_1",
		type = CAMERA,
		template_name = "",
		lt_grp = 0, srt_grp = 0, usr_flg = 0,
		flags = HIDDEN,
		spatialprops =
		{
			pos = { -8.93628, 1.427323, -0.290191 },
			orient = { {  0.984113,  0.000000,  0.177542 },
					   {  0.023501,  0.991201, -0.130265 },
					   { -0.175980,  0.132368,  0.975454 } }
		},
		cameraprops =
		{
			fovh = 30,
			hvaspect = 1.85,
			nearplane = 0.1,
			farplane = 100000
		}
	},

	{
		entity_name = "Cam_04_Path",
		type = MOTION_PATH,
		template_name = "",
		lt_grp = 0, srt_grp = 0, usr_flg = 0,
		spatialprops =
		{
			pos = { 0.037623, 0, 0.21785 },
			orient = { { 1, 0, 0 }, { 0, 1, 0 }, { 0, 0, 1 } }
		},
		pathprops =
		{
			path_type = "CV_CROrientationSplinePath",
			path_data = "OPEN,{-11.817362,1.313897,0.523727}, {0.971810,-0.008575,-0.235600,-0.002079}, {-10.295730,1.356979,0.487750}, {0.983906,-0.038720,-0.174352,-0.005532}, {-8.936280,1.427323,-0.290191}, {0.993827,-0.066066,-0.088929,-0.005912}, {-8.256595,1.723036,-3.001152}, {0.995582,-0.093465,-0.008991,-0.000844}, "
		}
	},

	{
		entity_name = "Char_Ozu_Orient_Marker_3",
		type = MARKER,
		template_name = "",
		lt_grp = 0, srt_grp = 0, usr_flg = 0,
		spatialprops =
		{
			pos = { -8.56401, 0.974285, -4.327433 },
			orient = { { -0.851848,  0.000000,  0.523789 },
					   {  0.000000,  1.000000,  0.000000 },
					   { -0.523789,  0.000000, -0.851848 } }
		}
	},

	{
		entity_name = "Camera_4_target",
		type = CAMERA,
		template_name = "",
		lt_grp = 0, srt_grp = 0, usr_flg = 0,
		flags = HIDDEN,
		spatialprops =
		{
			pos = { -6.565403, 1.664208, -1.671389 },
			orient = { {  0.681310,  0.000000, -0.731995 },
					   { -0.082798,  0.993582, -0.077065 },
					   {  0.727297,  0.113113,  0.676938 } }
		},
		cameraprops =
		{
			fovh = 20,
			hvaspect = 1.85,
			nearplane = 1,
			farplane = 100000
		}
	},

	{
		entity_name = "Camera_5",
		type = CAMERA,
		template_name = "",
		lt_grp = 0, srt_grp = 0, usr_flg = 0,
		flags = HIDDEN,
		spatialprops =
		{
			pos = { 0, 0, 0 },
			orient = { { 1, 0, 0 }, { 0, 1, 0 }, { 0, 0, 1 } }
		},
		cameraprops =
		{
			fovh = 20,
			hvaspect = 1.85,
			nearplane = 0.2,
			farplane = 1000
		}
	},

	{
		entity_name = "Old_Ozu_Ship_Mkr",
		type = MARKER,
		template_name = "",
		lt_grp = 0, srt_grp = 0, usr_flg = 0,
		spatialprops =
		{
			pos = { -1.88421, 7.525613, -30.48084 },
			orient = { {  0.551288,  0.000000, -0.834315 },
					   {  0.000000,  1.000000,  0.000000 },
					   {  0.834315,  0.000000,  0.551288 } }
		}
	},

	{
		entity_name = "Char_Trent_Head_Marker_3",
		type = MARKER,
		template_name = "",
		lt_grp = 0, srt_grp = 0, usr_flg = 0,
		spatialprops =
		{
			pos = { -3.088173, 4.034826, 8.17721 },
			orient = { { -0.695305,  0.000000, -0.718715 },
					   {  0.000000,  1.000000,  0.000000 },
					   {  0.718715,  0.000000, -0.695305 } }
		}
	},

	{
		entity_name = "Char_Trent_Head_Marker_3_target",
		type = MARKER,
		template_name = "",
		lt_grp = 0, srt_grp = 0, usr_flg = 0,
		spatialprops =
		{
			pos = { -12.56892, 4.034826, -12.37157 },
			orient = { { -0.695305,  0.000000, -0.718715 },
					   {  0.000000,  1.000000,  0.000000 },
					   {  0.718715,  0.000000, -0.695305 } }
		}
	},

	{
		entity_name = "Prop_ship__rtcprop_p_elite_gf_ku_smallengine03_fire_1",
		type = PSYS,
		template_name = "gf_ku_smallengine03_fire",
		lt_grp = 0, srt_grp = 0, usr_flg = 0,
		flags = LIT_DYNAMIC + LIT_AMBIENT,
		spatialprops =
		{
			pos = { 0, 10.24701, 0 },
			orient = { { 1, 0, 0 }, { 0, 1, 0 }, { 0, 0, 1 } }
		},
		psysprops =
		{
			sparam = 0
		},
		userprops =
		{
			Priority = "Engine_FX_1",
		}
	},

	{
		entity_name = "Prop_ship__rtcprop_p_elite_gf_ku_smallengine03_fire_2",
		type = PSYS,
		template_name = "gf_ku_smallengine03_fire",
		lt_grp = 0, srt_grp = 0, usr_flg = 0,
		flags = LIT_DYNAMIC + LIT_AMBIENT,
		spatialprops =
		{
			pos = { 0, 10.24701, 0 },
			orient = { { 1, 0, 0 }, { 0, 1, 0 }, { 0, 0, 1 } }
		},
		psysprops =
		{
			sparam = 0
		},
		userprops =
		{
			Priority = "Engine_FX_1",
		}
	},

	{
		entity_name = "Prop_ship__rtcprop_p_elite_gf_ku_smallengine03_fire_3",
		type = PSYS,
		template_name = "gf_ku_smallengine03_fire",
		lt_grp = 0, srt_grp = 0, usr_flg = 0,
		flags = LIT_DYNAMIC + LIT_AMBIENT,
		spatialprops =
		{
			pos = { 0, 10.24701, 0 },
			orient = { { 1, 0, 0 }, { 0, 1, 0 }, { 0, 0, 1 } }
		},
		psysprops =
		{
			sparam = 0
		},
		userprops =
		{
			Priority = "Engine_FX_1",
		}
	},

	{
		entity_name = "Prop_ship__rtcprop_p_elite_gf_ku_smallengine03_fire_4",
		type = PSYS,
		template_name = "gf_ku_smallengine03_fire",
		lt_grp = 0, srt_grp = 0, usr_flg = 0,
		flags = LIT_DYNAMIC + LIT_AMBIENT,
		spatialprops =
		{
			pos = { 0, 10.24701, 0 },
			orient = { { 1, 0, 0 }, { 0, 1, 0 }, { 0, 0, 1 } }
		},
		psysprops =
		{
			sparam = 0
		},
		userprops =
		{
			Priority = "Engine_FX_1",
		}
	},

	{
		entity_name = "Cam_03_ACO_Juni",
		type = CAMERA,
		template_name = "",
		lt_grp = 0, srt_grp = 0, usr_flg = 0,
		flags = HIDDEN,
		spatialprops =
		{
			pos = { -6.975278, 1.630973, -2.98815 },
			orient = { {  0.269402,  0.000000, -0.963028 },
					   { -0.104752,  0.994067, -0.029304 },
					   {  0.957314,  0.108774,  0.267804 } }
		},
		cameraprops =
		{
			fovh = 20,
			hvaspect = 1.85,
			nearplane = 0.4,
			farplane = 3000
		}
	},

	{
		entity_name = "Char_Ozu_Pos_Marker_4",
		type = MARKER,
		template_name = "",
		lt_grp = 0, srt_grp = 0, usr_flg = 0,
		spatialprops =
		{
			pos = { -8.56627, 0.97285, -4.300554 },
			orient = { { -0.988092,  0.000000,  0.153863 },
					   {  0.000000,  1.000000,  0.000000 },
					   { -0.153863,  0.000000, -0.988092 } }
		}
	},

	{
		entity_name = "Cam_08_Wide_A_Tr_Juni",
		type = CAMERA,
		template_name = "",
		lt_grp = 0, srt_grp = 0, usr_flg = 0,
		flags = HIDDEN,
		spatialprops =
		{
			pos = { -6.69181, 0.440484, 5.446335 },
			orient = { {  0.988522,  0.000000, -0.151079 },
					   {  0.020023,  0.991178,  0.131015 },
					   {  0.149746, -0.132536,  0.979801 } }
		},
		cameraprops =
		{
			fovh = 20,
			hvaspect = 1.85,
			nearplane = 1,
			farplane = 100000
		}
	},

	{
		entity_name = "Cam_08_Wide_B_Tr",
		type = CAMERA,
		template_name = "",
		lt_grp = 0, srt_grp = 0, usr_flg = 0,
		flags = HIDDEN,
		spatialprops =
		{
			pos = { -9.401748, 0.372183, 5.914023 },
			orient = { {  0.999304,  0.000000,  0.037309 },
					   { -0.005233,  0.990116,  0.140154 },
					   { -0.036941, -0.140251,  0.989427 } }
		},
		cameraprops =
		{
			fovh = 20,
			hvaspect = 1.85,
			nearplane = 1,
			farplane = 100000
		}
	},

	{
		entity_name = "X/Shipcentre/01",
		type = MARKER,
		template_name = "",
		lt_grp = 0, srt_grp = 0, usr_flg = 0,
		flags = REFERENCE,
		spatialprops =
		{
			pos = { 2.702334, 0, 4.569228 },
			orient = { { -0.931661,  0.000000,  0.363330 },
					   {  0.000000,  1.000000,  0.000000 },
					   { -0.363330,  0.000000, -0.931661 } }
		}
	},

	{
		entity_name = "Camera_3_Ex_Target",
		type = CAMERA,
		template_name = "",
		lt_grp = 0, srt_grp = 0, usr_flg = 0,
		flags = HIDDEN,
		spatialprops =
		{
			pos = { -8.218971, 1.723036, -2.783302 },
			orient = { {  0.999837,  0.000000,  0.018061 },
					   {  0.003361,  0.982527, -0.186089 },
					   { -0.017745,  0.186119,  0.982367 } }
		},
		cameraprops =
		{
			fovh = 30,
			hvaspect = 1.85,
			nearplane = 0.1,
			farplane = 1000000
		}
	},

	{
		entity_name = "Cam_02_C_3shot_Juni",
		type = CAMERA,
		template_name = "",
		lt_grp = 0, srt_grp = 0, usr_flg = 0,
		flags = HIDDEN,
		spatialprops =
		{
			pos = { -7.825037, 1.475578, -0.942689 },
			orient = { {  0.970182,  0.000000, -0.242376 },
					   { -0.011221,  0.998928, -0.044917 },
					   {  0.242116,  0.046297,  0.969142 } }
		},
		cameraprops =
		{
			fovh = 20,
			hvaspect = 1.85,
			nearplane = 1,
			farplane = 100000
		}
	},

	{
		entity_name = "Cam_05_3shot",
		type = CAMERA,
		template_name = "",
		lt_grp = 0, srt_grp = 0, usr_flg = 0,
		flags = HIDDEN,
		spatialprops =
		{
			pos = { -7.889643, 1.33291, 0.284002 },
			orient = { {  0.985219,  0.000000, -0.171301 },
					   { -0.007763,  0.998973, -0.044649 },
					   {  0.171125,  0.045319,  0.984206 } }
		},
		cameraprops =
		{
			fovh = 20,
			hvaspect = 1.85,
			nearplane = 1,
			farplane = 100000
		}
	},

	{
		entity_name = "Cam_05_Path",
		type = MOTION_PATH,
		template_name = "",
		lt_grp = 0, srt_grp = 0, usr_flg = 0,
		spatialprops =
		{
			pos = { 0, 0, 0 },
			orient = { { 1, 0, 0 }, { 0, 1, 0 }, { 0, 0, 1 } }
		},
		pathprops =
		{
			path_type = "CV_CROrientationSplinePath",
			path_data = "OPEN,{-7.889643,1.332910,0.284002}, {0.996042,-0.022581,0.085947,0.001948}, {-7.024305,1.498559,-0.486768}, {0.968580,-0.037761,0.245502,0.012446}, {-6.565403,1.664208,-1.671389}, {0.915400,-0.051938,0.398539,0.022613}, "
		}
	},

	{
		entity_name = "Char_Trent_fs_ml_steel01_1",
		type = SOUND,
		template_name = "fs_ml_steel01",
		lt_grp = 0, srt_grp = 0, usr_flg = 0,
		spatialprops =
		{
			pos = { 0, 0, 0 },
			orient = { { 1, 0, 0 }, { 0, 1, 0 }, { 0, 0, 1 } }
		},
		audioprops =
		{
			attenuation = -40,
			pan = 20,
			dmin = 50,
			dmax = 300,
			ain = 360,
			aout = 360,
			atout = 0,
			rmix = 0,
		},
		userprops =
		{
			category = "Audio",
			Priority = "Steps_4",
		}
	},

	{
		entity_name = "Char_Trent_fs_mr_steel04_2",
		type = SOUND,
		template_name = "fs_mr_steel04",
		lt_grp = 0, srt_grp = 0, usr_flg = 0,
		spatialprops =
		{
			pos = { 0, 0, 0 },
			orient = { { 1, 0, 0 }, { 0, 1, 0 }, { 0, 0, 1 } }
		},
		audioprops =
		{
