duration = 146.466;

entities =
{

	{
		entity_name = "Layer_s051xb_nrml_Tekagi_pl_05_Spcl1",
		type = SCENE,
		template_name = "",
		lt_grp = 0, srt_grp = 0, usr_flg = 0,
		spatialprops =
		{
			pos = { 0, 0, 0 },
			orient = { { 1, 0, 0 }, { 0, 1, 0 }, { 0, 0, 1 } }
		},
		up = Y_AXIS,
		front = Z_AXIS,
		ambient = { 163, 163, 163 }
	},

	{
		entity_name = "Char_Akira",
		type = DEFORMABLE,
		template_name = "akiro",
		lt_grp = 5, srt_grp = 0, usr_flg = 0,
		flags = LIT_DYNAMIC,
		spatialprops =
		{
			pos = { 0, 23.1412, 36.5 },
			orient = { { -0.997477,  0.000000, -0.070986 },
					   {  0.000000,  1.000000,  0.000000 },
					   {  0.070986,  0.000000, -0.997477 } }
		},
		compoundprops =
		{
			floor_height = 23.1412
		},
		userprops =
		{
			actor = "akira",
			category = "Character",
		}
	},

	{
		entity_name = "Char_Ozu",
		type = DEFORMABLE,
		template_name = "ozu",
		lt_grp = 0, srt_grp = 0, usr_flg = 0,
		flags = LIT_DYNAMIC,
		spatialprops =
		{
			pos = { 1.159282, 4.938, 0 },
			orient = { { 1, 0, 0 }, { 0, 1, 0 }, { 0, 0, 1 } }
		},
		compoundprops =
		{
			floor_height = 4.938
		},
		userprops =
		{
			actor = "ozu",
			category = "Character",
		}
	},

	{
		entity_name = "Char_Tekagi",
		type = DEFORMABLE,
		template_name = "tekagi",
		lt_grp = 0, srt_grp = 0, usr_flg = 0,
		flags = LIT_DYNAMIC,
		spatialprops =
		{
			pos = { 3.109537, 4.938, 52.23489 },
			orient = { { 1, 0, 0 }, { 0, 1, 0 }, { 0, 0, 1 } }
		},
		compoundprops =
		{
			floor_height = 4.938
		},
		userprops =
		{
			actor = "tekagi",
			category = "Character",
		}
	},

	{
		entity_name = "Char_Trent",
		type = DEFORMABLE,
		template_name = "trent",
		lt_grp = 0, srt_grp = 0, usr_flg = 0,
		flags = LIT_DYNAMIC,
		spatialprops =
		{
			pos = { -0.113263, 4.938, 47.09396 },
			orient = { { 1, 0, 0 }, { 0, 1, 0 }, { 0, 0, 1 } }
		},
		compoundprops =
		{
			floor_height = 4.938
		},
		userprops =
		{
			actor = "player",
			category = "Character",
		}
	},

	{
		entity_name = "Mk_offscreen",
		type = MARKER,
		template_name = "",
		lt_grp = 0, srt_grp = 0, usr_flg = 0,
		spatialprops =
		{
			pos = { -178.008, 4.938, 241.3812 },
			orient = { {  0.463693,  0.000000,  0.885996 },
					   {  0.000000,  1.000000,  0.000000 },
					   { -0.885996,  0.000000,  0.463693 } }
		}
	},

	{
		entity_name = "prop_ku_sanctum_chair_Ozu",
		type = COMPOUND,
		template_name = "ku_sanctum_chair",
		lt_grp = 0, srt_grp = 0, usr_flg = 0,
		flags = LIT_DYNAMIC,
		spatialprops =
		{
			pos = { 1.497417, 4.938, 54.9338 },
			orient = { { -0.020260,  0.000000, -0.999795 },
					   {  0.000000,  1.000000,  0.000000 },
					   {  0.999795,  0.000000, -0.020260 } }
		},
		userprops =
		{
			category = "Prop",
		}
	},

	{
		entity_name = "prop_ku_sanctum_shrine",
		type = COMPOUND,
		template_name = "ku_sanctum_shrine",
		lt_grp = 0, srt_grp = 0, usr_flg = 0,
		flags = LIT_DYNAMIC,
		spatialprops =
		{
			pos = { -0.045372, 5.73552, 53.38514 },
			orient = { { -0.999976,  0.006848, -0.000674 },
					   { -0.000677, -0.000363,  1.000000 },
					   {  0.006848,  0.999977,  0.000367 } }
		},
		userprops =
		{
			category = "Prop",
		}
	},

	{
		entity_name = "prop_ozu_bomb",
		type = COMPOUND,
		template_name = "ozu_bomb",
		lt_grp = 0, srt_grp = 0, usr_flg = 0,
		flags = LIT_DYNAMIC,
		spatialprops =
		{
			pos = { -1.268856, 5.975689, 56.6274 },
			orient = { { -0.013299,  0.998276, -0.057160 },
					   { -0.057892, -0.057837, -0.996646 },
					   { -0.998234, -0.009945,  0.058562 } }
		},
		userprops =
		{
			category = "Prop",
		}
	},

	{
		entity_name = "prop_tome",
		type = COMPOUND,
		template_name = "tome",
		lt_grp = 0, srt_grp = 0, usr_flg = 0,
		flags = LIT_DYNAMIC,
		spatialprops =
		{
			pos = { -0.039243, 6.128085, 53.19228 },
			orient = { { -0.005554,  0.003061,  0.999980 },
					   { -0.999970, -0.005431, -0.005538 },
					   {  0.005414, -0.999981,  0.003091 } }
		},
		userprops =
		{
			category = "Prop",
		}
	},

	{
		entity_name = "prop_ku_sanctum_chair_Trent",
		type = COMPOUND,
		template_name = "ku_sanctum_chair",
		lt_grp = 0, srt_grp = 0, usr_flg = 0,
		flags = LIT_DYNAMIC,
		spatialprops =
		{
			pos = { -1.616764, 4.938, 55.97042 },
			orient = { { -0.932802,  0.000000,  0.360389 },
					   {  0.000000,  1.000000,  0.000000 },
					   { -0.360389,  0.000000, -0.932802 } }
		},
		userprops =
		{
			category = "Prop",
		}
	},

	{
		entity_name = "Char_O_Mk_loc_01_chair",
		type = MARKER,
		template_name = "",
		lt_grp = 0, srt_grp = 0, usr_flg = 0,
		spatialprops =
		{
			pos = { 1.623602, 4.938, 55.19267 },
			orient = { { -0.996702,  0.000000, -0.081150 },
					   {  0.000000,  1.000000,  0.000000 },
					   {  0.081150,  0.000000, -0.996702 } }
		}
	},

	{
		entity_name = "Char_Tr_Mk_loc_01_chair",
		type = MARKER,
		template_name = "",
		lt_grp = 0, srt_grp = 0, usr_flg = 0,
		spatialprops =
		{
			pos = { -1.565804, 4.938, 55.97968 },
			orient = { {  0.532246,  0.000000,  0.846590 },
					   {  0.000000,  1.000000,  0.000000 },
					   { -0.846590,  0.000000,  0.532246 } }
		}
	},

	{
		entity_name = "Char_ku_male_guard_1_Trent",
		type = DEFORMABLE,
		template_name = "ku_male_guard_1",
		lt_grp = 0, srt_grp = 0, usr_flg = 0,
		flags = LIT_DYNAMIC,
		spatialprops =
		{
			pos = { 0, 4.938, 0 },
			orient = { { 1, 0, 0 }, { 0, 1, 0 }, { 0, 0, 1 } }
		},
		compoundprops =
		{
			floor_height = 4.938
		},
		userprops =
		{
			actor = "ku_guard01",
			category = "Character",
		}
	},

	{
		entity_name = "Char_ku_male_guard_2_Ozu",
		type = DEFORMABLE,
		template_name = "ku_male_guard_2",
		lt_grp = 0, srt_grp = 0, usr_flg = 0,
		flags = LIT_DYNAMIC,
		spatialprops =
		{
			pos = { 0, 4.938, 0 },
			orient = { { 1, 0, 0 }, { 0, 1, 0 }, { 0, 0, 1 } }
		},
		compoundprops =
		{
			floor_height = 4.938
		},
		userprops =
		{
			actor = "ku_guard02",
			category = "Character",
		}
	},

	{
		entity_name = "Char_ku_male_guard_1_Mk_loc_01",
		type = MARKER,
		template_name = "",
		lt_grp = 0, srt_grp = 0, usr_flg = 0,
		spatialprops =
		{
			pos = { -0.92782, 4.938, 57.58957 },
			orient = { {  0.279178,  0.000000,  0.960239 },
					   {  0.000000,  1.000000,  0.000000 },
					   { -0.960239,  0.000000,  0.279178 } }
		}
	},

	{
		entity_name = "Char_ku_male_guard_2_Mk_loc_01",
		type = MARKER,
		template_name = "",
		lt_grp = 0, srt_grp = 0, usr_flg = 0,
		spatialprops =
		{
			pos = { 1.964665, 4.938, 56.24342 },
			orient = { {  0.943820,  0.000000, -0.330459 },
					   {  0.000000,  1.000000,  0.000000 },
					   {  0.330459,  0.000000,  0.943820 } }
		}
	},

	{
		entity_name = "Char_Tr_Mk_loc_07_grabTome",
		type = MARKER,
		template_name = "",
		lt_grp = 0, srt_grp = 0, usr_flg = 0,
		spatialprops =
		{
			pos = { 0.668177, 4.940002, 52.22849 },
			orient = { { -0.911328,  0.000000,  0.411682 },
					   {  0.000000,  1.000000,  0.000000 },
					   { -0.411682,  0.000000, -0.911328 } }
		}
	},

	{
		entity_name = "Char_Tr_Mk_loc_03_stabbing",
		type = MARKER,
		template_name = "",
		lt_grp = 0, srt_grp = 0, usr_flg = 0,
		spatialprops =
		{
			pos = { -1.295353, 5.496779, 56.20907 },
			orient = { {  0.074576,  0.000000,  0.997215 },
					   {  0.000000,  1.000000,  0.000000 },
					   { -0.997215,  0.000000,  0.074576 } }
		}
	},

	{
		entity_name = "Char_Tek_Mk_loc_07_stabbing",
		type = MARKER,
		template_name = "",
		lt_grp = 0, srt_grp = 0, usr_flg = 0,
		spatialprops =
		{
			pos = { 0.534393, 5.902165, 50.72387 },
			orient = { {  0.999429,  0.000000, -0.033777 },
					   {  0.000000,  1.000000,  0.000001 },
					   {  0.033777, -0.000001,  0.999429 } }
		}
	},

	{
		entity_name = "Char_Tr_Mk_loc_05_dealing",
		type = MARKER,
		template_name = "",
		lt_grp = 0, srt_grp = 0, usr_flg = 0,
		spatialprops =
		{
			pos = { -1.211255, 5.496779, 55.30952 },
			orient = { { -0.567960,  0.000000,  0.823056 },
					   {  0.000000,  1.000000,  0.000000 },
					   { -0.823056,  0.000000, -0.567960 } }
		}
	},

	{
		entity_name = "Char_Tek_Mk_loc_11_duck",
		type = MARKER,
		template_name = "",
		lt_grp = 0, srt_grp = 0, usr_flg = 0,
		spatialprops =
		{
			pos = { -0.259207, 5.908483, 58.40591 },
			orient = { {  0.992809,  0.000000,  0.119710 },
					   {  0.000000,  1.000000,  0.000000 },
					   { -0.119710,  0.000000,  0.992809 } }
		}
	},

	{
		entity_name = "Char_Tek_Mk_loc_13_stand_up",
		type = MARKER,
		template_name = "",
		lt_grp = 0, srt_grp = 0, usr_flg = 0,
		spatialprops =
		{
			pos = { 0.43818, 5.87686, 58.1471 },
			orient = { {  0.288988,  0.000000, -0.957333 },
					   {  0.000000,  1.000000,  0.000000 },
					   {  0.957333,  0.000000,  0.288988 } }
		}
	},

	{
		entity_name = "Char_Tek_Mk_loc_06_leave",
		type = MARKER,
		template_name = "",
		lt_grp = 0, srt_grp = 0, usr_flg = 0,
		spatialprops =
		{
			pos = { 1.494316, 5.898095, 53.95736 },
			orient = { { -0.762050,  0.000000, -0.647518 },
					   { -0.000001,  1.000000,  0.000000 },
					   {  0.647518,  0.000001, -0.762050 } }
		}
	},

	{
		entity_name = "prop_rifle_Guard_01",
		type = COMPOUND,
		template_name = "rifle",
		lt_grp = 0, srt_grp = 0, usr_flg = 0,
		flags = LIT_DYNAMIC,
		spatialprops =
		{
			pos = { -0.78294, 6.179133, 56.94465 },
			orient = { { -0.336877,  0.495764, -0.800457 },
					   { -0.929809, -0.309001,  0.199936 },
					   { -0.148221,  0.811626,  0.565061 } }
		},
		userprops =
		{
			category = "Prop",
		}
	},

	{
		entity_name = "prop_rifle_Guard_02",
		type = COMPOUND,
		template_name = "rifle",
		lt_grp = 0, srt_grp = 0, usr_flg = 0,
		flags = LIT_DYNAMIC,
		spatialprops =
		{
			pos = { 1.885415, 6.181973, 55.99941 },
			orient = { { -0.851277,  0.506190, -0.138199 },
					   { -0.324693, -0.301271,  0.896555 },
					   {  0.412191,  0.808089,  0.420822 } }
		},
		userprops =
		{
			category = "Prop",
		}
	},

	{
		entity_name = "Char_ku_male_guard_1_Mk_ort_01",
		type = MARKER,
		template_name = "",
		lt_grp = 0, srt_grp = 0, usr_flg = 0,
		spatialprops =
		{
			pos = { -2.765656, 5.830154, 55.45776 },
			orient = { {  0.748546,  0.000000, -0.663083 },
					   {  0.000000,  1.000000,  0.000000 },
					   {  0.663083,  0.000000,  0.748546 } }
		}
	},

	{
		entity_name = "Char_ku_male_guard_2_Mk_ort_01",
		type = MARKER,
		template_name = "",
		lt_grp = 0, srt_grp = 0, usr_flg = 0,
		spatialprops =
		{
			pos = { -0.571773, 5.831821, 57.01764 },
			orient = { { -0.130395,  0.000000, -0.991462 },
					   {  0.000000,  1.000000,  0.000000 },
					   {  0.991462,  0.000000, -0.130395 } }
		}
	},

	{
		entity_name = "Char_ku_male_guard_1_Mk_ort_02",
		type = MARKER,
		template_name = "",
		lt_grp = 0, srt_grp = 0, usr_flg = 0,
		spatialprops =
		{
			pos = { -2.765656, 5.830154, 55.45776 },
			orient = { { -0.887749,  0.000000, -0.460328 },
					   {  0.000000,  1.000000,  0.000000 },
					   {  0.460328,  0.000000, -0.887749 } }
		}
	},

	{
		entity_name = "Char_ku_male_guard_1_Mk_ort_03",
		type = MARKER,
		template_name = "",
		lt_grp = 0, srt_grp = 0, usr_flg = 0,
		spatialprops =
		{
			pos = { -2.765656, 5.830154, 55.45776 },
			orient = { { -0.971800,  0.000000,  0.235808 },
					   {  0.000000,  1.000000,  0.000000 },
					   { -0.235808,  0.000000, -0.971800 } }
		}
	},

	{
		entity_name = "Char_ku_male_guard_2_Mk_ort_02",
		type = MARKER,
		template_name = "",
		lt_grp = 0, srt_grp = 0, usr_flg = 0,
		spatialprops =
		{
			pos = { -0.571773, 5.831821, 57.01764 },
			orient = { { -0.973703,  0.000000, -0.227820 },
					   {  0.000000,  1.000000,  0.000000 },
					   {  0.227820,  0.000000, -0.973703 } }
		}
	},

	{
		entity_name = "prop_chair_O_Mk_01",
		type = MARKER,
		template_name = "",
		lt_grp = 0, srt_grp = 0, usr_flg = 0,
		spatialprops =
		{
			pos = { 1.497417, 4.938, 54.9338 },
			orient = { { -0.020260,  0.000000, -0.999795 },
					   {  0.000000,  1.000000,  0.000000 },
					   {  0.999795,  0.000000, -0.020260 } }
		}
	},

	{
		entity_name = "prop_chair_O_Mk_02",
		type = MARKER,
		template_name = "",
		lt_grp = 0, srt_grp = 0, usr_flg = 0,
		spatialprops =
		{
			pos = { 1.588379, 4.938, 54.48764 },
			orient = { {  0.035528,  0.000000,  0.999369 },
					   {  0.000000,  1.000000,  0.000000 },
					   { -0.999369,  0.000000,  0.035528 } }
		}
	},

	{
		entity_name = "Char_A_Mk_ort_01",
		type = MARKER,
		template_name = "",
		lt_grp = 0, srt_grp = 0, usr_flg = 0,
		spatialprops =
		{
			pos = { 0.131412, 7.05085, 36.082 },
			orient = { { -0.991641,  0.000000,  0.129029 },
					   {  0.000000,  1.000000,  0.000000 },
					   { -0.129029,  0.000000, -0.991641 } }
		}
	},

	{
		entity_name = "prop_ku_sanctum_chair_O_path",
		type = MOTION_PATH,
		template_name = "",
		lt_grp = 0, srt_grp = 0, usr_flg = 0,
		spatialprops =
		{
			pos = { 1.588379, 5.256042, 54.48764 },
			orient = { {  0.035528,  0.000000,  0.999369 },
					   {  0.000000,  1.000000,  0.000000 },
					   { -0.999369,  0.000000,  0.035528 } }
		},
		pathprops =
		{
			path_type = "CV_CROrientationSplinePath",
			path_data = "OPEN,{0.000002,0.000000,0.000000}, {1.000000,0.000000,0.000000,0.000000}, {0.061082,0.000000,-0.310802}, {0.913210,0.000000,-0.407488,0.000000}, {0.340527,0.000000,-0.540646}, {0.878143,0.000000,-0.478399,0.000000}, {0.710314,0.000000,-0.565144}, {0.637241,0.000000,-0.770665,0.000000}, {1.002338,0.000000,-0.340754}, {-0.284301,0.000000,0.958735,0.000000}, {1.112952,0.000000,0.000321}, {-0.019129,0.000000,0.999817,0.000000}, {0.983784,0.000000,0.374644}, {0.376156,0.000000,0.926556,0.000000}, {0.670507,0.000000,0.588411}, {0.647174,0.000000,0.762343,0.000000}, {0.283604,0.000000,0.535947}, {0.845951,0.000000,0.533261,0.000000}, {0.070930,0.000000,0.343422}, {0.967004,0.000000,0.254762,0.000000}, {-0.000002,0.000000,0.000000}, {1.000000,0.000000,0.000000,0.000000}, "
		}
	},

	{
		entity_name = "Cam_Monitor_s051xb",
		type = MONITOR,
		template_name = "",
		lt_grp = 0, srt_grp = 0, usr_flg = 0,
		userprops =
		{
			Priority = "Monitor_Moving_1",
		}
	},

	{
		entity_name = "Char_Tek_Mk_ort_02_arg",
		type = MARKER,
		template_name = "",
		lt_grp = 0, srt_grp = 0, usr_flg = 0,
		spatialprops =
		{
			pos = { -2.055638, 5.913923, 57.22844 },
			orient = { {  0.804976,  0.000000,  0.593307 },
					   {  0.000000,  1.000000,  0.000000 },
					   { -0.593307,  0.000000,  0.804976 } }
		}
	},

	{
		entity_name = "Char_Tek_Mk_ort_01_LikeThis",
		type = MARKER,
		template_name = "",
		lt_grp = 0, srt_grp = 0, usr_flg = 0,
		spatialprops =
		{
			pos = { -0.327312, 5.898458, 51.50247 },
			orient = { { -0.997164,  0.000013,  0.075261 },
					   {  0.000014,  1.000000,  0.000013 },
					   { -0.075261,  0.000014, -0.997164 } }
		}
	},

	{
		entity_name = "Cam_07_ACO_Tekagi_A",
		type = CAMERA,
		template_name = "",
		lt_grp = 0, srt_grp = 0, usr_flg = 0,
		flags = HIDDEN,
		spatialprops =
		{
			pos = { -1.901332, 6.127054, 57.49308 },
			orient = { {  0.902959,  0.000000,  0.429727 },
					   {  0.005172,  0.999928, -0.010867 },
					   { -0.429696,  0.012035,  0.902893 } }
		},
		cameraprops =
		{
			fovh = 15,
			hvaspect = 1.85,
			nearplane = 0.4,
			farplane = 4000
		}
	},

	{
		entity_name = "Cam_06_PCU",
		type = CAMERA,
		template_name = "",
		lt_grp = 0, srt_grp = 0, usr_flg = 0,
		flags = HIDDEN,
		spatialprops =
		{
			pos = { -0.970534, 6.30052, 54.65589 },
			orient = { { -0.899449,  0.000000, -0.437025 },
					   { -0.077526,  0.984140,  0.159557 },
					   {  0.430094,  0.177394, -0.885184 } }
		},
		cameraprops =
		{
			fovh = 20,
			hvaspect = 1.85,
			nearplane = 0.4,
			farplane = 4000
		}
	},

	{
		entity_name = "Char_Tr_Mk_loc_02_slap",
		type = MARKER,
		template_name = "",
		lt_grp = 0, srt_grp = 0, usr_flg = 0,
		spatialprops =
		{
			pos = { -1.578131, 5.496779, 56.1268 },
			orient = { {  0.521310,  0.000000,  0.853367 },
					   {  0.000000,  1.000000,  0.000000 },
					   { -0.853367,  0.000000,  0.521310 } }
		}
	},

	{
		entity_name = "Cam_07_ACO_Tekagi_B",
		type = CAMERA,
		template_name = "",
		lt_grp = 0, srt_grp = 0, usr_flg = 0,
		flags = HIDDEN,
		spatialprops =
		{
			pos = { -2.44157, 6.129251, 57.53496 },
			orient = { {  0.707354,  0.000000,  0.706859 },
					   {  0.006376,  0.999959, -0.006380 },
					   { -0.706831,  0.009020,  0.707325 } }
		},
		cameraprops =
		{
			fovh = 15,
			hvaspect = 1.85,
			nearplane = 0.4,
			farplane = 4000
		}
	},

	{
		entity_name = "Cam_11_PCS",
		type = CAMERA,
		template_name = "",
		lt_grp = 0, srt_grp = 0, usr_flg = 0,
		flags = HIDDEN,
		spatialprops =
		{
			pos = { 1.572378, 6.886641, 56.75257 },
			orient = { {  0.135295,  0.000000, -0.990805 },
					   { -0.264167,  0.963802, -0.036072 },
					   {  0.954940,  0.266618,  0.130398 } }
		},
		cameraprops =
		{
			fovh = 25,
			hvaspect = 1.85,
			nearplane = 0.4,
			farplane = 4000
		}
	},

	{
		entity_name = "Cam_12_Tek_A_OTS",
		type = CAMERA,
		template_name = "",
		lt_grp = 0, srt_grp = 0, usr_flg = 0,
		flags = HIDDEN,
		spatialprops =
		{
			pos = { -2.552551, 6.108384, 57.44569 },
			orient = { {  0.682230,  0.000000,  0.731138 },
					   { -0.012523,  0.999853,  0.011685 },
					   { -0.731030, -0.017128,  0.682130 } }
		},
		cameraprops =
		{
			fovh = 15,
			hvaspect = 1.85,
			nearplane = 0.4,
			farplane = 4000
		}
	},

	{
		entity_name = "Cam_13_Wide_Tek_LeaveUs",
		type = CAMERA,
		template_name = "",
		lt_grp = 0, srt_grp = 0, usr_flg = 0,
		flags = HIDDEN,
		spatialprops =
		{
			pos = { -0.994507, 6.218547, 60.62 },
			orient = { {  0.975698,  0.000000,  0.219122 },
					   {  0.017295,  0.996880, -0.077010 },
					   { -0.218438,  0.078928,  0.972654 } }
		},
		cameraprops =
		{
			fovh = 25,
			hvaspect = 1.85,
			nearplane = 0.4,
			farplane = 4000
		}
	},

	{
		entity_name = "Cam_14_ACS_Ozu_trigger_A",
		type = CAMERA,
		template_name = "",
		lt_grp = 0, srt_grp = 0, usr_flg = 0,
		flags = HIDDEN,
		spatialprops =
		{
			pos = { 0.839968, 6.053159, 55.32999 },
			orient = { {  0.514050,  0.000000,  0.857760 },
					   { -0.001438,  0.999999,  0.000862 },
					   { -0.857759, -0.001676,  0.514050 } }
		},
		cameraprops =
		{
			fovh = 25,
			hvaspect = 1.85,
			nearplane = 0.4,
			farplane = 4000
		}
	},

	{
		entity_name = "Prop_bomb_trigger",
		type = COMPOUND,
		template_name = "bomb_trigger",
		lt_grp = 0, srt_grp = 0, usr_flg = 0,
		flags = LIT_DYNAMIC,
		spatialprops =
		{
			pos = { 0, 0, 0 },
			orient = { { 1, 0, 0 }, { 0, 1, 0 }, { 0, 0, 1 } }
		},
		userprops =
		{
			category = "Prop",
		}
	},

	{
		entity_name = "prop_Tekagi_blade_1",
		type = COMPOUND,
		template_name = "Tekagi_blade",
		lt_grp = 0, srt_grp = 0, usr_flg = 0,
		flags = LIT_DYNAMIC,
		spatialprops =
		{
			pos = { 0, 0, 0 },
			orient = { { 1, 0, 0 }, { 0, 1, 0 }, { 0, 0, 1 } }
		},
		userprops =
		{
			category = "Prop",
		}
	},

	{
		entity_name = "prop_Tekagi_blade_Mk_Ozu",
		type = MARKER,
		template_name = "",
		lt_grp = 0, srt_grp = 0, usr_flg = 0,
		spatialprops =
		{
			pos = { 1.600382, 5.754995, 55.14025 },
			orient = { { -0.048863, -0.985935, -0.159827 },
					   { -0.177374,  0.166040, -0.970035 },
					   {  0.982930, -0.019049, -0.182993 } }
		}
	},

	{
		entity_name = "Cam_15_PCS",
		type = CAMERA,
		template_name = "",
		lt_grp = 0, srt_grp = 0, usr_flg = 0,
		flags = HIDDEN,
		spatialprops =
		{
			pos = { -0.691802, 6.211325, 55.99942 },
			orient = { { -0.055071,  0.000000, -0.998482 },
					   { -0.092968,  0.995656,  0.005127 },
					   {  0.994145,  0.093110, -0.054832 } }
		},
		cameraprops =
		{
			fovh = 25,
			hvaspect = 1.85,
			nearplane = 0.4,
			farplane = 4000
		}
	},

	{
		entity_name = "Cam_16_ACS_Tek",
		type = CAMERA,
		template_name = "",
		lt_grp = 0, srt_grp = 0, usr_flg = 0,
		flags = HIDDEN,
		spatialprops =
		{
			pos = { 0.672042, 6.706398, 49.10607 },
			orient = { { -0.997040,  0.000000, -0.076886 },
					   { -0.008019,  0.994546,  0.103991 },
					   {  0.076466,  0.104300, -0.991602 } }
		},
		cameraprops =
		{
			fovh = 15,
			hvaspect = 1.85,
			nearplane = 0.4,
			farplane = 1000
		}
	},

	{
		entity_name = "Cam_21_Wide_A",
		type = CAMERA,
		template_name = "",
		lt_grp = 0, srt_grp = 0, usr_flg = 0,
		flags = HIDDEN,
		spatialprops =
		{
			pos = { -0.216406, 6.409915, 59.82921 },
			orient = { {  0.977308, -0.074685,  0.198222 },
					   {  0.086629,  0.994868, -0.052275 },
					   { -0.193300,  0.068261,  0.978762 } }
		},
		cameraprops =
		{
			fovh = 15,
			hvaspect = 1.85,
			nearplane = 0.4,
			farplane = 4000
		}
	},

	{
		entity_name = "Cam_22_ACO_A",
		type = CAMERA,
		template_name = "",
		lt_grp = 0, srt_grp = 0, usr_flg = 0,
		spatialprops =
		{
			pos = { -2.276074, 6.640156, 54.85409 },
			orient = { { -0.559686,  0.000000,  0.828704 },
					   {  0.102674,  0.992295,  0.069343 },
					   { -0.822319,  0.123897, -0.555374 } }
		},
		cameraprops =
		{
			fovh = 20,
			hvaspect = 1.85,
			nearplane = 0.4,
			farplane = 4000
		}
	},

	{
		entity_name = "Cam_22_ACO_C",
		type = CAMERA,
		template_name = "",
		lt_grp = 0, srt_grp = 0, usr_flg = 0,
		spatialprops =
		{
			pos = { -0.936372, 6.466079, 50.78308 },
			orient = { { -0.990249,  0.000000,  0.139312 },
					   {  0.010966,  0.996897,  0.077945 },
					   { -0.138880,  0.078713, -0.987176 } }
		},
		cameraprops =
		{
			fovh = 20,
			hvaspect = 1.85,
			nearplane = 0.4,
			farplane = 4000
		}
	},

	{
		entity_name = "Cam_27_ACO_Ozu",
		type = CAMERA,
		template_name = "",
		lt_grp = 0, srt_grp = 0, usr_flg = 0,
		flags = HIDDEN,
		spatialprops =
		{
			pos = { 2.937625, 5.164244, 50.14796 },
			orient = { { -0.982871,  0.000000, -0.184297 },
					   {  0.016564,  0.995953, -0.088337 },
					   {  0.183551, -0.089877, -0.978893 } }
		},
		cameraprops =
		{
			fovh = 15,
			hvaspect = 1.85,
			nearplane = 0.4,
			farplane = 4000
		}
	},

	{
		entity_name = "Cam_31_ACO_grabTome_A",
		type = CAMERA,
		template_name = "",
		lt_grp = 0, srt_grp = 0, usr_flg = 0,
		flags = HIDDEN,
		spatialprops =
		{
			pos = { -0.509655, 5.666902, 51.11365 },
			orient = { { -0.872782,  0.000000,  0.488110 },
					   {  0.012540,  0.999670,  0.022422 },
					   { -0.487949,  0.025690, -0.872494 } }
		},
		cameraprops =
		{
			fovh = 25,
			hvaspect = 1.85,
			nearplane = 0.4,
			farplane = 4000
		}
	},

	{
		entity_name = "Cam_31_ACO_grabTome_B",
		type = CAMERA,
		template_name = "",
		lt_grp = 0, srt_grp = 0, usr_flg = 0,
		flags = HIDDEN,
		spatialprops =
		{
			pos = { -0.672385, 6.027254, 51.24207 },
			orient = { { -0.932217,  0.000000,  0.361901 },
					   {  0.002980,  0.999966,  0.007677 },
					   { -0.361889,  0.008235, -0.932185 } }
		},
		cameraprops =
		{
			fovh = 25,
			hvaspect = 1.85,
			nearplane = 0.4,
			farplane = 4000
		}
	},

	{
		entity_name = "Cam_32_ACS_Tek_A",
		type = CAMERA,
		template_name = "",
		lt_grp = 0, srt_grp = 0, usr_flg = 0,
		flags = HIDDEN,
		spatialprops =
		{
			pos = { -0.682537, 5.962501, 55.85772 },
			orient = { { -0.883822,  0.000000,  0.467824 },
					   { -0.088177,  0.982076, -0.166586 },
					   { -0.459438, -0.188484, -0.867981 } }
		},
		cameraprops =
		{
			fovh = 25,
			hvaspect = 1.85,
			nearplane = 0.4,
			farplane = 4000
		}
	},

	{
		entity_name = "Cam_33_PCS_A",
		type = CAMERA,
		template_name = "",
		lt_grp = 0, srt_grp = 0, usr_flg = 0,
		flags = HIDDEN,
		spatialprops =
		{
			pos = { -0.687807, 6.337114, 54.60306 },
			orient = { {  0.814233,  0.000000,  0.580538 },
					   {  0.053116,  0.995806, -0.074497 },
					   { -0.578103,  0.091494,  0.810818 } }
		},
		cameraprops =
		{
			fovh = 20,
			hvaspect = 1.85,
			nearplane = 0.4,
			farplane = 4000
		}
	},

	{
		entity_name = "Cam_34_Wide_Tek_A",
		type = CAMERA,
		template_name = "",
		lt_grp = 0, srt_grp = 0, usr_flg = 0,
		flags = HIDDEN,
		spatialprops =
		{
			pos = { -1.119653, 6.358095, 49.8171 },
			orient = { { -0.951226,  0.000000,  0.308495 },
					   {  0.031899,  0.994640,  0.098359 },
					   { -0.306841,  0.103402, -0.946127 } }
		},
		cameraprops =
		{
			fovh = 20,
			hvaspect = 1.85,
			nearplane = 0.4,
			farplane = 4000
		}
	},

	{
		entity_name = "Cam_33_PCS_B",
		type = CAMERA,
		template_name = "",
		lt_grp = 0, srt_grp = 0, usr_flg = 0,
		flags = HIDDEN,
		spatialprops =
		{
			pos = { -0.452263, 6.456099, 54.74633 },
			orient = { {  0.791395,  0.000000,  0.611306 },
					   {  0.061322,  0.994956, -0.079387 },
					   { -0.608222,  0.100313,  0.787403 } }
		},
		cameraprops =
		{
			fovh = 20,
			hvaspect = 1.85,
			nearplane = 0.4,
			farplane = 4000
		}
	},

	{
		entity_name = "Char_Tr_Mk_loc_08_run",
		type = MARKER,
		template_name = "",
		lt_grp = 0, srt_grp = 0, usr_flg = 0,
		spatialprops =
		{
			pos = { 1.58389, 5.850197, 53.08553 },
			orient = { { -0.600456, -0.000001, -0.799658 },
					   { -0.000009,  1.000000,  0.000006 },
					   {  0.799658,  0.000010, -0.600456 } }
		}
	},

	{
		entity_name = "Char_Tr_Mk_loc_09_jump",
		type = MARKER,
		template_name = "",
		lt_grp = 0, srt_grp = 0, usr_flg = 0,
		spatialprops =
		{
			pos = { 0.691565, 5.850238, 52.30369 },
			orient = { {  0.999811, -0.000001, -0.019433 },
					   {  0.000001,  1.000000, -0.000010 },
					   {  0.019433,  0.000010,  0.999811 } }
		}
	},

	{
		entity_name = "Cam_36_Wide_jump_B",
		type = CAMERA,
		template_name = "",
		lt_grp = 0, srt_grp = 0, usr_flg = 0,
		flags = HIDDEN,
		spatialprops =
		{
			pos = { -3.445604, 5.388205, 46.66871 },
			orient = { {  0.016908,  0.000000,  0.999857 },
					   { -0.353556,  0.935394,  0.005979 },
					   { -0.935260, -0.353607,  0.015816 } }
		},
		cameraprops =
		{
			fovh = 25,
			hvaspect = 1.85,
			nearplane = 0.4,
			farplane = 4000
		}
	},

	{
		entity_name = "rtc_forcefield",
		type = PSYS,
		template_name = "rtc_forcefield",
		lt_grp = 0, srt_grp = 0, usr_flg = 0,
		flags = LIT_DYNAMIC + LIT_AMBIENT,
		spatialprops =
		{
			pos = { -0.057156, 6.128085, 49.58068 },
			orient = { { 1, 0, 0 }, { 0, 1, 0 }, { 0, 0, 1 } }
		},
		psysprops =
		{
			sparam = 0
		}
	},

	{
		entity_name = "rtc_forcefieldripple",
		type = PSYS,
		template_name = "rtc_forcefieldripple",
		lt_grp = 0, srt_grp = 0, usr_flg = 0,
		flags = LIT_DYNAMIC + LIT_AMBIENT,
		spatialprops =
		{
			pos = { 0, 0, 0 },
			orient = { { 1, 0, 0 }, { 0, 1, 0 }, { 0, 0, 1 } }
		},
		psysprops =
		{
			sparam = 0
		}
	},

	{
		entity_name = "rtc_forcefield_Mk",
		type = MARKER,
		template_name = "",
		lt_grp = 0, srt_grp = 0, usr_flg = 0,
		spatialprops =
		{
			pos = { -0.007442, 7.295221, 47.26499 },
			orient = { { -0.005554, -0.999976, -0.004041 },
					   { -0.999970,  0.005576, -0.005390 },
					   {  0.005412,  0.004010, -0.999977 } }
		}
	},

	{
		entity_name = "rtc_forcefieldripple_Mk",
		type = MARKER,
		template_name = "",
		lt_grp = 0, srt_grp = 0, usr_flg = 0,
		spatialprops =
		{
			pos = { 0.221462, 6.56966, 47.26499 },
			orient = { { -0.005554, -0.999976, -0.004041 },
					   { -0.999970,  0.005576, -0.005390 },
					   {  0.005412,  0.004010, -0.999977 } }
		}
	},

	{
		entity_name = "rtcprop_p_elite_akira",
		type = COMPOUND,
		template_name = "rtcprop_p_elite_akira",
		lt_grp = 3, srt_grp = 0, usr_flg = 0,
		flags = LIT_DYNAMIC,
		spatialprops =
		{
			pos = { -1.43894, 5.12854, 38.78126 },
			orient = { {  0.807014,  0.000000, -0.590532 },
					   { -0.590531, -0.001279, -0.807014 },
					   { -0.000755,  0.999999, -0.001032 } }
		},
		userprops =
		{
			category = "Spaceship",
			loadout = "MSN09_Akira",
			running_lights = "True",
		}
	},

	{
		entity_name = "rtcprop_p_elite_Mk_loc_01_start",
		type = MARKER,
		template_name = "",
		lt_grp = 0, srt_grp = 0, usr_flg = 0,
		spatialprops =
		{
			pos = { 0.04981, 14.63159, 30.54272 },
			orient = { { -0.999900,  0.000000, -0.014115 },
					   {  0.000000,  1.000000,  0.000000 },
					   {  0.014115,  0.000000, -0.999900 } }
		}
	},

	{
		entity_name = "rtcprop_p_elite_Mk_loc_02_getDown",
		type = MARKER,
		template_name = "",
		lt_grp = 0, srt_grp = 0, usr_flg = 0,
		spatialprops =
		{
			pos = { -0.310747, 6.272622, 33.96828 },
			orient = { { -0.979856, -0.194056,  0.047166 },
					   { -0.187558,  0.975335,  0.116379 },
					   { -0.068587,  0.105188, -0.992084 } }
		}
	},

	{
		entity_name = "rtcprop_p_elite_Mk_loc_04_jump",
		type = MARKER,
		template_name = "",
		lt_grp = 0, srt_grp = 0, usr_flg = 0,
		spatialprops =
		{
			pos = { -2.084493, 4.657704, 41.40144 },
			orient = { { -0.755874,  0.000000, -0.654717 },
					   {  0.000000,  1.000000,  0.000000 },
					   {  0.654717,  0.000000, -0.755874 } }
		}
	},

	{
		entity_name = "Char_Tr_Mk_ort_05_grabTome",
		type = MARKER,
		template_name = "",
		lt_grp = 0, srt_grp = 0, usr_flg = 0,
		spatialprops =
		{
			pos = { 2.449866, 5.100789, 52.26031 },
			orient = { { -0.108790,  0.000000,  0.994065 },
					   {  0.000000,  1.000000,  0.000000 },
					   { -0.994065,  0.000000, -0.108790 } }
		}
	},

	{
		entity_name = "prop_ozu_bomb_Mk_under_table",
		type = MARKER,
		template_name = "",
		lt_grp = 0, srt_grp = 0, usr_flg = 0,
		spatialprops =
		{
			pos = { -0.436292, 5.633206, 57.34751 },
			orient = { {  0.007076, -0.999975,  0.000000 },
					   {  0.999975,  0.007076,  0.000000 },
					   {  0.000000,  0.000000,  1.000000 } }
		}
	},

	{
		entity_name = "Char_Tek_Mk_IKhead",
		type = MARKER,
		template_name = "",
		lt_grp = 0, srt_grp = 0, usr_flg = 0,
		spatialprops =
		{
			pos = { -2.055638, 5.913923, 57.22844 },
			orient = { {  0.804976,  0.000000,  0.593307 },
					   {  0.000000,  1.000000,  0.000000 },
					   { -0.593307,  0.000000,  0.804976 } }
		}
	},

	{
		entity_name = "Char_Tr_Mk_IKhead",
		type = MARKER,
		template_name = "",
		lt_grp = 0, srt_grp = 0, usr_flg = 0,
		spatialprops =
		{
			pos = { -1.238675, 4.938, 75.03777 },
			orient = { {  0.386272,  0.000000,  0.922385 },
					   {  0.000000,  1.000000,  0.000000 },
					   { -0.922385,  0.000000,  0.386272 } }
		}
	},

	{
		entity_name = "Char_A_Mk_loc_01_InShip_up",
		type = MARKER,
		template_name = "",
		lt_grp = 0, srt_grp = 0, usr_flg = 0,
		spatialprops =
		{
			pos = { -0.003566, 10.16448, 35.64112 },
			orient = { { -0.999814,  0.000000,  0.019282 },
					   {  0.000000,  1.000000,  0.000000 },
					   { -0.019282,  0.000000, -0.999814 } }
		}
	},

	{
		entity_name = "Char_A_Mk_loc_02_InShip_down",
		type = MARKER,
		template_name = "",
		lt_grp = 0, srt_grp = 0, usr_flg = 0,
		spatialprops =
		{
			pos = { -0.096535, 6.252497, 35.73341 },
			orient = { { -0.999814,  0.000000,  0.019282 },
					   {  0.000000,  1.000000,  0.000000 },
					   { -0.019282,  0.000000, -0.999814 } }
		}
	},

	{
		entity_name = "prop_ku_sanctum_shrine_mk",
		type = MARKER,
		template_name = "",
		lt_grp = 0, srt_grp = 0, usr_flg = 0,
		spatialprops =
		{
			pos = { -0.041732, 5.73552, 53.46793 },
			orient = { {  0.005537,  0.006848,  0.999961 },
					   {  0.999985, -0.000363, -0.005535 },
					   {  0.000325,  0.999977, -0.006850 } }
		}
	},

	{
		entity_name = "RTC_FadeFromBlack_Half_n_Half_1_Sec_2",
		type = PSYS,
		template_name = "RTC_FadeFromBlack_Half_n_Half_1_Sec",
		lt_grp = 0, srt_grp = 0, usr_flg = 0,
		flags = LIT_DYNAMIC + LIT_AMBIENT,
		spatialprops =
		{
			pos = { 0.090214, 6.095468, -63.59673 },
			orient = { { 1, 0, 0 }, { 0, 1, 0 }, { 0, 0, 1 } }
		},
		psysprops =
		{
			sparam = 0
		}
	},

	{
		entity_name = "Char_Tek_Mk_loc_04_why",
		type = MARKER,
		template_name = "",
		lt_grp = 0, srt_grp = 0, usr_flg = 0,
		spatialprops =
		{
			pos = { 1.4009, 5.894537, 53.72107 },
			orient = { { -0.492395,  0.000018, -0.870372 },
					   {  0.000014,  1.000000,  0.000013 },
					   {  0.870372, -0.000006, -0.492395 } }
		}
	},

	{
		entity_name = "Cam_08_PCU",
		type = CAMERA,
		template_name = "",
		lt_grp = 0, srt_grp = 0, usr_flg = 0,
		flags = HIDDEN,
		spatialprops =
		{
			pos = { -0.535666, 6.240154, 56.12584 },
			orient = { {  0.117305,  0.000000, -0.993096 },
					   { -0.096531,  0.995265, -0.011402 },
					   {  0.988393,  0.097202,  0.116749 } }
		},
		cameraprops =
		{
			fovh = 20,
			hvaspect = 1.85,
			nearplane = 0.4,
			farplane = 4000
		}
	},

	{
		entity_name = "Cam_10_ACU_Tekagi_slap",
		type = CAMERA,
		template_name = "",
		lt_grp = 0, srt_grp = 0, usr_flg = 0,
		flags = HIDDEN,
		spatialprops =
		{
			pos = { 1.187913, 5.478371, 57.30715 },
			orient = { {  0.994220,  0.000000,  0.107361 },
					   { -0.031958,  0.954670,  0.295945 },
					   { -0.102495, -0.297666,  0.949152 } }
		},
		cameraprops =
		{
			fovh = 10,
			hvaspect = 1.85,
			nearplane = 0.4,
			farplane = 4000
		}
	},

	{
		entity_name = "Char_Tek_Mk_loc_05_slap",
		type = MARKER,
		template_name = "",
		lt_grp = 0, srt_grp = 0, usr_flg = 0,
		spatialprops =
		{
			pos = { 1.558349, 5.883683, 54.01414 },
			orient = { { -0.419379,  0.000018, -0.907811 },
					   {  0.000014,  1.000000,  0.000013 },
					   {  0.907811, -0.000007, -0.419379 } }
		}
	},

	{
		entity_name = "Char_O_Mk_IKhead",
		type = MARKER,
		template_name = "",
		lt_grp = 0, srt_grp = 0, usr_flg = 0,
		spatialprops =
		{
			pos = { 1.623602, 4.938, 55.19267 },
			orient = { { -0.996702,  0.000000, -0.081150 },
					   {  0.000000,  1.000000,  0.000000 },
					   {  0.081150,  0.000000, -0.996702 } }
		}
	},

	{
		entity_name = "Char_O_Mk_IKhead_Path_shake",
		type = MOTION_PATH,
		template_name = "",
		lt_grp = 0, srt_grp = 0, usr_flg = 0,
		spatialprops =
		{
			pos = { -0.69156, 6.204717, 56.29201 },
			orient = { {  0.604421,  0.000000,  0.796665 },
					   {  0.000000,  1.000000,  0.000000 },
					   { -0.796665,  0.000000,  0.604421 } }
		},
		pathprops =
		{
			path_type = "CV_CROrientationSplinePath",
			path_data = "OPEN,{-0.500000,0.000000,0.000000}, {1.000000,0.000000,0.000000,0.000000}, {0.500000,0.000000,0.000000}, {1.000000,0.000000,0.000000,0.000000}, "
		}
	},

	{
		entity_name = "Path_IKhead_nod",
		type = MOTION_PATH,
		template_name = "",
		lt_grp = 0, srt_grp = 0, usr_flg = 0,
		spatialprops =
		{
			pos = { 0, 0, 0 },
			orient = { { 1, 0, 0 }, { 0, 1, 0 }, { 0, 0, 1 } }
		},
		pathprops =
		{
			path_type = "CV_CROrientationSplinePath",
			path_data = "OPEN,{0.000000,-0.500000,0.000000}, {1.000000,0.000000,0.000000,0.000000}, {0.000000,0.500000,0.000000}, {1.000000,0.000000,0.000000,0.000000}, "
		}
	},

	{
		entity_name = "Char_Tr_Mk_IKhead_Tek",
		type = MARKER,
		template_name = "",
		lt_grp = 0, srt_grp = 0, usr_flg = 0,
		spatialprops =
		{
			pos = { 0.638829, 6.66634, 53.32624 },
			orient = { {  0.999429,  0.000000, -0.033777 },
					   {  0.000000,  1.000000,  0.000001 },
					   {  0.033777, -0.000001,  0.999429 } }
		}
	},

	{
		entity_name = "Char_Tek_Mk_loc_09_muchsafer",
		type = MARKER,
		template_name = "",
		lt_grp = 0, srt_grp = 0, usr_flg = 0,
		spatialprops =
		{
			pos = { 0.666225, 5.863896, 51.00457 },
			orient = { {  0.272474,  0.000000,  0.962163 },
					   {  0.000000,  1.000000,  0.000000 },
					   { -0.962163,  0.000000,  0.272474 } }
		}
	},

	{
		entity_name = "Char_ku_male_guard_1_Mk_loc_02",
		type = MARKER,
		template_name = "",
		lt_grp = 0, srt_grp = 0, usr_flg = 0,
		spatialprops =
		{
			pos = { -0.982173, 4.938, 57.16212 },
			orient = { {  0.841263,  0.000000,  0.540625 },
					   {  0.000000,  1.000000,  0.000000 },
					   { -0.540625,  0.000000,  0.841263 } }
		}
	},

	{
		entity_name = "prop_ku_sanctum_chair_O_Mk_03",
		type = MARKER,
		template_name = "",
		lt_grp = 0, srt_grp = 0, usr_flg = 0,
		spatialprops =
		{
			pos = { 1.497417, 4.938, 54.9338 },
			orient = { { -0.145202,  0.000000,  0.989402 },
					   {  0.000000,  1.000000,  0.000000 },
					   { -0.989402,  0.000000, -0.145202 } }
		}
	},

	{
		entity_name = "Char_Tr_Mk_ort_02_evil_laugh_A",
		type = MARKER,
		template_name = "",
		lt_grp = 0, srt_grp = 0, usr_flg = 0,
		spatialprops =
		{
			pos = { -0.26408, 5.870004, 52.48362 },
			orient = { { -0.910568,  0.000000, -0.413360 },
					   {  0.000000,  1.000000,  0.000000 },
					   {  0.413360,  0.000000, -0.910568 } }
		}
	},

	{
		entity_name = "Char_Tr_Mk_loc_06_look_ozu",
		type = MARKER,
		template_name = "",
		lt_grp = 0, srt_grp = 0, usr_flg = 0,
		spatialprops =
		{
			pos = { 2.345523, 5.096051, 52.71832 },
			orient = { { -0.451333,  0.000000,  0.892356 },
					   {  0.000000,  1.000000,  0.000000 },
					   { -0.892356,  0.000000, -0.451333 } }
		}
	},

	{
		entity_name = "Char_Tr_Mk_ort_04_look_ship",
		type = MARKER,
		template_name = "",
		lt_grp = 0, srt_grp = 0, usr_flg = 0,
		spatialprops =
		{
			pos = { 0.213234, 5.909, 52.63012 },
			orient = { {  0.996478,  0.000000, -0.083857 },
					   {  0.000000,  1.000000,  0.000000 },
					   {  0.083857,  0.000000,  0.996478 } }
		}
	},

	{
		entity_name = "rtc_sanctumexplodeall_mk",
		type = MARKER,
		template_name = "",
		lt_grp = 0, srt_grp = 0, usr_flg = 0,
		spatialprops =
		{
			pos = { 1.470981, 6.871405, 55.05996 },
			orient = { { 1, 0, 0 }, { 0, 1, 0 }, { 0, 0, 1 } }
		}
	},

	{
		entity_name = "rtc_sanctumsparkblast_mk_02",
		type = MARKER,
		template_name = "",
		lt_grp = 0, srt_grp = 0, usr_flg = 0,
		spatialprops =
		{
			pos = { -0.272139, 5.205445, 47.40301 },
			orient = { { -0.999973, -0.007313,  0.000903 },
					   {  0.001162, -0.035562,  0.999367 },
					   { -0.007276,  0.999341,  0.035570 } }
		}
	},

	{
		entity_name = "rtc_sanctumgun_impact_mk_02",
		type = MARKER,
		template_name = "",
		lt_grp = 0, srt_grp = 0, usr_flg = 0,
		spatialprops =
		{
			pos = { 2.426282, 7.748466, 60.68309 },
			orient = { { -0.987418, -0.009776,  0.157830 },
					   { -0.000048,  0.998106,  0.061520 },
					   { -0.158132,  0.060739, -0.985548 } }
		}
	},

	{
		entity_name = "Cam_35_ACS_Tekagi",
		type = CAMERA,
		template_name = "",
		lt_grp = 0, srt_grp = 0, usr_flg = 0,
		flags = HIDDEN,
		spatialprops =
		{
			pos = { -2.273969, 6.480754, 56.44719 },
			orient = { { -0.962933,  0.000000,  0.269741 },
					   {  0.015164,  0.998419,  0.054134 },
					   { -0.269314,  0.056218, -0.961410 } }
		},
		cameraprops =
		{
			fovh = 29.99999,
			hvaspect = 1.85,
			nearplane = 0.1,
			farplane = 4000
		}
	},

	{
		entity_name = "Char_Tek_Mk_IKhead_Tr_run_A",
		type = MARKER,
		template_name = "",
		lt_grp = 0, srt_grp = 0, usr_flg = 0,
		spatialprops =
		{
			pos = { 1.333494, 6.418938, 53.2939 },
			orient = { { -0.999111,  0.041625,  0.006738 },
					   {  0.002655, -0.097373,  0.995244 },
					   {  0.042083,  0.994377,  0.097176 } }
		}
	},

	{
		entity_name = "Char_Tek_Mk_IKhead_Tr_run_B",
		type = MARKER,
		template_name = "",
		lt_grp = 0, srt_grp = 0, usr_flg = 0,
		spatialprops =
		{
			pos = { 0.419759, 6.465022, 49.76364 },
			orient = { { -0.999111,  0.041625,  0.006738 },
					   {  0.002655, -0.097373,  0.995244 },
					   {  0.042083,  0.994377,  0.097176 } }
		}
	},

	{
		entity_name = "Char_O_Mk_IKhead_Tek",
		type = MARKER,
		template_name = "",
		lt_grp = 0, srt_grp = 0, usr_flg = 0,
		spatialprops =
		{
			pos = { 2.050664, 6.661535, 56.40176 },
			orient = { {  0.811673,  0.000000,  0.584112 },
					   {  0.000000,  1.000000,  0.000000 },
					   { -0.584112,  0.000000,  0.811673 } }
		}
	},

	{
		entity_name = "Cam_02_Wide_window",
		type = CAMERA,
		template_name = "",
		lt_grp = 0, srt_grp = 0, usr_flg = 0,
		spatialprops =
		{
			pos = { 0.47554, 6.524683, 42.24342 },
			orient = { { -0.998930,  0.000000, -0.046247 },
					   { -0.002081,  0.998987,  0.044955 },
					   {  0.046201,  0.045003, -0.997918 } }
		},
		cameraprops =
		{
			fovh = 15,
			hvaspect = 1.85,
			nearplane = 1,
			farplane = 4000
		}
	},

	{
		entity_name = "Cam_05_Tek&Tr&guard",
		type = CAMERA,
		template_name = "",
		lt_grp = 0, srt_grp = 0, usr_flg = 0,
		spatialprops =
		{
			pos = { -1.729082, 6.075242, 59.36116 },
			orient = { {  0.985733,  0.000000,  0.168316 },
					   {  0.002729,  0.999869, -0.015981 },
					   { -0.168294,  0.016212,  0.985604 } }
		},
		cameraprops =
		{
			fovh = 10,
			hvaspect = 1.85,
			nearplane = 0.4,
			farplane = 4000
		}
	},

	{
		entity_name = "rtc_tekagi_eyes_flash_left_1",
		type = PSYS,
		template_name = "rtc_tekagi_eyes_flash_left",
		lt_grp = 0, srt_grp = 12, usr_flg = 0,
		flags = LIT_DYNAMIC + LIT_AMBIENT,
		spatialprops =
		{
			pos = { 0, 0, 0 },
