duration = 12.531;

entities =
{

	{
		entity_name = "Layer_Scene_s067a_offer",
		type = SCENE,
		template_name = "",
		lt_grp = 0, srt_grp = 0, usr_flg = 0,
		spatialprops =
		{
			pos = { 0, 0, 0 },
			orient = { { 1, 0, 0 }, { 0, 1, 0 }, { 0, 0, 1 } }
		},
		up = Y_AXIS,
		front = Z_AXIS,
		ambient = { 128, 128, 128 },
		userprops =
		{
			TextStart = "0.75000",
			TextString = "259629",
		}
	},

	{
		entity_name = "dx_s067a_0101_Trent",
		type = SOUND,
		template_name = "dx_s067a_0101_Trent",
		lt_grp = 0, srt_grp = 0, usr_flg = 0,
		spatialprops =
		{
			pos = { 0, 0, 0 },
			orient = { { 1, 0, 0 }, { 0, 1, 0 }, { 0, 0, 1 } }
		},
		audioprops =
		{
			attenuation = -1,
			pan = 0,
			dmin = 50,
			dmax = 1000,
			ain = 360,
			aout = 360,
			atout = 0,
			rmix = 0,
		},
		userprops =
		{
			category = "Audio",
		}
	},

	{
		entity_name = "dx_s067a_0201_King",
		type = SOUND,
		template_name = "dx_s067a_0201_King",
		lt_grp = 0, srt_grp = 0, usr_flg = 0,
		spatialprops =
		{
			pos = { 0, 0, 0 },
			orient = { { 1, 0, 0 }, { 0, 1, 0 }, { 0, 0, 1 } }
		},
		audioprops =
		{
			attenuation = -1,
			pan = 0,
			dmin = 50,
			dmax = 1000,
			ain = 360,
			aout = 360,
			atout = 0,
			rmix = 0,
		},
		userprops =
		{
			category = "Audio",
		}
	},

	{
		entity_name = "dx_s067a_0301_Orillion",
		type = SOUND,
		template_name = "dx_s067a_0301_Orillion",
		lt_grp = 0, srt_grp = 0, usr_flg = 0,
		spatialprops =
		{
			pos = { 0, 0, 0 },
			orient = { { 1, 0, 0 }, { 0, 1, 0 }, { 0, 0, 1 } }
		},
		audioprops =
		{
			attenuation = -1,
			pan = 0,
			dmin = 50,
			dmax = 1000,
			ain = 360,
			aout = 360,
			atout = 0,
			rmix = 0,
		},
		userprops =
		{
			category = "Audio",
		}
	},

	{
		entity_name = "dx_s067a_0401_juni",
		type = SOUND,
		template_name = "dx_s067a_0401_juni",
		lt_grp = 0, srt_grp = 0, usr_flg = 0,
		spatialprops =
		{
			pos = { 0, 0, 0 },
			orient = { { 1, 0, 0 }, { 0, 1, 0 }, { 0, 0, 1 } }
		},
		audioprops =
		{
			attenuation = -1,
			pan = 0,
			dmin = 50,
			dmax = 1000,
			ain = 360,
			aout = 360,
			atout = 0,
			rmix = 0,
		},
		userprops =
		{
			category = "Audio",
		}
	},

	{
		entity_name = "dx_s067a_0501_Orillion",
		type = SOUND,
		template_name = "dx_s067a_0501_Orillion",
		lt_grp = 0, srt_grp = 0, usr_flg = 0,
		spatialprops =
		{
			pos = { 0, 0, 0 },
			orient = { { 1, 0, 0 }, { 0, 1, 0 }, { 0, 0, 1 } }
		},
		audioprops =
		{
			attenuation = -1,
			pan = 0,
			dmin = 50,
			dmax = 1000,
			ain = 360,
			aout = 360,
			atout = 0,
			rmix = 0,
		},
		userprops =
		{
			category = "Audio",
		}
	},

	{
		entity_name = "dx_s067a_0701_Orillion",
		type = SOUND,
		template_name = "dx_s067a_0701_Orillion",
		lt_grp = 0, srt_grp = 0, usr_flg = 0,
		spatialprops =
		{
			pos = { 0, 0, 0 },
			orient = { { 1, 0, 0 }, { 0, 1, 0 }, { 0, 0, 1 } }
		},
		audioprops =
		{
			attenuation = -1,
			pan = 0,
			dmin = 50,
			dmax = 1000,
			ain = 360,
			aout = 360,
			atout = 0,
			rmix = 0,
		},
		userprops =
		{
			category = "Audio",
		}
	},

	{
		entity_name = "Char_Trent",
		type = DEFORMABLE,
		template_name = "trent",
		lt_grp = 0, srt_grp = 0, usr_flg = 0,
		flags = LIT_DYNAMIC,
		spatialprops =
		{
			pos = { 14.15523, 0, -22.34982 },
			orient = { { -0.197845,  0.000000,  0.980233 },
					   {  0.000000,  1.000000,  0.000000 },
					   { -0.980233,  0.000000, -0.197845 } }
		},
		compoundprops =
		{
			floor_height = 0
		},
		userprops =
		{
			actor = "player",
			category = "Character",
		}
	},

	{
		entity_name = "Char_Juni",
		type = DEFORMABLE,
		template_name = "juni",
		lt_grp = 0, srt_grp = 0, usr_flg = 0,
		flags = LIT_DYNAMIC,
		spatialprops =
		{
			pos = { 17.39963, 0, -21.01911 },
			orient = { { 1, 0, 0 }, { 0, 1, 0 }, { 0, 0, 1 } }
		},
		compoundprops =
		{
			floor_height = 0
		},
		userprops =
		{
			actor = "juni",
			category = "Character",
		}
	},

	{
		entity_name = "Char_King",
		type = DEFORMABLE,
		template_name = "king",
		lt_grp = 0, srt_grp = 0, usr_flg = 0,
		flags = LIT_DYNAMIC,
		spatialprops =
		{
			pos = { 17.79357, 0, -22.57414 },
			orient = { { -0.597507,  0.000000, -0.801864 },
					   {  0.000000,  1.000000,  0.000000 },
					   {  0.801864,  0.000000, -0.597507 } }
		},
		compoundprops =
		{
			floor_height = 0
		},
		userprops =
		{
			actor = "king",
			category = "Character",
		}
	},

	{
		entity_name = "Char_Orillion",
		type = DEFORMABLE,
		template_name = "orillion",
		lt_grp = 0, srt_grp = 0, usr_flg = 0,
		flags = LIT_DYNAMIC,
		spatialprops =
		{
			pos = { 5.885905, 0, -28.8215 },
			orient = { { 1, 0, 0 }, { 0, 1, 0 }, { 0, 0, 1 } }
		},
		compoundprops =
		{
			floor_height = 0
		},
		userprops =
		{
			actor = "orillion",
			category = "Character",
		}
	},

	{
		entity_name = "Cam_01_Wide",
		type = CAMERA,
		template_name = "",
		lt_grp = 0, srt_grp = 0, usr_flg = 0,
		flags = HIDDEN,
		spatialprops =
		{
			pos = { -11.04616, 1.514711, -16.19203 },
			orient = { { -0.766342,  0.000000, -0.642433 },
					   { -0.081208,  0.991978,  0.096871 },
					   {  0.637280,  0.126407, -0.760195 } }
		},
		cameraprops =
		{
			fovh = 25,
			hvaspect = 1.85,
			nearplane = 0.4,
			farplane = 500
		}
	},

	{
		entity_name = "cam_Monitor",
		type = MONITOR,
		template_name = "",
		lt_grp = 0, srt_grp = 0, usr_flg = 0,
		userprops =
		{
			Priority = "Monitor_Moving_1",
		}
	},

	{
		entity_name = "Char_T_Mk_loc_01",
		type = MARKER,
		template_name = "",
		lt_grp = 0, srt_grp = 0, usr_flg = 0,
		spatialprops =
		{
			pos = { -11.89545, 0, -11.65431 },
			orient = { {  0.481687,  0.000000, -0.876343 },
					   {  0.000000,  1.000000,  0.000000 },
					   {  0.876343,  0.000000,  0.481687 } }
		}
	},

	{
		entity_name = "Char_O_Mk_loc_01",
		type = MARKER,
		template_name = "",
		lt_grp = 0, srt_grp = 0, usr_flg = 0,
		spatialprops =
		{
			pos = { -13.81927, 0, -15.54281 },
			orient = { { -0.996498,  0.000000, -0.083613 },
					   {  0.000000,  1.000000,  0.000000 },
					   {  0.083613,  0.000000, -0.996498 } }
		}
	},

	{
		entity_name = "Char_K_Mk_loc_01",
		type = MARKER,
		template_name = "",
		lt_grp = 0, srt_grp = 0, usr_flg = 0,
		spatialprops =
		{
			pos = { -14.55141, 0, -12.14333 },
			orient = { {  0.953179,  0.000000,  0.302406 },
					   {  0.000000,  1.000000,  0.000000 },
					   { -0.302406,  0.000000,  0.953179 } }
		}
	},

	{
		entity_name = "Char_J_Mk_loc_01_old",
		type = MARKER,
		template_name = "",
		lt_grp = 0, srt_grp = 0, usr_flg = 0,
		spatialprops =
		{
			pos = { -15.26737, 0, -12.96332 },
			orient = { { -0.712651,  0.000000,  0.701518 },
					   {  0.000000,  1.000000,  0.000000 },
					   { -0.701518,  0.000000, -0.712651 } }
		}
	},

	{
		entity_name = "Char_J_Mk_loc_01_endA_old",
		type = MARKER,
		template_name = "",
		lt_grp = 0, srt_grp = 0, usr_flg = 0,
		spatialprops =
		{
			pos = { -15.15291, 0.959264, -12.94427 },
			orient = { { -0.208097,  0.000000,  0.978108 },
					   {  0.000000,  1.000000,  0.000000 },
					   { -0.978108,  0.000000, -0.208097 } }
		}
	},

	{
		entity_name = "Char_O_Mk_loc_01_endA",
		type = MARKER,
		template_name = "",
		lt_grp = 0, srt_grp = 0, usr_flg = 0,
		spatialprops =
		{
			pos = { -13.99788, 0.972884, -13.76831 },
			orient = { { -0.996390,  0.000000, -0.084892 },
					   {  0.000000,  1.000000,  0.000000 },
					   {  0.084892,  0.000000, -0.996390 } }
		}
	},

	{
		entity_name = "Char_T_Mk_loc_01_endA",
		type = MARKER,
		template_name = "",
		lt_grp = 0, srt_grp = 0, usr_flg = 0,
		spatialprops =
		{
			pos = { -13.46423, 0.972884, -12.5137 },
			orient = { {  0.465840,  0.000000, -0.884869 },
					   {  0.000000,  1.000000,  0.000000 },
					   {  0.884869,  0.000000,  0.465840 } }
		}
	},

	{
		entity_name = "Char_J_Mk_loc_01_faceTrent",
		type = MARKER,
		template_name = "",
		lt_grp = 0, srt_grp = 0, usr_flg = 0,
		spatialprops =
		{
			pos = { -15.14918, 0.9597, -12.94324 },
			orient = { { -0.330484,  0.000000,  0.943812 },
					   {  0.000000,  1.000000,  0.000000 },
					   { -0.943812,  0.000000, -0.330484 } }
		}
	},

	{
		entity_name = "Char_O_Mk_loc_01_endA_copy_1",
		type = MARKER,
		template_name = "",
		lt_grp = 0, srt_grp = 0, usr_flg = 0,
		spatialprops =
		{
			pos = { -13.99539, 0.972884, -13.99113 },
			orient = { { -0.996390,  0.000000, -0.084892 },
					   {  0.000000,  1.000000,  0.000000 },
					   {  0.084892,  0.000000, -0.996390 } }
		}
	},

	{
		entity_name = "Char_J_Mk_loc_01_endA",
		type = MARKER,
		template_name = "",
		lt_grp = 0, srt_grp = 0, usr_flg = 0,
		spatialprops =
		{
			pos = { -15.10616, 0.959241, -13.04096 },
			orient = { {  0.433562,  0.000000,  0.901124 },
					   {  0.000000,  1.000000,  0.000000 },
					   { -0.901124,  0.000000,  0.433562 } }
		}
	},

	{
		entity_name = "Char_K_Mk_IKtorso_Mk",
		type = MARKER,
		template_name = "",
		lt_grp = 0, srt_grp = 0, usr_flg = 0,
		spatialprops =
		{
			pos = { -14.18866, 1.160336, -13.05128 },
			orient = { {  0.990481, -0.013156,  0.137019 },
					   {  0.133458, -0.151985, -0.979331 },
					   {  0.033709,  0.988295, -0.148782 } }
		}
	},

	{
		entity_name = "Char_K_Mk_IKhead",
		type = MARKER,
		template_name = "",
		lt_grp = 0, srt_grp = 0, usr_flg = 0,
		spatialprops =
		{
			pos = { -14.55141, 0, -12.14333 },
			orient = { {  0.953179,  0.000000,  0.302406 },
					   {  0.000000,  1.000000,  0.000000 },
					   { -0.302406,  0.000000,  0.953179 } }
		}
	},

	{
		entity_name = "Char_T_Mk_IKhead",
		type = MARKER,
		template_name = "",
		lt_grp = 0, srt_grp = 0, usr_flg = 0,
		spatialprops =
		{
			pos = { -13.46423, 0.972884, -12.5137 },
			orient = { {  0.465840,  0.000000, -0.884869 },
					   {  0.000000,  1.000000,  0.000000 },
					   {  0.884869,  0.000000,  0.465840 } }
		}
	},

	{
		entity_name = "Char_J_Mk_IKhead",
		type = MARKER,
		template_name = "",
		lt_grp = 0, srt_grp = 0, usr_flg = 0,
		spatialprops =
		{
			pos = { -15.14918, 0.9597, -12.94324 },
			orient = { { -0.330484,  0.000000,  0.943812 },
					   {  0.000000,  1.000000,  0.000000 },
					   { -0.943812,  0.000000, -0.330484 } }
		}
	},

	{
		entity_name = "Char_T_Mk_IKhead_Oril",
		type = MARKER,
		template_name = "",
		lt_grp = 0, srt_grp = 0, usr_flg = 0,
		spatialprops =
		{
			pos = { -13.46423, 0.972884, -12.5137 },
			orient = { {  0.465840,  0.000000, -0.884869 },
					   {  0.000000,  1.000000,  0.000000 },
					   {  0.884869,  0.000000,  0.465840 } }
		}
	},

	{
		entity_name = "Cam_02_ACS_K_J",
		type = CAMERA,
		template_name = "",
		lt_grp = 0, srt_grp = 0, usr_flg = 0,
		flags = HIDDEN,
		spatialprops =
		{
			pos = { -12.77398, 1.698853, -13.22358 },
			orient = { { -0.371592,  0.000000, -0.928396 },
					   { -0.150974,  0.986689,  0.060428 },
					   {  0.916038,  0.162618, -0.366646 } }
		},
		cameraprops =
		{
			fovh = 25,
			hvaspect = 1.85,
			nearplane = 0.4,
			farplane = 500
		}
	},

	{
		entity_name = "Cam_03_Wide_Orl",
		type = CAMERA,
		template_name = "",
		lt_grp = 0, srt_grp = 0, usr_flg = 0,
		flags = HIDDEN,
		spatialprops =
		{
			pos = { -12.00013, 2.555499, -11.84424 },
			orient = { {  0.498837,  0.000000, -0.866696 },
					   { -0.381100,  0.898137, -0.219347 },
					   {  0.778411,  0.439716,  0.448024 } }
		},
		cameraprops =
		{
			fovh = 25,
			hvaspect = 1.85,
			nearplane = 0.4,
			farplane = 500
		}
	},

	{
		entity_name = "Cam_04_ACS_Orl",
		type = CAMERA,
		template_name = "",
		lt_grp = 0, srt_grp = 0, usr_flg = 0,
		flags = HIDDEN,
		spatialprops =
		{
			pos = { -13.36404, 1.611096, -12.34698 },
			orient = { {  0.870565,  0.000000, -0.492053 },
					   { -0.013554,  0.999621, -0.023980 },
					   {  0.491866,  0.027545,  0.870235 } }
		},
		cameraprops =
		{
			fovh = 20,
			hvaspect = 1.85,
			nearplane = 0.4,
			farplane = 500
		}
	},

	{
		entity_name = "Char_J_Mk_IKeyes",
		type = MARKER,
		template_name = "",
		lt_grp = 0, srt_grp = 0, usr_flg = 0,
		spatialprops =
		{
			pos = { -15.14918, 0.9597, -12.94324 },
			orient = { { -0.330484,  0.000000,  0.943812 },
					   {  0.000000,  1.000000,  0.000000 },
					   { -0.943812,  0.000000, -0.330484 } }
		}
	},

	{
		entity_name = "Char_K_Mk_IKeyes",
		type = MARKER,
		template_name = "",
		lt_grp = 0, srt_grp = 0, usr_flg = 0,
		spatialprops =
		{
			pos = { -14.55141, 0, -12.14333 },
			orient = { {  0.953179,  0.000000,  0.302406 },
					   {  0.000000,  1.000000,  0.000000 },
					   { -0.302406,  0.000000,  0.953179 } }
		}
	},

	{
		entity_name = "Char_O_Mk_IKeyes",
		type = MARKER,
		template_name = "",
		lt_grp = 0, srt_grp = 0, usr_flg = 0,
		spatialprops =
		{
			pos = { -13.81454, 0, -15.76586 },
			orient = { { -0.996498,  0.000000, -0.083613 },
					   {  0.000000,  1.000000,  0.000000 },
					   {  0.083613,  0.000000, -0.996498 } }
		}
	},

	{
		entity_name = "Char_O_Mk_IKhead_tilt",
		type = MARKER,
		template_name = "",
		lt_grp = 0, srt_grp = 0, usr_flg = 0,
		spatialprops =
		{
			pos = { -13.68182, 1.574867, -13.6979 },
			orient = { {  0.996884, -0.072752,  0.030470 },
					   {  0.023199, -0.098775, -0.994839 },
					   {  0.075387,  0.992447, -0.096779 } }
		}
	},

	{
		entity_name = "Char_O_Mk_IKhead_J",
		type = MARKER,
		template_name = "",
		lt_grp = 0, srt_grp = 0, usr_flg = 0,
		spatialprops =
		{
			pos = { -14.76378, 1.601721, -12.54554 },
			orient = { { -0.996390,  0.000000, -0.084892 },
					   {  0.000000,  1.000000,  0.000000 },
					   {  0.084892,  0.000000, -0.996390 } }
		}
	},

	{
		entity_name = "Char_O_Mk_IKhead_Tr",
		type = MARKER,
		template_name = "",
		lt_grp = 0, srt_grp = 0, usr_flg = 0,
		spatialprops =
		{
			pos = { -13.99788, 0.972884, -13.76831 },
			orient = { { -0.996390,  0.000000, -0.084892 },
					   {  0.000000,  1.000000,  0.000000 },
					   {  0.084892,  0.000000, -0.996390 } }
		}
	},

	{
		entity_name = "cam_Monitor_static",
		type = MONITOR,
		template_name = "",
		lt_grp = 0, srt_grp = 0, usr_flg = 0,
		userprops =
		{
			Priority = "Monitor_Static_1",
		}
	},

	{
		entity_name = "ship_levitation_1",
		type = SOUND,
		template_name = "ship_levitation",
		lt_grp = 0, srt_grp = 0, usr_flg = 0,
		flags = SPATIAL,
		spatialprops =
		{
			pos = { 0, 0, 0 },
			orient = { { 1, 0, 0 }, { 0, 1, 0 }, { 0, 0, 1 } }
		},
		audioprops =
		{
			attenuation = 0,
			pan = 0,
			dmin = 20,
			dmax = 100,
			ain = 360,
			aout = 360,
			atout = 0,
			rmix = 0,
		},
		userprops =
		{
			category = "Audio",
			Priority = "Story_Sound_1",
		}
	},

	{
		entity_name = "X/Shipcentre/01",
		type = MARKER,
		template_name = "",
		lt_grp = 0, srt_grp = 0, usr_flg = 0,
		flags = REFERENCE,
		spatialprops =
		{
			pos = { 0, 0, 0 },
			orient = { {  0.879033,  0.000000, -0.476761 },
					   {  0.000000,  1.000000,  0.000000 },
					   {  0.476761,  0.000000,  0.879033 } }
		}
	},

	{
		entity_name = "Char_Trent_fs_ml_steel04_2",
		type = SOUND,
		template_name = "fs_ml_steel04",
		lt_grp = 0, srt_grp = 0, usr_flg = 0,
		spatialprops =
		{
			pos = { 0, 0, 0 },
			orient = { { 1, 0, 0 }, { 0, 1, 0 }, { 0, 0, 1 } }
		},
		audioprops =
		{
			attenuation = -22,
			dmin = 50,
			dmax = 300,
			ain = 360,
			aout = 360,
			atout = 0,
			rmix = 0,
		},
		userprops =
		{
			category = "Audio",
			Priority = "Steps_4",
		}
	},

	{
		entity_name = "Char_Trent_fs_mr_steel04_3",
		type = SOUND,
		template_name = "fs_mr_steel04",
		lt_grp = 0, srt_grp = 0, usr_flg = 0,
		spatialprops =
		{
			pos = { 0, 0, 0 },
			orient = { { 1, 0, 0 }, { 0, 1, 0 }, { 0, 0, 1 } }
		},
		audioprops =
		{
			attenuation = -23,
			pan = -20,
			dmin = 50,
			ain = 360,
			aout = 360,
			atout = 0,
			rmix = 0,
		},
		userprops =
		{
			category = "Audio",
			Priority = "Steps_4",
		}
	},

	{
		entity_name = "Char_Trent_fs_ml_steel03_4",
		type = SOUND,
		template_name = "fs_ml_steel03",
		lt_grp = 0, srt_grp = 0, usr_flg = 0,
		spatialprops =
		{
			pos = { 0, 0, 0 },
			orient = { { 1, 0, 0 }, { 0, 1, 0 }, { 0, 0, 1 } }
		},
		audioprops =
		{
			attenuation = -24,
			pan = -42,
			dmin = 50,
			dmax = 300,
			ain = 360,
			atout = 0,
			rmix = 0,
		},
		userprops =
		{
			category = "Audio",
			Priority = "Steps_4",
		}
	},

	{
		entity_name = "Char_Trent_sfx_fstop_steel_male01_5",
		type = SOUND,
		template_name = "sfx_fstop_steel_male01",
		lt_grp = 0, srt_grp = 0, usr_flg = 0,
		spatialprops =
		{
			pos = { 0, 0, 0 },
			orient = { { 1, 0, 0 }, { 0, 1, 0 }, { 0, 0, 1 } }
		},
		audioprops =
		{
			attenuation = -20,
			pan = -35,
			dmin = 50,
			dmax = 300,
			ain = 360,
			aout = 360,
			rmix = 0,
		},
		userprops =
		{
			category = "Audio",
			Priority = "Steps_4",
		}
	},

	{
		entity_name = "Char_Orillion_fs_mr_steel01_6",
		type = SOUND,
		template_name = "fs_mr_steel01",
		lt_grp = 0, srt_grp = 0, usr_flg = 0,
		spatialprops =
		{
			pos = { 0, 0, 0 },
			orient = { { 1, 0, 0 }, { 0, 1, 0 }, { 0, 0, 1 } }
		},
		audioprops =
		{
			attenuation = -25,
			pan = 45,
			dmin = 50,
			dmax = 300,
			ain = 360,
			aout = 360,
			atout = 0,
			rmix = 0,
		},
		userprops =
		{
			category = "Audio",
			Priority = "Steps_4",
		}
	},

	{
		entity_name = "Char_Orillion_fs_mr_steel01_7",
		type = SOUND,
		template_name = "fs_mr_steel01",
		lt_grp = 0, srt_grp = 0, usr_flg = 0,
		spatialprops =
		{
			pos = { 0, 0, 0 },
			orient = { { 1, 0, 0 }, { 0, 1, 0 }, { 0, 0, 1 } }
		},
		audioprops =
		{
			attenuation = -22,
			pan = 23,
			dmin = 50,
			dmax = 300,
			ain = 360,
			aout = 360,
			atout = 0,
			rmix = 0,
		},
		userprops =
		{
			category = "Audio",
			Priority = "Steps_4",
		}
	},

	{
		entity_name = "Char_Orillion_fs_ml_steel02_8",
		type = SOUND,
		template_name = "fs_ml_steel02",
		lt_grp = 0, srt_grp = 0, usr_flg = 0,
		spatialprops =
		{
			pos = { 0, 0, 0 },
			orient = { { 1, 0, 0 }, { 0, 1, 0 }, { 0, 0, 1 } }
		},
		audioprops =
		{
			attenuation = -22,
			pan = 20,
			dmin = 50,
			dmax = 300,
			ain = 360,
			aout = 360,
			atout = 0,
			rmix = 0,
		},
		userprops =
		{
			category = "Audio",
			Priority = "Steps_4",
		}
	},

	{
		entity_name = "Char_Orillion_sfx_fstop_steel_male02_9",
		type = SOUND,
		template_name = "sfx_fstop_steel_male02",
		lt_grp = 0, srt_grp = 0, usr_flg = 0,
		spatialprops =
		{
			pos = { 0, 0, 0 },
			orient = { { 1, 0, 0 }, { 0, 1, 0 }, { 0, 0, 1 } }
		},
		audioprops =
		{
			attenuation = -20,
			pan = 18,
			dmin = 50,
			dmax = 300,
			ain = 360,
			aout = 360,
			atout = 0,
			rmix = 0,
		},
		userprops =
		{
			category = "Audio",
			Priority = "Steps_4",
		}
	},

	{
		entity_name = "ambience_deck_space_larger_10",
		type = SOUND,
		template_name = "ambience_deck_space_larger",
		lt_grp = 0, srt_grp = 0, usr_flg = 0,
		spatialprops =
		{
			pos = { 0, 0, 0 },
			orient = { { 1, 0, 0 }, { 0, 1, 0 }, { 0, 0, 1 } }
		},
		audioprops =
		{
			attenuation = -10,
			pan = 0,
			dmin = 50,
			dmax = 300,
			ain = 360,
			aout = 360,
			atout = 0,
			rmix = 0,
		},
		userprops =
		{
			category = "Audio",
			Priority = "Story_Sound_1",
		}
	},

	{
		entity_name = "sfx_backgroundambient_11",
		type = SOUND,
		template_name = "backgroundambient",
		lt_grp = 0, srt_grp = 0, usr_flg = 0,
		spatialprops =
		{
			pos = { 0, 0, 0 },
			orient = { { 1, 0, 0 }, { 0, 1, 0 }, { 0, 0, 1 } }
		},
		audioprops =
		{
			attenuation = 0,
			pan = 0,
			dmin = 50,
			dmax = 300,
			ain = 360,
			aout = 360,
			atout = 0,
			rmix = 0,
		},
		userprops =
		{
			category = "Audio",
		}
	},

	{
		entity_name = "ambience_deck_space_larger_2",
		type = SOUND,
		template_name = "ambience_deck_space_larger",
		lt_grp = 0, srt_grp = 0, usr_flg = 0,
		spatialprops =
		{
			pos = { 0, 0, 0 },
			orient = { { 1, 0, 0 }, { 0, 1, 0 }, { 0, 0, 1 } }
		},
		audioprops =
		{
			attenuation = 0,
			pan = 0,
			dmin = 1,
			dmax = 1e+009,
			ain = 360,
			aout = 360,
			atout = 0,
			rmix = 0,
		},
		userprops =
		{
			category = "Audio",
			Priority = "Story_Sound_1",
		}
	},

	{
		entity_name = "rtc_music_anticipation_motivated_1",
		type = SOUND,
		template_name = "rtc_music_anticipation_motivated",
		lt_grp = 0, srt_grp = 0, usr_flg = 0,
		spatialprops =
		{
			pos = { 0, 0, 0 },
			orient = { { 1, 0, 0 }, { 0, 1, 0 }, { 0, 0, 1 } }
		},
		audioprops =
		{
			attenuation = 0,
			pan = 0,
			dmin = 1,
			dmax = 1e+009,
			ain = 360,
			aout = 360,
			atout = 0,
			rmix = 0,
		},
		userprops =
		{
			category = "Audio",
			Priority = "rtc_music_1",
		}
	},

	{
		entity_name = "Char_O_Mk_IKhead_J_02",
		type = MARKER,
		template_name = "",
		lt_grp = 0, srt_grp = 0, usr_flg = 0,
		spatialprops =
		{
			pos = { -14.24734, 1.601721, -12.40845 },
			orient = { { -0.996390,  0.000000, -0.084892 },
					   {  0.000000,  1.000000,  0.000000 },
					   {  0.084892,  0.000000, -0.996390 } }
		}
	},

	{
		entity_name = "Char_O_Mk_IKhead_J_03",
		type = MARKER,
		template_name = "",
		lt_grp = 0, srt_grp = 0, usr_flg = 0,
		spatialprops =
		{
			pos = { -13.4619, 1.601721, -12.63745 },
			orient = { { -0.996390,  0.000000, -0.084892 },
					   {  0.000000,  1.000000,  0.000000 },
					   {  0.084892,  0.000000, -0.996390 } }
		}
	},

	{
		entity_name = "rtc_music_anticipation_light_2",
		type = SOUND,
		template_name = "rtc_music_anticipation_light",
		lt_grp = 0, srt_grp = 0, usr_flg = 0,
		spatialprops =
		{
			pos = { 0, 0, 0 },
			orient = { { 1, 0, 0 }, { 0, 1, 0 }, { 0, 0, 1 } }
		},
		audioprops =
		{
			attenuation = -100,
			pan = 0,
			dmin = 50,
			dmax = 300,
			ain = 360,
			aout = 360,
			atout = 0,
			rmix = 0,
		},
		userprops =
		{
			category = "Audio",
			Priority = "rtc_music_1",
		}
	},

	{
		entity_name = "ship_levitation",
		type = SOUND,
		template_name = "ship_levitation",
		lt_grp = 0, srt_grp = 0, usr_flg = 0,
		spatialprops =
		{
			pos = { 0, 0, 0 },
			orient = { { 1, 0, 0 }, { 0, 1, 0 }, { 0, 0, 1 } }
		},
		audioprops =
		{
			attenuation = 0,
			pan = 0,
			dmin = 1,
			dmax = 1e+009,
			ain = 360,
			aout = 360,
			atout = 0,
			rmix = 0,
		},
		userprops =
		{
			category = "Audio",
			Priority = "Story_Sound_1",
		}
	},

	{
		entity_name = "sfx_backgroundmusic_1",
		type = SOUND,
		template_name = "backgroundmusic",
		lt_grp = 0, srt_grp = 0, usr_flg = 0,
		spatialprops =
		{
			pos = { 0, 0, 0 },
			orient = { { 1, 0, 0 }, { 0, 1, 0 }, { 0, 0, 1 } }
		},
		audioprops =
		{
			attenuation = 0,
			pan = 0,
			dmin = 50,
			dmax = 300,
			ain = 360,
			aout = 360,
			atout = 0,
			rmix = 0,
		},
		userprops =
		{
			category = "Audio",
		}
	}
};

events =
{
	{
		0.000, START_AUDIO_PROP_ANIM, { "rtc_music_anticipation_light_2" },
		{
			duration = 4.000,
			audioprops =
			{
				attenuation = -16
			},
			param_curve =
			{
				CLSID = "FreeFormPCurve",
				points =
				{
					{  0.000000,  0.000000,  0.000000,  0.000000 },
					{  1.000000,  1.000000,  0.000000,  0.000000 },
				}
			},
			pcurve_period = -1000
		}
	},

	{
		0.000, START_AUDIO_PROP_ANIM, { "sfx_backgroundmusic_1" },
		{
			duration = 3.000,
			audioprops =
			{
				attenuation = -100
			}
		}
	},

	{
		0.000, START_AUDIO_PROP_ANIM, { "rtc_music_anticipation_motivated_1" },
		{
			duration = 0.000,
			audioprops =
			{
				attenuation = -100
			}
		}
	},

	{
		0.000, START_MOTION, { "Char_Juni" },
		{
			animation = "Sc_FMHEAD_MOTION_SHAKHEAD_YES_JUNI_000LV_XA_%",
			duration = 3.000,
			start_time = 1.000,
			time_scale = 1,
			weight = 1,
			heading = -1
		}
	},

	{
		0.000, START_MOTION, { "Char_King" },
		{
			animation = "Sc_MLBODY_STND_EMPH_LHNDDN_TRNS_000LV_XA_00",
			duration = 1.190,
			time_scale = 0.7,
			weight = 1,
			heading = -1
		}
	},

	{
		0.000, START_AUDIO_PROP_ANIM, { "sfx_backgroundambient_11" },
		{
			duration = 1.000,
			audioprops =
			{
				attenuation = -12
			}
		}
	},

	{
		0.000, ATTACH_ENTITY, { "ship_levitation_1", "X/Shipcentre/01" },
		{
			duration = 12.529,
			offset = { 0, 0, 0 },
			up = Y_AXIS,
			front = NEG_Z_AXIS,
			target_type = ROOT,
			flags = POSITION + ORIENTATION
		}
	},

	{
		0.000, START_MOTION, { "Char_Trent" },
		{
			animation = "Sc_dx_s067a_0101_Trent",
			duration = 1.166,
			start_time = 0.100,
			time_scale = 1,
			weight = 1,
			heading = -1
		}
	},

	{
		0.000, ATTACH_ENTITY, { "Char_O_Mk_IKeyes", "Char_Juni" },
		{
			duration = 9.953,
			offset = { 0, 0, 0 },
			up = Y_AXIS,
			front = NEG_Z_AXIS,
			target_part = "hp_head",
			target_type = HARDPOINT,
			flags = POSITION
		}
	},

	{
		0.000, ATTACH_ENTITY, { "Char_O_Mk_IKhead_Tr", "Char_Trent" },
		{
			duration = 33.625,
			offset = { 0, 0.75, -0.3 },
			up = Y_AXIS,
			front = NEG_Z_AXIS,
			target_part = "Root",
			target_type = PART,
			flags = POSITION + ENTITY_RELATIVE
		}
	},

	{
		0.000, ATTACH_ENTITY, { "Char_K_Mk_IKeyes", "Char_Trent" },
		{
			duration = 3.281,
			offset = { 0, 0, 0 },
			up = Y_AXIS,
			front = NEG_Z_AXIS,
			target_part = "hp_head",
			target_type = HARDPOINT,
			flags = POSITION
		}
	},

	{
		0.000, ATTACH_ENTITY, { "Char_K_Mk_IKhead", "Char_Trent" },
		{
			duration = 2.921,
			offset = { 0, 0, 0 },
			up = Y_AXIS,
			front = NEG_Z_AXIS,
			target_part = "hp_head",
			target_type = HARDPOINT,
			flags = POSITION
		}
	},

	{
		0.000, ATTACH_ENTITY, { "Char_J_Mk_IKeyes", "Char_Trent" },
		{
			duration = 3.359,
			offset = { 0, 0, 0 },
			up = Y_AXIS,
			front = NEG_Z_AXIS,
			target_part = "hp_head",
			target_type = HARDPOINT,
			flags = POSITION
		}
	},

	{
		0.000, START_AUDIO_PROP_ANIM, { "ambience_deck_space_larger_2" },
		{
			duration = 0.000,
			audioprops =
			{
				attenuation = -100
			}
		}
	},

	{
		0.000, SET_CAMERA, { "cam_Monitor_static", "Cam_01_Wide" }
	},

	{
		0.000, START_MOTION, { "Char_Trent" },
		{
			animation = "Sc_MLBODY_WALK_STND_TRNS_000LV_XA_02",
			duration = 2.400,
			time_scale = 1,
			weight = 1,
			heading = -1
		}
	},

	{
		0.000, SET_CAMERA, { "cam_Monitor", "Cam_01_Wide" }
	},

	{
		0.000, ATTACH_ENTITY, { "Char_Trent", "Char_T_Mk_loc_01" },
		{
			duration = 0.000,
			offset = { 0, 0, 0 },
			up = Y_AXIS,
			front = NEG_Z_AXIS,
			target_part = "",
			target_type = ROOT,
			flags = POSITION + ORIENTATION
		}
	},

	{
		0.000, ATTACH_ENTITY, { "Char_Orillion", "Char_O_Mk_loc_01" },
		{
			duration = 0.000,
			offset = { 0, 0, 0 },
			up = Y_AXIS,
			front = NEG_Z_AXIS,
			target_part = "",
			target_type = ROOT,
			flags = POSITION + ORIENTATION
		}
	},

	{
		0.000, ATTACH_ENTITY, { "Char_King", "Char_K_Mk_loc_01" },
		{
			duration = 0.000,
			offset = { 0, 0, 0 },
			up = Y_AXIS,
			front = NEG_Z_AXIS,
			target_part = "",
			target_type = ROOT,
			flags = POSITION + ORIENTATION
		}
	},

	{
		0.000, ATTACH_ENTITY, { "Char_T_Mk_loc_01", "Char_T_Mk_loc_01_endA" },
		{
			duration = 0.000,
			offset = { -0.029652, -0.972884, 1.788508 },
			up = Y_AXIS,
			front = NEG_Z_AXIS,
			target_part = "",
			target_type = ROOT,
			flags = POSITION + ENTITY_RELATIVE
		}
	},

	{
		0.000, ATTACH_ENTITY, { "Char_Juni", "Char_J_Mk_loc_01_faceTrent" },
		{
			duration = 0.000,
			offset = { 0, 0, 0 },
			up = Y_AXIS,
			front = NEG_Z_AXIS,
			target_part = "",
			target_type = ROOT,
			flags = POSITION + ORIENTATION
		}
	},

	{
		0.000, ATTACH_ENTITY, { "Char_J_Mk_loc_01_old", "Char_J_Mk_loc_01_endA_old" },
		{
			duration = 0.000,
			offset = { 0.067345, -0.959264, 0.087908 },
			up = Y_AXIS,
			front = NEG_Z_AXIS,
			target_part = "",
			target_type = ROOT,
			flags = POSITION + ORIENTATION + ENTITY_RELATIVE + ORIENTATION_RELATIVE
		}
	},

	{
		0.000, ATTACH_ENTITY, { "Char_T_Mk_IKhead", "Char_Juni" },
		{
			duration = 1.562,
			offset = { 0, 0, 0 },
			up = Y_AXIS,
			front = NEG_Z_AXIS,
			target_part = "hp_head",
			target_type = HARDPOINT,
			flags = POSITION
		}
	},

	{
		0.000, ATTACH_ENTITY, { "Char_J_Mk_IKhead", "Char_Trent" },
		{
			duration = 3.015,
			offset = { 0, 0, 0 },
			up = Y_AXIS,
			front = NEG_Z_AXIS,
			target_part = "hp_head",
			target_type = HARDPOINT,
			flags = POSITION
		}
	},

	{
		0.000, START_MOTION, { "Char_Juni" },
		{
			animation = "Sc_FMBODY_STND_IDLE_000LV_xa_05",
			duration = 5.000,
			time_scale = 1,
			weight = 1,
			heading = -1
		}
	},

	{
		0.000, START_MOTION, { "Char_Orillion" },
		{
			animation = "Sc_MLBODY_STND_IDLE_000LV_xa_04",
			duration = 7.466,
			time_scale = 1,
			weight = 1,
			heading = -1
		}
	},

	{
		0.000, START_AUDIO_PROP_ANIM, { "ship_levitation" },
		{
			duration = 0.000,
			audioprops =
			{
				attenuation = -100
			}
		}
	},

	{
		0.001, START_IK, { "Char_King", "Char_Juni" },
		{
			duration = 0.500,
			end_effector = "Body_Head",
			count_to_root = 1,
			target_part = "Body_Head",
			target_type = PART,
			damping = 1,
			up = NEG_Y_AXIS,
			front = Z_AXIS,
			point_at = 1,
			move_to = 0,
			transition_duration = 0.000
		}
	},

	{
		0.001, START_IK, { "Char_Juni", "Char_King" },
		{
			duration = 0.500,
			end_effector = "Body_Head",
			count_to_root = 1,
			target_part = "Body_Head",
			target_type = PART,
			damping = 1,
			up = NEG_Y_AXIS,
			front = Z_AXIS,
			point_at = 1,
			move_to = 0,
			transition_duration = 0.000
		}
	},

	{
		0.001, START_SOUND, { "ship_levitation_1" },
		{
			duration = 12.529,
			flags = LOOP
		}
	},

	{
		0.001, START_SOUND, { "ambience_deck_space_larger_10" },
		{
			duration = 12.529,
			flags = LOOP
		}
	},

	{
		0.008, START_SOUND, { "rtc_music_anticipation_light_2" },
		{
			duration = 12.531
		}
	},

	{
		0.100, START_SOUND, { "dx_s067a_0101_Trent" },
		{
			duration = 0.875
		}
	},

	{
		0.100, START_IK, { "Char_King", "Char_K_Mk_IKeyes" },
		{
			duration = 15.000,
			end_effector = "Eye IK Left",
			count_to_root = 1,
			target_part = "",
			target_type = ROOT,
			damping = 1,
			up = Y_AXIS,
			front = Z_AXIS,
			point_at = 1,
			move_to = 0,
			transition_duration = 1.000,
			event_flags = 128
		}
	},

	{
		0.100, START_IK, { "Char_Juni", "Char_J_Mk_IKeyes" },
		{
			duration = 15.000,
			end_effector = "Eye IK Left",
			count_to_root = 1,
			target_part = "",
			target_type = ROOT,
			damping = 1,
			up = Y_AXIS,
			front = Z_AXIS,
			point_at = 1,
			move_to = 0,
			transition_duration = 1.000,
			event_flags = 128
		}
	},

	{
		0.300, START_IK, { "Char_Trent", "Char_T_Mk_IKhead" },
		{
			duration = 15.000,
			end_effector = "Body_Head",
			count_to_root = 1,
			target_part = "",
			target_type = ROOT,
			damping = 1,
			up = NEG_Y_AXIS,
			front = Z_AXIS,
			point_at = 1,
			move_to = 0,
			transition_duration = 0.600,
			event_flags = 128
		}
	},

	{
		0.343, START_SOUND, { "Char_Trent_fs_ml_steel04_2" },
		{
			duration = 0.754
		}
	},

	{
		0.406, START_IK, { "Char_King", "Char_K_Mk_IKtorso_Mk" },
		{
			duration = 1.343,
			end_effector = "UpperTorso",
			count_to_root = 1,
			target_part = "",
			target_type = ROOT,
			damping = 1,
			up = Z_AXIS,
			front = Y_AXIS,
			point_at = 1,
			move_to = 0,
			transition_duration = 0.800,
			event_flags = 128
		}
	},

	{
		0.509, START_IK, { "Char_King", "Char_K_Mk_IKhead" },
		{
			duration = 15.000,
			end_effector = "Body_Head",
			count_to_root = 1,
			target_part = "hp_head",
			target_type = ROOT,
			damping = 1,
			up = NEG_Y_AXIS,
			front = Z_AXIS,
			point_at = 1,
			move_to = 0,
			transition_duration = 1.000,
			event_flags = 128
		}
	},

	{
		0.509, START_IK, { "Char_Juni", "Char_J_Mk_IKhead" },
		{
			duration = 14.750,
			end_effector = "Body_Head",
			count_to_root = 1,
			target_part = "hp_head",
			target_type = ROOT,
			damping = 1,
			up = NEG_Y_AXIS,
			front = Z_AXIS,
			point_at = 1,
			move_to = 0,
			transition_duration = 0.800,
			event_flags = 128
		}
	},

	{
		0.593, START_MOTION, { "Char_Juni" },
		{
			animation = "Sc_FMHEAD_BASEPOSE_JUNI_000LV_01_01",
			duration = 0.509,
			trans_time = 0.500,
			time_scale = 1,
			weight = 1,
			heading = -1
		}
	},

	{
		0.600, START_MOTION, { "Char_King" },
		{
			animation = "Sc_dx_s067a_0201_King",
			duration = 2.092,
			trans_time = 0.200,
			time_scale = 1,
			weight = 1,
			heading = -1
		}
	},

	{
		0.828, START_SOUND, { "dx_s067a_0201_King" },
		{
			duration = 2.405
		}
	},

	{
		0.936, START_MOTION, { "Char_King" },
		{
			animation = "Sc_MLBODY_STND_CONV_RHNDUP_TRNS_000LV_XA_01",
			duration = 1.432,
			trans_time = 0.300,
			time_scale = 1,
			weight = 1,
			heading = -1
		}
	},

	{
		0.968, START_SOUND, { "Char_Trent_fs_mr_steel04_3" },
		{
			duration = 0.358
		}
	},

	{
		1.484, START_MOTION, { "Char_King" },
		{
			animation = "Sc_MLHAND_HNEUT_GESTR_CASL_000LV_00",
			duration = 2.500,
			time_scale = 1.2,
			weight = 1,
			heading = -1
		}
	},

	{
		1.562, START_SPATIAL_PROP_ANIM, { "Char_T_Mk_IKhead", "Char_King" },
		{
			duration = 1.000,
			target_part = "hp_head",
			target_type = HARDPOINT,
			spatialprops =
			{
				pos = { -14.55668, 1.72476, -12.17255 }
			},
			param_curve =
			{
				CLSID = "FreeFormPCurve",
				points =
				{
					{  0.000000,  0.000000,  0.000000,  0.000000 },
					{  1.000000,  1.000000,  0.000000,  0.000000 },
				}
			},
			pcurve_period = -1000
		}
	},

	{
		1.625, SET_CAMERA, { "cam_Monitor", "Cam_02_ACS_K_J" }
	},

	{
		1.625, SET_CAMERA, { "cam_Monitor_static", "Cam_02_ACS_K_J" }
	},

	{
		1.687, START_SOUND, { "Char_Trent_fs_ml_steel03_4" },
		{
			duration = 0.742
		}
	},

	{
		2.000, START_IK, { "Char_Orillion", "Char_O_Mk_IKeyes" },
		{
			duration = 3.910,
			end_effector = "Eye IK Left",
			count_to_root = 1,
			target_part = "",
			target_type = ROOT,
			damping = 1,
			up = Y_AXIS,
			front = Z_AXIS,
			point_at = 1,
			move_to = 0,
			transition_duration = 1.000,
			event_flags = 128
		}
	},

	{
		2.156, START_SOUND, { "Char_Trent_sfx_fstop_steel_male01_5" },
		{
			duration = 0.173
		}
	},

	{
		2.359, START_MOTION, { "Char_Orillion" },
		{
			animation = "Sc_MLBODY_WALK_STND_TRNS_000LV_XA_02",
			duration = 2.400,
			time_scale = 1,
			weight = 1,
			heading = -1
		}
	},

	{
		2.368, START_MOTION, { "Char_King" },
		{
			animation = "Sc_MLBODY_STND_CONV_RHNDDN_TRNS_000LV_XA_02",
			duration = 2.000,
			trans_time = 0.750,
			time_scale = 1,
			weight = 1,
			heading = -1
		}
	},

	{
		2.400, START_MOTION, { "Char_Trent" },
		{
			animation = "Sc_MLBODY_STND_IDLE_000LV_XB_04",
			duration = 12.600,
			trans_time = 1.000,
			time_scale = 1,
			weight = 1,
			heading = -1,
			event_flags = 2
		}
	},

	{
		2.625, ATTACH_ENTITY, { "Char_T_Mk_IKhead_Oril", "Char_Orillion" },
		{
			duration = 11.218,
			offset = { 0, 0, 0.5 },
			up = Y_AXIS,
			front = NEG_Z_AXIS,
			target_part = "hp_head",
			target_type = HARDPOINT,
			flags = POSITION
		}
	},

	{
		2.656, START_SOUND, { "Char_Orillion_fs_mr_steel01_6" },
		{
			duration = 0.731
		}
	},

	{
		2.796, START_MOTION, { "Char_King" },
		{
			animation = "Sc_MLHEAD_BASEPOSE_000LV_02_01",
			duration = 1.100,
			trans_time = 1.000,
			time_scale = 1,
			weight = 1,
			heading = -1
		}
	},

	{
		2.796, START_SPATIAL_PROP_ANIM, { "Char_T_Mk_IKhead", "Char_T_Mk_IKhead_Oril" },
		{
			duration = 1.000,
			target_part = "hp_head",
			target_type = ROOT,
			spatialprops =
			{
				pos = { -13.95131, 1.707173, -13.72655 }
			},
			param_curve =
			{
				CLSID = "FreeFormPCurve",
				points =
				{
					{  0.000000,  0.000000,  0.000000,  0.000000 },
					{  1.000000,  1.000000,  0.000000,  0.000000 },
				}
			},
			pcurve_period = -1000
		}
	},

	{
		2.905, START_SOUND, { "dx_s067a_0301_Orillion" },
		{
			duration = 0.646
		}
	},

	{
		2.921, START_SPATIAL_PROP_ANIM, { "Char_K_Mk_IKhead", "Char_Orillion" },
		{
			duration = 1.000,
			target_part = "hp_head",
			target_type = HARDPOINT,
			spatialprops =
			{
				pos = { -13.94795, 1.697941, -14.1395 }
			},
			param_curve =
			{
				CLSID = "FreeFormPCurve",
				points =
				{
					{  0.000000,  0.000000,  0.000000,  0.000000 },
					{  1.000000,  1.000000,  0.000000,  0.000000 },
				}
			},
			pcurve_period = -1000
		}
	},

	{
		2.921, START_MOTION, { "Char_King" },
		{
			animation = "Sc_MLHEAD_NEUT_BLINK_EYES_000LV_A_00",
			duration = 0.266,
			time_scale = 1,
			weight = 1,
			heading = -1
		}
	},

	{
		3.015, START_SPATIAL_PROP_ANIM, { "Char_J_Mk_IKhead", "Char_Orillion" },
		{
			duration = 0.800,
			target_part = "hp_head",
			target_type = HARDPOINT,
			spatialprops =
			{
				pos = { -13.95088, 1.706301, -14.21348 }
			},
			param_curve =
			{
				CLSID = "FreeFormPCurve",
				points =
				{
					{  0.000000,  0.000000,  0.000000,  0.000000 },
					{  1.000000,  1.000000,  0.000000,  0.000000 },
				}
			},
			pcurve_period = -1000
		}
	},

	{
		3.015, START_MOTION, { "Char_Juni" },
		{
			animation = "Sc_FMBODY_STND_TURN_315LV_XA_03",
			duration = 2.799,
			time_scale = 1.25,
			weight = 1,
			heading = -1
		}
	},

	{
		3.109, START_MOTION, { "Char_Juni" },
		{
			animation = "Sc_FMHEAD_NEUT_BLINK_EYES_000LV_A_00",
			duration = 0.300,
			time_scale = 1,
			weight = 1,
			heading = -1
		}
	},

	{
		3.253, SET_CAMERA, { "cam_Monitor_static", "Cam_03_Wide_Orl" }
	},

	{
		3.253, SET_CAMERA, { "cam_Monitor", "Cam_03_Wide_Orl" }
	},

	{
		3.281, START_SPATIAL_PROP_ANIM, { "Char_K_Mk_IKeyes", "Char_Orillion" },
		{
			duration = 0.281,
			target_part = "hp_head",
			target_type = HARDPOINT,
			spatialprops =
			{
				pos = { -13.9464, 1.69663, -14.38956 }
			},
			param_curve =
			{
				CLSID = "FreeFormPCurve",
				points =
				{
					{  0.000000,  0.000000,  0.000000,  0.000000 },
					{  1.000000,  1.000000,  0.000000,  0.000000 },
				}
			},
			pcurve_period = -1000
		}
	},

	{
		3.359, START_SPATIAL_PROP_ANIM, { "Char_J_Mk_IKeyes", "Char_Orillion" },
		{
			duration = 0.800,
			target_part = "hp_head",
			target_type = HARDPOINT,
			spatialprops =
			{
				pos = { -13.93374, 1.694901, -13.97525 }
			},
			param_curve =
			{
				CLSID = "FreeFormPCurve",
				points =
				{
					{  0.000000,  0.000000,  0.000000,  0.000000 },
					{  1.000000,  1.000000,  0.000000,  0.000000 },
				}
			},
			pcurve_period = 0
		}
	},

	{
		3.375, START_SOUND, { "Char_Orillion_fs_mr_steel01_7" },
		{
			duration = 0.731
		}
	},

	{
		3.406, START_MOTION, { "Char_Juni" },
		{
			animation = "Sc_FMHEAD_NEUT_FREEZE_000LV_A_00",
			locked_bone = "Head01",
			duration = 1.140,
			time_scale = 1,
			weight = 1,
			heading = -1,
			event_flags = 2
		}
	},

	{
		3.450, START_MOTION, { "Char_Juni" },
		{
			animation = "Sc_dx_s067a_0401_juni",
			duration = 1.000,
			trans_time = 0.100,
			time_scale = 1,
			weight = 1,
			heading = -1
		}
	},

	{
		3.562, ATTACH_ENTITY, { "Char_K_Mk_IKeyes", "Char_Orillion" },
		{
			duration = 10.560,
			offset = { 0, 0, 0 },
			up = Y_AXIS,
			front = NEG_Z_AXIS,
			target_part = "hp_head",
			target_type = HARDPOINT,
			flags = POSITION
		}
	},

	{
		3.592, START_IK, { "Char_Orillion", "Char_O_Mk_IKhead_J" },
		{
			duration = 3.607,
			end_effector = "Body_Head",
			count_to_root = 1,
			target_part = "hp_head",
			target_type = ROOT,
			damping = 1,
			up = NEG_Y_AXIS,
			front = Z_AXIS,
			point_at = 1,
			move_to = 0,
			transition_duration = 1.000,
			event_flags = 128
		}
	},

	{
		3.686, START_SOUND, { "dx_s067a_0401_juni" },
		{
			duration = 0.414
		}
	},

	{
		3.780, ATTACH_ENTITY, { "Char_T_Mk_IKhead", "Char_T_Mk_IKhead_Oril" },
		{
			duration = 10.062,
			offset = { 0, 0, 0 },
			up = Y_AXIS,
			front = NEG_Z_AXIS,
			target_part = "hp_head",
			target_type = ROOT,
			flags = POSITION
		}
	},

	{
		3.815, ATTACH_ENTITY, { "Char_J_Mk_IKhead", "Char_Orillion" },
		{
			duration = 10.904,
			offset = { 0, 0, 0 },
			up = Y_AXIS,
			front = NEG_Z_AXIS,
			target_part = "hp_head",
			target_type = HARDPOINT,
			flags = POSITION
		}
	},

	{
		3.904, START_SPATIAL_PROP_ANIM, { "Char_O_Mk_IKhead_J", "Char_O_Mk_IKhead_J_02" },
		{
			duration = 1.500,
			target_part = "",
			target_type = ROOT,
			spatialprops =
			{
				pos = { -14.24734, 1.601721, -12.40845 },
				q_orient = { -0.99639, 0, -0.084892, 0 }
			}
		}
	},

	{
		3.921, ATTACH_ENTITY, { "Char_K_Mk_IKhead", "Char_Orillion" },
		{
			duration = 10.904,
			offset = { 0, 0, 0 },
			up = Y_AXIS,
			front = NEG_Z_AXIS,
			target_part = "hp_head",
			target_type = HARDPOINT,
			flags = POSITION
		}
	},

	{
		3.970, START_MOTION, { "Char_Orillion" },
		{
			animation = "Sc_MLHEAD_BASEPOSE_000LV_02_01",
			duration = 0.386,
			trans_time = 0.300,
