duration = 22.093;

entities =
{

	{
		entity_name = "Layer_s071a_offer_king_li_05_bar",
		type = SCENE,
		template_name = "",
		lt_grp = 0, srt_grp = 0, usr_flg = 0,
		spatialprops =
		{
			pos = { 0, 0, 0 },
			orient = { { 1, 0, 0 }, { 0, 1, 0 }, { 0, 0, 1 } }
		},
		up = Y_AXIS,
		front = Z_AXIS,
		ambient = { 0, 0, 0 }
	},

	{
		entity_name = "Char_Juni",
		type = DEFORMABLE,
		template_name = "juni",
		lt_grp = 0, srt_grp = 0, usr_flg = 0,
		flags = LIT_DYNAMIC,
		spatialprops =
		{
			pos = { 3.025422, 0, -3.752649 },
			orient = { {  0.798928,  0.000000, -0.601426 },
					   {  0.000000,  1.000000,  0.000000 },
					   {  0.601426,  0.000000,  0.798928 } }
		},
		compoundprops =
		{
			floor_height = 0
		},
		userprops =
		{
			actor = "Juni",
			category = "Character",
		}
	},

	{
		entity_name = "Char_Trent",
		type = DEFORMABLE,
		template_name = "trent",
		lt_grp = 0, srt_grp = 0, usr_flg = 0,
		flags = LIT_DYNAMIC,
		spatialprops =
		{
			pos = { -1.459228, 0, -7.309472 },
			orient = { {  0.535785,  0.000000,  0.844354 },
					   {  0.000000,  1.000000,  0.000000 },
					   { -0.844354,  0.000000,  0.535785 } }
		},
		compoundprops =
		{
			floor_height = 0
		},
		userprops =
		{
			actor = "Player",
			category = "Character",
		}
	},

	{
		entity_name = "Char_King",
		type = DEFORMABLE,
		template_name = "king",
		lt_grp = 0, srt_grp = 0, usr_flg = 0,
		flags = LIT_DYNAMIC,
		spatialprops =
		{
			pos = { 1.860878, 0, -9.737933 },
			orient = { { -0.156491,  0.000000, -0.987679 },
					   {  0.000000,  1.000000,  0.000000 },
					   {  0.987679,  0.000000, -0.156491 } }
		},
		compoundprops =
		{
			floor_height = 0
		},
		userprops =
		{
			actor = "king",
			category = "Character",
		}
	},

	{
		entity_name = "dx_s071a_0101_King_34",
		type = SOUND,
		template_name = "dx_s071a_0101_King",
		lt_grp = 0, srt_grp = 0, usr_flg = 0,
		spatialprops =
		{
			pos = { 0, 0, 0 },
			orient = { { 1, 0, 0 }, { 0, 1, 0 }, { 0, 0, 1 } }
		},
		audioprops =
		{
			attenuation = -1,
			pan = 0,
			dmin = 50,
			dmax = 1000,
			ain = 360,
			aout = 360,
			atout = 0,
			rmix = 0,
		},
		userprops =
		{
			category = "Audio",
		}
	},

	{
		entity_name = "dx_s071a_0102_King_35",
		type = SOUND,
		template_name = "dx_s071a_0102_King",
		lt_grp = 0, srt_grp = 0, usr_flg = 0,
		spatialprops =
		{
			pos = { 0, 0, 0 },
			orient = { { 1, 0, 0 }, { 0, 1, 0 }, { 0, 0, 1 } }
		},
		audioprops =
		{
			attenuation = -1,
			pan = 0,
			dmin = 50,
			dmax = 1000,
			ain = 360,
			aout = 360,
			atout = 0,
			rmix = 0,
		},
		userprops =
		{
			category = "Audio",
		}
	},

	{
		entity_name = "dx_s071a_0201_Trent_36",
		type = SOUND,
		template_name = "dx_s071a_0201_Trent",
		lt_grp = 0, srt_grp = 0, usr_flg = 0,
		spatialprops =
		{
			pos = { 0, 0, 0 },
			orient = { { 1, 0, 0 }, { 0, 1, 0 }, { 0, 0, 1 } }
		},
		audioprops =
		{
			attenuation = -1,
			pan = 0,
			dmin = 50,
			dmax = 1000,
			ain = 360,
			aout = 360,
			atout = 0,
			rmix = 0,
		},
		userprops =
		{
			category = "Audio",
		}
	},

	{
		entity_name = "dx_s071a_0301_juni_37",
		type = SOUND,
		template_name = "dx_s071a_0301_juni",
		lt_grp = 0, srt_grp = 0, usr_flg = 0,
		spatialprops =
		{
			pos = { 0, 0, 0 },
			orient = { { 1, 0, 0 }, { 0, 1, 0 }, { 0, 0, 1 } }
		},
		audioprops =
		{
			attenuation = -1,
			pan = 0,
			dmin = 50,
			dmax = 1000,
			ain = 360,
			aout = 360,
			atout = 0,
			rmix = 0,
		},
		userprops =
		{
			category = "Audio",
		}
	},

	{
		entity_name = "dx_s071a_0401_King_38",
		type = SOUND,
		template_name = "dx_s071a_0401_King",
		lt_grp = 0, srt_grp = 0, usr_flg = 0,
		spatialprops =
		{
			pos = { 0, 0, 0 },
			orient = { { 1, 0, 0 }, { 0, 1, 0 }, { 0, 0, 1 } }
		},
		audioprops =
		{
			attenuation = -1,
			pan = 0,
			dmin = 50,
			dmax = 1000,
			ain = 360,
			aout = 360,
			atout = 0,
			rmix = 0,
		},
		userprops =
		{
			category = "Audio",
		}
	},

	{
		entity_name = "dx_s071a_0501_juni_39",
		type = SOUND,
		template_name = "dx_s071a_0501_juni",
		lt_grp = 0, srt_grp = 0, usr_flg = 0,
		spatialprops =
		{
			pos = { 0, 0, 0 },
			orient = { { 1, 0, 0 }, { 0, 1, 0 }, { 0, 0, 1 } }
		},
		audioprops =
		{
			attenuation = -1,
			pan = 0,
			dmin = 50,
			dmax = 1000,
			ain = 360,
			aout = 360,
			atout = 0,
			rmix = 0,
		},
		userprops =
		{
			category = "Audio",
		}
	},

	{
		entity_name = "Cam_Monitor_s071a",
		type = MONITOR,
		template_name = "",
		lt_grp = 0, srt_grp = 0, usr_flg = 0,
		userprops =
		{
			Priority = "Monitor_Moving_1",
		}
	},

	{
		entity_name = "Char_K_Mk_IKhead_Juni",
		type = MARKER,
		template_name = "",
		lt_grp = 0, srt_grp = 0, usr_flg = 0,
		spatialprops =
		{
			pos = { 1.815311, 1.544817, -8.800087 },
			orient = { {  0.850522,  0.000000, -0.525940 },
					   {  0.000000,  1.000000,  0.000000 },
					   {  0.525940,  0.000000,  0.850522 } }
		}
	},

	{
		entity_name = "Char_Tr_Mk_IKhead_Juni",
		type = MARKER,
		template_name = "",
		lt_grp = 0, srt_grp = 0, usr_flg = 0,
		spatialprops =
		{
			pos = { 2.140377, 1.514895, -8.945401 },
			orient = { {  0.850522,  0.000000, -0.525940 },
					   {  0.000000,  1.000000,  0.000000 },
					   {  0.525940,  0.000000,  0.850522 } }
		}
	},

	{
		entity_name = "Cam_01_Dolly_A",
		type = CAMERA,
		template_name = "",
		lt_grp = 0, srt_grp = 0, usr_flg = 0,
		spatialprops =
		{
			pos = { 4.021349, 1.100533, -4.58964 },
			orient = { {  0.849448,  0.000000, -0.527672 },
					   { -0.015096,  0.999591, -0.024302 },
					   {  0.527456,  0.028609,  0.849101 } }
		},
		cameraprops =
		{
			fovh = 20,
			hvaspect = 1.85,
			nearplane = 0.4,
			farplane = 4000
		}
	},

	{
		entity_name = "Cam_01_Dolly_B",
		type = CAMERA,
		template_name = "",
		lt_grp = 0, srt_grp = 0, usr_flg = 0,
		spatialprops =
		{
			pos = { 3.326293, 2.950415, -3.984342 },
			orient = { {  0.955545,  0.000000, -0.294845 },
					   { -0.097832,  0.943346, -0.317059 },
					   {  0.278141,  0.331810,  0.901410 } }
		},
		cameraprops =
		{
			fovh = 20,
			hvaspect = 1.85,
			nearplane = 0.4,
			farplane = 4000
		}
	},

	{
		entity_name = "Cam_02_ACO_King_A",
		type = CAMERA,
		template_name = "",
		lt_grp = 0, srt_grp = 0, usr_flg = 0,
		spatialprops =
		{
			pos = { 1.227489, 1.709826, -7.925617 },
			orient = { {  0.976509,  0.000000,  0.215478 },
					   {  0.013655,  0.997990, -0.061881 },
					   { -0.215045,  0.063370,  0.974546 } }
		},
		cameraprops =
		{
			fovh = 15,
			hvaspect = 1.85,
			nearplane = 0.4,
			farplane = 4000
		}
	},

	{
		entity_name = "Cam_02_ACO_King_B",
		type = CAMERA,
		template_name = "",
		lt_grp = 0, srt_grp = 0, usr_flg = 0,
		spatialprops =
		{
			pos = { 1.256992, 1.68903, -7.480787 },
			orient = { {  0.980878,  0.000000,  0.194621 },
					   {  0.011474,  0.998261, -0.057828 },
					   { -0.194283,  0.058955,  0.979172 } }
		},
		cameraprops =
		{
			fovh = 15,
			hvaspect = 1.85,
			nearplane = 0.4,
			farplane = 4000
		}
	},

	{
		entity_name = "Cam_03_PCO",
		type = CAMERA,
		template_name = "",
		lt_grp = 0, srt_grp = 0, usr_flg = 0,
		spatialprops =
		{
			pos = { 2.951776, 1.736738, -9.497804 },
			orient = { { -0.108685,  0.000000, -0.994076 },
					   { -0.127363,  0.991758,  0.013925 },
					   {  0.985884,  0.128122, -0.107789 } }
		},
		cameraprops =
		{
			fovh = 20,
			hvaspect = 1.85,
			nearplane = 0.4,
			farplane = 4000
		}
	},

	{
		entity_name = "Char_K_Mk_IKhead_Nod_B",
		type = MARKER,
		template_name = "",
		lt_grp = 0, srt_grp = 0, usr_flg = 0,
		spatialprops =
		{
			pos = { 1.565884, 1.635702, -9.366155 },
			orient = { {  0.423571,  0.000000, -0.905863 },
					   {  0.000000,  1.000000,  0.000000 },
					   {  0.905863,  0.000000,  0.423571 } }
		}
	},

	{
		entity_name = "Char_K_Mk_IKhead_Nod_A",
		type = MARKER,
		template_name = "",
		lt_grp = 0, srt_grp = 0, usr_flg = 0,
		spatialprops =
		{
			pos = { 1.565884, 1.339719, -9.366155 },
			orient = { {  0.423571,  0.000000, -0.905863 },
					   {  0.000000,  1.000000,  0.000000 },
					   {  0.905863,  0.000000,  0.423571 } }
		}
	},

	{
		entity_name = "Char_K_Mk_IKhead_Tilt",
		type = MARKER,
		template_name = "",
		lt_grp = 0, srt_grp = 0, usr_flg = 0,
		spatialprops =
		{
			pos = { 2.096955, 2.442563, -9.450961 },
			orient = { {  0.423571,  0.000000, -0.905863 },
					   {  0.000000,  1.000000,  0.000000 },
					   {  0.905863,  0.000000,  0.423571 } }
		}
	},

	{
		entity_name = "Cam_Monitor_s071a_static",
		type = MONITOR,
		template_name = "",
		lt_grp = 0, srt_grp = 0, usr_flg = 0,
		userprops =
		{
			Priority = "Monitor_Static_1",
		}
	},

	{
		entity_name = "Cam_01_static",
		type = CAMERA,
		template_name = "",
		lt_grp = 0, srt_grp = 0, usr_flg = 0,
		spatialprops =
		{
			pos = { 4.021349, 1.100533, -4.58964 },
			orient = { {  0.832933,  0.000000, -0.553373 },
					   { -0.015835,  0.999590, -0.023835 },
					   {  0.553147,  0.028616,  0.832592 } }
		},
		cameraprops =
		{
			fovh = 20,
			hvaspect = 1.85,
			nearplane = 0.4,
			farplane = 4000
		}
	},

	{
		entity_name = "Cam_02_static",
		type = CAMERA,
		template_name = "",
		lt_grp = 0, srt_grp = 0, usr_flg = 0,
		spatialprops =
		{
			pos = { 1.087746, 1.779154, -7.532977 },
			orient = { {  0.957657,  0.000000,  0.287910 },
					   {  0.030751,  0.994280, -0.102284 },
					   { -0.286263,  0.106807,  0.952179 } }
		},
		cameraprops =
		{
			fovh = 15,
			hvaspect = 1.85,
			nearplane = 0.4,
			farplane = 4000
		}
	},

	{
		entity_name = "Char_Trent_fs_ml_steel01_1",
		type = SOUND,
		template_name = "fs_ml_steel01",
		lt_grp = 0, srt_grp = 0, usr_flg = 0,
		spatialprops =
		{
			pos = { 0, 0, 0 },
			orient = { { 1, 0, 0 }, { 0, 1, 0 }, { 0, 0, 1 } }
		},
		audioprops =
		{
			attenuation = -25,
			pan = -41,
			dmin = 50,
			dmax = 300,
			ain = 360,
			aout = 360,
			atout = 0,
			rmix = 0,
		},
		userprops =
		{
			category = "Audio",
			Priority = "Steps_4",
		}
	},

	{
		entity_name = "Char_Trent_fs_mr_steel01_2",
		type = SOUND,
		template_name = "fs_mr_steel01",
		lt_grp = 0, srt_grp = 0, usr_flg = 0,
		spatialprops =
		{
			pos = { 0, 0, 0 },
			orient = { { 1, 0, 0 }, { 0, 1, 0 }, { 0, 0, 1 } }
		},
		audioprops =
		{
			attenuation = -26,
			pan = -38,
			dmin = 50,
			dmax = 300,
			ain = 360,
			aout = 360,
			atout = 0,
			rmix = 0,
		},
		userprops =
		{
			category = "Audio",
			Priority = "Steps_4",
		}
	},

	{
		entity_name = "Char_Trent_fs_ml_steel02_3",
		type = SOUND,
		template_name = "fs_ml_steel02",
		lt_grp = 0, srt_grp = 0, usr_flg = 0,
		spatialprops =
		{
			pos = { 0, 0, 0 },
			orient = { { 1, 0, 0 }, { 0, 1, 0 }, { 0, 0, 1 } }
		},
		audioprops =
		{
			attenuation = -24,
			pan = -22,
			dmin = 50,
			dmax = 300,
			ain = 360,
			aout = 360,
			atout = 0,
			rmix = 0,
		},
		userprops =
		{
			category = "Audio",
			Priority = "Steps_4",
		}
	},

	{
		entity_name = "Char_Trent_fs_mr_steel02_4",
		type = SOUND,
		template_name = "fs_mr_steel02",
		lt_grp = 0, srt_grp = 0, usr_flg = 0,
		spatialprops =
		{
			pos = { 0, 0, 0 },
			orient = { { 1, 0, 0 }, { 0, 1, 0 }, { 0, 0, 1 } }
		},
		audioprops =
		{
			attenuation = -24,
			pan = -13,
			dmin = 50,
			dmax = 300,
			ain = 360,
			aout = 360,
			atout = 0,
			rmix = 0,
		},
		userprops =
		{
			category = "Audio",
			Priority = "Steps_4",
		}
	},

	{
		entity_name = "Char_Trent_fs_ml_steel03_5",
		type = SOUND,
		template_name = "fs_ml_steel03",
		lt_grp = 0, srt_grp = 0, usr_flg = 0,
		spatialprops =
		{
			pos = { 0, 0, 0 },
			orient = { { 1, 0, 0 }, { 0, 1, 0 }, { 0, 0, 1 } }
		},
		audioprops =
		{
			attenuation = -24,
			pan = -5,
			dmin = 50,
			dmax = 300,
			ain = 360,
			aout = 360,
			atout = 0,
			rmix = 0,
		},
		userprops =
		{
			category = "Audio",
			Priority = "Steps_4",
		}
	},

	{
		entity_name = "Char_Trent_sfx_fstop_steel_male01_6",
		type = SOUND,
		template_name = "sfx_fstop_steel_male01",
		lt_grp = 0, srt_grp = 0, usr_flg = 0,
		spatialprops =
		{
			pos = { 0, 0, 0 },
			orient = { { 1, 0, 0 }, { 0, 1, 0 }, { 0, 0, 1 } }
		},
		audioprops =
		{
			attenuation = -20,
			pan = -5,
			dmin = 50,
			dmax = 300,
			ain = 360,
			aout = 360,
			atout = 0,
			rmix = 0,
		},
		userprops =
		{
			category = "Audio",
			Priority = "Steps_4",
		}
	},

	{
		entity_name = "Char_King_sfx_fturn_male04_7",
		type = SOUND,
		template_name = "sfx_fturn_male04",
		lt_grp = 0, srt_grp = 0, usr_flg = 0,
		spatialprops =
		{
			pos = { 0, 0, 0 },
			orient = { { 1, 0, 0 }, { 0, 1, 0 }, { 0, 0, 1 } }
		},
		audioprops =
		{
			attenuation = -15,
			pan = 25,
			dmin = 50,
			dmax = 300,
			ain = 360,
			aout = 360,
			atout = 0,
			rmix = 0,
		},
		userprops =
		{
			category = "Audio",
			Priority = "Steps_4",
		}
	},

	{
		entity_name = "Char_King_sfx_fstop_steel_male02_8",
		type = SOUND,
		template_name = "sfx_fstop_steel_male02",
		lt_grp = 0, srt_grp = 0, usr_flg = 0,
		spatialprops =
		{
			pos = { 0, 0, 0 },
			orient = { { 1, 0, 0 }, { 0, 1, 0 }, { 0, 0, 1 } }
		},
		audioprops =
		{
			attenuation = -18,
			pan = 33,
			dmin = 50,
			dmax = 300,
			ain = 360,
			aout = 360,
			atout = 0,
			rmix = 0,
		},
		userprops =
		{
			category = "Audio",
			Priority = "Steps_4",
		}
	},

	{
		entity_name = "Char_King_fs_mr_steel04_9",
		type = SOUND,
		template_name = "fs_mr_steel04",
		lt_grp = 0, srt_grp = 0, usr_flg = 0,
		spatialprops =
		{
			pos = { 0, 0, 0 },
			orient = { { 1, 0, 0 }, { 0, 1, 0 }, { 0, 0, 1 } }
		},
		audioprops =
		{
			pan = 18,
			dmin = 50,
			dmax = 300,
			ain = 360,
			aout = 360,
			atout = 0,
			rmix = 0,
		},
		userprops =
		{
			category = "Audio",
			Priority = "Steps_4",
		}
	},

	{
		entity_name = "Char_Juni_fs_fl_steel01_10",
		type = SOUND,
		template_name = "fs_fl_steel01",
		lt_grp = 0, srt_grp = 0, usr_flg = 0,
		spatialprops =
		{
			pos = { 0, 0, 0 },
			orient = { { 1, 0, 0 }, { 0, 1, 0 }, { 0, 0, 1 } }
		},
		audioprops =
		{
			attenuation = -24,
			pan = 22,
			dmax = 300,
			ain = 360,
			aout = 360,
			atout = 0,
			rmix = 0,
		},
		userprops =
		{
			category = "Audio",
			Priority = "Steps_4",
		}
	},

	{
		entity_name = "Char_Juni_sfx_fstop_steel_female01_11",
		type = SOUND,
		template_name = "sfx_fstop_steel_female01",
		lt_grp = 0, srt_grp = 0, usr_flg = 0,
		spatialprops =
		{
			pos = { 0, 0, 0 },
			orient = { { 1, 0, 0 }, { 0, 1, 0 }, { 0, 0, 1 } }
		},
		audioprops =
		{
			attenuation = -17,
			pan = 15,
			dmin = 50,
			ain = 360,
			aout = 360,
			atout = 0,
			rmix = 0,
		},
		userprops =
		{
			category = "Audio",
			Priority = "Steps_4",
		}
	},

	{
		entity_name = "Char_Juni_fs_fr_steel01_12",
		type = SOUND,
		template_name = "fs_fr_steel01",
		lt_grp = 0, srt_grp = 0, usr_flg = 0,
		spatialprops =
		{
			pos = { 0, 0, 0 },
			orient = { { 1, 0, 0 }, { 0, 1, 0 }, { 0, 0, 1 } }
		},
		audioprops =
		{
			attenuation = -24,
			pan = -40,
			dmin = 50,
			dmax = 300,
			ain = 360,
			atout = 0,
			rmix = 0,
		},
		userprops =
		{
			category = "Audio",
			Priority = "Steps_4",
		}
	},

	{
		entity_name = "Char_Juni_fs_fl_steel02_13",
		type = SOUND,
		template_name = "fs_fl_steel02",
		lt_grp = 0, srt_grp = 0, usr_flg = 0,
		spatialprops =
		{
			pos = { 0, 0, 0 },
			orient = { { 1, 0, 0 }, { 0, 1, 0 }, { 0, 0, 1 } }
		},
		audioprops =
		{
			attenuation = -26,
			pan = -45,
			dmin = 50,
			dmax = 300,
			ain = 360,
			aout = 360,
			atout = 0,
		},
		userprops =
		{
			category = "Audio",
			Priority = "Steps_4",
		}
	},

	{
		entity_name = "sfx_ambience_bar_ground_smaller_14",
		type = SOUND,
		template_name = "ambience_bar_ground_smaller",
		lt_grp = 0, srt_grp = 0, usr_flg = 0,
		spatialprops =
		{
			pos = { 0, 0, 0 },
			orient = { { 1, 0, 0 }, { 0, 1, 0 }, { 0, 0, 1 } }
		},
		audioprops =
		{
			attenuation = -10,
			pan = 0,
			dmin = 50,
			dmax = 300,
			ain = 360,
			aout = 360,
			atout = 0,
			rmix = 0,
		},
		userprops =
		{
			category = "Audio",
			Priority = "Story_Sound_1",
		}
	},

	{
		entity_name = "sfx_backgroundambient_15",
		type = SOUND,
		template_name = "backgroundambient",
		lt_grp = 0, srt_grp = 0, usr_flg = 0,
		spatialprops =
		{
			pos = { 0, 0, 0 },
			orient = { { 1, 0, 0 }, { 0, 1, 0 }, { 0, 0, 1 } }
		},
		audioprops =
		{
			attenuation = 0,
			pan = 0,
			dmin = 50,
			dmax = 300,
			ain = 360,
			aout = 360,
			atout = 0,
			rmix = 0,
		},
		userprops =
		{
			category = "Audio",
		}
	},

	{
		entity_name = "sfx_backgroundmusic_16",
		type = SOUND,
		template_name = "backgroundmusic",
		lt_grp = 0, srt_grp = 0, usr_flg = 0,
		spatialprops =
		{
			pos = { 0, 0, 0 },
			orient = { { 1, 0, 0 }, { 0, 1, 0 }, { 0, 0, 1 } }
		},
		audioprops =
		{
			attenuation = 0,
			pan = 0,
			dmin = 50,
			dmax = 300,
			ain = 360,
			aout = 360,
			atout = 0,
			rmix = 0,
		},
		userprops =
		{
			category = "Audio",
		}
	},

	{
		entity_name = "Prop_glass_metal_1_King",
		type = COMPOUND,
		template_name = "glass_metal_1",
		lt_grp = 0, srt_grp = 0, usr_flg = 0,
		flags = LIT_DYNAMIC,
		spatialprops =
		{
			pos = { 1.109452, 1.169022, -10.17501 },
			orient = { {  0.230931,  0.000000,  0.972970 },
					   {  0.972970,  0.001114, -0.230931 },
					   { -0.001084,  0.999999,  0.000257 } }
		},
		userprops =
		{
			category = "Prop",
		}
	},

	{
		entity_name = "Char_J_Mk_loc_01",
		type = MARKER,
		template_name = "",
		lt_grp = 0, srt_grp = 0, usr_flg = 0,
		spatialprops =
		{
			pos = { 2.025893, 0.965417, -6.537043 },
			orient = { {  0.995041,  0.000000, -0.099466 },
					   {  0.000000,  1.000000,  0.000000 },
					   {  0.099466,  0.000000,  0.995041 } }
		}
	},

	{
		entity_name = "Mk_offscreen",
		type = MARKER,
		template_name = "",
		lt_grp = 0, srt_grp = 0, usr_flg = 0,
		spatialprops =
		{
			pos = { 10.20347, 0.965417, 24.80827 },
			orient = { {  0.442746,  0.000000, -0.896647 },
					   {  0.000000,  1.000000,  0.000000 },
					   {  0.896647,  0.000000,  0.442746 } }
		}
	},

	{
		entity_name = "Cam_05_3shot",
		type = CAMERA,
		template_name = "",
		lt_grp = 0, srt_grp = 0, usr_flg = 0,
		spatialprops =
		{
			pos = { 3.595474, 1.704294, -9.625334 },
			orient = { { -0.272531,  0.000000, -0.962147 },
					   { -0.105703,  0.993947,  0.029941 },
					   {  0.956323,  0.109861, -0.270881 } }
		},
		cameraprops =
		{
			fovh = 20,
			hvaspect = 1.85,
			nearplane = 0.4,
			farplane = 4000
		}
	},

	{
		entity_name = "Cam_04_overhead",
		type = CAMERA,
		template_name = "",
		lt_grp = 0, srt_grp = 0, usr_flg = 0,
		spatialprops =
		{
			pos = { 3.970822, 4.135507, -7.899242 },
			orient = { {  0.246933,  0.021526, -0.968794 },
					   { -0.756392,  0.629203, -0.178814 },
					   {  0.605719,  0.776943,  0.171653 } }
		},
		cameraprops =
		{
			fovh = 25,
			hvaspect = 1.85,
			nearplane = 0.4,
			farplane = 1000
		}
	},

	{
		entity_name = "Char_J_Mk_loc_02_EndPartA",
		type = MARKER,
		template_name = "",
		lt_grp = 0, srt_grp = 0, usr_flg = 0,
		spatialprops =
		{
			pos = { 1.972674, 0.959241, -8.767046 },
			orient = { {  0.999993,  0.000000, -0.003711 },
					   {  0.000000,  1.000000,  0.000000 },
					   {  0.003711,  0.000000,  0.999993 } }
		}
	},

	{
		entity_name = "Char_K_Mk_loc_01",
		type = MARKER,
		template_name = "",
		lt_grp = 0, srt_grp = 0, usr_flg = 0,
		spatialprops =
		{
			pos = { 1.907008, 0.962549, -9.833341 },
			orient = { { -0.722947,  0.000000, -0.690903 },
					   {  0.000000,  1.000000,  0.000000 },
					   {  0.690903,  0.000000, -0.722947 } }
		}
	},

	{
		entity_name = "Char_K_Mk_loc_02_EndPartA",
		type = MARKER,
		template_name = "",
		lt_grp = 0, srt_grp = 0, usr_flg = 0,
		spatialprops =
		{
			pos = { 2.05853, 0.973156, -9.647589 },
			orient = { { -0.720467,  0.000000, -0.693489 },
					   {  0.000000,  1.000000,  0.000000 },
					   {  0.693489,  0.000000, -0.720467 } }
		}
	},

	{
		entity_name = "Char_Tr_Mk_loc_01",
		type = MARKER,
		template_name = "",
		lt_grp = 0, srt_grp = 0, usr_flg = 0,
		spatialprops =
		{
			pos = { -1.459228, 0.919657, -7.309472 },
			orient = { {  0.535785,  0.000000,  0.844354 },
					   {  0.000000,  1.000000,  0.000000 },
					   { -0.844354,  0.000000,  0.535785 } }
		}
	},

	{
		entity_name = "Char_Tr_Mk_loc_02_EndPartA",
		type = MARKER,
		template_name = "",
		lt_grp = 0, srt_grp = 0, usr_flg = 0,
		spatialprops =
		{
			pos = { 1.238497, 0.973081, -8.989116 },
			orient = { {  0.534752,  0.000000,  0.845009 },
					   {  0.000000,  1.000000,  0.000000 },
					   { -0.845009,  0.000000,  0.534752 } }
		}
	},

	{
		entity_name = "Char_Tr_Mk_IKhead_down",
		type = MARKER,
		template_name = "",
		lt_grp = 0, srt_grp = 0, usr_flg = 0,
		spatialprops =
		{
			pos = { 2.090612, 1.375978, -9.332863 },
			orient = { { -0.715487,  0.000000, -0.698626 },
					   {  0.000000,  1.000000,  0.000000 },
					   {  0.698626,  0.000000, -0.715487 } }
		}
	},

	{
		entity_name = "Char_Tr_Mk_IKhead",
		type = MARKER,
		template_name = "",
		lt_grp = 0, srt_grp = 0, usr_flg = 0,
		spatialprops =
		{
			pos = { 2.140377, 1.514895, -8.945401 },
			orient = { {  0.850522,  0.000000, -0.525940 },
					   {  0.000000,  1.000000,  0.000000 },
					   {  0.525940,  0.000000,  0.850522 } }
		}
	},

	{
		entity_name = "Char_Tr_Mk_IKeyes",
		type = MARKER,
		template_name = "",
		lt_grp = 0, srt_grp = 0, usr_flg = 0,
		spatialprops =
		{
			pos = { 2.140377, 1.514895, -8.945401 },
			orient = { {  0.850522,  0.000000, -0.525940 },
					   {  0.000000,  1.000000,  0.000000 },
					   {  0.525940,  0.000000,  0.850522 } }
		}
	},

	{
		entity_name = "Char_J_Mk_IKhead_Tr",
		type = MARKER,
		template_name = "",
		lt_grp = 0, srt_grp = 0, usr_flg = 0,
		spatialprops =
		{
			pos = { 1.479184, 1.783347, -9.300378 },
			orient = { {  0.544607,  0.000000,  0.838691 },
					   {  0.000000,  1.000000,  0.000000 },
					   { -0.838691,  0.000000,  0.544607 } }
		}
	},

	{
		entity_name = "Prop_Glass_Mrkr",
		type = MARKER,
		template_name = "",
		lt_grp = 0, srt_grp = 0, usr_flg = 0,
		spatialprops =
		{
			pos = { 1.109452, 1.169022, -10.17501 },
			orient = { {  0.230931,  0.000000,  0.972970 },
					   {  0.972970,  0.001114, -0.230931 },
					   { -0.001084,  0.999999,  0.000257 } }
		}
	},

	{
		entity_name = "aaaaaaaaaaaa",
		type = MARKER,
		template_name = "",
		lt_grp = 0, srt_grp = 0, usr_flg = 0,
		spatialprops =
		{
			pos = { -0.215239, 0, -7.39112 },
			orient = { {  0.294272,  0.000000,  0.955722 },
					   {  0.000000,  1.000000,  0.000000 },
					   { -0.955722,  0.000000,  0.294272 } }
		}
	},

	{
		entity_name = "ambi_LtG00_Warm_2oc_STRY_OFF",
		type = LIGHT,
		template_name = "",
		lt_grp = 0, srt_grp = 0, usr_flg = 0,
		flags = REFERENCE,
		spatialprops =
		{
			pos = { 12.44582, 0, -11.20824 },
			orient = { { 1, 0, 0 }, { 0, 1, 0 }, { 0, 0, 1 } }
		},
		lightprops =
		{
			on = Y,
			color = { 255, 255, 255 },
			diffuse = { 1, 1, 1 },
			specular = { 0, 0, 0 },
			ambient = { 0, 0, 0 },
			direction = { 0, 0, 1 },
			range = 1000,
			cutoff = 180,
			type = L_SPOT,
			theta = 144,
			atten = { 0, 0, 0.0001 }
		}
	},

	{
		entity_name = "Cam_01_Dolly_B_copy_1",
		type = CAMERA,
		template_name = "",
		lt_grp = 0, srt_grp = 0, usr_flg = 0,
		spatialprops =
		{
			pos = { 3.219913, 1.241713, -4.411856 },
			orient = { {  0.955931,  0.000000, -0.293593 },
					   { -0.014780,  0.998732, -0.048122 },
					   {  0.293220,  0.050341,  0.954719 } }
		},
		cameraprops =
		{
			fovh = 20,
			hvaspect = 1.85,
			nearplane = 0.4,
			farplane = 4000
		}
	},

	{
		entity_name = "Char_King_Mkr_Star",
		type = MARKER,
		template_name = "",
		lt_grp = 0, srt_grp = 0, usr_flg = 0,
		spatialprops =
		{
			pos = { 1.860878, 0.961495, -9.737933 },
			orient = { {  0.342696,  0.000000, -0.939446 },
					   {  0.000000,  1.000000,  0.000000 },
					   {  0.939446,  0.000000,  0.342696 } }
		}
	}
};

events =
{
	{
		0.000, START_AUDIO_PROP_ANIM, { "sfx_backgroundambient_15" },
		{
			duration = 2.000,
			audioprops =
			{
				attenuation = -10
			}
		}
	},

	{
		0.000, START_AUDIO_PROP_ANIM, { "sfx_backgroundmusic_16" },
		{
			duration = 2.000,
			audioprops =
			{
				attenuation = -12
			}
		}
	},

	{
		0.000, START_MOTION, { "Char_Trent" },
		{
			animation = "Sc_MLHAND_WALK_TALK_LEFT_CASL_000LV_XB_%",
			duration = 5.532,
			time_scale = 1,
			weight = 1,
			heading = -1
		}
	},

	{
		0.000, START_MOTION, { "Char_Trent" },
		{
			animation = "Sc_MLHAND_WALK_TALK_RGHT_CASL_000LV_XB_%",
			duration = 5.533,
			time_scale = 1,
			weight = 1,
			heading = -1
		}
	},

	{
		0.000, SET_CAMERA, { "Cam_Monitor_s071a_static", "Cam_01_static" }
	},

	{
		0.000, ATTACH_ENTITY, { "Char_Juni", "Mk_offscreen" },
		{
			duration = 0.000,
			offset = { 0, 0, 0 },
			up = Y_AXIS,
			front = NEG_Z_AXIS,
			target_part = "",
			target_type = ROOT,
			flags = POSITION
		}
	},

	{
		0.000, ATTACH_ENTITY, { "Char_Trent", "Char_Tr_Mk_loc_01" },
		{
			duration = 0.000,
			offset = { 0, 0, 0 },
			up = Y_AXIS,
			front = NEG_Z_AXIS,
			target_part = "",
			target_type = ROOT,
			flags = POSITION + ORIENTATION
		}
	},

	{
		0.000, START_MOTION, { "Char_King" },
		{
			animation = "Sc_MLHAND_HNEUT_HOLDD_LEFT_000LV_00",
			duration = 10.000,
			start_time = 1.500,
			time_scale = 1,
			weight = 1,
			heading = -1,
			event_flags = 2
		}
	},

	{
		0.000, START_LIGHT_PROP_ANIM, { "ambi_LtG00_Warm_2oc_STRY_OFF" },
		{
			duration = 0.000,
			lightprops =
			{
				on = Y,
			}
		}
	},

	{
		0.000, SET_CAMERA, { "Cam_Monitor_s071a", "Cam_01_Dolly_B" }
	},

	{
		0.000, START_SPATIAL_PROP_ANIM, { "Cam_01_Dolly_B", "Cam_01_Dolly_A" },
		{
			duration = 6.300,
			target_part = "",
			target_type = ROOT,
			spatialprops =
			{
				pos = { 4.021349, 1.100533, -4.58964 },
				q_orient = { 0.849448, 0, -0.527672, -0.015096 }
			},
			param_curve =
			{
				CLSID = "FreeFormPCurve",
				points =
				{
					{  0.000000,  0.000000,  0.000000,  0.000000 },
					{  1.000000,  1.000000,  0.000000,  0.000000 },
				}
			},
			pcurve_period = -1000
		}
	},

	{
		0.000, START_SPATIAL_PROP_ANIM, { "Char_King", "Char_King_Mkr_Star" },
		{
			duration = 0.000,
			target_part = "",
			target_type = ROOT,
			spatialprops =
			{
				pos = { 1.860878, 0.961495, -9.737933 },
				q_orient = { 0.342696, 0, -0.939446, 0 }
			}
		}
	},

	{
		0.000, CONNECT_HARDPOINTS, { "Prop_glass_metal_1_King", "Char_King" },
		{
			duration = 4.390,
			hardpoint = "hpleftconnect_prop_glass_metal_1",
			parent_hardpoint = "hpleftconnect"
		}
	},

	{
		0.000, START_MOTION, { "Char_King" },
		{
			animation = "Sc_MLBODY_STND_PUTDNL_DRINK_BAR_000LV_XA_06",
			duration = 7.921,
			time_scale = 0.8,
			weight = 1,
			heading = -1
		}
	},

	{
		0.001, START_SOUND, { "sfx_backgroundmusic_16" },
		{
			duration = 22.090
		}
	},

	{
		0.001, START_SOUND, { "sfx_backgroundambient_15" },
		{
			duration = 22.090,
			flags = LOOP
		}
	},

	{
		0.001, START_SOUND, { "sfx_ambience_bar_ground_smaller_14" },
		{
			duration = 22.090,
			flags = LOOP
		}
	},

	{
		0.062, START_MOTION, { "Char_Trent" },
		{
			animation = "Sc_MLBODY_WLKG_000LV_XA_01",
			duration = 1.299,
			time_scale = 1,
			weight = 1,
			heading = -1,
			event_flags = 2
		}
	},

	{
		0.125, START_IK, { "Char_King", "Char_Trent" },
		{
			duration = 4.585,
			end_effector = "Body_Head",
			count_to_root = 1,
			target_part = "hp_neck",
			target_type = HARDPOINT,
			damping = 1,
			up = NEG_Y_AXIS,
			front = Z_AXIS,
			point_at = 1,
			move_to = 0,
			transition_duration = 0.800,
			event_flags = 128
		}
	},

	{
		0.406, START_SOUND, { "Char_Trent_fs_ml_steel01_1" },
		{
			duration = 0.708
		}
	},

	{
		1.000, START_SOUND, { "Char_Trent_fs_mr_steel01_2" },
		{
			duration = 0.731
		}
	},

	{
		1.156, START_MOTION, { "Char_King" },
		{
			animation = "Sc_MLHAND_HNEUT_GESTR_CASL_000LV_00",
			duration = 1.609,
			time_scale = 1,
			weight = 1,
			heading = -1
		}
	},

	{
		1.281, START_IK, { "Char_Trent", "Char_King" },
		{
			duration = 6.186,
			end_effector = "Body_Head",
			count_to_root = 1,
			target_part = "hp_head",
			target_type = HARDPOINT,
			damping = 1,
			up = NEG_Y_AXIS,
			front = Z_AXIS,
			point_at = 1,
			move_to = 0,
			transition_duration = 0.600,
			event_flags = 128
		}
	},

	{
		1.362, START_MOTION, { "Char_Trent" },
		{
			animation = "Sc_MLBODY_WALK_STND_TRNS_000LV_XA_02",
			duration = 2.400,
			time_scale = 1,
			weight = 1,
			heading = -1
		}
	},

	{
		1.399, START_MOTION, { "Char_King" },
		{
			animation = "Sc_dx_s071a_0101_King",
			duration = 2.832,
			trans_time = 0.200,
			time_scale = 1,
			weight = 1,
			heading = -1
		}
	},

	{
		1.500, START_SOUND, { "dx_s071a_0101_King_34" },
		{
			duration = 2.723
		}
	},

	{
		1.687, START_SOUND, { "Char_Trent_fs_ml_steel02_3" },
		{
			duration = 0.742
		}
	},

	{
		1.765, START_MOTION, { "Char_King" },
		{
			animation = "Sc_MLHAND_NEUT_RGHT_000LV_A_00",
			duration = 1.000,
			trans_time = 0.650,
			time_scale = 1,
			weight = 1,
			heading = -1
		}
	},

	{
		2.312, START_SOUND, { "Char_Trent_fs_mr_steel02_4" },
		{
			duration = 0.416
		}
	},

	{
		3.000, START_SOUND, { "Char_Trent_fs_ml_steel03_5" },
		{
			duration = 0.742
		}
	},

	{
		3.531, START_SOUND, { "Char_Trent_sfx_fstop_steel_male01_6" },
		{
			duration = 0.173
		}
	},

	{
		3.762, START_MOTION, { "Char_Trent" },
		{
			animation = "Sc_MLBODY_STND_IDLE_MED_000LV_xa_05",
			duration = 5.519,
			trans_time = 0.300,
			time_scale = 0.5,
			weight = 1,
			heading = -1
		}
	},

	{
		4.187, START_MOTION, { "Char_King" },
		{
			animation = "Sc_dx_s071a_0102_King",
			duration = 5.333,
			trans_time = 0.100,
			time_scale = 1,
			weight = 1,
			heading = -1
		}
	},

	{
		4.406, START_SOUND, { "dx_s071a_0102_King_35" },
		{
			duration = 5.124
		}
	},

	{
		4.421, START_MOTION, { "Char_King" },
		{
			animation = "Sc_MLHAND_NEUT_ATEASE_LEFT_000LV_XB_%",
			duration = 2.532,
			trans_time = 0.200,
			time_scale = 1,
			weight = 1,
			heading = -1
		}
	},

	{
		4.710, START_SPATIAL_PROP_ANIM, { "Char_K_Mk_IKhead_Nod_A", "Char_K_Mk_IKhead_Nod_B" },
		{
			duration = 0.699,
			target_part = "",
			target_type = ROOT,
			spatialprops =
			{
				pos = { 1.565884, 1.635702, -9.366155 }
			}
		}
	},

	{
		4.711, START_IK, { "Char_King", "Char_K_Mk_IKhead_Nod_A" },
		{
			duration = 1.230,
			end_effector = "Body_Head",
			count_to_root = 1,
			target_part = "",
			target_type = ROOT,
			damping = 1,
			up = NEG_Y_AXIS,
			front = Z_AXIS,
			point_at = 1,
			move_to = 0,
			transition_duration = 0.550,
			event_flags = 128
		}
	},

	{
		4.849, START_IK, { "Char_King", "Char_Trent" },
		{
			duration = 0.509,
			end_effector = "Eye IK Left",
			count_to_root = 1,
			target_part = "LowerTorso",
			target_type = PART,
			damping = 1,
			up = Y_AXIS,
			front = Z_AXIS,
			point_at = 1,
			move_to = 0,
			transition_duration = 0.500,
			event_flags = 128
		}
	},

	{
		5.381, START_IK, { "Char_King", "Char_Trent" },
		{
			duration = 0.550,
			end_effector = "Eye IK Left",
			count_to_root = 1,
			target_part = "Body_Head",
			target_type = PART,
			damping = 1,
			up = Y_AXIS,
			front = Z_AXIS,
			point_at = 1,
			move_to = 0,
			transition_duration = 0.500,
			event_flags = 128
		}
	},

	{
		5.625, START_MOTION, { "Char_King" },
		{
			animation = "Sc_MLBODY_STND_TURN_315LV_XA_02",
			duration = 2.900,
			trans_time = 0.300,
			time_scale = 1,
			weight = 1,
			heading = -1
		}
	},

	{
		6.671, START_MOTION, { "Char_King" },
		{
			animation = "Sc_MLHEAD_NEUT_BLINK_EYES_000LV_A_00",
			duration = 0.266,
			time_scale = 1,
			weight = 1,
			heading = -1
		}
	},

	{
		6.750, SET_CAMERA, { "Cam_Monitor_s071a", "Cam_02_ACO_King_A" }
	},

	{
		6.750, SET_CAMERA, { "Cam_Monitor_s071a_static", "Cam_02_static" }
	},

	{
		6.812, START_SPATIAL_PROP_ANIM, { "Cam_02_ACO_King_A", "Cam_02_ACO_King_B" },
		{
			duration = 3.000,
			target_part = "",
			target_type = ROOT,
			spatialprops =
			{
				pos = { 1.256992, 1.68903, -7.480787 },
				q_orient = { 0.980878, 0, 0.194621, 0.011474 }
			},
			param_curve =
			{
				CLSID = "FreeFormPCurve",
				points =
				{
					{  0.000000,  0.000000,  0.000000,  0.000000 },
					{  1.000000,  1.000000,  0.000000,  0.000000 },
				}
			},
			pcurve_period = -1000
		}
	},

	{
		6.851, START_IK, { "Char_King", "Char_Trent" },
		{
			duration = 1.150,
			end_effector = "Body_Head",
			count_to_root = 1,
			target_part = "Body_Head",
			target_type = PART,
			damping = 1,
			up = NEG_Y_AXIS,
			front = Z_AXIS,
			point_at = 1,
			move_to = 0,
			transition_duration = 1.000,
			event_flags = 128
		}
	},

	{
		6.906, ATTACH_ENTITY, { "Prop_glass_metal_1_King", "Prop_Glass_Mrkr" },
		{
			duration = 0.000,
			offset = { 0, 0, 0 },
			up = Y_AXIS,
			front = NEG_Z_AXIS,
			target_part = "",
			target_type = ROOT,
			flags = POSITION
		}
	},

	{
		6.968, START_IK, { "Char_King", "Char_Trent" },
		{
			duration = 2.705,
			end_effector = "Eye IK Left",
			count_to_root = 1,
			target_part = "Body_Head",
			target_type = PART,
			damping = 1,
			up = Y_AXIS,
			front = Z_AXIS,
			point_at = 1,
			move_to = 0,
			transition_duration = 0.770,
			event_flags = 128
		}
	},

	{
		7.031, START_SOUND, { "Char_King_sfx_fturn_male04_7" },
		{
			duration = 0.405
		}
	},

	{
		7.577, START_MOTION, { "Char_Trent" },
		{
			animation = "Sc_MLBODY_STND_IDLE_BRTH_000LV_xa_05",
			duration = 5.000,
			trans_time = 1.000,
			time_scale = 1,
			weight = 1,
			heading = -1,
			event_flags = 2
		}
	},

	{
		7.687, START_MOTION, { "Char_King" },
		{
			animation = "Sc_MLBODY_STND_IDLE_000LV_XB_04",
			duration = 4.000,
			trans_time = 0.500,
			time_scale = 1,
			weight = 1,
			heading = -1
		}
	},

	{
		7.781, START_SOUND, { "Char_King_sfx_fturn_male04_7" },
		{
			duration = 0.405
		}
	},

	{
		8.101, START_IK, { "Char_King", "Char_K_Mk_IKhead_Tilt" },
		{
			duration = 1.523,
			end_effector = "Body_Neck",
			count_to_root = 1,
			target_part = "",
			target_type = ROOT,
			damping = 1,
			up = NEG_X_AXIS,
			front = Z_AXIS,
			point_at = 1,
			move_to = 0,
			transition_duration = 0.770,
			event_flags = 128
		}
	},

	{
		8.250, START_SOUND, { "Char_King_fs_mr_steel04_9" },
		{
			duration = 0.358
		}
	},

	{
		8.899, START_MOTION, { "Char_Trent" },
		{
			animation = "Sc_dx_s071a_0201_Trent",
			duration = 5.500,
			trans_time = 0.200,
			time_scale = 1,
			weight = 1,
			heading = -1
		}
	},

	{
		8.975, START_MOTION, { "Char_King" },
		{
			animation = "Sc_MLHEAD_NEUT_BLINK_EYES_000LV_A_00",
			duration = 0.266,
			time_scale = 1,
			weight = 1,
			heading = -1
		}
	},

	{
		9.520, START_MOTION, { "Char_King" },
		{
			animation = "Sc_MLHEAD_BASEPOSE_000LV_02_01",
			duration = 1.000,
			trans_time = 0.900,
			time_scale = 1,
			weight = 1,
			heading = -1
		}
	},

	{
		9.531, START_SOUND, { "dx_s071a_0201_Trent_36" },
		{
			duration = 4.801
		}
	},

	{
		9.624, START_SOUND, { "Char_King_sfx_fstop_steel_male02_8" },
		{
			duration = 0.593
		}
	},

	{
		9.991, START_MOTION, { "Char_King" },
		{
			animation = "Sc_MLBODY_STND_IDLE_BIG_000LV_xa_05",
			duration = 5.033,
			trans_time = 1.000,
			time_scale = 1,
			weight = 1,
			heading = -1
		}
	},

	{
		10.395, SET_CAMERA, { "Cam_Monitor_s071a", "Cam_03_PCO" }
	},

	{
		10.395, SET_CAMERA, { "Cam_Monitor_s071a_static", "Cam_03_PCO" }
	},

	{
		12.577, START_MOTION, { "Char_Trent" },
		{
			animation = "Sc_MLBODY_STND_IDLE_000LV_xa_04",
			duration = 3.781,
			trans_time = 1.000,
			time_scale = 1,
			weight = 1,
			heading = -1,
			event_flags = 2
		}
	},

	{
		13.311, START_IK, { "Char_Trent", "Char_King" },
		{
			duration = 1.063,
			end_effector = "Eye IK Left",
			count_to_root = 1,
			target_part = "Root",
			target_type = PART,
			damping = 1,
			up = Y_AXIS,
			front = Z_AXIS,
			point_at = 1,
			move_to = 0,
			transition_duration = 0.400,
			event_flags = 128
		}
	},

	{
		13.375, START_IK, { "Char_Trent", "Char_King" },
		{
			duration = 1.000,
			end_effector = "Body_Head",
			count_to_root = 1,
			target_part = "UpperTorso",
			target_type = PART,
			damping = 1,
			up = NEG_Y_AXIS,
			front = Z_AXIS,
			point_at = 1,
			move_to = 0,
			transition_duration = 0.770,
			event_flags = 128
		}
	},

	{
		13.743, START_MOTION, { "Char_Juni" },
		{
			animation = "Sc_FMHAND_WALK_TALK_RGHT_CASL_000LV_XB_%",
			duration = 2.660,
			time_scale = 1,
			weight = 1,
			heading = -1
		}
	},

	{
		13.743, START_MOTION, { "Char_Juni" },
		{
			animation = "Sc_FMHAND_WALK_TALK_LEFT_CASL_000LV_XB_%",
			duration = 2.661,
			time_scale = 1,
			weight = 1,
			heading = -1
		}
	},

	{
		13.743, START_IK, { "Char_Juni", "Char_Trent" },
		{
			duration = 1.458,
			end_effector = "Body_Head",
			count_to_root = 1,
			target_part = "hp_head",
			target_type = HARDPOINT,
			damping = 1,
			up = NEG_Y_AXIS,
			front = Z_AXIS,
			point_at = 1,
			move_to = 0,
			transition_duration = 0.500,
			event_flags = 128
		}
	},

	{
		13.743, ATTACH_ENTITY, { "Char_Juni", "Char_J_Mk_loc_01" },
		{
			duration = 0.000,
			offset = { 0, 0, 0 },
			up = Y_AXIS,
			front = NEG_Z_AXIS,
			target_part = "",
			target_type = ROOT,
			flags = POSITION + ORIENTATION
		}
	},

	{
		13.743, START_MOTION, { "Char_Juni" },
		{
			animation = "Sc_FMBODY_WLKG_000LV_XA_01",
			duration = 1.333,
			time_scale = 1,
			weight = 1,
			heading = -1
		}
	},

	{
		13.906, START_MOTION, { "Char_Juni" },
		{
			animation = "Sc_dx_s071a_0301_juni",
			duration = 2.000,
			trans_time = 0.100,
			time_scale = 1,
			weight = 1,
			heading = -1
		}
	},

	{
		14.015, START_MOTION, { "Char_King" },
		{
			animation = "Sc_MLHAND_NEUT_WALK_LEFT_000LV_XB_%",
			duration = 1.666,
			time_scale = 1,
			weight = 1,
			heading = -1
		}
	},

	{
		14.186, START_MOTION, { "Char_Trent" },
		{
			animation = "Sc_MLBODY_STND_IDLE_BRTH_000LV_xa_05",
			duration = 8.374,
			trans_time = 1.000,
			time_scale = 1,
			weight = 1,
			heading = -1,
			event_flags = 2
		}
	},

	{
		14.218, SET_CAMERA, { "Cam_Monitor_s071a", "Cam_04_overhead" }
	},

	{
		14.218, SET_CAMERA, { "Cam_Monitor_s071a_static", "Cam_04_overhead" }
	},

	{
		14.295, START_MOTION, { "Char_King" },
		{
			animation = "Sc_MLHAND_NEUT_LEFT_000LV_A_00",
			duration = 1.516,
			trans_time = 0.800,
			time_scale = 1,
			weight = 1,
			heading = -1
		}
	},

	{
		14.375, START_SOUND, { "Char_Juni_fs_fl_steel02_13" },
		{
			duration = 0.208
		}
	},

	{
		14.467, ATTACH_ENTITY, { "Char_Tr_Mk_IKeyes", "Char_Juni" },
		{
			duration = 1.000,
			offset = { 0, 0, 0 },
			up = Y_AXIS,
			front = NEG_Z_AXIS,
			target_part = "hp_head",
			target_type = HARDPOINT,
			flags = POSITION
		}
	},

	{
		14.531, START_SOUND, { "dx_s071a_0301_juni_37" },
		{
			duration = 1.615
		}
	},

	{
		14.562, START_IK, { "Char_King", "Char_K_Mk_IKhead_Juni" },
		{
			duration = 4.059,
			end_effector = "Body_Head",
			count_to_root = 1,
			target_part = "hp_head",
			target_type = ROOT,
			damping = 1,
			up = NEG_Y_AXIS,
			front = Z_AXIS,
			point_at = 1,
			move_to = 0,
			transition_duration = 1.000,
			event_flags = 128
		}
	},

	{
		14.577, START_IK, { "Char_King", "Char_Juni" },
		{
			duration = 0.956,
			end_effector = "Eye IK Left",
			count_to_root = 1,
			target_part = "Body_Head",
			target_type = PART,
			damping = 1,
			up = Y_AXIS,
			front = Z_AXIS,
			point_at = 1,
			move_to = 0,
			transition_duration = 0.500,
			event_flags = 128
		}
	},

	{
		14.625, START_MOTION, { "Char_King" },
		{
			animation = "Sc_MLHEAD_NEUT_BLINK_EYES_000LV_A_00",
			duration = 0.266,
			time_scale = 1,
			weight = 1,
			heading = -1
		}
	},

	{
		14.640, START_IK, { "Char_Trent", "Char_Tr_Mk_IKhead" },
		{
			duration = 5.716,
			end_effector = "Body_Head",
			count_to_root = 1,
			target_part = "",
			target_type = ROOT,
			damping = 1,
			up = NEG_Y_AXIS,
			front = Z_AXIS,
			point_at = 1,
			move_to = 0,
			transition_duration = 0.800,
			event_flags = 128
		}
	},

	{
		14.718, START_MOTION, { "Char_Trent" },
		{
			animation = "Sc_MLHEAD_NEUT_BLINK_EYES_000LV_A_00",
			duration = 0.266,
			time_scale = 1,
			weight = 1,
			heading = -1
		}
	},

	{
		14.718, START_MOTION, { "Char_Trent" },
		{
