duration = 204.561;

entities =
{

	{
		entity_name = "Layer_s072ab_offer_Quintaine_pl_09_Lab_01",
		type = SCENE,
		template_name = "",
		lt_grp = 0, srt_grp = 0, usr_flg = 0,
		spatialprops =
		{
			pos = { 0, 0, 0 },
			orient = { { 1, 0, 0 }, { 0, 1, 0 }, { 0, 0, 1 } }
		},
		up = Y_AXIS,
		front = Z_AXIS,
		ambient = { 0, 0, 0 }
	},

	{
		entity_name = "Char_juni",
		type = DEFORMABLE,
		template_name = "juni",
		lt_grp = 0, srt_grp = 0, usr_flg = 0,
		flags = LIT_DYNAMIC,
		spatialprops =
		{
			pos = { 1.233022, 0, -1.047479 },
			orient = { { -0.651259,  0.000000, -0.758856 },
					   {  0.000000,  1.000000,  0.000000 },
					   {  0.758856,  0.000000, -0.651259 } }
		},
		compoundprops =
		{
			floor_height = 0
		},
		userprops =
		{
			Actor = "juni",
			category = "Character",
		}
	},

	{
		entity_name = "Char_trent",
		type = DEFORMABLE,
		template_name = "trent",
		lt_grp = 0, srt_grp = 0, usr_flg = 0,
		flags = LIT_DYNAMIC,
		spatialprops =
		{
			pos = { 1.472984, 0, 0.375722 },
			orient = { { -0.224526,  0.000000, -0.974468 },
					   {  0.000000,  1.000000,  0.000000 },
					   {  0.974468,  0.000000, -0.224526 } }
		},
		compoundprops =
		{
			floor_height = 0
		},
		userprops =
		{
			Actor = "Player",
			category = "Character",
		}
	},

	{
		entity_name = "Char_orillion",
		type = DEFORMABLE,
		template_name = "orillion",
		lt_grp = 0, srt_grp = 0, usr_flg = 0,
		flags = LIT_DYNAMIC,
		spatialprops =
		{
			pos = { -0.009444, 0, -1.401736 },
			orient = { { -0.999928,  0.000000,  0.011968 },
					   {  0.000000,  1.000000,  0.000000 },
					   { -0.011968,  0.000000, -0.999928 } }
		},
		compoundprops =
		{
			floor_height = 0
		},
		userprops =
		{
			Actor = "orillion",
			category = "Character",
		}
	},

	{
		entity_name = "Char_sinclair",
		type = DEFORMABLE,
		template_name = "sinclair",
		lt_grp = 0, srt_grp = 0, usr_flg = 0,
		flags = LIT_DYNAMIC,
		spatialprops =
		{
			pos = { -0.356436, 0, 1.492193 },
			orient = { { 1, 0, 0 }, { 0, 1, 0 }, { 0, 0, 1 } }
		},
		compoundprops =
		{
			floor_height = 0
		},
		userprops =
		{
			Actor = "sinclair",
			category = "Character",
		}
	},

	{
		entity_name = "Char_quintaine",
		type = DEFORMABLE,
		template_name = "quintaine",
		lt_grp = 0, srt_grp = 0, usr_flg = 0,
		flags = LIT_DYNAMIC,
		spatialprops =
		{
			pos = { 0.357751, 0, 1.533533 },
			orient = { {  0.964058,  0.000000, -0.265693 },
					   {  0.000000,  1.000000,  0.000000 },
					   {  0.265693,  0.000000,  0.964058 } }
		},
		compoundprops =
		{
			floor_height = 0
		},
		userprops =
		{
			actor = "quintaine",
			category = "Character",
		}
	},

	{
		entity_name = "Cam_Monitor",
		type = MONITOR,
		template_name = "",
		lt_grp = 0, srt_grp = 0, usr_flg = 0,
		userprops =
		{
			Priority = "Monitor_Moving_1",
		}
	},

	{
		entity_name = "Char_jacobi",
		type = DEFORMABLE,
		template_name = "jacobi",
		lt_grp = 0, srt_grp = 0, usr_flg = 0,
		flags = LIT_DYNAMIC + LIT_AMBIENT,
		spatialprops =
		{
			pos = { -1.320881, 0, -0.267085 },
			orient = { {  0.004908,  0.000000,  0.999988 },
					   {  0.000000,  1.000000,  0.000000 },
					   { -0.999988,  0.000000,  0.004908 } }
		},
		compoundprops =
		{
			floor_height = 0
		},
		userprops =
		{
			actor = "jacobi",
			category = "Character",
		}
	},

	{
		entity_name = "Path_SmlRnd_Ht1.8m",
		type = MOTION_PATH,
		template_name = "",
		lt_grp = 0, srt_grp = 0, usr_flg = 0,
		flags = HIDDEN,
		spatialprops =
		{
			pos = { 0, 1.8, 0 },
			orient = { { -0.315714,  0.000000, -0.948855 },
					   {  0.000000,  1.000000,  0.000000 },
					   {  0.948855,  0.000000, -0.315714 } }
		},
		pathprops =
		{
			path_type = "CV_CROrientationSplinePath",
			path_data = "OPEN,{0.001338,0.000000,-2.832269}, {0.000000,0.593627,0.000000,0.804740}, {1.554689,0.000000,-2.352308}, {0.000000,0.501830,0.000000,0.864966}, {2.401067,0.000000,-1.460283}, {0.000000,0.248983,0.000000,0.968508}, {2.829298,0.000000,-0.037126}, {0.000000,0.006361,0.000000,0.999980}, {2.437844,0.000000,1.430420}, {0.000000,-0.245399,0.000000,0.969422}, {1.522623,0.000000,2.378430}, {0.000000,-0.503870,0.000000,0.863780}, {-0.003258,0.000000,2.810816}, {0.000000,-0.705388,0.000000,0.708821}, {-1.521677,0.000000,2.393211}, {0.000000,0.859739,0.000000,-0.510733}, {-2.461331,0.000000,1.472040}, {0.000000,0.970269,0.000000,-0.242027}, {-2.804341,0.000000,-0.017865}, {0.000000,0.999998,0.000000,0.002163}, {-2.448792,0.000000,-1.427121}, {0.000000,0.969989,0.000000,0.243147}, {-1.533411,0.000000,-2.393645}, {0.000000,0.865301,0.000000,0.501252}, {0.001338,0.000000,-2.832269}, {0.000000,0.798371,0.000000,0.602165}, "
		}
	},

	{
		entity_name = "Cam_04_Circle_1",
		type = CAMERA,
		template_name = "",
		lt_grp = 0, srt_grp = 0, usr_flg = 0,
		flags = HIDDEN,
		spatialprops =
		{
			pos = { 0.015154, 1.867234, -2.876983 },
			orient = { { -0.295214,  0.000000,  0.955431 },
					   {  0.000000, -1.000000,  0.000000 },
					   {  0.955431,  0.000000,  0.295214 } }
		},
		cameraprops =
		{
			fovh = 12.5,
			hvaspect = 1.85,
			nearplane = 0.4,
			farplane = 100
		}
	},

	{
		entity_name = "Mk_Artifact_Position",
		type = MARKER,
		template_name = "",
		lt_grp = 0, srt_grp = 0, usr_flg = 0,
		spatialprops =
		{
			pos = { 0, 1.5, 0 },
			orient = { {  1.000000,  0.000000,  0.000000 },
					   {  0.000000,  0.007417, -0.999973 },
					   {  0.000000,  0.999973,  0.007417 } }
		}
	},

	{
		entity_name = "Path_MdmRnd_Ht1.9m",
		type = MOTION_PATH,
		template_name = "",
		lt_grp = 0, srt_grp = 0, usr_flg = 0,
		flags = HIDDEN,
		spatialprops =
		{
			pos = { 0, 1.889727, 0 },
			orient = { { -0.992374,  0.000000,  0.123261 },
					   {  0.000000,  1.000000,  0.000000 },
					   { -0.123261,  0.000000, -0.992374 } }
		},
		pathprops =
		{
			path_type = "CV_CROrientationSplinePath",
			path_data = "OPEN,{0.001338,0.000000,-3.332269}, {0.000000,0.707985,0.000000,0.706227}, {0.861336,0.000000,-3.192009}, {0.000000,0.597687,0.000000,0.801729}, {1.815018,0.000000,-2.743145}, {0.000000,0.472037,0.000000,0.881579}, {2.388647,0.000000,-2.296916}, {0.000000,0.370295,0.000000,0.928914}, {2.811166,0.000000,-1.704763}, {0.000000,0.265566,0.000000,0.964093}, {3.166085,0.000000,-0.899678}, {0.000000,0.137910,0.000000,0.990445}, {3.329298,0.000000,-0.037126}, {0.000000,0.006361,0.000000,0.999980}, {3.195586,0.000000,0.845266}, {0.000000,-0.127473,0.000000,0.991842}, {2.859558,0.000000,1.673576}, {0.000000,-0.258543,0.000000,0.966000}, {2.404847,0.000000,2.313759}, {0.000000,-0.372889,0.000000,0.927876}, {1.789023,0.000000,2.799657}, {0.000000,-0.482436,0.000000,0.875931}, {0.922447,0.000000,3.160502}, {0.000000,-0.746774,0.000000,0.665078}, {-0.003258,0.000000,3.310816}, {0.000000,-0.706331,0.000000,0.707881}, {-0.925334,0.000000,3.170424}, {0.000000,-0.803698,0.000000,0.595038}, {-1.791558,0.000000,2.821602}, {0.000000,0.875508,0.000000,-0.483203}, {-2.421279,0.000000,2.359849}, {0.000000,0.832100,0.000000,-0.554626}, {-2.886779,0.000000,1.733548}, {0.000000,0.962271,0.000000,-0.272092}, {-3.190642,0.000000,0.880920}, {0.000000,0.990721,0.000000,-0.135910}, {-3.304341,0.000000,-0.017865}, {0.000000,0.999998,0.000000,0.002163}, {-3.215636,0.000000,-0.882695}, {0.000000,0.991375,0.000000,0.131058}, {-2.928417,0.000000,-1.702252}, {0.000000,0.966286,0.000000,0.257472}, {-2.452549,0.000000,-2.342731}, {0.000000,0.929608,0.000000,0.368549}, {-1.813156,0.000000,-2.820829}, {0.000000,0.879728,0.000000,0.475478}, {-0.958945,0.000000,-3.255080}, {0.000000,0.800446,0.000000,0.599405}, {0.001338,0.000000,-3.332269}, {0.000000,0.705443,0.000000,0.708766}, "
		}
	},

	{
		entity_name = "Path_LrgRnd_Ht3.5m",
		type = MOTION_PATH,
		template_name = "",
		lt_grp = 0, srt_grp = 0, usr_flg = 0,
		flags = HIDDEN,
		spatialprops =
		{
			pos = { 0, 3.5, 0 },
			orient = { {  0.072855,  0.000000, -0.997343 },
					   {  0.000000,  1.000000,  0.000000 },
					   {  0.997343,  0.000000,  0.072855 } }
		},
		pathprops =
		{
			path_type = "CV_CROrientationSplinePath",
			path_data = "OPEN,{0.001338,0.000000,-4.832269}, {0.000000,0.707985,0.000000,0.706227}, {2.637937,0.000000,-3.978611}, {0.000000,0.472037,0.000000,0.881579}, {4.118320,0.000000,-2.484019}, {0.000000,0.265566,0.000000,0.964093}, {4.829298,0.000000,-0.037126}, {0.000000,0.006361,0.000000,0.999980}, {4.153956,0.000000,2.419912}, {0.000000,-0.258543,0.000000,0.966000}, {2.604203,0.000000,4.088608}, {0.000000,-0.482436,0.000000,0.875931}, {-0.003258,0.000000,4.810816}, {0.000000,-0.706331,0.000000,0.707881}, {-2.539738,0.000000,4.009219}, {0.000000,0.875508,0.000000,-0.483203}, {-4.075756,0.000000,2.464370}, {0.000000,0.962271,0.000000,-0.272092}, {-4.804341,0.000000,-0.017865}, {0.000000,0.999998,0.000000,0.002163}, {-4.345706,0.000000,-2.515262}, {0.000000,0.966286,0.000000,0.257472}, {-2.709852,0.000000,-4.190128}, {0.000000,0.879728,0.000000,0.475478}, {0.001338,0.000000,-4.832269}, {0.000000,0.707985,0.000000,0.706227}, "
		}
	},

	{
		entity_name = "Path_TinyRnd_Ht1.1m",
		type = MOTION_PATH,
		template_name = "",
		lt_grp = 0, srt_grp = 0, usr_flg = 0,
		flags = HIDDEN,
		spatialprops =
		{
			pos = { 0, 1.1, 0 },
			orient = { {  0.919654,  0.000000,  0.392729 },
					   {  0.000000,  1.000000,  0.000000 },
					   { -0.392729,  0.000000,  0.919654 } }
		},
		pathprops =
		{
			path_type = "CV_CROrientationSplinePath",
			path_data = "OPEN,{0.000000,-0.004029,-0.403501}, {-0.004626,-0.000500,0.994203,-0.107416}, {0.172552,-0.004029,-0.343400}, {0.000000,0.472037,0.000000,0.881579}, {0.343942,-0.004029,-0.192940}, {0.000000,0.265566,0.000000,0.964093}, {0.405080,-0.004029,0.000000}, {0.000000,0.006361,0.000000,0.999980}, {0.348123,-0.004029,0.204370}, {0.000000,-0.258543,0.000000,0.966000}, {0.212513,-0.004029,0.340279}, {0.000000,-0.482436,0.000000,0.875931}, {0.000000,-0.004029,0.403501}, {0.000000,-0.706331,0.000000,0.707881}, {-0.210233,-0.004029,0.339821}, {0.000000,0.875508,0.000000,-0.483203}, {-0.339776,-0.004029,0.185452}, {0.000000,0.972742,0.000000,-0.231890}, {-0.401505,-0.004029,0.000000}, {0.000000,0.999998,0.000000,0.002163}, {-0.359468,-0.004029,-0.210353}, {0.000000,0.966286,0.000000,0.257472}, {-0.187019,-0.004029,-0.374609}, {0.000000,0.879728,0.000000,0.475478}, {0.001739,-0.004029,-0.396233}, {0.000000,0.707985,0.000000,0.706227}, "
		}
	},

	{
		entity_name = "Cam_36_Artifact",
		type = CAMERA,
		template_name = "",
		lt_grp = 0, srt_grp = 0, usr_flg = 0,
		flags = HIDDEN,
		spatialprops =
		{
			pos = { 0.001739, 1.279246, -0.396233 },
			orient = { { -0.999957,  0.000000,  0.009306 },
					   { -0.001988,  0.976923, -0.213582 },
					   { -0.009091, -0.213591, -0.976881 } }
		},
		cameraprops =
		{
			fovh = 30,
			hvaspect = 1.85,
			nearplane = 0.3,
			farplane = 1000
		}
	},

	{
		entity_name = "Mk_Artifact_Position_Small_Circle",
		type = MARKER,
		template_name = "",
		lt_grp = 0, srt_grp = 0, usr_flg = 0,
		spatialprops =
		{
			pos = { 0, 1.18, 0 },
			orient = { {  1.000000,  0.000000,  0.000000 },
					   {  0.000000,  0.007417, -0.999973 },
					   {  0.000000,  0.999973,  0.007417 } }
		}
	},

	{
		entity_name = "Char_Sinclair_Mk_Sinclair_Look",
		type = MARKER,
		template_name = "",
		lt_grp = 0, srt_grp = 0, usr_flg = 0,
		spatialprops =
		{
			pos = { -0.911831, 1, 0 },
			orient = { { 1, 0, 0 }, { 0, 1, 0 }, { 0, 0, 1 } }
		}
	},

	{
		entity_name = "Mk_Trent_Look",
		type = MARKER,
		template_name = "",
		lt_grp = 0, srt_grp = 0, usr_flg = 0,
		spatialprops =
		{
			pos = { -0.063165, 1.631075, 1.139204 },
			orient = { { 1, 0, 0 }, { 0, 1, 0 }, { 0, 0, 1 } }
		}
	},

	{
		entity_name = "Char_Quintaine_Mk_Lookat",
		type = MARKER,
		template_name = "",
		lt_grp = 0, srt_grp = 0, usr_flg = 0,
		spatialprops =
		{
			pos = { -0.074677, 1.034916, -0.088473 },
			orient = { {  0.967567,  0.000000, -0.252615 },
					   {  0.000000,  1.000000,  0.000000 },
					   {  0.252615,  0.000000,  0.967567 } }
		}
	},

	{
		entity_name = "Mk_Quintaine_Point_IK",
		type = MARKER,
		template_name = "",
		lt_grp = 0, srt_grp = 0, usr_flg = 0,
		spatialprops =
		{
			pos = { -0.290284, 1.200089, 0.84345 },
			orient = { {  0.999403,  0.000000,  0.034538 },
					   {  0.000000,  1.000000,  0.000000 },
					   { -0.034538,  0.000000,  0.999403 } }
		}
	},

	{
		entity_name = "Mk_Sinclair_Ik_Hand",
		type = MARKER,
		template_name = "",
		lt_grp = 0, srt_grp = 0, usr_flg = 0,
		spatialprops =
		{
			pos = { -0.133062, 0.959247, 0.985133 },
			orient = { {  0.997649,  0.000000, -0.068524 },
					   {  0.000000,  1.000000,  0.000000 },
					   {  0.068524,  0.000000,  0.997649 } }
		}
	},

	{
		entity_name = "Mk_Juni_Lookat",
		type = MARKER,
		template_name = "",
		lt_grp = 0, srt_grp = 0, usr_flg = 0,
		spatialprops =
		{
			pos = { 1.591943, 1.973035, 0.127663 },
			orient = { {  1.000000,  0.000000,  0.000000 },
					   {  0.000000,  0.007417, -0.999973 },
					   {  0.000000,  0.999973,  0.007417 } }
		}
	},

	{
		entity_name = "Char_Orillion_Lookat_Mk",
		type = MARKER,
		template_name = "",
		lt_grp = 0, srt_grp = 0, usr_flg = 0,
		spatialprops =
		{
			pos = { 0.14407, 1.599998, -0.142048 },
			orient = { { 1, 0, 0 }, { 0, 1, 0 }, { 0, 0, 1 } }
		}
	},

	{
		entity_name = "Mk_Orillion_Lock_back",
		type = MARKER,
		template_name = "",
		lt_grp = 0, srt_grp = 0, usr_flg = 0,
		spatialprops =
		{
			pos = { 0.182995, 1.1466, -0.254341 },
			orient = { { -0.999928,  0.000000,  0.011968 },
					   {  0.000000,  1.000000,  0.000000 },
					   { -0.011968,  0.000000, -0.999928 } }
		}
	},

	{
		entity_name = "Mk_Orillion_Lock_Waist",
		type = MARKER,
		template_name = "",
		lt_grp = 0, srt_grp = 0, usr_flg = 0,
		spatialprops =
		{
			pos = { -0.009444, 0.973156, -1.401736 },
			orient = { { -0.999928,  0.000000,  0.011968 },
					   {  0.000000,  1.000000,  0.000000 },
					   { -0.011968,  0.000000, -0.999928 } }
		}
	},

	{
		entity_name = "Mk_Orillion_What_at_Juni",
		type = MARKER,
		template_name = "",
		lt_grp = 0, srt_grp = 0, usr_flg = 0,
		spatialprops =
		{
			pos = { 0.867589, 1.00749, -1.536976 },
			orient = { { -0.999378,  0.000000,  0.035266 },
					   {  0.000000,  1.000000,  0.000000 },
					   { -0.035266,  0.000000, -0.999378 } }
		}
	},

	{
		entity_name = "Mk_Artifact_Position_Path3",
		type = MARKER,
		template_name = "",
		lt_grp = 0, srt_grp = 0, usr_flg = 0,
		spatialprops =
		{
			pos = { 0, 1, 0 },
			orient = { {  1.000000,  0.000000,  0.000000 },
					   {  0.000000,  0.007417, -0.999973 },
					   {  0.000000,  0.999973,  0.007417 } }
		}
	},

	{
		entity_name = "Cam_37_Circle_4",
		type = CAMERA,
		template_name = "",
		lt_grp = 0, srt_grp = 0, usr_flg = 0,
		flags = HIDDEN,
		spatialprops =
		{
			pos = { 0.001338, 1.869834, -4.832269 },
			orient = { {  0.002486,  0.000000,  0.999997 },
					   {  0.000000, -1.000000,  0.000000 },
					   {  0.999997,  0.000000, -0.002486 } }
		},
		cameraprops =
		{
			fovh = 30,
			hvaspect = 1.85,
			nearplane = 0.3,
			farplane = 100
		}
	},

	{
		entity_name = "Path_LrgRnd_Ht0.6m",
		type = MOTION_PATH,
		template_name = "",
		lt_grp = 0, srt_grp = 0, usr_flg = 0,
		flags = HIDDEN,
		spatialprops =
		{
			pos = { 0, 0.6, 0 },
			orient = { { -0.994992,  0.000000, -0.099953 },
					   {  0.000000,  1.000000,  0.000000 },
					   {  0.099953,  0.000000, -0.994992 } }
		},
		pathprops =
		{
			path_type = "CV_CROrientationSplinePath",
			path_data = "OPEN,{0.001338,0.000000,-4.832269}, {0.000000,0.707985,0.000000,0.706227}, {2.637937,0.000000,-3.978611}, {0.000000,0.472037,0.000000,0.881579}, {4.118320,0.000000,-2.484019}, {0.000000,0.265566,0.000000,0.964093}, {4.829298,0.000000,-0.037126}, {0.000000,0.006361,0.000000,0.999980}, {4.153956,0.000000,2.419912}, {0.000000,-0.258543,0.000000,0.966000}, {2.604203,0.000000,4.088608}, {0.000000,-0.482436,0.000000,0.875931}, {-0.003258,0.000000,4.810816}, {0.000000,-0.706331,0.000000,0.707881}, {-2.539738,0.000000,4.009219}, {0.000000,0.875508,0.000000,-0.483203}, {-4.075756,0.000000,2.464370}, {0.000000,0.962271,0.000000,-0.272092}, {-4.804341,0.000000,-0.017865}, {0.000000,0.999998,0.000000,0.002163}, {-4.345706,0.000000,-2.515262}, {0.000000,0.966286,0.000000,0.257472}, {-2.709852,0.000000,-4.190128}, {0.000000,0.879728,0.000000,0.475478}, {0.001338,0.000000,-4.832269}, {0.000000,0.707985,0.000000,0.706227}, "
		}
	},

	{
		entity_name = "Mk_Artifact_Position_Path4",
		type = MARKER,
		template_name = "",
		lt_grp = 0, srt_grp = 0, usr_flg = 0,
		spatialprops =
		{
			pos = { 0, 1.5, 0 },
			orient = { {  1.000000,  0.000000,  0.000000 },
					   {  0.000000,  0.007417, -0.999973 },
					   {  0.000000,  0.999973,  0.007417 } }
		}
	},

	{
		entity_name = "Mk_Artifact_Position_2",
		type = MARKER,
		template_name = "",
		lt_grp = 0, srt_grp = 0, usr_flg = 0,
		spatialprops =
		{
			pos = { 0, 1, 0.1 },
			orient = { {  1.000000,  0.000000,  0.000000 },
					   {  0.000000,  0.007417, -0.999973 },
					   {  0.000000,  0.999973,  0.007417 } }
		}
	},

	{
		entity_name = "Cam_01_First_Shot_Low_B",
		type = CAMERA,
		template_name = "",
		lt_grp = 0, srt_grp = 0, usr_flg = 0,
		flags = HIDDEN,
		spatialprops =
		{
			pos = { -0.009666, 1.139521, -0.421189 },
			orient = { { -0.999821,  0.000000,  0.018936 },
					   { -0.002587,  0.990623, -0.136602 },
					   { -0.018759, -0.136626, -0.990445 } }
		},
		cameraprops =
		{
			fovh = 22,
			hvaspect = 1.85,
			nearplane = 0.2,
			farplane = 1000
		}
	},

	{
		entity_name = "Cam_01_First_Shot_Low_A",
		type = CAMERA,
		template_name = "",
		lt_grp = 0, srt_grp = 0, usr_flg = 0,
		flags = HIDDEN,
		spatialprops =
		{
			pos = { -0.004912, 1.36979, -0.342516 },
			orient = { { -0.999051,  0.000000,  0.043549 },
					   {  0.024591,  0.825310,  0.564144 },
					   { -0.035941,  0.564680, -0.824527 } }
		},
		cameraprops =
		{
			fovh = 22,
			hvaspect = 1.85,
			nearplane = 0.3,
			farplane = 1000
		}
	},

	{
		entity_name = "sfx_keyboard_flurry01_1",
		type = SOUND,
		template_name = "sfx_keyboard_flurry01",
		lt_grp = 0, srt_grp = 0, usr_flg = 0,
		flags = HIDDEN,
		spatialprops =
		{
			pos = { 0, 0, 0 },
			orient = { { 1, 0, 0 }, { 0, 1, 0 }, { 0, 0, 1 } }
		},
		audioprops =
		{
			attenuation = 0,
			pan = 0,
			dmin = 50,
			dmax = 300,
			ain = 360,
			aout = 360,
			atout = 0,
			rmix = 0,
		},
		userprops =
		{
			category = "Audio",
		}
	},

	{
		entity_name = "sfx_keyboard_flurry02_2",
		type = SOUND,
		template_name = "sfx_keyboard_flurry02",
		lt_grp = 0, srt_grp = 0, usr_flg = 0,
		flags = HIDDEN,
		spatialprops =
		{
			pos = { 0, 0, 0 },
			orient = { { 1, 0, 0 }, { 0, 1, 0 }, { 0, 0, 1 } }
		},
		audioprops =
		{
			attenuation = 0,
			pan = 0,
			dmin = 50,
			dmax = 300,
			ain = 360,
			aout = 360,
			atout = 0,
			rmix = 0,
		},
		userprops =
		{
			category = "Audio",
		}
	},

	{
		entity_name = "sfx_keyboard_flurry03_3",
		type = SOUND,
		template_name = "sfx_keyboard_flurry03",
		lt_grp = 0, srt_grp = 0, usr_flg = 0,
		flags = HIDDEN,
		spatialprops =
		{
			pos = { 0, 0, 0 },
			orient = { { 1, 0, 0 }, { 0, 1, 0 }, { 0, 0, 1 } }
		},
		audioprops =
		{
			attenuation = 0,
			pan = 0,
			dmin = 50,
			dmax = 300,
			ain = 360,
			aout = 360,
			atout = 0,
			rmix = 0,
		},
		userprops =
		{
			category = "Audio",
		}
	},

	{
		entity_name = "sfx_keyboard_flurry04_4",
		type = SOUND,
		template_name = "sfx_keyboard_flurry04",
		lt_grp = 0, srt_grp = 0, usr_flg = 0,
		flags = HIDDEN,
		spatialprops =
		{
			pos = { 0, 0, 0 },
			orient = { { 1, 0, 0 }, { 0, 1, 0 }, { 0, 0, 1 } }
		},
		audioprops =
		{
			attenuation = 0,
			pan = 0,
			dmin = 50,
			dmax = 300,
			ain = 360,
			aout = 360,
			atout = 0,
			rmix = 0,
		},
		userprops =
		{
			category = "Audio",
		}
	},

	{
		entity_name = "sfx_keyboard_flurry05_5",
		type = SOUND,
		template_name = "sfx_keyboard_flurry05",
		lt_grp = 0, srt_grp = 0, usr_flg = 0,
		flags = HIDDEN,
		spatialprops =
		{
			pos = { 0, 0, 0 },
			orient = { { 1, 0, 0 }, { 0, 1, 0 }, { 0, 0, 1 } }
		},
		audioprops =
		{
			attenuation = 0,
			pan = 0,
			dmin = 50,
			dmax = 300,
			ain = 360,
			aout = 360,
			atout = 0,
			rmix = 0,
		},
		userprops =
		{
			category = "Audio",
		}
	},

	{
		entity_name = "Mk_Sinclair_Arm_Ik_Initial",
		type = MARKER,
		template_name = "",
		lt_grp = 0, srt_grp = 0, usr_flg = 0,
		spatialprops =
		{
			pos = { -0.43701, 1.18, 1.040933 },
			orient = { {  0.999990,  0.000000,  0.004457 },
					   {  0.000000,  1.000000,  0.000000 },
					   { -0.004457,  0.000000,  0.999990 } }
		}
	},

	{
		entity_name = "sfx_keyboard_enter01_1",
		type = SOUND,
		template_name = "sfx_keyboard_enter01",
		lt_grp = 0, srt_grp = 0, usr_flg = 0,
		flags = HIDDEN,
		spatialprops =
		{
			pos = { 0, 0, 0 },
			orient = { { 1, 0, 0 }, { 0, 1, 0 }, { 0, 0, 1 } }
		},
		audioprops =
		{
			attenuation = 0,
			pan = 0,
			dmin = 50,
			ain = 360,
			aout = 360,
			atout = 0,
			rmix = 0,
		},
		userprops =
		{
			category = "Audio",
		}
	},

	{
		entity_name = "sfx_ui_react_accept02",
		type = SOUND,
		template_name = "sfx_ui_react_accept02",
		lt_grp = 0, srt_grp = 0, usr_flg = 0,
		flags = HIDDEN,
		spatialprops =
		{
			pos = { 0, 0, 0 },
			orient = { { 1, 0, 0 }, { 0, 1, 0 }, { 0, 0, 1 } }
		},
		audioprops =
		{
			attenuation = 0,
			pan = 0,
			dmin = 50,
			dmax = 300,
			ain = 360,
			atout = 0,
			rmix = 0,
		},
		userprops =
		{
			category = "Audio",
		}
	},

	{
		entity_name = "sfx_ui_react_data02_1",
		type = SOUND,
		template_name = "sfx_ui_react_data02",
		lt_grp = 0, srt_grp = 0, usr_flg = 0,
		flags = HIDDEN,
		spatialprops =
		{
			pos = { 0, 0, 0 },
			orient = { { 1, 0, 0 }, { 0, 1, 0 }, { 0, 0, 1 } }
		},
		audioprops =
		{
			attenuation = 0,
			pan = 0,
			dmin = 50,
			dmax = 300,
			ain = 360,
			aout = 360,
			atout = 0,
			rmix = 0,
		},
		userprops =
		{
			category = "Audio",
		}
	},

	{
		entity_name = "Path_SmlRnd_Ht1.8m_02",
		type = MOTION_PATH,
		template_name = "",
		lt_grp = 0, srt_grp = 0, usr_flg = 0,
		flags = HIDDEN,
		spatialprops =
		{
			pos = { 0, 1.8, 0 },
			orient = { { -0.999433,  0.000000,  0.033662 },
					   {  0.000000,  1.000000,  0.000000 },
					   { -0.033662,  0.000000, -0.999433 } }
		},
		pathprops =
		{
			path_type = "CV_CROrientationSplinePath",
			path_data = "OPEN,{0.001338,0.000000,-2.832269}, {0.000000,0.593627,0.000000,0.804740}, {1.554689,0.000000,-2.352308}, {0.000000,0.501830,0.000000,0.864966}, {2.401067,0.000000,-1.460283}, {0.000000,0.248983,0.000000,0.968508}, {2.829298,0.000000,-0.037126}, {0.000000,0.006361,0.000000,0.999980}, {2.437844,0.000000,1.430420}, {0.000000,-0.245399,0.000000,0.969422}, {1.522623,0.000000,2.378430}, {0.000000,-0.503870,0.000000,0.863780}, {-0.003258,0.000000,2.810816}, {0.000000,-0.705388,0.000000,0.708821}, {-1.521677,0.000000,2.393211}, {0.000000,0.859739,0.000000,-0.510733}, {-2.461331,0.000000,1.472040}, {0.000000,0.970269,0.000000,-0.242027}, {-2.804341,0.000000,-0.017865}, {0.000000,0.999998,0.000000,0.002163}, {-2.448792,0.000000,-1.427121}, {0.000000,0.969989,0.000000,0.243147}, {-1.533411,0.000000,-2.393645}, {0.000000,0.865301,0.000000,0.501252}, {0.001338,0.000000,-2.832269}, {0.000000,0.798371,0.000000,0.602165}, "
		}
	},

	{
		entity_name = "Cam_35_Circle_2b",
		type = CAMERA,
		template_name = "",
		lt_grp = 0, srt_grp = 0, usr_flg = 0,
		flags = HIDDEN,
		spatialprops =
		{
			pos = { 0.001338, 1.869834, -3.332269 },
			orient = { {  0.002486,  0.000000,  0.999997 },
					   {  0.000000, -1.000000,  0.000000 },
					   {  0.999997,  0.000000, -0.002486 } }
		},
		cameraprops =
		{
			fovh = 30,
			hvaspect = 1.85,
			nearplane = 0.4,
			farplane = 100
		}
	},

	{
		entity_name = "Cam_03_Circle_3b_Intro",
		type = CAMERA,
		template_name = "",
		lt_grp = 0, srt_grp = 0, usr_flg = 0,
		flags = HIDDEN,
		spatialprops =
		{
			pos = { 0.001338, 1.869834, -4.832269 },
			orient = { {  0.002486,  0.000000,  0.999997 },
					   {  0.000000, -1.000000,  0.000000 },
					   {  0.999997,  0.000000, -0.002486 } }
		},
		cameraprops =
		{
			fovh = 25,
			hvaspect = 1.85,
			nearplane = 0.55,
			farplane = 100
		}
	},

	{
		entity_name = "rtc_holo_beam_03oc",
		type = PSYS,
		template_name = "rtc_holo_beam",
		lt_grp = 0, srt_grp = 0, usr_flg = 0,
		flags = HIDDEN + LIT_DYNAMIC + LIT_AMBIENT,
		spatialprops =
		{
			pos = { 0, 0.952499, 0 },
			orient = { { 1, 0, 0 }, { 0, 1, 0 }, { 0, 0, 1 } }
		},
		psysprops =
		{
			sparam = 0
		}
	},

	{
		entity_name = "rtc_holo_beam_09oc",
		type = PSYS,
		template_name = "rtc_holo_beam#1",
		lt_grp = 0, srt_grp = 0, usr_flg = 0,
		flags = HIDDEN + LIT_DYNAMIC + LIT_AMBIENT,
		spatialprops =
		{
			pos = { 0, 0.950147, 0 },
			orient = { { 1, 0, 0 }, { 0, 1, 0 }, { 0, 0, 1 } }
		},
		psysprops =
		{
			sparam = 0
		}
	},

	{
		entity_name = "rtc_holo_beam_11oc",
		type = PSYS,
		template_name = "rtc_holo_beam#2",
		lt_grp = 0, srt_grp = 0, usr_flg = 0,
		flags = HIDDEN + LIT_DYNAMIC + LIT_AMBIENT,
		spatialprops =
		{
			pos = { -0.04, 0.950408, 0 },
			orient = { {  0.878535, -0.166537, -0.447707 },
					   {  0.475578,  0.217152,  0.852450 },
					   { -0.044744, -0.961827,  0.269977 } }
		},
		psysprops =
		{
			sparam = 0
		}
	},

	{
		entity_name = "rtc_holo_beam_01oc",
		type = PSYS,
		template_name = "rtc_holo_beam#3",
		lt_grp = 0, srt_grp = 0, usr_flg = 0,
		flags = HIDDEN + LIT_DYNAMIC + LIT_AMBIENT,
		spatialprops =
		{
			pos = { 0.03, 0.951563, 0 },
			orient = { {  0.863364,  0.109844,  0.492481 },
					   { -0.504434,  0.211558,  0.837132 },
					   { -0.012235, -0.971173,  0.238061 } }
		},
		psysprops =
		{
			sparam = 0
		}
	},

	{
		entity_name = "rtc_holo_beam_07oc",
		type = PSYS,
		template_name = "rtc_holo_beam#4",
		lt_grp = 0, srt_grp = 0, usr_flg = 0,
		flags = HIDDEN + LIT_DYNAMIC + LIT_AMBIENT,
		spatialprops =
		{
			pos = { 0, 0.950016, -0.04 },
			orient = { {  0.871505, -0.071009,  0.485218 },
					   {  0.486165,  0.254660, -0.835938 },
					   { -0.064207,  0.964420,  0.256460 } }
		},
		psysprops =
		{
			sparam = 0
		}
	},

	{
		entity_name = "rtc_holo_beam_05oc",
		type = PSYS,
		template_name = "rtc_holo_beam#5",
		lt_grp = 0, srt_grp = 0, usr_flg = 0,
		flags = HIDDEN + LIT_DYNAMIC + LIT_AMBIENT,
		spatialprops =
		{
			pos = { 0.03, 0.949669, 0 },
			orient = { {  0.869098,  0.079650, -0.488185 },
					   { -0.491669,  0.247114, -0.834983 },
					   {  0.054131,  0.965707,  0.253928 } }
		},
		psysprops =
		{
			sparam = 0
		}
	},

	{
		entity_name = "rtc_glyph1_09oc",
		type = PSYS,
		template_name = "rtc_glyph1",
		lt_grp = 0, srt_grp = 0, usr_flg = 0,
		flags = HIDDEN + LIT_DYNAMIC + LIT_AMBIENT,
		spatialprops =
		{
			pos = { 3.307286, 2.04274, -0.066512 },
			orient = { { 1, 0, 0 }, { 0, 1, 0 }, { 0, 0, 1 } }
		},
		psysprops =
		{
			sparam = 0
		}
	},

	{
		entity_name = "rtc_holomapstarfield_2",
		type = PSYS,
		template_name = "rtc_holomapstarfield",
		lt_grp = 0, srt_grp = 0, usr_flg = 0,
		flags = HIDDEN + LIT_DYNAMIC + LIT_AMBIENT,
		spatialprops =
		{
			pos = { 0, 1.875666, 0 },
			orient = { { 1, 0, 0 }, { 0, 1, 0 }, { 0, 0, 1 } }
		},
		psysprops =
		{
			sparam = 0
		}
	},

	{
		entity_name = "rtc_holomap_sphere_3",
		type = PSYS,
		template_name = "rtc_holomap_sphere",
		lt_grp = 0, srt_grp = 0, usr_flg = 0,
		flags = HIDDEN + LIT_DYNAMIC + LIT_AMBIENT,
		spatialprops =
		{
			pos = { 0, 1.17, 0 },
			orient = { { 1, 0, 0 }, { 0, 1, 0 }, { 0, 0, 1 } }
		},
		psysprops =
		{
			sparam = 0
		}
	},

	{
		entity_name = "rtc_holomapstarfield#1_5",
		type = PSYS,
		template_name = "rtc_holomapstarfield#1",
		lt_grp = 0, srt_grp = 0, usr_flg = 0,
		flags = HIDDEN + LIT_DYNAMIC + LIT_AMBIENT,
		spatialprops =
		{
			pos = { 0.611046, 2.116149, 0.041005 },
			orient = { { 1, 0, 0 }, { 0, 1, 0 }, { 0, 0, 1 } }
		},
		psysprops =
		{
			sparam = 0
		}
	},

	{
		entity_name = "rtc_holomap_backstars_6",
		type = PSYS,
		template_name = "rtc_holomap_backstars",
		lt_grp = 0, srt_grp = 0, usr_flg = 0,
		flags = HIDDEN + LIT_DYNAMIC + LIT_AMBIENT,
		spatialprops =
		{
			pos = { 0, 2.303477, 0 },
			orient = { { 1, 0, 0 }, { 0, 1, 0 }, { 0, 0, 1 } }
		},
		psysprops =
		{
			sparam = 0
		}
	},

	{
		entity_name = "rtc_holomapstarfield#2_1",
		type = PSYS,
		template_name = "rtc_holomapstarfield#2",
		lt_grp = 0, srt_grp = 0, usr_flg = 0,
		flags = HIDDEN + LIT_DYNAMIC + LIT_AMBIENT,
		spatialprops =
		{
			pos = { 0.082937, 2.413077, 0.510667 },
			orient = { { 1, 0, 0 }, { 0, 1, 0 }, { 0, 0, 1 } }
		},
		psysprops =
		{
			sparam = 0
		}
	},

	{
		entity_name = "rtc_holo_artifactlgow_1",
		type = PSYS,
		template_name = "rtc_holo_artifactlgow",
		lt_grp = 0, srt_grp = 0, usr_flg = 0,
		flags = HIDDEN + LIT_DYNAMIC + LIT_AMBIENT,
		spatialprops =
		{
			pos = { 0, 1.17181, 0 },
			orient = { { 1, 0, 0 }, { 0, 1, 0 }, { 0, 0, 1 } }
		},
		psysprops =
		{
			sparam = 0
		}
	},

	{
		entity_name = "rtc_holomap_parchment_09oc",
		type = PSYS,
		template_name = "rtc_holomap_parchment",
		lt_grp = 0, srt_grp = 0, usr_flg = 0,
		flags = HIDDEN + LIT_DYNAMIC + LIT_AMBIENT,
		spatialprops =
		{
			pos = { 3.347347, 1.992, -0.055591 },
			orient = { {  0.013299,  0.999912,  0.000000 },
					   { -0.999912,  0.013299,  0.000000 },
					   {  0.000000,  0.000000,  1.000000 } }
		},
		psysprops =
		{
			sparam = 0
		}
	},

	{
		entity_name = "rtc_holomap_parchment_01oc",
		type = PSYS,
		template_name = "rtc_holomap_parchment#1",
		lt_grp = 0, srt_grp = 0, usr_flg = 0,
		flags = HIDDEN + LIT_DYNAMIC + LIT_AMBIENT,
		spatialprops =
		{
			pos = { -1.719298, 1.99, 2.760596 },
			orient = { { -0.004034, -0.999975,  0.005877 },
					   {  0.554633, -0.007128, -0.832065 },
					   {  0.832085, -0.000097,  0.554648 } }
		},
		psysprops =
		{
			sparam = 0
		}
	},

	{
		entity_name = "rtc_holomap_parchment_05oc",
		type = PSYS,
		template_name = "rtc_holomap_parchment#2",
		lt_grp = 0, srt_grp = 0, usr_flg = 0,
		flags = HIDDEN + LIT_DYNAMIC + LIT_AMBIENT,
		spatialprops =
		{
			pos = { -1.71128, 1.989991, -2.898484 },
			orient = { { -0.001453, -0.999999,  0.000016 },
					   { -0.485505,  0.000691, -0.874233 },
					   {  0.874232, -0.001278, -0.485506 } }
		},
		psysprops =
		{
			sparam = 0
		}
	},

	{
		entity_name = "rtc_holomap_parchment_07oc",
		type = PSYS,
		template_name = "rtc_holomap_parchment#3",
		lt_grp = 0, srt_grp = 0, usr_flg = 0,
		flags = HIDDEN + LIT_DYNAMIC + LIT_AMBIENT,
		spatialprops =
		{
			pos = { 1.710675, 1.995411, -2.869386 },
			orient = { { -0.004395,  0.999926,  0.011302 },
					   { -0.479155, -0.012026,  0.877648 },
					   {  0.877719, -0.001558,  0.479173 } }
		},
		psysprops =
		{
			sparam = 0
		}
	},

	{
		entity_name = "rtc_holomap_parchment_03oc",
		type = PSYS,
		template_name = "rtc_holomap_parchment#4",
		lt_grp = 0, srt_grp = 0, usr_flg = 0,
		flags = HIDDEN + LIT_DYNAMIC + LIT_AMBIENT,
		spatialprops =
		{
			pos = { -3.321417, 1.992, -0.030911 },
			orient = { {  0.007582, -0.999971, -0.000229 },
					   {  0.999961,  0.007581,  0.004475 },
					   { -0.004474, -0.000263,  0.999990 } }
		},
		psysprops =
		{
			sparam = 0
		}
	},

	{
		entity_name = "rtc_holomap_parchment_11oc",
		type = PSYS,
		template_name = "rtc_holomap_parchment#5",
		lt_grp = 0, srt_grp = 0, usr_flg = 0,
		flags = HIDDEN + LIT_DYNAMIC + LIT_AMBIENT,
		spatialprops =
		{
			pos = { 1.69684, 1.99, 2.77309 },
			orient = { {  0.005617, -0.999911,  0.012086 },
					   {  0.552813,  0.013177,  0.833201 },
					   { -0.833286,  0.002001,  0.552838 } }
		},
		psysprops =
		{
			sparam = 0
		}
	},

	{
		entity_name = "rtc_glyph1_11oc",
		type = PSYS,
		template_name = "rtc_glyph1#1",
		lt_grp = 0, srt_grp = 0, usr_flg = 0,
		flags = HIDDEN + LIT_DYNAMIC + LIT_AMBIENT,
		spatialprops =
		{
			pos = { 1.64717, 1.954117, 2.78578 },
			orient = { { -0.572238,  0.000000, -0.820088 },
					   {  0.000000,  1.000000,  0.000000 },
					   {  0.820088,  0.000000, -0.572238 } }
		},
		psysprops =
		{
			sparam = 0
		}
	},

	{
		entity_name = "rtc_glyph1_01oc",
		type = PSYS,
		template_name = "rtc_glyph1#2",
		lt_grp = 0, srt_grp = 0, usr_flg = 0,
		flags = HIDDEN + LIT_DYNAMIC + LIT_AMBIENT,
		spatialprops =
		{
			pos = { -1.642171, 2.014032, 2.789909 },
			orient = { {  0.558581,  0.000000, -0.829450 },
					   {  0.000000,  1.000000,  0.000000 },
					   {  0.829450,  0.000000,  0.558581 } }
		},
		psysprops =
		{
			sparam = 0
		}
	},

	{
		entity_name = "rtc_glyph1_03oc",
		type = PSYS,
		template_name = "rtc_glyph1#3",
		lt_grp = 0, srt_grp = 0, usr_flg = 0,
		flags = HIDDEN + LIT_DYNAMIC + LIT_AMBIENT,
		spatialprops =
		{
			pos = { -3.320891, 2.01765, 0 },
			orient = { { 1, 0, 0 }, { 0, 1, 0 }, { 0, 0, 1 } }
		},
		psysprops =
		{
			sparam = 0
		}
	},

	{
		entity_name = "rtc_glyph1_05oc",
		type = PSYS,
		template_name = "rtc_glyph1#4",
		lt_grp = 0, srt_grp = 0, usr_flg = 0,
		flags = HIDDEN + LIT_DYNAMIC + LIT_AMBIENT,
		spatialprops =
		{
			pos = { -1.69817, 2.01882, -2.853881 },
			orient = { { -0.460083,  0.000000, -0.887876 },
					   {  0.000000,  1.000000,  0.000000 },
					   {  0.887876,  0.000000, -0.460083 } }
		},
		psysprops =
		{
			sparam = 0
		}
	},

	{
		entity_name = "rtc_glyph1_07oc",
		type = PSYS,
		template_name = "rtc_glyph1#5",
		lt_grp = 0, srt_grp = 0, usr_flg = 0,
		flags = HIDDEN + LIT_DYNAMIC + LIT_AMBIENT,
		spatialprops =
		{
			pos = { 1.715155, 1.990253, -2.880261 },
			orient = { {  0.463732,  0.000000, -0.885975 },
					   {  0.000000,  1.000000,  0.000000 },
					   {  0.885975,  0.000000,  0.463732 } }
		},
		psysprops =
		{
			sparam = 0
		}
	},

	{
		entity_name = "rtc_holo_youhere_2",
		type = PSYS,
		template_name = "rtc_holo_youhere",
		lt_grp = 0, srt_grp = 0, usr_flg = 0,
		flags = HIDDEN + LIT_DYNAMIC + LIT_AMBIENT,
		spatialprops =
		{
			pos = { 0.09401, 1.56, 0.72006 },
			orient = { { 1, 0, 0 }, { 0, 1, 0 }, { 0, 0, 1 } }
		},
		psysprops =
		{
			sparam = 0
		}
	},

	{
		entity_name = "rtc_holo_hypergates_3",
		type = PSYS,
		template_name = "rtc_holo_hypergates",
		lt_grp = 0, srt_grp = 0, usr_flg = 0,
		flags = HIDDEN + LIT_DYNAMIC + LIT_AMBIENT,
		spatialprops =
		{
			pos = { 0.271605, 2.306561, 0.048477 },
			orient = { { 1, 0, 0 }, { 0, 1, 0 }, { 0, 0, 1 } }
		},
		psysprops =
		{
			sparam = 0
		}
	},

	{
		entity_name = "rtc_holo_hypergates#1_4",
		type = PSYS,
		template_name = "rtc_holo_hypergates#1",
		lt_grp = 0, srt_grp = 0, usr_flg = 0,
		flags = HIDDEN + LIT_DYNAMIC + LIT_AMBIENT,
		spatialprops =
		{
			pos = { 0, 2.506405, 0 },
			orient = { { 1, 0, 0 }, { 0, 1, 0 }, { 0, 0, 1 } }
		},
		psysprops =
		{
			sparam = 0
		}
	},

	{
		entity_name = "rtc_holo_hypergates#2_5",
		type = PSYS,
		template_name = "rtc_holo_hypergates#2",
		lt_grp = 0, srt_grp = 0, usr_flg = 0,
		flags = HIDDEN + LIT_DYNAMIC + LIT_AMBIENT,
		spatialprops =
		{
			pos = { 0, 2.253711, 0 },
			orient = { { 1, 0, 0 }, { 0, 1, 0 }, { 0, 0, 1 } }
		},
		psysprops =
		{
			sparam = 0
		}
	},

	{
		entity_name = "rtc_holo_theyarethere_1",
		type = PSYS,
		template_name = "rtc_holo_theyarethere",
		lt_grp = 0, srt_grp = 0, usr_flg = 0,
		flags = HIDDEN + LIT_DYNAMIC + LIT_AMBIENT,
		spatialprops =
		{
			pos = { 0.542128, 1.69, 0.64083 },
			orient = { { 1, 0, 0 }, { 0, 1, 0 }, { 0, 0, 1 } }
		},
		psysprops =
		{
			sparam = 0
		}
	},

	{
		entity_name = "Cam_33_Reveal_Wide",
		type = CAMERA,
		template_name = "",
		lt_grp = 0, srt_grp = 0, usr_flg = 0,
		flags = HIDDEN,
		spatialprops =
		{
			pos = { -4.622754, 0.644515, 2.656688 },
			orient = { {  0.490174,  0.000000,  0.871624 },
					   { -0.164843,  0.981954,  0.092703 },
					   { -0.855895, -0.189122,  0.481329 } }
		},
		cameraprops =
		{
			fovh = 35,
			hvaspect = 1.85,
			nearplane = 0.4,
			farplane = 100
		}
	},

	{
		entity_name = "Cam_33_Reveal_Wide_High",
		type = CAMERA,
		template_name = "",
		lt_grp = 0, srt_grp = 0, usr_flg = 0,
		flags = HIDDEN,
		spatialprops =
		{
			pos = { -4.707737, 2.904718, 2.713671 },
			orient = { {  0.490174,  0.000000,  0.871625 },
					   {  0.259903,  0.954509, -0.146161 },
					   { -0.831973,  0.298182,  0.467876 } }
		},
		cameraprops =
		{
			fovh = 35,
			hvaspect = 1.85,
			nearplane = 0.4,
			farplane = 1000
		}
	},

	{
		entity_name = "Cam_12_AJ_02",
		type = CAMERA,
		template_name = "",
		lt_grp = 0, srt_grp = 0, usr_flg = 0,
		flags = HIDDEN,
		spatialprops =
		{
			pos = { 0.280836, 1.130159, -0.113899 },
			orient = { { -0.160363,  0.230927, -0.959665 },
					   {  0.145255,  0.967183,  0.208464 },
					   {  0.976312, -0.105966, -0.188644 } }
		},
		cameraprops =
		{
			fovh = 25,
			hvaspect = 1.85,
			nearplane = 0.4,
			farplane = 500
		}
	},

	{
		entity_name = "Cam_30_AJ_03_Birdseye_Pregnant_Pauser",
		type = CAMERA,
		template_name = "",
		lt_grp = 0, srt_grp = 0, usr_flg = 0,
		flags = HIDDEN,
		spatialprops =
		{
			pos = { -0.553731, 4.095774, 0.05248 },
			orient = { { -0.419635,  0.000000,  0.907693 },
					   {  0.871278,  0.280404,  0.402800 },
					   { -0.254521,  0.959882, -0.117668 } }
		},
		cameraprops =
		{
			fovh = 40,
			hvaspect = 1.85,
			nearplane = 0.4,
			farplane = 500
		}
	},

	{
		entity_name = "Cam_18_AJ_04a",
		type = CAMERA,
		template_name = "",
		lt_grp = 0, srt_grp = 0, usr_flg = 0,
		flags = HIDDEN,
		spatialprops =
		{
			pos = { 1.373085, 2.926863, -1.633618 },
			orient = { { -0.505463,  0.000000, -0.862848 },
					   { -0.579926,  0.740454,  0.339725 },
					   {  0.638900,  0.672106, -0.374272 } }
		},
		cameraprops =
		{
			fovh = 20,
			hvaspect = 1.85,
			nearplane = 0.4,
			farplane = 500
		}
	},

	{
		entity_name = "Cam_18_AJ_04b",
		type = CAMERA,
		template_name = "",
		lt_grp = 0, srt_grp = 0, usr_flg = 0,
		flags = HIDDEN,
		spatialprops =
		{
			pos = { 1.503872, 2.448417, -1.578854 },
			orient = { {  0.264371,  0.000000, -0.964421 },
					   { -0.132005,  0.990588, -0.036186 },
					   {  0.955344,  0.136875,  0.261883 } }
		},
		cameraprops =
		{
			fovh = 20,
			hvaspect = 1.85,
			nearplane = 0.4,
			farplane = 500
		}
	},

	{
		entity_name = "Cam_15_AJ_05a",
		type = CAMERA,
		template_name = "",
		lt_grp = 0, srt_grp = 0, usr_flg = 0,
		flags = HIDDEN,
		spatialprops =
		{
			pos = { 3.765887, 5.060535, 2.203505 },
			orient = { {  0.145916,  0.000000, -0.989297 },
					   { -0.789501,  0.602601, -0.116448 },
					   {  0.596152,  0.798042,  0.087929 } }
		},
		cameraprops =
		{
			fovh = 22,
			hvaspect = 1.85,
			nearplane = 0.4,
			farplane = 500
		}
	},

	{
		entity_name = "Cam_14_AJ_06",
		type = CAMERA,
		template_name = "",
		lt_grp = 0, srt_grp = 0, usr_flg = 0,
		flags = HIDDEN,
		spatialprops =
		{
			pos = { 4.088264, 3.15597, -4.340673 },
			orient = { { -0.698088,  0.000000, -0.716012 },
					   { -0.258248,  0.932692,  0.251783 },
					   {  0.667818,  0.360675, -0.651101 } }
		},
		cameraprops =
		{
			fovh = 10,
			hvaspect = 1.85,
			nearplane = 0.4,
			farplane = 500
		}
	},

	{
		entity_name = "Cam_19_AJ_Parch01_a",
		type = CAMERA,
		template_name = "",
		lt_grp = 0, srt_grp = 0, usr_flg = 0,
		flags = HIDDEN,
		spatialprops =
		{
			pos = { 1.047146, 2.531031, -1.658625 },
			orient = { {  0.746117,  0.661513,  0.075528 },
					   { -0.521872,  0.651486, -0.550646 },
					   { -0.413467,  0.371432,  0.831314 } }
		},
		cameraprops =
		{
			fovh = 30,
			hvaspect = 1.85,
			nearplane = 0.4,
			farplane = 500
		}
	},

	{
		entity_name = "Cam_17_AJ_Parch03_a",
		type = CAMERA,
		template_name = "",
		lt_grp = 0, srt_grp = 0, usr_flg = 0,
		flags = HIDDEN,
		spatialprops =
		{
			pos = { -2.03746, 1.176841, -0.828604 },
			orient = { { -0.704284,  0.000000, -0.709919 },
					   {  0.343175,  0.875400, -0.340451 },
					   {  0.621463, -0.483400, -0.616530 } }
		},
		cameraprops =
		{
			fovh = 30,
			hvaspect = 1.85,
			nearplane = 0.4,
			farplane = 100
		}
	},

	{
		entity_name = "Cam_21_AJ_Parch05_A",
		type = CAMERA,
		template_name = "",
		lt_grp = 0, srt_grp = 0, usr_flg = 0,
		flags = HIDDEN,
		spatialprops =
		{
			pos = { 1.038558, 2.10028, 1.198322 },
			orient = { { -0.760360, -0.640386,  0.108434 },
