duration = 19.625;

entities =
{

	{
		entity_name = "Layer_Scene_s072ba_accept_quintaine_pl_07_Lab_01",
		type = SCENE,
		template_name = "",
		lt_grp = 0, srt_grp = 0, usr_flg = 0,
		spatialprops =
		{
			pos = { 0, 0, 0 },
			orient = { { 1, 0, 0 }, { 0, 1, 0 }, { 0, 0, 1 } }
		},
		up = Y_AXIS,
		front = Z_AXIS,
		ambient = { 0, 0, 0 }
	},

	{
		entity_name = "Char_trent",
		type = DEFORMABLE,
		template_name = "trent",
		lt_grp = 0, srt_grp = 0, usr_flg = 0,
		flags = LIT_DYNAMIC,
		spatialprops =
		{
			pos = { -16.6657, 0, -71.41839 },
			orient = { { 1, 0, 0 }, { 0, 1, 0 }, { 0, 0, 1 } }
		},
		compoundprops =
		{
			floor_height = 0
		},
		userprops =
		{
			actor = "player",
			category = "Character",
		}
	},

	{
		entity_name = "Char_juni",
		type = DEFORMABLE,
		template_name = "juni",
		lt_grp = 0, srt_grp = 0, usr_flg = 0,
		flags = LIT_DYNAMIC,
		spatialprops =
		{
			pos = { 1.922585, 0, 0.011566 },
			orient = { { 1, 0, 0 }, { 0, 1, 0 }, { 0, 0, 1 } }
		},
		compoundprops =
		{
			floor_height = 0
		},
		userprops =
		{
			actor = "juni",
			category = "Character",
		}
	},

	{
		entity_name = "Camera",
		type = CAMERA,
		template_name = "",
		lt_grp = 0, srt_grp = 0, usr_flg = 0,
		spatialprops =
		{
			pos = { 0.529265, 1.586582, -4.20593 },
			orient = { { -0.996185,  0.000000, -0.087264 },
					   { -0.013206,  0.988483,  0.150756 },
					   {  0.086259,  0.151333, -0.984712 } }
		},
		cameraprops =
		{
			fovh = 30,
			hvaspect = 1.85,
			nearplane = 0.4,
			farplane = 4000
		}
	},

	{
		entity_name = "cam_Monitor",
		type = MONITOR,
		template_name = "",
		lt_grp = 0, srt_grp = 0, usr_flg = 0,
		userprops =
		{
			Priority = "Monitor_Moving_1",
		}
	},

	{
		entity_name = "PHolder_Title_Accept_10",
		type = COMPOUND,
		template_name = "PHolder_Title_Accept",
		lt_grp = 0, srt_grp = 0, usr_flg = 0,
		flags = LIT_DYNAMIC + LIT_AMBIENT,
		spatialprops =
		{
			pos = { 0, 0.939198, -1.694994 },
			orient = { {  0.981352,  0.000000,  0.192218 },
					   { -0.187864, -0.211634,  0.959124 },
					   {  0.040680, -0.977349, -0.207687 } }
		},
		userprops =
		{
			category = "Prop",
		}
	},

	{
		entity_name = "Ship_Li_fighter_King",
		type = COMPOUND,
		template_name = "li_fighter_King",
		lt_grp = 3, srt_grp = 0, usr_flg = 0,
		flags = LIT_DYNAMIC,
		spatialprops =
		{
			pos = { 44.18209, 4.111599, -22.19222 },
			orient = { {  0.305573,  0.000000, -0.952169 },
					   {  0.000000,  1.000000,  0.000000 },
					   {  0.952169,  0.000000,  0.305573 } }
		},
		userprops =
		{
			category = "Spaceship",
			loadout = "MSN13_King",
			running_lights = "True",
		}
	},

	{
		entity_name = "Ship_PlayerShip",
		type = COMPOUND,
		template_name = "PlayerShip",
		lt_grp = 3, srt_grp = 0, usr_flg = 0,
		flags = LIT_DYNAMIC,
		spatialprops =
		{
			pos = { -15.39804, 0, -23.02625 },
			orient = { { -0.894252,  0.000000, -0.447564 },
					   {  0.000000,  1.000000,  0.000000 },
					   {  0.447564,  0.000000, -0.894252 } }
		},
		userprops =
		{
			category = "Spaceship",
			running_lights = "True",
		}
	},

	{
		entity_name = "Ship_Juni_Ship",
		type = COMPOUND,
		template_name = "rtcprop_juni_elite",
		lt_grp = 3, srt_grp = 0, usr_flg = 0,
		flags = LIT_DYNAMIC,
		spatialprops =
		{
			pos = { 22.62462, 5.477551, 29.5036 },
			orient = { { 1, 0, 0 }, { 0, 1, 0 }, { 0, 0, 1 } }
		},
		userprops =
		{
			category = "Spaceship",
			Loadout = "MSN13_Juni",
			running_lights = "True",
		}
	},

	{
		entity_name = "char_juni_Mrk_Location",
		type = MARKER,
		template_name = "",
		lt_grp = 0, srt_grp = 0, usr_flg = 0,
		spatialprops =
		{
			pos = { -18.1889, 0, -68.93735 },
			orient = { { -0.997844,  0.000000, -0.065631 },
					   {  0.000000,  1.000000,  0.000000 },
					   {  0.065631,  0.000000, -0.997844 } }
		}
	},

	{
		entity_name = "char_trent_Mrk_Location",
		type = MARKER,
		template_name = "",
		lt_grp = 0, srt_grp = 0, usr_flg = 0,
		spatialprops =
		{
			pos = { -17.55472, 0, -69.47298 },
			orient = { { -0.999999,  0.000000, -0.001599 },
					   {  0.000000,  1.000000,  0.000000 },
					   {  0.001599,  0.000000, -0.999999 } }
		}
	},

	{
		entity_name = "char_orillion_Mrk_Location",
		type = MARKER,
		template_name = "",
		lt_grp = 0, srt_grp = 0, usr_flg = 0,
		spatialprops =
		{
			pos = { 0, 0, 0 },
			orient = { { 1, 0, 0 }, { 0, 1, 0 }, { 0, 0, 1 } }
		}
	},

	{
		entity_name = "char_king_Mrk_Location",
		type = MARKER,
		template_name = "",
		lt_grp = 0, srt_grp = 0, usr_flg = 0,
		spatialprops =
		{
			pos = { -17.80757, 0, -70.15207 },
			orient = { { -0.995229,  0.000000,  0.097563 },
					   {  0.000000,  1.000000,  0.000000 },
					   { -0.097563,  0.000000, -0.995229 } }
		}
	},

	{
		entity_name = "char_juni_Mrk_HEAD",
		type = MARKER,
		template_name = "",
		lt_grp = 0, srt_grp = 0, usr_flg = 0,
		spatialprops =
		{
			pos = { -18.23782, 0, -75.56787 },
			orient = { { -0.997844,  0.000000, -0.065631 },
					   {  0.000000,  1.000000,  0.000000 },
					   {  0.065631,  0.000000, -0.997844 } }
		}
	},

	{
		entity_name = "Cam_01_running",
		type = CAMERA,
		template_name = "",
		lt_grp = 0, srt_grp = 0, usr_flg = 0,
		spatialprops =
		{
			pos = { -19.3125, 1.402604, -55.67947 },
			orient = { {  0.375989,  0.000000,  0.926624 },
					   { -0.004607,  0.999988,  0.001869 },
					   { -0.926613, -0.004972,  0.375984 } }
		},
		cameraprops =
		{
			fovh = 15,
			hvaspect = 1.85,
			nearplane = 0.5,
			farplane = 1000
		}
	},

	{
		entity_name = "char_trent_Mrk_Location_TORSO",
		type = MARKER,
		template_name = "",
		lt_grp = 0, srt_grp = 0, usr_flg = 0,
		spatialprops =
		{
			pos = { -17.08507, 1.109009, -75.08209 },
			orient = { { -0.990482,  0.000000,  0.137641 },
					   {  0.000000,  1.000000,  0.000000 },
					   { -0.137641,  0.000000, -0.990482 } }
		}
	},

	{
		entity_name = "char_trent_Mrk_Location_TORSO_Stick",
		type = MARKER,
		template_name = "",
		lt_grp = 0, srt_grp = 0, usr_flg = 0,
		spatialprops =
		{
			pos = { -17.08506, 0.587394, -75.08204 },
			orient = { { -0.990482,  0.000000,  0.137641 },
					   {  0.000000,  1.000000,  0.000000 },
					   { -0.137641,  0.000000, -0.990482 } }
		}
	},

	{
		entity_name = "char_trent_Mrk_Location_TORSO_Head",
		type = MARKER,
		template_name = "",
		lt_grp = 0, srt_grp = 0, usr_flg = 0,
		spatialprops =
		{
			pos = { -17.20236, 1.339639, -72.63568 },
			orient = { { -0.990482,  0.000000,  0.137641 },
					   {  0.000000,  1.000000,  0.000000 },
					   { -0.137641,  0.000000, -0.990482 } }
		}
	},

	{
		entity_name = "Cam_01_running_END",
		type = CAMERA,
		template_name = "",
		lt_grp = 0, srt_grp = 0, usr_flg = 0,
		spatialprops =
		{
			pos = { -19.06817, 1.405048, -69.0172 },
			orient = { { -0.986091,  0.000000,  0.166204 },
					   { -0.009538,  0.998352, -0.056588 },
					   { -0.165930, -0.057387, -0.984466 } }
		},
		cameraprops =
		{
			fovh = 15,
			hvaspect = 1.85,
			nearplane = 0.4,
			farplane = 1000
		}
	},

	{
		entity_name = "Cam_01_running_Trent",
		type = CAMERA,
		template_name = "",
		lt_grp = 0, srt_grp = 0, usr_flg = 0,
		spatialprops =
		{
			pos = { -15.86851, 1.033253, -73.16856 },
			orient = { {  0.786988,  0.000000, -0.616969 },
					   {  0.048314,  0.996929,  0.061628 },
					   {  0.615074, -0.078308,  0.784571 } }
		},
		cameraprops =
		{
			fovh = 15,
			hvaspect = 1.85,
			nearplane = 0.4,
			farplane = 1000
		}
	},

	{
		entity_name = "char_trent_Mrk_HEAD",
		type = MARKER,
		template_name = "",
		lt_grp = 0, srt_grp = 0, usr_flg = 0,
		spatialprops =
		{
			pos = { -18.23782, 0, -75.56787 },
			orient = { { -0.997844,  0.000000, -0.065631 },
					   {  0.000000,  1.000000,  0.000000 },
					   {  0.065631,  0.000000, -0.997844 } }
		}
	},

	{
		entity_name = "Cam_01_opening",
		type = CAMERA,
		template_name = "",
		lt_grp = 0, srt_grp = 0, usr_flg = 0,
		spatialprops =
		{
			pos = { -17.78152, 5.775465, -56.75107 },
			orient = { {  0.999868,  0.003650,  0.015852 },
					   {  0.002786,  0.921660, -0.387988 },
					   { -0.016026,  0.387981,  0.921528 } }
		},
		cameraprops =
		{
			fovh = 20,
			hvaspect = 1.85,
			nearplane = 1,
			farplane = 1000
		}
	},

	{
		entity_name = "Cam_01_opening_END",
		type = CAMERA,
		template_name = "",
		lt_grp = 0, srt_grp = 0, usr_flg = 0,
		spatialprops =
		{
			pos = { -18.17053, 0.922375, -51.79995 },
			orient = { {  0.999752,  0.000000,  0.022265 },
					   { -0.001849,  0.996547,  0.083009 },
					   { -0.022188, -0.083030,  0.996300 } }
		},
		cameraprops =
		{
			fovh = 20,
			hvaspect = 1.85,
			nearplane = 0.4,
			farplane = 1000
		}
	},

	{
		entity_name = "Cam_02_final_run",
		type = CAMERA,
		template_name = "",
		lt_grp = 0, srt_grp = 0, usr_flg = 0,
		spatialprops =
		{
			pos = { -23.55705, 2.505608, -51.52124 },
			orient = { { -0.898809,  0.000000,  0.438341 },
					   {  0.015396,  0.999383,  0.031569 },
					   { -0.438070,  0.035123, -0.898254 } }
		},
		cameraprops =
		{
			fovh = 20,
			hvaspect = 1.85,
			nearplane = 1,
			farplane = 1000
		}
	},

	{
		entity_name = "Marker_AWaY",
		type = MARKER,
		template_name = "",
		lt_grp = 0, srt_grp = 0, usr_flg = 0,
		spatialprops =
		{
			pos = { -440.4093, 0, 1337.23 },
			orient = { { 1, 0, 0 }, { 0, 1, 0 }, { 0, 0, 1 } }
		}
	},

	{
		entity_name = "Ship_Playership_Lift",
		type = MARKER,
		template_name = "",
		lt_grp = 0, srt_grp = 0, usr_flg = 0,
		spatialprops =
		{
			pos = { -15.39804, 20.22816, -23.02625 },
			orient = { { -0.989956,  0.000000, -0.141372 },
					   {  0.000000,  1.000000,  0.000000 },
					   {  0.141372,  0.000000, -0.989956 } }
		}
	},

	{
		entity_name = "Cam_03_liftoff",
		type = CAMERA,
		template_name = "",
		lt_grp = 0, srt_grp = 0, usr_flg = 0,
		spatialprops =
		{
			pos = { -66.3644, 38.66101, 82.91248 },
			orient = { {  0.727602,  0.000000,  0.686000 },
					   {  0.198341,  0.957291, -0.210370 },
					   { -0.656701,  0.289128,  0.696526 } }
		},
		cameraprops =
		{
			fovh = 20,
			hvaspect = 1.85,
			nearplane = 2,
			farplane = 1000
		}
	},

	{
		entity_name = "Ship_Playership_kick_it",
		type = MARKER,
		template_name = "",
		lt_grp = 0, srt_grp = 0, usr_flg = 0,
		spatialprops =
		{
			pos = { -72.06656, 43.53676, 110.9031 },
			orient = { { -0.937713,  0.000000, -0.347410 },
					   {  0.109253,  0.949265, -0.294890 },
					   {  0.329784, -0.314478, -0.890138 } }
		}
	},

	{
		entity_name = "Ship_Juni_lift",
		type = MARKER,
		template_name = "",
		lt_grp = 0, srt_grp = 0, usr_flg = 0,
		spatialprops =
		{
			pos = { 22.62462, 13.182, 29.5036 },
			orient = { { -0.342772,  0.000000, -0.939419 },
					   {  0.000000,  1.000000,  0.000000 },
					   {  0.939419,  0.000000, -0.342772 } }
		}
	},

	{
		entity_name = "Ship_Juni_kick_it",
		type = MARKER,
		template_name = "",
		lt_grp = 0, srt_grp = 0, usr_flg = 0,
		spatialprops =
		{
			pos = { -91.91822, 55.15223, 95.59858 },
			orient = { { -0.428343,  0.343892, -0.835620 },
					   {  0.503635,  0.858654,  0.095206 },
					   {  0.750250, -0.380067, -0.540994 } }
		}
	},

	{
		entity_name = "Ship_Juni_Path",
		type = MOTION_PATH,
		template_name = "",
		lt_grp = 0, srt_grp = 0, usr_flg = 0,
		spatialprops =
		{
			pos = { -430.7101, 130.7007, 384.6058 },
			orient = { { -0.985352,  0.000000, -0.170535 },
					   {  0.000000,  1.000000,  0.000000 },
					   {  0.170535,  0.000000, -0.985352 } }
		},
		pathprops =
		{
			path_type = "CV_CROrientationSplinePath",
			path_data = "OPEN,{-6.164331,0.000000,153.398819}, {0.979860,0.000000,0.000000,-0.199684}, {4.642904,3.535530,72.267830}, {0.995372,0.000000,-0.096092,0.000000}, {20.263634,8.303558,16.587132}, {0.940199,0.031570,0.077772,0.330121}, {-11.000308,3.535545,-54.103424}, {0.949754,-0.007173,-0.031505,-0.311325}, {-31.716585,0.000015,-152.079712}, {0.878432,-0.014297,0.026333,-0.476926}, "
		}
	},

	{
		entity_name = "Cam_04_Juni_ship_flyby",
		type = CAMERA,
		template_name = "",
		lt_grp = 0, srt_grp = 0, usr_flg = 0,
		spatialprops =
		{
			pos = { -448.0933, 185.0008, 252.9587 },
			orient = { { -0.121981,  0.000000,  0.992532 },
					   {  0.327980,  0.943824,  0.040308 },
					   { -0.936776,  0.330447, -0.115129 } }
		},
		cameraprops =
		{
			fovh = 25,
			hvaspect = 1.85,
			nearplane = 2,
			farplane = 4000
		}
	},

	{
		entity_name = "Cam_04_Juni_ship_flyby_END",
		type = CAMERA,
		template_name = "",
		lt_grp = 0, srt_grp = 0, usr_flg = 0,
		spatialprops =
		{
			pos = { -500.6394, 132.6788, 391.3898 },
			orient = { { -0.099926,  0.000000,  0.994995 },
					   {  0.096136,  0.995321,  0.009655 },
					   { -0.990340,  0.096620, -0.099458 } }
		},
		cameraprops =
		{
			fovh = 25,
			hvaspect = 1.85,
			nearplane = 1,
			farplane = 4000
		}
	},

	{
		entity_name = "Ship_PlayerShip_Path",
		type = MOTION_PATH,
		template_name = "",
		lt_grp = 0, srt_grp = 0, usr_flg = 0,
		spatialprops =
		{
			pos = { -378.8955, 127.379, 377.6649 },
			orient = { { -0.985352,  0.000000, -0.170535 },
					   {  0.000000,  1.000000,  0.000000 },
					   {  0.170535,  0.000000, -0.985352 } }
		},
		pathprops =
		{
			path_type = "CV_CROrientationSplinePath",
			path_data = "OPEN,{-6.164421,-0.000023,184.528259}, {0.979860,0.000000,0.000000,-0.199684}, {-17.279312,3.535530,76.061913}, {0.996558,0.000000,0.082892,0.000000}, {-29.976852,5.256477,25.281927}, {0.952943,-0.020662,0.081352,-0.291299}, {-21.509548,3.535545,-52.285179}, {0.999225,-0.017249,-0.027321,0.022499}, {-31.716585,0.000015,-152.079712}, {0.878432,-0.014297,0.026333,-0.476926}, "
		}
	},

	{
		entity_name = "Ship_li_fighter_king_Lift",
		type = MARKER,
		template_name = "",
		lt_grp = 0, srt_grp = 0, usr_flg = 0,
		spatialprops =
		{
			pos = { 44.18209, 8.585789, -22.19223 },
			orient = { { -0.457238,  0.000000, -0.889344 },
					   {  0.000000,  1.000000,  0.000000 },
					   {  0.889344,  0.000000, -0.457238 } }
		}
	},

	{
		entity_name = "Ship_li_fighter_king_kick_it",
		type = MARKER,
		template_name = "",
		lt_grp = 0, srt_grp = 0, usr_flg = 0,
		spatialprops =
		{
			pos = { -81.64794, 41.34727, 80.51508 },
			orient = { { -0.397369,  0.505532, -0.765856 },
					   {  0.422259,  0.841702,  0.336505 },
					   {  0.814736, -0.189673, -0.547932 } }
		}
	},

	{
		entity_name = "Ship_Li_fighter_king_Path",
		type = MOTION_PATH,
		template_name = "",
		lt_grp = 0, srt_grp = 0, usr_flg = 0,
		spatialprops =
		{
			pos = { -301.204, 130.3886, 332.7487 },
			orient = { { -0.985352,  0.000000, -0.170535 },
					   {  0.000000,  1.000000,  0.000000 },
					   {  0.170535,  0.000000, -0.985352 } }
		},
		pathprops =
		{
			path_type = "CV_CROrientationSplinePath",
			path_data = "OPEN,{-26.984921,-10.488785,188.135269}, {0.979860,0.000000,0.000000,-0.199684}, {-17.279667,-3.048027,76.063126}, {0.996559,0.000000,0.082893,0.000000}, {-29.976816,-2.207443,25.164413}, {0.986768,-0.007688,0.083583,-0.138720}, {-21.509430,3.535545,-52.284611}, {0.973473,-0.022475,-0.023213,0.226508}, {-35.130405,0.000031,-208.968552}, {0.878432,-0.014297,0.026333,-0.476926}, "
		}
	},

	{
		entity_name = "Ship_or_Extra_ship_path",
		type = MOTION_PATH,
		template_name = "",
		lt_grp = 0, srt_grp = 0, usr_flg = 0,
		spatialprops =
		{
			pos = { -244.0125, 99.54202, 442.693 },
			orient = { { -0.985352,  0.000000, -0.170535 },
					   {  0.000000,  1.000000,  0.000000 },
					   {  0.170535,  0.000000, -0.985352 } }
		},
		pathprops =
		{
			path_type = "CV_CROrientationSplinePath",
			path_data = "OPEN,{-6.164421,-0.000023,184.528259}, {0.979860,0.000000,0.000000,-0.199684}, {-17.279312,3.535530,76.061913}, {0.996558,0.000000,0.082892,0.000000}, {-20.909702,8.303558,23.712215}, {0.932834,-0.025715,0.079899,-0.350394}, {-21.509430,3.535545,-52.284611}, {0.973473,-0.022475,-0.023213,0.226508}, {-35.130405,0.000031,-208.968552}, {0.878432,-0.014297,0.026333,-0.476926}, "
		}
	},

	{
		entity_name = "Ship_or_Extra_ship_path_2",
		type = MOTION_PATH,
		template_name = "",
		lt_grp = 0, srt_grp = 0, usr_flg = 0,
		spatialprops =
		{
			pos = { -89.80508, 71.5828, 356.1444 },
			orient = { { -0.985352,  0.000000, -0.170535 },
					   {  0.000000,  1.000000,  0.000000 },
					   {  0.170535,  0.000000, -0.985352 } }
		},
		pathprops =
		{
			path_type = "CV_CROrientationSplinePath",
			path_data = "OPEN,{-6.164421,-0.000023,184.528259}, {0.979860,0.000000,0.000000,-0.199684}, {-17.279312,3.535530,76.061913}, {0.996558,0.000000,0.082892,0.000000}, {-20.909702,8.303558,23.712215}, {0.932834,-0.025715,0.079899,-0.350394}, {-21.509430,3.535545,-52.284611}, {0.973473,-0.022475,-0.023213,0.226508}, {-35.130405,0.000031,-208.968552}, {0.878432,-0.014297,0.026333,-0.476926}, "
		}
	},

	{
		entity_name = "ship_or_elite_1",
		type = COMPOUND,
		template_name = "or_elite",
		lt_grp = 3, srt_grp = 0, usr_flg = 0,
		flags = LIT_DYNAMIC,
		spatialprops =
		{
			pos = { 37.51092, 2.416367, 29.27477 },
			orient = { { -0.996674, -0.001285,  0.081488 },
					   {  0.003082,  0.998567,  0.053432 },
					   { -0.081440,  0.053505, -0.995241 } }
		},
		userprops =
		{
			category = "Spaceship",
			loadout = "MSN13_Order_Heavy_Fighter",
			Priority = "BG_Ship_1",
			running_lights = "True",
		}
	},

	{
		entity_name = "Ship_or_elite_01_Mrk_start_point",
		type = MARKER,
		template_name = "",
		lt_grp = 0, srt_grp = 0, usr_flg = 0,
		spatialprops =
		{
			pos = { -190.1374, 86.53783, 263.832 },
			orient = { { -0.906773, -0.391324, -0.156936 },
					   { -0.385592,  0.920253, -0.066735 },
					   {  0.170535,  0.000000, -0.985352 } }
		}
	},

	{
		entity_name = "Ship_or_elite_2",
		type = COMPOUND,
		template_name = "or_elite",
		lt_grp = 3, srt_grp = 0, usr_flg = 0,
		flags = LIT_DYNAMIC,
		spatialprops =
		{
			pos = { 739.6661, 0, -3108.867 },
			orient = { { -0.906773, -0.391324, -0.156936 },
					   { -0.385592,  0.920253, -0.066735 },
					   {  0.170535,  0.000000, -0.985352 } }
		},
		userprops =
		{
			category = "Spaceship",
			loadout = "MSN13_Order_Heavy_Fighter",
			Priority = "BG_Ship_1",
			running_lights = "True",
		}
	},

	{
		entity_name = "Ship_or_elite_02_Mrk_start_point",
		type = MARKER,
		template_name = "",
		lt_grp = 0, srt_grp = 0, usr_flg = 0,
		spatialprops =
		{
			pos = { -149.6647, 123.5696, 281.1276 },
			orient = { { -0.922330, -0.382481,  0.054911 },
					   { -0.377722,  0.922413,  0.080498 },
					   { -0.081440,  0.053505, -0.995241 } }
		}
	},

	{
		entity_name = "Ship_or_elite_01_Mrk_END",
		type = MARKER,
		template_name = "",
		lt_grp = 0, srt_grp = 0, usr_flg = 0,
		spatialprops =
		{
			pos = { -140.3566, 77.35112, 646.8359 },
			orient = { { -0.857614,  0.505001,  0.097327 },
					   {  0.507805,  0.861459,  0.004760 },
					   { -0.081440,  0.053505, -0.995241 } }
		}
	},

	{
		entity_name = "Ship_or_elite_02_Mrk_END",
		type = MARKER,
		template_name = "",
		lt_grp = 0, srt_grp = 0, usr_flg = 0,
		spatialprops =
		{
			pos = { -69.45766, 90.36392, 694.6662 },
			orient = { { -0.857614,  0.505001,  0.097327 },
					   {  0.507805,  0.861459,  0.004760 },
					   { -0.081440,  0.053505, -0.995241 } }
		}
	},

	{
		entity_name = "Ship_Juni_FX_ship_engine_02",
		type = PSYS,
		template_name = "gf_br_smallengine02",
		lt_grp = 0, srt_grp = 0, usr_flg = 0,
		flags = LIT_DYNAMIC + LIT_AMBIENT,
		spatialprops =
		{
			pos = { 0, 0, 0 },
			orient = { { 1, 0, 0 }, { 0, 1, 0 }, { 0, 0, 1 } }
		},
		psysprops =
		{
			sparam = 0
		}
	},

	{
		entity_name = "Ship_Player_FX_ship_engine",
		type = PSYS,
		template_name = "gf_br_smallengine02",
		lt_grp = 0, srt_grp = 0, usr_flg = 0,
		flags = LIT_DYNAMIC + LIT_AMBIENT,
		spatialprops =
		{
			pos = { 0, 0, 0 },
			orient = { { 1, 0, 0 }, { 0, 1, 0 }, { 0, 0, 1 } }
		},
		psysprops =
		{
			sparam = 0
		}
	},

	{
		entity_name = "Ship_or_elite_1_extra_FX_ship_engine",
		type = PSYS,
		template_name = "gf_br_smallengine02",
		lt_grp = 0, srt_grp = 0, usr_flg = 0,
		flags = LIT_DYNAMIC + LIT_AMBIENT,
		spatialprops =
		{
			pos = { 0, 0, 0 },
			orient = { { 1, 0, 0 }, { 0, 1, 0 }, { 0, 0, 1 } }
		},
		psysprops =
		{
			sparam = 0
		},
		userprops =
		{
			Priority = "BG_Ship_1",
		}
	},

	{
		entity_name = "Ship_or_elite_2_extra_FX_ship_engine",
		type = PSYS,
		template_name = "gf_br_smallengine02",
		lt_grp = 0, srt_grp = 0, usr_flg = 0,
		flags = LIT_DYNAMIC + LIT_AMBIENT,
		spatialprops =
		{
			pos = { 0, 0, 0 },
			orient = { { 1, 0, 0 }, { 0, 1, 0 }, { 0, 0, 1 } }
		},
		psysprops =
		{
			sparam = 0
		},
		userprops =
		{
			Priority = "BG_Ship_1",
		}
	},

	{
		entity_name = "Ship_l_fighter_king_extra_FX_ship_engine",
		type = PSYS,
		template_name = "gf_br_smallengine02",
		lt_grp = 0, srt_grp = 0, usr_flg = 0,
		flags = LIT_DYNAMIC + LIT_AMBIENT,
		spatialprops =
		{
			pos = { 0, 0, 0 },
			orient = { { 1, 0, 0 }, { 0, 1, 0 }, { 0, 0, 1 } }
		},
		psysprops =
		{
			sparam = 0
		},
		userprops =
		{
			Priority = "BG_Ship_1",
		}
	},

	{
		entity_name = "Cam_03_liftoff_END",
		type = CAMERA,
		template_name = "",
		lt_grp = 0, srt_grp = 0, usr_flg = 0,
		spatialprops =
		{
			pos = { -78.37121, 46.07832, 90.26785 },
			orient = { {  0.497444,  0.000000,  0.867496 },
					   {  0.182742,  0.977560, -0.104789 },
					   { -0.848030,  0.210655,  0.486282 } }
		},
		cameraprops =
		{
			fovh = 20,
			hvaspect = 1.85,
			nearplane = 1,
			farplane = 1000
		}
	},

	{
		entity_name = "Cam_01_b_opening_ALT",
		type = CAMERA,
		template_name = "",
		lt_grp = 0, srt_grp = 0, usr_flg = 0,
		spatialprops =
		{
			pos = { -23.68502, 2.100781, -73.60135 },
			orient = { { -0.620449,  0.285176,  0.730560 },
					   {  0.319091,  0.942746, -0.097006 },
					   { -0.716397,  0.172928, -0.675923 } }
		},
		cameraprops =
		{
			fovh = 20,
			hvaspect = 1.85,
			nearplane = 1,
			farplane = 1000
		}
	},

	{
		entity_name = "Cam_01_b_opening_ALT_END",
		type = CAMERA,
		template_name = "",
		lt_grp = 0, srt_grp = 0, usr_flg = 0,
		spatialprops =
		{
			pos = { -23.48918, 1.855486, -69.12888 },
			orient = { { -0.658163,  0.271037,  0.702396 },
					   {  0.289851,  0.952260, -0.095855 },
					   { -0.694844,  0.140502, -0.705302 } }
		},
		cameraprops =
		{
			fovh = 20,
			hvaspect = 1.85,
			nearplane = 0.4,
			farplane = 1000
		}
	},

	{
		entity_name = "Ship_or_elite_01_Mrk_Location",
		type = MARKER,
		template_name = "",
		lt_grp = 0, srt_grp = 0, usr_flg = 0,
		spatialprops =
		{
			pos = { 37.51708, 4.411733, 29.38154 },
			orient = { { -0.984725,  0.012332, -0.173678 },
					   {  0.003082,  0.998567,  0.053432 },
					   {  0.174088,  0.052081, -0.983352 } }
		}
	},

	{
		entity_name = "Ship_or_elite_01_Mrk_Lift_off",
		type = MARKER,
		template_name = "",
		lt_grp = 0, srt_grp = 0, usr_flg = 0,
		spatialprops =
		{
			pos = { 37.53552, 10.38797, 29.70132 },
			orient = { { -0.996674, -0.001285,  0.081488 },
					   {  0.003082,  0.998567,  0.053432 },
					   { -0.081440,  0.053505, -0.995241 } }
		}
	},

	{
		entity_name = "Ship_or_elite_01_Mrk_kick_it",
		type = MARKER,
		template_name = "",
		lt_grp = 0, srt_grp = 0, usr_flg = 0,
		spatialprops =
		{
			pos = { 40.82107, 17.88919, 70.00504 },
			orient = { { -0.996673, -0.001285,  0.081488 },
					   { -0.033667,  0.917061, -0.397323 },
					   { -0.074219, -0.398744, -0.914054 } }
		}
	},

	{
		entity_name = "Ship_or_elite_02_Mrk_Location",
		type = MARKER,
		template_name = "",
		lt_grp = 0, srt_grp = 0, usr_flg = 0,
		spatialprops =
		{
			pos = { 47.34773, 14.9525, -25.60819 },
			orient = { { -0.984725,  0.012332, -0.173678 },
					   {  0.003082,  0.998567,  0.053432 },
					   {  0.174088,  0.052081, -0.983352 } }
		}
	},

	{
		entity_name = "Ship_or_elite_02_Mrk_kick_it",
		type = MARKER,
		template_name = "",
		lt_grp = 0, srt_grp = 0, usr_flg = 0,
		spatialprops =
		{
			pos = { 83.43094, 11.12194, 69.49737 },
			orient = { { -0.942624,  0.331039,  0.043279 },
					   {  0.323895,  0.938213, -0.121854 },
					   { -0.080943, -0.100845, -0.991604 } }
		}
	},

	{
		entity_name = "Ship_or_elite_01_Mrk_kick_it_2",
		type = MARKER,
		template_name = "",
		lt_grp = 0, srt_grp = 0, usr_flg = 0,
		spatialprops =
		{
			pos = { 51.49576, 75.23933, 201.4705 },
			orient = { { -0.563652,  0.772905, -0.291403 },
					   {  0.822672,  0.493580, -0.282117 },
					   { -0.074219, -0.398744, -0.914054 } }
		}
	},

	{
		entity_name = "Ship_or_elite_02_Mrk_kick_it_2",
		type = MARKER,
		template_name = "",
		lt_grp = 0, srt_grp = 0, usr_flg = 0,
		spatialprops =
		{
			pos = { 133.1369, 75.23933, 245.8876 },
			orient = { { -0.563652,  0.772905, -0.291403 },
					   {  0.822672,  0.493580, -0.282117 },
					   { -0.074219, -0.398744, -0.914054 } }
		}
	},

	{
		entity_name = "char_juni_Mrk_Location_snap",
		type = MARKER,
		template_name = "",
		lt_grp = 0, srt_grp = 0, usr_flg = 0,
		spatialprops =
		{
			pos = { -18.27089, 0, -46.16881 },
			orient = { { -0.997844,  0.000000, -0.065631 },
					   {  0.000000,  1.000000,  0.000000 },
					   {  0.065631,  0.000000, -0.997844 } }
		}
	},

	{
		entity_name = "char_trent_Mrk_Location_snap",
		type = MARKER,
		template_name = "",
		lt_grp = 0, srt_grp = 0, usr_flg = 0,
		spatialprops =
		{
			pos = { -16.34785, 0, -44.77855 },
			orient = { { -0.993019,  0.000000,  0.117956 },
					   {  0.000000,  1.000000,  0.000000 },
					   { -0.117956,  0.000000, -0.993019 } }
		}
	},

	{
		entity_name = "char_king",
		type = DEFORMABLE,
		template_name = "king",
		lt_grp = 0, srt_grp = 0, usr_flg = 0,
		flags = LIT_DYNAMIC + LIT_AMBIENT,
		spatialprops =
		{
			pos = { -16.9978, 0, -69.56667 },
			orient = { { 1, 0, 0 }, { 0, 1, 0 }, { 0, 0, 1 } }
		},
		compoundprops =
		{
			floor_height = 0
		},
		userprops =
		{
			actor = "king",
			category = "Character",
		}
	},

	{
		entity_name = "char_king_Mrk_Location_snap",
		type = MARKER,
		template_name = "",
		lt_grp = 0, srt_grp = 0, usr_flg = 0,
		spatialprops =
		{
			pos = { -16.34785, 0, -44.77855 },
			orient = { { -0.836081,  0.000000,  0.548606 },
					   {  0.000000,  1.000000,  0.000000 },
					   { -0.548606,  0.000000, -0.836081 } }
		}
	},

	{
		entity_name = "char_vonclaussen",
		type = DEFORMABLE,
		template_name = "vonclaussen",
		lt_grp = 0, srt_grp = 0, usr_flg = 0,
		flags = LIT_DYNAMIC + LIT_AMBIENT,
		spatialprops =
		{
			pos = { -19.6034, 0, -44.53225 },
			orient = { { 1, 0, 0 }, { 0, 1, 0 }, { 0, 0, 1 } }
		},
		compoundprops =
		{
			floor_height = 0
		},
		userprops =
		{
			actor = "vonclaussen",
			category = "Character",
		}
	},

	{
		entity_name = "char_vonclauseen_Mrk_Location",
		type = MARKER,
		template_name = "",
		lt_grp = 0, srt_grp = 0, usr_flg = 0,
		spatialprops =
		{
			pos = { -20.24982, 0, -44.20144 },
			orient = { { -0.944131,  0.000000, -0.329570 },
					   {  0.000000,  1.000000,  0.000000 },
					   {  0.329570,  0.000000, -0.944131 } }
		}
	},

	{
		entity_name = "Ship_rh_elite_vonclaussen",
		type = COMPOUND,
		template_name = "rh_elite",
		lt_grp = 3, srt_grp = 0, usr_flg = 0,
		flags = LIT_DYNAMIC,
		spatialprops =
		{
			pos = { -47.82144, 2.975409, 29.78662 },
			orient = { { 1, 0, 0 }, { 0, 1, 0 }, { 0, 0, 1 } }
		},
		userprops =
		{
			category = "Spaceship",
			loadout = "MSN13_Von_Claussen",
			running_lights = "True",
		}
	},

	{
		entity_name = "Ship_rh_elite_vonclaussen_lift_off",
		type = MARKER,
		template_name = "",
		lt_grp = 0, srt_grp = 0, usr_flg = 0,
		spatialprops =
		{
			pos = { -58.10073, 51.16441, 85.46652 },
			orient = { { -0.854933,  0.199255, -0.478944 },
					   {  0.432710,  0.783146, -0.446591 },
					   {  0.286098, -0.589049, -0.755757 } }
		}
	},

	{
		entity_name = "Ship_rh_elite_vonclaussen_location",
		type = MARKER,
		template_name = "",
		lt_grp = 0, srt_grp = 0, usr_flg = 0,
		spatialprops =
		{
			pos = { -47.82144, 2.975409, 29.78662 },
			orient = { { -0.860894,  0.000000, -0.508784 },
					   {  0.000000,  1.000000,  0.000000 },
					   {  0.508784,  0.000000, -0.860894 } }
		}
	},

	{
		entity_name = "Ship_rh_elite_vonclaussen_Engine_FX",
		type = PSYS,
		template_name = "gf_br_smallengine02",
		lt_grp = 0, srt_grp = 0, usr_flg = 0,
		flags = LIT_DYNAMIC + LIT_AMBIENT,
		spatialprops =
		{
			pos = { 0, 0, 0 },
			orient = { { 1, 0, 0 }, { 0, 1, 0 }, { 0, 0, 1 } }
		},
		psysprops =
		{
			sparam = 0
		}
	},

	{
		entity_name = "Prop_PlayerShip_Shipcushion_Marker_A",
		type = MARKER,
		template_name = "",
		lt_grp = 0, srt_grp = 0, usr_flg = 0,
		flags = REFERENCE,
		spatialprops =
		{
			pos = { 23.66104, 0, 31.21434 },
			orient = { { -0.371335,  0.000000,  0.928499 },
					   {  0.000000,  1.000000,  0.000000 },
					   { -0.928499,  0.000000, -0.371335 } }
		}
	},

	{
		entity_name = "Cam_02_final_run_END",
		type = CAMERA,
		template_name = "",
		lt_grp = 0, srt_grp = 0, usr_flg = 0,
		spatialprops =
		{
			pos = { -24.77686, 2.262393, -50.83868 },
			orient = { { -0.868193,  0.000000,  0.496227 },
					   {  0.017426,  0.999383,  0.030488 },
					   { -0.495921,  0.035117, -0.867657 } }
		},
		cameraprops =
		{
			fovh = 20,
			hvaspect = 1.85,
			nearplane = 1,
			farplane = 1000
		}
	},

	{
		entity_name = "ambi_LtG00_Edger",
		type = LIGHT,
		template_name = "",
		lt_grp = 0, srt_grp = 0, usr_flg = 0,
		flags = REFERENCE,
		spatialprops =
		{
			pos = { 0, 0, 0 },
			orient = { {  0.689637,  0.000000,  0.724155 },
					   { -0.251343,  0.937834,  0.239362 },
					   { -0.679137, -0.347085,  0.646765 } }
		},
		lightprops =
		{
			on = Y,
			color = { 255, 255, 255 },
			diffuse = { 1, 1, 1 },
			specular = { 0, 0, 0 },
			ambient = { 0, 0, 0 },
			direction = { 0, 0, 1 },
			range = 1000,
			cutoff = 180,
			type = L_SPOT,
			theta = 144,
			atten = { 0, 0, 0.0001 }
		}
	},

	{
		entity_name = "ambi_LtG00_Edger_MKR_p02",
		type = MARKER,
		template_name = "",
		lt_grp = 0, srt_grp = 0, usr_flg = 0,
		spatialprops =
		{
			pos = { 0, 0, 0 },
			orient = { { -0.603418,  0.000000,  0.797425 },
					   { -0.276774,  0.937834, -0.209437 },
					   { -0.747852, -0.347085, -0.565905 } }
		}
	},

	{
		entity_name = "ambi_LtG00_Edger_MKR_p01",
		type = MARKER,
		template_name = "",
		lt_grp = 0, srt_grp = 0, usr_flg = 0,
		spatialprops =
		{
			pos = { 0, 0, 0 },
			orient = { {  0.689637,  0.000000,  0.724155 },
					   { -0.251343,  0.937834,  0.239362 },
					   { -0.679137, -0.347085,  0.646765 } }
		}
	},

	{
		entity_name = "ambi_LtG03_Edger",
		type = LIGHT,
		template_name = "",
		lt_grp = 3, srt_grp = 0, usr_flg = 0,
		spatialprops =
		{
			pos = { 0, 0, 0 },
			orient = { { -0.197490,  0.000000,  0.980305 },
					   {  0.029164,  0.999557,  0.005875 },
					   { -0.979871,  0.029750, -0.197403 } }
		},
		lightprops =
		{
			on = Y,
			color = { 255, 255, 255 },
			diffuse = { 1, 1, 1 },
			specular = { 0, 0, 0 },
			ambient = { 0, 0, 0 },
			direction = { 0, 0, 1 },
			range = 2000,
			cutoff = 98.99998,
			type = L_DIRECT,
			theta = 90,
			atten = { 1, 0, 0 }
		}
	},

	{
		entity_name = "ambi_LtG03_Edger_MKR_p01",
		type = MARKER,
		template_name = "",
		lt_grp = 0, srt_grp = 0, usr_flg = 0,
		spatialprops =
		{
			pos = { 0, 0, 0 },
			orient = { { -0.197490,  0.000000,  0.980305 },
					   {  0.029164,  0.999557,  0.005875 },
					   { -0.979871,  0.029750, -0.197403 } }
		}
	},

	{
		entity_name = "ambi_LtG03_Edger_MKR_p02",
		type = MARKER,
		template_name = "",
		lt_grp = 0, srt_grp = 0, usr_flg = 0,
		spatialprops =
		{
			pos = { 0, 0, 0 },
			orient = { {  0.224441,  0.000000,  0.974488 },
					   { -0.351199,  0.932800,  0.080887 },
					   { -0.909003, -0.360393,  0.209359 } }
		}
	},

	{
		entity_name = "mix_s072bb_1",
		type = SOUND,
		template_name = "mix_s072bb",
		lt_grp = 0, srt_grp = 0, usr_flg = 0,
		spatialprops =
		{
			pos = { 0, 0, 0 },
			orient = { { 1, 0, 0 }, { 0, 1, 0 }, { 0, 0, 1 } }
		},
		audioprops =
		{
			attenuation = 0,
			pan = 0,
			dmin = 50,
			dmax = 300,
			ain = 360,
			aout = 360,
			atout = 0,
			rmix = 0,
		},
		userprops =
		{
			category = "Audio",
		}
	},

	{
		entity_name = "cam_Monitor_static",
		type = MONITOR,
		template_name = "",
		lt_grp = 0, srt_grp = 0, usr_flg = 0,
		userprops =
		{
			Priority = "Monitor_Static_1",
		}
	},

	{
		entity_name = "Cam_01_running_static",
		type = CAMERA,
		template_name = "",
		lt_grp = 0, srt_grp = 0, usr_flg = 0,
		spatialprops =
		{
			pos = { -30.33538, -1.117963, -43.41201 },
			orient = { {  0.730755,  0.000000,  0.682640 },
					   { -0.072914,  0.994279,  0.078053 },
					   { -0.678735, -0.106812,  0.726575 } }
		},
		cameraprops =
		{
			fovh = 10,
			hvaspect = 1.85,
			nearplane = 0.5,
			farplane = 1000
		}
	},

	{
		entity_name = "Cam_04_Juni_ship_flyby_static",
		type = CAMERA,
		template_name = "",
		lt_grp = 0, srt_grp = 0, usr_flg = 0,
		spatialprops =
		{
			pos = { -448.0933, 185.0008, 252.9587 },
			orient = { { -0.121981,  0.000000,  0.992532 },
					   {  0.327980,  0.943824,  0.040308 },
					   { -0.936776,  0.330447, -0.115129 } }
		},
		cameraprops =
		{
			fovh = 25,
			hvaspect = 1.85,
			nearplane = 2,
			farplane = 4000
		}
	},

	{
		entity_name = "Cam_03_liftoff_static",
		type = CAMERA,
		template_name = "",
		lt_grp = 0, srt_grp = 0, usr_flg = 0,
		spatialprops =
		{
			pos = { -66.3644, 38.66101, 82.91248 },
			orient = { {  0.727602,  0.000000,  0.686000 },
					   {  0.198341,  0.957291, -0.210370 },
					   { -0.656701,  0.289128,  0.696526 } }
		},
		cameraprops =
		{
			fovh = 20,
			hvaspect = 1.85,
			nearplane = 2,
			farplane = 1000
		}
	},

	{
		entity_name = "mix_s072e_2",
		type = SOUND,
		template_name = "mix_s072e",
		lt_grp = 0, srt_grp = 0, usr_flg = 0,
		spatialprops =
		{
			pos = { 0, 0, 0 },
			orient = { { 1, 0, 0 }, { 0, 1, 0 }, { 0, 0, 1 } }
		},
		audioprops =
		{
			attenuation = 0,
			pan = 0,
			dmin = 1,
			dmax = 1e+009,
			ain = 360,
			aout = 360,
			atout = 0,
			rmix = 0,
		},
		userprops =
		{
			category = "Audio",
		}
	},

	{
		entity_name = "backgroundambient_3",
		type = SOUND,
		template_name = "backgroundambient",
		lt_grp = 0, srt_grp = 0, usr_flg = 0,
		spatialprops =
		{
			pos = { 0, 0, 0 },
			orient = { { 1, 0, 0 }, { 0, 1, 0 }, { 0, 0, 1 } }
		},
		audioprops =
		{
			attenuation = 0,
			pan = 0,
			dmin = 50,
			dmax = 300,
			ain = 360,
			aout = 360,
			atout = 0,
			rmix = 0,
		},
		userprops =
		{
			category = "Audio",
		}
	},

	{
		entity_name = "backgroundmusic_4",
		type = SOUND,
		template_name = "backgroundmusic",
		lt_grp = 0, srt_grp = 0, usr_flg = 0,
		spatialprops =
		{
			pos = { 0, 0, 0 },
			orient = { { 1, 0, 0 }, { 0, 1, 0 }, { 0, 0, 1 } }
		},
		audioprops =
		{
			attenuation = 0,
			pan = 0,
			dmin = 50,
			dmax = 300,
			ain = 360,
			aout = 360,
			atout = 0,
			rmix = 0,
		},
		userprops =
		{
			category = "Audio",
		}
	}
};

events =
{
	{
		0.000, START_MOTION, { "Char_juni" },
		{
			animation = "Sc_FMHAND_HNEUT_GESTL_FIST_000LV_00",
			duration = 10.000,
			start_time = 1.000,
			time_scale = 1,
			weight = 1,
			heading = -1
		}
	},

	{
		0.000, START_MOTION, { "Char_juni" },
		{
			animation = "Sc_FMHAND_HNEUT_GESTR_FIST_000LV_00",
			duration = 0.360,
			start_time = 1.000,
			time_scale = 1,
			weight = 1,
			heading = -1
		}
	},

	{
		0.000, START_MOTION, { "Char_juni" },
		{
			animation = "Sc_FMHEAD_NEUT_BLINK_EYES_000LV_A_00",
			duration = 0.230,
			time_scale = 0.1,
			weight = 1,
			heading = -1
		}
	},

	{
		0.000, ATTACH_ENTITY, { "Cam_01_running_Trent", "char_trent_Mrk_HEAD" },
		{
			duration = 50.000,
			offset = { 1.315896, -0.336067, 2.283028 },
			up = Y_AXIS,
			front = NEG_Z_AXIS,
			target_part = "",
			target_type = ROOT,
			flags = POSITION
		}
	},

	{
		0.000, ATTACH_ENTITY, { "char_trent_Mrk_HEAD", "Char_trent" },
		{
			duration = 50.000,
			offset = { 0, 0, 0 },
			up = Y_AXIS,
			front = NEG_Z_AXIS,
			target_part = "Body_Head",
			target_type = PART,
			flags = POSITION + ORIENTATION
		}
	},

	{
		0.000, START_MOTION, { "Char_trent" },
		{
			animation = "Sc_MLHAND_HNEUT_GESTL_FIST_000LV_00",
			duration = 10.000,
			start_time = 1.000,
			time_scale = 1,
			weight = 1,
			heading = -1
		}
	},

	{
		0.000, START_MOTION, { "Char_trent" },
		{
			animation = "Sc_MLHAND_HNEUT_GESTR_FIST_000LV_00",
			duration = 10.000,
			start_time = 1.000,
			time_scale = 1,
			weight = 1,
			heading = -1
		}
	},

	{
		0.000, ATTACH_ENTITY, { "char_trent_Mrk_Location_TORSO_Head", "char_trent_Mrk_Location_TORSO" },
		{
			duration = 50.000,
			offset = { 2.1e-005, 0.400082, -0.78961 },
			up = Y_AXIS,
			front = NEG_Z_AXIS,
			target_part = "",
			target_type = ROOT,
			flags = POSITION + ENTITY_RELATIVE
		}
	},

	{
		0.000, ATTACH_ENTITY, { "char_trent_Mrk_Location_TORSO_Stick", "char_trent_Mrk_Location_TORSO" },
		{
			duration = 50.000,
			offset = { 2e-005, -0.305522, -0.789625 },
			up = Y_AXIS,
			front = NEG_Z_AXIS,
			target_part = "",
			target_type = ROOT,
			flags = POSITION + ENTITY_RELATIVE
		}
	},

	{
		0.000, ATTACH_ENTITY, { "char_trent_Mrk_Location_TORSO", "Char_trent" },
		{
			duration = 50.000,
			offset = { 0, 0, 0 },
			up = Y_AXIS,
			front = NEG_Z_AXIS,
			target_part = "",
			target_type = ROOT,
			flags = POSITION + ORIENTATION
		}
	},

	{
		0.000, ATTACH_ENTITY, { "char_juni_Mrk_HEAD", "Char_juni" },
		{
			duration = 50.000,
			offset = { 0, 0, 0 },
			up = Y_AXIS,
			front = NEG_Z_AXIS,
			target_part = "Body_Head",
			target_type = PART,
			flags = POSITION + ORIENTATION
		}
	},

	{
		0.000, ATTACH_ENTITY, { "Char_trent", "char_trent_Mrk_Location" },
		{
			duration = 0.000,
			offset = { 0, 0, 0 },
			up = Y_AXIS,
			front = NEG_Z_AXIS,
			target_part = "",
			target_type = ROOT,
			flags = POSITION + ORIENTATION
		}
	},

	{
		0.000, ATTACH_ENTITY, { "Char_juni", "char_juni_Mrk_Location" },
		{
			duration = 0.000,
			offset = { 0, 0, 0 },
			up = Y_AXIS,
			front = NEG_Z_AXIS,
			target_part = "",
			target_type = ROOT,
			flags = POSITION + ORIENTATION
		}
	},

	{
		0.000, START_SPATIAL_PROP_ANIM, { "Cam_01_opening", "Cam_01_opening_END" },
		{
			duration = 2.320,
			target_part = "",
			target_type = ROOT,
			spatialprops =
			{
				pos = { -18.17053, 0.922375, -51.79995 },
				q_orient = { 0.999752, 0, 0.022265, -0.001849 }
			},
			param_curve =
			{
				CLSID = "FreeFormPCurve",
				points =
				{
					{  0.000000,  0.000000,  0.000000,  0.000000 },
					{  1.000000,  1.000000,  0.000000,  0.000000 },
				}
			},
			pcurve_period = -1000
		}
	},

	{
		0.000, START_SPATIAL_PROP_ANIM, { "Cam_01_b_opening_ALT", "Cam_01_b_opening_ALT_END" },
		{
			duration = 2.319,
			target_part = "",
			target_type = ROOT,
			spatialprops =
			{
				pos = { -23.48918, 1.855486, -69.12888 },
				q_orient = { -0.658163, 0.271037, 0.702396, 0.289851 }
			},
			param_curve =
			{
				CLSID = "FreeFormPCurve",
				points =
				{
					{  0.000000,  0.000000,  0.000000,  0.000000 },
					{  1.000000,  1.000000,  0.000000,  0.000000 },
				}
			},
			pcurve_period = -1000
		}
	},

	{
		0.000, START_MOTION, { "Char_juni" },
		{
			animation = "Sc_FMBODY_RNNG_000LV_XA_01",
			duration = 0.565,
			time_scale = 1,
			weight = 1,
			heading = -1,
			event_flags = 2
		}
	},

	{
		0.000, ATTACH_ENTITY, { "ship_or_elite_1", "Ship_or_elite_01_Mrk_Location" },
		{
			duration = 0.000,
			offset = { 0, 0, 0 },
			up = Y_AXIS,
			front = NEG_Z_AXIS,
			target_part = "",
			target_type = ROOT,
			flags = POSITION + ORIENTATION
		}
	},

	{
		0.000, START_AUDIO_PROP_ANIM, { "mix_s072e_2" },
		{
			duration = 0.000,
			audioprops =
			{
				attenuation = -100
			}
		}
	},

	{
		0.000, START_SPATIAL_PROP_ANIM, { "ship_or_elite_1", "Ship_or_elite_01_Mrk_Lift_off" },
		{
			duration = 3.000,
			target_part = "",
			target_type = ROOT,
			spatialprops =
			{
				pos = { 37.53552, 10.38797, 29.70132 },
				q_orient = { -0.996674, -0.001285, 0.081488, 0.003082 }
			}
		}
	},

	{
		0.000, ATTACH_ENTITY, { "Ship_or_elite_2", "Ship_or_elite_02_Mrk_Location" },
		{
			duration = 0.000,
			offset = { 0, 0, 0 },
			up = Y_AXIS,
			front = NEG_Z_AXIS,
			target_part = "",
			target_type = ROOT,
			flags = POSITION + ORIENTATION
		}
	},

	{
		0.000, START_SPATIAL_PROP_ANIM, { "Ship_or_elite_2", "Ship_or_elite_02_Mrk_kick_it" },
