duration = 38.281;

entities =
{

	{
		entity_name = "Scene_Untitled_2",
		type = SCENE,
		template_name = "",
		lt_grp = 0, srt_grp = 0, usr_flg = 0,
		spatialprops =
		{
			pos = { 0, 0, 0 },
			orient = { { 1, 0, 0 }, { 0, 1, 0 }, { 0, 0, 1 } }
		},
		up = Y_AXIS,
		front = Z_AXIS,
		ambient = { 128, 128, 128 }
	},

	{
		entity_name = "Cam_1",
		type = CAMERA,
		template_name = "",
		lt_grp = 0, srt_grp = 0, usr_flg = 0,
		spatialprops =
		{
			pos = { -129.5809, 69.95701, 226.4472 },
			orient = { {  0.886028,  0.000000,  0.463632 },
					   {  0.115650,  0.968389, -0.221014 },
					   { -0.448976,  0.249444,  0.858020 } }
		},
		cameraprops =
		{
			fovh = 35,
			hvaspect = 1.85,
			nearplane = 0.2,
			farplane = 15000
		}
	},

	{
		entity_name = "Monitor_1",
		type = MONITOR,
		template_name = "",
		lt_grp = 0, srt_grp = 0, usr_flg = 0
	},

	{
		entity_name = "Path_Cam",
		type = MOTION_PATH,
		template_name = "",
		lt_grp = 0, srt_grp = 0, usr_flg = 0,
		spatialprops =
		{
			pos = { 0, 0, 0 },
			orient = { { 1, 0, 0 }, { 0, 1, 0 }, { 0, 0, 1 } }
		},
		pathprops =
		{
			path_type = "CV_CROrientationSplinePath",
			path_data = "OPEN,{-129.580887,69.957008,226.447159}, {0.963384,-0.122085,-0.236824,-0.030011}, {-38.021679,23.503988,87.607887}, {0.985649,-0.092000,-0.140921,-0.013153}, "
		}
	},

	{
		entity_name = "Mk_main_object",
		type = MARKER,
		template_name = "",
		lt_grp = 0, srt_grp = 0, usr_flg = 0,
		spatialprops =
		{
			pos = { 0, 0, 0 },
			orient = { { 1, 0, 0 }, { 0, 1, 0 }, { 0, 0, 1 } }
		},
		userprops =
		{
			main_object = "main_object",
		}
	},

	{
		entity_name = "Cam_2",
		type = CAMERA,
		template_name = "",
		lt_grp = 0, srt_grp = 0, usr_flg = 0,
		spatialprops =
		{
			pos = { -38.02168, 23.50399, 87.60789 },
			orient = { {  0.959937,  0.000000,  0.280217 },
					   {  0.051859,  0.982726, -0.177652 },
					   { -0.275376,  0.185067,  0.943355 } }
		},
		cameraprops =
		{
			fovh = 35,
			hvaspect = 1.85,
			nearplane = 0.2,
			farplane = 15000
		}
	},

	{
		entity_name = "li_cruiser_1",
		type = COMPOUND,
		template_name = "li_cruiser",
		lt_grp = 0, srt_grp = 0, usr_flg = 0,
		flags = LIT_DYNAMIC,
		spatialprops =
		{
			pos = { 0, 0, 0 },
			orient = { { 1, 0, 0 }, { 0, 1, 0 }, { 0, 0, 1 } }
		},
		userprops =
		{
			category = "Spaceship",
		}
	},

	{
		entity_name = "Path_CU",
		type = MOTION_PATH,
		template_name = "",
		lt_grp = 0, srt_grp = 0, usr_flg = 0,
		spatialprops =
		{
			pos = { 0, 0, 0 },
			orient = { { 1, 0, 0 }, { 0, 1, 0 }, { 0, 0, 1 } }
		},
		pathprops =
		{
			path_type = "CV_CROrientationSplinePath",
			path_data = "OPEN,{-33.081882,18.580400,-116.185272}, {-0.289244,0.043724,0.945514,0.142929}, {-10.625148,15.772854,-38.568771}, {-0.289244,0.043724,0.945514,0.142929}, "
		}
	},

	{
		entity_name = "Cam_3",
		type = CAMERA,
		template_name = "",
		lt_grp = 0, srt_grp = 0, usr_flg = 0,
		spatialprops =
		{
			pos = { -33.08188, 18.5804, -116.1853 },
			orient = { { -0.828852,  0.000000,  0.559468 },
					   {  0.165366,  0.955319,  0.244989 },
					   { -0.534470,  0.295577, -0.791818 } }
		},
		cameraprops =
		{
			fovh = 35,
			hvaspect = 1.85,
			nearplane = 0.2,
			farplane = 15000
		}
	},

	{
		entity_name = "Cam_3b",
		type = CAMERA,
		template_name = "",
		lt_grp = 0, srt_grp = 0, usr_flg = 0,
		spatialprops =
		{
			pos = { -10.62515, 15.77285, -38.56877 },
			orient = { { -0.828852,  0.000000,  0.559468 },
					   {  0.165366,  0.955319,  0.244989 },
					   { -0.534471,  0.295577, -0.791818 } }
		},
		cameraprops =
		{
			fovh = 35,
			hvaspect = 1.85,
			nearplane = 0.2,
			farplane = 15000
		}
	}
};

events =
{
	{
		0.000, ATTACH_ENTITY, { "li_cruiser_1", "Mk_main_object" },
		{
			duration = 1.000,
			offset = { 0, 0, 0 },
			up = Y_AXIS,
			front = NEG_Z_AXIS,
			target_part = "",
			target_type = ROOT,
			flags = POSITION + ORIENTATION
		}
	},

	{
		0.000, SET_CAMERA, { "Monitor_1", "Cam_3" }
	},

	{
		0.000, START_PATH_ANIMATION, { "Cam_3", "Path_CU" },
		{
			duration = 7.000,
			start_percent = 0,
			stop_percent = 1,
			offset = { 0, 0, 0 },
			up = Y_AXIS,
			front = NEG_Z_AXIS,
			flags = POSITION + ORIENTATION
		}
	},

	{
		0.000, ATTACH_ENTITY, { "Path_Cam", "Mk_main_object" },
		{
			duration = 39.593,
			offset = { 0, 0, 0 },
			up = Y_AXIS,
			front = NEG_Z_AXIS,
			target_part = "",
			target_type = ROOT,
			flags = POSITION + ORIENTATION + ENTITY_RELATIVE
		}
	},

	{
		0.000, ATTACH_ENTITY, { "Path_CU", "Mk_main_object" },
		{
			duration = 39.468,
			offset = { 0, 0, 0 },
			up = Y_AXIS,
			front = NEG_Z_AXIS,
			target_part = "",
			target_type = ROOT,
			flags = POSITION + ORIENTATION + ENTITY_RELATIVE
		}
	},

	{
		7.000, SET_CAMERA, { "Monitor_1", "Cam_1" }
	},

	{
		7.000, START_PATH_ANIMATION, { "Cam_1", "Path_Cam" },
		{
			duration = 25.000,
			start_percent = 0,
			stop_percent = 1,
			offset = { 0, 0, 0 },
			up = Y_AXIS,
			front = NEG_Z_AXIS,
			flags = POSITION + ORIENTATION,
			param_curve =
			{
				CLSID = "FreeFormPCurve",
				points =
				{
					{  0.000000,  0.000000,  0.000000,  0.000000 },
					{  1.000000,  1.000000,  0.000000,  0.000000 },
				}
			},
			pcurve_period = -1000
		}
	}
};
