duration = 76.000;

entities =
{

	{
		entity_name = "Layer_Scene_s009b",
		type = SCENE,
		template_name = "",
		lt_grp = 0, srt_grp = 0, usr_flg = 0,
		spatialprops =
		{
			pos = { 0, 0, 0 },
			orient = { { 1, 0, 0 }, { 0, 1, 0 }, { 0, 0, 1 } }
		},
		up = Y_AXIS,
		front = Z_AXIS,
		ambient = { 128, 128, 128 }
	},

	{
		entity_name = "Char_King",
		type = DEFORMABLE,
		template_name = "king",
		lt_grp = 0, srt_grp = 0, usr_flg = 0,
		flags = LIT_DYNAMIC,
		spatialprops =
		{
			pos = { -2.305412, 0, 0.640828 },
			orient = { { -0.767714,  0.000000, -0.640792 },
					   {  0.000000,  1.000000,  0.000000 },
					   {  0.640792,  0.000000, -0.767714 } }
		},
		compoundprops =
		{
			floor_height = 0
		},
		userprops =
		{
			actor = "King",
			category = "Character",
		}
	},

	{
		entity_name = "Char_Trent",
		type = DEFORMABLE,
		template_name = "trent",
		lt_grp = 0, srt_grp = 0, usr_flg = 0,
		flags = LIT_DYNAMIC,
		spatialprops =
		{
			pos = { -3.16647, 0, 1.986307 },
			orient = { {  0.901509,  0.000000,  0.432760 },
					   {  0.000000,  1.000000,  0.000000 },
					   { -0.432760,  0.000000,  0.901509 } }
		},
		compoundprops =
		{
			floor_height = 0
		},
		userprops =
		{
			actor = "Player",
			category = "Character",
		}
	},

	{
		entity_name = "Char_Juni",
		type = DEFORMABLE,
		template_name = "juni",
		lt_grp = 0, srt_grp = 0, usr_flg = 0,
		flags = LIT_DYNAMIC,
		spatialprops =
		{
			pos = { -3.292991, 0, 1.158488 },
			orient = { { -0.594936,  0.000000,  0.803773 },
					   {  0.000000,  1.000000,  0.000000 },
					   { -0.803773,  0.000000, -0.594936 } }
		},
		compoundprops =
		{
			floor_height = 0
		},
		userprops =
		{
			actor = "Juni",
			category = "Character",
		}
	},

	{
		entity_name = "Cam_07_Wide_Dolly_juni_Pos",
		type = CAMERA,
		template_name = "",
		lt_grp = 0, srt_grp = 0, usr_flg = 0,
		flags = HIDDEN,
		spatialprops =
		{
			pos = { 0.047075, 1.659747, 2.596275 },
			orient = { {  0.441544,  0.000000, -0.897240 },
					   { -0.117226,  0.991428, -0.057688 },
					   {  0.889549,  0.130651,  0.437759 } }
		},
		cameraprops =
		{
			fovh = 20,
			hvaspect = 1.85,
			nearplane = 0.1,
			farplane = 5000
		}
	},

	{
		entity_name = "Cam_01_OTS_Static_Trent_w_Juni",
		type = CAMERA,
		template_name = "",
		lt_grp = 0, srt_grp = 0, usr_flg = 0,
		flags = HIDDEN,
		spatialprops =
		{
			pos = { -2.616426, 1.5726, 0.411112 },
			orient = { { -0.892603,  0.000000, -0.450844 },
					   { -0.013712,  0.999537,  0.027148 },
					   {  0.450635,  0.030415, -0.892190 } }
		},
		cameraprops =
		{
			fovh = 20,
			hvaspect = 1.85,
			nearplane = 0.1,
			farplane = 5000
		}
	},

	{
		entity_name = "Mrk_Juni",
		type = MARKER,
		template_name = "",
		lt_grp = 0, srt_grp = 0, usr_flg = 0,
		spatialprops =
		{
			pos = { -3.292991, 0, 1.158488 },
			orient = { { -0.594936,  0.000000,  0.803773 },
					   {  0.000000,  1.000000,  0.000000 },
					   { -0.803773,  0.000000, -0.594936 } }
		}
	},

	{
		entity_name = "Mrk_King",
		type = MARKER,
		template_name = "",
		lt_grp = 0, srt_grp = 0, usr_flg = 0,
		spatialprops =
		{
			pos = { -2.305412, 0, 0.640828 },
			orient = { { -0.767714,  0.000000, -0.640792 },
					   {  0.000000,  1.000000,  0.000000 },
					   {  0.640792,  0.000000, -0.767714 } }
		}
	},

	{
		entity_name = "Mrk_Trent",
		type = MARKER,
		template_name = "",
		lt_grp = 0, srt_grp = 0, usr_flg = 0,
		spatialprops =
		{
			pos = { -3.150123, 0.96503, 1.933865 },
			orient = { {  0.940521,  0.032742,  0.338153 },
					   { -0.021011,  0.999046, -0.038294 },
					   { -0.339084,  0.028912,  0.940312 } }
		}
	},

	{
		entity_name = "Z_dx_s009b_0101_Trent_13",
		type = SOUND,
		template_name = "dx_s009b_0101_Trent",
		lt_grp = 0, srt_grp = 0, usr_flg = 0,
		spatialprops =
		{
			pos = { 0, 0, 0 },
			orient = { { 1, 0, 0 }, { 0, 1, 0 }, { 0, 0, 1 } }
		},
		audioprops =
		{
			attenuation = -6,
			pan = 0,
			dmin = 50,
			dmax = 1000,
			ain = 360,
			aout = 360,
			atout = 0,
			rmix = 0,
		},
		userprops =
		{
			category = "Audio",
		}
	},

	{
		entity_name = "Z_dx_s009b_0201_juni_14",
		type = SOUND,
		template_name = "dx_s009b_0201_juni",
		lt_grp = 0, srt_grp = 0, usr_flg = 0,
		spatialprops =
		{
			pos = { 0, 0, 0 },
			orient = { { 1, 0, 0 }, { 0, 1, 0 }, { 0, 0, 1 } }
		},
		audioprops =
		{
			attenuation = -6,
			pan = 0,
			dmin = 50,
			dmax = 1000,
			ain = 360,
			aout = 360,
			atout = 0,
			rmix = 0,
		},
		userprops =
		{
			category = "Audio",
		}
	},

	{
		entity_name = "Z_dx_s009b_0301_Trent_15",
		type = SOUND,
		template_name = "dx_s009b_0301_Trent",
		lt_grp = 0, srt_grp = 0, usr_flg = 0,
		spatialprops =
		{
			pos = { 0, 0, 0 },
			orient = { { 1, 0, 0 }, { 0, 1, 0 }, { 0, 0, 1 } }
		},
		audioprops =
		{
			attenuation = -6,
			pan = 0,
			dmin = 50,
			dmax = 1000,
			ain = 360,
			aout = 360,
			atout = 0,
			rmix = 0,
		},
		userprops =
		{
			category = "Audio",
		}
	},

	{
		entity_name = "Z_dx_s009b_0501_juni_16",
		type = SOUND,
		template_name = "dx_s009b_0501_juni",
		lt_grp = 0, srt_grp = 0, usr_flg = 0,
		spatialprops =
		{
			pos = { 0, 0, 0 },
			orient = { { 1, 0, 0 }, { 0, 1, 0 }, { 0, 0, 1 } }
		},
		audioprops =
		{
			attenuation = -6,
			pan = 0,
			dmin = 50,
			dmax = 1000,
			ain = 360,
			aout = 360,
			atout = 0,
			rmix = 0,
		},
		userprops =
		{
			category = "Audio",
		}
	},

	{
		entity_name = "Z_dx_s009b_0601_juni_17",
		type = SOUND,
		template_name = "dx_s009b_0601_juni",
		lt_grp = 0, srt_grp = 0, usr_flg = 0,
		spatialprops =
		{
			pos = { 0, 0, 0 },
			orient = { { 1, 0, 0 }, { 0, 1, 0 }, { 0, 0, 1 } }
		},
		audioprops =
		{
			attenuation = -6,
			pan = 0,
			dmin = 50,
			dmax = 1000,
			ain = 360,
			aout = 360,
			atout = 0,
			rmix = 0,
		},
		userprops =
		{
			category = "Audio",
		}
	},

	{
		entity_name = "Z_dx_s009b_0602_juni_18",
		type = SOUND,
		template_name = "dx_s009b_0602_juni",
		lt_grp = 0, srt_grp = 0, usr_flg = 0,
		spatialprops =
		{
			pos = { 0, 0, 0 },
			orient = { { 1, 0, 0 }, { 0, 1, 0 }, { 0, 0, 1 } }
		},
		audioprops =
		{
			attenuation = -6,
			pan = 0,
			dmin = 50,
			dmax = 1000,
			ain = 360,
			aout = 360,
			atout = 0,
			rmix = 0,
		},
		userprops =
		{
			category = "Audio",
		}
	},

	{
		entity_name = "Z_dx_s009b_0603_juni_19",
		type = SOUND,
		template_name = "dx_s009b_0603_juni",
		lt_grp = 0, srt_grp = 0, usr_flg = 0,
		spatialprops =
		{
			pos = { 0, 0, 0 },
			orient = { { 1, 0, 0 }, { 0, 1, 0 }, { 0, 0, 1 } }
		},
		audioprops =
		{
			attenuation = -6,
			pan = 0,
			dmin = 50,
			dmax = 1000,
			ain = 360,
			aout = 360,
			atout = 0,
			rmix = 0,
		},
		userprops =
		{
			category = "Audio",
		}
	},

	{
		entity_name = "Z_dx_s009b_0604_juni_20",
		type = SOUND,
		template_name = "dx_s009b_0604_juni",
		lt_grp = 0, srt_grp = 0, usr_flg = 0,
		spatialprops =
		{
			pos = { 0, 0, 0 },
			orient = { { 1, 0, 0 }, { 0, 1, 0 }, { 0, 0, 1 } }
		},
		audioprops =
		{
			attenuation = -6,
			pan = 0,
			dmin = 50,
			dmax = 1000,
			ain = 360,
			aout = 360,
			atout = 0,
			rmix = 0,
		},
		userprops =
		{
			category = "Audio",
		}
	},

	{
		entity_name = "Z_dx_s009b_0605_juni_21",
		type = SOUND,
		template_name = "dx_s009b_0605_juni",
		lt_grp = 0, srt_grp = 0, usr_flg = 0,
		spatialprops =
		{
			pos = { 0, 0, 0 },
			orient = { { 1, 0, 0 }, { 0, 1, 0 }, { 0, 0, 1 } }
		},
		audioprops =
		{
			attenuation = -6,
			pan = 0,
			dmin = 50,
			dmax = 1000,
			ain = 360,
			aout = 360,
			atout = 0,
			rmix = 0,
		},
		userprops =
		{
			category = "Audio",
		}
	},

	{
		entity_name = "Z_dx_s009b_0801_Trent_22",
		type = SOUND,
		template_name = "dx_s009b_0801_Trent",
		lt_grp = 0, srt_grp = 0, usr_flg = 0,
		spatialprops =
		{
			pos = { 0, 0, 0 },
			orient = { { 1, 0, 0 }, { 0, 1, 0 }, { 0, 0, 1 } }
		},
		audioprops =
		{
			attenuation = -6,
			pan = 0,
			dmin = 50,
			dmax = 1000,
			ain = 360,
			aout = 360,
			atout = 0,
			rmix = 0,
		},
		userprops =
		{
			category = "Audio",
		}
	},

	{
		entity_name = "Z_dx_s009b_0901_juni_23",
		type = SOUND,
		template_name = "dx_s009b_0901_juni",
		lt_grp = 0, srt_grp = 0, usr_flg = 0,
		spatialprops =
		{
			pos = { 0, 0, 0 },
			orient = { { 1, 0, 0 }, { 0, 1, 0 }, { 0, 0, 1 } }
		},
		audioprops =
		{
			attenuation = -6,
			pan = 0,
			dmin = 50,
			dmax = 1000,
			ain = 360,
			aout = 360,
			atout = 0,
			rmix = 0,
		},
		userprops =
		{
			category = "Audio",
		}
	},

	{
		entity_name = "Z_dx_s009b_1001_Trent_24",
		type = SOUND,
		template_name = "dx_s009b_1001_Trent",
		lt_grp = 0, srt_grp = 0, usr_flg = 0,
		spatialprops =
		{
			pos = { 0, 0, 0 },
			orient = { { 1, 0, 0 }, { 0, 1, 0 }, { 0, 0, 1 } }
		},
		audioprops =
		{
			attenuation = -6,
			pan = 0,
			dmin = 50,
			dmax = 1000,
			ain = 360,
			aout = 360,
			atout = 0,
			rmix = 0,
		},
		userprops =
		{
			category = "Audio",
		}
	},

	{
		entity_name = "Z_dx_s009b_1101_juni_25",
		type = SOUND,
		template_name = "dx_s009b_1101_juni",
		lt_grp = 0, srt_grp = 0, usr_flg = 0,
		spatialprops =
		{
			pos = { 0, 0, 0 },
			orient = { { 1, 0, 0 }, { 0, 1, 0 }, { 0, 0, 1 } }
		},
		audioprops =
		{
			attenuation = -6,
			pan = 0,
			dmin = 50,
			dmax = 1000,
			ain = 360,
			aout = 360,
			atout = 0,
			rmix = 0,
		},
		userprops =
		{
			category = "Audio",
		}
	},

	{
		entity_name = "Z_dx_s009b_1301_Trent_26",
		type = SOUND,
		template_name = "dx_s009b_1301_Trent",
		lt_grp = 0, srt_grp = 0, usr_flg = 0,
		spatialprops =
		{
			pos = { 0, 0, 0 },
			orient = { { 1, 0, 0 }, { 0, 1, 0 }, { 0, 0, 1 } }
		},
		audioprops =
		{
			attenuation = -6,
			pan = 0,
			dmin = 50,
			dmax = 1000,
			ain = 360,
			aout = 360,
			atout = 0,
			rmix = 0,
		},
		userprops =
		{
			category = "Audio",
		}
	},

	{
		entity_name = "Z_dx_s009b_0401_King_10",
		type = SOUND,
		template_name = "dx_s009b_0401_King",
		lt_grp = 0, srt_grp = 0, usr_flg = 0,
		spatialprops =
		{
			pos = { 0, 0, 0 },
			orient = { { 1, 0, 0 }, { 0, 1, 0 }, { 0, 0, 1 } }
		},
		audioprops =
		{
			attenuation = -6,
			pan = 0,
			dmin = 50,
			dmax = 1000,
			ain = 360,
			aout = 360,
			atout = 0,
			rmix = 0,
		},
		userprops =
		{
			category = "Audio",
		}
	},

	{
		entity_name = "Z_dx_s009b_0402_King_11",
		type = SOUND,
		template_name = "dx_s009b_0402_King",
		lt_grp = 0, srt_grp = 0, usr_flg = 0,
		spatialprops =
		{
			pos = { 0, 0, 0 },
			orient = { { 1, 0, 0 }, { 0, 1, 0 }, { 0, 0, 1 } }
		},
		audioprops =
		{
			attenuation = -6,
			pan = 0,
			dmin = 50,
			dmax = 1000,
			ain = 360,
			aout = 360,
			atout = 0,
			rmix = 0,
		},
		userprops =
		{
			category = "Audio",
		}
	},

	{
		entity_name = "Z_dx_s009b_0403_King_12",
		type = SOUND,
		template_name = "dx_s009b_0403_King",
		lt_grp = 0, srt_grp = 0, usr_flg = 0,
		spatialprops =
		{
			pos = { 0, 0, 0 },
			orient = { { 1, 0, 0 }, { 0, 1, 0 }, { 0, 0, 1 } }
		},
		audioprops =
		{
			attenuation = -6,
			pan = 0,
			dmin = 50,
			dmax = 1000,
			ain = 360,
			aout = 360,
			atout = 0,
			rmix = 0,
		},
		userprops =
		{
			category = "Audio",
		}
	},

	{
		entity_name = "Z_dx_s009b_0701_King_13",
		type = SOUND,
		template_name = "dx_s009b_0701_King",
		lt_grp = 0, srt_grp = 0, usr_flg = 0,
		spatialprops =
		{
			pos = { 0, 0, 0 },
			orient = { { 1, 0, 0 }, { 0, 1, 0 }, { 0, 0, 1 } }
		},
		audioprops =
		{
			attenuation = -6,
			pan = 0,
			dmin = 50,
			dmax = 1000,
			ain = 360,
			aout = 360,
			atout = 0,
			rmix = 0,
		},
		userprops =
		{
			category = "Audio",
		}
	},

	{
		entity_name = "Z_dx_s009b_1201_King_14",
		type = SOUND,
		template_name = "dx_s009b_1201_King",
		lt_grp = 0, srt_grp = 0, usr_flg = 0,
		spatialprops =
		{
			pos = { 0, 0, 0 },
			orient = { { 1, 0, 0 }, { 0, 1, 0 }, { 0, 0, 1 } }
		},
		audioprops =
		{
			attenuation = -6,
			pan = 0,
			dmin = 50,
			dmax = 1000,
			ain = 360,
			aout = 360,
			atout = 0,
			rmix = 0,
		},
		userprops =
		{
			category = "Audio",
		}
	},

	{
		entity_name = "Z_dx_s009b_1202_King_15",
		type = SOUND,
		template_name = "dx_s009b_1202_King",
		lt_grp = 0, srt_grp = 0, usr_flg = 0,
		spatialprops =
		{
			pos = { 0, 0, 0 },
			orient = { { 1, 0, 0 }, { 0, 1, 0 }, { 0, 0, 1 } }
		},
		audioprops =
		{
			attenuation = -6,
			pan = 0,
			dmin = 50,
			dmax = 1000,
			ain = 360,
			aout = 360,
			atout = 0,
			rmix = 0,
		},
		userprops =
		{
			category = "Audio",
		}
	},

	{
		entity_name = "Cam_07_Wide_Dolly_juni_Orient_1",
		type = CAMERA,
		template_name = "",
		lt_grp = 0, srt_grp = 0, usr_flg = 0,
		flags = HIDDEN,
		spatialprops =
		{
			pos = { -1.49086, 1.72619, 1.839142 },
			orient = { {  0.384389,  0.000000, -0.923171 },
					   { -0.078066,  0.996418, -0.032505 },
					   {  0.919864,  0.084563,  0.383013 } }
		},
		cameraprops =
		{
			fovh = 20,
			hvaspect = 1.85,
			nearplane = 0.1,
			farplane = 5000
		}
	},

	{
		entity_name = "Cam_02_Two_Shot_Static_juni_w_Trent",
		type = CAMERA,
		template_name = "",
		lt_grp = 0, srt_grp = 0, usr_flg = 0,
		flags = HIDDEN,
		spatialprops =
		{
			pos = { -2.384446, 1.71696, 2.363143 },
			orient = { {  0.654497,  0.000000, -0.756065 },
					   { -0.114949,  0.988375, -0.099507 },
					   {  0.747276,  0.152036,  0.646888 } }
		},
		cameraprops =
		{
			fovh = 20,
			hvaspect = 1.85,
			nearplane = 0.1,
			farplane = 5000
		}
	},

	{
		entity_name = "Cam_04_OTS_King_w_Trent_1",
		type = CAMERA,
		template_name = "",
		lt_grp = 0, srt_grp = 0, usr_flg = 0,
		flags = HIDDEN,
		spatialprops =
		{
			pos = { -3.164493, 1.684978, 2.527642 },
			orient = { {  0.946815,  0.000000,  0.321779 },
					   {  0.041941,  0.991469, -0.123409 },
					   { -0.319034,  0.130342,  0.938738 } }
		},
		cameraprops =
		{
			fovh = 20,
			hvaspect = 1.85,
			nearplane = 0.1,
			farplane = 5000
		}
	},

	{
		entity_name = "Mrk_Juni_TurnLeave_Stop",
		type = MARKER,
		template_name = "",
		lt_grp = 0, srt_grp = 0, usr_flg = 0,
		spatialprops =
		{
			pos = { -3.567528, 0, 1.35174 },
			orient = { { -0.778975,  0.000000, -0.627055 },
					   {  0.000000,  1.000000,  0.000000 },
					   {  0.627055,  0.000000, -0.778975 } }
		}
	},

	{
		entity_name = "Mrk_King_Leave",
		type = MARKER,
		template_name = "",
		lt_grp = 0, srt_grp = 0, usr_flg = 0,
		spatialprops =
		{
			pos = { -2.364828, 0, 3.045032 },
			orient = { { -0.999695,  0.000000, -0.024706 },
					   {  0.000000,  1.000000,  0.000000 },
					   {  0.024706,  0.000000, -0.999695 } }
		}
	},

	{
		entity_name = "Cam_A_OTS_Static_Trent_JuniLeave",
		type = CAMERA,
		template_name = "",
		lt_grp = 0, srt_grp = 0, usr_flg = 0,
		flags = HIDDEN,
		spatialprops =
		{
			pos = { -1.931258, 1.707617, 1.332819 },
			orient = { { -0.218185,  0.000000, -0.975907 },
					   { -0.096463,  0.995103,  0.021566 },
					   {  0.971128,  0.098844, -0.217116 } }
		},
		cameraprops =
		{
			fovh = 20,
			hvaspect = 1.85,
			nearplane = 0.1,
			farplane = 5000
		}
	},

	{
		entity_name = "Mrk_Juni_Head_For_Char_Look",
		type = MARKER,
		template_name = "",
		lt_grp = 0, srt_grp = 0, usr_flg = 0,
		spatialprops =
		{
			pos = { -3.29299, 1.444542, 1.158487 },
			orient = { { -0.594936,  0.000000,  0.803773 },
					   {  0.000000,  1.000000,  0.000000 },
					   { -0.803773,  0.000000, -0.594936 } }
		}
	},

	{
		entity_name = "Cam_A_OTS_Static_Trent_JuniLeave_2",
		type = CAMERA,
		template_name = "",
		lt_grp = 0, srt_grp = 0, usr_flg = 0,
		flags = HIDDEN,
		spatialprops =
		{
			pos = { -2.753389, 1.730306, 3.057611 },
			orient = { {  0.934572,  0.000000, -0.355773 },
					   { -0.046818,  0.991303, -0.122986 },
					   {  0.352679,  0.131596,  0.926445 } }
		},
		cameraprops =
		{
			fovh = 20,
			hvaspect = 1.85,
			nearplane = 0.1,
			farplane = 5000
		}
	},

	{
		entity_name = "Mrk_King_look_leave",
		type = MARKER,
		template_name = "",
		lt_grp = 0, srt_grp = 0, usr_flg = 0,
		spatialprops =
		{
			pos = { -0.262937, 1.557356, 1.945338 },
			orient = { { -0.767714,  0.000000, -0.640792 },
					   {  0.000000,  1.000000,  0.000000 },
					   {  0.640792,  0.000000, -0.767714 } }
		}
	},

	{
		entity_name = "Cam_07_CU_Dolly_juni_ForPullout",
		type = CAMERA,
		template_name = "",
		lt_grp = 0, srt_grp = 0, usr_flg = 0,
		flags = HIDDEN,
		spatialprops =
		{
			pos = { -2.200223, 1.640137, 1.849778 },
			orient = { {  0.533027,  0.000000, -0.846098 },
					   { -0.110099,  0.991497, -0.069361 },
					   {  0.838904,  0.130126,  0.528495 } }
		},
		cameraprops =
		{
			fovh = 20,
			hvaspect = 1.85,
			nearplane = 0.1,
			farplane = 5000
		}
	},

	{
		entity_name = "Mrk_JuniLookLeftRight",
		type = MARKER,
		template_name = "",
		lt_grp = 0, srt_grp = 0, usr_flg = 0,
		spatialprops =
		{
			pos = { -2.540643, 1.676987, 1.201379 },
			orient = { { -0.594936,  0.000000,  0.803773 },
					   {  0.000000,  1.000000,  0.000000 },
					   { -0.803773,  0.000000, -0.594936 } }
		}
	},

	{
		entity_name = "Mrk_JuniLookLeftRight_2",
		type = MARKER,
		template_name = "",
		lt_grp = 0, srt_grp = 0, usr_flg = 0,
		spatialprops =
		{
			pos = { -2.928815, 1.626707, 1.72581 },
			orient = { { -0.594936,  0.000000,  0.803773 },
					   {  0.000000,  1.000000,  0.000000 },
					   { -0.803773,  0.000000, -0.594936 } }
		}
	},

	{
		entity_name = "Mrk_Trent_Torso_Turn15Deg",
		type = MARKER,
		template_name = "",
		lt_grp = 0, srt_grp = 0, usr_flg = 0,
		spatialprops =
		{
			pos = { -3.150123, 0.96503, 1.933865 },
			orient = { {  0.940521,  0.032742,  0.338153 },
					   { -0.021011,  0.999046, -0.038294 },
					   { -0.339084,  0.028912,  0.940312 } }
		}
	},

	{
		entity_name = "Cam_A_OTS_King_w_Trent_2",
		type = CAMERA,
		template_name = "",
		lt_grp = 0, srt_grp = 0, usr_flg = 0,
		flags = HIDDEN,
		spatialprops =
		{
			pos = { -3.142623, 1.736001, 2.604265 },
			orient = { {  0.954826,  0.000000,  0.297167 },
					   {  0.043632,  0.989162, -0.140195 },
					   { -0.293946,  0.146828,  0.944477 } }
		},
		cameraprops =
		{
			fovh = 20,
			hvaspect = 1.85,
			nearplane = 0.1,
			farplane = 5000
		}
	},

	{
		entity_name = "Mrk_Juni_Head_For_Char_Nod",
		type = MARKER,
		template_name = "",
		lt_grp = 0, srt_grp = 0, usr_flg = 0,
		spatialprops =
		{
			pos = { -3.292991, 1.498124, 1.158488 },
			orient = { { -0.594936,  0.000000,  0.803773 },
					   {  0.000000,  1.000000,  0.000000 },
					   { -0.803773,  0.000000, -0.594936 } }
		}
	},

	{
		entity_name = "Char_Trent_Mrk_Head_MOVEMENT",
		type = MARKER,
		template_name = "",
		lt_grp = 0, srt_grp = 0, usr_flg = 0,
		spatialprops =
		{
			pos = { -3.292991, 1.56797, 1.158488 },
			orient = { { -0.594936,  0.000000,  0.803773 },
					   {  0.000000,  1.000000,  0.000000 },
					   { -0.803773,  0.000000, -0.594936 } }
		}
	},

	{
		entity_name = "Mrk_Trent_Head_Look_Juni_OffSt",
		type = MARKER,
		template_name = "",
		lt_grp = 0, srt_grp = 0, usr_flg = 0,
		spatialprops =
		{
			pos = { -2.927525, 1.495255, 0.925083 },
			orient = { { -0.594936,  0.000000,  0.803773 },
					   {  0.000000,  1.000000,  0.000000 },
					   { -0.803773,  0.000000, -0.594936 } }
		}
	},

	{
		entity_name = "Mrk_King_Head_For_Trent_look",
		type = MARKER,
		template_name = "",
		lt_grp = 0, srt_grp = 0, usr_flg = 0,
		spatialprops =
		{
			pos = { -3.068779, 1.378542, 1.790316 },
			orient = { {  0.978365,  0.000338,  0.206886 },
					   { -0.001254,  0.999990,  0.004296 },
					   { -0.206883, -0.004462,  0.978356 } }
		}
	},

	{
		entity_name = "Mrk_King_Head_For_Trent_Nod",
		type = MARKER,
		template_name = "",
		lt_grp = 0, srt_grp = 0, usr_flg = 0,
		spatialprops =
		{
			pos = { -3.068779, 1.539931, 1.790316 },
			orient = { {  0.978365,  0.000338,  0.206886 },
					   { -0.001254,  0.999990,  0.004296 },
					   { -0.206883, -0.004462,  0.978356 } }
		}
	},

	{
		entity_name = "Char_Juni_AMrk_Head_MOVEMENT",
		type = MARKER,
		template_name = "",
		lt_grp = 0, srt_grp = 0, usr_flg = 0,
		spatialprops =
		{
			pos = { -2.752148, 1.618862, 1.586871 },
			orient = { {  0.978365,  0.000338,  0.206886 },
					   { -0.001254,  0.999990,  0.004296 },
					   { -0.206883, -0.004462,  0.978356 } }
		}
	},

	{
		entity_name = "Char_Juni_Mrk_Trent_Head_For_Juni_Look",
		type = MARKER,
		template_name = "",
		lt_grp = 0, srt_grp = 0, usr_flg = 0,
		spatialprops =
		{
			pos = { -3.069168, 1.689938, 1.791654 },
			orient = { {  0.978365,  0.000338,  0.206886 },
					   { -0.001254,  0.999990,  0.004296 },
					   { -0.206883, -0.004462,  0.978356 } }
		}
	},

	{
		entity_name = "Mrk_For_Juni_Nod_King",
		type = MARKER,
		template_name = "",
		lt_grp = 0, srt_grp = 0, usr_flg = 0,
		spatialprops =
		{
			pos = { -2.540641, 1.563039, 1.20138 },
			orient = { { -0.594936,  0.000000,  0.803773 },
					   {  0.000000,  1.000000,  0.000000 },
					   { -0.803773,  0.000000, -0.594936 } }
		}
	},

	{
		entity_name = "Mrk_Trent_Turn_20_CC",
		type = MARKER,
		template_name = "",
		lt_grp = 0, srt_grp = 0, usr_flg = 0,
		spatialprops =
		{
			pos = { -3.150123, 0.96503, 1.933865 },
			orient = { {  0.983393,  0.027558,  0.179384 },
					   { -0.021011,  0.999046, -0.038294 },
					   { -0.180268,  0.033889,  0.983034 } }
		}
	},

	{
		entity_name = "Mrk_King_For_Juni_Look",
		type = MARKER,
		template_name = "",
		lt_grp = 0, srt_grp = 0, usr_flg = 0,
		spatialprops =
		{
			pos = { -1.949698, 1.768635, 0.937733 },
			orient = { { -0.767714,  0.000000, -0.640792 },
					   {  0.000000,  1.000000,  0.000000 },
					   {  0.640792,  0.000000, -0.767714 } }
		}
	},

	{
		entity_name = "Mrk_King_For_Juni_Look_Nod",
		type = MARKER,
		template_name = "",
		lt_grp = 0, srt_grp = 0, usr_flg = 0,
		spatialprops =
		{
			pos = { -1.949698, 1.589786, 0.937733 },
			orient = { { -0.767714,  0.000000, -0.640792 },
					   {  0.000000,  1.000000,  0.000000 },
					   {  0.640792,  0.000000, -0.767714 } }
		}
	},

	{
		entity_name = "Cam_11_Single_King",
		type = CAMERA,
		template_name = "",
		lt_grp = 0, srt_grp = 0, usr_flg = 0,
		flags = HIDDEN,
		spatialprops =
		{
			pos = { -2.710222, 1.723336, 2.223777 },
			orient = { {  0.978674,  0.000000,  0.205420 },
					   {  0.024556,  0.992829, -0.116990 },
					   { -0.203947,  0.119539,  0.971656 } }
		},
		cameraprops =
		{
			fovh = 20,
			hvaspect = 1.85,
			nearplane = 0.1,
			farplane = 5000
		}
	},

	{
		entity_name = "Mrk_Juni_For_Look_Trent_Leaving",
		type = MARKER,
		template_name = "",
		lt_grp = 0, srt_grp = 0, usr_flg = 0,
		spatialprops =
		{
			pos = { -2.916731, 1.658684, 1.506879 },
			orient = { {  0.978365,  0.000338,  0.206886 },
					   { -0.001254,  0.999990,  0.004296 },
					   { -0.206883, -0.004462,  0.978356 } }
		}
	},

	{
		entity_name = "Mrk_Trent_Head_For_Juni_Look_Leaving_Nod_2",
		type = MARKER,
		template_name = "",
		lt_grp = 0, srt_grp = 0, usr_flg = 0,
		spatialprops =
		{
			pos = { -3.461239, 1.51543, 1.988138 },
			orient = { {  0.978365,  0.000338,  0.206886 },
					   { -0.001254,  0.999990,  0.004296 },
					   { -0.206883, -0.004462,  0.978356 } }
		}
	},

	{
		entity_name = "Mrk_Trent_Head_For_Juni_Look_Leav",
		type = MARKER,
		template_name = "",
		lt_grp = 0, srt_grp = 0, usr_flg = 0,
		spatialprops =
		{
			pos = { -3.858779, 1.619246, 2.08896 },
			orient = { {  0.978365,  0.000338,  0.206886 },
					   { -0.001254,  0.999990,  0.004296 },
					   { -0.206883, -0.004462,  0.978356 } }
		}
	},

	{
		entity_name = "Mrk_Trent_Head_For_Juni_Look_Leaving_Nod_1",
		type = MARKER,
		template_name = "",
		lt_grp = 0, srt_grp = 0, usr_flg = 0,
		spatialprops =
		{
			pos = { -3.461319, 1.579367, 1.988413 },
			orient = { {  0.978365,  0.000338,  0.206886 },
					   { -0.001254,  0.999990,  0.004296 },
					   { -0.206883, -0.004462,  0.978356 } }
		}
	},

	{
		entity_name = "Mrk_Trent_Head_For_Juni_Look_Leaving_Nod_Up",
		type = MARKER,
		template_name = "",
		lt_grp = 0, srt_grp = 0, usr_flg = 0,
		spatialprops =
		{
			pos = { -3.461452, 1.685518, 1.988869 },
			orient = { {  0.978365,  0.000338,  0.206886 },
					   { -0.001254,  0.999990,  0.004296 },
					   { -0.206883, -0.004462,  0.978356 } }
		}
	},

	{
		entity_name = "Mrk_Trent_Head_Look_Juni_HeadTilt",
		type = MARKER,
		template_name = "",
		lt_grp = 0, srt_grp = 0, usr_flg = 0,
		spatialprops =
		{
			pos = { -2.712374, 1.730312, 1.630556 },
			orient = { { -0.594936,  0.000000,  0.803773 },
					   {  0.000000,  1.000000,  0.000000 },
					   { -0.803773,  0.000000, -0.594936 } }
		}
	},

	{
		entity_name = "Mrk_Trent_Head_For_Juni_Nod_up",
		type = MARKER,
		template_name = "",
		lt_grp = 0, srt_grp = 0, usr_flg = 0,
		spatialprops =
		{
			pos = { -3.292991, 1.593273, 1.158488 },
			orient = { { -0.594936,  0.000000,  0.803773 },
					   {  0.000000,  1.000000,  0.000000 },
					   { -0.803773,  0.000000, -0.594936 } }
		}
	},

	{
		entity_name = "Mrk_King_For_Trent_Look_Nod",
		type = MARKER,
		template_name = "",
		lt_grp = 0, srt_grp = 0, usr_flg = 0,
		spatialprops =
		{
			pos = { -1.949698, 1.473489, 0.937733 },
			orient = { { -0.767714,  0.000000, -0.640792 },
					   {  0.000000,  1.000000,  0.000000 },
					   {  0.640792,  0.000000, -0.767714 } }
		}
	},

	{
		entity_name = "Cam_12_AC2_juni_Trent_Dolly_A",
		type = CAMERA,
		template_name = "",
		lt_grp = 0, srt_grp = 0, usr_flg = 0,
		flags = HIDDEN,
		spatialprops =
		{
			pos = { -1.968235, 1.80764, 1.730568 },
			orient = { {  0.041108,  0.000000, -0.999155 },
					   { -0.185188,  0.982674, -0.007619 },
					   {  0.981843,  0.185344,  0.040396 } }
		},
		cameraprops =
		{
			fovh = 20,
			hvaspect = 1.85,
			nearplane = 0.1,
			farplane = 5000
		}
	},

	{
		entity_name = "Z_dx_s009b_0606_juni_2",
		type = SOUND,
		template_name = "dx_s009b_0606_juni",
		lt_grp = 0, srt_grp = 0, usr_flg = 0,
		spatialprops =
		{
			pos = { 0, 0, 0 },
			orient = { { 1, 0, 0 }, { 0, 1, 0 }, { 0, 0, 1 } }
		},
		audioprops =
		{
			attenuation = -6,
			pan = 0,
			dmin = 50,
			dmax = 1000,
			ain = 360,
			aout = 360,
			atout = 0,
			rmix = 0,
		},
		userprops =
		{
			category = "Audio",
		}
	},

	{
		entity_name = "Mrk_HandHeld_Cam",
		type = MARKER,
		template_name = "",
		lt_grp = 0, srt_grp = 0, usr_flg = 0,
		spatialprops =
		{
			pos = { -3.135027, 1.311745, 1.151941 },
			orient = { {  0.569867,  0.000000, -0.821737 },
					   { -0.149435,  0.983326, -0.103632 },
					   {  0.808035,  0.181852,  0.560365 } }
		}
	},

	{
		entity_name = "Mrk_HandHeld_Cam_For_Follow",
		type = MARKER,
		template_name = "",
		lt_grp = 0, srt_grp = 0, usr_flg = 0,
		spatialprops =
		{
			pos = { -3.135027, 1.311745, 1.151941 },
			orient = { {  0.569867,  0.000000, -0.821737 },
					   { -0.149435,  0.983326, -0.103632 },
					   {  0.808035,  0.181852,  0.560365 } }
		}
	},

	{
		entity_name = "Mrk_Juni_Hand_Gesture_Right",
		type = MARKER,
		template_name = "",
		lt_grp = 0, srt_grp = 0, usr_flg = 0,
		spatialprops =
		{
			pos = { -3.35444, 0.018508, 1.545419 },
			orient = { { -0.594936,  0.000000,  0.803773 },
					   {  0.000000,  1.000000,  0.000000 },
					   { -0.803773,  0.000000, -0.594936 } }
		}
	},

	{
		entity_name = "Mrk_Juni_Hand_Gesture_hand_Right",
		type = MARKER,
		template_name = "",
		lt_grp = 0, srt_grp = 0, usr_flg = 0,
		spatialprops =
		{
			pos = { -3.373074, 1.224509, 1.570594 },
			orient = { { -0.594936,  0.000000,  0.803773 },
					   {  0.000000,  1.000000,  0.000000 },
					   { -0.803773,  0.000000, -0.594936 } }
		}
	},

	{
		entity_name = "Mrk_Trent_Hand_Gesture",
		type = MARKER,
		template_name = "",
		lt_grp = 0, srt_grp = 0, usr_flg = 0,
		spatialprops =
		{
			pos = { -2.572113, -0.031231, 1.24163 },
			orient = { { -0.594936,  0.000000,  0.803773 },
					   {  0.000000,  1.000000,  0.000000 },
					   { -0.803773,  0.000000, -0.594936 } }
		}
	},

	{
		entity_name = "Mrk_Trent_Hand_Gesture_handR",
		type = MARKER,
		template_name = "",
		lt_grp = 0, srt_grp = 0, usr_flg = 0,
		spatialprops =
		{
			pos = { -2.831688, 1.319849, 1.727979 },
			orient = { { -0.594936,  0.000000,  0.803773 },
					   {  0.000000,  1.000000,  0.000000 },
					   { -0.803773,  0.000000, -0.594936 } }
		}
	},

	{
		entity_name = "Mrk_Trent_Arm_Gesture",
		type = MARKER,
		template_name = "",
		lt_grp = 0, srt_grp = 0, usr_flg = 0,
		spatialprops =
		{
			pos = { -1.931504, 0.0121, 1.65336 },
			orient = { { -0.594936,  0.000000,  0.803773 },
					   {  0.000000,  1.000000,  0.000000 },
					   { -0.803773,  0.000000, -0.594936 } }
		}
	},

	{
		entity_name = "Mrk_Trent_Hand_Gesture_handL",
		type = MARKER,
		template_name = "",
		lt_grp = 0, srt_grp = 0, usr_flg = 0,
		spatialprops =
		{
			pos = { -3.623778, 1.319849, 1.348548 },
			orient = { { -0.594936,  0.000000,  0.803773 },
					   {  0.000000,  1.000000,  0.000000 },
					   { -0.803773,  0.000000, -0.594936 } }
		}
	},

	{
		entity_name = "Cam_09_CU_King",
		type = CAMERA,
		template_name = "",
		lt_grp = 0, srt_grp = 0, usr_flg = 0,
		flags = HIDDEN,
		spatialprops =
		{
			pos = { -3.021246, 1.781478, 2.538645 },
			orient = { {  0.947008,  0.000000,  0.321211 },
					   {  0.023161,  0.997397, -0.068285 },
					   { -0.320375,  0.072106,  0.944542 } }
		},
		cameraprops =
		{
			fovh = 10,
			hvaspect = 1.85,
			nearplane = 0.1,
			farplane = 5000
		}
	},

	{
		entity_name = "Mrk_Juni_Hand_Gesture_hand_2_Right",
		type = MARKER,
		template_name = "",
		lt_grp = 0, srt_grp = 0, usr_flg = 0,
		spatialprops =
		{
			pos = { -3.485815, 1.193235, 1.681179 },
			orient = { { -0.594936,  0.000000,  0.803773 },
					   {  0.000000,  1.000000,  0.000000 },
					   { -0.803773,  0.000000, -0.594936 } }
		}
	},

	{
		entity_name = "Cam_15_OTS__juni_w_Trent_ALT_2",
		type = CAMERA,
		template_name = "",
		lt_grp = 0, srt_grp = 0, usr_flg = 0,
		flags = HIDDEN,
		spatialprops =
		{
			pos = { -1.860472, 1.736745, 1.835238 },
			orient = { {  0.008637,  0.000000, -0.999963 },
					   { -0.093114,  0.995655, -0.000804 },
					   {  0.995618,  0.093117,  0.008599 } }
		},
		cameraprops =
		{
			fovh = 20,
			hvaspect = 1.85,
			nearplane = 0.1,
			farplane = 5000
		}
	},

	{
		entity_name = "Cam_13_OTS__juni_w_Trent_ALT_3",
		type = CAMERA,
		template_name = "",
		lt_grp = 0, srt_grp = 0, usr_flg = 0,
		flags = HIDDEN,
		spatialprops =
		{
			pos = { -2.349382, 1.799254, 1.715768 },
			orient = { {  0.027821,  0.000000, -0.999613 },
					   { -0.206580,  0.978413, -0.005749 },
					   {  0.978034,  0.206660,  0.027220 } }
		},
		cameraprops =
		{
			fovh = 20,
			hvaspect = 1.85,
			nearplane = 0.1,
			farplane = 5000
		}
	},

	{
		entity_name = "Cam_03_OTS_Static_Trent_w_Juni_moving",
		type = CAMERA,
		template_name = "",
		lt_grp = 0, srt_grp = 0, usr_flg = 0,
		flags = HIDDEN,
		spatialprops =
		{
			pos = { -2.562487, 1.577854, 0.303151 },
			orient = { { -0.894562,  0.000000, -0.446943 },
					   { -0.019440,  0.999054,  0.038909 },
					   {  0.446520,  0.043496, -0.893716 } }
		},
		cameraprops =
		{
			fovh = 20,
			hvaspect = 1.85,
			nearplane = 0.1,
			farplane = 5000
		}
	},

	{
		entity_name = "Cam_A_OTS_Static_Trent_w_Juni_moving_to",
		type = CAMERA,
		template_name = "",
		lt_grp = 0, srt_grp = 0, usr_flg = 0,
		flags = HIDDEN,
		spatialprops =
		{
			pos = { -2.562487, 1.577854, 0.303151 },
			orient = { { -0.886620,  0.000000, -0.462498 },
					   { -0.014066,  0.999537,  0.026964 },
					   {  0.462284,  0.030412, -0.886210 } }
		},
		cameraprops =
		{
			fovh = 20,
			hvaspect = 1.85,
			nearplane = 0.1,
			farplane = 5000
		}
	},

	{
		entity_name = "Cam_A_OTS_Static_juni_w_Trent_Move_to",
		type = CAMERA,
		template_name = "",
		lt_grp = 0, srt_grp = 0, usr_flg = 0,
		flags = HIDDEN,
		spatialprops =
		{
			pos = { -1.613176, 1.728559, 1.762359 },
			orient = { {  0.092149,  0.000000, -0.995745 },
					   { -0.139911,  0.990079, -0.012948 },
					   {  0.985867,  0.140509,  0.091235 } }
		},
		cameraprops =
		{
			fovh = 20,
			hvaspect = 1.85,
			nearplane = 0.1,
			farplane = 5000
		}
	},

	{
		entity_name = "Mrk_Juni_Hand_Gesture_Left",
		type = MARKER,
		template_name = "",
		lt_grp = 0, srt_grp = 0, usr_flg = 0,
		spatialprops =
		{
			pos = { -2.810479, 0.018508, 1.078487 },
			orient = { { -0.594936,  0.000000,  0.803773 },
					   {  0.000000,  1.000000,  0.000000 },
					   { -0.803773,  0.000000, -0.594936 } }
		}
	},

	{
		entity_name = "Mrk_Juni_Hand_Gesture_hand_2_Left",
		type = MARKER,
		template_name = "",
		lt_grp = 0, srt_grp = 0, usr_flg = 0,
		spatialprops =
		{
			pos = { -2.695881, 1.160863, 0.3342 },
			orient = { { -0.594936,  0.000000,  0.803773 },
					   {  0.000000,  1.000000,  0.000000 },
					   { -0.803773,  0.000000, -0.594936 } }
		}
	},

	{
		entity_name = "Mrk_King_Hand_Gesture_Right",
		type = MARKER,
		template_name = "",
		lt_grp = 0, srt_grp = 0, usr_flg = 0,
		spatialprops =
		{
			pos = { -2.669647, 0.018508, 0.49455 },
			orient = { { -0.594936,  0.000000,  0.803773 },
					   {  0.000000,  1.000000,  0.000000 },
					   { -0.803773,  0.000000, -0.594936 } }
		}
	},

	{
		entity_name = "Mrk_King_Hand_Gesture_hand_Right",
		type = MARKER,
		template_name = "",
		lt_grp = 0, srt_grp = 0, usr_flg = 0,
		spatialprops =
		{
			pos = { -2.980897, 1.413596, 0.60793 },
			orient = { { -0.594936,  0.000000,  0.803773 },
					   {  0.000000,  1.000000,  0.000000 },
					   { -0.803773,  0.000000, -0.594936 } }
		}
	},

	{
		entity_name = "Mrk_King_Hand_Gesture_hand_Right_move",
		type = MARKER,
		template_name = "",
		lt_grp = 0, srt_grp = 0, usr_flg = 0,
		spatialprops =
		{
			pos = { -2.962573, 1.413596, 0.783806 },
			orient = { { -0.594936,  0.000000,  0.803773 },
					   {  0.000000,  1.000000,  0.000000 },
					   { -0.803773,  0.000000, -0.594936 } }
		}
	},

	{
		entity_name = "Mrk_King_Hand_Gesture_Right_Wave",
		type = MARKER,
		template_name = "",
		lt_grp = 0, srt_grp = 0, usr_flg = 0,
		spatialprops =
		{
			pos = { -2.492307, 0.018508, 1.136197 },
			orient = { { -0.594936,  0.000000,  0.803773 },
					   {  0.000000,  1.000000,  0.000000 },
					   { -0.803773,  0.000000, -0.594936 } }
		}
	},

	{
		entity_name = "Mrk_King_Hand_Gesture_Right_Wave_To",
		type = MARKER,
		template_name = "",
		lt_grp = 0, srt_grp = 0, usr_flg = 0,
		spatialprops =
		{
			pos = { -3.089158, -0.38387, 0.537316 },
			orient = { { -0.594936,  0.000000,  0.803773 },
					   {  0.000000,  1.000000,  0.000000 },
					   { -0.803773,  0.000000, -0.594936 } }
		}
	},

	{
		entity_name = "Mrk_King_Hand_Gesture_hand_Right_Wave",
		type = MARKER,
		template_name = "",
		lt_grp = 0, srt_grp = 0, usr_flg = 0,
		spatialprops =
		{
			pos = { -2.80986, 1.410341, 0.705398 },
			orient = { { -0.594936,  0.000000,  0.803773 },
					   {  0.000000,  1.000000,  0.000000 },
					   { -0.803773,  0.000000, -0.594936 } }
		}
	},

	{
		entity_name = "Mrk_King_For_Head_Tilt",
		type = MARKER,
		template_name = "",
		lt_grp = 0, srt_grp = 0, usr_flg = 0,
		spatialprops =
		{
			pos = { -1.9323, 1.504909, 0.980689 },
			orient = { {  0.819570,  0.000000, -0.572979 },
					   {  0.000000,  1.000000,  0.000000 },
					   {  0.572979,  0.000000,  0.819570 } }
		}
	},

	{
		entity_name = "Mrk_King_Start_drink",
		type = MARKER,
		template_name = "",
		lt_grp = 0, srt_grp = 0, usr_flg = 0,
		spatialprops =
		{
			pos = { -2.181229, -0.650906, 0.981257 },
			orient = { { -0.767714,  0.000000, -0.640792 },
					   {  0.000000,  1.000000,  0.000000 },
					   {  0.640792,  0.000000, -0.767714 } }
		}
	},

	{
		entity_name = "Mrk_King_Start_drink_hand",
		type = MARKER,
		template_name = "",
		lt_grp = 0, srt_grp = 0, usr_flg = 0,
		spatialprops =
		{
			pos = { -2.181229, 1.204838, 0.981257 },
			orient = { { -0.767714,  0.000000, -0.640792 },
					   {  0.000000,  1.000000,  0.000000 },
					   {  0.640792,  0.000000, -0.767714 } }
		}
	},

	{
		entity_name = "Mrk_King_Start_drink_hand_Start",
		type = MARKER,
		template_name = "",
		lt_grp = 0, srt_grp = 0, usr_flg = 0,
		spatialprops =
		{
			pos = { -2.181229, 1.121228, 0.981257 },
			orient = { { -0.767714,  0.000000, -0.640792 },
					   {  0.000000,  1.000000,  0.000000 },
					   {  0.640792,  0.000000, -0.767714 } }
		}
	},

	{
		entity_name = "Cam_06_OTS_King_w_Trent_3",
		type = CAMERA,
		template_name = "",
		lt_grp = 0, srt_grp = 0, usr_flg = 0,
		flags = HIDDEN,
		spatialprops =
		{
			pos = { -3.131329, 1.714041, 2.671783 },
			orient = { {  0.978235,  0.000000,  0.207500 },
					   {  0.024310,  0.993113, -0.114609 },
					   { -0.206071,  0.117159,  0.971498 } }
		},
		cameraprops =
		{
			fovh = 20,
			hvaspect = 1.85,
			nearplane = 0.1,
			farplane = 5000
		}
	},

	{
		entity_name = "Char_King_Glass_Mrk",
		type = MARKER,
		template_name = "",
		lt_grp = 0, srt_grp = 0, usr_flg = 0,
		spatialprops =
		{
			pos = { -2.589052, 1.169588, -0.419507 },
			orient = { {  0.797011,  0.022695, -0.603538 },
					   { -0.603965,  0.029949, -0.796448 },
					   {  0.000000,  0.999294,  0.037576 } }
		}
	},

	{
		entity_name = "Mrk_King_Hand_Gesture_Right_Arm",
		type = MARKER,
		template_name = "",
		lt_grp = 0, srt_grp = 0, usr_flg = 0,
		spatialprops =
		{
			pos = { -2.735166, 0.018508, 0.446055 },
			orient = { { -0.594936,  0.000000,  0.803773 },
					   {  0.000000,  1.000000,  0.000000 },
					   { -0.803773,  0.000000, -0.594936 } }
		}
	},

	{
		entity_name = "Mrk_Juni_Hand_Gesture_Left_Arm",
		type = MARKER,
		template_name = "",
		lt_grp = 0, srt_grp = 0, usr_flg = 0,
		spatialprops =
		{
			pos = { -2.935953, 0.018508, 0.980032 },
			orient = { { -0.594936,  0.000000,  0.803773 },
					   {  0.000000,  1.000000,  0.000000 },
					   { -0.803773,  0.000000, -0.594936 } }
		}
	},

	{
		entity_name = "Mrk_Juni_Hand_Gesture_Arm_Right",
		type = MARKER,
		template_name = "",
		lt_grp = 0, srt_grp = 0, usr_flg = 0,
		spatialprops =
		{
			pos = { -3.422633, 0.018508, 1.637549 },
			orient = { { -0.594936,  0.000000,  0.803773 },
					   {  0.000000,  1.000000,  0.000000 },
					   { -0.803773,  0.000000, -0.594936 } }
		}
	},

	{
		entity_name = "Mrk_Juni_Hand_Gesture_FR_Fist_Right",
		type = MARKER,
		template_name = "",
		lt_grp = 0, srt_grp = 0, usr_flg = 0,
		spatialprops =
		{
			pos = { -3.35444, 0.838702, 1.545419 },
			orient = { { -0.594936,  0.000000,  0.803773 },
					   {  0.000000,  1.000000,  0.000000 },
					   { -0.803773,  0.000000, -0.594936 } }
		}
	},

	{
		entity_name = "Mrk_Juni_Hand_Gesture_Fist_Hand_Right",
		type = MARKER,
		template_name = "",
		lt_grp = 0, srt_grp = 0, usr_flg = 0,
		spatialprops =
		{
			pos = { -3.24513, 1.461418, 1.613366 },
			orient = { { -0.594936,  0.000000,  0.803773 },
					   {  0.000000,  1.000000,  0.000000 },
					   { -0.803773,  0.000000, -0.594936 } }
		}
	},

	{
		entity_name = "Mrk_Trent_Head_For_Juni_Nod_up_2",
		type = MARKER,
		template_name = "",
		lt_grp = 0, srt_grp = 0, usr_flg = 0,
		spatialprops =
		{
			pos = { -3.292991, 1.648503, 1.158488 },
			orient = { { -0.594936,  0.000000,  0.803773 },
					   {  0.000000,  1.000000,  0.000000 },
					   { -0.803773,  0.000000, -0.594936 } }
		}
	},

	{
		entity_name = "Mrk_Trent_Head_For_Juni_Look_Leaving_Ldown",
		type = MARKER,
		template_name = "",
		lt_grp = 0, srt_grp = 0, usr_flg = 0,
		spatialprops =
		{
			pos = { -3.858779, 1.431024, 2.08896 },
			orient = { {  0.978365,  0.000338,  0.206886 },
					   { -0.001254,  0.999990,  0.004296 },
					   { -0.206883, -0.004462,  0.978356 } }
		}
	},

	{
		entity_name = "Char_li_bartender_2_Mrk",
		type = MARKER,
		template_name = "",
		lt_grp = 0, srt_grp = 0, usr_flg = 0,
		spatialprops =
		{
			pos = { -2.339861, 0.957204, -1.475282 },
			orient = { { -0.809881,  0.000000,  0.586594 },
					   {  0.000000,  1.000000,  0.000000 },
					   { -0.586594,  0.000000, -0.809881 } }
		}
	},

	{
		entity_name = "Mrk_Trent_Head_For_Juni_Nod",
		type = MARKER,
		template_name = "",
		lt_grp = 0, srt_grp = 0, usr_flg = 0,
		spatialprops =
		{
			pos = { -3.29299, 1.319057, 1.158487 },
			orient = { { -0.594936,  0.000000,  0.803773 },
					   {  0.000000,  1.000000,  0.000000 },
					   { -0.803773,  0.000000, -0.594936 } }
		}
	},

	{
		entity_name = "Cam_A_Single_King_2",
		type = CAMERA,
