duration = 181.608;

entities =
{

	{
		entity_name = "Layer_Scene_s010x",
		type = SCENE,
		template_name = "",
		lt_grp = 0, srt_grp = 0, usr_flg = 0,
		spatialprops =
		{
			pos = { 0, 0, 0 },
			orient = { { 1, 0, 0 }, { 0, 1, 0 }, { 0, 0, 1 } }
		},
		up = Y_AXIS,
		front = Z_AXIS,
		ambient = { 0, 0, 0 }
	},

	{
		entity_name = "Char_Juni",
		type = DEFORMABLE,
		template_name = "juni",
		lt_grp = 0, srt_grp = 0, usr_flg = 0,
		flags = LIT_DYNAMIC,
		spatialprops =
		{
			pos = { -13223.77, 0, 1894.398 },
			orient = { { -0.227538,  0.000000,  0.973769 },
					   {  0.000000,  1.000000,  0.000000 },
					   { -0.973769,  0.000000, -0.227538 } }
		},
		compoundprops =
		{
			floor_height = 0
		},
		userprops =
		{
			actor = "juni",
			category = "Character",
		}
	},

	{
		entity_name = "Char_King",
		type = DEFORMABLE,
		template_name = "king",
		lt_grp = 0, srt_grp = 0, usr_flg = 0,
		flags = LIT_DYNAMIC,
		spatialprops =
		{
			pos = { -13223.77, 0, 1894.398 },
			orient = { { -0.227538,  0.000000,  0.973769 },
					   {  0.000000,  1.000000,  0.000000 },
					   { -0.973769,  0.000000, -0.227538 } }
		},
		compoundprops =
		{
			floor_height = 0
		},
		userprops =
		{
			actor = "king",
			category = "Character",
		}
	},

	{
		entity_name = "Char_Lonnigan",
		type = DEFORMABLE,
		template_name = "lonnigan",
		lt_grp = 0, srt_grp = 0, usr_flg = 0,
		flags = LIT_DYNAMIC,
		spatialprops =
		{
			pos = { 65.9311, 0, -44.68052 },
			orient = { {  0.429088,  0.000000, -0.903263 },
					   {  0.000000,  1.000000,  0.000000 },
					   {  0.903263,  0.000000,  0.429088 } }
		},
		compoundprops =
		{
			floor_height = 0
		},
		userprops =
		{
			actor = "lonnigan",
			category = "Character",
		}
	},

	{
		entity_name = "Char_Syd",
		type = DEFORMABLE,
		template_name = "syd",
		lt_grp = 0, srt_grp = 0, usr_flg = 0,
		flags = LIT_DYNAMIC,
		spatialprops =
		{
			pos = { 14.13572, 20.075, -61.13527 },
			orient = { { -0.156577,  0.000000,  0.987666 },
					   {  0.000000,  1.000000,  0.000000 },
					   { -0.987666,  0.000000, -0.156577 } }
		},
		compoundprops =
		{
			floor_height = 20.075
		},
		userprops =
		{
			actor = "syd",
			category = "Character",
		}
	},

	{
		entity_name = "Char_Syd_Mrk_shot1_start",
		type = MARKER,
		template_name = "",
		lt_grp = 0, srt_grp = 0, usr_flg = 0,
		spatialprops =
		{
			pos = { 12.39156, 21.04616, -62.80935 },
			orient = { { -0.156577,  0.000000,  0.987666 },
					   {  0.000000,  1.000000,  0.000000 },
					   { -0.987666,  0.000000, -0.156577 } }
		}
	},

	{
		entity_name = "Char_King_Mrk_Start",
		type = MARKER,
		template_name = "",
		lt_grp = 0, srt_grp = 0, usr_flg = 0,
		spatialprops =
		{
			pos = { 60.65221, 0, -45.28586 },
			orient = { {  0.272268,  0.000000, -0.962221 },
					   {  0.000000,  1.000000,  0.000000 },
					   {  0.962221,  0.000000,  0.272268 } }
		}
	},

	{
		entity_name = "Z_Audio_dx_s010x_0101_Trent_1",
		type = SOUND,
		template_name = "dx_s010x_0101_Trent",
		lt_grp = 0, srt_grp = 0, usr_flg = 0,
		spatialprops =
		{
			pos = { 0, 0, 0 },
			orient = { { 1, 0, 0 }, { 0, 1, 0 }, { 0, 0, 1 } }
		},
		audioprops =
		{
			attenuation = -6,
			pan = 0,
			dmin = 50,
			dmax = 1000,
			aout = 360,
			atout = 0,
			rmix = 0,
		},
		userprops =
		{
			category = "Audio",
		}
	},

	{
		entity_name = "Z_Audio_dx_s010x_0301_Trent_3",
		type = SOUND,
		template_name = "dx_s010x_0301_Trent",
		lt_grp = 0, srt_grp = 0, usr_flg = 0,
		spatialprops =
		{
			pos = { 0, 0, 0 },
			orient = { { 1, 0, 0 }, { 0, 1, 0 }, { 0, 0, 1 } }
		},
		audioprops =
		{
			attenuation = -6,
			pan = 0,
			dmin = 50,
			dmax = 1000,
			ain = 360,
			aout = 360,
			atout = 0,
		},
		userprops =
		{
			category = "Audio",
		}
	},

	{
		entity_name = "Z_Audio_dx_s010x_0501_Trent_5",
		type = SOUND,
		template_name = "dx_s010x_0501_Trent",
		lt_grp = 0, srt_grp = 0, usr_flg = 0,
		spatialprops =
		{
			pos = { 0, 0, 0 },
			orient = { { 1, 0, 0 }, { 0, 1, 0 }, { 0, 0, 1 } }
		},
		audioprops =
		{
			attenuation = -6,
			pan = 0,
			dmin = 50,
			dmax = 1000,
			ain = 360,
			aout = 360,
			atout = 0,
			rmix = 0,
		},
		userprops =
		{
			category = "Audio",
		}
	},

	{
		entity_name = "Z_Audio_dx_s010x_0701_Trent_7",
		type = SOUND,
		template_name = "dx_s010x_0701_Trent",
		lt_grp = 0, srt_grp = 0, usr_flg = 0,
		spatialprops =
		{
			pos = { 0, 0, 0 },
			orient = { { 1, 0, 0 }, { 0, 1, 0 }, { 0, 0, 1 } }
		},
		audioprops =
		{
			attenuation = -6,
			pan = 0,
			dmin = 50,
			dmax = 1000,
			ain = 360,
			aout = 360,
			atout = 0,
			rmix = 0,
		},
		userprops =
		{
			category = "Audio",
		}
	},

	{
		entity_name = "Z_Audio_dx_s010x_0901_Trent_11",
		type = SOUND,
		template_name = "dx_s010x_0901_Trent",
		lt_grp = 0, srt_grp = 0, usr_flg = 0,
		spatialprops =
		{
			pos = { 0, 0, 0 },
			orient = { { 1, 0, 0 }, { 0, 1, 0 }, { 0, 0, 1 } }
		},
		audioprops =
		{
			attenuation = -6,
			pan = 0,
			dmin = 50,
			dmax = 1000,
			ain = 360,
			aout = 360,
			atout = 0,
			rmix = 0,
		},
		userprops =
		{
			category = "Audio",
		}
	},

	{
		entity_name = "Z_Audio_dx_s010x_1101_Trent_15",
		type = SOUND,
		template_name = "dx_s010x_1101_Trent",
		lt_grp = 0, srt_grp = 0, usr_flg = 0,
		spatialprops =
		{
			pos = { 0, 0, 0 },
			orient = { { 1, 0, 0 }, { 0, 1, 0 }, { 0, 0, 1 } }
		},
		audioprops =
		{
			attenuation = -6,
			pan = 0,
			dmin = 50,
			dmax = 1000,
			ain = 360,
			aout = 360,
			atout = 0,
			rmix = 0,
		},
		userprops =
		{
			category = "Audio",
		}
	},

	{
		entity_name = "Z_Audio_dx_s010x_1401_Trent_19",
		type = SOUND,
		template_name = "dx_s010x_1401_Trent",
		lt_grp = 0, srt_grp = 0, usr_flg = 0,
		spatialprops =
		{
			pos = { 0, 0, 0 },
			orient = { { 1, 0, 0 }, { 0, 1, 0 }, { 0, 0, 1 } }
		},
		audioprops =
		{
			attenuation = -6,
			pan = 0,
			dmin = 50,
			dmax = 1000,
			ain = 360,
			aout = 360,
			atout = 0,
			rmix = 0,
		},
		userprops =
		{
			category = "Audio",
		}
	},

	{
		entity_name = "Z_Audio_dx_s010x_1601_Trent_22",
		type = SOUND,
		template_name = "dx_s010x_1601_Trent",
		lt_grp = 0, srt_grp = 0, usr_flg = 0,
		spatialprops =
		{
			pos = { 0, 0, 0 },
			orient = { { 1, 0, 0 }, { 0, 1, 0 }, { 0, 0, 1 } }
		},
		audioprops =
		{
			attenuation = -6,
			pan = 0,
			dmin = 50,
			dmax = 1000,
			ain = 360,
			aout = 360,
			atout = 0,
			rmix = 0,
		},
		userprops =
		{
			category = "Audio",
		}
	},

	{
		entity_name = "Z_Audio_dx_s010x_1701_Trent_23",
		type = SOUND,
		template_name = "dx_s010x_1701_Trent",
		lt_grp = 0, srt_grp = 0, usr_flg = 0,
		spatialprops =
		{
			pos = { 0, 0, 0 },
			orient = { { 1, 0, 0 }, { 0, 1, 0 }, { 0, 0, 1 } }
		},
		audioprops =
		{
			attenuation = -6,
			pan = 0,
			dmin = 50,
			dmax = 1000,
			ain = 360,
			aout = 360,
			atout = 0,
			rmix = 0,
		},
		userprops =
		{
			category = "Audio",
		}
	},

	{
		entity_name = "Z_Audio_dx_s010x_1702_Trent_24",
		type = SOUND,
		template_name = "dx_s010x_1702_Trent",
		lt_grp = 0, srt_grp = 0, usr_flg = 0,
		spatialprops =
		{
			pos = { 0, 0, 0 },
			orient = { { 1, 0, 0 }, { 0, 1, 0 }, { 0, 0, 1 } }
		},
		audioprops =
		{
			attenuation = -6,
			pan = 0,
			dmin = 50,
			dmax = 1000,
			ain = 360,
			aout = 360,
			atout = 0,
			rmix = 0,
		},
		userprops =
		{
			category = "Audio",
		}
	},

	{
		entity_name = "Z_Audio_dx_s010x_1801_juni_25",
		type = SOUND,
		template_name = "dx_s010x_1801_juni",
		lt_grp = 0, srt_grp = 0, usr_flg = 0,
		spatialprops =
		{
			pos = { 0, 0, 0 },
			orient = { { 1, 0, 0 }, { 0, 1, 0 }, { 0, 0, 1 } }
		},
		audioprops =
		{
			attenuation = -6,
			pan = 0,
			dmin = 50,
			dmax = 1000,
			ain = 360,
			aout = 360,
			atout = 0,
			rmix = 0,
		},
		userprops =
		{
			category = "Audio",
		}
	},

	{
		entity_name = "Z_Audio_dx_s010x_1901_juni_26",
		type = SOUND,
		template_name = "dx_s010x_1901_juni",
		lt_grp = 0, srt_grp = 0, usr_flg = 0,
		spatialprops =
		{
			pos = { 0, 0, 0 },
			orient = { { 1, 0, 0 }, { 0, 1, 0 }, { 0, 0, 1 } }
		},
		audioprops =
		{
			attenuation = -6,
			pan = 0,
			dmin = 50,
			dmax = 1000,
			ain = 360,
			aout = 360,
			atout = 0,
			rmix = 0,
		},
		userprops =
		{
			category = "Audio",
		}
	},

	{
		entity_name = "Z_Audio_dx_s010x_2001_Trent_27",
		type = SOUND,
		template_name = "dx_s010x_2001_Trent",
		lt_grp = 0, srt_grp = 0, usr_flg = 0,
		spatialprops =
		{
			pos = { 0, 0, 0 },
			orient = { { 1, 0, 0 }, { 0, 1, 0 }, { 0, 0, 1 } }
		},
		audioprops =
		{
			attenuation = -6,
			pan = 0,
			dmin = 50,
			dmax = 1000,
			ain = 360,
			aout = 360,
			atout = 0,
			rmix = 0,
		},
		userprops =
		{
			category = "Audio",
		}
	},

	{
		entity_name = "Z_Audio_dx_s010x_2301_King_30",
		type = SOUND,
		template_name = "dx_s010x_2301_King",
		lt_grp = 0, srt_grp = 0, usr_flg = 0,
		spatialprops =
		{
			pos = { 0, 0, 0 },
			orient = { { 1, 0, 0 }, { 0, 1, 0 }, { 0, 0, 1 } }
		},
		audioprops =
		{
			attenuation = -6,
			pan = 0,
			dmin = 50,
			dmax = 1000,
			ain = 360,
			aout = 360,
			atout = 0,
			rmix = 0,
		},
		userprops =
		{
			category = "Audio",
		}
	},

	{
		entity_name = "Z_Audio_dx_s010x_2401_Trent_31",
		type = SOUND,
		template_name = "dx_s010x_2401_Trent",
		lt_grp = 0, srt_grp = 0, usr_flg = 0,
		spatialprops =
		{
			pos = { 0, 0, 0 },
			orient = { { 1, 0, 0 }, { 0, 1, 0 }, { 0, 0, 1 } }
		},
		audioprops =
		{
			attenuation = -6,
			pan = 0,
			dmin = 50,
			dmax = 1000,
			ain = 360,
			aout = 360,
			atout = 0,
			rmix = 0,
		},
		userprops =
		{
			category = "Audio",
		}
	},

	{
		entity_name = "Z_Audio_dx_s010x_2501_juni_32",
		type = SOUND,
		template_name = "dx_s010x_2501_juni",
		lt_grp = 0, srt_grp = 0, usr_flg = 0,
		spatialprops =
		{
			pos = { 0, 0, 0 },
			orient = { { 1, 0, 0 }, { 0, 1, 0 }, { 0, 0, 1 } }
		},
		audioprops =
		{
			attenuation = -6,
			pan = 0,
			dmin = 50,
			dmax = 1000,
			ain = 360,
			aout = 360,
			atout = 0,
			rmix = 0,
		},
		userprops =
		{
			category = "Audio",
		}
	},

	{
		entity_name = "Z_Audio_dx_s010x_2601_Trent_33",
		type = SOUND,
		template_name = "dx_s010x_2601_Trent",
		lt_grp = 0, srt_grp = 0, usr_flg = 0,
		spatialprops =
		{
			pos = { 0, 0, 0 },
			orient = { { 1, 0, 0 }, { 0, 1, 0 }, { 0, 0, 1 } }
		},
		audioprops =
		{
			attenuation = -6,
			pan = 0,
			dmin = 50,
			dmax = 1000,
			ain = 360,
			aout = 360,
			atout = 0,
			rmix = 0,
		},
		userprops =
		{
			category = "Audio",
		}
	},

	{
		entity_name = "Z_Audio_dx_s010x_2701_Trent_34",
		type = SOUND,
		template_name = "dx_s010x_2701_Trent",
		lt_grp = 0, srt_grp = 0, usr_flg = 0,
		spatialprops =
		{
			pos = { 0, 0, 0 },
			orient = { { 1, 0, 0 }, { 0, 1, 0 }, { 0, 0, 1 } }
		},
		audioprops =
		{
			attenuation = -6,
			pan = 0,
			dmin = 50,
			dmax = 1000,
			ain = 360,
			aout = 360,
			atout = 0,
			rmix = 0,
		},
		userprops =
		{
			category = "Audio",
		}
	},

	{
		entity_name = "Z_Audio_dx_s010x_2801_juni_35",
		type = SOUND,
		template_name = "dx_s010x_2801_juni",
		lt_grp = 0, srt_grp = 0, usr_flg = 0,
		spatialprops =
		{
			pos = { 0, 0, 0 },
			orient = { { 1, 0, 0 }, { 0, 1, 0 }, { 0, 0, 1 } }
		},
		audioprops =
		{
			attenuation = -6,
			pan = 0,
			dmin = 50,
			dmax = 1000,
			ain = 360,
			aout = 360,
			atout = 0,
			rmix = 0,
		},
		userprops =
		{
			category = "Audio",
		}
	},

	{
		entity_name = "Z_Audio_dx_s010x_2802_juni_36",
		type = SOUND,
		template_name = "dx_s010x_2802_juni",
		lt_grp = 0, srt_grp = 0, usr_flg = 0,
		spatialprops =
		{
			pos = { 0, 0, 0 },
			orient = { { 1, 0, 0 }, { 0, 1, 0 }, { 0, 0, 1 } }
		},
		audioprops =
		{
			attenuation = -6,
			pan = 0,
			dmin = 50,
			dmax = 1000,
			ain = 360,
			aout = 360,
			atout = 0,
			rmix = 0,
		},
		userprops =
		{
			category = "Audio",
		}
	},

	{
		entity_name = "Z_Audio_dx_s010x_2901_Trent_37",
		type = SOUND,
		template_name = "dx_s010x_2901_Trent",
		lt_grp = 0, srt_grp = 0, usr_flg = 0,
		spatialprops =
		{
			pos = { 0, 0, 0 },
			orient = { { 1, 0, 0 }, { 0, 1, 0 }, { 0, 0, 1 } }
		},
		audioprops =
		{
			attenuation = -6,
			pan = 0,
			dmin = 50,
			dmax = 1000,
			ain = 360,
			aout = 360,
			atout = 0,
			rmix = 0,
		},
		userprops =
		{
			category = "Audio",
		}
	},

	{
		entity_name = "Z_Audio_dx_s010x_3001_King_38",
		type = SOUND,
		template_name = "dx_s010x_3001_King",
		lt_grp = 0, srt_grp = 0, usr_flg = 0,
		spatialprops =
		{
			pos = { 0, 0, 0 },
			orient = { { 1, 0, 0 }, { 0, 1, 0 }, { 0, 0, 1 } }
		},
		audioprops =
		{
			attenuation = -6,
			pan = 0,
			dmin = 50,
			dmax = 1000,
			ain = 360,
			aout = 360,
			atout = 0,
			rmix = 0,
		},
		userprops =
		{
			category = "Audio",
		}
	},

	{
		entity_name = "Z_Audio_dx_s010x_3101_juni_40",
		type = SOUND,
		template_name = "dx_s010x_3101_juni",
		lt_grp = 0, srt_grp = 0, usr_flg = 0,
		spatialprops =
		{
			pos = { 0, 0, 0 },
			orient = { { 1, 0, 0 }, { 0, 1, 0 }, { 0, 0, 1 } }
		},
		audioprops =
		{
			attenuation = -6,
			pan = 0,
			dmin = 50,
			dmax = 1000,
			ain = 360,
			aout = 360,
			atout = 0,
			rmix = 0,
		},
		userprops =
		{
			category = "Audio",
		}
	},

	{
		entity_name = "Z_Audio_dx_s010x_3201_Trent_41",
		type = SOUND,
		template_name = "dx_s010x_3201_Trent",
		lt_grp = 0, srt_grp = 0, usr_flg = 0,
		spatialprops =
		{
			pos = { 0, 0, 0 },
			orient = { { 1, 0, 0 }, { 0, 1, 0 }, { 0, 0, 1 } }
		},
		audioprops =
		{
			attenuation = -6,
			pan = 0,
			dmin = 50,
			dmax = 1000,
			ain = 360,
			aout = 360,
			atout = 0,
			rmix = 0,
		},
		userprops =
		{
			category = "Audio",
		}
	},

	{
		entity_name = "Z_Audio_dx_s010x_3301_juni_42",
		type = SOUND,
		template_name = "dx_s010x_3301_juni",
		lt_grp = 0, srt_grp = 0, usr_flg = 0,
		spatialprops =
		{
			pos = { 0, 0, 0 },
			orient = { { 1, 0, 0 }, { 0, 1, 0 }, { 0, 0, 1 } }
		},
		audioprops =
		{
			attenuation = -6,
			pan = 0,
			dmin = 50,
			dmax = 1000,
			ain = 360,
			aout = 360,
			atout = 0,
			rmix = 0,
		},
		userprops =
		{
			category = "Audio",
		}
	},

	{
		entity_name = "Z_Audio_dx_s010x_3302_juni_43",
		type = SOUND,
		template_name = "dx_s010x_3302_juni",
		lt_grp = 0, srt_grp = 0, usr_flg = 0,
		spatialprops =
		{
			pos = { 0, 0, 0 },
			orient = { { 1, 0, 0 }, { 0, 1, 0 }, { 0, 0, 1 } }
		},
		audioprops =
		{
			attenuation = -6,
			pan = 0,
			dmin = 50,
			dmax = 1000,
			ain = 360,
			aout = 360,
			atout = 0,
			rmix = 0,
		},
		userprops =
		{
			category = "Audio",
		}
	},

	{
		entity_name = "Z_Audio_dx_s010x_0201_Lonnigan_15",
		type = SOUND,
		template_name = "dx_s010x_0201_Lonnigan",
		lt_grp = 0, srt_grp = 0, usr_flg = 0,
		spatialprops =
		{
			pos = { 0, 0, 0 },
			orient = { { 1, 0, 0 }, { 0, 1, 0 }, { 0, 0, 1 } }
		},
		audioprops =
		{
			attenuation = -6,
			pan = 0,
			dmin = 50,
			dmax = 1000,
			ain = 360,
			aout = 360,
			atout = 0,
			rmix = 0,
		},
		userprops =
		{
			category = "Audio",
		}
	},

	{
		entity_name = "Z_Audio_dx_s010x_0401_Lonnigan_16",
		type = SOUND,
		template_name = "dx_s010x_0401_Lonnigan",
		lt_grp = 0, srt_grp = 0, usr_flg = 0,
		spatialprops =
		{
			pos = { 0, 0, 0 },
			orient = { { 1, 0, 0 }, { 0, 1, 0 }, { 0, 0, 1 } }
		},
		audioprops =
		{
			attenuation = -6,
			pan = 0,
			dmin = 50,
			dmax = 1000,
			ain = 360,
			aout = 360,
			atout = 0,
			rmix = 0,
		},
		userprops =
		{
			category = "Audio",
		}
	},

	{
		entity_name = "Z_Audio_dx_s010x_0601_Lonnigan_17",
		type = SOUND,
		template_name = "dx_s010x_0601_Lonnigan",
		lt_grp = 0, srt_grp = 0, usr_flg = 0,
		spatialprops =
		{
			pos = { 0, 0, 0 },
			orient = { { 1, 0, 0 }, { 0, 1, 0 }, { 0, 0, 1 } }
		},
		audioprops =
		{
			attenuation = -6,
			pan = 0,
			dmin = 50,
			dmax = 1000,
			ain = 360,
			aout = 360,
			atout = 0,
			rmix = 0,
		},
		userprops =
		{
			category = "Audio",
		}
	},

	{
		entity_name = "Z_Audio_dx_s010x_0801_Lonnigan_18",
		type = SOUND,
		template_name = "dx_s010x_0801_Lonnigan",
		lt_grp = 0, srt_grp = 0, usr_flg = 0,
		spatialprops =
		{
			pos = { 0, 0, 0 },
			orient = { { 1, 0, 0 }, { 0, 1, 0 }, { 0, 0, 1 } }
		},
		audioprops =
		{
			attenuation = -6,
			pan = 0,
			dmin = 50,
			dmax = 1000,
			ain = 360,
			aout = 360,
			atout = 0,
			rmix = 0,
		},
		userprops =
		{
			category = "Audio",
		}
	},

	{
		entity_name = "Z_Audio_dx_s010x_0802_Lonnigan_19",
		type = SOUND,
		template_name = "dx_s010x_0802_Lonnigan",
		lt_grp = 0, srt_grp = 0, usr_flg = 0,
		spatialprops =
		{
			pos = { 0, 0, 0 },
			orient = { { 1, 0, 0 }, { 0, 1, 0 }, { 0, 0, 1 } }
		},
		audioprops =
		{
			attenuation = -6,
			pan = 0,
			dmin = 50,
			dmax = 1000,
			ain = 360,
			aout = 360,
			atout = 0,
			rmix = 0,
		},
		userprops =
		{
			category = "Audio",
		}
	},

	{
		entity_name = "Z_Audio_dx_s010x_0803_Lonnigan_20",
		type = SOUND,
		template_name = "dx_s010x_0803_Lonnigan",
		lt_grp = 0, srt_grp = 0, usr_flg = 0,
		spatialprops =
		{
			pos = { 0, 0, 0 },
			orient = { { 1, 0, 0 }, { 0, 1, 0 }, { 0, 0, 1 } }
		},
		audioprops =
		{
			attenuation = -6,
			pan = 0,
			dmin = 50,
			dmax = 1000,
			ain = 360,
			aout = 360,
			atout = 0,
			rmix = 0,
		},
		userprops =
		{
			category = "Audio",
		}
	},

	{
		entity_name = "Z_Audio_dx_s010x_1001_Lonnigan_21",
		type = SOUND,
		template_name = "dx_s010x_1001_Lonnigan",
		lt_grp = 0, srt_grp = 0, usr_flg = 0,
		spatialprops =
		{
			pos = { 0, 0, 0 },
			orient = { { 1, 0, 0 }, { 0, 1, 0 }, { 0, 0, 1 } }
		},
		audioprops =
		{
			attenuation = -6,
			pan = 0,
			dmin = 50,
			dmax = 1000,
			ain = 360,
			aout = 360,
			atout = 0,
			rmix = 0,
		},
		userprops =
		{
			category = "Audio",
		}
	},

	{
		entity_name = "Z_Audio_dx_s010x_1002_Lonnigan_22",
		type = SOUND,
		template_name = "dx_s010x_1002_Lonnigan",
		lt_grp = 0, srt_grp = 0, usr_flg = 0,
		spatialprops =
		{
			pos = { 0, 0, 0 },
			orient = { { 1, 0, 0 }, { 0, 1, 0 }, { 0, 0, 1 } }
		},
		audioprops =
		{
			attenuation = -6,
			pan = 0,
			dmin = 50,
			dmax = 1000,
			ain = 360,
			aout = 360,
			atout = 0,
			rmix = 0,
		},
		userprops =
		{
			category = "Audio",
		}
	},

	{
		entity_name = "Z_Audio_dx_s010x_1003_Lonnigan_23",
		type = SOUND,
		template_name = "dx_s010x_1003_Lonnigan",
		lt_grp = 0, srt_grp = 0, usr_flg = 0,
		spatialprops =
		{
			pos = { 0, 0, 0 },
			orient = { { 1, 0, 0 }, { 0, 1, 0 }, { 0, 0, 1 } }
		},
		audioprops =
		{
			attenuation = -6,
			pan = 0,
			dmin = 50,
			dmax = 1000,
			ain = 360,
			aout = 360,
			atout = 0,
			rmix = 0,
		},
		userprops =
		{
			category = "Audio",
		}
	},

	{
		entity_name = "Z_Audio_dx_s010x_1201_Lonnigan_24",
		type = SOUND,
		template_name = "dx_s010x_1201_Lonnigan",
		lt_grp = 0, srt_grp = 0, usr_flg = 0,
		spatialprops =
		{
			pos = { 0, 0, 0 },
			orient = { { 1, 0, 0 }, { 0, 1, 0 }, { 0, 0, 1 } }
		},
		audioprops =
		{
			attenuation = -6,
			pan = 0,
			dmin = 50,
			dmax = 1000,
			ain = 360,
			aout = 360,
			atout = 0,
			rmix = 0,
		},
		userprops =
		{
			category = "Audio",
		}
	},

	{
		entity_name = "Z_Audio_dx_s010x_1202_Lonnigan_25",
		type = SOUND,
		template_name = "dx_s010x_1202_Lonnigan",
		lt_grp = 0, srt_grp = 0, usr_flg = 0,
		spatialprops =
		{
			pos = { 0, 0, 0 },
			orient = { { 1, 0, 0 }, { 0, 1, 0 }, { 0, 0, 1 } }
		},
		audioprops =
		{
			attenuation = -6,
			pan = 0,
			dmin = 50,
			dmax = 1000,
			ain = 360,
			aout = 360,
			atout = 0,
			rmix = 0,
		},
		userprops =
		{
			category = "Audio",
		}
	},

	{
		entity_name = "Z_Audio_dx_s010x_1301_Lonnigan_26",
		type = SOUND,
		template_name = "dx_s010x_1301_Lonnigan",
		lt_grp = 0, srt_grp = 0, usr_flg = 0,
		spatialprops =
		{
			pos = { 0, 0, 0 },
			orient = { { 1, 0, 0 }, { 0, 1, 0 }, { 0, 0, 1 } }
		},
		audioprops =
		{
			attenuation = -6,
			pan = 0,
			dmin = 50,
			dmax = 1000,
			ain = 360,
			aout = 360,
			atout = 0,
			rmix = 0,
		},
		userprops =
		{
			category = "Audio",
		}
	},

	{
		entity_name = "Z_Audio_dx_s010x_1501_Lonnigan_27",
		type = SOUND,
		template_name = "dx_s010x_1501_Lonnigan",
		lt_grp = 0, srt_grp = 0, usr_flg = 0,
		spatialprops =
		{
			pos = { 0, 0, 0 },
			orient = { { 1, 0, 0 }, { 0, 1, 0 }, { 0, 0, 1 } }
		},
		audioprops =
		{
			attenuation = -6,
			pan = 0,
			dmin = 50,
			dmax = 1000,
			ain = 360,
			aout = 360,
			atout = 0,
			rmix = 0,
		},
		userprops =
		{
			category = "Audio",
		}
	},

	{
		entity_name = "Z_Audio_dx_s010x_1502_Lonnigan_28",
		type = SOUND,
		template_name = "dx_s010x_1502_Lonnigan",
		lt_grp = 0, srt_grp = 0, usr_flg = 0,
		spatialprops =
		{
			pos = { 0, 0, 0 },
			orient = { { 1, 0, 0 }, { 0, 1, 0 }, { 0, 0, 1 } }
		},
		audioprops =
		{
			attenuation = -6,
			pan = 0,
			dmin = 50,
			dmax = 1000,
			ain = 360,
			aout = 360,
			atout = 0,
			rmix = 0,
		},
		userprops =
		{
			category = "Audio",
		}
	},

	{
		entity_name = "Z_Audio_dx_s010x_2101_Trent_1",
		type = SOUND,
		template_name = "dx_s010x_2101_Trent",
		lt_grp = 0, srt_grp = 0, usr_flg = 0,
		spatialprops =
		{
			pos = { 0, 0, 0 },
			orient = { { 1, 0, 0 }, { 0, 1, 0 }, { 0, 0, 1 } }
		},
		audioprops =
		{
			attenuation = -6,
			pan = 0,
			dmin = 50,
			dmax = 1000,
			ain = 360,
			aout = 360,
			atout = 0,
			rmix = 0,
		},
		userprops =
		{
			category = "Audio",
		}
	},

	{
		entity_name = "Z_Audio_dx_s010x_2201_juni_2",
		type = SOUND,
		template_name = "dx_s010x_2201_juni",
		lt_grp = 0, srt_grp = 0, usr_flg = 0,
		spatialprops =
		{
			pos = { 0, 0, 0 },
			orient = { { 1, 0, 0 }, { 0, 1, 0 }, { 0, 0, 1 } }
		},
		audioprops =
		{
			attenuation = -6,
			pan = 0,
			dmin = 50,
			dmax = 1000,
			ain = 360,
			aout = 360,
			atout = 0,
			rmix = 0,
		},
		userprops =
		{
			category = "Audio",
		}
	},

	{
		entity_name = "Cam_2O1_OTS_Syd_End",
		type = CAMERA,
		template_name = "",
		lt_grp = 0, srt_grp = 0, usr_flg = 0,
		flags = HIDDEN,
		spatialprops =
		{
			pos = { 13.71145, 22.38781, -61.05596 },
			orient = { { -0.174031,  0.000000,  0.984740 },
					   {  0.388490,  0.918892,  0.068657 },
					   { -0.904869,  0.394510, -0.159916 } }
		},
		cameraprops =
		{
			fovh = 10,
			hvaspect = 1.85,
			nearplane = 1,
			farplane = 100000
		}
	},

	{
		entity_name = "cam_Monitor",
		type = MONITOR,
		template_name = "",
		lt_grp = 0, srt_grp = 0, usr_flg = 0,
		userprops =
		{
			Priority = "Monitor_Moving_1",
		}
	},

	{
		entity_name = "Z_Audio_dx_s010x_1503_Lonnigan_1",
		type = SOUND,
		template_name = "dx_s010x_1503_Lonnigan",
		lt_grp = 0, srt_grp = 0, usr_flg = 0,
		spatialprops =
		{
			pos = { 0, 0, 0 },
			orient = { { 1, 0, 0 }, { 0, 1, 0 }, { 0, 0, 1 } }
		},
		audioprops =
		{
			attenuation = -6,
			pan = 0,
			dmin = 50,
			dmax = 1000,
			ain = 360,
			aout = 360,
			atout = 0,
		},
		userprops =
		{
			category = "Audio",
		}
	},

	{
		entity_name = "Z_Audio_dx_s010x_1504_Lonnigan_2",
		type = SOUND,
		template_name = "dx_s010x_1504_Lonnigan",
		lt_grp = 0, srt_grp = 0, usr_flg = 0,
		spatialprops =
		{
			pos = { 0, 0, 0 },
			orient = { { 1, 0, 0 }, { 0, 1, 0 }, { 0, 0, 1 } }
		},
		audioprops =
		{
			attenuation = -6,
			pan = 0,
			dmin = 50,
			dmax = 1000,
			ain = 360,
			aout = 360,
			atout = 0,
			rmix = 0,
		},
		userprops =
		{
			category = "Audio",
		}
	},

	{
		entity_name = "Z_Audio_dx_s010x_1505_Lonnigan_3",
		type = SOUND,
		template_name = "dx_s010x_1505_Lonnigan",
		lt_grp = 0, srt_grp = 0, usr_flg = 0,
		spatialprops =
		{
			pos = { 0, 0, 0 },
			orient = { { 1, 0, 0 }, { 0, 1, 0 }, { 0, 0, 1 } }
		},
		audioprops =
		{
			attenuation = -6,
			pan = 0,
			dmin = 50,
			dmax = 1000,
			ain = 360,
			aout = 360,
			atout = 0,
			rmix = 0,
		},
		userprops =
		{
			category = "Audio",
		}
	},

	{
		entity_name = "Z_Audio_dx_s010x_1506_Lonnigan_4",
		type = SOUND,
		template_name = "dx_s010x_1506_Lonnigan",
		lt_grp = 0, srt_grp = 0, usr_flg = 0,
		spatialprops =
		{
			pos = { 0, 0, 0 },
			orient = { { 1, 0, 0 }, { 0, 1, 0 }, { 0, 0, 1 } }
		},
		audioprops =
		{
			attenuation = -6,
			pan = 0,
			dmin = 50,
			dmax = 1000,
			ain = 360,
			aout = 360,
			atout = 0,
			rmix = 0,
		},
		userprops =
		{
			category = "Audio",
		}
	},

	{
		entity_name = "Char_Syd_Mrk_shot1_end",
		type = MARKER,
		template_name = "",
		lt_grp = 0, srt_grp = 0, usr_flg = 0,
		spatialprops =
		{
			pos = { 15.28751, 21.04616, -61.12698 },
			orient = { { -0.156577,  0.000000,  0.987666 },
					   {  0.000000,  1.000000,  0.000000 },
					   { -0.987666,  0.000000, -0.156577 } }
		}
	},

	{
		entity_name = "Char_ore_runner_male_1",
		type = DEFORMABLE,
		template_name = "ore_runner_male_1",
		lt_grp = 0, srt_grp = 0, usr_flg = 0,
		flags = LIT_DYNAMIC,
		spatialprops =
		{
			pos = { -13223.77, 0, 1894.398 },
			orient = { { -0.227538,  0.000000,  0.973769 },
					   {  0.000000,  1.000000,  0.000000 },
					   { -0.973769,  0.000000, -0.227538 } }
		},
		compoundprops =
		{
			floor_height = 0
		},
		userprops =
		{
			actor = "ore_runner_1",
			category = "Character",
		}
	},

	{
		entity_name = "Char_ore_runner_male_2",
		type = DEFORMABLE,
		template_name = "ore_runner_male_2",
		lt_grp = 0, srt_grp = 0, usr_flg = 0,
		flags = LIT_DYNAMIC,
		spatialprops =
		{
			pos = { -13223.77, 0, 1894.398 },
			orient = { { -0.227538,  0.000000,  0.973769 },
					   {  0.000000,  1.000000,  0.000000 },
					   { -0.973769,  0.000000, -0.227538 } }
		},
		compoundprops =
		{
			floor_height = 0
		},
		userprops =
		{
			actor = "ore_runner_2",
			category = "Character",
		}
	},

	{
		entity_name = "Z_Mrk_OffScreen",
		type = MARKER,
		template_name = "",
		lt_grp = 0, srt_grp = 0, usr_flg = 0,
		spatialprops =
		{
			pos = { -13223.77, 0, 1894.398 },
			orient = { { -0.227538,  0.000000,  0.973769 },
					   {  0.000000,  1.000000,  0.000000 },
					   { -0.973769,  0.000000, -0.227538 } }
		}
	},

	{
		entity_name = "Ship_Playership_gf_rtc_shipcushion",
		type = PSYS,
		template_name = "gf_rtc_shipcushion",
		lt_grp = 0, srt_grp = 0, usr_flg = 0,
		flags = LIT_DYNAMIC + LIT_AMBIENT,
		spatialprops =
		{
			pos = { 84.74757, 0, -42.25677 },
			orient = { { 1, 0, 0 }, { 0, 1, 0 }, { 0, 0, 1 } }
		},
		psysprops =
		{
			sparam = 0
		}
	},

	{
		entity_name = "Ship_li_fighter_King_gf_rtc_shipcushion",
		type = PSYS,
		template_name = "gf_rtc_shipcushion",
		lt_grp = 0, srt_grp = 0, usr_flg = 0,
		flags = LIT_DYNAMIC + LIT_AMBIENT,
		spatialprops =
		{
			pos = { 72.07488, -0.009128, -32.33527 },
			orient = { { 1, 0, 0 }, { 0, 1, 0 }, { 0, 0, 1 } }
		},
		psysprops =
		{
			sparam = 0
		}
	},

	{
		entity_name = "Cam_1X_OTS_Trent_withAgents",
		type = CAMERA,
		template_name = "",
		lt_grp = 0, srt_grp = 0, usr_flg = 0,
		flags = HIDDEN,
		spatialprops =
		{
			pos = { 68.22865, 1.245098, -38.04885 },
			orient = { {  0.720717, -0.082590, -0.688292 },
					   {  0.021434,  0.995058, -0.096956 },
					   {  0.692898,  0.055124,  0.718925 } }
		},
		cameraprops =
		{
			fovh = 20,
			hvaspect = 1.85,
			nearplane = 3,
			farplane = 5000
		}
	},

	{
		entity_name = "Char_li_male_elite_2_A",
		type = DEFORMABLE,
		template_name = "li_male_elite_2",
		lt_grp = 0, srt_grp = 0, usr_flg = 0,
		flags = LIT_DYNAMIC,
		spatialprops =
		{
			pos = { -13223.58, 0, 1893.595 },
			orient = { { -0.227538,  0.000000,  0.973769 },
					   {  0.000000,  1.000000,  0.000000 },
					   { -0.973769,  0.000000, -0.227538 } }
		},
		compoundprops =
		{
			floor_height = 0
		},
		userprops =
		{
			actor = "li_male_elite_2",
			category = "Character",
		}
	},

	{
		entity_name = "Cam_2O1_OTS_Syd",
		type = CAMERA,
		template_name = "",
		lt_grp = 0, srt_grp = 0, usr_flg = 0,
		flags = HIDDEN,
		spatialprops =
		{
			pos = { 13.81886, 22.94284, -60.69777 },
			orient = { { -0.197375,  0.000000,  0.980328 },
					   {  0.371249,  0.925520,  0.074746 },
					   { -0.907313,  0.378698, -0.182674 } }
		},
		cameraprops =
		{
			fovh = 10,
			hvaspect = 1.85,
			nearplane = 1,
			farplane = 100
		}
	},

	{
		entity_name = "Char_Trent",
		type = DEFORMABLE,
		template_name = "trent",
		lt_grp = 0, srt_grp = 0, usr_flg = 0,
		flags = LIT_DYNAMIC,
		spatialprops =
		{
			pos = { 22.37948, 0, -68.32103 },
			orient = { { -0.227538,  0.000000,  0.973769 },
					   {  0.000000,  1.000000,  0.000000 },
					   { -0.973769,  0.000000, -0.227538 } }
		},
		compoundprops =
		{
			floor_height = 0
		},
		userprops =
		{
			actor = "player",
			category = "Character",
		}
	},

	{
		entity_name = "Cam_2P_TCI_Syd_Hand",
		type = CAMERA,
		template_name = "",
		lt_grp = 0, srt_grp = 0, usr_flg = 0,
		flags = HIDDEN,
		spatialprops =
		{
			pos = { 15.27969, 22.37044, -60.77272 },
			orient = { {  0.223528,  0.000000,  0.974697 },
					   {  0.953803,  0.205946, -0.218736 },
					   { -0.200736,  0.978563,  0.046035 } }
		},
		cameraprops =
		{
			fovh = 10,
			hvaspect = 1.85,
			nearplane = 0.1,
			farplane = 5000
		}
	},

	{
		entity_name = "Ship_PlayerShip_1",
		type = COMPOUND,
		template_name = "PlayerShip",
		lt_grp = 0, srt_grp = 0, usr_flg = 0,
		flags = LIT_DYNAMIC,
		spatialprops =
		{
			pos = { 84.74757, 0, -42.25677 },
			orient = { { 1, 0, 0 }, { 0, 1, 0 }, { 0, 0, 1 } }
		},
		userprops =
		{
			category = "Spaceship",
		}
	},

	{
		entity_name = "Cam_1G_OTS_Trent",
		type = CAMERA,
		template_name = "",
		lt_grp = 0, srt_grp = 0, usr_flg = 0,
		flags = HIDDEN,
		spatialprops =
		{
			pos = { 64.33033, 1.713571, -43.57795 },
			orient = { {  0.647249, -0.025847, -0.761841 },
					   { -0.104002,  0.987085, -0.121848 },
					   {  0.755151,  0.158100,  0.636201 } }
		},
		cameraprops =
		{
			fovh = 25,
			hvaspect = 1.85,
			nearplane = 0.5,
			farplane = 1500
		}
	},

	{
		entity_name = "Cam_1F1_2Shot_TrentLonn",
		type = CAMERA,
		template_name = "",
		lt_grp = 0, srt_grp = 0, usr_flg = 0,
		flags = HIDDEN,
		spatialprops =
		{
			pos = { 60.40998, 1.371407, -43.81705 },
			orient = { {  0.442980, -0.034411,  0.895871 },
					   { -0.022128,  0.998539,  0.049296 },
					   { -0.896258, -0.041660,  0.441572 } }
		},
		cameraprops =
		{
			fovh = 27,
			hvaspect = 1.85,
			nearplane = 1,
			farplane = 10000
		}
	},

	{
		entity_name = "Cam_1E1_CU_Trent",
		type = CAMERA,
		template_name = "",
		lt_grp = 0, srt_grp = 0, usr_flg = 0,
		flags = HIDDEN,
		spatialprops =
		{
			pos = { 62.45024, 1.556817, -44.2005 },
			orient = { {  0.693051, -0.055789, -0.718727 },
					   {  0.043549,  0.998420, -0.035506 },
					   {  0.719572, -0.006692,  0.694385 } }
		},
		cameraprops =
		{
			fovh = 25,
			hvaspect = 1.85,
			nearplane = 0.5,
			farplane = 10000
		}
	},

	{
		entity_name = "Cam_1G1_2Shot_LonnTrent",
		type = CAMERA,
		template_name = "",
		lt_grp = 0, srt_grp = 0, usr_flg = 0,
		flags = HIDDEN,
		spatialprops =
		{
			pos = { 64.29386, 1.526835, -43.01518 },
			orient = { {  0.747490, -0.017326, -0.664047 },
					   { -0.037219,  0.996997, -0.067908 },
					   {  0.663229,  0.075476,  0.744601 } }
		},
		cameraprops =
		{
			fovh = 30,
			hvaspect = 1.85,
			nearplane = 1,
			farplane = 10000
		}
	},

	{
		entity_name = "Char_Lonnigan_Mrk_1",
		type = MARKER,
		template_name = "",
		lt_grp = 0, srt_grp = 0, usr_flg = 0,
		spatialprops =
		{
			pos = { 63.62752, 0.956432, -41.67412 },
			orient = { { -0.826154,  0.000000,  0.563444 },
					   {  0.000000,  1.000000,  0.000000 },
					   { -0.563444,  0.000000, -0.826154 } }
		}
	},

	{
		entity_name = "Char_Lonnigan_Mrk_2",
		type = MARKER,
		template_name = "",
		lt_grp = 0, srt_grp = 0, usr_flg = 0,
		spatialprops =
		{
			pos = { 64.41071, 0.973797, -43.83149 },
			orient = { { -0.241219,  0.000000, -0.970471 },
					   {  0.000000,  1.000000,  0.000000 },
					   {  0.970471,  0.000000, -0.241219 } }
		}
	},

	{
		entity_name = "Char_li_male_elite_3_Prop_rifle",
		type = COMPOUND,
		template_name = "rifle",
		lt_grp = 0, srt_grp = 0, usr_flg = 0,
		flags = LIT_DYNAMIC,
		spatialprops =
		{
			pos = { -13224.39, 1.460987, 1896.143 },
			orient = { {  0.061012, -0.748935, -0.659829 },
					   { -0.965276,  0.123956, -0.229951 },
					   {  0.254008,  0.650947, -0.715366 } }
		},
		userprops =
		{
			category = "Prop",
		}
	},

	{
		entity_name = "Char_li_male_elite_3_Mrk_Start",
		type = MARKER,
		template_name = "",
		lt_grp = 0, srt_grp = 0, usr_flg = 0,
		spatialprops =
		{
			pos = { 45.2775, 0, -53.10851 },
			orient = { { -0.861098,  0.000000, -0.508439 },
					   {  0.000000,  1.000000,  0.000000 },
					   {  0.508439,  0.000000, -0.861098 } }
		}
	},

	{
		entity_name = "Char_Lonnigan_Mrk_3",
		type = MARKER,
		template_name = "",
		lt_grp = 0, srt_grp = 0, usr_flg = 0,
		spatialprops =
		{
			pos = { 64.41071, 0.973797, -43.83149 },
			orient = { { -0.977918,  0.000000,  0.208989 },
					   {  0.000000,  1.000000,  0.000000 },
					   { -0.208989,  0.000000, -0.977918 } }
		}
	},

	{
		entity_name = "Char_li_male_elite_2_A_Prop_baton_stun_1",
		type = COMPOUND,
		template_name = "baton_stun",
		lt_grp = 0, srt_grp = 0, usr_flg = 0,
		flags = LIT_DYNAMIC,
		spatialprops =
		{
			pos = { -13221.43, 0, 1894.398 },
			orient = { { -0.227538,  0.000000,  0.973769 },
					   {  0.000000,  1.000000,  0.000000 },
					   { -0.973769,  0.000000, -0.227538 } }
		},
		userprops =
		{
			category = "Prop",
		}
	},

	{
		entity_name = "Cam_1I_OTS_Pacing_Lonnigan",
		type = CAMERA,
		template_name = "",
		lt_grp = 0, srt_grp = 0, usr_flg = 0,
		flags = HIDDEN,
		spatialprops =
		{
			pos = { 62.70388, 1.463844, -41.35331 },
			orient = { {  0.972972, -0.055918,  0.224050 },
					   {  0.051621,  0.998354,  0.024994 },
					   { -0.225079, -0.012752,  0.974257 } }
		},
		cameraprops =
		{
			fovh = 30,
			hvaspect = 1.85,
			nearplane = 0.5,
			farplane = 10000
		}
	},

	{
		entity_name = "Cam_1J_CU_Trent",
		type = CAMERA,
		template_name = "",
		lt_grp = 0, srt_grp = 0, usr_flg = 0,
		flags = HIDDEN,
		spatialprops =
		{
			pos = { 62.38276, 1.708319, -43.43592 },
			orient = { {  0.932481,  0.017365,  0.360801 },
					   {  0.015265,  0.996057, -0.087391 },
					   { -0.360896,  0.086998,  0.928539 } }
		},
		cameraprops =
		{
			fovh = 25,
			hvaspect = 1.85,
			nearplane = 0.5,
			farplane = 10000
		}
	},

	{
		entity_name = "Cam_1K_CU_Pacing_Lonnigan_End",
		type = CAMERA,
		template_name = "",
		lt_grp = 0, srt_grp = 0, usr_flg = 0,
		flags = HIDDEN,
		spatialprops =
		{
			pos = { 63.58057, 1.33132, -43.94569 },
			orient = { { -0.293280,  0.017385,  0.955868 },
					   { -0.073797,  0.996440, -0.040766 },
					   { -0.953174, -0.082496, -0.290953 } }
		},
		cameraprops =
		{
			fovh = 25,
			hvaspect = 1.85,
			nearplane = 0.1,
			farplane = 100000
		}
	},

	{
		entity_name = "Cam_1K_CU_Pacing_Lonnigan_Start",
		type = CAMERA,
		template_name = "",
		lt_grp = 0, srt_grp = 0, usr_flg = 0,
		flags = HIDDEN,
		spatialprops =
		{
			pos = { 63.59966, 1.29189, -43.94371 },
			orient = { { -0.756394, -0.017346,  0.653886 },
					   { -0.040482,  0.998973, -0.020328 },
					   { -0.652862, -0.041847, -0.756320 } }
		},
		cameraprops =
		{
			fovh = 25,
			hvaspect = 1.85,
			nearplane = 0.5,
			farplane = 10000
		}
	},

	{
		entity_name = "Cam_1L_Wipe_Pacing_Lonnigan_End",
		type = CAMERA,
		template_name = "",
		lt_grp = 0, srt_grp = 0, usr_flg = 0,
		flags = HIDDEN,
		spatialprops =
		{
			pos = { 65.53766, 1.61623, -41.22098 },
			orient = { {  0.536467,  0.021716, -0.843642 },
					   { -0.091951,  0.995221, -0.032854 },
					   {  0.838897,  0.095199,  0.535900 } }
		},
		cameraprops =
		{
			fovh = 20,
			hvaspect = 1.85,
			nearplane = 0.1,
			farplane = 100000
		}
	},

	{
		entity_name = "Cam_1L_Wipe_Pacing_Lonnigan_Start",
		type = CAMERA,
		template_name = "",
		lt_grp = 0, srt_grp = 0, usr_flg = 0,
		flags = HIDDEN,
		spatialprops =
		{
			pos = { 65.53766, 1.61623, -41.22098 },
			orient = { {  0.886158, -0.025985, -0.462655 },
					   { -0.033032,  0.992344, -0.119005 },
					   {  0.462205,  0.120739,  0.878515 } }
		},
		cameraprops =
		{
			fovh = 20,
			hvaspect = 1.85,
			nearplane = 1,
			farplane = 5000
		}
	},

	{
		entity_name = "Cam_1H_OTS_Lonnigan",
		type = CAMERA,
		template_name = "",
		lt_grp = 0, srt_grp = 0, usr_flg = 0,
		flags = HIDDEN,
		spatialprops =
		{
			pos = { 61.95769, 1.73939, -43.96844 },
			orient = { {  0.312725, -0.043162,  0.948862 },
					   {  0.142538,  0.989787, -0.001954 },
					   { -0.939088,  0.135860,  0.315683 } }
		},
		cameraprops =
		{
			fovh = 20,
			hvaspect = 1.85,
			nearplane = 0.5,
			farplane = 10000
		}
	},

	{
		entity_name = "Cam_1M_CU_Lonnigan_Dolly_End",
		type = CAMERA,
		template_name = "",
		lt_grp = 0, srt_grp = 0, usr_flg = 0,
		flags = HIDDEN,
		spatialprops =
		{
			pos = { 63.27563, 1.345535, -44.24195 },
			orient = { { -0.246284, -0.013065,  0.969110 },
					   { -0.048637,  0.998816,  0.001105 },
					   { -0.967977, -0.046862, -0.246628 } }
		},
		cameraprops =
		{
			fovh = 25,
			hvaspect = 1.85,
			nearplane = 0.1,
			farplane = 100000
		}
	},

	{
		entity_name = "Cam_1M_CU_Lonnigan_Dolly",
		type = CAMERA,
		template_name = "",
		lt_grp = 0, srt_grp = 0, usr_flg = 0,
		flags = HIDDEN,
		spatialprops =
		{
			pos = { 63.28465, 1.330741, -44.23748 },
			orient = { { -0.482788,  0.026088,  0.875349 },
					   {  0.008318,  0.999648, -0.025205 },
					   { -0.875698, -0.004887, -0.482835 } }
		},
		cameraprops =
		{
			fovh = 25,
			hvaspect = 1.85,
			nearplane = 0.75,
			farplane = 10000
		}
	},

	{
		entity_name = "Cam_1N_CU_Trent",
		type = CAMERA,
		template_name = "",
		lt_grp = 0, srt_grp = 0, usr_flg = 0,
		flags = HIDDEN,
		spatialprops =
		{
			pos = { 63.88721, 1.46202, -43.31393 },
			orient = { {  0.669315,  0.017404, -0.742775 },
					   {  0.035280,  0.997853,  0.055171 },
					   {  0.742141, -0.063132,  0.667264 } }
		},
		cameraprops =
		{
			fovh = 20,
			hvaspect = 1.85,
			nearplane = 0.75,
			farplane = 75
		}
	},

	{
		entity_name = "Cam_1Q_CU_Lonnigan_ToMe",
		type = CAMERA,
		template_name = "",
		lt_grp = 0, srt_grp = 0, usr_flg = 0,
		flags = HIDDEN,
		spatialprops =
		{
			pos = { 63.54079, 1.227126, -44.65983 },
			orient = { { -0.539371,  0.019027,  0.841853 },
					   { -0.071725,  0.995073, -0.068444 },
					   { -0.839008, -0.097298, -0.535349 } }
		},
		cameraprops =
		{
			fovh = 20,
			hvaspect = 1.85,
			nearplane = 1,
			farplane = 10000
		}
	},

	{
		entity_name = "Cam_1P_2Shot_Lonnigan_ISaw",
		type = CAMERA,
		template_name = "",
		lt_grp = 0, srt_grp = 0, usr_flg = 0,
		flags = HIDDEN,
		spatialprops =
		{
			pos = { 65.86911, 1.720678, -42.42504 },
			orient = { {  0.684259, -0.043155, -0.727961 },
					   { -0.064238,  0.990800, -0.119119 },
					   {  0.726404,  0.128272,  0.675192 } }
		},
		cameraprops =
		{
			fovh = 20,
			hvaspect = 1.85,
			nearplane = 0.5,
			farplane = 75
		}
	},

	{
		entity_name = "Cam_1O_CU_Lonnigan_IHadTo",
		type = CAMERA,
		template_name = "",
		lt_grp = 0, srt_grp = 0, usr_flg = 0,
		spatialprops =
		{
			pos = { 64.17489, 1.612984, -43.51313 },
			orient = { {  0.083397, -0.025996,  0.996177 },
					   { -0.017338,  0.999471,  0.027534 },
					   { -0.996366, -0.019568,  0.082902 } }
		},
		cameraprops =
		{
			fovh = 20,
			hvaspect = 1.85,
			nearplane = 0.5,
			farplane = 10000
		}
	},

	{
		entity_name = "Cam_1R_CU_Lonnigan_Crazy_Chase",
		type = CAMERA,
		template_name = "",
		lt_grp = 0, srt_grp = 0, usr_flg = 0,
		flags = HIDDEN,
		spatialprops =
		{
			pos = { 64.47073, 1.51663, -41.60229 },
			orient = { {  0.958728,  0.000000,  0.284326 },
					   {  0.007863,  0.999618, -0.026513 },
					   { -0.284217,  0.027654,  0.958361 } }
		},
		cameraprops =
		{
			fovh = 20,
			hvaspect = 1.85,
			nearplane = 0.1,
			farplane = 100000
		}
	},

	{
		entity_name = "Cam_1V_2Shot_Lonnigan_SeeingAngents",
		type = CAMERA,
		template_name = "",
		lt_grp = 0, srt_grp = 0, usr_flg = 0,
		flags = HIDDEN,
		spatialprops =
		{
			pos = { 62.79113, 1.387322, -43.00502 },
			orient = { { -0.126481, -0.064629,  0.989861 },
					   { -0.096373,  0.993955,  0.052582 },
					   { -0.987276, -0.088745, -0.131945 } }
		},
		cameraprops =
		{
			fovh = 22,
			hvaspect = 1.85,
			nearplane = 0.75,
			farplane = 10000
		}
	},

	{
		entity_name = "Cam_1U_2Shot_Lonnigan_Wide",
