duration = 53.013;

entities =
{

	{
		entity_name = "Layer_Scene_s012xz_Multi",
		type = SCENE,
		template_name = "",
		lt_grp = 0, srt_grp = 0, usr_flg = 0,
		spatialprops =
		{
			pos = { 0, 0, 0 },
			orient = { { 1, 0, 0 }, { 0, 1, 0 }, { 0, 0, 1 } }
		},
		up = Y_AXIS,
		front = Z_AXIS,
		ambient = { 0, 0, 0 },
		userprops =
		{
			TextStart = "0.75000",
			TextString = "259608.00000",
		}
	},

	{
		entity_name = "Char_Lonnigan",
		type = DEFORMABLE,
		template_name = "lonnigan",
		lt_grp = 0, srt_grp = 0, usr_flg = 0,
		flags = LIT_DYNAMIC,
		spatialprops =
		{
			pos = { 36.4314, 0, -98.66492 },
			orient = { { -0.797161,  0.000000,  0.603767 },
					   {  0.000000,  1.000000,  0.000000 },
					   { -0.603767,  0.000000, -0.797161 } }
		},
		compoundprops =
		{
			floor_height = 0
		},
		userprops =
		{
			actor = "lonnigan",
			category = "Character",
		}
	},

	{
		entity_name = "Char_Trent",
		type = DEFORMABLE,
		template_name = "trent",
		lt_grp = 0, srt_grp = 0, usr_flg = 0,
		flags = LIT_DYNAMIC,
		spatialprops =
		{
			pos = { 44.81817, 0, -103.2419 },
			orient = { { -0.840455,  0.000000, -0.541881 },
					   {  0.000000,  1.000000,  0.000000 },
					   {  0.541881,  0.000000, -0.840455 } }
		},
		compoundprops =
		{
			floor_height = 0
		},
		userprops =
		{
			actor = "Player",
			category = "Character",
		}
	},

	{
		entity_name = "dx_s012x_0201_Trent",
		type = SOUND,
		template_name = "dx_s012x_0201_Trent",
		lt_grp = 0, srt_grp = 0, usr_flg = 0,
		spatialprops =
		{
			pos = { 0, 0, 0 },
			orient = { { 1, 0, 0 }, { 0, 1, 0 }, { 0, 0, 1 } }
		},
		audioprops =
		{
			attenuation = -1,
			pan = 0,
			dmin = 50,
			dmax = 1000,
			ain = 360,
			aout = 360,
			atout = 0,
			rmix = 0,
		},
		userprops =
		{
			category = "Audio",
		}
	},

	{
		entity_name = "dx_s012x_0401_Trent",
		type = SOUND,
		template_name = "dx_s012x_0401_Trent",
		lt_grp = 0, srt_grp = 0, usr_flg = 0,
		spatialprops =
		{
			pos = { 0, 0, 0 },
			orient = { { 1, 0, 0 }, { 0, 1, 0 }, { 0, 0, 1 } }
		},
		audioprops =
		{
			attenuation = -1,
			pan = 0,
			dmin = 50,
			dmax = 1000,
			ain = 360,
			aout = 360,
			atout = 0,
			rmix = 0,
		},
		userprops =
		{
			category = "Audio",
		}
	},

	{
		entity_name = "dx_s012x_0601_Trent",
		type = SOUND,
		template_name = "dx_s012x_0601_Trent",
		lt_grp = 0, srt_grp = 0, usr_flg = 0,
		spatialprops =
		{
			pos = { 0, 0, 0 },
			orient = { { 1, 0, 0 }, { 0, 1, 0 }, { 0, 0, 1 } }
		},
		audioprops =
		{
			attenuation = -1,
			pan = 0,
			dmin = 50,
			dmax = 1000,
			ain = 360,
			aout = 360,
			atout = 0,
			rmix = 0,
		},
		userprops =
		{
			category = "Audio",
		}
	},

	{
		entity_name = "dx_s012x_0301_Lonnigan",
		type = SOUND,
		template_name = "dx_s012x_0301_Lonnigan",
		lt_grp = 0, srt_grp = 0, usr_flg = 0,
		spatialprops =
		{
			pos = { 0, 0, 0 },
			orient = { { 1, 0, 0 }, { 0, 1, 0 }, { 0, 0, 1 } }
		},
		audioprops =
		{
			attenuation = -1,
			pan = 0,
			dmin = 50,
			dmax = 1000,
			ain = 360,
			aout = 360,
			atout = 0,
			rmix = 0,
		},
		userprops =
		{
			category = "Audio",
		}
	},

	{
		entity_name = "dx_s012x_0302_Lonnigan",
		type = SOUND,
		template_name = "dx_s012x_0302_Lonnigan",
		lt_grp = 0, srt_grp = 0, usr_flg = 0,
		spatialprops =
		{
			pos = { 0, 0, 0 },
			orient = { { 1, 0, 0 }, { 0, 1, 0 }, { 0, 0, 1 } }
		},
		audioprops =
		{
			attenuation = -1,
			pan = 0,
			dmin = 50,
			dmax = 1000,
			ain = 360,
			aout = 360,
			atout = 0,
			rmix = 0,
		},
		userprops =
		{
			category = "Audio",
		}
	},

	{
		entity_name = "dx_s012x_0303_Lonnigan",
		type = SOUND,
		template_name = "dx_s012x_0303_Lonnigan",
		lt_grp = 0, srt_grp = 0, usr_flg = 0,
		spatialprops =
		{
			pos = { 0, 0, 0 },
			orient = { { 1, 0, 0 }, { 0, 1, 0 }, { 0, 0, 1 } }
		},
		audioprops =
		{
			attenuation = -1,
			pan = 0,
			dmin = 50,
			dmax = 1000,
			ain = 360,
			aout = 360,
			atout = 0,
			rmix = 0,
		},
		userprops =
		{
			category = "Audio",
		}
	},

	{
		entity_name = "dx_s012x_0501_Lonnigan",
		type = SOUND,
		template_name = "dx_s012x_0501_Lonnigan",
		lt_grp = 0, srt_grp = 0, usr_flg = 0,
		spatialprops =
		{
			pos = { 0, 0, 0 },
			orient = { { 1, 0, 0 }, { 0, 1, 0 }, { 0, 0, 1 } }
		},
		audioprops =
		{
			attenuation = -1,
			pan = 0,
			dmin = 50,
			dmax = 1000,
			ain = 360,
			aout = 360,
			atout = 0,
			rmix = 0,
		},
		userprops =
		{
			category = "Audio",
		}
	},

	{
		entity_name = "dx_s012x_0701_Lonnigan",
		type = SOUND,
		template_name = "dx_s012x_0701_Lonnigan",
		lt_grp = 0, srt_grp = 0, usr_flg = 0,
		spatialprops =
		{
			pos = { 0, 0, 0 },
			orient = { { 1, 0, 0 }, { 0, 1, 0 }, { 0, 0, 1 } }
		},
		audioprops =
		{
			attenuation = -1,
			pan = 0,
			dmin = 50,
			dmax = 1000,
			ain = 360,
			aout = 360,
			atout = 0,
			rmix = 0,
		},
		userprops =
		{
			category = "Audio",
		}
	},

	{
		entity_name = "dx_s012x_0702_Lonnigan",
		type = SOUND,
		template_name = "dx_s012x_0702_Lonnigan",
		lt_grp = 0, srt_grp = 0, usr_flg = 0,
		spatialprops =
		{
			pos = { 0, 0, 0 },
			orient = { { 1, 0, 0 }, { 0, 1, 0 }, { 0, 0, 1 } }
		},
		audioprops =
		{
			attenuation = -1,
			pan = 0,
			dmin = 50,
			dmax = 1000,
			ain = 360,
			aout = 360,
			atout = 0,
			rmix = 0,
		},
		userprops =
		{
			category = "Audio",
		}
	},

	{
		entity_name = "dx_s012x_0703_Lonnigan",
		type = SOUND,
		template_name = "dx_s012x_0703_Lonnigan",
		lt_grp = 0, srt_grp = 0, usr_flg = 0,
		spatialprops =
		{
			pos = { 0, 0, 0 },
			orient = { { 1, 0, 0 }, { 0, 1, 0 }, { 0, 0, 1 } }
		},
		audioprops =
		{
			attenuation = -1,
			pan = 0,
			dmin = 50,
			dmax = 1000,
			ain = 360,
			aout = 360,
			atout = 0,
			rmix = 0,
		},
		userprops =
		{
			category = "Audio",
		}
	},

	{
		entity_name = "Cam_Monitor_s012xa",
		type = MONITOR,
		template_name = "",
		lt_grp = 0, srt_grp = 0, usr_flg = 0,
		userprops =
		{
			Priority = "Monitor_Moving_1",
		}
	},

	{
		entity_name = "Char_Lonnigan_Mrk_Gun",
		type = MARKER,
		template_name = "",
		lt_grp = 0, srt_grp = 0, usr_flg = 0,
		spatialprops =
		{
			pos = { 62.56433, 0.855745, -59.9436 },
			orient = { {  0.178311, -0.269888,  0.946238 },
					   {  0.983306,  0.013429, -0.181465 },
					   {  0.036268,  0.962798,  0.267777 } }
		}
	},

	{
		entity_name = "Char_Lonn_Mk_Trent_Torso_01",
		type = MARKER,
		template_name = "",
		lt_grp = 0, srt_grp = 0, usr_flg = 0,
		spatialprops =
		{
			pos = { 40.05183, 1.286866, -95.98084 },
			orient = { { -0.798334,  0.000000, -0.602215 },
					   {  0.000000,  1.000000,  0.000000 },
					   {  0.602215,  0.000000, -0.798334 } }
		}
	},

	{
		entity_name = "Char_Lonn_Mk_IKhead_Shake_01",
		type = MARKER,
		template_name = "",
		lt_grp = 0, srt_grp = 0, usr_flg = 0,
		spatialprops =
		{
			pos = { 40.74641, 1.623701, -96.75352 },
			orient = { { -0.798334,  0.000000, -0.602215 },
					   {  0.000000,  1.000000,  0.000000 },
					   {  0.602215,  0.000000, -0.798334 } }
		}
	},

	{
		entity_name = "Char_Lonn_Mk_IKhead_Shake_02",
		type = MARKER,
		template_name = "",
		lt_grp = 0, srt_grp = 0, usr_flg = 0,
		spatialprops =
		{
			pos = { 39.8114, 1.57312, -95.94073 },
			orient = { { -0.798334,  0.000000, -0.602215 },
					   {  0.000000,  1.000000,  0.000000 },
					   {  0.602215,  0.000000, -0.798334 } }
		}
	},

	{
		entity_name = "Char_Lonn_Mk_IKhead_Trent",
		type = MARKER,
		template_name = "",
		lt_grp = 0, srt_grp = 0, usr_flg = 0,
		spatialprops =
		{
			pos = { 40.1641, 1.554426, -96.09546 },
			orient = { { -0.798334,  0.000000, -0.602215 },
					   {  0.000000,  1.000000,  0.000000 },
					   {  0.602215,  0.000000, -0.798334 } }
		}
	},

	{
		entity_name = "Char_Lonnigan_prop_gun_laser",
		type = COMPOUND,
		template_name = "prop_gun_laser_1",
		lt_grp = 0, srt_grp = 0, usr_flg = 0,
		flags = LIT_DYNAMIC,
		spatialprops =
		{
			pos = { 37.91745, 0.720884, -98.28973 },
			orient = { {  0.920040, -0.025113, -0.391018 },
					   {  0.191189, -0.842305,  0.503953 },
					   { -0.342013, -0.538415, -0.770153 } }
		},
		userprops =
		{
			category = "Prop",
		}
	},

	{
		entity_name = "Char_Trent_Mrk_Head_Tilt",
		type = MARKER,
		template_name = "",
		lt_grp = 0, srt_grp = 0, usr_flg = 0,
		spatialprops =
		{
			pos = { 40.39158, 1.468103, -95.59793 },
			orient = { { -0.799461,  0.000000, -0.600717 },
					   {  0.000000,  1.000000,  0.000000 },
					   {  0.600717,  0.000000, -0.799461 } }
		}
	},

	{
		entity_name = "Char_Lonn_Mk_IKhead_Turn_01",
		type = MARKER,
		template_name = "",
		lt_grp = 0, srt_grp = 0, usr_flg = 0,
		spatialprops =
		{
			pos = { 40.74641, 1.623701, -96.75352 },
			orient = { { -0.798334,  0.000000, -0.602215 },
					   {  0.000000,  1.000000,  0.000000 },
					   {  0.602215,  0.000000, -0.798334 } }
		}
	},

	{
		entity_name = "Char_Lonn_Mk_IKhead_turn_02",
		type = MARKER,
		template_name = "",
		lt_grp = 0, srt_grp = 0, usr_flg = 0,
		spatialprops =
		{
			pos = { 40.08712, 1.623701, -96.17912 },
			orient = { { -0.798334,  0.000000, -0.602215 },
					   {  0.000000,  1.000000,  0.000000 },
					   {  0.602215,  0.000000, -0.798334 } }
		}
	},

	{
		entity_name = "Cam_01_Dolly_A",
		type = CAMERA,
		template_name = "",
		lt_grp = 0, srt_grp = 0, usr_flg = 0,
		flags = HIDDEN,
		spatialprops =
		{
			pos = { 44.14218, 3.780533, -97.43533 },
			orient = { {  0.995352,  0.009595,  0.095821 },
					   { -0.045059,  0.925785,  0.375356 },
					   { -0.085108, -0.377929,  0.921914 } }
		},
		cameraprops =
		{
			fovh = 25,
			hvaspect = 1.85,
			nearplane = 0.1,
			farplane = 100000
		}
	},

	{
		entity_name = "Char_Lonn_Mk_Trent_Torso_02",
		type = MARKER,
		template_name = "",
		lt_grp = 0, srt_grp = 0, usr_flg = 0,
		spatialprops =
		{
			pos = { 39.79575, 1.286866, -95.82144 },
			orient = { { -0.798334,  0.000000, -0.602215 },
					   {  0.000000,  1.000000,  0.000000 },
					   {  0.602215,  0.000000, -0.798334 } }
		}
	},

	{
		entity_name = "Char_Lonn_Mk_Trent_Torso_03",
		type = MARKER,
		template_name = "",
		lt_grp = 0, srt_grp = 0, usr_flg = 0,
		spatialprops =
		{
			pos = { 39.69754, 0.855281, -95.9134 },
			orient = { { -0.798334,  0.000000, -0.602215 },
					   {  0.000000,  1.000000,  0.000000 },
					   {  0.602215,  0.000000, -0.798334 } }
		}
	},

	{
		entity_name = "Char_Lonn_Mk_Trent_Torso_04",
		type = MARKER,
		template_name = "",
		lt_grp = 0, srt_grp = 0, usr_flg = 0,
		spatialprops =
		{
			pos = { 39.60988, 1.266906, -95.83207 },
			orient = { { -0.798334,  0.000000, -0.602215 },
					   {  0.000000,  1.000000,  0.000000 },
					   {  0.602215,  0.000000, -0.798334 } }
		}
	},

	{
		entity_name = "Char_Lonn_Mk_Trent_Torso_05",
		type = MARKER,
		template_name = "",
		lt_grp = 0, srt_grp = 0, usr_flg = 0,
		spatialprops =
		{
			pos = { 39.74979, 0.932431, -96.12563 },
			orient = { { -0.798334,  0.000000, -0.602215 },
					   {  0.000000,  1.000000,  0.000000 },
					   {  0.602215,  0.000000, -0.798334 } }
		}
	},

	{
		entity_name = "Char_Tr_Mk_IKheadNod_01",
		type = MARKER,
		template_name = "",
		lt_grp = 0, srt_grp = 0, usr_flg = 0,
		spatialprops =
		{
			pos = { 40.05148, 1.544822, -95.47628 },
			orient = { { -0.798334,  0.000000, -0.602215 },
					   {  0.000000,  1.000000,  0.000000 },
					   {  0.602215,  0.000000, -0.798334 } }
		}
	},

	{
		entity_name = "Char_Tr_Mk_IKheadNod_02",
		type = MARKER,
		template_name = "",
		lt_grp = 0, srt_grp = 0, usr_flg = 0,
		spatialprops =
		{
			pos = { 40.05148, 1.7, -95.47628 },
			orient = { { -0.798334,  0.000000, -0.602215 },
					   {  0.000000,  1.000000,  0.000000 },
					   {  0.602215,  0.000000, -0.798334 } }
		}
	},

	{
		entity_name = "Cam_03_Lonnigan_Med_A",
		type = CAMERA,
		template_name = "",
		lt_grp = 0, srt_grp = 0, usr_flg = 0,
		flags = HIDDEN,
		spatialprops =
		{
			pos = { 40.01233, 1.716785, -95.22002 },
			orient = { {  0.950775,  0.000000, -0.309882 },
					   { -0.024170,  0.996954, -0.074158 },
					   {  0.308938,  0.077998,  0.947879 } }
		},
		cameraprops =
		{
			fovh = 18,
			hvaspect = 1.85,
			nearplane = 0.1,
			farplane = 100000
		}
	},

	{
		entity_name = "Cam_05_Lonnigan_ECU_A",
		type = CAMERA,
		template_name = "",
		lt_grp = 0, srt_grp = 0, usr_flg = 0,
		flags = HIDDEN,
		spatialprops =
		{
			pos = { 40.00569, 1.795277, -95.07749 },
			orient = { {  0.990811,  0.000000, -0.135253 },
					   { -0.020329,  0.988641, -0.148918 },
					   {  0.133717,  0.150299,  0.979556 } }
		},
		cameraprops =
		{
			fovh = 20,
			hvaspect = 1.85,
			nearplane = 0.1,
			farplane = 100000
		}
	},

	{
		entity_name = "Cam_04_Trent_OTS",
		type = CAMERA,
		template_name = "",
		lt_grp = 0, srt_grp = 0, usr_flg = 0,
		flags = HIDDEN,
		spatialprops =
		{
			pos = { 38.69679, 1.681483, -96.84142 },
			orient = { { -0.471310,  0.000000,  0.881968 },
					   {  0.067034,  0.997107,  0.035822 },
					   { -0.879416,  0.076005, -0.469947 } }
		},
		cameraprops =
		{
			fovh = 20,
			hvaspect = 1.85,
			nearplane = 0.1,
			farplane = 100000
		}
	},

	{
		entity_name = "Cam_05_Lonnigan_ECU_B",
		type = CAMERA,
		template_name = "",
		lt_grp = 0, srt_grp = 0, usr_flg = 0,
		flags = HIDDEN,
		spatialprops =
		{
			pos = { 39.58593, 1.577993, -94.7256 },
			orient = { {  0.996142,  0.000000,  0.087761 },
					   {  0.002157,  0.999698, -0.024485 },
					   { -0.087734,  0.024580,  0.995841 } }
		},
		cameraprops =
		{
			fovh = 25,
			hvaspect = 1.85,
			nearplane = 0.1,
			farplane = 100000
		}
	},

	{
		entity_name = "Char_Lonn_Mk_Trent_Torso_06",
		type = MARKER,
		template_name = "",
		lt_grp = 0, srt_grp = 0, usr_flg = 0,
		spatialprops =
		{
			pos = { 39.45592, 0.891073, -96.07338 },
			orient = { { -0.798334,  0.000000, -0.602215 },
					   {  0.000000,  1.000000,  0.000000 },
					   {  0.602215,  0.000000, -0.798334 } }
		}
	},

	{
		entity_name = "Char_Tr_Mk_IK_UpperLeftArm",
		type = MARKER,
		template_name = "",
		lt_grp = 0, srt_grp = 0, usr_flg = 0,
		spatialprops =
		{
			pos = { 40.10321, 0.966395, -95.43798 },
			orient = { { -0.843612,  0.000000, -0.536953 },
					   {  0.000000,  1.000000,  0.000000 },
					   {  0.536953,  0.000000, -0.843612 } }
		}
	},

	{
		entity_name = "Char_Tr_Mk_IK_UpperRightArm",
		type = MARKER,
		template_name = "",
		lt_grp = 0, srt_grp = 0, usr_flg = 0,
		spatialprops =
		{
			pos = { 39.60989, 0.966395, -95.78669 },
			orient = { { -0.843612,  0.000000, -0.536953 },
					   {  0.000000,  1.000000,  0.000000 },
					   {  0.536953,  0.000000, -0.843612 } }
		}
	},

	{
		entity_name = "Char_Tr_Mk_IK_LowerLeftArm",
		type = MARKER,
		template_name = "",
		lt_grp = 0, srt_grp = 0, usr_flg = 0,
		spatialprops =
		{
			pos = { 40.31635, 1.262867, -95.64538 },
			orient = { { -0.972362,  0.000000, -0.233478 },
					   {  0.000000,  1.000000,  0.000000 },
					   {  0.233478,  0.000000, -0.972362 } }
		}
	},

	{
		entity_name = "Char_Tr_Mk_IK_LowerRightArm",
		type = MARKER,
		template_name = "",
		lt_grp = 0, srt_grp = 0, usr_flg = 0,
		spatialprops =
		{
			pos = { 39.73644, 1.288554, -95.81465 },
			orient = { { -0.972362,  0.000000, -0.233478 },
					   {  0.000000,  1.000000,  0.000000 },
					   {  0.233478,  0.000000, -0.972362 } }
		}
	},

	{
		entity_name = "Char_Tr_Mk_IKhead_OTS",
		type = MARKER,
		template_name = "",
		lt_grp = 0, srt_grp = 0, usr_flg = 0,
		spatialprops =
		{
			pos = { 39.91543, 1.595975, -95.43286 },
			orient = { { -0.984686,  0.000000, -0.174335 },
					   {  0.000000,  1.000000,  0.000000 },
					   {  0.174335,  0.000000, -0.984686 } }
		}
	},

	{
		entity_name = "Char_Tr_Mk_IK_ShoulderRight",
		type = MARKER,
		template_name = "",
		lt_grp = 0, srt_grp = 0, usr_flg = 0,
		spatialprops =
		{
			pos = { 40.2595, 1.617264, -95.86001 },
			orient = { { -0.993431,  0.000000, -0.114429 },
					   {  0.000000,  1.000000,  0.000000 },
					   {  0.114429,  0.000000, -0.993431 } }
		}
	},

	{
		entity_name = "Char_Lonn_Mk_IK_LowerLeftArm_03",
		type = MARKER,
		template_name = "",
		lt_grp = 0, srt_grp = 0, usr_flg = 0,
		spatialprops =
		{
			pos = { 39.70536, 1.531953, -96.33535 },
			orient = { { -0.798334,  0.000000, -0.602215 },
					   {  0.106832,  0.984139, -0.141623 },
					   {  0.592663, -0.177398, -0.785672 } }
		}
	},

	{
		entity_name = "Char_Lonn_Mk_IK_I_felt_I_owed_you_01",
		type = MARKER,
		template_name = "",
		lt_grp = 0, srt_grp = 0, usr_flg = 0,
		spatialprops =
		{
			pos = { 39.32156, 1.494192, -96.00292 },
			orient = { { -0.798334,  0.000000, -0.602215 },
					   {  0.000000,  1.000000,  0.000000 },
					   {  0.602215,  0.000000, -0.798334 } }
		}
	},

	{
		entity_name = "Char_Lonn_Mk_IK_I_felt_I_owed_you_02",
		type = MARKER,
		template_name = "",
		lt_grp = 0, srt_grp = 0, usr_flg = 0,
		spatialprops =
		{
			pos = { 39.62386, 1.309665, -95.78504 },
			orient = { { -0.798334,  0.000000, -0.602215 },
					   {  0.000000,  1.000000,  0.000000 },
					   {  0.602215,  0.000000, -0.798334 } }
		}
	},

	{
		entity_name = "Char_Tr_Mk_IKhead_Shake_01",
		type = MARKER,
		template_name = "",
		lt_grp = 0, srt_grp = 0, usr_flg = 0,
		spatialprops =
		{
			pos = { 39.21127, 1.51841, -93.96703 },
			orient = { { 1, 0, 0 }, { 0, 1, 0 }, { 0, 0, 1 } }
		}
	},

	{
		entity_name = "Char_Tr_Mk_IKhead_Shake_02",
		type = MARKER,
		template_name = "",
		lt_grp = 0, srt_grp = 0, usr_flg = 0,
		spatialprops =
		{
			pos = { 40.79258, 1.51841, -94.25717 },
			orient = { { 1, 0, 0 }, { 0, 1, 0 }, { 0, 0, 1 } }
		}
	},

	{
		entity_name = "Char_Lonn_Mk_IK_I_felt_I_owed_you_03",
		type = MARKER,
		template_name = "",
		lt_grp = 0, srt_grp = 0, usr_flg = 0,
		spatialprops =
		{
			pos = { 39.7952, 1.644554, -96.0685 },
			orient = { { -0.798334,  0.000000, -0.602215 },
					   {  0.043707,  0.997363, -0.057941 },
					   {  0.600627, -0.072577, -0.796228 } }
		}
	},

	{
		entity_name = "Char_Tr_Mk_IKhead_Shake_03",
		type = MARKER,
		template_name = "",
		lt_grp = 0, srt_grp = 0, usr_flg = 0,
		spatialprops =
		{
			pos = { 40.42633, 1.758683, -94.17068 },
			orient = { { 1, 0, 0 }, { 0, 1, 0 }, { 0, 0, 1 } }
		}
	},

	{
		entity_name = "Char_Lonn_Mk_IK_LowerLeftArm_04",
		type = MARKER,
		template_name = "",
		lt_grp = 0, srt_grp = 0, usr_flg = 0,
		spatialprops =
		{
			pos = { 39.68301, 1.119358, -96.90102 },
			orient = { { -0.798334,  0.000000, -0.602215 },
					   {  0.106832,  0.984139, -0.141623 },
					   {  0.592663, -0.177398, -0.785672 } }
		}
	},

	{
		entity_name = "Char_Lonn_Mk_WalkStart",
		type = MARKER,
		template_name = "",
		lt_grp = 0, srt_grp = 0, usr_flg = 0,
		spatialprops =
		{
			pos = { 37.87664, 0.958309, -98.64045 },
			orient = { { -0.807525,  0.000000,  0.589833 },
					   {  0.000000,  1.000000,  0.000000 },
					   { -0.589833,  0.000000, -0.807525 } }
		}
	},

	{
		entity_name = "Char_Lonn_Mk_Backup",
		type = MARKER,
		template_name = "",
		lt_grp = 0, srt_grp = 0, usr_flg = 0,
		spatialprops =
		{
			pos = { 39.44409, 0.962342, -96.52485 },
			orient = { { -0.998779,  0.000000,  0.049407 },
					   {  0.000000,  1.000000,  0.000000 },
					   { -0.049407,  0.000000, -0.998779 } }
		}
	},

	{
		entity_name = "Char_Lonn_Mk_Trent_Torso_07",
		type = MARKER,
		template_name = "",
		lt_grp = 0, srt_grp = 0, usr_flg = 0,
		spatialprops =
		{
			pos = { 39.32658, 1.025025, -96.18188 },
			orient = { { -0.798334,  0.000000, -0.602215 },
					   {  0.000000,  1.000000,  0.000000 },
					   {  0.602215,  0.000000, -0.798334 } }
		}
	},

	{
		entity_name = "Ship_rtcprop_l_elite_Path",
		type = MOTION_PATH,
		template_name = "",
		lt_grp = 0, srt_grp = 0, usr_flg = 0,
		spatialprops =
		{
			pos = { 0, 0, 0 },
			orient = { { 1, 0, 0 }, { 0, 1, 0 }, { 0, 0, 1 } }
		},
		pathprops =
		{
			path_type = "CV_CROrientationSplinePath",
			path_data = "OPEN,{97.894676,40.000000,-139.483902}, {0.940464,0.000000,0.339893,0.000000}, {17.668446,37.500000,-247.859329}, {0.959659,0.000000,0.281167,0.000000}, {-62.557735,27.121443,-356.234711}, {0.945244,-0.034790,0.178269,-0.271153}, {-125.080063,32.500000,-524.228821}, {0.974221,-0.015678,0.071589,-0.213360}, {-138.415024,30.000000,-766.898071}, {1.000000,0.000000,0.000000,0.000000}, "
		}
	},

	{
		entity_name = "Cam_01_Dolly_B",
		type = CAMERA,
		template_name = "",
		lt_grp = 0, srt_grp = 0, usr_flg = 0,
		flags = HIDDEN,
		spatialprops =
		{
			pos = { 39.25256, 1.490377, -93.7101 },
			orient = { {  0.967944,  0.000000,  0.251166 },
					   {  0.028379,  0.993596, -0.109366 },
					   { -0.249557,  0.112988,  0.961746 } }
		},
		cameraprops =
		{
			fovh = 30,
			hvaspect = 1.85,
			nearplane = 0.1,
			farplane = 100000
		}
	},

	{
		entity_name = "Char_Trent_Mrk_StayPut",
		type = MARKER,
		template_name = "",
		lt_grp = 0, srt_grp = 0, usr_flg = 0,
		spatialprops =
		{
			pos = { 39.94669, 0, -95.91871 },
			orient = { { -0.999050,  0.000000,  0.043577 },
					   {  0.000000,  1.000000,  0.000000 },
					   { -0.043577,  0.000000, -0.999050 } }
		}
	},

	{
		entity_name = "Cam_01_Dolly_Path",
		type = MOTION_PATH,
		template_name = "",
		lt_grp = 0, srt_grp = 0, usr_flg = 0,
		flags = HIDDEN,
		spatialprops =
		{
			pos = { 54.79901, 3.780351, -97.34648 },
			orient = { {  0.993513,  0.000000,  0.113717 },
					   { -0.042330,  0.928137,  0.369825 },
					   { -0.105545, -0.372240,  0.922116 } }
		},
		pathprops =
		{
			path_type = "CV_CROrientationSplinePath",
			path_data = "OPEN,{-10.597799,0.418415,1.042780}, {0.999943,0.003121,0.010138,0.001073}, {-11.150613,-1.286431,1.748618}, {0.970117,-0.225755,0.087829,-0.013944}, {-12.253866,-1.326815,3.273408}, {0.972086,-0.228497,0.048817,-0.021314}, {-13.543921,-0.746645,4.667356}, {0.971722,-0.233534,-0.034425,0.005763}, {-15.032087,-0.122501,5.846434}, {0.967199,-0.244213,-0.069276,0.009346}, "
		}
	},

	{
		entity_name = "Cam_03_Lonnigan_Med_B",
		type = CAMERA,
		template_name = "",
		lt_grp = 0, srt_grp = 0, usr_flg = 0,
		flags = HIDDEN,
		spatialprops =
		{
			pos = { 39.1165, 1.747441, -95.30388 },
			orient = { {  0.903487, -0.179332,  0.389296 },
					   {  0.226287,  0.970940, -0.077902 },
					   { -0.364013,  0.158476,  0.917813 } }
		},
		cameraprops =
		{
			fovh = 20,
			hvaspect = 1.85,
			nearplane = 0.1,
			farplane = 100000
		}
	},

	{
		entity_name = "Ship_rtcprop_l_elite_FX_gf_li_smallengine02_1",
		type = PSYS,
		template_name = "gf_br_smallengine02",
		lt_grp = 0, srt_grp = 0, usr_flg = 0,
		flags = LIT_DYNAMIC + LIT_AMBIENT,
		spatialprops =
		{
			pos = { 0, 0, 0 },
			orient = { { 1, 0, 0 }, { 0, 1, 0 }, { 0, 0, 1 } }
		},
		psysprops =
		{
			sparam = 0
		}
	},

	{
		entity_name = "Ship_rtcprop_l_elite_FX_gf_li_smallengine02_2",
		type = PSYS,
		template_name = "gf_li_smallengine02",
		lt_grp = 0, srt_grp = 0, usr_flg = 0,
		flags = LIT_DYNAMIC + LIT_AMBIENT,
		spatialprops =
		{
			pos = { 0, 0, 0 },
			orient = { { 1, 0, 0 }, { 0, 1, 0 }, { 0, 0, 1 } }
		},
		psysprops =
		{
			sparam = 0
		}
	},

	{
		entity_name = "Char_Tr_Mk_IKhead_LookAway",
		type = MARKER,
		template_name = "",
		lt_grp = 0, srt_grp = 0, usr_flg = 0,
		spatialprops =
		{
			pos = { 43.82241, 1.493449, -97.02467 },
			orient = { { -0.799392,  0.000000, -0.600809 },
					   {  0.000000,  1.000000,  0.000000 },
					   {  0.600809,  0.000000, -0.799392 } }
		}
	},

	{
		entity_name = "Cam_03_Lonnigan_Med_Path",
		type = MOTION_PATH,
		template_name = "",
		lt_grp = 0, srt_grp = 0, usr_flg = 0,
		flags = HIDDEN,
		spatialprops =
		{
			pos = { 39.90114, 1.72438, -95.16811 },
			orient = { {  0.989680,  0.000008, -0.143298 },
					   { -0.016801,  0.993109, -0.115981 },
					   {  0.142309,  0.117192,  0.982860 } }
		},
		pathprops =
		{
			path_type = "CV_CROrientationSplinePath",
			path_data = "OPEN,{0.117476,-0.003391,-0.036081}, {0.996142,0.019619,0.085125,0.008345}, {-0.488733,-0.538165,0.576449}, {0.970817,0.127306,-0.190188,0.071661}, {-0.945916,-1.390102,2.495716}, {0.969240,0.112298,-0.152109,0.157565}, "
		}
	},

	{
		entity_name = "Char_Tr_Mk_IKhead_Shake_04",
		type = MARKER,
		template_name = "",
		lt_grp = 0, srt_grp = 0, usr_flg = 0,
		spatialprops =
		{
			pos = { 40.58973, 1.397093, -90.85212 },
			orient = { { 1, 0, 0 }, { 0, 1, 0 }, { 0, 0, 1 } }
		}
	},

	{
		entity_name = "Char_Lonn_Mk_ExitStageRight",
		type = MARKER,
		template_name = "",
		lt_grp = 0, srt_grp = 0, usr_flg = 0,
		spatialprops =
		{
			pos = { -1000, 0, 1000 },
			orient = { { 1, 0, 0 }, { 0, 1, 0 }, { 0, 0, 1 } }
		}
	},

	{
		entity_name = "Char_Tr_Mk_IKhead_LookAway_01",
		type = MARKER,
		template_name = "",
		lt_grp = 0, srt_grp = 0, usr_flg = 0,
		spatialprops =
		{
			pos = { 44.86819, 1.484139, -98.44198 },
			orient = { { -0.840455,  0.000000, -0.541881 },
					   {  0.000000,  1.000000,  0.000000 },
					   {  0.541881,  0.000000, -0.840455 } }
		}
	},

	{
		entity_name = "Char_Tr_Mk_IKhead_LookAway_02",
		type = MARKER,
		template_name = "",
		lt_grp = 0, srt_grp = 0, usr_flg = 0,
		spatialprops =
		{
			pos = { 39.72916, 1.529472, -94.82961 },
			orient = { { -0.627606,  0.000000, -0.778531 },
					   {  0.000000,  1.000000,  0.000000 },
					   {  0.778531,  0.000000, -0.627606 } }
		}
	},

	{
		entity_name = "Char_Lonn_Mk_IKtorso_01",
		type = MARKER,
		template_name = "",
		lt_grp = 0, srt_grp = 0, usr_flg = 0,
		spatialprops =
		{
			pos = { 39.79886, 1.068206, -96.58546 },
			orient = { { -0.780005,  0.000000,  0.625774 },
					   {  0.000000,  1.000000,  0.000000 },
					   { -0.625774,  0.000000, -0.780005 } }
		}
	},

	{
		entity_name = "Char_Lonn_Mk_IK_I_felt_I_owed_you_04",
		type = MARKER,
		template_name = "",
		lt_grp = 0, srt_grp = 0, usr_flg = 0,
		spatialprops =
		{
			pos = { 39.84285, 1.615473, -95.9015 },
			orient = { { -0.798334,  0.000000, -0.602215 },
					   {  0.043707,  0.997363, -0.057941 },
					   {  0.600627, -0.072577, -0.796228 } }
		}
	},

	{
		entity_name = "Char_Lonn_Mk_IKtorso_02",
		type = MARKER,
		template_name = "",
		lt_grp = 0, srt_grp = 0, usr_flg = 0,
		spatialprops =
		{
			pos = { 39.99137, 1.280637, -96.04527 },
			orient = { { -0.867515,  0.000000,  0.497411 },
					   {  0.000000,  1.000000,  0.000000 },
					   { -0.497411,  0.000000, -0.867515 } }
		}
	},

	{
		entity_name = "Char_Lonn_Mk_IKhead_Shake_03",
		type = MARKER,
		template_name = "",
		lt_grp = 0, srt_grp = 0, usr_flg = 0,
		spatialprops =
		{
			pos = { 40.63998, 1.623701, -96.42424 },
			orient = { { -0.798334,  0.000000, -0.602215 },
					   {  0.000000,  1.000000,  0.000000 },
					   {  0.602215,  0.000000, -0.798334 } }
		}
	},

	{
		entity_name = "Cam_05_Lonnigan_ECU_Path",
		type = MOTION_PATH,
		template_name = "",
		lt_grp = 0, srt_grp = 0, usr_flg = 0,
		flags = HIDDEN,
		spatialprops =
		{
			pos = { 0, 0, 0 },
			orient = { { 1, 0, 0 }, { 0, 1, 0 }, { 0, 0, 1 } }
		},
		pathprops =
		{
			path_type = "CV_CROrientationSplinePath",
			path_data = "OPEN,{40.005695,1.795277,-95.077484}, {0.994863,-0.075191,0.067590,0.005108}, {39.885777,1.580145,-94.394279}, {0.998910,-0.005224,0.033929,0.031621}, {40.371567,1.637906,-93.386086}, {0.985661,-0.050474,0.160803,0.008235}, "
		}
	},

	{
		entity_name = "Ship_rtcprop_l_elite",
		type = COMPOUND,
		template_name = "rtcprop_l_elite",
		lt_grp = 0, srt_grp = 0, usr_flg = 0,
		flags = LIT_DYNAMIC,
		spatialprops =
		{
			pos = { 97.89468, 40, -139.4839 },
			orient = { {  0.844746,  0.000000, -0.535168 },
					   {  0.000000,  1.000000,  0.000000 },
					   {  0.535168,  0.000000,  0.844746 } }
		},
		userprops =
		{
			category = "Spaceship",
		}
	},

	{
		entity_name = "Char_Tr_Mk_IKeyes_RightUpper",
		type = MARKER,
		template_name = "",
		lt_grp = 0, srt_grp = 0, usr_flg = 0,
		spatialprops =
		{
			pos = { 39.66318, 1.499515, -95.274 },
			orient = { { -0.999572,  0.000000,  0.029266 },
					   {  0.000000,  1.000000,  0.000000 },
					   { -0.029266,  0.000000, -0.999572 } }
		}
	},

	{
		entity_name = "Char_Tr_Mk_IKeyes_LeftUpper",
		type = MARKER,
		template_name = "",
		lt_grp = 0, srt_grp = 0, usr_flg = 0,
		spatialprops =
		{
			pos = { 40.31557, 1.499515, -95.2931 },
			orient = { { -0.999572,  0.000000,  0.029266 },
					   {  0.000000,  1.000000,  0.000000 },
					   { -0.029266,  0.000000, -0.999572 } }
		}
	},

	{
		entity_name = "Char_Trent_Mrk_EyeHeadAttach",
		type = MARKER,
		template_name = "",
		lt_grp = 0, srt_grp = 0, usr_flg = 0,
		spatialprops =
		{
			pos = { 39.97115, 1.499515, -95.90734 },
			orient = { { -0.999572,  0.000000,  0.029266 },
					   {  0.000000,  1.000000,  0.000000 },
					   { -0.029266,  0.000000, -0.999572 } }
		}
	},

	{
		entity_name = "Char_Tr_Mk_IKeyes_LeftUpper_Slight",
		type = MARKER,
		template_name = "",
		lt_grp = 0, srt_grp = 0, usr_flg = 0,
		spatialprops =
		{
			pos = { 40.10601, 1.499515, -95.29577 },
			orient = { { -0.999572,  0.000000,  0.029266 },
					   {  0.000000,  1.000000,  0.000000 },
					   { -0.029266,  0.000000, -0.999572 } }
		}
	},

	{
		entity_name = "Char_Tr_Mk_IKeyes_RightUpper_Slight",
		type = MARKER,
		template_name = "",
		lt_grp = 0, srt_grp = 0, usr_flg = 0,
		spatialprops =
		{
			pos = { 39.9459, 1.499515, -95.28226 },
			orient = { { -0.999572,  0.000000,  0.029266 },
					   {  0.000000,  1.000000,  0.000000 },
					   { -0.029266,  0.000000, -0.999572 } }
		}
	},

	{
		entity_name = "Char_Tr_Mk_IKeyes_RightLower_Slight",
		type = MARKER,
		template_name = "",
		lt_grp = 0, srt_grp = 0, usr_flg = 0,
		spatialprops =
		{
			pos = { 39.9459, 1.499515, -95.28226 },
			orient = { { -0.999572,  0.000000,  0.029266 },
					   {  0.000000,  1.000000,  0.000000 },
					   { -0.029266,  0.000000, -0.999572 } }
		}
	},

	{
		entity_name = "Set_li_01_cityscape_bg2",
		type = COMPOUND,
		template_name = "li_01_cityscape_bg2",
		lt_grp = 0, srt_grp = 0, usr_flg = 0,
		flags = LIT_DYNAMIC,
		spatialprops =
		{
			pos = { -5718.023, -1673.173, -2080.381 },
			orient = { {  0.672769,  0.000000, -0.739853 },
					   {  0.000000,  1.000000,  0.000000 },
					   {  0.739853,  0.000000,  0.672769 } }
		},
		userprops =
		{
			category = "Prop",
		}
	},

	{
		entity_name = "Ship_rtcprop_l_elite_sound_engine_li_medium",
		type = SOUND,
		template_name = "engine_li_medium",
		lt_grp = 0, srt_grp = 0, usr_flg = 0,
		flags = SPATIAL,
		spatialprops =
		{
			pos = { 0, 0, 0 },
			orient = { { 1, 0, 0 }, { 0, 1, 0 }, { 0, 0, 1 } }
		},
		audioprops =
		{
			attenuation = 0,
			pan = 0,
			dmin = 300,
			dmax = 1500,
			ain = 360,
			aout = 360,
			atout = 0,
			rmix = 0,
		},
		userprops =
		{
			category = "Audio",
			Priority = "Engine_Sound_2",
		}
	},

	{
		entity_name = "Cam_02_Two_Shot",
		type = CAMERA,
		template_name = "",
		lt_grp = 0, srt_grp = 0, usr_flg = 0,
		spatialprops =
		{
			pos = { 37.75866, 1.661935, -94.67097 },
			orient = { {  0.645185,  0.000000,  0.764026 },
					   {  0.061863,  0.996716, -0.052241 },
					   { -0.761517,  0.080970,  0.643067 } }
		},
		cameraprops =
		{
			fovh = 15,
			hvaspect = 1.85,
			nearplane = 0.1,
			farplane = 100000
		}
	},

	{
		entity_name = "Char_Trent_Mrk_lookAtLonnigan",
		type = MARKER,
		template_name = "",
		lt_grp = 0, srt_grp = 0, usr_flg = 0,
		spatialprops =
		{
			pos = { 39.22546, 1.659101, -96.50638 },
			orient = { { -0.999050,  0.000000,  0.043577 },
					   {  0.000000,  1.000000,  0.000000 },
					   { -0.043577,  0.000000, -0.999050 } }
		}
	},

	{
		entity_name = "Char_Trent_Mrk_lookAtGun",
		type = MARKER,
		template_name = "",
		lt_grp = 0, srt_grp = 0, usr_flg = 0,
		spatialprops =
		{
			pos = { 39.41888, 1.196647, -96.42941 },
			orient = { { -0.999050,  0.000000,  0.043577 },
					   {  0.000000,  1.000000,  0.000000 },
					   { -0.043577,  0.000000, -0.999050 } }
		}
	},

	{
		entity_name = "Char_Trent_Mrk_Head_Tilt_Spacial",
		type = MARKER,
		template_name = "",
		lt_grp = 0, srt_grp = 0, usr_flg = 0,
		spatialprops =
		{
			pos = { 40.36182, 1.479784, -95.58246 },
			orient = { { -0.799461,  0.000000, -0.600717 },
					   {  0.000000,  1.000000,  0.000000 },
					   {  0.600717,  0.000000, -0.799461 } }
		}
	},

	{
		entity_name = "Char_Trent_Mrk_Head_Tilt_Path",
		type = MOTION_PATH,
		template_name = "",
		lt_grp = 0, srt_grp = 0, usr_flg = 0,
		flags = HIDDEN,
		spatialprops =
		{
			pos = { 40.39158, 1.468103, -95.59793 },
			orient = { { -0.799462,  0.000000, -0.600717 },
					   {  0.000000,  1.000000,  0.000000 },
					   {  0.600717,  0.000000, -0.799462 } }
		},
		pathprops =
		{
			path_type = "CV_CROrientationSplinePath",
			path_data = "OPEN,{0.000000,0.000000,-0.000003}, {1.000000,0.000000,0.000000,0.000000}, {0.014499,0.011681,-0.030251}, {1.000000,0.000000,0.000000,0.000000}, {-0.103462,-0.016394,-0.019237}, {1.000000,0.000000,0.000000,0.000000}, {0.000000,0.000000,-0.000003}, {1.000000,0.000000,0.000000,0.000000}, "
		}
	},

	{
		entity_name = "Char_Trent_Mrk_Head_Test_Ahead",
		type = MARKER,
		template_name = "",
		lt_grp = 0, srt_grp = 0, usr_flg = 0,
		spatialprops =
		{
			pos = { 70.23354, 1.64296, -91.54364 },
			orient = { { -0.799461,  0.000000, -0.600717 },
					   {  0.000000,  1.000000,  0.000000 },
					   {  0.600717,  0.000000, -0.799461 } }
		}
	},

	{
		entity_name = "Char_Trent_Mrk_Head_Test_Down",
		type = MARKER,
		template_name = "",
		lt_grp = 0, srt_grp = 0, usr_flg = 0,
		spatialprops =
		{
			pos = { 70.23354, 1.503217, -91.54364 },
			orient = { { -0.799462,  0.000000, -0.600717 },
					   {  0.000000,  1.000000,  0.000000 },
					   {  0.600717,  0.000000, -0.799462 } }
		}
	},

	{
		entity_name = "Char_Trent_Mrk_Head_Test_Follow",
		type = MARKER,
		template_name = "",
		lt_grp = 0, srt_grp = 0, usr_flg = 0,
		spatialprops =
		{
			pos = { 39.7356, 1.635911, -95.55448 },
			orient = { { -0.799462,  0.000000, -0.600717 },
					   {  0.000000,  1.000000,  0.000000 },
					   {  0.600717,  0.000000, -0.799462 } }
		}
	},

	{
		entity_name = "Char_Trent_Mrk_Eye_Twitch",
		type = MARKER,
		template_name = "",
		lt_grp = 0, srt_grp = 0, usr_flg = 0,
		spatialprops =
		{
			pos = { 39.7356, 1.635911, -95.55448 },
			orient = { { -0.799462,  0.000000, -0.600717 },
					   {  0.000000,  1.000000,  0.000000 },
					   {  0.600717,  0.000000, -0.799462 } }
		}
	},

	{
		entity_name = "Char_Trent_Mrk_Eye_Twitch_Path",
		type = MOTION_PATH,
		template_name = "",
		lt_grp = 0, srt_grp = 0, usr_flg = 0,
		spatialprops =
		{
			pos = { 44.59233, 1.759224, -102.6158 },
			orient = { { -0.842117, -0.016606, -0.539038 },
					   { -0.040372, -0.994780,  0.093718 },
					   { -0.537781,  0.100684,  0.837051 } }
		},
		pathprops =
		{
			path_type = "CV_CROrientationSplinePath",
			path_data = "OPEN,{-0.000001,0.000000,0.000000}, {1.000000,0.000000,0.000000,0.000000}, {0.028602,-0.032400,-0.000002}, {1.000000,0.000000,0.000000,0.000000}, {0.228499,0.002900,0.008800}, {1.000000,0.000000,0.000000,0.000000}, {0.390402,-0.065200,0.020097}, {1.000000,0.000000,0.000000,0.000000}, {0.188499,-0.026100,0.008801}, {1.000000,0.000000,0.000000,0.000000}, {-0.000001,0.000000,0.000000}, {1.000000,0.000000,0.000000,0.000000}, "
		}
	},

	{
		entity_name = "Char_Trent_Mrk_Eye_Twitch_Follow",
		type = MARKER,
		template_name = "",
		lt_grp = 0, srt_grp = 0, usr_flg = 0,
		spatialprops =
		{
			pos = { 40.17314, 1.574229, -95.29385 },
			orient = { { -0.799462,  0.000000, -0.600717 },
					   {  0.000000,  1.000000,  0.000000 },
					   {  0.600717,  0.000000, -0.799462 } }
		}
	},

	{
		entity_name = "Char_Lonnigan_fs_ml_hard01",
		type = SOUND,
		template_name = "fs_ml_hard01",
		lt_grp = 0, srt_grp = 0, usr_flg = 0,
		spatialprops =
		{
			pos = { 0, 0, 0 },
			orient = { { 1, 0, 0 }, { 0, 1, 0 }, { 0, 0, 1 } }
		},
		audioprops =
		{
			attenuation = 0,
			pan = 0,
			dmin = 50,
			dmax = 300,
			ain = 360,
			aout = 360,
			atout = 0,
			rmix = 0,
		},
		userprops =
		{
			category = "Audio",
			Priority = "Steps_4",
		}
	},

	{
		entity_name = "Char_Lonnigan_fs_ml_hard02",
		type = SOUND,
		template_name = "fs_ml_hard02",
		lt_grp = 0, srt_grp = 0, usr_flg = 0,
		spatialprops =
		{
			pos = { 0, 0, 0 },
			orient = { { 1, 0, 0 }, { 0, 1, 0 }, { 0, 0, 1 } }
		},
		audioprops =
		{
			attenuation = 0,
			pan = 0,
			dmin = 50,
			dmax = 300,
			ain = 360,
			aout = 360,
			atout = 0,
			rmix = 0,
		},
		userprops =
		{
			category = "Audio",
			Priority = "Steps_4",
		}
	},

	{
		entity_name = "Char_Lonnigan_fs_ml_hard03",
		type = SOUND,
		template_name = "fs_ml_hard03",
		lt_grp = 0, srt_grp = 0, usr_flg = 0,
		spatialprops =
		{
			pos = { 0, 0, 0 },
			orient = { { 1, 0, 0 }, { 0, 1, 0 }, { 0, 0, 1 } }
		},
		audioprops =
		{
			attenuation = 0,
			pan = 0,
			dmin = 50,
			dmax = 300,
			ain = 360,
			aout = 360,
			atout = 0,
			rmix = 0,
		},
		userprops =
		{
			category = "Audio",
			Priority = "Steps_4",
		}
	},

	{
		entity_name = "Char_Lonnigan_fs_ml_hard04",
		type = SOUND,
		template_name = "fs_ml_hard04",
		lt_grp = 0, srt_grp = 0, usr_flg = 0,
		spatialprops =
		{
			pos = { 0, 0, 0 },
			orient = { { 1, 0, 0 }, { 0, 1, 0 }, { 0, 0, 1 } }
		},
		audioprops =
		{
			attenuation = 0,
			pan = 0,
			dmin = 50,
			dmax = 300,
			ain = 360,
			aout = 360,
			atout = 0,
			rmix = 0,
		},
		userprops =
		{
			category = "Audio",
			Priority = "Steps_4",
		}
	},

	{
		entity_name = "Char_Lonnigan_fs_mr_hard01",
		type = SOUND,
		template_name = "fs_mr_hard01",
		lt_grp = 0, srt_grp = 0, usr_flg = 0,
		spatialprops =
		{
			pos = { 0, 0, 0 },
			orient = { { 1, 0, 0 }, { 0, 1, 0 }, { 0, 0, 1 } }
		},
		audioprops =
		{
			attenuation = 0,
			pan = 0,
			dmin = 50,
			dmax = 300,
			ain = 360,
			aout = 360,
			atout = 0,
			rmix = 0,
		},
		userprops =
		{
			category = "Audio",
			Priority = "Steps_4",
		}
	},

	{
		entity_name = "Char_Lonnigan_fs_mr_hard02",
		type = SOUND,
		template_name = "fs_mr_hard02",
		lt_grp = 0, srt_grp = 0, usr_flg = 0,
		spatialprops =
		{
			pos = { 0, 0, 0 },
			orient = { { 1, 0, 0 }, { 0, 1, 0 }, { 0, 0, 1 } }
		},
		audioprops =
		{
			attenuation = 0,
			pan = 0,
			dmin = 50,
			dmax = 300,
			ain = 360,
			aout = 360,
			atout = 0,
			rmix = 0,
		},
		userprops =
		{
			category = "Audio",
			Priority = "Steps_4",
		}
	},

	{
		entity_name = "Char_Lonnigan_fs_mr_hard03",
		type = SOUND,
		template_name = "fs_mr_hard03",
		lt_grp = 0, srt_grp = 0, usr_flg = 0,
		spatialprops =
		{
			pos = { 0, 0, 0 },
			orient = { { 1, 0, 0 }, { 0, 1, 0 }, { 0, 0, 1 } }
		},
		audioprops =
		{
			attenuation = 0,
			pan = 0,
			dmin = 50,
			dmax = 300,
			ain = 360,
			aout = 360,
			atout = 0,
			rmix = 0,
		},
		userprops =
		{
			category = "Audio",
			Priority = "Steps_4",
		}
	},

	{
		entity_name = "Char_Lonnigan_fs_mr_hard04",
		type = SOUND,
		template_name = "fs_mr_hard04",
		lt_grp = 0, srt_grp = 0, usr_flg = 0,
		spatialprops =
		{
			pos = { 0, 0, 0 },
			orient = { { 1, 0, 0 }, { 0, 1, 0 }, { 0, 0, 1 } }
		},
		audioprops =
		{
			attenuation = 0,
			pan = 0,
			dmin = 50,
			dmax = 300,
			ain = 360,
			aout = 360,
			atout = 0,
			rmix = 0,
		},
		userprops =
		{
			category = "Audio",
			Priority = "Steps_4",
		}
	},

	{
		entity_name = "Char_Lonnigan_sfx_fstop_male01_Right",
		type = SOUND,
		template_name = "sfx_fstop_male01",
		lt_grp = 0, srt_grp = 0, usr_flg = 0,
		spatialprops =
		{
			pos = { 0, 0, 0 },
			orient = { { 1, 0, 0 }, { 0, 1, 0 }, { 0, 0, 1 } }
		},
		audioprops =
		{
			attenuation = 0,
			pan = 0,
			dmin = 50,
			dmax = 300,
			ain = 360,
			aout = 360,
			atout = 0,
			rmix = 0,
		},
		userprops =
		{
			category = "Audio",
			Priority = "Steps_4",
		}
	},

	{
		entity_name = "Char_Lonnigan_sfx_fstop_male02_Left",
		type = SOUND,
		template_name = "sfx_fstop_male02",
		lt_grp = 0, srt_grp = 0, usr_flg = 0,
		spatialprops =
		{
			pos = { 0, 0, 0 },
			orient = { { 1, 0, 0 }, { 0, 1, 0 }, { 0, 0, 1 } }
		},
		audioprops =
		{
			attenuation = 0,
			pan = 0,
			dmin = 50,
			dmax = 300,
			ain = 360,
			aout = 360,
			atout = 0,
			rmix = 0,
		},
		userprops =
		{
			category = "Audio",
			Priority = "Steps_4",
		}
	},

	{
		entity_name = "Char_Trent_fs_ml_hard01",
		type = SOUND,
		template_name = "fs_ml_hard01",
		lt_grp = 0, srt_grp = 0, usr_flg = 0,
		spatialprops =
		{
