duration = 78.027;

entities =
{

	{
		entity_name = "Layer_Storys021x_nrml_Tobias_br_03_Equip_01",
		type = SCENE,
		template_name = "",
		lt_grp = 0, srt_grp = 0, usr_flg = 0,
		spatialprops =
		{
			pos = { 0, 0, 0 },
			orient = { { 1, 0, 0 }, { 0, 1, 0 }, { 0, 0, 1 } }
		},
		up = Y_AXIS,
		front = Z_AXIS,
		ambient = { 128, 128, 128 }
	},

	{
		entity_name = "Char_Tobias",
		type = DEFORMABLE,
		template_name = "tobias",
		lt_grp = 0, srt_grp = 0, usr_flg = 0,
		flags = LIT_DYNAMIC,
		spatialprops =
		{
			pos = { 0.042424, 0, 1.654835 },
			orient = { {  0.885037,  0.000000, -0.465520 },
					   {  0.000000,  1.000000,  0.000000 },
					   {  0.465520,  0.000000,  0.885037 } }
		},
		compoundprops =
		{
			floor_height = 0
		},
		userprops =
		{
			actor = "tobias",
			category = "Character",
		}
	},

	{
		entity_name = "Char_Trent",
		type = DEFORMABLE,
		template_name = "trent",
		lt_grp = 0, srt_grp = 0, usr_flg = 0,
		flags = LIT_DYNAMIC,
		spatialprops =
		{
			pos = { -8.114105, 0, -0.505735 },
			orient = { { -0.250324, -0.008879,  0.968121 },
					   { -0.001690,  0.999960,  0.008734 },
					   { -0.968161,  0.000550, -0.250329 } }
		},
		compoundprops =
		{
			floor_height = 0
		},
		userprops =
		{
			actor = "player",
			category = "Character",
		}
	},

	{
		entity_name = "Z_dx_s021x_0101_Tobias",
		type = SOUND,
		template_name = "dx_s021x_0101_Tobias",
		lt_grp = 0, srt_grp = 0, usr_flg = 0,
		spatialprops =
		{
			pos = { 0, 0, 0 },
			orient = { { 1, 0, 0 }, { 0, 1, 0 }, { 0, 0, 1 } }
		},
		audioprops =
		{
			attenuation = -3,
			pan = 0,
			dmin = 50,
			dmax = 1000,
			ain = 180,
			aout = 180,
			atout = 0,
			rmix = 0,
		},
		userprops =
		{
			category = "Audio",
		}
	},

	{
		entity_name = "Z_dx_s021x_0102_Tobias",
		type = SOUND,
		template_name = "dx_s021x_0102_Tobias",
		lt_grp = 0, srt_grp = 0, usr_flg = 0,
		spatialprops =
		{
			pos = { 0, 0, 0 },
			orient = { { 1, 0, 0 }, { 0, 1, 0 }, { 0, 0, 1 } }
		},
		audioprops =
		{
			attenuation = -3,
			pan = 0,
			dmin = 50,
			dmax = 1000,
			ain = 360,
			aout = 360,
			atout = 0,
			rmix = 0,
		},
		userprops =
		{
			category = "Audio",
		}
	},

	{
		entity_name = "Z_dx_s021x_0201_Tobias",
		type = SOUND,
		template_name = "dx_s021x_0201_Tobias",
		lt_grp = 0, srt_grp = 0, usr_flg = 0,
		spatialprops =
		{
			pos = { 0, 0, 0 },
			orient = { { 1, 0, 0 }, { 0, 1, 0 }, { 0, 0, 1 } }
		},
		audioprops =
		{
			attenuation = 0,
			pan = 0,
			dmin = 50,
			dmax = 1000,
			ain = 180,
			aout = 180,
			atout = 0,
			rmix = 0,
		},
		userprops =
		{
			category = "Audio",
		}
	},

	{
		entity_name = "Z_dx_s021x_0301_Tobias_6",
		type = SOUND,
		template_name = "dx_s021x_0301_Tobias",
		lt_grp = 0, srt_grp = 0, usr_flg = 0,
		spatialprops =
		{
			pos = { 0, 0, 0 },
			orient = { { 1, 0, 0 }, { 0, 1, 0 }, { 0, 0, 1 } }
		},
		audioprops =
		{
			attenuation = -3,
			pan = 0,
			dmin = 50,
			dmax = 1000,
			ain = 360,
			aout = 360,
			atout = 0,
			rmix = 0,
		},
		userprops =
		{
			category = "Audio",
		}
	},

	{
		entity_name = "Z_dx_s021x_0401_Trent_1",
		type = SOUND,
		template_name = "dx_s021x_0401_Trent",
		lt_grp = 0, srt_grp = 0, usr_flg = 0,
		spatialprops =
		{
			pos = { 0, 0, 0 },
			orient = { { 1, 0, 0 }, { 0, 1, 0 }, { 0, 0, 1 } }
		},
		audioprops =
		{
			attenuation = -1,
			pan = 0,
			dmin = 50,
			dmax = 1000,
			ain = 360,
			aout = 360,
			atout = 0,
			rmix = 0,
		},
		userprops =
		{
			category = "Audio",
		}
	},

	{
		entity_name = "Z_dx_s021x_0402_Trent_2",
		type = SOUND,
		template_name = "dx_s021x_0402_Trent",
		lt_grp = 0, srt_grp = 0, usr_flg = 0,
		spatialprops =
		{
			pos = { 0, 0, 0 },
			orient = { { 1, 0, 0 }, { 0, 1, 0 }, { 0, 0, 1 } }
		},
		audioprops =
		{
			attenuation = -1,
			pan = 0,
			dmin = 50,
			dmax = 1000,
			ain = 360,
			aout = 360,
			atout = 0,
			rmix = 0,
		},
		userprops =
		{
			category = "Audio",
		}
	},

	{
		entity_name = "Z_dx_s021x_0501_Tobias_3",
		type = SOUND,
		template_name = "dx_s021x_0501_Tobias",
		lt_grp = 0, srt_grp = 0, usr_flg = 0,
		spatialprops =
		{
			pos = { 0, 0, 0 },
			orient = { { 1, 0, 0 }, { 0, 1, 0 }, { 0, 0, 1 } }
		},
		audioprops =
		{
			attenuation = -1,
			pan = 0,
			dmin = 50,
			dmax = 1000,
			ain = 360,
			aout = 360,
			atout = 0,
			rmix = 0,
		},
		userprops =
		{
			category = "Audio",
		}
	},

	{
		entity_name = "Z_dx_s021x_0601_Tobias_4",
		type = SOUND,
		template_name = "dx_s021x_0601_Tobias",
		lt_grp = 0, srt_grp = 0, usr_flg = 0,
		spatialprops =
		{
			pos = { 0, 0, 0 },
			orient = { { 1, 0, 0 }, { 0, 1, 0 }, { 0, 0, 1 } }
		},
		audioprops =
		{
			attenuation = -1,
			pan = 0,
			dmin = 50,
			dmax = 1000,
			ain = 360,
			aout = 360,
			atout = 0,
			rmix = 0,
		},
		userprops =
		{
			category = "Audio",
		}
	},

	{
		entity_name = "Z_dx_s021x_0701_Tobias_5",
		type = SOUND,
		template_name = "dx_s021x_0701_Tobias",
		lt_grp = 0, srt_grp = 0, usr_flg = 0,
		spatialprops =
		{
			pos = { 0, 0, 0 },
			orient = { { 1, 0, 0 }, { 0, 1, 0 }, { 0, 0, 1 } }
		},
		audioprops =
		{
			attenuation = -1,
			pan = 0,
			dmin = 50,
			dmax = 1000,
			ain = 360,
			aout = 360,
			atout = 0,
			rmix = 0,
		},
		userprops =
		{
			category = "Audio",
		}
	},

	{
		entity_name = "Z_dx_s021x_0702_Tobias_6",
		type = SOUND,
		template_name = "dx_s021x_0702_Tobias",
		lt_grp = 0, srt_grp = 0, usr_flg = 0,
		spatialprops =
		{
			pos = { 0, 0, 0 },
			orient = { { 1, 0, 0 }, { 0, 1, 0 }, { 0, 0, 1 } }
		},
		audioprops =
		{
			attenuation = -1,
			pan = 0,
			dmin = 50,
			dmax = 1000,
			ain = 360,
			aout = 360,
			atout = 0,
			rmix = 0,
		},
		userprops =
		{
			category = "Audio",
		}
	},

	{
		entity_name = "Z_dx_s021x_0801_Trent_7",
		type = SOUND,
		template_name = "dx_s021x_0801_Trent",
		lt_grp = 0, srt_grp = 0, usr_flg = 0,
		spatialprops =
		{
			pos = { 0, 0, 0 },
			orient = { { 1, 0, 0 }, { 0, 1, 0 }, { 0, 0, 1 } }
		},
		audioprops =
		{
			attenuation = -1,
			pan = 0,
			dmin = 50,
			dmax = 1000,
			ain = 360,
			aout = 360,
			atout = 0,
			rmix = 0,
		},
		userprops =
		{
			category = "Audio",
		}
	},

	{
		entity_name = "Z_dx_s021x_0901_Tobias_8",
		type = SOUND,
		template_name = "dx_s021x_0901_Tobias",
		lt_grp = 0, srt_grp = 0, usr_flg = 0,
		spatialprops =
		{
			pos = { 0, 0, 0 },
			orient = { { 1, 0, 0 }, { 0, 1, 0 }, { 0, 0, 1 } }
		},
		audioprops =
		{
			attenuation = -1,
			pan = 0,
			dmin = 50,
			dmax = 1000,
			ain = 360,
			aout = 360,
			atout = 0,
			rmix = 0,
		},
		userprops =
		{
			category = "Audio",
		}
	},

	{
		entity_name = "Z_dx_s021x_1001_Tobias_9",
		type = SOUND,
		template_name = "dx_s021x_1001_Tobias",
		lt_grp = 0, srt_grp = 0, usr_flg = 0,
		spatialprops =
		{
			pos = { 0, 0, 0 },
			orient = { { 1, 0, 0 }, { 0, 1, 0 }, { 0, 0, 1 } }
		},
		audioprops =
		{
			attenuation = -1,
			pan = 0,
			dmin = 50,
			dmax = 1000,
			ain = 360,
			aout = 360,
			atout = 0,
			rmix = 0,
		},
		userprops =
		{
			category = "Audio",
		}
	},

	{
		entity_name = "Z_dx_s021x_1101_Tobias_10",
		type = SOUND,
		template_name = "dx_s021x_1101_Tobias",
		lt_grp = 0, srt_grp = 0, usr_flg = 0,
		spatialprops =
		{
			pos = { 0, 0, 0 },
			orient = { { 1, 0, 0 }, { 0, 1, 0 }, { 0, 0, 1 } }
		},
		audioprops =
		{
			attenuation = -1,
			pan = 0,
			dmin = 50,
			dmax = 1000,
			ain = 360,
			aout = 360,
			atout = 0,
			rmix = 0,
		},
		userprops =
		{
			category = "Audio",
		}
	},

	{
		entity_name = "Z_dx_s021x_1201_Trent_11",
		type = SOUND,
		template_name = "dx_s021x_1201_Trent",
		lt_grp = 0, srt_grp = 0, usr_flg = 0,
		spatialprops =
		{
			pos = { 0, 0, 0 },
			orient = { { 1, 0, 0 }, { 0, 1, 0 }, { 0, 0, 1 } }
		},
		audioprops =
		{
			attenuation = -1,
			pan = 0,
			dmin = 50,
			dmax = 1000,
			ain = 360,
			aout = 360,
			atout = 0,
			rmix = 0,
		},
		userprops =
		{
			category = "Audio",
		}
	},

	{
		entity_name = "Z_dx_s021x_1301_Tobias_12",
		type = SOUND,
		template_name = "dx_s021x_1301_Tobias",
		lt_grp = 0, srt_grp = 0, usr_flg = 0,
		spatialprops =
		{
			pos = { 0, 0, 0 },
			orient = { { 1, 0, 0 }, { 0, 1, 0 }, { 0, 0, 1 } }
		},
		audioprops =
		{
			attenuation = -1,
			pan = 0,
			dmin = 50,
			dmax = 1000,
			ain = 360,
			aout = 360,
			atout = 0,
			rmix = 0,
		},
		userprops =
		{
			category = "Audio",
		}
	},

	{
		entity_name = "Z_dx_s021x_1302_Tobias_13",
		type = SOUND,
		template_name = "dx_s021x_1302_Tobias",
		lt_grp = 0, srt_grp = 0, usr_flg = 0,
		spatialprops =
		{
			pos = { 0, 0, 0 },
			orient = { { 1, 0, 0 }, { 0, 1, 0 }, { 0, 0, 1 } }
		},
		audioprops =
		{
			attenuation = -1,
			pan = 0,
			dmin = 50,
			dmax = 1000,
			ain = 360,
			aout = 360,
			atout = 0,
			rmix = 0,
		},
		userprops =
		{
			category = "Audio",
		}
	},

	{
		entity_name = "Z_dx_s021x_1303_Tobias_14",
		type = SOUND,
		template_name = "dx_s021x_1303_Tobias",
		lt_grp = 0, srt_grp = 0, usr_flg = 0,
		spatialprops =
		{
			pos = { 0, 0, 0 },
			orient = { { 1, 0, 0 }, { 0, 1, 0 }, { 0, 0, 1 } }
		},
		audioprops =
		{
			attenuation = -1,
			pan = 0,
			dmin = 50,
			dmax = 1000,
			ain = 360,
			aout = 360,
			atout = 0,
			rmix = 0,
		},
		userprops =
		{
			category = "Audio",
		}
	},

	{
		entity_name = "Z_dx_s021x_1304_Tobias_15",
		type = SOUND,
		template_name = "dx_s021x_1304_Tobias",
		lt_grp = 0, srt_grp = 0, usr_flg = 0,
		spatialprops =
		{
			pos = { 0, 0, 0 },
			orient = { { 1, 0, 0 }, { 0, 1, 0 }, { 0, 0, 1 } }
		},
		audioprops =
		{
			attenuation = -1,
			pan = 0,
			dmin = 50,
			dmax = 1000,
			ain = 360,
			aout = 360,
			atout = 0,
			rmix = 0,
		},
		userprops =
		{
			category = "Audio",
		}
	},

	{
		entity_name = "Z_dx_s021x_1305_Tobias_16",
		type = SOUND,
		template_name = "dx_s021x_1305_Tobias",
		lt_grp = 0, srt_grp = 0, usr_flg = 0,
		spatialprops =
		{
			pos = { 0, 0, 0 },
			orient = { { 1, 0, 0 }, { 0, 1, 0 }, { 0, 0, 1 } }
		},
		audioprops =
		{
			attenuation = -1,
			pan = 0,
			dmin = 50,
			dmax = 1000,
			ain = 360,
			aout = 360,
			atout = 0,
			rmix = 0,
		},
		userprops =
		{
			category = "Audio",
		}
	},

	{
		entity_name = "Z_dx_s021x_1401_Trent_17",
		type = SOUND,
		template_name = "dx_s021x_1401_Trent",
		lt_grp = 0, srt_grp = 0, usr_flg = 0,
		spatialprops =
		{
			pos = { 0, 0, 0 },
			orient = { { 1, 0, 0 }, { 0, 1, 0 }, { 0, 0, 1 } }
		},
		audioprops =
		{
			attenuation = -1,
			pan = 0,
			dmin = 50,
			dmax = 1000,
			ain = 360,
			aout = 360,
			atout = 0,
			rmix = 0,
		},
		userprops =
		{
			category = "Audio",
		}
	},

	{
		entity_name = "Z_dx_s021x_1501_Tobias_18",
		type = SOUND,
		template_name = "dx_s021x_1501_Tobias",
		lt_grp = 0, srt_grp = 0, usr_flg = 0,
		spatialprops =
		{
			pos = { 0, 0, 0 },
			orient = { { 1, 0, 0 }, { 0, 1, 0 }, { 0, 0, 1 } }
		},
		audioprops =
		{
			attenuation = -1,
			pan = 0,
			dmin = 50,
			dmax = 1000,
			ain = 360,
			aout = 360,
			atout = 0,
			rmix = 0,
		},
		userprops =
		{
			category = "Audio",
		}
	},

	{
		entity_name = "Z_dx_s021x_1502_Tobias_19",
		type = SOUND,
		template_name = "dx_s021x_1502_Tobias",
		lt_grp = 0, srt_grp = 0, usr_flg = 0,
		spatialprops =
		{
			pos = { 0, 0, 0 },
			orient = { { 1, 0, 0 }, { 0, 1, 0 }, { 0, 0, 1 } }
		},
		audioprops =
		{
			attenuation = -1,
			pan = 0,
			dmin = 50,
			dmax = 1000,
			ain = 360,
			aout = 360,
			atout = 0,
			rmix = 0,
		},
		userprops =
		{
			category = "Audio",
		}
	},

	{
		entity_name = "Marker_Tobias_Point_IK",
		type = MARKER,
		template_name = "",
		lt_grp = 0, srt_grp = 0, usr_flg = 0,
		spatialprops =
		{
			pos = { 0.363363, 1.047408, -1.422668 },
			orient = { { 1, 0, 0 }, { 0, 1, 0 }, { 0, 0, 1 } }
		}
	},

	{
		entity_name = "Marker_Tobias_Head_IK",
		type = MARKER,
		template_name = "",
		lt_grp = 0, srt_grp = 0, usr_flg = 0,
		spatialprops =
		{
			pos = { 0.848196, 1.732386, -2.368046 },
			orient = { { 1, 0, 0 }, { 0, 1, 0 }, { 0, 0, 1 } }
		}
	},

	{
		entity_name = "Marker_Tobias_Gesture_L_IK",
		type = MARKER,
		template_name = "",
		lt_grp = 0, srt_grp = 0, usr_flg = 0,
		spatialprops =
		{
			pos = { -5.05964, 1.207088, 0.693852 },
			orient = { { -0.999698,  0.024558,  0.000000 },
					   {  0.024514,  0.997932, -0.059412 },
					   { -0.001459, -0.059394, -0.998233 } }
		}
	},

	{
		entity_name = "Char_br_male_pilot",
		type = DEFORMABLE,
		template_name = "br_male_pilot_1",
		lt_grp = 0, srt_grp = 0, usr_flg = 0,
		flags = LIT_DYNAMIC,
		spatialprops =
		{
			pos = { 0.039896, 0, 0.337115 },
			orient = { { -0.983317,  0.000000, -0.181898 },
					   {  0.000000,  1.000000,  0.000000 },
					   {  0.181898,  0.000000, -0.983317 } }
		},
		compoundprops =
		{
			floor_height = 0
		},
		userprops =
		{
			actor = "br_mpilt_5",
			category = "Character",
		}
	},

	{
		entity_name = "Char_br_male_freelancer",
		type = DEFORMABLE,
		template_name = "br_male_freelancer",
		lt_grp = 0, srt_grp = 0, usr_flg = 0,
		flags = LIT_DYNAMIC,
		spatialprops =
		{
			pos = { -1.027633, 0, 0.823245 },
			orient = { { -0.422724,  0.000000,  0.906258 },
					   {  0.000000,  1.000000,  0.000000 },
					   { -0.906258,  0.000000, -0.422724 } }
		},
		compoundprops =
		{
			floor_height = 0
		},
		userprops =
		{
			actor = "br_mpilt_6",
			category = "Character",
		}
	},

	{
		entity_name = "Marker_Tobias_Gesture_R_IK",
		type = MARKER,
		template_name = "",
		lt_grp = 0, srt_grp = 0, usr_flg = 0,
		spatialprops =
		{
			pos = { -4.262106, 0.822852, -0.761845 },
			orient = { {  0.411035,  0.000000, -0.911620 },
					   {  0.000000,  1.000000,  0.000000 },
					   {  0.911620,  0.000000,  0.411035 } }
		}
	},

	{
		entity_name = "Marker_Tobias_Gesture_Move_IK",
		type = MARKER,
		template_name = "",
		lt_grp = 0, srt_grp = 0, usr_flg = 0,
		spatialprops =
		{
			pos = { -0.679025, 0.369428, -11.57885 },
			orient = { { -0.999698,  0.024558,  0.000000 },
					   {  0.024514,  0.997932, -0.059412 },
					   { -0.001459, -0.059394, -0.998233 } }
		}
	},

	{
		entity_name = "Marker_ND_1_Look",
		type = MARKER,
		template_name = "",
		lt_grp = 0, srt_grp = 0, usr_flg = 0,
		spatialprops =
		{
			pos = { -0.408972, 1.66765, 0.564921 },
			orient = { { 1, 0, 0 }, { 0, 1, 0 }, { 0, 0, 1 } }
		}
	},

	{
		entity_name = "Cam_Monitor_s021x",
		type = MONITOR,
		template_name = "",
		lt_grp = 0, srt_grp = 0, usr_flg = 0,
		userprops =
		{
			Priority = "Monitor_Moving_1",
		}
	},

	{
		entity_name = "Path_Open",
		type = MOTION_PATH,
		template_name = "",
		lt_grp = 0, srt_grp = 0, usr_flg = 0,
		spatialprops =
		{
			pos = { 0, 0, 0 },
			orient = { { 1, 0, 0 }, { 0, 1, 0 }, { 0, 0, 1 } }
		},
		pathprops =
		{
			path_type = "CV_CROrientationSplinePath",
			path_data = "OPEN,{-4.392505,1.821124,-5.541031}, {-0.293831,0.018618,0.953763,0.060432}, {0.881289,1.894146,-5.632824}, {0.059841,-0.008836,0.995140,0.077696}, {9.147499,2.605784,0.813887}, {0.727815,-0.057888,0.681175,0.054178}, "
		}
	},

	{
		entity_name = "Marker_Tobias_Think",
		type = MARKER,
		template_name = "",
		lt_grp = 0, srt_grp = 0, usr_flg = 0,
		spatialprops =
		{
			pos = { -3.72621, 1.663348, 0.507687 },
			orient = { {  0.821320,  0.000000, -0.570467 },
					   {  0.000000,  1.000000,  0.000000 },
					   {  0.570467,  0.000000,  0.821320 } }
		}
	},

	{
		entity_name = "Marker_Trent_Complicated",
		type = MARKER,
		template_name = "",
		lt_grp = 0, srt_grp = 0, usr_flg = 0,
		spatialprops =
		{
			pos = { -3.080777, 1.593158, 0.37885 },
			orient = { { -0.740681,  0.000000,  0.671857 },
					   {  0.000000,  1.000000,  0.000000 },
					   { -0.671857,  0.000000, -0.740681 } }
		}
	},

	{
		entity_name = "Marker_Tobias_Sensitive",
		type = MARKER,
		template_name = "",
		lt_grp = 0, srt_grp = 0, usr_flg = 0,
		spatialprops =
		{
			pos = { -2.987828, 0.76006, 0.960327 },
			orient = { {  0.803328,  0.000000,  0.595537 },
					   {  0.000000,  1.000000,  0.000000 },
					   { -0.595537,  0.000000,  0.803328 } }
		}
	},

	{
		entity_name = "Marker_Trent",
		type = MARKER,
		template_name = "",
		lt_grp = 0, srt_grp = 0, usr_flg = 0,
		spatialprops =
		{
			pos = { -3.744554, 0, 0.708742 },
			orient = { { -0.240354,  0.000000,  0.970685 },
					   {  0.000000,  1.000000,  0.000000 },
					   { -0.970685,  0.000000, -0.240354 } }
		}
	},

	{
		entity_name = "Marker_Tobias",
		type = MARKER,
		template_name = "",
		lt_grp = 0, srt_grp = 0, usr_flg = 0,
		spatialprops =
		{
			pos = { -2.624337, 0.953227, 0.92788 },
			orient = { { -0.999854,  0.000000, -0.017085 },
					   {  0.000000,  1.000000,  0.000000 },
					   {  0.017085,  0.000000, -0.999854 } }
		}
	},

	{
		entity_name = "Marker_Tobias_4_once",
		type = MARKER,
		template_name = "",
		lt_grp = 0, srt_grp = 0, usr_flg = 0,
		spatialprops =
		{
			pos = { -3.066826, 1.504236, 1.336705 },
			orient = { {  0.803328,  0.000000,  0.595537 },
					   {  0.000000,  1.000000,  0.000000 },
					   { -0.595537,  0.000000,  0.803328 } }
		}
	},

	{
		entity_name = "Marker_Tobias_Thinking",
		type = MARKER,
		template_name = "",
		lt_grp = 0, srt_grp = 0, usr_flg = 0,
		spatialprops =
		{
			pos = { -3.066826, 2.387411, 1.336705 },
			orient = { {  0.803328,  0.000000,  0.595537 },
					   {  0.000000,  1.000000,  0.000000 },
					   { -0.595537,  0.000000,  0.803328 } }
		}
	},

	{
		entity_name = "Marker_Trent_OTS",
		type = MARKER,
		template_name = "",
		lt_grp = 0, srt_grp = 0, usr_flg = 0,
		spatialprops =
		{
			pos = { -2.006809, 1.794009, 0.430064 },
			orient = { { -0.172693,  0.000000, -0.984976 },
					   { -0.162177,  0.986352,  0.028434 },
					   {  0.971533,  0.164651, -0.170336 } }
		}
	},

	{
		entity_name = "Marker_Tobias_CU",
		type = MARKER,
		template_name = "",
		lt_grp = 0, srt_grp = 0, usr_flg = 0,
		spatialprops =
		{
			pos = { -3.923208, 1.667024, -0.644703 },
			orient = { { -0.860816,  0.000000,  0.508916 },
					   {  0.026147,  0.998679,  0.044228 },
					   { -0.508244,  0.051379, -0.859679 } }
		}
	},

	{
		entity_name = "Marker_Tobias_Look_Away",
		type = MARKER,
		template_name = "",
		lt_grp = 0, srt_grp = 0, usr_flg = 0,
		spatialprops =
		{
			pos = { -3.099012, 1.544885, -0.089588 },
			orient = { {  0.473350,  0.000000, -0.880874 },
					   {  0.000000,  1.000000,  0.000000 },
					   {  0.880874,  0.000000,  0.473350 } }
		}
	},

	{
		entity_name = "rtcprop_hardware_br_fission_generator_2",
		type = COMPOUND,
		template_name = "rtcprop_hardware_br_fission_generator",
		lt_grp = 0, srt_grp = 0, usr_flg = 0,
		flags = LIT_DYNAMIC,
		spatialprops =
		{
			pos = { -2.527993, 1.836211, 4.246584 },
			orient = { {  0.970229,  0.000000,  0.242191 },
					   {  0.000000,  1.000000,  0.000000 },
					   { -0.242191,  0.000000,  0.970229 } }
		},
		userprops =
		{
			category = "Equipment",
		}
	},

	{
		entity_name = "rtcprop_hardware_ge_tractor_beam_4",
		type = COMPOUND,
		template_name = "rtcprop_hardware_ge_tractor_beam",
		lt_grp = 0, srt_grp = 0, usr_flg = 0,
		flags = LIT_DYNAMIC,
		spatialprops =
		{
			pos = { -0.979871, 1.836211, -3.44772 },
			orient = { {  0.989066, -0.002045,  0.147459 },
					   {  0.147468,  0.004764, -0.989055 },
					   {  0.001320,  0.999987,  0.005013 } }
		},
		userprops =
		{
			category = "Equipment",
		}
	},

	{
		entity_name = "Cam_A_MoveTo_2",
		type = CAMERA,
		template_name = "",
		lt_grp = 0, srt_grp = 0, usr_flg = 0,
		flags = HIDDEN,
		spatialprops =
		{
			pos = { -5.46625, 1.643286, -3.104336 },
			orient = { { -0.746395,  0.000000,  0.665503 },
					   {  0.080555,  0.992647,  0.090347 },
					   { -0.660610,  0.121044, -0.740907 } }
		},
		cameraprops =
		{
			fovh = 22,
			hvaspect = 1.85,
			nearplane = 0.1,
			farplane = 100000
		}
	},

	{
		entity_name = "rtcprop_hardware_br_fission_generator_3",
		type = COMPOUND,
		template_name = "rtcprop_hardware_br_fission_generator",
		lt_grp = 0, srt_grp = 0, usr_flg = 0,
		flags = LIT_DYNAMIC,
		spatialprops =
		{
			pos = { -1.156532, 1.836211, 4.588931 },
			orient = { {  0.970229,  0.000000,  0.242191 },
					   {  0.000000,  1.000000,  0.000000 },
					   { -0.242191,  0.000000,  0.970229 } }
		},
		userprops =
		{
			category = "Equipment",
		}
	},

	{
		entity_name = "Cam_A_Master",
		type = CAMERA,
		template_name = "",
		lt_grp = 0, srt_grp = 0, usr_flg = 0,
		flags = HIDDEN,
		spatialprops =
		{
			pos = { -3.216933, 3.093735, -8.978207 },
			orient = { { -0.918393,  0.000000,  0.395671 },
					   {  0.101119,  0.966792,  0.234709 },
					   { -0.382531,  0.255565, -0.887894 } }
		},
		cameraprops =
		{
			fovh = 22,
			hvaspect = 1.85,
			nearplane = 0.1,
			farplane = 100000
		}
	},

	{
		entity_name = "rtcprop_hardware_br_fission_generator_4",
		type = COMPOUND,
		template_name = "rtcprop_hardware_br_fission_generator",
		lt_grp = 0, srt_grp = 0, usr_flg = 0,
		flags = LIT_DYNAMIC,
		spatialprops =
		{
			pos = { 0.237344, 1.836211, 4.936873 },
			orient = { {  0.970229,  0.000000,  0.242191 },
					   {  0.000000,  1.000000,  0.000000 },
					   { -0.242191,  0.000000,  0.970229 } }
		},
		userprops =
		{
			category = "Equipment",
		}
	},

	{
		entity_name = "rtcprop_hardware_br_fission_generator_5",
		type = COMPOUND,
		template_name = "rtcprop_hardware_br_fission_generator",
		lt_grp = 0, srt_grp = 0, usr_flg = 0,
		flags = LIT_DYNAMIC,
		spatialprops =
		{
			pos = { 3.360871, 1.836211, -0.85869 },
			orient = { {  0.750874,  0.000000,  0.660445 },
					   {  0.000000,  1.000000,  0.000000 },
					   { -0.660445,  0.000000,  0.750874 } }
		},
		userprops =
		{
			category = "Equipment",
		}
	},

	{
		entity_name = "Mk_Trent_Initial_Position",
		type = MARKER,
		template_name = "",
		lt_grp = 0, srt_grp = 0, usr_flg = 0,
		spatialprops =
		{
			pos = { -7.845765, 0.923545, -0.436352 },
			orient = { { -0.250324, -0.008879,  0.968121 },
					   { -0.001690,  0.999960,  0.008734 },
					   { -0.968161,  0.000550, -0.250329 } }
		}
	},

	{
		entity_name = "Mk_Tobias_Pivot1",
		type = MARKER,
		template_name = "",
		lt_grp = 0, srt_grp = 0, usr_flg = 0,
		spatialprops =
		{
			pos = { -0.646553, 0.947039, 1.5793 },
			orient = { {  0.372486,  0.000000, -0.928038 },
					   {  0.000000,  1.000000,  0.000000 },
					   {  0.928038,  0.000000,  0.372486 } }
		}
	},

	{
		entity_name = "Cam_D_OTS_Trent",
		type = CAMERA,
		template_name = "",
		lt_grp = 0, srt_grp = 0, usr_flg = 0,
		flags = HIDDEN,
		spatialprops =
		{
			pos = { -3.993695, 1.7657, -0.44221 },
			orient = { { -0.747766,  0.000000,  0.663963 },
					   {  0.109507,  0.986305,  0.123328 },
					   { -0.654870,  0.164929, -0.737525 } }
		},
		cameraprops =
		{
			fovh = 22,
			hvaspect = 1.85,
			nearplane = 0.1,
			farplane = 100000
		}
	},

	{
		entity_name = "Cam_C_OTS_Tobias",
		type = CAMERA,
		template_name = "",
		lt_grp = 0, srt_grp = 0, usr_flg = 0,
		flags = HIDDEN,
		spatialprops =
		{
			pos = { -1.494597, 1.829491, 0.499211 },
			orient = { { -0.236252,  0.000000, -0.971692 },
					   { -0.210829,  0.976178,  0.051260 },
					   {  0.948544,  0.216971, -0.230624 } }
		},
		cameraprops =
		{
			fovh = 22,
			hvaspect = 1.85,
			nearplane = 0.1,
			farplane = 100000
		}
	},

	{
		entity_name = "Cam_B_Trent_Single_Aside",
		type = CAMERA,
		template_name = "",
		lt_grp = 0, srt_grp = 0, usr_flg = 0,
		flags = HIDDEN,
		spatialprops =
		{
			pos = { -2.906843, 1.619769, -0.528114 },
			orient = { { -0.856280,  0.000000, -0.516511 },
					   { -0.017300,  0.999439,  0.028680 },
					   {  0.516222,  0.033493, -0.855800 } }
		},
		cameraprops =
		{
			fovh = 22,
			hvaspect = 1.85,
			nearplane = 0.1,
			farplane = 100000
		}
	},

	{
		entity_name = "Cam_F_Wide_Low_MoveTo",
		type = CAMERA,
		template_name = "",
		lt_grp = 0, srt_grp = 0, usr_flg = 0,
		flags = HIDDEN,
		spatialprops =
		{
			pos = { -1.339795, 0.924628, -3.919343 },
			orient = { { -0.979470,  0.000000, -0.201589 },
					   {  0.032158,  0.987194, -0.156249 },
					   {  0.199008, -0.159524, -0.966927 } }
		},
		cameraprops =
		{
			fovh = 22,
			hvaspect = 1.85,
			nearplane = 0.1,
			farplane = 100000
		}
	},

	{
		entity_name = "Cam_G_OTS_Trent",
		type = CAMERA,
		template_name = "",
		lt_grp = 0, srt_grp = 0, usr_flg = 0,
		flags = HIDDEN,
		spatialprops =
		{
			pos = { -4.353021, 1.738999, 0.954248 },
			orient = { {  0.582352,  0.000000,  0.812937 },
					   {  0.103764,  0.991820, -0.074332 },
					   { -0.806287,  0.127641,  0.577588 } }
		},
		cameraprops =
		{
			fovh = 20,
			hvaspect = 1.85,
			nearplane = 0.1,
			farplane = 100000
		}
	},

	{
		entity_name = "Cam_G_OTS_Trent_MoveTo",
		type = CAMERA,
		template_name = "",
		lt_grp = 0, srt_grp = 0, usr_flg = 0,
		flags = HIDDEN,
		spatialprops =
		{
			pos = { -3.932765, 1.742178, -0.150893 },
			orient = { { -0.638421,  0.000000,  0.769687 },
					   {  0.094794,  0.992387,  0.078628 },
					   { -0.763827,  0.123160, -0.633561 } }
		},
		cameraprops =
		{
			fovh = 20,
			hvaspect = 1.85,
			nearplane = 0.1,
			farplane = 100000
		}
	},

	{
		entity_name = "Cam_H_2_Shot_2_End",
		type = CAMERA,
		template_name = "",
		lt_grp = 0, srt_grp = 0, usr_flg = 0,
		flags = HIDDEN,
		spatialprops =
		{
			pos = { -1.133047, 1.812228, -0.549174 },
			orient = { { -0.578333,  0.000000, -0.815801 },
					   { -0.141986,  0.984738,  0.100656 },
					   {  0.803350,  0.174045, -0.569507 } }
		},
		cameraprops =
		{
			fovh = 20,
			hvaspect = 1.85,
			nearplane = 0.1,
			farplane = 100000
		}
	},

	{
		entity_name = "Mk_Tobias_Look_Trent",
		type = MARKER,
		template_name = "",
		lt_grp = 0, srt_grp = 0, usr_flg = 0,
		spatialprops =
		{
			pos = { -3.370384, 1.670052, 0.339951 },
			orient = { { -0.178954,  0.000000,  0.983857 },
					   {  0.000000,  1.000000,  0.000000 },
					   { -0.983857,  0.000000, -0.178954 } }
		}
	},

	{
		entity_name = "Mk_trent_look_Tobias_2",
		type = MARKER,
		template_name = "",
		lt_grp = 0, srt_grp = 0, usr_flg = 0,
		spatialprops =
		{
			pos = { -2.605754, 1.534397, 0.527283 },
			orient = { {  0.650662,  0.000000, -0.759367 },
					   {  0.000000,  1.000000,  0.000000 },
					   {  0.759367,  0.000000,  0.650662 } }
		}
	},

	{
		entity_name = "Mk_trent_look_Tobias_1",
		type = MARKER,
		template_name = "",
		lt_grp = 0, srt_grp = 0, usr_flg = 0,
		spatialprops =
		{
			pos = { -2.114398, 1.534397, 0.756402 },
			orient = { {  0.650662,  0.000000, -0.759367 },
					   {  0.000000,  1.000000,  0.000000 },
					   {  0.759367,  0.000000,  0.650662 } }
		}
	},

	{
		entity_name = "Mk_Tobias_Look_Trent_2",
		type = MARKER,
		template_name = "",
		lt_grp = 0, srt_grp = 0, usr_flg = 0,
		spatialprops =
		{
			pos = { -3.412041, 1.623054, 0.568974 },
			orient = { { -0.178954,  0.000000,  0.983857 },
					   {  0.000000,  1.000000,  0.000000 },
					   { -0.983857,  0.000000, -0.178954 } }
		}
	},

	{
		entity_name = "Mk_trent_look_Tobias_3",
		type = MARKER,
		template_name = "",
		lt_grp = 0, srt_grp = 0, usr_flg = 0,
		spatialprops =
		{
			pos = { -2.645199, 1.600787, 0.494386 },
			orient = { {  0.650662,  0.000000, -0.759367 },
					   {  0.000000,  1.000000,  0.000000 },
					   {  0.759367,  0.000000,  0.650662 } }
		}
	},

	{
		entity_name = "Mk_trent_look_Tobias_4",
		type = MARKER,
		template_name = "",
		lt_grp = 0, srt_grp = 0, usr_flg = 0,
		spatialprops =
		{
			pos = { -1.343842, 1.52149, -0.554296 },
			orient = { {  0.650662,  0.000000, -0.759367 },
					   {  0.000000,  1.000000,  0.000000 },
					   {  0.759367,  0.000000,  0.650662 } }
		}
	},

	{
		entity_name = "Mk_trent_look_Tobias_5",
		type = MARKER,
		template_name = "",
		lt_grp = 0, srt_grp = 0, usr_flg = 0,
		spatialprops =
		{
			pos = { -2.645199, 1.600787, 0.494386 },
			orient = { {  0.650662,  0.000000, -0.759367 },
					   {  0.000000,  1.000000,  0.000000 },
					   {  0.759367,  0.000000,  0.650662 } }
		}
	},

	{
		entity_name = "Mk_Tobias_Look_Trent_3",
		type = MARKER,
		template_name = "",
		lt_grp = 0, srt_grp = 0, usr_flg = 0,
		spatialprops =
		{
			pos = { -3.412041, 1.623054, 0.568974 },
			orient = { { -0.178954,  0.000000,  0.983857 },
					   {  0.000000,  1.000000,  0.000000 },
					   { -0.983857,  0.000000, -0.178954 } }
		}
	},

	{
		entity_name = "Mk_Tobias_Look_Trent_4_Past",
		type = MARKER,
		template_name = "",
		lt_grp = 0, srt_grp = 0, usr_flg = 0,
		spatialprops =
		{
			pos = { -2.575128, 1.623054, 1.236822 },
			orient = { { -0.178954,  0.000000,  0.983857 },
					   {  0.000000,  1.000000,  0.000000 },
					   { -0.983857,  0.000000, -0.178954 } }
		}
	},

	{
		entity_name = "Mk_Tobias_Look_Trent_5",
		type = MARKER,
		template_name = "",
		lt_grp = 0, srt_grp = 0, usr_flg = 0,
		spatialprops =
		{
			pos = { -3.412041, 1.623054, 0.568974 },
			orient = { { -0.178954,  0.000000,  0.983857 },
					   {  0.000000,  1.000000,  0.000000 },
					   { -0.983857,  0.000000, -0.178954 } }
		}
	},

	{
		entity_name = "Cam_E_OTS_Tobias_Close",
		type = CAMERA,
		template_name = "",
		lt_grp = 0, srt_grp = 0, usr_flg = 0,
		flags = HIDDEN,
		spatialprops =
		{
			pos = { -2.312002, 1.789962, -0.417105 },
			orient = { { -0.800088,  0.000000, -0.599883 },
					   { -0.091868,  0.988204,  0.122528 },
					   {  0.592806,  0.153143, -0.790650 } }
		},
		cameraprops =
		{
			fovh = 20,
			hvaspect = 1.85,
			nearplane = 0.1,
			farplane = 100000
		}
	},

	{
		entity_name = "Cam_F_Wide_Low",
		type = CAMERA,
		template_name = "",
		lt_grp = 0, srt_grp = 0, usr_flg = 0,
		flags = HIDDEN,
		spatialprops =
		{
			pos = { -1.080377, 0.951355, -3.720413 },
			orient = { { -0.859925,  0.000000, -0.510420 },
					   { -0.005094,  0.999950,  0.008581 },
					   {  0.510394,  0.009979, -0.859883 } }
		},
		cameraprops =
		{
			fovh = 22,
			hvaspect = 1.85,
			nearplane = 0.1,
			farplane = 100000
		}
	},

	{
		entity_name = "RTC_br_booth_cart",
		type = COMPOUND,
		template_name = "br_booth",
		lt_grp = 0, srt_grp = 0, usr_flg = 0,
		flags = LIT_DYNAMIC,
		spatialprops =
		{
			pos = { 4.543229, 0.876817, 0.127433 },
			orient = { { 1, 0, 0 }, { 0, 1, 0 }, { 0, 0, 1 } }
		},
		userprops =
		{
			category = "Equipment Cart",
		}
	},

	{
		entity_name = "rtcprop_hardware_br_xenon_ion_drive_4",
		type = COMPOUND,
		template_name = "rtcprop_hardware_br_xenon_ion_drive",
		lt_grp = 0, srt_grp = 0, usr_flg = 0,
		flags = LIT_DYNAMIC,
		spatialprops =
		{
			pos = { 4.850301, 1.936384, 1.048452 },
			orient = { { -0.792104,  0.000000, -0.610386 },
					   {  0.000000,  1.000000,  0.000000 },
					   {  0.610386,  0.000000, -0.792104 } }
		},
		userprops =
		{
			category = "Equipment",
		}
	},

	{
		entity_name = "RTC_br_booth_cart_3",
		type = COMPOUND,
		template_name = "br_booth",
		lt_grp = 0, srt_grp = 0, usr_flg = 0,
		flags = LIT_DYNAMIC,
		spatialprops =
		{
			pos = { 1.692541, 0.876817, 6.871336 },
			orient = { {  0.248380,  0.000000,  0.968663 },
					   {  0.000000,  1.000000,  0.000000 },
					   { -0.968663,  0.000000,  0.248380 } }
		},
		userprops =
		{
			category = "Equipment Cart",
		}
	},

	{
		entity_name = "rtcprop_hardware_br_stealth_armor_8",
		type = COMPOUND,
		template_name = "rtcprop_hardware_br_stealth_armor",
		lt_grp = 0, srt_grp = 0, usr_flg = 0,
		flags = LIT_DYNAMIC,
		spatialprops =
		{
			pos = { -3.034253, 1.100986, -2.85194 },
			orient = { {  0.798033,  0.000000, -0.602613 },
					   {  0.000000,  1.000000,  0.000000 },
					   {  0.602613,  0.000000,  0.798033 } }
		},
		userprops =
		{
			category = "Equipment",
		}
	},

	{
		entity_name = "Cam_A_OTS_Trent_Opening_Shot",
		type = CAMERA,
		template_name = "",
		lt_grp = 0, srt_grp = 0, usr_flg = 0,
		flags = HIDDEN,
		spatialprops =
		{
			pos = { -3.630005, 1.734494, -0.855191 },
			orient = { { -0.914655,  0.000000,  0.404236 },
					   {  0.060987,  0.988554,  0.137994 },
					   { -0.399609,  0.150871, -0.904185 } }
		},
		cameraprops =
		{
			fovh = 22,
			hvaspect = 1.85,
			nearplane = 0.1,
			farplane = 100000
		}
	},

	{
		entity_name = "Cam_A_MoveTo",
		type = MARKER,
		template_name = "",
		lt_grp = 0, srt_grp = 0, usr_flg = 0,
		flags = HIDDEN,
		spatialprops =
		{
			pos = { -3.216933, 3.093735, -8.978207 },
			orient = { { -0.918393,  0.000000,  0.395671 },
					   {  0.101119,  0.966792,  0.234709 },
					   { -0.382531,  0.255565, -0.887894 } }
		}
	},

	{
		entity_name = "Mk_Tobias_Exclamation_Head_IK",
		type = MARKER,
		template_name = "",
		lt_grp = 0, srt_grp = 0, usr_flg = 0,
		spatialprops =
		{
			pos = { -0.693522, 1.791161, -1.311916 },
			orient = { {  0.432909,  0.000000,  0.901438 },
					   {  0.000000,  1.000000,  0.000000 },
					   { -0.901438,  0.000000,  0.432909 } }
		}
	},

	{
		entity_name = "Mk_Tobias_Exclamation_Head_IK_2",
		type = MARKER,
		template_name = "",
		lt_grp = 0, srt_grp = 0, usr_flg = 0,
		spatialprops =
		{
			pos = { -1.160201, 1.747108, -0.41916 },
			orient = { {  0.432909,  0.000000,  0.901438 },
					   {  0.000000,  1.000000,  0.000000 },
					   { -0.901438,  0.000000,  0.432909 } }
		}
	},

	{
		entity_name = "Mk_Tobias_Position_Trent_Single",
		type = MARKER,
		template_name = "",
		lt_grp = 0, srt_grp = 0, usr_flg = 0,
		spatialprops =
		{
			pos = { -2.249774, 0.972928, 0.918714 },
			orient = { {  0.994722,  0.000000, -0.102607 },
					   {  0.000000,  1.000000,  0.000000 },
					   {  0.102607,  0.000000,  0.994722 } }
		}
	},

	{
		entity_name = "Mk_Tobias_Look_Trent_No",
		type = MARKER,
		template_name = "",
		lt_grp = 0, srt_grp = 0, usr_flg = 0,
		spatialprops =
		{
			pos = { -3.232063, 1.263318, -0.420518 },
			orient = { { -0.178954,  0.000000,  0.983857 },
					   {  0.000000,  1.000000,  0.000000 },
					   { -0.983857,  0.000000, -0.178954 } }
		}
	},

	{
		entity_name = "Mk_Tobias_Look_Trent_No_2",
		type = MARKER,
		template_name = "",
		lt_grp = 0, srt_grp = 0, usr_flg = 0,
		spatialprops =
		{
			pos = { -3.605122, 1.267807, 1.630506 },
			orient = { { -0.178954,  0.000000,  0.983857 },
					   {  0.000000,  1.000000,  0.000000 },
					   { -0.983857,  0.000000, -0.178954 } }
		}
	},

	{
		entity_name = "Mk_Tobias_Look_Trent2_Original",
		type = MARKER,
		template_name = "",
		lt_grp = 0, srt_grp = 0, usr_flg = 0,
		spatialprops =
		{
			pos = { -3.370384, 1.670052, 0.339951 },
			orient = { { -0.178954,  0.000000,  0.983857 },
					   {  0.000000,  1.000000,  0.000000 },
					   { -0.983857,  0.000000, -0.178954 } }
		}
	},

	{
		entity_name = "Mk_Tobias_Position2",
		type = MARKER,
		template_name = "",
		lt_grp = 0, srt_grp = 0, usr_flg = 0,
		spatialprops =
		{
			pos = { -2.287902, 0.973156, 0.958747 },
			orient = { {  0.658670,  0.000000, -0.752432 },
					   {  0.000000,  1.000000,  0.000000 },
					   {  0.752432,  0.000000,  0.658670 } }
		}
	},

	{
		entity_name = "Mk_Tobias_Lower_L_Arm_IK",
		type = MARKER,
		template_name = "",
		lt_grp = 0, srt_grp = 0, usr_flg = 0,
		spatialprops =
		{
			pos = { -1.32246, 1.193375, -1.737492 },
			orient = { {  0.824912,  0.000000,  0.565262 },
					   {  0.000000,  1.000000,  0.000000 },
					   { -0.565262,  0.000000,  0.824912 } }
		}
	},

	{
		entity_name = "Marker_Tobias_Left_Uarm",
		type = MARKER,
		template_name = "",
		lt_grp = 0, srt_grp = 0, usr_flg = 0,
		spatialprops =
		{
			pos = { -2.986718, 1.313094, 0.807088 },
			orient = { {  0.666608,  0.000000, -0.745408 },
					   {  0.000000,  1.000000,  0.000000 },
					   {  0.745408,  0.000000,  0.666608 } }
		}
	},

	{
		entity_name = "Marker_Tobias_Left_Larm",
		type = MARKER,
		template_name = "",
		lt_grp = 0, srt_grp = 0, usr_flg = 0,
		spatialprops =
		{
			pos = { -3.245739, 1.371368, 0.871374 },
			orient = { {  0.209907,  0.000000, -0.977721 },
					   {  0.000000,  1.000000,  0.000000 },
					   {  0.977721,  0.000000,  0.209907 } }
		}
	},

	{
		entity_name = "Mk_Tobias_Core",
		type = MARKER,
		template_name = "",
		lt_grp = 0, srt_grp = 0, usr_flg = 0,
		spatialprops =
		{
			pos = { -1.44553, 0.961234, -1.523045 },
			orient = { {  0.820945,  0.000000,  0.571007 },
					   {  0.000000,  1.000000,  0.000000 },
					   { -0.571007,  0.000000,  0.820945 } }
		}
	},

	{
		entity_name = "Mk_Tobias_Lower_L_Arm_IK_Hand",
		type = MARKER,
		template_name = "",
		lt_grp = 0, srt_grp = 0, usr_flg = 0,
		spatialprops =
		{
			pos = { -1.265013, 1.189109, -1.674542 },
			orient = { {  0.824912,  0.000000,  0.565262 },
					   {  0.000000,  1.000000,  0.000000 },
					   { -0.565262,  0.000000,  0.824912 } }
		}
	},

	{
		entity_name = "Mk_Tobias_Lower_R_LArm_IK",
		type = MARKER,
		template_name = "",
		lt_grp = 0, srt_grp = 0, usr_flg = 0,
		spatialprops =
		{
			pos = { -1.500882, 0.85867, -1.919599 },
			orient = { {  0.824912,  0.000000,  0.565262 },
					   {  0.000000,  1.000000,  0.000000 },
					   { -0.565262,  0.000000,  0.824912 } }
		}
	},

	{
		entity_name = "Marker_Tobias_Left_Uarm_Ref",
		type = MARKER,
		template_name = "",
		lt_grp = 0, srt_grp = 0, usr_flg = 0,
		spatialprops =
		{
			pos = { -2.988232, 1.313094, 0.777013 },
			orient = { {  0.998735,  0.000000, -0.050287 },
					   {  0.000000,  1.000000,  0.000000 },
					   {  0.050287,  0.000000,  0.998735 } }
		}
	},

	{
		entity_name = "Cam_A_ReCompose_Opening_2Shot",
		type = CAMERA,
		template_name = "",
		lt_grp = 0, srt_grp = 0, usr_flg = 0,
		flags = HIDDEN,
		spatialprops =
		{
			pos = { -3.549668, 1.766785, -1.746854 },
			orient = { { -0.974583,  0.000000,  0.224029 },
					   {  0.041600,  0.982608,  0.180971 },
					   { -0.220132,  0.185691, -0.957633 } }
		},
		cameraprops =
		{
			fovh = 22,
			hvaspect = 1.85,
			nearplane = 0.1,
			farplane = 100000
		}
	},

	{
		entity_name = "Cam_A_OTS_Trent_Opening_Shot_2_Recompose",
		type = CAMERA,
		template_name = "",
		lt_grp = 0, srt_grp = 0, usr_flg = 0,
		flags = HIDDEN,
		spatialprops =
		{
			pos = { -3.630005, 1.734494, -0.855191 },
			orient = { { -0.914655,  0.000000,  0.404236 },
					   {  0.060987,  0.988554,  0.137994 },
					   { -0.399609,  0.150871, -0.904185 } }
		},
		cameraprops =
		{
			fovh = 22,
			hvaspect = 1.85,
			nearplane = 0.1,
			farplane = 100000
		}
	},

	{
		entity_name = "Cam_A_ReCompose_Opening_Pan_Ref_2Shot",
		type = CAMERA,
		template_name = "",
		lt_grp = 0, srt_grp = 0, usr_flg = 0,
		flags = HIDDEN,
		spatialprops =
		{
			pos = { -3.499791, 1.729722, -1.529877 },
			orient = { { -0.933965,  0.090903, -0.345610 },
					   {  0.036788,  0.986425,  0.160037 },
					   {  0.355466,  0.136755, -0.924631 } }
		},
		cameraprops =
		{
			fovh = 22,
			hvaspect = 1.85,
			nearplane = 0.1,
			farplane = 100000
		}
	},

	{
		entity_name = "Mk_Trent_Eye_IK",
		type = MARKER,
		template_name = "",
		lt_grp = 0, srt_grp = 0, usr_flg = 0,
		spatialprops =
		{
			pos = { -3.495172, 1.72355, 0.438144 },
			orient = { {  0.958456,  0.000000,  0.285240 },
					   {  0.000000,  1.000000,  0.000000 },
					   { -0.285240,  0.000000,  0.958456 } }
		}
	},

	{
		entity_name = "Marker_Shipcushion",
		type = MARKER,
		template_name = "",
		lt_grp = 0, srt_grp = 0, usr_flg = 0,
		flags = REFERENCE,
		spatialprops =
		{
			pos = { 0, -0.011961, 0 },
			orient = { {  0.003957,  0.000000, -0.999992 },
					   {  0.000000,  1.000000,  0.000000 },
					   {  0.999992,  0.000000,  0.003957 } }
		}
	},

	{
		entity_name = "Char_Tobias_Mrk_Look_Last",
		type = MARKER,
		template_name = "",
		lt_grp = 0, srt_grp = 0, usr_flg = 0,
		spatialprops =
		{
			pos = { -0.408972, 1.66765, -0.01984 },
			orient = { { 1, 0, 0 }, { 0, 1, 0 }, { 0, 0, 1 } }
		}
	},

	{
		entity_name = "PlayerShip",
		type = COMPOUND,
		template_name = "PlayerShip",
		lt_grp = 0, srt_grp = 0, usr_flg = 0,
		flags = LIT_DYNAMIC,
		spatialprops =
		{
			pos = { 52.49153, -132.575, 112.9482 },
			orient = { { 1, 0, 0 }, { 0, 1, 0 }, { 0, 0, 1 } }
		},
		userprops =
		{
			category = "Spaceship",
		}
	},

	{
		entity_name = "Char_br_male_pilot_fs_ml_steel01",
		type = SOUND,
		template_name = "fs_ml_steel01",
		lt_grp = 0, srt_grp = 0, usr_flg = 0,
		spatialprops =
		{
			pos = { 0, 0, 0 },
			orient = { { 1, 0, 0 }, { 0, 1, 0 }, { 0, 0, 1 } }
		},
		audioprops =
		{
			attenuation = -20,
			pan = -30,
			dmin = 50,
			dmax = 300,
			ain = 360,
			aout = 360,
