duration = 138.496;

entities =
{

	{
		entity_name = "Layer_Scene_s027xb_pl_04_dig",
		type = SCENE,
		template_name = "",
		lt_grp = 0, srt_grp = 0, usr_flg = 0,
		spatialprops =
		{
			pos = { 0, 0, 0 },
			orient = { { 1, 0, 0 }, { 0, 1, 0 }, { 0, 0, 1 } }
		},
		up = Y_AXIS,
		front = Z_AXIS,
		ambient = { 0, 0, 0 }
	},

	{
		entity_name = "dx_s027x_1101_sinclair",
		type = SOUND,
		template_name = "dx_s027x_1101_sinclair",
		lt_grp = 0, srt_grp = 0, usr_flg = 0,
		spatialprops =
		{
			pos = { 0, 0, 0 },
			orient = { { 1, 0, 0 }, { 0, 1, 0 }, { 0, 0, 1 } }
		},
		audioprops =
		{
			attenuation = -3,
			pan = 0,
			dmin = 50,
			dmax = 1000,
			ain = 360,
			aout = 360,
			atout = 0,
			rmix = 0,
		},
		userprops =
		{
			category = "Audio",
		}
	},

	{
		entity_name = "dx_s027x_1301_sinclair",
		type = SOUND,
		template_name = "dx_s027x_1301_sinclair",
		lt_grp = 0, srt_grp = 0, usr_flg = 0,
		spatialprops =
		{
			pos = { 0, 0, 0 },
			orient = { { 1, 0, 0 }, { 0, 1, 0 }, { 0, 0, 1 } }
		},
		audioprops =
		{
			attenuation = -3,
			pan = 0,
			dmin = 50,
			dmax = 1000,
			ain = 360,
			aout = 360,
			atout = 0,
			rmix = 0,
		},
		userprops =
		{
			category = "Audio",
		}
	},

	{
		entity_name = "dx_s027x_1401_sinclair",
		type = SOUND,
		template_name = "dx_s027x_1401_sinclair",
		lt_grp = 0, srt_grp = 0, usr_flg = 0,
		spatialprops =
		{
			pos = { 0, 0, 0 },
			orient = { { 1, 0, 0 }, { 0, 1, 0 }, { 0, 0, 1 } }
		},
		audioprops =
		{
			attenuation = -3,
			pan = 0,
			dmin = 50,
			dmax = 1000,
			ain = 360,
			aout = 360,
			atout = 0,
			rmix = 0,
		},
		userprops =
		{
			category = "Audio",
		}
	},

	{
		entity_name = "dx_s027x_1501_Trent",
		type = SOUND,
		template_name = "dx_s027x_1501_Trent",
		lt_grp = 0, srt_grp = 0, usr_flg = 0,
		spatialprops =
		{
			pos = { 0, 0, 0 },
			orient = { { 1, 0, 0 }, { 0, 1, 0 }, { 0, 0, 1 } }
		},
		audioprops =
		{
			attenuation = -3,
			pan = 0,
			dmin = 50,
			dmax = 1000,
			ain = 360,
			aout = 360,
			atout = 0,
			rmix = 0,
		},
		userprops =
		{
			category = "Audio",
		}
	},

	{
		entity_name = "dx_s027x_1601_sinclair",
		type = SOUND,
		template_name = "dx_s027x_1601_sinclair",
		lt_grp = 0, srt_grp = 0, usr_flg = 0,
		spatialprops =
		{
			pos = { 0, 0, 0 },
			orient = { { 1, 0, 0 }, { 0, 1, 0 }, { 0, 0, 1 } }
		},
		audioprops =
		{
			attenuation = -3,
			pan = 0,
			dmin = 50,
			dmax = 1000,
			ain = 360,
			aout = 360,
			atout = 0,
			rmix = 0,
		},
		userprops =
		{
			category = "Audio",
		}
	},

	{
		entity_name = "dx_s027x_1701_Trent",
		type = SOUND,
		template_name = "dx_s027x_1701_Trent",
		lt_grp = 0, srt_grp = 0, usr_flg = 0,
		spatialprops =
		{
			pos = { 0, 0, 0 },
			orient = { { 1, 0, 0 }, { 0, 1, 0 }, { 0, 0, 1 } }
		},
		audioprops =
		{
			attenuation = -3,
			pan = 0,
			dmin = 50,
			dmax = 1000,
			ain = 360,
			aout = 360,
			atout = 0,
			rmix = 0,
		},
		userprops =
		{
			category = "Audio",
		}
	},

	{
		entity_name = "dx_s027x_1801_sinclair",
		type = SOUND,
		template_name = "dx_s027x_1801_sinclair",
		lt_grp = 0, srt_grp = 0, usr_flg = 0,
		spatialprops =
		{
			pos = { 0, 0, 0 },
			orient = { { 1, 0, 0 }, { 0, 1, 0 }, { 0, 0, 1 } }
		},
		audioprops =
		{
			attenuation = -3,
			pan = 0,
			dmin = 50,
			dmax = 1000,
			ain = 360,
			aout = 360,
			atout = 0,
			rmix = 0,
		},
		userprops =
		{
			category = "Audio",
		}
	},

	{
		entity_name = "dx_s027x_1901_Trent",
		type = SOUND,
		template_name = "dx_s027x_1901_Trent",
		lt_grp = 0, srt_grp = 0, usr_flg = 0,
		spatialprops =
		{
			pos = { 0, 0, 0 },
			orient = { { 1, 0, 0 }, { 0, 1, 0 }, { 0, 0, 1 } }
		},
		audioprops =
		{
			attenuation = -3,
			pan = 0,
			dmin = 50,
			dmax = 1000,
			ain = 360,
			aout = 360,
			atout = 0,
			rmix = 0,
		},
		userprops =
		{
			category = "Audio",
		}
	},

	{
		entity_name = "dx_s027x_2001_sinclair",
		type = SOUND,
		template_name = "dx_s027x_2001_sinclair",
		lt_grp = 0, srt_grp = 0, usr_flg = 0,
		spatialprops =
		{
			pos = { 0, 0, 0 },
			orient = { { 1, 0, 0 }, { 0, 1, 0 }, { 0, 0, 1 } }
		},
		audioprops =
		{
			attenuation = -3,
			pan = 0,
			dmin = 50,
			dmax = 1000,
			ain = 360,
			aout = 360,
			atout = 0,
			rmix = 0,
		},
		userprops =
		{
			category = "Audio",
		}
	},

	{
		entity_name = "dx_s027x_2201_sinclair",
		type = SOUND,
		template_name = "dx_s027x_2201_sinclair",
		lt_grp = 0, srt_grp = 0, usr_flg = 0,
		spatialprops =
		{
			pos = { 0, 0, 0 },
			orient = { { 1, 0, 0 }, { 0, 1, 0 }, { 0, 0, 1 } }
		},
		audioprops =
		{
			attenuation = -3,
			pan = 0,
			dmin = 50,
			dmax = 1000,
			ain = 360,
			aout = 360,
			atout = 0,
			rmix = 0,
		},
		userprops =
		{
			category = "Audio",
		}
	},

	{
		entity_name = "dx_s027x_2301_Assist_02",
		type = SOUND,
		template_name = "dx_s027x_2301_Assist_02",
		lt_grp = 0, srt_grp = 0, usr_flg = 0,
		spatialprops =
		{
			pos = { 0, 0, 0 },
			orient = { { 1, 0, 0 }, { 0, 1, 0 }, { 0, 0, 1 } }
		},
		audioprops =
		{
			attenuation = -3,
			pan = 0,
			dmin = 50,
			dmax = 1000,
			ain = 360,
			aout = 360,
			atout = 0,
			rmix = 0,
		},
		userprops =
		{
			category = "Audio",
		}
	},

	{
		entity_name = "dx_s027x_2701_Assist_02",
		type = SOUND,
		template_name = "dx_s027x_2701_Assist_02",
		lt_grp = 0, srt_grp = 0, usr_flg = 0,
		spatialprops =
		{
			pos = { 0, 0, 0 },
			orient = { { 1, 0, 0 }, { 0, 1, 0 }, { 0, 0, 1 } }
		},
		audioprops =
		{
			attenuation = -3,
			pan = 0,
			dmin = 50,
			dmax = 1000,
			ain = 360,
			aout = 360,
			atout = 0,
			rmix = 0,
		},
		userprops =
		{
			category = "Audio",
		}
	},

	{
		entity_name = "dx_s027x_2801_sinclair",
		type = SOUND,
		template_name = "dx_s027x_2801_sinclair",
		lt_grp = 0, srt_grp = 0, usr_flg = 0,
		spatialprops =
		{
			pos = { 0, 0, 0 },
			orient = { { 1, 0, 0 }, { 0, 1, 0 }, { 0, 0, 1 } }
		},
		audioprops =
		{
			attenuation = -3,
			pan = 0,
			dmin = 50,
			dmax = 1000,
			ain = 360,
			aout = 360,
			atout = 0,
			rmix = 0,
		},
		userprops =
		{
			category = "Audio",
		}
	},

	{
		entity_name = "Char_Trent",
		type = DEFORMABLE,
		template_name = "trent",
		lt_grp = 0, srt_grp = 0, usr_flg = 0,
		flags = LIT_DYNAMIC,
		spatialprops =
		{
			pos = { -0.728067, 0, -20.22286 },
			orient = { { -0.991735,  0.000000, -0.128301 },
					   {  0.000000,  1.000000,  0.000000 },
					   {  0.128301,  0.000000, -0.991735 } }
		},
		compoundprops =
		{
			floor_height = 0
		},
		userprops =
		{
			actor = "player",
			category = "Character",
		}
	},

	{
		entity_name = "Char_Juni",
		type = DEFORMABLE,
		template_name = "juni",
		lt_grp = 0, srt_grp = 0, usr_flg = 0,
		flags = LIT_DYNAMIC,
		spatialprops =
		{
			pos = { 0.177816, 0, -20.29471 },
			orient = { { -0.994660,  0.000000, -0.103203 },
					   {  0.000000,  1.000000,  0.000000 },
					   {  0.103203,  0.000000, -0.994660 } }
		},
		compoundprops =
		{
			floor_height = 0
		},
		userprops =
		{
			actor = "juni",
			category = "Character",
		}
	},

	{
		entity_name = "Char_Sinclair",
		type = DEFORMABLE,
		template_name = "sinclair",
		lt_grp = 0, srt_grp = 0, usr_flg = 0,
		flags = LIT_DYNAMIC,
		spatialprops =
		{
			pos = { 0.177816, 0, -20.29471 },
			orient = { { -0.997040,  0.000000, -0.076889 },
					   {  0.000000,  1.000000,  0.000000 },
					   {  0.076889,  0.000000, -0.997040 } }
		},
		compoundprops =
		{
			floor_height = 0
		},
		userprops =
		{
			actor = "sinclair",
			category = "Character",
		}
	},

	{
		entity_name = "Char_Assistant_Male_02",
		type = DEFORMABLE,
		template_name = "assistant_male_1",
		lt_grp = 0, srt_grp = 0, usr_flg = 0,
		flags = LIT_DYNAMIC,
		spatialprops =
		{
			pos = { 1000, 0, 0 },
			orient = { { 1, 0, 0 }, { 0, 1, 0 }, { 0, 0, 1 } }
		},
		compoundprops =
		{
			floor_height = 0
		},
		userprops =
		{
			actor = "assist_02",
			category = "Character",
		}
	},

	{
		entity_name = "dx_s027x_1302_sinclair",
		type = SOUND,
		template_name = "dx_s027x_1302_sinclair",
		lt_grp = 0, srt_grp = 0, usr_flg = 0,
		spatialprops =
		{
			pos = { 0, 0, 0 },
			orient = { { 1, 0, 0 }, { 0, 1, 0 }, { 0, 0, 1 } }
		},
		audioprops =
		{
			attenuation = -1,
			pan = 0,
			dmax = 1000,
			ain = 360,
			aout = 360,
			atout = 0,
			rmix = 0,
		},
		userprops =
		{
			category = "Audio",
		}
	},

	{
		entity_name = "dx_s027x_1303_sinclair",
		type = SOUND,
		template_name = "dx_s027x_1303_sinclair",
		lt_grp = 0, srt_grp = 0, usr_flg = 0,
		spatialprops =
		{
			pos = { 0, 0, 0 },
			orient = { { 1, 0, 0 }, { 0, 1, 0 }, { 0, 0, 1 } }
		},
		audioprops =
		{
			attenuation = -1,
			pan = 0,
			dmin = 50,
			dmax = 1000,
			ain = 360,
			atout = 0,
			rmix = 0,
		},
		userprops =
		{
			category = "Audio",
		}
	},

	{
		entity_name = "dx_s027x_1304_sinclair",
		type = SOUND,
		template_name = "dx_s027x_1304_sinclair",
		lt_grp = 0, srt_grp = 0, usr_flg = 0,
		spatialprops =
		{
			pos = { 0, 0, 0 },
			orient = { { 1, 0, 0 }, { 0, 1, 0 }, { 0, 0, 1 } }
		},
		audioprops =
		{
			attenuation = -1,
			pan = 0,
			dmin = 50,
			dmax = 1000,
			ain = 360,
			aout = 360,
			atout = 0,
			rmix = 0,
		},
		userprops =
		{
			category = "Audio",
		}
	},

	{
		entity_name = "dx_s027x_1305_sinclair",
		type = SOUND,
		template_name = "dx_s027x_1305_sinclair",
		lt_grp = 0, srt_grp = 0, usr_flg = 0,
		spatialprops =
		{
			pos = { 0, 0, 0 },
			orient = { { 1, 0, 0 }, { 0, 1, 0 }, { 0, 0, 1 } }
		},
		audioprops =
		{
			attenuation = -1,
			pan = 0,
			dmin = 50,
			dmax = 1000,
			ain = 360,
			aout = 360,
			atout = 0,
			rmix = 0,
		},
		userprops =
		{
			category = "Audio",
		}
	},

	{
		entity_name = "dx_s027x_1306_sinclair",
		type = SOUND,
		template_name = "dx_s027x_1306_sinclair",
		lt_grp = 0, srt_grp = 0, usr_flg = 0,
		spatialprops =
		{
			pos = { 0, 0, 0 },
			orient = { { 1, 0, 0 }, { 0, 1, 0 }, { 0, 0, 1 } }
		},
		audioprops =
		{
			attenuation = -1,
			pan = 0,
			dmin = 50,
			dmax = 1000,
			ain = 360,
			aout = 360,
			atout = 0,
			rmix = 0,
		},
		userprops =
		{
			category = "Audio",
		}
	},

	{
		entity_name = "dx_s027x_1402_sinclair",
		type = SOUND,
		template_name = "dx_s027x_1402_sinclair",
		lt_grp = 0, srt_grp = 0, usr_flg = 0,
		spatialprops =
		{
			pos = { 0, 0, 0 },
			orient = { { 1, 0, 0 }, { 0, 1, 0 }, { 0, 0, 1 } }
		},
		audioprops =
		{
			attenuation = -1,
			pan = 0,
			dmin = 50,
			dmax = 1000,
			ain = 360,
			aout = 360,
			atout = 0,
			rmix = 0,
		},
		userprops =
		{
			category = "Audio",
		}
	},

	{
		entity_name = "dx_s027x_1403_sinclair",
		type = SOUND,
		template_name = "dx_s027x_1403_sinclair",
		lt_grp = 0, srt_grp = 0, usr_flg = 0,
		spatialprops =
		{
			pos = { 0, 0, 0 },
			orient = { { 1, 0, 0 }, { 0, 1, 0 }, { 0, 0, 1 } }
		},
		audioprops =
		{
			attenuation = -1,
			pan = 0,
			dmin = 50,
			dmax = 1000,
			ain = 360,
			aout = 360,
			atout = 0,
			rmix = 0,
		},
		userprops =
		{
			category = "Audio",
		}
	},

	{
		entity_name = "dx_s027x_1702_Trent",
		type = SOUND,
		template_name = "dx_s027x_1702_Trent",
		lt_grp = 0, srt_grp = 0, usr_flg = 0,
		spatialprops =
		{
			pos = { 0, 0, 0 },
			orient = { { 1, 0, 0 }, { 0, 1, 0 }, { 0, 0, 1 } }
		},
		audioprops =
		{
			attenuation = -1,
			pan = 0,
			dmin = 50,
			dmax = 1000,
			ain = 360,
			aout = 360,
			atout = 0,
			rmix = 0,
		},
		userprops =
		{
			category = "Audio",
		}
	},

	{
		entity_name = "dx_s027x_1703_Trent",
		type = SOUND,
		template_name = "dx_s027x_1703_Trent",
		lt_grp = 0, srt_grp = 0, usr_flg = 0,
		spatialprops =
		{
			pos = { 0, 0, 0 },
			orient = { { 1, 0, 0 }, { 0, 1, 0 }, { 0, 0, 1 } }
		},
		audioprops =
		{
			attenuation = -1,
			pan = 0,
			dmin = 50,
			dmax = 1000,
			ain = 360,
			aout = 360,
			atout = 0,
			rmix = 0,
		},
		userprops =
		{
			category = "Audio",
		}
	},

	{
		entity_name = "dx_s027x_1902_Trent",
		type = SOUND,
		template_name = "dx_s027x_1902_Trent",
		lt_grp = 0, srt_grp = 0, usr_flg = 0,
		spatialprops =
		{
			pos = { 0, 0, 0 },
			orient = { { 1, 0, 0 }, { 0, 1, 0 }, { 0, 0, 1 } }
		},
		audioprops =
		{
			attenuation = -1,
			pan = 0,
			dmin = 50,
			dmax = 1000,
			ain = 360,
			aout = 360,
			atout = 0,
			rmix = 0,
		},
		userprops =
		{
			category = "Audio",
		}
	},

	{
		entity_name = "dx_s027x_2601_sinclair",
		type = SOUND,
		template_name = "dx_s027x_2601_sinclair",
		lt_grp = 0, srt_grp = 0, usr_flg = 0,
		spatialprops =
		{
			pos = { 0, 0, 0 },
			orient = { { 1, 0, 0 }, { 0, 1, 0 }, { 0, 0, 1 } }
		},
		audioprops =
		{
			attenuation = -1,
			pan = 0,
			dmin = 50,
			dmax = 1000,
			ain = 360,
			aout = 360,
			atout = 0,
			rmix = 0,
		},
		userprops =
		{
			category = "Audio",
		}
	},

	{
		entity_name = "dx_s027x_1201_juni",
		type = SOUND,
		template_name = "dx_s027x_1201_juni",
		lt_grp = 0, srt_grp = 0, usr_flg = 0,
		spatialprops =
		{
			pos = { 0, 0, 0 },
			orient = { { 1, 0, 0 }, { 0, 1, 0 }, { 0, 0, 1 } }
		},
		audioprops =
		{
			attenuation = -1,
			pan = 0,
			dmin = 50,
			dmax = 1000,
			ain = 360,
			aout = 360,
			atout = 0,
			rmix = 0,
		},
		userprops =
		{
			category = "Audio",
		}
	},

	{
		entity_name = "dx_s027x_1202_juni",
		type = SOUND,
		template_name = "dx_s027x_1202_juni",
		lt_grp = 0, srt_grp = 0, usr_flg = 0,
		spatialprops =
		{
			pos = { 0, 0, 0 },
			orient = { { 1, 0, 0 }, { 0, 1, 0 }, { 0, 0, 1 } }
		},
		audioprops =
		{
			attenuation = -1,
			pan = 0,
			dmin = 50,
			dmax = 1000,
			ain = 360,
			aout = 360,
			atout = 0,
			rmix = 0,
		},
		userprops =
		{
			category = "Audio",
		}
	},

	{
		entity_name = "dx_s027x_2101_juni",
		type = SOUND,
		template_name = "dx_s027x_2101_juni",
		lt_grp = 0, srt_grp = 0, usr_flg = 0,
		spatialprops =
		{
			pos = { 0, 0, 0 },
			orient = { { 1, 0, 0 }, { 0, 1, 0 }, { 0, 0, 1 } }
		},
		audioprops =
		{
			attenuation = -1,
			pan = 0,
			dmin = 50,
			dmax = 1000,
			ain = 360,
			aout = 360,
			atout = 0,
			rmix = 0,
		},
		userprops =
		{
			category = "Audio",
		}
	},

	{
		entity_name = "dx_s027x_2102_juni",
		type = SOUND,
		template_name = "dx_s027x_2102_juni",
		lt_grp = 0, srt_grp = 0, usr_flg = 0,
		spatialprops =
		{
			pos = { 0, 0, 0 },
			orient = { { 1, 0, 0 }, { 0, 1, 0 }, { 0, 0, 1 } }
		},
		audioprops =
		{
			attenuation = -1,
			pan = 0,
			dmin = 50,
			dmax = 1000,
			ain = 360,
			aout = 360,
			atout = 0,
			rmix = 0,
		},
		userprops =
		{
			category = "Audio",
		}
	},

	{
		entity_name = "dx_s027x_2103_juni",
		type = SOUND,
		template_name = "dx_s027x_2103_juni",
		lt_grp = 0, srt_grp = 0, usr_flg = 0,
		spatialprops =
		{
			pos = { 0, 0, 0 },
			orient = { { 1, 0, 0 }, { 0, 1, 0 }, { 0, 0, 1 } }
		},
		audioprops =
		{
			attenuation = -1,
			pan = 0,
			dmin = 50,
			dmax = 1000,
			ain = 360,
			aout = 360,
			atout = 0,
			rmix = 0,
		},
		userprops =
		{
			category = "Audio",
		}
	},

	{
		entity_name = "dx_s027x_2104_juni",
		type = SOUND,
		template_name = "dx_s027x_2104_juni",
		lt_grp = 0, srt_grp = 0, usr_flg = 0,
		spatialprops =
		{
			pos = { 0, 0, 0 },
			orient = { { 1, 0, 0 }, { 0, 1, 0 }, { 0, 0, 1 } }
		},
		audioprops =
		{
			attenuation = -1,
			pan = 0,
			dmin = 50,
			dmax = 1000,
			ain = 360,
			aout = 360,
			atout = 0,
			rmix = 0,
		},
		userprops =
		{
			category = "Audio",
		}
	},

	{
		entity_name = "dx_s027x_2105_juni",
		type = SOUND,
		template_name = "dx_s027x_2105_juni",
		lt_grp = 0, srt_grp = 0, usr_flg = 0,
		spatialprops =
		{
			pos = { 0, 0, 0 },
			orient = { { 1, 0, 0 }, { 0, 1, 0 }, { 0, 0, 1 } }
		},
		audioprops =
		{
			attenuation = -1,
			pan = 0,
			dmin = 50,
			dmax = 1000,
			ain = 360,
			aout = 360,
			atout = 0,
			rmix = 0,
		},
		userprops =
		{
			category = "Audio",
		}
	},

	{
		entity_name = "dx_s027x_2106_juni",
		type = SOUND,
		template_name = "dx_s027x_2106_juni",
		lt_grp = 0, srt_grp = 0, usr_flg = 0,
		spatialprops =
		{
			pos = { 0, 0, 0 },
			orient = { { 1, 0, 0 }, { 0, 1, 0 }, { 0, 0, 1 } }
		},
		audioprops =
		{
			attenuation = -1,
			pan = 0,
			dmin = 50,
			dmax = 1000,
			ain = 360,
			aout = 360,
			atout = 0,
			rmix = 0,
		},
		userprops =
		{
			category = "Audio",
		}
	},

	{
		entity_name = "dx_s027x_2107_juni",
		type = SOUND,
		template_name = "dx_s027x_2107_juni",
		lt_grp = 0, srt_grp = 0, usr_flg = 0,
		spatialprops =
		{
			pos = { 0, 0, 0 },
			orient = { { 1, 0, 0 }, { 0, 1, 0 }, { 0, 0, 1 } }
		},
		audioprops =
		{
			attenuation = -1,
			pan = 0,
			dmin = 50,
			dmax = 1000,
			ain = 360,
			aout = 360,
			atout = 0,
			rmix = 0,
		},
		userprops =
		{
			category = "Audio",
		}
	},

	{
		entity_name = "dx_s027x_2108_juni",
		type = SOUND,
		template_name = "dx_s027x_2108_juni",
		lt_grp = 0, srt_grp = 0, usr_flg = 0,
		spatialprops =
		{
			pos = { 0, 0, 0 },
			orient = { { 1, 0, 0 }, { 0, 1, 0 }, { 0, 0, 1 } }
		},
		audioprops =
		{
			attenuation = -1,
			pan = 0,
			dmin = 50,
			dmax = 1000,
			ain = 360,
			aout = 360,
			atout = 0,
			rmix = 0,
		},
		userprops =
		{
			category = "Audio",
		}
	},

	{
		entity_name = "dx_s027x_2401_juni",
		type = SOUND,
		template_name = "dx_s027x_2401_juni",
		lt_grp = 0, srt_grp = 0, usr_flg = 0,
		spatialprops =
		{
			pos = { 0, 0, 0 },
			orient = { { 1, 0, 0 }, { 0, 1, 0 }, { 0, 0, 1 } }
		},
		audioprops =
		{
			attenuation = -1,
			pan = 0,
			dmin = 50,
			dmax = 1000,
			ain = 360,
			aout = 360,
			atout = 0,
			rmix = 0,
		},
		userprops =
		{
			category = "Audio",
		}
	},

	{
		entity_name = "dx_s027x_1903_Trent",
		type = SOUND,
		template_name = "dx_s027x_1903_Trent",
		lt_grp = 0, srt_grp = 0, usr_flg = 0,
		spatialprops =
		{
			pos = { 0, 0, 0 },
			orient = { { 1, 0, 0 }, { 0, 1, 0 }, { 0, 0, 1 } }
		},
		audioprops =
		{
			attenuation = -1,
			pan = 0,
			dmin = 50,
			dmax = 1000,
			ain = 360,
			aout = 360,
			atout = 0,
			rmix = 0,
		},
		userprops =
		{
			category = "Audio",
		}
	},

	{
		entity_name = "dx_s027x_2902_juni",
		type = SOUND,
		template_name = "dx_s027x_2901_juni",
		lt_grp = 0, srt_grp = 0, usr_flg = 0,
		spatialprops =
		{
			pos = { 0, 0, 0 },
			orient = { { 1, 0, 0 }, { 0, 1, 0 }, { 0, 0, 1 } }
		},
		audioprops =
		{
			attenuation = -1,
			pan = 0,
			dmin = 50,
			dmax = 1000,
			ain = 360,
			aout = 360,
			atout = 0,
			rmix = 0,
		},
		userprops =
		{
			category = "Audio",
		}
	},

	{
		entity_name = "Cam_Monitor",
		type = MONITOR,
		template_name = "",
		lt_grp = 0, srt_grp = 0, usr_flg = 0,
		userprops =
		{
			Priority = "Monitor_Moving_1",
		}
	},

	{
		entity_name = "LtSpot_Wht_1sec",
		type = LIGHT,
		template_name = "",
		lt_grp = 0, srt_grp = 0, usr_flg = 0,
		spatialprops =
		{
			pos = { -55.58512, 0.559608, 91.74649 },
			orient = { {  0.903823,  0.000000,  0.427906 },
					   { -0.095927,  0.974548,  0.202618 },
					   { -0.417015, -0.224179,  0.880819 } }
		},
		lightprops =
		{
			on = Y,
			color = { 255, 255, 255 },
			diffuse = { 0.427451, 0.407843, 0.152941 },
			specular = { 0, 0, 0 },
			ambient = { 0, 0, 0 },
			direction = { 0, 0, 1 },
			range = 2000,
			cutoff = 98.99998,
			type = L_SPOT,
			theta = 90,
			atten = { 2, 0, 4e-006 }
		}
	},

	{
		entity_name = "LtSpot_Wht_2sec",
		type = LIGHT,
		template_name = "",
		lt_grp = 0, srt_grp = 0, usr_flg = 0,
		spatialprops =
		{
			pos = { -67.32825, 0.559608, 91.40214 },
			orient = { {  0.903823,  0.000000,  0.427906 },
					   { -0.095927,  0.974548,  0.202618 },
					   { -0.417015, -0.224179,  0.880819 } }
		},
		lightprops =
		{
			on = Y,
			color = { 255, 255, 255 },
			diffuse = { 0.929412, 0.921569, 0.803922 },
			specular = { 0, 0, 0 },
			ambient = { 0, 0, 0 },
			direction = { 0, 0, 1 },
			range = 2000,
			cutoff = 98.99998,
			type = L_SPOT,
			theta = 90,
			atten = { 0.1, 0, 4e-006 }
		}
	},

	{
		entity_name = "LtSpot_Wht_Dig01",
		type = LIGHT,
		template_name = "",
		lt_grp = 0, srt_grp = 0, usr_flg = 0,
		spatialprops =
		{
			pos = { 7.955184, 0.559608, -2.405789 },
			orient = { {  0.903823,  0.000000,  0.427906 },
					   { -0.095927,  0.974548,  0.202618 },
					   { -0.417015, -0.224179,  0.880819 } }
		},
		lightprops =
		{
			on = Y,
			color = { 255, 255, 255 },
			diffuse = { 0, 0, 0 },
			specular = { 0, 0, 0 },
			ambient = { 0, 0, 0 },
			direction = { 0, 0, 1 },
			range = 2000,
			cutoff = 98.99998,
			type = L_SPOT,
			theta = 90,
			atten = { 0.1, 0, 4e-006 }
		}
	},

	{
		entity_name = "LtSpot_Wht_Dig02",
		type = LIGHT,
		template_name = "",
		lt_grp = 0, srt_grp = 0, usr_flg = 0,
		spatialprops =
		{
			pos = { 2.056341, -2.230399, 4.653543 },
			orient = { { -0.926267,  0.000000,  0.376868 },
					   { -0.084486,  0.974548, -0.207650 },
					   { -0.367276, -0.224179, -0.902692 } }
		},
		lightprops =
		{
			on = Y,
			color = { 255, 255, 255 },
			diffuse = { 0, 0, 0 },
			specular = { 0, 0, 0 },
			ambient = { 0, 0, 0 },
			direction = { 0, 0, 1 },
			range = 2000,
			cutoff = 98.99998,
			type = L_SPOT,
			theta = 90,
			atten = { 0.1, 0, 4e-006 }
		}
	},

	{
		entity_name = "LtSpot_Wht_Dig03",
		type = LIGHT,
		template_name = "",
		lt_grp = 0, srt_grp = 0, usr_flg = 0,
		spatialprops =
		{
			pos = { -4.540088, 0.288207, 2.821547 },
			orient = { {  0.826226,  0.000000, -0.563339 },
					   {  0.126289,  0.974548,  0.185222 },
					   {  0.549001, -0.224179,  0.805197 } }
		},
		lightprops =
		{
			on = Y,
			color = { 255, 255, 255 },
			diffuse = { 0.011765, 0.011765, 0.003922 },
			specular = { 0, 0, 0 },
			ambient = { 0, 0, 0 },
			direction = { 0, 0, 1 },
			range = 2000,
			cutoff = 98.99998,
			type = L_SPOT,
			theta = 90,
			atten = { 0.1, 0, 4e-006 }
		}
	},

	{
		entity_name = "LtSpot_Wht_Dig04",
		type = LIGHT,
		template_name = "",
		lt_grp = 0, srt_grp = 0, usr_flg = 0,
		spatialprops =
		{
			pos = { -3.317719, 0.53601, -3.828887 },
			orient = { {  0.050337,  0.000000, -0.998732 },
					   {  0.223895,  0.974548,  0.011284 },
					   {  0.973313, -0.224179,  0.049055 } }
		},
		lightprops =
		{
			on = Y,
			color = { 255, 255, 255 },
			diffuse = { 0, 0, 0 },
			specular = { 0, 0, 0 },
			ambient = { 0, 0, 0 },
			direction = { 0, 0, 1 },
			range = 2000,
			cutoff = 98.99998,
			type = L_SPOT,
			theta = 90,
			atten = { 0.1, 0, 4e-006 }
		}
	},

	{
		entity_name = "vfx_DigLtFlare_01",
		type = PSYS,
		template_name = "rtc_columbiatraderflame",
		lt_grp = 0, srt_grp = 0, usr_flg = 0,
		flags = LIT_DYNAMIC + LIT_AMBIENT,
		spatialprops =
		{
			pos = { 8.008421, 0.559441, -2.363342 },
			orient = { { 1, 0, 0 }, { 0, 1, 0 }, { 0, 0, 1 } }
		},
		psysprops =
		{
			sparam = 0
		}
	},

	{
		entity_name = "vfx_DigLtFlare_02",
		type = PSYS,
		template_name = "rtc_columbiatraderflame",
		lt_grp = 0, srt_grp = 0, usr_flg = 0,
		flags = LIT_DYNAMIC + LIT_AMBIENT,
		spatialprops =
		{
			pos = { 2.051332, -2.10782, 4.581796 },
			orient = { {  0.940441,  0.000000, -0.339958 },
					   { -0.329497, -0.246165, -0.911501 },
					   { -0.083686,  0.969228, -0.231503 } }
		},
		psysprops =
		{
			sparam = 0
		}
	},

	{
		entity_name = "vfx_DigLtFlare_03",
		type = PSYS,
		template_name = "rtc_columbiatraderflame",
		lt_grp = 0, srt_grp = 0, usr_flg = 0,
		flags = LIT_DYNAMIC + LIT_AMBIENT,
		spatialprops =
		{
			pos = { -4.587615, 0.277471, 2.738259 },
			orient = { { 1, 0, 0 }, { 0, 1, 0 }, { 0, 0, 1 } }
		},
		psysprops =
		{
			sparam = 0
		}
	},

	{
		entity_name = "vfx_DigLtFlare_04",
		type = PSYS,
		template_name = "rtc_columbiatraderflame",
		lt_grp = 0, srt_grp = 0, usr_flg = 0,
		flags = LIT_DYNAMIC + LIT_AMBIENT,
		spatialprops =
		{
			pos = { -3.249001, 0.541413, -3.819494 },
			orient = { { 1, 0, 0 }, { 0, 1, 0 }, { 0, 0, 1 } }
		},
		psysprops =
		{
			sparam = 0
		}
	},

	{
		entity_name = "Path_AJ",
		type = MOTION_PATH,
		template_name = "",
		lt_grp = 0, srt_grp = 0, usr_flg = 0,
		spatialprops =
		{
			pos = { -13.90635, 16.20261, -1.706112 },
			orient = { {  0.588325,  0.000000,  0.808625 },
					   {  0.551784,  0.731004, -0.401457 },
					   { -0.591108,  0.682373,  0.430068 } }
		},
		pathprops =
		{
			path_type = "CV_CROrientationSplinePath",
			path_data = "OPEN,{0.102644,-0.515993,0.092651}, {1.000000,0.000000,0.000000,0.000000}, {-0.087067,0.474860,-0.082839}, {1.000000,0.000000,0.000000,0.000000}, "
		}
	},

	{
		entity_name = "LtTunnel_Blue",
		type = LIGHT,
		template_name = "",
		lt_grp = 0, srt_grp = 0, usr_flg = 0,
		spatialprops =
		{
			pos = { -0.022467, 1.5, -17 },
			orient = { { 1, 0, 0 }, { 0, 1, 0 }, { 0, 0, 1 } }
		},
		lightprops =
		{
			on = Y,
			color = { 255, 255, 255 },
			diffuse = { 0.211765, 0.211765, 0.282353 },
			specular = { 0, 0, 0 },
			ambient = { 0, 0, 0 },
			direction = { 0, 0, 1 },
			range = 10,
			cutoff = 98.99998,
			type = L_POINT,
			theta = 69.99999,
			atten = { 1, 0, 4e-006 }
		}
	},

	{
		entity_name = "LtTunnelFront_Blue",
		type = LIGHT,
		template_name = "",
		lt_grp = 0, srt_grp = 0, usr_flg = 0,
		spatialprops =
		{
			pos = { 0.496969, 2, -14 },
			orient = { { 1, 0, 0 }, { 0, 1, 0 }, { 0, 0, 1 } }
		},
		lightprops =
		{
			on = Y,
			color = { 255, 255, 255 },
			diffuse = { 0.333333, 0.333333, 0.666667 },
			specular = { 0, 0, 0 },
			ambient = { 0, 0, 0 },
			direction = { 0, 0, 1 },
			range = 50,
			cutoff = 98.99998,
			type = L_POINT,
			theta = 90,
			atten = { 1, 0, 0.01 }
		}
	},

	{
		entity_name = "Mrk_JuniWlkAlign_00sec",
		type = MARKER,
		template_name = "",
		lt_grp = 0, srt_grp = 0, usr_flg = 0,
		spatialprops =
		{
			pos = { 0.177816, 0.953072, -20.29471 },
			orient = { { -0.997865,  0.000000, -0.065307 },
					   {  0.000000,  1.000000,  0.000000 },
					   {  0.065307,  0.000000, -0.997865 } }
		}
	},

	{
		entity_name = "Mrk_TrentWlkAlign_00sec",
		type = MARKER,
		template_name = "",
		lt_grp = 0, srt_grp = 0, usr_flg = 0,
		spatialprops =
		{
			pos = { -0.728067, 0.969072, -20.22286 },
			orient = { { -0.991735,  0.000000, -0.128301 },
					   {  0.000000,  1.000000,  0.000000 },
					   {  0.128301,  0.000000, -0.991735 } }
		}
	},

	{
		entity_name = "Mrk_SinclairWlkAlign_10sec",
		type = MARKER,
		template_name = "",
		lt_grp = 0, srt_grp = 0, usr_flg = 0,
		spatialprops =
		{
			pos = { 0.177816, 0.953072, -20.29471 },
			orient = { { -0.992392,  0.000000, -0.123118 },
					   {  0.000000,  1.000000,  0.000000 },
					   {  0.123118,  0.000000, -0.992392 } }
		}
	},

	{
		entity_name = "Mrk_Offscreen",
		type = MARKER,
		template_name = "",
		lt_grp = 0, srt_grp = 0, usr_flg = 0,
		spatialprops =
		{
			pos = { 1000, 0, 0 },
			orient = { { 1, 0, 0 }, { 0, 1, 0 }, { 0, 0, 1 } }
		}
	},

	{
		entity_name = "Mrk_SinclairWlkAlign_0sec",
		type = MARKER,
		template_name = "",
		lt_grp = 0, srt_grp = 0, usr_flg = 0,
		spatialprops =
		{
			pos = { -3.374469, 0, -9.063041 },
			orient = { { -0.364109,  0.000000, -0.931356 },
					   {  0.000000,  1.000000,  0.000000 },
					   {  0.931356,  0.000000, -0.364109 } }
		}
	},

	{
		entity_name = "Mrk_TrentWlkAlign_14sec",
		type = MARKER,
		template_name = "",
		lt_grp = 0, srt_grp = 0, usr_flg = 0,
		spatialprops =
		{
			pos = { 2.938616, 0, -10.07372 },
			orient = { { -0.731907,  0.000000, -0.681404 },
					   {  0.000000,  1.000000,  0.000000 },
					   {  0.681404,  0.000000, -0.731907 } }
		}
	},

	{
		entity_name = "Mrk_JuniWlkAlign_14sec",
		type = MARKER,
		template_name = "",
		lt_grp = 0, srt_grp = 0, usr_flg = 0,
		spatialprops =
		{
			pos = { 3.219216, 0, -8.930656 },
			orient = { {  0.019795,  0.000000, -0.999804 },
					   {  0.000000,  1.000000,  0.000000 },
					   {  0.999804,  0.000000,  0.019795 } }
		}
	},

	{
		entity_name = "Mrk_SinclairRtHandIK_16sec",
		type = MARKER,
		template_name = "",
		lt_grp = 0, srt_grp = 0, usr_flg = 0,
		spatialprops =
		{
			pos = { -2.950145, 1.089713, -8.794464 },
			orient = { { -0.117230,  0.000000,  0.993105 },
					   {  0.000000,  1.000000,  0.000000 },
					   { -0.993105,  0.000000, -0.117230 } }
		}
	},

	{
		entity_name = "Mrk_SinclairWlkAlign_35sec",
		type = MARKER,
		template_name = "",
		lt_grp = 0, srt_grp = 0, usr_flg = 0,
		spatialprops =
		{
			pos = { -2.79024, 0.940883, -9.081992 },
			orient = { { -0.679138,  0.000000,  0.734010 },
					   {  0.000000,  1.000000,  0.000000 },
					   { -0.734010,  0.000000, -0.679138 } }
		}
	},

	{
		entity_name = "Mrk_JuniWlkAlign_104sec",
		type = MARKER,
		template_name = "",
		lt_grp = 0, srt_grp = 0, usr_flg = 0,
		spatialprops =
		{
			pos = { 1.202226, 0.954889, -8.931182 },
			orient = { {  0.975435,  0.000000, -0.220287 },
					   {  0.000000,  1.000000,  0.000000 },
					   {  0.220287,  0.000000,  0.975435 } }
		}
	},

	{
		entity_name = "Mrk_SinclairWlkAlign_93sec",
		type = MARKER,
		template_name = "",
		lt_grp = 0, srt_grp = 0, usr_flg = 0,
		spatialprops =
		{
			pos = { 1.863834, 0.952135, -9.789037 },
			orient = { { -0.526630,  0.000000, -0.850094 },
					   {  0.000000,  1.000000,  0.000000 },
					   {  0.850094,  0.000000, -0.526630 } }
		}
	},

	{
		entity_name = "Mrk_AsstWlkAlign_128sec",
		type = MARKER,
		template_name = "",
		lt_grp = 0, srt_grp = 0, usr_flg = 0,
		spatialprops =
		{
			pos = { -0.015157, 0.953072, -25.24027 },
			orient = { { -0.987520,  0.000000,  0.157495 },
					   {  0.000000,  1.000000,  0.000000 },
					   { -0.157495,  0.000000, -0.987520 } }
		}
	},

	{
		entity_name = "Mrk_JuniWlkAlign_27sec",
		type = MARKER,
		template_name = "",
		lt_grp = 0, srt_grp = 0, usr_flg = 0,
		spatialprops =
		{
			pos = { 1.400303, 0.955938, -8.713349 },
			orient = { { -0.853524,  0.000000, -0.521053 },
					   {  0.000000,  1.000000,  0.000000 },
					   {  0.521053,  0.000000, -0.853524 } }
		}
	},

	{
		entity_name = "Mrk_SinclairWlkAlign_77sec",
		type = MARKER,
		template_name = "",
		lt_grp = 0, srt_grp = 0, usr_flg = 0,
		spatialprops =
		{
			pos = { -4.273952, 0.95882, -9.477359 },
			orient = { { -0.954992,  0.000000,  0.296630 },
					   {  0.000000,  1.000000,  0.000000 },
					   { -0.296630,  0.000000, -0.954992 } }
		}
	},

	{
		entity_name = "Mrk_TrentWlkAlign_140sec",
		type = MARKER,
		template_name = "",
		lt_grp = 0, srt_grp = 0, usr_flg = 0,
		spatialprops =
		{
			pos = { 0.569273, 0.97002, -12.31931 },
			orient = { { -0.210214,  0.000000,  0.977655 },
					   {  0.000000,  1.000000,  0.000000 },
					   { -0.977655,  0.000000, -0.210214 } }
		}
	},

	{
		entity_name = "Mrk_TrentStayPut_120sec",
		type = MARKER,
		template_name = "",
		lt_grp = 0, srt_grp = 0, usr_flg = 0,
		spatialprops =
		{
			pos = { 0.643176, 0.96516, -12.31421 },
			orient = { {  0.975057,  0.000000,  0.221955 },
					   {  0.000000,  1.000000,  0.000000 },
					   { -0.221955,  0.000000,  0.975057 } }
		}
	},

	{
		entity_name = "Mrk_JuniStayPut_120sec",
		type = MARKER,
		template_name = "",
		lt_grp = 0, srt_grp = 0, usr_flg = 0,
		spatialprops =
		{
			pos = { 2.252849, 0.95477, -11.84393 },
			orient = { {  0.771365,  0.000000, -0.636393 },
					   {  0.000000,  1.000000,  0.000000 },
					   {  0.636393,  0.000000,  0.771365 } }
		}
	},

	{
		entity_name = "Mrk_SinclairStayPut_120sec",
		type = MARKER,
		template_name = "",
		lt_grp = 0, srt_grp = 0, usr_flg = 0,
		spatialprops =
		{
			pos = { 1.152011, 0.959263, -13.24268 },
			orient = { { -0.913742,  0.000000,  0.406294 },
					   {  0.000000,  1.000000,  0.000000 },
					   { -0.406294,  0.000000, -0.913742 } }
		}
	},

	{
		entity_name = "Mrk_TrentWlkAlign_46sec",
		type = MARKER,
		template_name = "",
		lt_grp = 0, srt_grp = 0, usr_flg = 0,
		spatialprops =
		{
			pos = { 3.022372, 0.975506, -10.02667 },
			orient = { { -0.074808,  0.000000, -0.997198 },
					   {  0.000000,  1.000000,  0.000000 },
					   {  0.997198,  0.000000, -0.074808 } }
		}
	},

	{
		entity_name = "Mrk_JuniWlkAlign_66sec",
		type = MARKER,
		template_name = "",
		lt_grp = 0, srt_grp = 0, usr_flg = 0,
		spatialprops =
		{
			pos = { 1.990798, 0.950993, -7.373943 },
			orient = { {  0.917937,  0.000000, -0.396725 },
					   {  0.000000,  1.000000,  0.000000 },
					   {  0.396725,  0.000000,  0.917937 } }
		}
	},

	{
		entity_name = "Mrk_TrentWlkAlign_120sec",
		type = MARKER,
		template_name = "",
		lt_grp = 0, srt_grp = 0, usr_flg = 0,
		spatialprops =
		{
			pos = { -1.082093, 0.965245, -11.17946 },
			orient = { {  0.997159,  0.000000,  0.075331 },
					   {  0.000000,  1.000000,  0.000000 },
					   { -0.075331,  0.000000,  0.997159 } }
		}
	},

	{
		entity_name = "Mrk_SinclairWlkAlign_130sec",
		type = MARKER,
		template_name = "",
		lt_grp = 0, srt_grp = 0, usr_flg = 0,
		spatialprops =
		{
			pos = { -0.716206, 0.95927, -13.35964 },
			orient = { {  0.629190,  0.000000,  0.777252 },
					   {  0.000000,  1.000000,  0.000000 },
					   { -0.777252,  0.000000,  0.629190 } }
		}
	},

	{
		entity_name = "Cam_01_OpenCU_Artifact",
		type = CAMERA,
		template_name = "",
		lt_grp = 0, srt_grp = 0, usr_flg = 0,
		spatialprops =
		{
			pos = { -4.704605, 1.142661, -8.702162 },
			orient = { {  0.241902,  0.000000,  0.970301 },
					   {  0.322272,  0.943231, -0.080345 },
					   { -0.915218,  0.332137,  0.228169 } }
		},
		cameraprops =
		{
			fovh = 15,
			hvaspect = 1.85,
			nearplane = 0.2,
			farplane = 500
		}
	},

	{
		entity_name = "Cam_01_OpenCU_Artifact_02",
		type = CAMERA,
		template_name = "",
		lt_grp = 0, srt_grp = 0, usr_flg = 0,
		spatialprops =
		{
			pos = { -3.939182, 1.552158, -8.131196 },
			orient = { {  0.345345,  0.000000,  0.938476 },
					   {  0.076003,  0.996715, -0.027968 },
					   { -0.935393,  0.080986,  0.344211 } }
		},
		cameraprops =
		{
			fovh = 15,
			hvaspect = 1.85,
			nearplane = 0.2,
			farplane = 25000
		}
	},

	{
		entity_name = "Cam_05_CUArt_01",
		type = CAMERA,
		template_name = "",
		lt_grp = 0, srt_grp = 0, usr_flg = 0,
		spatialprops =
		{
			pos = { -3.657572, 0.80196, -8.56667 },
			orient = { {  0.913381,  0.000000, -0.407106 },
					   {  0.101704,  0.968292,  0.228183 },
					   {  0.394197, -0.249823,  0.884419 } }
		},
		cameraprops =
		{
			fovh = 30,
			hvaspect = 1.85,
			nearplane = 0.2,
			farplane = 25000
		}
	},

	{
		entity_name = "prop_artifact_crystal",
		type = COMPOUND,
		template_name = "prop_artifact_crystal",
		lt_grp = 0, srt_grp = 0, usr_flg = 0,
		flags = LIT_DYNAMIC,
		spatialprops =
		{
			pos = { -3.942287, 0.827641, -8.939959 },
			orient = { {  0.777006,  0.084321,  0.623821 },
					   {  0.446478, -0.772409, -0.451709 },
					   {  0.443756,  0.629503, -0.637814 } }
		},
		userprops =
		{
			category = "Prop",
		}
	},

	{
		entity_name = "Cam_06_Med3Shot_TrentCrosses",
		type = CAMERA,
		template_name = "",
		lt_grp = 0, srt_grp = 0, usr_flg = 0,
		spatialprops =
		{
			pos = { -5.773624, 1.488064, -8.352034 },
			orient = { {  0.401605,  0.000000,  0.915813 },
					   {  0.097863,  0.994274, -0.042915 },
					   { -0.910569,  0.106859,  0.399305 } }
		},
		cameraprops =
		{
			fovh = 23,
			hvaspect = 1.85,
			nearplane = 0.2,
			farplane = 25000
		}
	},

	{
		entity_name = "Cam_08_Med3Shot_JTS_01",
		type = CAMERA,
		template_name = "",
		lt_grp = 0, srt_grp = 0, usr_flg = 0,
		spatialprops =
		{
			pos = { -0.716664, 1.641795, -13.6626 },
			orient = { { -0.935987,  0.000000,  0.352034 },
					   {  0.064488,  0.983078,  0.171461 },
					   { -0.346076,  0.183188, -0.920149 } }
		},
		cameraprops =
		{
			fovh = 25,
			hvaspect = 1.85,
			nearplane = 0.2,
			farplane = 25000
		}
	},

	{
		entity_name = "Cam_08_Med3Shot_JTS_02",
		type = CAMERA,
		template_name = "",
		lt_grp = 0, srt_grp = 0, usr_flg = 0,
		spatialprops =
		{
			pos = { -0.333771, 1.609323, -13.17299 },
			orient = { { -0.881367,  0.000000,  0.472432 },
					   {  0.077375,  0.986497,  0.144351 },
					   { -0.466052,  0.163781, -0.869466 } }
		},
		cameraprops =
		{
			fovh = 25,
			hvaspect = 1.85,
			nearplane = 0.2,
			farplane = 25000
		}
	},

	{
		entity_name = "Cam_11_Tracking3Shot_01",
		type = CAMERA,
		template_name = "",
		lt_grp = 0, srt_grp = 0, usr_flg = 0,
		spatialprops =
		{
			pos = { 4.979551, 1.331264, -12.88336 },
			orient = { { -0.261727,  0.000000, -0.965142 },
					   { -0.149751,  0.987889,  0.040609 },
					   {  0.953454,  0.155159, -0.258557 } }
		},
		cameraprops =
		{
			fovh = 30,
			hvaspect = 1.85,
			nearplane = 0.2,
			farplane = 25000
		}
	},

	{
		entity_name = "Cam_11_Tracking3Shot_05",
		type = CAMERA,
		template_name = "",
		lt_grp = 0, srt_grp = 0, usr_flg = 0,
		spatialprops =
		{
			pos = { -1.322173, 1.397878, -15.58929 },
			orient = { { -0.937912,  0.000000,  0.346873 },
					   {  0.045434,  0.991385,  0.122848 },
					   { -0.343884,  0.130981, -0.929832 } }
		},
		cameraprops =
		{
			fovh = 30,
			hvaspect = 1.85,
			nearplane = 0.2,
			farplane = 25000
		}
	},

	{
		entity_name = "Cam_12_MedSin_01",
		type = CAMERA,
		template_name = "",
		lt_grp = 0, srt_grp = 0, usr_flg = 0,
		spatialprops =
		{
			pos = { -0.156679, 1.534783, -12.55414 },
			orient = { {  0.847949,  0.000000, -0.530078 },
					   { -0.030233,  0.998372, -0.048363 },
					   {  0.529216,  0.057035,  0.846568 } }
		},
		cameraprops =
		{
			fovh = 20,
			hvaspect = 1.85,
			nearplane = 0.2,
			farplane = 2500
		}
	},

	{
		entity_name = "Cam_13_ProfileJuni",
		type = CAMERA,
		template_name = "",
		lt_grp = 0, srt_grp = 0, usr_flg = 0,
		spatialprops =
		{
			pos = { 1.366971, 1.54074, -14.22511 },
			orient = { { -0.853884,  0.000000, -0.520463 },
					   { -0.059066,  0.993540,  0.096904 },
					   {  0.517101,  0.113487, -0.848368 } }
		},
		cameraprops =
		{
			fovh = 25,
			hvaspect = 1.85,
			nearplane = 0.2,
			farplane = 25000
		}
	},

	{
		entity_name = "Cam_10_Med_Juni_01",
		type = CAMERA,
		template_name = "",
		lt_grp = 0, srt_grp = 0, usr_flg = 0,
		spatialprops =
		{
			pos = { 2.25787, 0.681949, -12.70774 },
			orient = { { -0.993986,  0.000000, -0.109503 },
					   {  0.029434,  0.963197, -0.267180 },
					   {  0.105473, -0.268796, -0.957405 } }
		},
		cameraprops =
		{
			fovh = 20,
			hvaspect = 1.85,
			nearplane = 0.2,
			farplane = 25000
		}
	},

	{
		entity_name = "Cam_10_Med_Juni_02",
		type = CAMERA,
		template_name = "",
		lt_grp = 0, srt_grp = 0, usr_flg = 0,
		spatialprops =
		{
			pos = { 1.898486, 1.292145, -12.87511 },
			orient = { { -0.989502,  0.000000,  0.144521 },
					   { -0.010931,  0.997135, -0.074843 },
					   { -0.144107, -0.075637, -0.986667 } }
		},
		cameraprops =
		{
			fovh = 20,
			hvaspect = 1.85,
			nearplane = 0.2,
			farplane = 25000
		}
	},

	{
		entity_name = "Mrk_aTrentStayPut_109sec",
		type = MARKER,
		template_name = "",
		lt_grp = 0, srt_grp = 0, usr_flg = 0,
		spatialprops =
		{
			pos = { -1.423476, 0.972901, -9.987527 },
			orient = { {  0.826692,  0.000000,  0.562655 },
					   {  0.000000,  1.000000,  0.000000 },
					   { -0.562655,  0.000000,  0.826692 } }
		}
	},

	{
		entity_name = "Mrk_SinHeadIKLeft_120sec",
		type = MARKER,
		template_name = "",
		lt_grp = 0, srt_grp = 0, usr_flg = 0,
		spatialprops =
		{
			pos = { 0.637175, 1.551971, -11.50351 },
			orient = { { 1, 0, 0 }, { 0, 1, 0 }, { 0, 0, 1 } }
		}
	},

	{
		entity_name = "Mrk_SinHeadIKRight_120sec",
		type = MARKER,
		template_name = "",
		lt_grp = 0, srt_grp = 0, usr_flg = 0,
		spatialprops =
		{
			pos = { -1.32674, 1.551971, -11.98193 },
			orient = { { 1, 0, 0 }, { 0, 1, 0 }, { 0, 0, 1 } }
		}
	},

	{
		entity_name = "Cam_15_CUSin",
		type = CAMERA,
		template_name = "",
		lt_grp = 0, srt_grp = 0, usr_flg = 0,
		spatialprops =
		{
			pos = { -0.177901, 1.598375, -13.39131 },
			orient = { {  0.526830,  0.000000, -0.849971 },
					   { -0.066040,  0.996977, -0.040933 },
					   {  0.847401,  0.077696,  0.525237 } }
		},
		cameraprops =
		{
			fovh = 20,
			hvaspect = 1.85,
			nearplane = 0.2,
			farplane = 2500
		}
	},

	{
		entity_name = "Mrk_JuniStayPut_67sec",
		type = MARKER,
		template_name = "",
		lt_grp = 0, srt_grp = 0, usr_flg = 0,
		spatialprops =
		{
			pos = { 3.295421, 0.959226, -9.274161 },
			orient = { {  0.723769,  0.000000, -0.690043 },
					   {  0.000000,  1.000000,  0.000000 },
					   {  0.690043,  0.000000,  0.723769 } }
		}
	},

	{
		entity_name = "Cam_05_CUArt_02",
		type = CAMERA,
		template_name = "",
