duration = 49.902;

entities =
{

	{
		entity_name = "Layer_Scene_s027xc_pl_04_bar",
		type = SCENE,
		template_name = "",
		lt_grp = 0, srt_grp = 0, usr_flg = 0,
		spatialprops =
		{
			pos = { 0, 0, 0 },
			orient = { { 1, 0, 0 }, { 0, 1, 0 }, { 0, 0, 1 } }
		},
		up = Y_AXIS,
		front = Z_AXIS,
		ambient = { 0, 0, 0 }
	},

	{
		entity_name = "dx_s027x_3001_Trent",
		type = SOUND,
		template_name = "dx_s027x_3001_Trent",
		lt_grp = 0, srt_grp = 0, usr_flg = 0,
		spatialprops =
		{
			pos = { 0, 0, 0 },
			orient = { { 1, 0, 0 }, { 0, 1, 0 }, { 0, 0, 1 } }
		},
		audioprops =
		{
			attenuation = -3,
			pan = 0,
			dmin = 50,
			dmax = 1000,
			ain = 360,
			aout = 360,
			atout = 0,
			rmix = 0,
		},
		userprops =
		{
			category = "Audio",
		}
	},

	{
		entity_name = "dx_s027x_3101_Assist_02",
		type = SOUND,
		template_name = "dx_s027x_3101_Assist_02",
		lt_grp = 0, srt_grp = 0, usr_flg = 0,
		spatialprops =
		{
			pos = { 0, 0, 0 },
			orient = { { 1, 0, 0 }, { 0, 1, 0 }, { 0, 0, 1 } }
		},
		audioprops =
		{
			attenuation = -3,
			pan = 0,
			dmin = 50,
			dmax = 1000,
			ain = 360,
			aout = 360,
			atout = 0,
			rmix = 0,
		},
		userprops =
		{
			category = "Audio",
		}
	},

	{
		entity_name = "dx_s027x_3201_sinclair",
		type = SOUND,
		template_name = "dx_s027x_3201_sinclair",
		lt_grp = 0, srt_grp = 0, usr_flg = 0,
		spatialprops =
		{
			pos = { 0, 0, 0 },
			orient = { { 1, 0, 0 }, { 0, 1, 0 }, { 0, 0, 1 } }
		},
		audioprops =
		{
			attenuation = -3,
			pan = 0,
			dmin = 50,
			dmax = 1000,
			ain = 360,
			aout = 360,
			atout = 0,
			rmix = 0,
		},
		userprops =
		{
			category = "Audio",
		}
	},

	{
		entity_name = "Char_Trent",
		type = DEFORMABLE,
		template_name = "trent",
		lt_grp = 0, srt_grp = 0, usr_flg = 0,
		flags = LIT_DYNAMIC,
		spatialprops =
		{
			pos = { -133.4984, 0, -52.74006 },
			orient = { {  0.312222,  0.000000,  0.950009 },
					   {  0.000000,  1.000000,  0.000000 },
					   { -0.950009,  0.000000,  0.312222 } }
		},
		compoundprops =
		{
			floor_height = 0
		},
		userprops =
		{
			actor = "player",
			category = "Character",
		}
	},

	{
		entity_name = "Char_Juni",
		type = DEFORMABLE,
		template_name = "juni",
		lt_grp = 0, srt_grp = 0, usr_flg = 0,
		flags = LIT_DYNAMIC,
		spatialprops =
		{
			pos = { 5.674031, 0, -4.330723 },
			orient = { { -0.994922,  0.000000,  0.100650 },
					   {  0.000000,  1.000000,  0.000000 },
					   { -0.100650,  0.000000, -0.994922 } }
		},
		compoundprops =
		{
			floor_height = 0
		},
		userprops =
		{
			actor = "juni",
			category = "Character",
		}
	},

	{
		entity_name = "Char_Sinclair",
		type = DEFORMABLE,
		template_name = "sinclair",
		lt_grp = 0, srt_grp = 0, usr_flg = 0,
		flags = LIT_DYNAMIC,
		spatialprops =
		{
			pos = { 1.128102, 0, -3.522353 },
			orient = { { -0.563080,  0.000000,  0.826402 },
					   {  0.000000,  1.000000,  0.000000 },
					   { -0.826402,  0.000000, -0.563080 } }
		},
		compoundprops =
		{
			floor_height = 0
		},
		userprops =
		{
			actor = "sinclair",
			category = "Character",
		}
	},

	{
		entity_name = "Char_Assistant_Male_02",
		type = DEFORMABLE,
		template_name = "assistant_male_1",
		lt_grp = 0, srt_grp = 0, usr_flg = 0,
		flags = LIT_DYNAMIC,
		spatialprops =
		{
			pos = { 5.294371, 0, 1.442391 },
			orient = { {  0.200409,  0.000000,  0.979712 },
					   {  0.000000,  1.000000,  0.000000 },
					   { -0.979712,  0.000000,  0.200409 } }
		},
		compoundprops =
		{
			floor_height = 0
		},
		userprops =
		{
			actor = "assist_02",
			category = "Character",
		}
	},

	{
		entity_name = "dx_s027x_3301_juni",
		type = SOUND,
		template_name = "dx_s027x_3301_juni",
		lt_grp = 0, srt_grp = 0, usr_flg = 0,
		spatialprops =
		{
			pos = { 0, 0, 0 },
			orient = { { 1, 0, 0 }, { 0, 1, 0 }, { 0, 0, 1 } }
		},
		audioprops =
		{
			attenuation = -1,
			pan = 0,
			dmin = 50,
			dmax = 1000,
			ain = 360,
			aout = 360,
			atout = 0,
			rmix = 0,
		},
		userprops =
		{
			category = "Audio",
		}
	},

	{
		entity_name = "cam_Monitor_1",
		type = MONITOR,
		template_name = "",
		lt_grp = 0, srt_grp = 0, usr_flg = 0,
		userprops =
		{
			Priority = "Monitor_Moving_1",
		}
	},

	{
		entity_name = "Ship_r_elite",
		type = COMPOUND,
		template_name = "rtcprop_r_elite",
		lt_grp = 0, srt_grp = 0, usr_flg = 0,
		flags = LIT_DYNAMIC,
		spatialprops =
		{
			pos = { 948.4248, 14.79945, 261.8627 },
			orient = { {  0.223656, -0.036040, -0.974002 },
					   {  0.141783,  0.989889, -0.004070 },
					   {  0.964301, -0.137186,  0.226505 } }
		},
		userprops =
		{
			category = "Spaceship",
		}
	},

	{
		entity_name = "Ship_r_fighter",
		type = COMPOUND,
		template_name = "rtcprop_r_fighter",
		lt_grp = 0, srt_grp = 0, usr_flg = 0,
		flags = LIT_DYNAMIC,
		spatialprops =
		{
			pos = { 994.3917, 24.45628, 206.7049 },
			orient = { {  0.223656, -0.036040, -0.974002 },
					   {  0.141783,  0.989889, -0.004070 },
					   {  0.964301, -0.137186,  0.226505 } }
		},
		userprops =
		{
			category = "Spaceship",
		}
	},

	{
		entity_name = "vfx_rtc_rhspragueguns_elite_lf",
		type = PSYS,
		template_name = "rtc_rhspragueguns",
		lt_grp = 0, srt_grp = 0, usr_flg = 0,
		flags = LIT_DYNAMIC + LIT_AMBIENT,
		spatialprops =
		{
			pos = { 0, 0, 0 },
			orient = { { 1, 0, 0 }, { 0, 1, 0 }, { 0, 0, 1 } }
		},
		psysprops =
		{
			sparam = 0
		}
	},

	{
		entity_name = "vfx_rtc_rhspragueguns_elite_rt",
		type = PSYS,
		template_name = "rtc_rhspragueguns",
		lt_grp = 0, srt_grp = 0, usr_flg = 0,
		flags = LIT_DYNAMIC + LIT_AMBIENT,
		spatialprops =
		{
			pos = { 0, 0, 0 },
			orient = { { 1, 0, 0 }, { 0, 1, 0 }, { 0, 0, 1 } }
		},
		psysprops =
		{
			sparam = 0
		}
	},

	{
		entity_name = "vfx_rtc_rhspragueguns_fighter_lf",
		type = PSYS,
		template_name = "rtc_rhspragueguns",
		lt_grp = 0, srt_grp = 0, usr_flg = 0,
		flags = LIT_DYNAMIC + LIT_AMBIENT,
		spatialprops =
		{
			pos = { 0, 0, 0 },
			orient = { { 1, 0, 0 }, { 0, 1, 0 }, { 0, 0, 1 } }
		},
		psysprops =
		{
			sparam = 0
		}
	},

	{
		entity_name = "vfx_rtc_rhspragueguns_fighter_rt",
		type = PSYS,
		template_name = "rtc_rhspragueguns",
		lt_grp = 0, srt_grp = 0, usr_flg = 0,
		flags = LIT_DYNAMIC + LIT_AMBIENT,
		spatialprops =
		{
			pos = { 0, 0, 0 },
			orient = { { 1, 0, 0 }, { 0, 1, 0 }, { 0, 0, 1 } }
		},
		psysprops =
		{
			sparam = 0
		}
	},

	{
		entity_name = "vfx_gf_rh_smallengine03_hp01",
		type = PSYS,
		template_name = "gf_rh_smallengine03",
		lt_grp = 0, srt_grp = 0, usr_flg = 0,
		flags = LIT_DYNAMIC + LIT_AMBIENT,
		spatialprops =
		{
			pos = { 0, 0, 0 },
			orient = { { 1, 0, 0 }, { 0, 1, 0 }, { 0, 0, 1 } }
		},
		psysprops =
		{
			sparam = 0
		}
	},

	{
		entity_name = "vfx_gf_rh_smallengine02",
		type = PSYS,
		template_name = "gf_rh_smallengine02",
		lt_grp = 0, srt_grp = 0, usr_flg = 0,
		flags = LIT_DYNAMIC + LIT_AMBIENT,
		spatialprops =
		{
			pos = { 0, 0, 0 },
			orient = { { 1, 0, 0 }, { 0, 1, 0 }, { 0, 0, 1 } }
		},
		psysprops =
		{
			sparam = 0
		}
	},

	{
		entity_name = "vfx_gf_rh_smallengine03_hp02",
		type = PSYS,
		template_name = "gf_rh_smallengine03",
		lt_grp = 0, srt_grp = 0, usr_flg = 0,
		flags = LIT_DYNAMIC + LIT_AMBIENT,
		spatialprops =
		{
			pos = { 0, 0, 0 },
			orient = { { 1, 0, 0 }, { 0, 1, 0 }, { 0, 0, 1 } }
		},
		psysprops =
		{
			sparam = 0
		}
	},

	{
		entity_name = "Mrk_BegSinclairRunStart",
		type = MARKER,
		template_name = "",
		lt_grp = 0, srt_grp = 0, usr_flg = 0,
		spatialprops =
		{
			pos = { 1.115862, 0.908896, -3.344898 },
			orient = { { -0.563080,  0.000000,  0.826402 },
					   {  0.000000,  1.000000,  0.000000 },
					   { -0.826402,  0.000000, -0.563080 } }
		}
	},

	{
		entity_name = "Mrk_EliteFlyTo",
		type = MARKER,
		template_name = "",
		lt_grp = 0, srt_grp = 0, usr_flg = 0,
		spatialprops =
		{
			pos = { 704.816, 89.14796, 753.8167 },
			orient = { { -0.712907, -0.138322,  0.687481 },
					   {  0.274486,  0.847092,  0.455074 },
					   { -0.645307,  0.513130, -0.565930 } }
		}
	},

	{
		entity_name = "Mrk_FighterFlyTo",
		type = MARKER,
		template_name = "",
		lt_grp = 0, srt_grp = 0, usr_flg = 0,
		spatialprops =
		{
			pos = { 664.828, 49.3106, 647.3381 },
			orient = { { -0.658215,  0.156699,  0.736341 },
					   {  0.348947,  0.930186,  0.113972 },
					   { -0.667075,  0.331962, -0.666943 } }
		}
	},

	{
		entity_name = "Path_r_elite_bombrun",
		type = MOTION_PATH,
		template_name = "",
		lt_grp = 0, srt_grp = 0, usr_flg = 0,
		spatialprops =
		{
			pos = { 26.03168, 0, 87.08467 },
			orient = { {  0.533805,  0.000000, -0.845607 },
					   {  0.000000,  1.000000,  0.000000 },
					   {  0.845607,  0.000000,  0.533805 } }
		},
		pathprops =
		{
			path_type = "CV_CROrientationSplinePath",
			path_data = "OPEN,{600.536499,0.000000,-306.571960}, {0.595239,0.255635,0.699979,-0.300617}, {389.749939,168.702042,-271.967346}, {0.661602,0.191043,0.701539,-0.183382}, {260.491638,212.656296,-250.415283}, {0.674102,0.000000,0.738638,0.000000}, {167.973099,158.402847,-244.652954}, {0.666022,-0.125165,0.706918,0.202522}, {103.247490,128.933182,-239.094635}, {0.649014,0.053828,0.750178,0.114523}, {13.790668,122.587257,-221.019745}, {0.600677,0.017402,0.798967,-0.023146}, {-94.265976,124.837135,-170.320038}, {0.493738,0.110907,0.861891,0.032648}, {-173.798035,114.235909,-108.855347}, {0.269530,0.130268,0.952157,0.061488}, {-223.572601,95.694725,-33.893326}, {0.285511,0.041852,0.957443,-0.005959}, {-272.556610,79.897957,49.547485}, {0.252709,0.000000,0.967542,0.000000}, "
		}
	},

	{
		entity_name = "Path_r_fighter_bombrun",
		type = MOTION_PATH,
		template_name = "",
		lt_grp = 0, srt_grp = 0, usr_flg = 0,
		spatialprops =
		{
			pos = { 51.67958, 16.03993, 65.58846 },
			orient = { {  0.561193,  0.000000, -0.827685 },
					   {  0.000000,  1.000000,  0.000000 },
					   {  0.827685,  0.000000,  0.561193 } }
		},
		pathprops =
		{
			path_type = "CV_CROrientationSplinePath",
			path_data = "OPEN,{600.536499,0.000000,-306.571960}, {0.595239,0.255635,0.699979,-0.300617}, {332.685913,168.702042,-262.174194}, {0.616833,0.202045,0.741209,-0.171184}, {236.376709,187.515366,-248.810669}, {0.674102,0.000000,0.738638,0.000000}, {167.632843,148.136002,-240.306503}, {0.646373,-0.039515,0.745516,0.157627}, {89.302620,106.825821,-232.235260}, {0.607266,0.047522,0.784357,0.117280}, {16.403957,100.839233,-216.401535}, {0.599479,0.017437,0.799866,-0.023120}, {-94.265976,124.837128,-170.320038}, {0.515404,0.111698,0.849113,0.029829}, {-173.798035,114.235909,-108.855347}, {0.269530,0.130268,0.952157,0.061488}, {-223.572601,95.694725,-33.893326}, {0.285511,0.041852,0.957443,-0.005959}, {-272.556610,79.897957,49.547485}, {0.252709,0.000000,0.967542,0.000000}, "
		}
	},

	{
		entity_name = "Mrk_RunStartTrent",
		type = MARKER,
		template_name = "",
		lt_grp = 0, srt_grp = 0, usr_flg = 0,
		spatialprops =
		{
			pos = { -142.691, -86.24944, -23.79979 },
			orient = { {  0.989610,  0.000000,  0.143777 },
					   {  0.000000,  1.000000,  0.000000 },
					   { -0.143777,  0.000000,  0.989610 } }
		}
	},

	{
		entity_name = "Mrk_RunStartJuni",
		type = MARKER,
		template_name = "",
		lt_grp = 0, srt_grp = 0, usr_flg = 0,
		spatialprops =
		{
			pos = { -143.0119, -86.24944, -24.48478 },
			orient = { {  0.973124,  0.000000,  0.230280 },
					   {  0.000000,  1.000000,  0.000000 },
					   { -0.230280,  0.000000,  0.973124 } }
		}
	},

	{
		entity_name = "Mrk_RunStartSinclair",
		type = MARKER,
		template_name = "",
		lt_grp = 0, srt_grp = 0, usr_flg = 0,
		spatialprops =
		{
			pos = { -140.4129, -86.24944, -24.82244 },
			orient = { {  0.951089,  0.000000,  0.308918 },
					   {  0.000000,  1.000000,  0.000000 },
					   { -0.308918,  0.000000,  0.951089 } }
		}
	},

	{
		entity_name = "Mrk_AssistAlign_10sec",
		type = MARKER,
		template_name = "",
		lt_grp = 0, srt_grp = 0, usr_flg = 0,
		spatialprops =
		{
			pos = { -132.0881, -86.24944, -55.59077 },
			orient = { {  0.088151,  0.000000,  0.996107 },
					   {  0.000000,  1.000000,  0.000000 },
					   { -0.996107,  0.000000,  0.088151 } }
		}
	},

	{
		entity_name = "Cam_HallRun_01",
		type = CAMERA,
		template_name = "",
		lt_grp = 0, srt_grp = 0, usr_flg = 0,
		spatialprops =
		{
			pos = { -143.6947, -86.8864, -26.11369 },
			orient = { { -0.962892,  0.000000, -0.269885 },
					   { -0.008716,  0.999478,  0.031097 },
					   {  0.269745,  0.032295, -0.962390 } }
		},
		cameraprops =
		{
			fovh = 15,
			hvaspect = 1.85,
			nearplane = 0.2,
			farplane = 5000
		}
	},

	{
		entity_name = "Cam_JuniGetsInCockpit_01",
		type = CAMERA,
		template_name = "",
		lt_grp = 0, srt_grp = 0, usr_flg = 0,
		spatialprops =
		{
			pos = { -137.748, -83.37368, -66.95642 },
			orient = { { -0.781643,  0.000000,  0.623726 },
					   { -0.040720,  0.997867, -0.051030 },
					   { -0.622396, -0.065285, -0.779975 } }
		},
		cameraprops =
		{
			fovh = 20,
			hvaspect = 1.85,
			nearplane = 0.2,
			farplane = 5000
		}
	},

	{
		entity_name = "Ship_PlayerShip_Trent",
		type = COMPOUND,
		template_name = "PlayerShip",
		lt_grp = 0, srt_grp = 0, usr_flg = 0,
		flags = LIT_DYNAMIC,
		spatialprops =
		{
			pos = { -117.6815, -84.7774, -82.11018 },
			orient = { { -0.625775,  0.000000, -0.780003 },
					   {  0.000000,  1.000000,  0.000000 },
					   {  0.780003,  0.000000, -0.625775 } }
		},
		userprops =
		{
			category = "Spaceship",
		}
	},

	{
		entity_name = "Ship_li_elite_Juni",
		type = COMPOUND,
		template_name = "li_elite",
		lt_grp = 0, srt_grp = 0, usr_flg = 0,
		flags = LIT_DYNAMIC,
		spatialprops =
		{
			pos = { -139.787, -83.5296, -63.10035 },
			orient = { {  0.252743,  0.000000,  0.967533 },
					   {  0.000000,  1.000000,  0.000000 },
					   { -0.967533,  0.000000,  0.252743 } }
		},
		userprops =
		{
			category = "Spaceship",
		}
	},

	{
		entity_name = "Mrk_JuniGetsInCockpit",
		type = MARKER,
		template_name = "",
		lt_grp = 0, srt_grp = 0, usr_flg = 0,
		spatialprops =
		{
			pos = { -135.8673, -83.5296, -64.34772 },
			orient = { {  0.137161,  0.000000,  0.990549 },
					   {  0.000000,  1.000000,  0.000000 },
					   { -0.990549,  0.000000,  0.137161 } }
		}
	},

	{
		entity_name = "Path_Hallrun",
		type = MOTION_PATH,
		template_name = "",
		lt_grp = 0, srt_grp = 0, usr_flg = 0,
		spatialprops =
		{
			pos = { -134.2979, -85.73941, -50.99414 },
			orient = { { -0.962892,  0.000000, -0.269885 },
					   { -0.008716,  0.999478,  0.031097 },
					   {  0.269745,  0.032295, -0.962390 } }
		},
		pathprops =
		{
			path_type = "CV_CROrientationSplinePath",
			path_data = "OPEN,{2.220994,-0.310462,-25.874226}, {1.000000,0.000000,0.000000,0.000000}, {0.300179,0.201084,0.520765}, {0.999858,0.000000,0.016835,0.000000}, "
		}
	},

	{
		entity_name = "vfx_rtc_ceilingdust",
		type = PSYS,
		template_name = "rtc_ceilingdust",
		lt_grp = 0, srt_grp = 0, usr_flg = 0,
		flags = LIT_DYNAMIC + LIT_AMBIENT,
		spatialprops =
		{
			pos = { -135.8213, 96.74401, -44.56135 },
			orient = { { 1, 0, 0 }, { 0, 1, 0 }, { 0, 0, 1 } }
		},
		psysprops =
		{
			sparam = 0
		},
		userprops =
		{
			Priority = "Story_FX_1",
		}
	},

	{
		entity_name = "Mrk_CockpitRtHand",
		type = MARKER,
		template_name = "",
		lt_grp = 0, srt_grp = 0, usr_flg = 0,
		spatialprops =
		{
			pos = { -124.5072, -83.39708, -69.10888 },
			orient = { {  0.831802,  0.000000, -0.555073 },
					   {  0.000000,  1.000000,  0.000000 },
					   {  0.555073,  0.000000,  0.831802 } }
		}
	},

	{
		entity_name = "Mrk_CockpitLfHand",
		type = MARKER,
		template_name = "",
		lt_grp = 0, srt_grp = 0, usr_flg = 0,
		spatialprops =
		{
			pos = { -125.1899, -83.39708, -69.04137 },
			orient = { {  0.813214,  0.210223, -0.542669 },
					   { -0.174864,  0.977654,  0.116689 },
					   {  0.555073,  0.000000,  0.831802 } }
		}
	},

	{
		entity_name = "Cam_BombingRun_01",
		type = CAMERA,
		template_name = "",
		lt_grp = 0, srt_grp = 0, usr_flg = 0,
		spatialprops =
		{
			pos = { -256.4199, 126.5792, 246.3424 },
			orient = { {  0.956090,  0.000000,  0.293074 },
					   {  0.017148,  0.998287, -0.055941 },
					   { -0.292572,  0.058510,  0.954452 } }
		},
		cameraprops =
		{
			fovh = 30,
			hvaspect = 1.85,
			nearplane = 0.2,
			farplane = 25000
		}
	},

	{
		entity_name = "Cam_EngineFiringUp",
		type = CAMERA,
		template_name = "",
		lt_grp = 0, srt_grp = 0, usr_flg = 0,
		spatialprops =
		{
			pos = { -159.8447, -84.71527, -63.02924 },
			orient = { {  0.089556,  0.000000,  0.995982 },
					   { -0.087081,  0.996170,  0.007830 },
					   { -0.992168, -0.087433,  0.089213 } }
		},
		cameraprops =
		{
			fovh = 20,
			hvaspect = 1.85,
			nearplane = 0.2,
			farplane = 1000
		}
	},

	{
		entity_name = "Prop_sprauge_bomb",
		type = COMPOUND,
		template_name = "sprauge_bomb",
		lt_grp = 0, srt_grp = 0, usr_flg = 0,
		flags = LIT_DYNAMIC,
		spatialprops =
		{
			pos = { 0, 0, 0 },
			orient = { { 1, 0, 0 }, { 0, 1, 0 }, { 0, 0, 1 } }
		},
		userprops =
		{
			category = "Prop",
		}
	},

	{
		entity_name = "vfx_gf_li_smallengine02_hp01",
		type = PSYS,
		template_name = "gf_li_smallengine02",
		lt_grp = 0, srt_grp = 0, usr_flg = 0,
		flags = LIT_DYNAMIC + LIT_AMBIENT,
		spatialprops =
		{
			pos = { 0, 0, 0 },
			orient = { { 1, 0, 0 }, { 0, 1, 0 }, { 0, 0, 1 } }
		},
		psysprops =
		{
			sparam = 0
		}
	},

	{
		entity_name = "vfx_gf_li_smallengine02_hp02",
		type = PSYS,
		template_name = "gf_li_smallengine02",
		lt_grp = 0, srt_grp = 0, usr_flg = 0,
		flags = LIT_DYNAMIC + LIT_AMBIENT,
		spatialprops =
		{
			pos = { 0, 0, 0 },
			orient = { { 1, 0, 0 }, { 0, 1, 0 }, { 0, 0, 1 } }
		},
		psysprops =
		{
			sparam = 0
		}
	},

	{
		entity_name = "Cam_BombingRun_02",
		type = CAMERA,
		template_name = "",
		lt_grp = 0, srt_grp = 0, usr_flg = 0,
		spatialprops =
		{
			pos = { -154.7835, 109.5644, -0.400549 },
			orient = { {  0.959844,  0.000000,  0.280533 },
					   {  0.000509,  0.999998, -0.001743 },
					   { -0.280533,  0.001816,  0.959843 } }
		},
		cameraprops =
		{
			fovh = 30,
			hvaspect = 1.85,
			nearplane = 0.2,
			farplane = 25000
		}
	},

	{
		entity_name = "Cam_BombingRun_03",
		type = CAMERA,
		template_name = "",
		lt_grp = 0, srt_grp = 0, usr_flg = 0,
		spatialprops =
		{
			pos = { -115.0943, 164.3362, -105.009 },
			orient = { { -0.954619,  0.000000, -0.297830 },
					   { -0.274132,  0.390910,  0.878659 },
					   {  0.116425,  0.920429, -0.373170 } }
		},
		cameraprops =
		{
			fovh = 30,
			hvaspect = 1.85,
			nearplane = 0.2,
			farplane = 25000
		}
	},

	{
		entity_name = "Cam_BombingRun_04",
		type = CAMERA,
		template_name = "",
		lt_grp = 0, srt_grp = 0, usr_flg = 0,
		spatialprops =
		{
			pos = { -129.61, -75.37728, -57.64321 },
			orient = { {  0.956613,  0.291146,  0.011151 },
					   {  0.000000,  0.038273, -0.999267 },
					   { -0.291360,  0.955913,  0.036612 } }
		},
		cameraprops =
		{
			fovh = 30,
			hvaspect = 1.85,
			nearplane = 0.2,
			farplane = 25000
		}
	},

	{
		entity_name = "Mrk_BombFall",
		type = MARKER,
		template_name = "",
		lt_grp = 0, srt_grp = 0, usr_flg = 0,
		spatialprops =
		{
			pos = { -129.7175, -86.72378, -57.78923 },
			orient = { {  0.956613, -0.269981,  0.109549 },
					   {  0.000000,  0.375993,  0.926623 },
					   { -0.291360, -0.886420,  0.359680 } }
		}
	},

	{
		entity_name = "Path_CamBombFollow",
		type = MOTION_PATH,
		template_name = "",
		lt_grp = 0, srt_grp = 0, usr_flg = 0,
		spatialprops =
		{
			pos = { -154.7835, 109.5644, -0.400549 },
			orient = { {  0.959844,  0.000000,  0.280533 },
					   {  0.000509,  0.999998, -0.001743 },
					   { -0.280533,  0.001816,  0.959843 } }
		},
		pathprops =
		{
			path_type = "CV_CROrientationSplinePath",
			path_data = "OPEN,{0.000001,0.000000,0.000000}, {1.000000,0.000000,0.000000,0.000000}, {3.663752,-1.173833,-43.124363}, {0.993251,-0.115079,-0.002509,-0.014239}, {6.941336,-22.068253,-78.104286}, {0.828847,-0.559475,0.000000,0.000000}, {7.952635,-103.694008,-75.263107}, {0.757818,-0.645012,-0.002108,0.098324}, {8.105813,-193.755768,-62.359379}, {0.721102,-0.663836,-0.004249,0.198281}, "
		}
	},

	{
		entity_name = "Cam_BombFinal",
		type = CAMERA,
		template_name = "",
		lt_grp = 0, srt_grp = 0, usr_flg = 0,
		spatialprops =
		{
			pos = { 0, 0, 0 },
			orient = { { 1, 0, 0 }, { 0, 1, 0 }, { 0, 0, 1 } }
		},
		cameraprops =
		{
			fovh = 30,
			hvaspect = 1.85,
			nearplane = 0.2,
			farplane = 25000
		}
	},

	{
		entity_name = "Mrk_ShipLiftOff",
		type = MARKER,
		template_name = "",
		lt_grp = 0, srt_grp = 0, usr_flg = 0,
		spatialprops =
		{
			pos = { -129.1017, -21.11439, -77.04874 },
			orient = { { 1, 0, 0 }, { 0, 1, 0 }, { 0, 0, 1 } }
		}
	},

	{
		entity_name = "Mrk_ShipLiftOff_snapJuni",
		type = MARKER,
		template_name = "",
		lt_grp = 0, srt_grp = 0, usr_flg = 0,
		spatialprops =
		{
			pos = { -127.2787, -85.80563, -76.33324 },
			orient = { {  0.171969,  0.000000, -0.985102 },
					   {  0.000000,  1.000000,  0.000000 },
					   {  0.985102,  0.000000,  0.171969 } }
		}
	},

	{
		entity_name = "Mrk_ShipLiftOff_snapTrent",
		type = MARKER,
		template_name = "",
		lt_grp = 0, srt_grp = 0, usr_flg = 0,
		spatialprops =
		{
			pos = { -114.9113, -85.80563, -96.4231 },
			orient = { { -0.969069,  0.000000, -0.246790 },
					   {  0.000000,  1.000000,  0.000000 },
					   {  0.246790,  0.000000, -0.969069 } }
		}
	},

	{
		entity_name = "vfx_PlayerShipEngines",
		type = PSYS,
		template_name = "PlayerShipEngines",
		lt_grp = 0, srt_grp = 0, usr_flg = 0,
		flags = LIT_DYNAMIC + LIT_AMBIENT,
		spatialprops =
		{
			pos = { 0, 0, 0 },
			orient = { { 1, 0, 0 }, { 0, 1, 0 }, { 0, 0, 1 } }
		},
		psysprops =
		{
			sparam = 0
		}
	},

	{
		entity_name = "vfx_rtc_spragueinsidehangar",
		type = PSYS,
		template_name = "rtc_spragueinsidehangar",
		lt_grp = 0, srt_grp = 0, usr_flg = 0,
		flags = LIT_DYNAMIC + LIT_AMBIENT,
		spatialprops =
		{
			pos = { -126.3627, -86.72378, -80.62505 },
			orient = { {  0.956613, -0.269981,  0.109549 },
					   {  0.000000,  0.375992,  0.926623 },
					   { -0.291360, -0.886420,  0.359679 } }
		},
		psysprops =
		{
			sparam = 0
		}
	},

	{
		entity_name = "Cam_SlowMoPushIn",
		type = CAMERA,
		template_name = "",
		lt_grp = 0, srt_grp = 0, usr_flg = 0,
		spatialprops =
		{
			pos = { -134.0454, -86.02871, -49.35606 },
			orient = { {  0.974321,  0.000000,  0.225163 },
					   { -0.025414,  0.993610,  0.109971 },
					   { -0.223725, -0.112869,  0.968095 } }
		},
		cameraprops =
		{
			fovh = 30,
			hvaspect = 1.85,
			nearplane = 0.2,
			farplane = 5000
		}
	},

	{
		entity_name = "Mrk_Offscreen",
		type = MARKER,
		template_name = "",
		lt_grp = 0, srt_grp = 0, usr_flg = 0,
		spatialprops =
		{
			pos = { 0, 0, 10000 },
			orient = { { 1, 0, 0 }, { 0, 1, 0 }, { 0, 0, 1 } }
		}
	},

	{
		entity_name = "Mrk_AsstBlownAway",
		type = MARKER,
		template_name = "",
		lt_grp = 0, srt_grp = 0, usr_flg = 0,
		spatialprops =
		{
			pos = { -129.3863, -85.86657, -50.74188 },
			orient = { {  0.787069,  0.000000,  0.616865 },
					   {  0.000000,  1.000000,  0.000000 },
					   { -0.616865,  0.000000,  0.787069 } }
		}
	},

	{
		entity_name = "Cam_TunnelExplosion_02",
		type = CAMERA,
		template_name = "",
		lt_grp = 0, srt_grp = 0, usr_flg = 0,
		spatialprops =
		{
			pos = { -125.8775, 75.67511, -82.4563 },
			orient = { { -0.997595, -0.023696, -0.065129 },
					   { -0.068897,  0.237107,  0.969037 },
					   { -0.007520,  0.971194, -0.238170 } }
		},
		cameraprops =
		{
			fovh = 30,
			hvaspect = 1.85,
			nearplane = 0.2,
			farplane = 25000
		}
	},

	{
		entity_name = "Cam_TunnelExplosion_01",
		type = CAMERA,
		template_name = "",
		lt_grp = 0, srt_grp = 0, usr_flg = 0,
		spatialprops =
		{
			pos = { -125.8775, -81.83376, -82.4563 },
			orient = { { -0.997595, -0.023696, -0.065129 },
					   { -0.068897,  0.237107,  0.969037 },
					   { -0.007520,  0.971194, -0.238170 } }
		},
		cameraprops =
		{
			fovh = 30,
			hvaspect = 1.85,
			nearplane = 0.2,
			farplane = 25000
		}
	},

	{
		entity_name = "Cam_JuniGetsInCockpit_02",
		type = CAMERA,
		template_name = "",
		lt_grp = 0, srt_grp = 0, usr_flg = 0,
		spatialprops =
		{
			pos = { -137.2698, -83.37368, -67.33804 },
			orient = { { -0.781643,  0.000000,  0.623726 },
					   { -0.040720,  0.997867, -0.051030 },
					   { -0.622396, -0.065285, -0.779975 } }
		},
		cameraprops =
		{
			fovh = 20,
			hvaspect = 1.85,
			nearplane = 0.2,
			farplane = 5000
		}
	},

	{
		entity_name = "vfx_rtc_spragueuptunnelexp",
		type = PSYS,
		template_name = "rtc_spragueuptunnelexp",
		lt_grp = 0, srt_grp = 0, usr_flg = 0,
		flags = LIT_DYNAMIC + LIT_AMBIENT,
		spatialprops =
		{
			pos = { -126.3627, -86.72378, -80.62505 },
			orient = { { 1, 0, 0 }, { 0, 1, 0 }, { 0, 0, 1 } }
		},
		psysprops =
		{
			sparam = 0
		}
	},

	{
		entity_name = "Cam_WideTakeOff",
		type = CAMERA,
		template_name = "",
		lt_grp = 0, srt_grp = 0, usr_flg = 0,
		spatialprops =
		{
			pos = { -5.225039, 158.8017, -3.905535 },
			orient = { {  0.354518,  0.000000, -0.935049 },
					   { -0.341099,  0.931089, -0.129326 },
					   {  0.870614,  0.364792,  0.330088 } }
		},
		cameraprops =
		{
			fovh = 30,
			hvaspect = 1.85,
			nearplane = 0.2,
			farplane = 25000
		}
	},

	{
		entity_name = "Mrk_TunnelEscapeJuni_01",
		type = MARKER,
		template_name = "",
		lt_grp = 0, srt_grp = 0, usr_flg = 0,
		spatialprops =
		{
			pos = { -115.8119, 63.52906, -75.50432 },
			orient = { {  0.964176,  0.037000, -0.262669 },
					   {  0.265098, -0.169294,  0.949243 },
					   { -0.009346, -0.984871, -0.173038 } }
		}
	},

	{
		entity_name = "Mrk_TunnelEscapeTrent_01",
		type = MARKER,
		template_name = "",
		lt_grp = 0, srt_grp = 0, usr_flg = 0,
		spatialprops =
		{
			pos = { -135.9547, 58.28957, -74.88112 },
			orient = { {  0.777292, -0.133712,  0.614767 },
					   { -0.625681, -0.061968,  0.777614 },
					   { -0.065880, -0.989081, -0.131829 } }
		}
	},

	{
		entity_name = "vfx_rtc_spraguemouthexp",
		type = PSYS,
		template_name = "rtc_spraguemouthexp",
		lt_grp = 0, srt_grp = 0, usr_flg = 0,
		flags = LIT_DYNAMIC + LIT_AMBIENT,
		spatialprops =
		{
			pos = { -125.666, 61.03196, -81.0844 },
			orient = { { 1, 0, 0 }, { 0, 1, 0 }, { 0, 0, 1 } }
		},
		psysprops =
		{
			sparam = 0
		}
	},

	{
		entity_name = "Mrk_PathPush_01",
		type = MARKER,
		template_name = "",
		lt_grp = 0, srt_grp = 0, usr_flg = 0,
		spatialprops =
		{
			pos = { -126.7635, 77.53439, -90.63471 },
			orient = { { -0.056910,  0.000000,  0.998379 },
					   {  0.000000,  1.000000,  0.000000 },
					   { -0.998379,  0.000000, -0.056910 } }
		}
	},

	{
		entity_name = "Mrk_PathPush_02",
		type = MARKER,
		template_name = "",
		lt_grp = 0, srt_grp = 0, usr_flg = 0,
		spatialprops =
		{
			pos = { -126.7635, 100.5344, -90.63471 },
			orient = { { -0.056910,  0.000000,  0.998379 },
					   {  0.000000,  1.000000,  0.000000 },
					   { -0.998379,  0.000000, -0.056910 } }
		}
	},

	{
		entity_name = "Cam_OpenRhWing",
		type = CAMERA,
		template_name = "",
		lt_grp = 0, srt_grp = 0, usr_flg = 0,
		spatialprops =
		{
			pos = { 1051.267, 14.79945, 246.4717 },
			orient = { {  0.223655, -0.036040, -0.974002 },
					   {  0.141784,  0.989889, -0.004071 },
					   {  0.964301, -0.137187,  0.226504 } }
		},
		cameraprops =
		{
			fovh = 30,
			hvaspect = 1.85,
			nearplane = 0.2,
			farplane = 25000
		}
	},

	{
		entity_name = "Cam_OpenRhWing_01",
		type = CAMERA,
		template_name = "",
		lt_grp = 0, srt_grp = 0, usr_flg = 0,
		spatialprops =
		{
			pos = { 0, 0, 0 },
			orient = { { 1, 0, 0 }, { 0, 1, 0 }, { 0, 0, 1 } }
		},
		cameraprops =
		{
			fovh = 30,
			hvaspect = 1.85,
			nearplane = 0.2,
			farplane = 25000
		}
	},

	{
		entity_name = "Path_RhElite_Open",
		type = MOTION_PATH,
		template_name = "",
		lt_grp = 0, srt_grp = 0, usr_flg = 0,
		spatialprops =
		{
			pos = { 0, 0, 0 },
			orient = { { 1, 0, 0 }, { 0, 1, 0 }, { 0, 0, 1 } }
		},
		pathprops =
		{
			path_type = "CV_CROrientationSplinePath",
			path_data = "OPEN,{948.424744,14.799449,261.862671}, {0.781033,0.042609,0.620429,-0.056919}, {774.953308,28.615988,220.851318}, {0.785883,0.183449,0.568659,-0.159252}, {663.826721,63.255177,180.318710}, {0.782295,0.119339,0.594225,0.143769}, {448.998260,19.688307,86.771057}, {0.825214,0.004773,0.564125,0.027622}, {173.121063,4.330131,1.523888}, {0.714125,0.094471,0.687087,0.094931}, {3.986298,30.907539,37.239388}, {0.226960,0.235708,0.912306,-0.246230}, {-67.940506,96.457779,216.135544}, {0.163298,-0.052553,0.968445,-0.180793}, "
		}
	},

	{
		entity_name = "Path_RhFighter_Open",
		type = MOTION_PATH,
		template_name = "",
		lt_grp = 0, srt_grp = 0, usr_flg = 0,
		spatialprops =
		{
			pos = { 45.96713, 9.656828, -55.15778 },
			orient = { { 1, 0, 0 }, { 0, 1, 0 }, { 0, 0, 1 } }
		},
		pathprops =
		{
			path_type = "CV_CROrientationSplinePath",
			path_data = "OPEN,{948.424744,14.799449,261.862671}, {0.781033,0.042609,0.620429,-0.056919}, {774.953308,20.045593,220.851318}, {0.785883,0.183449,0.568659,-0.159252}, {663.826721,32.167000,180.318726}, {0.761561,0.013275,0.634415,-0.131780}, {448.998260,19.688307,86.771057}, {0.825214,0.004773,0.564125,0.027622}, {173.121063,4.330131,1.523888}, {0.714125,0.094471,0.687087,0.094931}, {3.986298,23.971624,37.239388}, {0.301992,0.214429,0.890289,-0.264967}, {-108.664566,130.067200,277.350037}, {0.182808,-0.056191,0.964953,-0.179695}, "
		}
	},

	{
		entity_name = "Path_RhShips_Open_Cam",
		type = MOTION_PATH,
		template_name = "",
		lt_grp = 0, srt_grp = 0, usr_flg = 0,
		spatialprops =
		{
			pos = { 52.75323, 0, 6.062088 },
			orient = { { 1, 0, 0 }, { 0, 1, 0 }, { 0, 0, 1 } }
		},
		pathprops =
		{
			path_type = "CV_CROrientationSplinePath",
			path_data = "OPEN,{998.514221,14.799449,240.409561}, {0.781033,0.042609,0.620429,-0.056919}, {865.635437,28.615988,212.766312}, {0.786410,-0.007845,0.617336,-0.019867}, {687.450195,39.860840,178.158081}, {0.860228,0.119673,0.491988,0.060281}, {495.373291,21.639603,84.624397}, {0.825214,0.004773,0.564125,0.027622}, {161.541565,4.330131,-34.511433}, {0.702570,0.155642,0.686907,0.101633}, {3.986298,7.868071,37.239388}, {0.690721,0.099715,0.712522,-0.072618}, {-82.231453,31.437687,37.859489}, {-0.154572,0.007944,0.969876,-0.188108}, "
		}
	},

	{
		entity_name = "Mrk_CamChase",
		type = MARKER,
		template_name = "",
		lt_grp = 0, srt_grp = 0, usr_flg = 0,
		spatialprops =
		{
			pos = { 0, 0, 0 },
			orient = { { 1, 0, 0 }, { 0, 1, 0 }, { 0, 0, 1 } }
		}
	},

	{
		entity_name = "Cam_HallRun_02",
		type = CAMERA,
		template_name = "",
		lt_grp = 0, srt_grp = 0, usr_flg = 0,
		spatialprops =
		{
			pos = { -134.7834, -85.77065, -49.49184 },
			orient = { {  0.967409,  0.000558,  0.253217 },
					   { -0.000881,  0.999999,  0.001161 },
					   { -0.253216, -0.001346,  0.967409 } }
		},
		cameraprops =
		{
			fovh = 26,
			hvaspect = 1.85,
			nearplane = 0.2,
			farplane = 5000
		}
	},

	{
		entity_name = "Mrk_SinAlign9sec",
		type = MARKER,
		template_name = "",
		lt_grp = 0, srt_grp = 0, usr_flg = 0,
		spatialprops =
		{
			pos = { -133.1752, -86.04066, -47.62798 },
			orient = { {  0.999307,  0.000000,  0.037229 },
					   {  0.000000,  1.000000,  0.000000 },
					   { -0.037229,  0.000000,  0.999307 } }
		}
	},

	{
		entity_name = "Mrk_JuniAlign_9sec",
		type = MARKER,
		template_name = "",
		lt_grp = 0, srt_grp = 0, usr_flg = 0,
		spatialprops =
		{
			pos = { -138.287, -86.03927, -51.99554 },
			orient = { {  0.604125,  0.000000,  0.796890 },
					   {  0.000000,  1.000000,  0.000000 },
					   { -0.796890,  0.000000,  0.604125 } }
		}
	},

	{
		entity_name = "Path_BigShake_Y",
		type = MOTION_PATH,
		template_name = "",
		lt_grp = 0, srt_grp = 0, usr_flg = 0,
		spatialprops =
		{
			pos = { -134.7834, -85.77065, -49.49184 },
			orient = { {  0.967409,  0.000558,  0.253217 },
					   { -0.000881,  0.999999,  0.001161 },
					   { -0.253216, -0.001346,  0.967409 } }
		},
		pathprops =
		{
			path_type = "CV_CROrientationSplinePath",
			path_data = "OPEN,{0.000000,-0.300000,0.000000}, {1.000000,0.000000,0.000000,0.000000}, {0.000000,0.300000,0.000000}, {1.000000,0.000000,0.000000,0.000000}, "
		}
	},

	{
		entity_name = "Path_BigShake_X",
		type = MOTION_PATH,
		template_name = "",
		lt_grp = 0, srt_grp = 0, usr_flg = 0,
		spatialprops =
		{
			pos = { -134.7834, -85.77065, -49.49184 },
			orient = { {  0.967409,  0.000558,  0.253217 },
					   { -0.000881,  0.999999,  0.001161 },
					   { -0.253216, -0.001346,  0.967409 } }
		},
		pathprops =
		{
			path_type = "CV_CROrientationSplinePath",
			path_data = "OPEN,{-0.300000,0.000000,0.000000}, {1.000000,0.000000,0.000000,0.000000}, {0.300000,0.000000,0.000000}, {1.000000,0.000000,0.000000,0.000000}, "
		}
	},

	{
		entity_name = "Cam_EstBombRun",
		type = CAMERA,
		template_name = "",
		lt_grp = 0, srt_grp = 0, usr_flg = 0,
		spatialprops =
		{
			pos = { 501.5228, 11.58414, 712.5903 },
			orient = { { -0.573778,  0.000000,  0.819011 },
					   { -0.054381,  0.997793, -0.038098 },
					   { -0.817203, -0.066399, -0.572512 } }
		},
		cameraprops =
		{
			fovh = 30,
			hvaspect = 1.85,
			nearplane = 0.2,
			farplane = 25000
		}
	},

	{
		entity_name = "Path_EstBombRun_Fighter",
		type = MOTION_PATH,
		template_name = "",
		lt_grp = 0, srt_grp = 0, usr_flg = 0,
		spatialprops =
		{
			pos = { 19.52367, 14.02175, 8.847412 },
			orient = { { 1, 0, 0 }, { 0, 1, 0 }, { 0, 0, 1 } }
		},
		pathprops =
		{
			path_type = "CV_CROrientationSplinePath",
			path_data = "OPEN,{492.269012,0.000000,1060.302368}, {1.000000,0.000000,0.000000,0.000000}, {506.484070,4.330125,878.005859}, {1.000000,0.000000,0.000000,0.000000}, {526.846069,12.412691,697.137756}, {0.980699,0.195521,0.000000,0.000000}, {576.576477,113.090057,261.807739}, {0.950748,0.303037,-0.065121,-0.002661}, "
		}
	},

	{
		entity_name = "Path_EstBombRun_Elite",
		type = MOTION_PATH,
		template_name = "",
		lt_grp = 0, srt_grp = 0, usr_flg = 0,
		spatialprops =
		{
			pos = { 76.79233, 28.05713, 15.73535 },
			orient = { { 1, 0, 0 }, { 0, 1, 0 }, { 0, 0, 1 } }
		},
		pathprops =
		{
			path_type = "CV_CROrientationSplinePath",
			path_data = "OPEN,{492.269012,0.000000,1060.302368}, {1.000000,0.000000,0.000000,0.000000}, {506.484070,4.330125,878.005859}, {1.000000,0.000000,0.000000,0.000000}, {526.846069,12.412692,697.137756}, {0.993651,0.112510,0.000000,0.000000}, {576.576416,113.090057,261.807739}, {0.977731,0.209861,0.000000,0.000000}, "
		}
	},

	{
		entity_name = "Cam_EstBombRun_01",
		type = CAMERA,
		template_name = "",
		lt_grp = 0, srt_grp = 0, usr_flg = 0,
		spatialprops =
		{
			pos = { 501.7841, 76.17886, 315.1113 },
			orient = { { -0.587268,  0.000000,  0.809392 },
					   { -0.213787,  0.964486, -0.155117 },
					   { -0.780648, -0.264132, -0.566412 } }
		},
		cameraprops =
		{
			fovh = 30,
			hvaspect = 1.85,
			nearplane = 0.2,
			farplane = 25000
		}
	},

	{
		entity_name = "Mrk_PlayerShipStayPut",
		type = MARKER,
		template_name = "",
		lt_grp = 0, srt_grp = 0, usr_flg = 0,
		spatialprops =
		{
			pos = { -117.6815, -80.36146, -82.11018 },
			orient = { { -0.478692,  0.000000, -0.877983 },
					   {  0.000000,  1.000000,  0.000000 },
					   {  0.877983,  0.000000, -0.478692 } }
		}
	},

	{
		entity_name = "Cam_BeginTakeOff",
		type = CAMERA,
		template_name = "",
		lt_grp = 0, srt_grp = 0, usr_flg = 0,
		spatialprops =
		{
			pos = { -159.8447, -84.71527, -63.02924 },
			orient = { {  0.106989,  0.000000,  0.994260 },
					   { -0.086924,  0.996171,  0.009354 },
					   { -0.990453, -0.087426,  0.106579 } }
		},
		cameraprops =
		{
			fovh = 30,
			hvaspect = 1.85,
			nearplane = 0.2,
			farplane = 1000
		}
	},

	{
		entity_name = "vfx_rtc_spraguedistantexp",
		type = PSYS,
		template_name = "rtc_spraguedistantexp",
		lt_grp = 0, srt_grp = 0, usr_flg = 0,
		flags = LIT_DYNAMIC + LIT_AMBIENT,
		spatialprops =
		{
			pos = { 12.53416, 0, -66.94785 },
			orient = { { 1, 0, 0 }, { 0, 1, 0 }, { 0, 0, 1 } }
		},
		psysprops =
		{
			sparam = 0
		}
	},

	{
		entity_name = "Mrk_ShipLiftOff_copy_1",
		type = MARKER,
		template_name = "",
		lt_grp = 0, srt_grp = 0, usr_flg = 0,
		spatialprops =
		{
			pos = { -110.9626, -61.57968, -76.58808 },
			orient = { { -0.936177,  0.000000,  0.351530 },
					   {  0.000000,  1.000000,  0.000000 },
					   { -0.351530,  0.000000, -0.936177 } }
		}
	},

	{
		entity_name = "vfx_rtc_bombtrail",
		type = PSYS,
		template_name = "rtc_bombtrail",
		lt_grp = 0, srt_grp = 0, usr_flg = 0,
		flags = LIT_DYNAMIC + LIT_AMBIENT,
		spatialprops =
		{
			pos = { 0, 0, 0 },
			orient = { { 1, 0, 0 }, { 0, 1, 0 }, { 0, 0, 1 } }
		},
		psysprops =
		{
			sparam = 0
		}
	},

	{
		entity_name = "Mrk_BeginJuniTakeOff",
		type = MARKER,
		template_name = "",
		lt_grp = 0, srt_grp = 0, usr_flg = 0,
		spatialprops =
		{
			pos = { -139.6729, -79.44852, -63.11196 },
			orient = { {  0.352585,  0.038013,  0.935007 },
					   { -0.146044,  0.989167,  0.014858 },
					   { -0.924313, -0.141791,  0.354317 } }
		}
	},

	{
		entity_name = "Mrk_BeginTrentTakeOff",
		type = MARKER,
		template_name = "",
		lt_grp = 0, srt_grp = 0, usr_flg = 0,
		spatialprops =
		{
			pos = { -117.6831, -75.57851, -82.11239 },
			orient = { { -0.575172,  0.003236, -0.818026 },
					   {  0.001861,  0.999995,  0.002647 },
					   {  0.818030,  0.000000, -0.575175 } }
		}
	},

	{
		entity_name = "Cam_BeginTakeOff_01",
		type = CAMERA,
		template_name = "",
		lt_grp = 0, srt_grp = 0, usr_flg = 0,
		spatialprops =
		{
			pos = { -160.0115, -80.80488, -62.62757 },
			orient = { {  0.106989,  0.000000,  0.994260 },
					   { -0.086924,  0.996171,  0.009354 },
					   { -0.990453, -0.087426,  0.106579 } }
		},
		cameraprops =
		{
			fovh = 30,
			hvaspect = 1.85,
			nearplane = 0.2,
			farplane = 1000
		}
	},

	{
		entity_name = "Mrk_AsstStartBlownAway",
		type = MARKER,
		template_name = "",
		lt_grp = 0, srt_grp = 0, usr_flg = 0,
		spatialprops =
		{
			pos = { -136.0503, -85.92953, -65.34602 },
			orient = { { -0.963506,  0.000000,  0.267686 },
					   {  0.000000,  1.000000,  0.000000 },
					   { -0.267686,  0.000000, -0.963506 } }
		}
	},

	{
		entity_name = "vfx_rtc_fadeblack_variable",
		type = PSYS,
		template_name = "rtc_fadeblack_variable",
		lt_grp = 0, srt_grp = 0, usr_flg = 0,
		flags = LIT_DYNAMIC + LIT_AMBIENT,
		spatialprops =
		{
			pos = { 0, 0, 0 },
			orient = { { 1, 0, 0 }, { 0, 1, 0 }, { 0, 0, 1 } }
		},
		psysprops =
		{
			sparam = 0
		}
	},

	{
		entity_name = "Cam_SlowMoPushIn_01",
		type = CAMERA,
		template_name = "",
		lt_grp = 0, srt_grp = 0, usr_flg = 0,
		spatialprops =
		{
			pos = { -136.8503, -86.84672, -37.22006 },
			orient = { {  0.974321,  0.000000,  0.225163 },
					   { -0.025414,  0.993610,  0.109971 },
					   { -0.223725, -0.112869,  0.968095 } }
		},
		cameraprops =
		{
			fovh = 15,
			hvaspect = 1.85,
			nearplane = 0.2,
			farplane = 5000
		}
	},

	{
		entity_name = "Cam_SlowMoPushIn_02",
		type = CAMERA,
		template_name = "",
		lt_grp = 0, srt_grp = 0, usr_flg = 0,
		spatialprops =
		{
			pos = { -135.5665, -86.39516, -42.77556 },
			orient = { {  0.780238, -0.616002,  0.108492 },
					   {  0.584103,  0.779617,  0.225880 },
					   { -0.223725, -0.112870,  0.968095 } }
		},
		cameraprops =
		{
			fovh = 15,
			hvaspect = 1.85,
			nearplane = 0.2,
			farplane = 1000
		}
	},

	{
		entity_name = "Mrk_TunnelEscapeJuni",
		type = MARKER,
		template_name = "",
		lt_grp = 0, srt_grp = 0, usr_flg = 0,
		spatialprops =
		{
			pos = { -115.8119, 16.11764, -75.50432 },
			orient = { {  0.964176,  0.037000, -0.262669 },
					   {  0.265098, -0.169294,  0.949243 },
					   { -0.009346, -0.984871, -0.173038 } }
		}
	},

	{
		entity_name = "Mrk_TunnelEscapeTrent",
		type = MARKER,
		template_name = "",
		lt_grp = 0, srt_grp = 0, usr_flg = 0,
		spatialprops =
		{
			pos = { -135.9547, -5.417897, -74.88112 },
			orient = { {  0.777292, -0.133712,  0.614767 },
					   { -0.625681, -0.061968,  0.777614 },
					   { -0.065880, -0.989081, -0.131829 } }
		}
	},

	{
		entity_name = "Cam_WideTakeOff_01",
		type = CAMERA,
		template_name = "",
		lt_grp = 0, srt_grp = 0, usr_flg = 0,
		spatialprops =
		{
