duration = 48.000;

entities =
{

	{
		entity_name = "Layer_Scene_s028x_Nrml_br_08_depot",
		type = SCENE,
		template_name = "",
		lt_grp = 0, srt_grp = 0, usr_flg = 0,
		spatialprops =
		{
			pos = { 0, 0, 0 },
			orient = { { 1, 0, 0 }, { 0, 1, 0 }, { 0, 0, 1 } }
		},
		up = Y_AXIS,
		front = Z_AXIS,
		ambient = { 0, 0, 0 },
		userprops =
		{
			TextStart = "0.75000",
			TextString = "259613.00000",
		}
	},

	{
		entity_name = "Char_Juni",
		type = DEFORMABLE,
		template_name = "juni",
		lt_grp = 0, srt_grp = 0, usr_flg = 0,
		flags = LIT_DYNAMIC,
		spatialprops =
		{
			pos = { 5.18292, 0, -6.963562 },
			orient = { { -0.993923,  0.000000,  0.110074 },
					   {  0.000000,  1.000000,  0.000000 },
					   { -0.110074,  0.000000, -0.993923 } }
		},
		compoundprops =
		{
			floor_height = 0
		},
		userprops =
		{
			actor = "juni",
			category = "Character",
		}
	},

	{
		entity_name = "Char_Sinclair",
		type = DEFORMABLE,
		template_name = "sinclair",
		lt_grp = 0, srt_grp = 0, usr_flg = 0,
		flags = LIT_DYNAMIC,
		spatialprops =
		{
			pos = { 5.370404, 0, -5.909476 },
			orient = { { -0.775370,  0.000000,  0.631507 },
					   {  0.000000,  1.000000,  0.000000 },
					   { -0.631507,  0.000000, -0.775370 } }
		},
		compoundprops =
		{
			floor_height = 0
		},
		userprops =
		{
			actor = "sinclair",
			category = "Character",
		}
	},

	{
		entity_name = "Char_Trent",
		type = DEFORMABLE,
		template_name = "trent",
		lt_grp = 0, srt_grp = 0, usr_flg = 0,
		flags = LIT_DYNAMIC,
		spatialprops =
		{
			pos = { 4.547615, 0, -7.36236 },
			orient = { { -0.972348,  0.000000, -0.233537 },
					   {  0.000000,  1.000000,  0.000000 },
					   {  0.233537,  0.000000, -0.972348 } }
		},
		compoundprops =
		{
			floor_height = 0
		},
		userprops =
		{
			actor = "Player",
			category = "Character",
		}
	},

	{
		entity_name = "dx_s028x_0101_Trent",
		type = SOUND,
		template_name = "dx_s028x_0101_Trent",
		lt_grp = 0, srt_grp = 0, usr_flg = 0,
		spatialprops =
		{
			pos = { 0, 0, 0 },
			orient = { { 1, 0, 0 }, { 0, 1, 0 }, { 0, 0, 1 } }
		},
		audioprops =
		{
			attenuation = -3,
			pan = 0,
			dmin = 50,
			dmax = 1000,
			ain = 360,
			aout = 360,
			atout = 0,
			rmix = 0,
		},
		userprops =
		{
			category = "Audio",
		}
	},

	{
		entity_name = "dx_s028x_0201_juni",
		type = SOUND,
		template_name = "dx_s028x_0201_juni",
		lt_grp = 0, srt_grp = 0, usr_flg = 0,
		spatialprops =
		{
			pos = { 0, 0, 0 },
			orient = { { 1, 0, 0 }, { 0, 1, 0 }, { 0, 0, 1 } }
		},
		audioprops =
		{
			attenuation = -3,
			pan = 0,
			dmin = 50,
			dmax = 1000,
			ain = 360,
			aout = 360,
			atout = 0,
			rmix = 0,
		},
		userprops =
		{
			category = "Audio",
		}
	},

	{
		entity_name = "dx_s028x_0301_sinclair",
		type = SOUND,
		template_name = "dx_s028x_0301_sinclair",
		lt_grp = 0, srt_grp = 0, usr_flg = 0,
		spatialprops =
		{
			pos = { 0, 0, 0 },
			orient = { { 1, 0, 0 }, { 0, 1, 0 }, { 0, 0, 1 } }
		},
		audioprops =
		{
			attenuation = -6,
			pan = 0,
			dmin = 50,
			dmax = 1000,
			ain = 360,
			aout = 360,
			atout = 0,
			rmix = 0,
		},
		userprops =
		{
			category = "Audio",
		}
	},

	{
		entity_name = "dx_s028x_0401_Trent",
		type = SOUND,
		template_name = "dx_s028x_0401_Trent",
		lt_grp = 0, srt_grp = 0, usr_flg = 0,
		spatialprops =
		{
			pos = { 0, 0, 0 },
			orient = { { 1, 0, 0 }, { 0, 1, 0 }, { 0, 0, 1 } }
		},
		audioprops =
		{
			attenuation = -3,
			pan = 0,
			dmin = 50,
			dmax = 1000,
			ain = 360,
			aout = 360,
			atout = 0,
			rmix = 0,
		},
		userprops =
		{
			category = "Audio",
		}
	},

	{
		entity_name = "dx_s028x_0501_sinclair",
		type = SOUND,
		template_name = "dx_s028x_0501_sinclair",
		lt_grp = 0, srt_grp = 0, usr_flg = 0,
		spatialprops =
		{
			pos = { 0, 0, 0 },
			orient = { { 1, 0, 0 }, { 0, 1, 0 }, { 0, 0, 1 } }
		},
		audioprops =
		{
			attenuation = -6,
			pan = 0,
			dmin = 50,
			dmax = 1000,
			ain = 360,
			aout = 360,
			atout = 0,
			rmix = 0,
		},
		userprops =
		{
			category = "Audio",
		}
	},

	{
		entity_name = "dx_s028x_0601_Trent",
		type = SOUND,
		template_name = "dx_s028x_0601_Trent",
		lt_grp = 0, srt_grp = 0, usr_flg = 0,
		spatialprops =
		{
			pos = { 0, 0, 0 },
			orient = { { 1, 0, 0 }, { 0, 1, 0 }, { 0, 0, 1 } }
		},
		audioprops =
		{
			attenuation = -3,
			pan = 0,
			dmin = 50,
			dmax = 1000,
			ain = 360,
			aout = 360,
			atout = 0,
			rmix = 0,
		},
		userprops =
		{
			category = "Audio",
		}
	},

	{
		entity_name = "dx_s028x_0701_sinclair",
		type = SOUND,
		template_name = "dx_s028x_0701_sinclair",
		lt_grp = 0, srt_grp = 0, usr_flg = 0,
		spatialprops =
		{
			pos = { 0, 0, 0 },
			orient = { { 1, 0, 0 }, { 0, 1, 0 }, { 0, 0, 1 } }
		},
		audioprops =
		{
			attenuation = -6,
			pan = 0,
			dmin = 50,
			dmax = 1000,
			ain = 360,
			aout = 360,
			atout = 0,
			rmix = 0,
		},
		userprops =
		{
			category = "Audio",
		}
	},

	{
		entity_name = "dx_s028x_0702_sinclair",
		type = SOUND,
		template_name = "dx_s028x_0702_sinclair",
		lt_grp = 0, srt_grp = 0, usr_flg = 0,
		spatialprops =
		{
			pos = { 0, 0, 0 },
			orient = { { 1, 0, 0 }, { 0, 1, 0 }, { 0, 0, 1 } }
		},
		audioprops =
		{
			attenuation = -6,
			pan = 0,
			dmin = 50,
			dmax = 1000,
			ain = 360,
			aout = 360,
			atout = 0,
			rmix = 0,
		},
		userprops =
		{
			category = "Audio",
		}
	},

	{
		entity_name = "dx_s028x_0703_sinclair",
		type = SOUND,
		template_name = "dx_s028x_0703_sinclair",
		lt_grp = 0, srt_grp = 0, usr_flg = 0,
		spatialprops =
		{
			pos = { 0, 0, 0 },
			orient = { { 1, 0, 0 }, { 0, 1, 0 }, { 0, 0, 1 } }
		},
		audioprops =
		{
			attenuation = -6,
			pan = 0,
			dmin = 50,
			dmax = 1000,
			ain = 360,
			aout = 360,
			atout = 0,
			rmix = 0,
		},
		userprops =
		{
			category = "Audio",
		}
	},

	{
		entity_name = "dx_s028x_0704_sinclair",
		type = SOUND,
		template_name = "dx_s028x_0704_sinclair",
		lt_grp = 0, srt_grp = 0, usr_flg = 0,
		spatialprops =
		{
			pos = { 0, 0, 0 },
			orient = { { 1, 0, 0 }, { 0, 1, 0 }, { 0, 0, 1 } }
		},
		audioprops =
		{
			attenuation = -6,
			pan = 0,
			dmin = 50,
			dmax = 1000,
			ain = 360,
			aout = 360,
			atout = 0,
			rmix = 0,
		},
		userprops =
		{
			category = "Audio",
		}
	},

	{
		entity_name = "dx_s028x_0801_juni",
		type = SOUND,
		template_name = "dx_s028x_0801_juni",
		lt_grp = 0, srt_grp = 0, usr_flg = 0,
		spatialprops =
		{
			pos = { 0, 0, 0 },
			orient = { { 1, 0, 0 }, { 0, 1, 0 }, { 0, 0, 1 } }
		},
		audioprops =
		{
			attenuation = 0,
			pan = 0,
			dmin = 50,
			dmax = 1000,
			ain = 360,
			aout = 360,
			atout = 0,
			rmix = 0,
		},
		userprops =
		{
			category = "Audio",
		}
	},

	{
		entity_name = "dx_s028x_0901_sinclair",
		type = SOUND,
		template_name = "dx_s028x_0901_sinclair",
		lt_grp = 0, srt_grp = 0, usr_flg = 0,
		spatialprops =
		{
			pos = { 0, 0, 0 },
			orient = { { 1, 0, 0 }, { 0, 1, 0 }, { 0, 0, 1 } }
		},
		audioprops =
		{
			attenuation = -6,
			pan = 0,
			dmin = 50,
			dmax = 1000,
			ain = 360,
			aout = 360,
			atout = 0,
			rmix = 0,
		},
		userprops =
		{
			category = "Audio",
		}
	},

	{
		entity_name = "dx_s028x_1001_Trent",
		type = SOUND,
		template_name = "dx_s028x_1001_Trent",
		lt_grp = 0, srt_grp = 0, usr_flg = 0,
		spatialprops =
		{
			pos = { 0, 0, 0 },
			orient = { { 1, 0, 0 }, { 0, 1, 0 }, { 0, 0, 1 } }
		},
		audioprops =
		{
			attenuation = -3,
			pan = 0,
			dmin = 50,
			dmax = 1000,
			ain = 360,
			aout = 360,
			atout = 0,
			rmix = 0,
		},
		userprops =
		{
			category = "Audio",
		}
	},

	{
		entity_name = "dx_s028x_0705_sinclair",
		type = SOUND,
		template_name = "dx_s028x_0705_sinclair",
		lt_grp = 0, srt_grp = 0, usr_flg = 0,
		spatialprops =
		{
			pos = { 0, 0, 0 },
			orient = { { 1, 0, 0 }, { 0, 1, 0 }, { 0, 0, 1 } }
		},
		audioprops =
		{
			attenuation = -6,
			pan = 0,
			dmin = 50,
			dmax = 1000,
			ain = 360,
			aout = 360,
			atout = 0,
			rmix = 0,
		},
		userprops =
		{
			category = "Audio",
		}
	},

	{
		entity_name = "Cam_Monitor_s028x",
		type = MONITOR,
		template_name = "",
		lt_grp = 0, srt_grp = 0, usr_flg = 0,
		userprops =
		{
			Priority = "Monitor_Moving_1",
		}
	},

	{
		entity_name = "Path_Ship01",
		type = MOTION_PATH,
		template_name = "",
		lt_grp = 0, srt_grp = 0, usr_flg = 0,
		spatialprops =
		{
			pos = { 131.565, -44.08298, 8.545654 },
			orient = { { -0.727084,  0.000000,  0.686549 },
					   {  0.000000,  1.000000,  0.000000 },
					   { -0.686549,  0.000000, -0.727084 } }
		},
		pathprops =
		{
			path_type = "CV_CROrientationSplinePath",
			path_data = "OPEN,{-270.852203,246.791504,-211.506744}, {1.000000,0.000000,0.000000,0.000000}, {-119.731560,123.991936,-189.062057}, {1.000000,0.000000,0.000000,0.000000}, {-40.732090,119.927582,-147.142578}, {1.000000,0.000000,0.000000,0.000000}, {7.417393,82.069389,-103.520248}, {1.000000,0.000000,0.000000,0.000000}, {34.349258,64.733635,-35.513733}, {1.000000,0.000000,0.000000,0.000000}, {45.592644,47.981186,8.321075}, {1.000000,0.000000,0.000000,0.000000}, {36.199768,49.836536,47.340950}, {1.000000,0.000000,0.000000,0.000000}, {-1.220624,52.020496,117.669868}, {1.000000,0.000000,0.000000,0.000000}, "
		}
	},

	{
		entity_name = "Path_Ship02",
		type = MOTION_PATH,
		template_name = "",
		lt_grp = 0, srt_grp = 0, usr_flg = 0,
		spatialprops =
		{
			pos = { 79.20775, -54.32058, 52.34727 },
			orient = { { -0.817378,  0.000000,  0.576102 },
					   {  0.000000,  1.000000,  0.000000 },
					   { -0.576102,  0.000000, -0.817378 } }
		},
		pathprops =
		{
			path_type = "CV_CROrientationSplinePath",
			path_data = "OPEN,{-173.978561,179.060715,-314.344238}, {1.000000,0.000000,0.000000,0.000000}, {-100.794815,123.991943,-211.208496}, {1.000000,0.000000,0.000000,0.000000}, {-40.732582,91.303375,-147.144409}, {1.000000,0.000000,0.000000,0.000000}, {5.843692,72.691826,-94.917068}, {1.000000,0.000000,0.000000,0.000000}, {34.350128,50.385338,-35.514603}, {1.000000,0.000000,0.000000,0.000000}, {45.593578,41.485676,8.321209}, {1.000000,0.000000,0.000000,0.000000}, {36.200115,46.211800,47.341381}, {1.000000,0.000000,0.000000,0.000000}, {-39.989098,72.803696,133.557648}, {1.000000,0.000000,0.000000,0.000000}, "
		}
	},

	{
		entity_name = "Mrk_Ship01Follow",
		type = MARKER,
		template_name = "",
		lt_grp = 0, srt_grp = 0, usr_flg = 0,
		spatialprops =
		{
			pos = { 0, 0, 0 },
			orient = { {  0.632282,  0.000000, -0.774738 },
					   {  0.000000,  1.000000,  0.000000 },
					   {  0.774738,  0.000000,  0.632282 } }
		}
	},

	{
		entity_name = "Mrk_Ship02Follow",
		type = MARKER,
		template_name = "",
		lt_grp = 0, srt_grp = 0, usr_flg = 0,
		spatialprops =
		{
			pos = { 0, 0, 0 },
			orient = { {  0.900322,  0.000000, -0.435225 },
					   {  0.000000,  1.000000,  0.000000 },
					   {  0.435225,  0.000000,  0.900322 } }
		}
	},

	{
		entity_name = "Ship01_rtcprop_r_elite",
		type = COMPOUND,
		template_name = "rtcprop_r_elite",
		lt_grp = 0, srt_grp = 0, usr_flg = 0,
		flags = LIT_DYNAMIC,
		spatialprops =
		{
			pos = { 443.1277, 202.7085, 56.50865 },
			orient = { { -0.024471,  0.000000, -0.999701 },
					   {  0.000000,  1.000000,  0.000000 },
					   {  0.999701,  0.000000, -0.024471 } }
		},
		userprops =
		{
			category = "Spaceship",
		}
	},

	{
		entity_name = "Ship02_rtcprop_r_fighter",
		type = COMPOUND,
		template_name = "rtcprop_r_fighter",
		lt_grp = 0, srt_grp = 0, usr_flg = 0,
		flags = LIT_DYNAMIC,
		spatialprops =
		{
			pos = { 410.5322, 143.1855, 217.2796 },
			orient = { {  0.156657,  0.000000, -0.987653 },
					   {  0.000000,  1.000000,  0.000000 },
					   {  0.987653,  0.000000,  0.156657 } }
		},
		userprops =
		{
			category = "Spaceship",
		}
	},

	{
		entity_name = "Path_Y",
		type = MOTION_PATH,
		template_name = "",
		lt_grp = 0, srt_grp = 0, usr_flg = 0,
		spatialprops =
		{
			pos = { -2.583394, 2.052269, -4.508836 },
			orient = { { -0.063876,  0.000000,  0.997958 },
					   { -0.016069,  0.999870, -0.001029 },
					   { -0.997828, -0.016102, -0.063868 } }
		},
		pathprops =
		{
			path_type = "CV_CROrientationSplinePath",
			path_data = "OPEN,{0.000000,1.000000,0.000000}, {1.000000,0.000000,0.000000,0.000000}, {-0.000006,-0.608532,-0.000021}, {1.000000,0.000000,0.000000,0.000000}, "
		}
	},

	{
		entity_name = "Path_X",
		type = MOTION_PATH,
		template_name = "",
		lt_grp = 0, srt_grp = 0, usr_flg = 0,
		spatialprops =
		{
			pos = { -2.583394, 2.052269, -4.508836 },
			orient = { { -0.063876,  0.000000,  0.997958 },
					   { -0.016069,  0.999870, -0.001029 },
					   { -0.997828, -0.016102, -0.063868 } }
		},
		pathprops =
		{
			path_type = "CV_CROrientationSplinePath",
			path_data = "OPEN,{-1.000000,0.000000,0.000000}, {1.000000,0.000000,0.000000,0.000000}, {1.000000,0.000000,0.000000}, {1.000000,0.000000,0.000000,0.000000}, "
		}
	},

	{
		entity_name = "a_MrkCamShake",
		type = MARKER,
		template_name = "",
		lt_grp = 0, srt_grp = 0, usr_flg = 0,
		spatialprops =
		{
			pos = { 6.798925, 2.203671, -3.908302 },
			orient = { { -0.063876,  0.000000,  0.997958 },
					   { -0.016069,  0.999870, -0.001029 },
					   { -0.997828, -0.016102, -0.063868 } }
		}
	},

	{
		entity_name = "Mrk_Trent_WalkAlign35sec",
		type = MARKER,
		template_name = "",
		lt_grp = 0, srt_grp = 0, usr_flg = 0,
		spatialprops =
		{
			pos = { 4.880361, 0.947088, -3.854383 },
			orient = { {  0.899614,  0.000000, -0.436686 },
					   {  0.000000,  1.000000,  0.000000 },
					   {  0.436686,  0.000000,  0.899614 } }
		}
	},

	{
		entity_name = "Mrk_Sinclair_WalkAlign35sec",
		type = MARKER,
		template_name = "",
		lt_grp = 0, srt_grp = 0, usr_flg = 0,
		spatialprops =
		{
			pos = { 6.78895, 0.946361, -2.4407 },
			orient = { {  0.816216,  0.000000, -0.577747 },
					   {  0.000000,  1.000000,  0.000000 },
					   {  0.577747,  0.000000,  0.816216 } }
		}
	},

	{
		entity_name = "Mrk_Juni_WalkAlign35sec",
		type = MARKER,
		template_name = "",
		lt_grp = 0, srt_grp = 0, usr_flg = 0,
		spatialprops =
		{
			pos = { 5.162099, 0.939272, -6.282749 },
			orient = { {  0.993957,  0.000000, -0.109769 },
					   {  0.000000,  1.000000,  0.000000 },
					   {  0.109769,  0.000000,  0.993957 } }
		}
	},

	{
		entity_name = "Mrk_Juni_WalkAlign6secs",
		type = MARKER,
		template_name = "",
		lt_grp = 0, srt_grp = 0, usr_flg = 0,
		spatialprops =
		{
			pos = { 2.703201, 0.94917, -6.334003 },
			orient = { {  0.644568,  0.000000, -0.764547 },
					   {  0.000000,  1.000000,  0.000000 },
					   {  0.764547,  0.000000,  0.644568 } }
		}
	},

	{
		entity_name = "Mrk_Trent_WalkAlign20sec",
		type = MARKER,
		template_name = "",
		lt_grp = 0, srt_grp = 0, usr_flg = 0,
		spatialprops =
		{
			pos = { 4.801308, 0.954626, -3.506053 },
			orient = { {  0.133823,  0.000000,  0.991005 },
					   {  0.000000,  1.000000,  0.000000 },
					   { -0.991005,  0.000000,  0.133823 } }
		}
	},

	{
		entity_name = "Mrk_Juni_WalkAlign32sec",
		type = MARKER,
		template_name = "",
		lt_grp = 0, srt_grp = 0, usr_flg = 0,
		spatialprops =
		{
			pos = { 1.655316, 0.959104, -8.318578 },
			orient = { { -0.701666,  0.000000,  0.712506 },
					   {  0.000000,  1.000000,  0.000000 },
					   { -0.712506,  0.000000, -0.701666 } }
		}
	},

	{
		entity_name = "Cam_TreSynLowAngle_12sec_original",
		type = CAMERA,
		template_name = "",
		lt_grp = 0, srt_grp = 0, usr_flg = 0,
		spatialprops =
		{
			pos = { 3.711116, 0.173413, -0.005542 },
			orient = { {  0.813011,  0.000000,  0.582249 },
					   { -0.140163,  0.970593,  0.195714 },
					   { -0.565126, -0.240727,  0.789102 } }
		},
		cameraprops =
		{
			fovh = 20,
			hvaspect = 1.85,
			nearplane = 0.2,
			farplane = 25000
		}
	},

	{
		entity_name = "Cam_04_TreSynLowAngle_12sec_02",
		type = CAMERA,
		template_name = "",
		lt_grp = 0, srt_grp = 0, usr_flg = 0,
		spatialprops =
		{
			pos = { 6.470555, 1.532843, -0.777726 },
			orient = { {  0.943673,  0.000000,  0.330879 },
					   {  0.020752,  0.998031, -0.059184 },
					   { -0.330227,  0.062717,  0.941815 } }
		},
		cameraprops =
		{
			fovh = 20,
			hvaspect = 1.85,
			nearplane = 0.2,
			farplane = 25000
		}
	},

	{
		entity_name = "Cam_04_TrentOTS_23sec",
		type = CAMERA,
		template_name = "",
		lt_grp = 0, srt_grp = 0, usr_flg = 0,
		spatialprops =
		{
			pos = { 6.357905, 1.510477, -1.617356 },
			orient = { {  0.995845,  0.000000,  0.091065 },
					   {  0.007191,  0.996878, -0.078635 },
					   { -0.090780,  0.078963,  0.992736 } }
		},
		cameraprops =
		{
			fovh = 20,
			hvaspect = 1.85,
			nearplane = 0.2,
			farplane = 25000
		}
	},

	{
		entity_name = "Cam_TrentOTS_23sec_copy_1",
		type = CAMERA,
		template_name = "",
		lt_grp = 0, srt_grp = 0, usr_flg = 0,
		spatialprops =
		{
			pos = { 4.68325, 1.591398, -3.245505 },
			orient = { { -0.010800,  0.000000,  0.999942 },
					   {  0.075837,  0.997120,  0.000819 },
					   { -0.997062,  0.075841, -0.010769 } }
		},
		cameraprops =
		{
			fovh = 20,
			hvaspect = 1.85,
			nearplane = 0.2,
			farplane = 25000
		}
	},

	{
		entity_name = "Path_TrentOTS_23sec",
		type = MOTION_PATH,
		template_name = "",
		lt_grp = 0, srt_grp = 0, usr_flg = 0,
		spatialprops =
		{
			pos = { 0, 0, 0 },
			orient = { { 1, 0, 0 }, { 0, 1, 0 }, { 0, 0, 1 } }
		},
		pathprops =
		{
			path_type = "CV_CROrientationSplinePath",
			path_data = "OPEN,{6.256328,1.591398,-2.423948}, {0.955413,-0.036282,-0.292823,-0.011120}, {3.991119,1.591398,-2.444149}, {0.807077,-0.030649,-0.589225,-0.022376}, {3.743897,1.591398,-3.597240}, {0.703313,0.006084,-0.710828,0.006149}, "
		}
	},

	{
		entity_name = "Cam_05_SinclairOTS_27sec",
		type = CAMERA,
		template_name = "",
		lt_grp = 0, srt_grp = 0, usr_flg = 0,
		spatialprops =
		{
			pos = { 2.884859, 0.970831, -5.874299 },
			orient = { { -0.392703,  0.000000,  0.919665 },
					   { -0.115090,  0.992139, -0.049144 },
					   { -0.912435, -0.125143, -0.389616 } }
		},
		cameraprops =
		{
			fovh = 20,
			hvaspect = 1.85,
			nearplane = 0.2,
			farplane = 25000
		}
	},

	{
		entity_name = "Cam_SinclairOTS_27sec_02",
		type = CAMERA,
		template_name = "",
		lt_grp = 0, srt_grp = 0, usr_flg = 0,
		spatialprops =
		{
			pos = { 6.884863, 1.852863, -5.543575 },
			orient = { { -0.972441,  0.000000,  0.233148 },
					   {  0.049818,  0.976905,  0.207787 },
					   { -0.227763,  0.213676, -0.949982 } }
		},
		cameraprops =
		{
			fovh = 20,
			hvaspect = 1.85,
			nearplane = 0.2,
			farplane = 25000
		}
	},

	{
		entity_name = "Mrk_Sinclair_BodyAlign26sec",
		type = MARKER,
		template_name = "",
		lt_grp = 0, srt_grp = 0, usr_flg = 0,
		spatialprops =
		{
			pos = { 6.632693, 0.963595, -2.761214 },
			orient = { {  0.952782,  0.000000,  0.303656 },
					   {  0.000000,  1.000000,  0.000000 },
					   { -0.303656,  0.000000,  0.952782 } }
		}
	},

	{
		entity_name = "vfx_rtc_avalonshipplasma",
		type = PSYS,
		template_name = "rtc_avalonshipplasma",
		lt_grp = 0, srt_grp = 0, usr_flg = 0,
		flags = LIT_DYNAMIC + LIT_AMBIENT,
		spatialprops =
		{
			pos = { 3.074526, -23.77569, 0.250561 },
			orient = { { 1, 0, 0 }, { 0, 1, 0 }, { 0, 0, 1 } }
		},
		psysprops =
		{
			sparam = 0
		}
	},

	{
		entity_name = "Mrk_plasma_relocate",
		type = MARKER,
		template_name = "",
		lt_grp = 0, srt_grp = 0, usr_flg = 0,
		spatialprops =
		{
			pos = { -1.271677, -500.7757, -4.083401 },
			orient = { { 1, 0, 0 }, { 0, 1, 0 }, { 0, 0, 1 } }
		}
	},

	{
		entity_name = "Cam_TreSynLowAngle_12sec",
		type = CAMERA,
		template_name = "",
		lt_grp = 0, srt_grp = 0, usr_flg = 0,
		spatialprops =
		{
			pos = { -3.05289, 1.822595, 3.781026 },
			orient = { {  0.424098,  0.000000,  0.905616 },
					   { -0.012620,  0.999903,  0.005910 },
					   { -0.905528, -0.013936,  0.424057 } }
		},
		cameraprops =
		{
			fovh = 20,
			hvaspect = 1.85,
			nearplane = 0.2,
			farplane = 25000
		}
	},

	{
		entity_name = "Cam_06_WideShipsComingIn_30sec",
		type = CAMERA,
		template_name = "",
		lt_grp = 0, srt_grp = 0, usr_flg = 0,
		spatialprops =
		{
			pos = { -0.869552, 0.863887, 1.133029 },
			orient = { {  0.374646,  0.000000,  0.927168 },
					   { -0.137897,  0.988878,  0.055721 },
					   { -0.916856, -0.148729,  0.370480 } }
		},
		cameraprops =
		{
			fovh = 30,
			hvaspect = 1.85,
			nearplane = 0.2,
			farplane = 25000
		}
	},

	{
		entity_name = "Mrk_SinclairMainHeadIK",
		type = MARKER,
		template_name = "",
		lt_grp = 0, srt_grp = 0, usr_flg = 0,
		spatialprops =
		{
			pos = { 5.934011, 1.365865, -2.946026 },
			orient = { { 1, 0, 0 }, { 0, 1, 0 }, { 0, 0, 1 } }
		}
	},

	{
		entity_name = "Mrk_SinclainHeadIK_35sec",
		type = MARKER,
		template_name = "",
		lt_grp = 0, srt_grp = 0, usr_flg = 0,
		spatialprops =
		{
			pos = { 5.416463, 1.365865, -2.563812 },
			orient = { { 1, 0, 0 }, { 0, 1, 0 }, { 0, 0, 1 } }
		}
	},

	{
		entity_name = "Mrk_SinclainHeadIK_37sec",
		type = MARKER,
		template_name = "",
		lt_grp = 0, srt_grp = 0, usr_flg = 0,
		spatialprops =
		{
			pos = { 5.416463, 1.365865, -6.681569 },
			orient = { { 1, 0, 0 }, { 0, 1, 0 }, { 0, 0, 1 } }
		}
	},

	{
		entity_name = "prop_artifact_crystal",
		type = COMPOUND,
		template_name = "prop_artifact_crystal",
		lt_grp = 0, srt_grp = 0, usr_flg = 0,
		flags = LIT_DYNAMIC,
		spatialprops =
		{
			pos = { 0, 0, 0 },
			orient = { { 1, 0, 0 }, { 0, 1, 0 }, { 0, 0, 1 } }
		},
		userprops =
		{
			category = "Prop",
		}
	},

	{
		entity_name = "Mrk_Trent_BodyAlign5sec",
		type = MARKER,
		template_name = "",
		lt_grp = 0, srt_grp = 0, usr_flg = 0,
		spatialprops =
		{
			pos = { 3.720686, 0.946261, -4.77855 },
			orient = { { -0.830860,  0.000000, -0.556481 },
					   {  0.000000,  1.000000,  0.000000 },
					   {  0.556481,  0.000000, -0.830860 } }
		}
	},

	{
		entity_name = "Mrk_Trent_BodyAlign7sec",
		type = MARKER,
		template_name = "",
		lt_grp = 0, srt_grp = 0, usr_flg = 0,
		spatialprops =
		{
			pos = { 3.720686, 0.946261, -4.77855 },
			orient = { { -0.677326,  0.000000,  0.735683 },
					   {  0.000000,  1.000000,  0.000000 },
					   { -0.735683,  0.000000, -0.677326 } }
		}
	},

	{
		entity_name = "Cam_TrentSynclairOTS_10sec",
		type = CAMERA,
		template_name = "",
		lt_grp = 0, srt_grp = 0, usr_flg = 0,
		spatialprops =
		{
			pos = { 2.55618, 1.375788, -4.408598 },
			orient = { { -0.157701,  0.000000,  0.987487 },
					   { -0.127569,  0.991620, -0.020373 },
					   { -0.979212, -0.129185, -0.156380 } }
		},
		cameraprops =
		{
			fovh = 25,
			hvaspect = 1.85,
			nearplane = 0.2,
			farplane = 25000
		}
	},

	{
		entity_name = "Mrk_Trent_WalkStop_20sec",
		type = MARKER,
		template_name = "",
		lt_grp = 0, srt_grp = 0, usr_flg = 0,
		spatialprops =
		{
			pos = { 6.715774, 0.974743, -4.560468 },
			orient = { {  0.583031,  0.000000,  0.812450 },
					   {  0.000000,  1.000000,  0.000000 },
					   { -0.812450,  0.000000,  0.583031 } }
		}
	},

	{
		entity_name = "Mrk_Trent_GrabArt_36sec",
		type = MARKER,
		template_name = "",
		lt_grp = 0, srt_grp = 0, usr_flg = 0,
		spatialprops =
		{
			pos = { 4.694537, 0.814935, -2.9124 },
			orient = { {  0.899614,  0.000000, -0.436686 },
					   {  0.000000,  1.000000,  0.000000 },
					   {  0.436686,  0.000000,  0.899614 } }
		}
	},

	{
		entity_name = "Mrk_Trent_WalkAlign_38sec",
		type = MARKER,
		template_name = "",
		lt_grp = 0, srt_grp = 0, usr_flg = 0,
		spatialprops =
		{
			pos = { 4.44314, 0.941722, -3.915209 },
			orient = { {  0.495987,  0.000000,  0.868330 },
					   {  0.000000,  1.000000,  0.000000 },
					   { -0.868330,  0.000000,  0.495987 } }
		}
	},

	{
		entity_name = "Mrk_TrentHeadIK_8sec",
		type = MARKER,
		template_name = "",
		lt_grp = 0, srt_grp = 0, usr_flg = 0,
		spatialprops =
		{
			pos = { 4.849957, 1.333005, -2.883662 },
			orient = { { 1, 0, 0 }, { 0, 1, 0 }, { 0, 0, 1 } }
		}
	},

	{
		entity_name = "Mrk_TrentHeadIK_12sec",
		type = MARKER,
		template_name = "",
		lt_grp = 0, srt_grp = 0, usr_flg = 0,
		spatialprops =
		{
			pos = { 4.775744, 1.333005, -2.971215 },
			orient = { { 1, 0, 0 }, { 0, 1, 0 }, { 0, 0, 1 } }
		}
	},

	{
		entity_name = "Cam_AJ_Open02",
		type = CAMERA,
		template_name = "",
		lt_grp = 0, srt_grp = 0, usr_flg = 0,
		spatialprops =
		{
			pos = { 3.542833, 1.02836, -1.624983 },
			orient = { {  0.999374,  0.000000, -0.035379 },
					   {  0.002575,  0.997348,  0.072741 },
					   {  0.035285, -0.072787,  0.996723 } }
		},
		cameraprops =
		{
			fovh = 20,
			hvaspect = 1.85,
			nearplane = 0.1,
			farplane = 100000
		}
	},

	{
		entity_name = "Cam_01_AJ_Open01",
		type = CAMERA,
		template_name = "",
		lt_grp = 0, srt_grp = 0, usr_flg = 0,
		spatialprops =
		{
			pos = { 4.852657, 0.11452, -2.930243 },
			orient = { {  0.999762,  0.000000,  0.021827 },
					   { -0.000381,  0.999848,  0.017448 },
					   { -0.021823, -0.017452,  0.999610 } }
		},
		cameraprops =
		{
			fovh = 20,
			hvaspect = 1.85,
			nearplane = 0.1,
			farplane = 100000
		}
	},

	{
		entity_name = "Cam_02_TrentOTS_7sec",
		type = CAMERA,
		template_name = "",
		lt_grp = 0, srt_grp = 0, usr_flg = 0,
		spatialprops =
		{
			pos = { 8.862378, 1.648042, -2.737827 },
			orient = { {  0.481195,  0.000000, -0.876613 },
					   { -0.050705,  0.998326, -0.027834 },
					   {  0.875146,  0.057842,  0.480390 } }
		},
		cameraprops =
		{
			fovh = 10,
			hvaspect = 1.85,
			nearplane = 0.1,
			farplane = 100000
		}
	},

	{
		entity_name = "Cam_03_Reveal02",
		type = CAMERA,
		template_name = "",
		lt_grp = 0, srt_grp = 0, usr_flg = 0,
		spatialprops =
		{
			pos = { -4.20745, 2.455135, -2.512266 },
			orient = { {  0.012026,  0.000000,  0.999928 },
					   {  0.088526,  0.996073, -0.001065 },
					   { -0.996001,  0.088533,  0.011979 } }
		},
		cameraprops =
		{
			fovh = 20,
			hvaspect = 1.85,
			nearplane = 0.1,
			farplane = 100000
		}
	},

	{
		entity_name = "Cam_03_Reveal01",
		type = CAMERA,
		template_name = "",
		lt_grp = 0, srt_grp = 0, usr_flg = 0,
		spatialprops =
		{
			pos = { 0.901556, 1.969959, -4.501959 },
			orient = { {  0.047775,  0.000000,  0.998858 },
					   {  0.125419,  0.992086, -0.005999 },
					   { -0.990953,  0.125562,  0.047397 } }
		},
		cameraprops =
		{
			fovh = 10,
			hvaspect = 1.85,
			nearplane = 0.1,
			farplane = 100000
		}
	},

	{
		entity_name = "Mrk_TrentHeadIK_15sec",
		type = MARKER,
		template_name = "",
		lt_grp = 0, srt_grp = 0, usr_flg = 0,
		spatialprops =
		{
			pos = { 5.63498, 2.136276, -3.811846 },
			orient = { { 1, 0, 0 }, { 0, 1, 0 }, { 0, 0, 1 } }
		}
	},

	{
		entity_name = "Mrk_TrentHeadIK_16sec",
		type = MARKER,
		template_name = "",
		lt_grp = 0, srt_grp = 0, usr_flg = 0,
		spatialprops =
		{
			pos = { 6.550966, 2.136276, -4.653071 },
			orient = { { 1, 0, 0 }, { 0, 1, 0 }, { 0, 0, 1 } }
		}
	},

	{
		entity_name = "Mrk_TrentHeadIK_20sec",
		type = MARKER,
		template_name = "",
		lt_grp = 0, srt_grp = 0, usr_flg = 0,
		spatialprops =
		{
			pos = { 6.142726, 2.136276, -7.622889 },
			orient = { { 1, 0, 0 }, { 0, 1, 0 }, { 0, 0, 1 } }
		}
	},

	{
		entity_name = "Cam_AJ_Open01_copy_1",
		type = CAMERA,
		template_name = "",
		lt_grp = 0, srt_grp = 0, usr_flg = 0,
		spatialprops =
		{
			pos = { 4.296244, 0.502719, -2.375768 },
			orient = { {  0.999997,  0.000000, -0.002456 },
					   {  0.000671,  0.961989,  0.273088 },
					   {  0.002363, -0.273089,  0.961986 } }
		},
		cameraprops =
		{
			fovh = 20,
			hvaspect = 1.85,
			nearplane = 0.1,
			farplane = 100000
		}
	},

	{
		entity_name = "a_Path_Open",
		type = MOTION_PATH,
		template_name = "",
		lt_grp = 0, srt_grp = 0, usr_flg = 0,
		spatialprops =
		{
			pos = { 0, 0, 0 },
			orient = { { 1, 0, 0 }, { 0, 1, 0 }, { 0, 0, 1 } }
		},
		pathprops =
		{
			path_type = "CV_CROrientationSplinePath",
			path_data = "OPEN,{4.852657,0.114520,-2.930243}, {0.999902,0.008726,-0.010914,0.000095}, {4.296244,0.502719,-2.375768}, {0.990451,0.137861,0.001216,-0.000169}, {3.542833,1.028360,-1.624983}, {0.999180,0.036412,0.017680,-0.000644}, "
		}
	},

	{
		entity_name = "dx_s028x_0802_juni",
		type = SOUND,
		template_name = "dx_s028x_0802_juni",
		lt_grp = 0, srt_grp = 0, usr_flg = 0,
		spatialprops =
		{
			pos = { 0, 0, 0 },
			orient = { { 1, 0, 0 }, { 0, 1, 0 }, { 0, 0, 1 } }
		},
		audioprops =
		{
			attenuation = 0,
			pan = 0,
			dmin = 50,
			dmax = 300,
			ain = 360,
			aout = 360,
			atout = 0,
			rmix = 0,
		},
		userprops =
		{
			category = "Audio",
		}
	},

	{
		entity_name = "Cam_09_JuniS_35sec_01",
		type = CAMERA,
		template_name = "",
		lt_grp = 0, srt_grp = 0, usr_flg = 0,
		spatialprops =
		{
			pos = { 3.368903, 1.530726, -4.653696 },
			orient = { {  0.525226,  0.000000,  0.850963 },
					   {  0.055022,  0.997907, -0.033960 },
					   { -0.849182,  0.064658,  0.524127 } }
		},
		cameraprops =
		{
			fovh = 20,
			hvaspect = 1.85,
			nearplane = 0.2,
			farplane = 25000
		}
	},

	{
		entity_name = "Cam_07_SinclairS_33sec_01",
		type = CAMERA,
		template_name = "",
		lt_grp = 0, srt_grp = 0, usr_flg = 0,
		spatialprops =
		{
			pos = { 5.535686, 1.535752, -3.784528 },
			orient = { { -0.625915,  0.000000,  0.779891 },
					   {  0.029588,  0.999280,  0.023747 },
					   { -0.779330,  0.037939, -0.625464 } }
		},
		cameraprops =
		{
			fovh = 15,
			hvaspect = 1.85,
			nearplane = 0.2,
			farplane = 25000
		}
	},

	{
		entity_name = "Mrk_SinclainHeadIK_33sec",
		type = MARKER,
		template_name = "",
		lt_grp = 0, srt_grp = 0, usr_flg = 0,
		spatialprops =
		{
			pos = { 6.896086, 1.58291, -4.570306 },
			orient = { { 1, 0, 0 }, { 0, 1, 0 }, { 0, 0, 1 } }
		}
	},

	{
		entity_name = "Path_OutsideShip01",
		type = MOTION_PATH,
		template_name = "",
		lt_grp = 0, srt_grp = 0, usr_flg = 0,
		spatialprops =
		{
			pos = { 149.2578, -50.70959, 1101.945 },
			orient = { { -0.727084,  0.000000,  0.686549 },
					   {  0.000000,  1.000000,  0.000000 },
					   { -0.686549,  0.000000, -0.727084 } }
		},
		pathprops =
		{
			path_type = "CV_CROrientationSplinePath",
			path_data = "OPEN,{-270.858002,246.791504,-211.512161}, {0.615041,-0.030949,-0.749681,-0.242376}, {-119.734589,123.991936,-189.065002}, {0.561421,-0.053740,-0.819237,-0.103776}, {-40.734642,119.927582,-147.144974}, {-0.476894,0.130599,0.860442,0.123111}, {7.415981,82.069389,-103.521683}, {-0.301104,0.008076,0.945950,0.120212}, {34.349323,64.733635,-35.513721}, {-0.156525,-0.004013,0.980399,0.119594}, {34.349323,64.733635,-35.513721}, {-0.043889,0.008776,0.994036,0.099445}, {36.200684,64.022827,47.341709}, {0.022835,-0.068440,0.997319,0.012223}, {4.504364,86.203598,122.543480}, {0.431672,0.065035,0.894058,0.100446}, "
		}
	},

	{
		entity_name = "Path_OutsideShip02",
		type = MOTION_PATH,
		template_name = "",
		lt_grp = 0, srt_grp = 0, usr_flg = 0,
		spatialprops =
		{
			pos = { 189.5674, -83.53693, 1178.775 },
			orient = { { -0.254649, -0.319410,  0.912760 },
					   { -0.418734,  0.887221,  0.193651 },
					   { -0.871674, -0.332891, -0.359677 } }
		},
		pathprops =
		{
			path_type = "CV_CROrientationSplinePath",
			path_data = "OPEN,{-173.978561,179.060715,-314.344238}, {1.000000,0.000000,0.000000,0.000000}, {-100.794815,123.991943,-211.208496}, {1.000000,0.000000,0.000000,0.000000}, {-40.732582,91.303375,-147.144409}, {1.000000,0.000000,0.000000,0.000000}, {5.843692,72.691826,-94.917068}, {1.000000,0.000000,0.000000,0.000000}, {34.350128,50.385338,-35.514603}, {1.000000,0.000000,0.000000,0.000000}, {45.593632,79.685051,8.321350}, {1.000000,0.000000,0.000000,0.000000}, {15.389442,96.794365,7.705087}, {1.000000,0.000000,0.000000,0.000000}, {-153.655457,93.809555,136.491714}, {1.000000,0.000000,0.000000,0.000000}, "
		}
	},

	{
		entity_name = "Mrk_OutsideShip01Follow",
		type = MARKER,
		template_name = "",
		lt_grp = 0, srt_grp = 0, usr_flg = 0,
		spatialprops =
		{
			pos = { 0, 0, 0 },
			orient = { {  0.632282,  0.000000, -0.774738 },
					   {  0.000000,  1.000000,  0.000000 },
					   {  0.774738,  0.000000,  0.632282 } }
		}
	},

	{
		entity_name = "Mrk_OutsideShip02Follow",
		type = MARKER,
		template_name = "",
		lt_grp = 0, srt_grp = 0, usr_flg = 0,
		spatialprops =
		{
			pos = { 0, 0, 0 },
			orient = { {  0.789527,  0.000000, -0.613716 },
					   {  0.000000,  1.000000,  0.000000 },
					   {  0.613716,  0.000000,  0.789527 } }
		}
	},

	{
		entity_name = "Ship01_Outside_rtcprop_r_elite",
		type = COMPOUND,
		template_name = "rtcprop_r_elite",
		lt_grp = 0, srt_grp = 0, usr_flg = 0,
		flags = LIT_DYNAMIC,
		spatialprops =
		{
			pos = { 476.7446, 202.7085, 1099.781 },
			orient = { { -0.301083, -0.110362, -0.947190 },
					   { -0.344158,  0.938912,  0.000000 },
					   {  0.889328,  0.325983, -0.320672 } }
		},
		userprops =
		{
			category = "Spaceship",
		}
	},

	{
		entity_name = "Ship02_Outside_rtcprop_r_fighter",
		type = COMPOUND,
		template_name = "rtcprop_r_fighter",
		lt_grp = 0, srt_grp = 0, usr_flg = 0,
		flags = LIT_DYNAMIC,
		spatialprops =
		{
			pos = { 410.5322, 143.1855, 1259.638 },
			orient = { { -0.171080,  0.000000, -0.985257 },
					   {  0.000000,  1.000000,  0.000000 },
					   {  0.985257,  0.000000, -0.171080 } }
		},
		userprops =
		{
			category = "Spaceship",
		}
	},

	{
		entity_name = "Mrk_BlastTargetShip01",
		type = MARKER,
		template_name = "",
		lt_grp = 0, srt_grp = 0, usr_flg = 0,
		spatialprops =
		{
			pos = { -20.08491, 3.236398, 1125.904 },
			orient = { { 1, 0, 0 }, { 0, 1, 0 }, { 0, 0, 1 } }
		}
	},

	{
		entity_name = "Mrk_BlastTargetShip02",
		type = MARKER,
		template_name = "",
		lt_grp = 0, srt_grp = 0, usr_flg = 0,
		spatialprops =
		{
			pos = { -20.11445, -22.03266, 1116.716 },
			orient = { { 1, 0, 0 }, { 0, 1, 0 }, { 0, 0, 1 } }
		}
	},

	{
		entity_name = "Path_LittleShake",
		type = MOTION_PATH,
		template_name = "",
		lt_grp = 0, srt_grp = 0, usr_flg = 0,
		spatialprops =
		{
			pos = { -0.869552, 0.863887, 1.133029 },
			orient = { {  0.374647,  0.000000,  0.927168 },
					   { -0.137897,  0.988878,  0.055721 },
					   { -0.916856, -0.148729,  0.370480 } }
		},
		pathprops =
		{
			path_type = "CV_CROrientationSplinePath",
			path_data = "OPEN,{0.000000,0.500000,0.000000}, {1.000000,0.000000,0.000000,0.000000}, {0.000000,-0.500000,0.000000}, {1.000000,0.000000,0.000000,0.000000}, "
		}
	},

	{
		entity_name = "Path_LittleShake_Horiz",
		type = MOTION_PATH,
		template_name = "",
		lt_grp = 0, srt_grp = 0, usr_flg = 0,
		spatialprops =
		{
			pos = { -0.869552, 0.863887, 1.133029 },
			orient = { {  0.145310, -0.988683, -0.037298 },
					   {  0.371834,  0.019637,  0.928091 },
					   { -0.916856, -0.148729,  0.370480 } }
		},
		pathprops =
		{
			path_type = "CV_CROrientationSplinePath",
			path_data = "OPEN,{0.000000,0.500000,0.000000}, {1.000000,0.000000,0.000000,0.000000}, {0.000000,-0.500000,0.000000}, {1.000000,0.000000,0.000000,0.000000}, "
		}
	},

	{
		entity_name = "Mrk_BoltStart",
		type = MARKER,
		template_name = "",
		lt_grp = 0, srt_grp = 0, usr_flg = 0,
		spatialprops =
		{
			pos = { 1238.182, 133.123, 53.35203 },
			orient = { {  0.036600, -0.010804, -0.999272 },
					   { -0.049047,  0.998717, -0.012594 },
					   {  0.998126,  0.049472,  0.036023 } }
		}
	},

	{
		entity_name = "Mrk_BoltEnd",
		type = MARKER,
		template_name = "",
		lt_grp = 0, srt_grp = 0, usr_flg = 0,
		spatialprops =
		{
			pos = { 7.132616, 35.85135, 14.82704 },
			orient = { { -0.048829,  0.000000,  0.998807 },
					   {  0.000000,  1.000000,  0.000000 },
					   { -0.998807,  0.000000, -0.048829 } }
		}
	},

	{
		entity_name = "Cam_10_CircleDolly_01",
		type = CAMERA,
		template_name = "",
		lt_grp = 0, srt_grp = 0, usr_flg = 0,
		spatialprops =
		{
			pos = { 5.5, 1.5, 4 },
			orient = { { 1, 0, 0 }, { 0, 1, 0 }, { 0, 0, 1 } }
		},
		cameraprops =
		{
			fovh = 25,
			hvaspect = 1.85,
			nearplane = 0.2,
			farplane = 25000
		}
	},

	{
		entity_name = "a_Cam_CircleDolly_02",
		type = CAMERA,
		template_name = "",
		lt_grp = 0, srt_grp = 0, usr_flg = 0,
		spatialprops =
		{
			pos = { 2.002106, 1.5, 3.125244 },
			orient = { {  0.824126,  0.000000,  0.566406 },
					   {  0.000000,  1.000000,  0.000000 },
					   { -0.566406,  0.000000,  0.824126 } }
		},
		cameraprops =
		{
			fovh = 30,
			hvaspect = 1.85,
			nearplane = 0.2,
			farplane = 25000
		}
	},

	{
		entity_name = "a_Cam_CircleDolly_03",
		type = CAMERA,
		template_name = "",
		lt_grp = 0, srt_grp = 0, usr_flg = 0,
		spatialprops =
		{
			pos = { -0.465267, 1.5, 0.979479 },
			orient = { {  0.507538,  0.000000,  0.861629 },
					   {  0.000000,  1.000000,  0.000000 },
					   { -0.861629,  0.000000,  0.507538 } }
		},
		cameraprops =
		{
			fovh = 30,
			hvaspect = 1.85,
			nearplane = 0.2,
			farplane = 25000
		}
	},

	{
		entity_name = "a_Cam_CircleDolly_04",
		type = CAMERA,
		template_name = "",
		lt_grp = 0, srt_grp = 0, usr_flg = 0,
		spatialprops =
		{
			pos = { -2.082923, 1.5, -3.007375 },
			orient = { {  0.348594,  0.000000,  0.937274 },
					   {  0.000000,  1.000000,  0.000000 },
					   { -0.937274,  0.000000,  0.348594 } }
		},
		cameraprops =
		{
			fovh = 30,
			hvaspect = 1.85,
			nearplane = 0.2,
			farplane = 25000
		}
	},

	{
		entity_name = "a_Cam_CircleDolly_05",
		type = CAMERA,
		template_name = "",
		lt_grp = 0, srt_grp = 0, usr_flg = 0,
		spatialprops =
		{
			pos = { -2.5, 1.5, -7.5 },
			orient = { { -0.241922,  0.000000,  0.970296 },
					   {  0.000000,  1.000000,  0.000000 },
					   { -0.970296,  0.000000, -0.241922 } }
		},
		cameraprops =
		{
			fovh = 30,
			hvaspect = 1.85,
			nearplane = 0.2,
			farplane = 25000
		}
	},

	{
		entity_name = "a_Path_LongDolly",
		type = MOTION_PATH,
		template_name = "",
		lt_grp = 0, srt_grp = 0, usr_flg = 0,
		spatialprops =
		{
			pos = { 0, 0, 0 },
			orient = { { 1, 0, 0 }, { 0, 1, 0 }, { 0, 0, 1 } }
		},
		pathprops =
		{
			path_type = "CV_CROrientationSplinePath",
			path_data = "OPEN,{5.500000,1.500000,4.000000}, {1.000000,0.000000,0.000000,0.000000}, {2.002106,1.500000,3.125244}, {0.955020,0.000000,-0.296542,0.000000}, {-0.465267,1.500000,0.979479}, {0.868199,0.000000,-0.496217,0.000000}, {-2.082923,1.500000,-3.007375}, {0.821156,0.000000,-0.570704,0.000000}, {-2.500000,1.500000,-7.500000}, {0.615661,0.000000,-0.788011,0.000000}, "
		}
	},

	{
		entity_name = "Cam_11_Station_01",
		type = CAMERA,
		template_name = "",
		lt_grp = 0, srt_grp = 0, usr_flg = 0,
		spatialprops =
		{
			pos = { -142.2849, -16.21218, 1219.03 },
			orient = { {  0.162847,  0.000000,  0.986651 },
					   { -0.038722,  0.999230,  0.006391 },
					   { -0.985891, -0.039246,  0.162721 } }
		},
		cameraprops =
		{
			fovh = 30,
			hvaspect = 1.85,
			nearplane = 0.2,
			farplane = 25000
		}
	},

	{
		entity_name = "Cam_11_Station_02",
		type = CAMERA,
		template_name = "",
		lt_grp = 0, srt_grp = 0, usr_flg = 0,
		spatialprops =
		{
			pos = { -117.9952, 36.52376, 1087.696 },
			orient = { { -0.006594,  0.000000,  0.999978 },
					   {  0.026248,  0.999655,  0.000173 },
					   { -0.999634,  0.026249, -0.006592 } }
		},
		cameraprops =
		{
			fovh = 30,
			hvaspect = 1.85,
			nearplane = 0.2,
			farplane = 25000
		}
	},

	{
		entity_name = "Cam_12_JuniS_39sec_01",
		type = CAMERA,
		template_name = "",
		lt_grp = 0, srt_grp = 0, usr_flg = 0,
		spatialprops =
		{
			pos = { 3.599815, 1.552476, -3.610799 },
			orient = { {  0.869365,  0.000000,  0.494170 },
					   {  0.046655,  0.995533, -0.082078 },
					   { -0.491962,  0.094412,  0.865482 } }
		},
		cameraprops =
		{
			fovh = 20,
			hvaspect = 1.85,
			nearplane = 0.2,
			farplane = 25000
		}
	},

	{
		entity_name = "Cam_TrentS_43sec",
		type = CAMERA,
		template_name = "",
		lt_grp = 0, srt_grp = 0, usr_flg = 0,
		spatialprops =
		{
			pos = { 2.418542, 1.544979, -3.61167 },
			orient = { {  0.813384,  0.041837,  0.580221 },
					   {  0.004313,  0.996949, -0.077932 },
					   { -0.581711,  0.065891,  0.810722 } }
		},
		cameraprops =
		{
			fovh = 20,
			hvaspect = 1.85,
			nearplane = 0.2,
			farplane = 25000
		}
	},

	{
		entity_name = "Cam_13_SinclairS_40sec_01",
		type = CAMERA,
		template_name = "",
		lt_grp = 0, srt_grp = 0, usr_flg = 0,
		spatialprops =
		{
			pos = { 5.829515, 1.506164, -3.583417 },
			orient = { { -0.625915,  0.000000,  0.779891 },
					   {  0.029588,  0.999280,  0.023747 },
