duration = 69.597;

entities =
{

	{
		entity_name = "Layer_s029x_nrml_Tobias_br_03_Equip",
		type = SCENE,
		template_name = "",
		lt_grp = 0, srt_grp = 0, usr_flg = 0,
		spatialprops =
		{
			pos = { 0, 0, 0 },
			orient = { { 1, 0, 0 }, { 0, 1, 0 }, { 0, 0, 1 } }
		},
		up = Y_AXIS,
		front = Z_AXIS,
		ambient = { 0, 0, 0 }
	},

	{
		entity_name = "Char_Juni",
		type = DEFORMABLE,
		template_name = "juni",
		lt_grp = 0, srt_grp = 0, usr_flg = 0,
		flags = LIT_DYNAMIC,
		spatialprops =
		{
			pos = { 22.26129, 0, -0.088012 },
			orient = { { -0.216797,  0.000000, -0.976217 },
					   {  0.000000,  1.000000,  0.000000 },
					   {  0.976217,  0.000000, -0.216797 } }
		},
		compoundprops =
		{
			floor_height = 0
		},
		userprops =
		{
			actor = "juni",
			category = "Character",
		}
	},

	{
		entity_name = "Char_Sinclair",
		type = DEFORMABLE,
		template_name = "sinclair",
		lt_grp = 0, srt_grp = 0, usr_flg = 0,
		flags = LIT_DYNAMIC,
		spatialprops =
		{
			pos = { 21.08566, 0, -1.351403 },
			orient = { { -0.675397,  0.000000, -0.737454 },
					   {  0.000000,  1.000000,  0.000000 },
					   {  0.737454,  0.000000, -0.675397 } }
		},
		compoundprops =
		{
			floor_height = 0
		},
		userprops =
		{
			actor = "sinclair",
			category = "Character",
		}
	},

	{
		entity_name = "Char_Tobias",
		type = DEFORMABLE,
		template_name = "tobias",
		lt_grp = 0, srt_grp = 0, usr_flg = 0,
		flags = LIT_DYNAMIC,
		spatialprops =
		{
			pos = { 15.73881, 0, 1.532872 },
			orient = { {  0.273934,  0.000000,  0.961749 },
					   {  0.000000,  1.000000,  0.000000 },
					   { -0.961749,  0.000000,  0.273934 } }
		},
		compoundprops =
		{
			floor_height = 0
		},
		userprops =
		{
			actor = "tobias",
			category = "Character",
		}
	},

	{
		entity_name = "Char_Trent",
		type = DEFORMABLE,
		template_name = "trent",
		lt_grp = 0, srt_grp = 0, usr_flg = 0,
		flags = LIT_DYNAMIC,
		spatialprops =
		{
			pos = { 21.01882, 0, 0.461724 },
			orient = { { -0.296589,  0.000000, -0.955005 },
					   {  0.000000,  1.000000,  0.000000 },
					   {  0.955005,  0.000000, -0.296589 } }
		},
		compoundprops =
		{
			floor_height = 0
		},
		userprops =
		{
			actor = "player",
			category = "Character",
		}
	},

	{
		entity_name = "Mrk_Juni_location",
		type = MARKER,
		template_name = "",
		lt_grp = 0, srt_grp = 0, usr_flg = 0,
		spatialprops =
		{
			pos = { 22.26129, 0.922508, -0.088012 },
			orient = { { -0.216797,  0.000000, -0.976217 },
					   {  0.000000,  1.000000,  0.000000 },
					   {  0.976217,  0.000000, -0.216797 } }
		}
	},

	{
		entity_name = "Mrk_Sinclair_location",
		type = MARKER,
		template_name = "",
		lt_grp = 0, srt_grp = 0, usr_flg = 0,
		spatialprops =
		{
			pos = { 21.08566, 0.959241, -1.351403 },
			orient = { { -0.675397,  0.000000, -0.737454 },
					   {  0.000000,  1.000000,  0.000000 },
					   {  0.737454,  0.000000, -0.675397 } }
		}
	},

	{
		entity_name = "Mrk_Tobias_location",
		type = MARKER,
		template_name = "",
		lt_grp = 0, srt_grp = 0, usr_flg = 0,
		spatialprops =
		{
			pos = { 13.48358, 0, 0.838442 },
			orient = { {  0.266361,  0.000000,  0.963873 },
					   {  0.000000,  1.000000,  0.000000 },
					   { -0.963873,  0.000000,  0.266361 } }
		}
	},

	{
		entity_name = "Mrk_Trent_location",
		type = MARKER,
		template_name = "",
		lt_grp = 0, srt_grp = 0, usr_flg = 0,
		spatialprops =
		{
			pos = { 13.49598, 0, 0.021419 },
			orient = { { -0.291098,  0.000000,  0.956693 },
					   {  0.000000,  1.000000,  0.000000 },
					   { -0.956693,  0.000000, -0.291098 } }
		}
	},

	{
		entity_name = "Camera_dlr_look",
		type = CAMERA,
		template_name = "",
		lt_grp = 0, srt_grp = 0, usr_flg = 0,
		flags = HIDDEN,
		spatialprops =
		{
			pos = { 19.0962, 1.453026, 0.59842 },
			orient = { {  0.027498,  0.000000, -0.999622 },
					   { -0.099200,  0.995064, -0.002729 },
					   {  0.994687,  0.099237,  0.027362 } }
		},
		cameraprops =
		{
			fovh = 20,
			hvaspect = 1.85,
			nearplane = 0.1,
			farplane = 100000
		}
	},

	{
		entity_name = "Cam_Monitor_s029x",
		type = MONITOR,
		template_name = "",
		lt_grp = 0, srt_grp = 0, usr_flg = 0,
		userprops =
		{
			Priority = "Monitor_Moving_1",
		}
	},

	{
		entity_name = "dx_s029x_0101_Tobias_1",
		type = SOUND,
		template_name = "dx_s029x_0101_Tobias",
		lt_grp = 0, srt_grp = 0, usr_flg = 0,
		spatialprops =
		{
			pos = { 0, 0, 0 },
			orient = { { 1, 0, 0 }, { 0, 1, 0 }, { 0, 0, 1 } }
		},
		audioprops =
		{
			attenuation = -1,
			pan = 0,
			dmin = 50,
			dmax = 1000,
			ain = 360,
			aout = 360,
			atout = 0,
			rmix = 0,
		},
		userprops =
		{
			category = "Audio",
		}
	},

	{
		entity_name = "dx_s029x_0201_Tobias_2",
		type = SOUND,
		template_name = "dx_s029x_0201_Tobias",
		lt_grp = 0, srt_grp = 0, usr_flg = 0,
		spatialprops =
		{
			pos = { 0, 0, 0 },
			orient = { { 1, 0, 0 }, { 0, 1, 0 }, { 0, 0, 1 } }
		},
		audioprops =
		{
			attenuation = -1,
			pan = 0,
			dmin = 50,
			dmax = 1000,
			ain = 360,
			aout = 360,
			atout = 0,
			rmix = 0,
		},
		userprops =
		{
			category = "Audio",
		}
	},

	{
		entity_name = "dx_s029x_0301_Trent_3",
		type = SOUND,
		template_name = "dx_s029x_0301_Trent",
		lt_grp = 0, srt_grp = 0, usr_flg = 0,
		spatialprops =
		{
			pos = { 0, 0, 0 },
			orient = { { 1, 0, 0 }, { 0, 1, 0 }, { 0, 0, 1 } }
		},
		audioprops =
		{
			attenuation = -1,
			pan = 0,
			dmin = 50,
			dmax = 1000,
			ain = 360,
			aout = 360,
			atout = 0,
			rmix = 0,
		},
		userprops =
		{
			category = "Audio",
		}
	},

	{
		entity_name = "dx_s029x_0401_Tobias_4",
		type = SOUND,
		template_name = "dx_s029x_0401_Tobias",
		lt_grp = 0, srt_grp = 0, usr_flg = 0,
		spatialprops =
		{
			pos = { 0, 0, 0 },
			orient = { { 1, 0, 0 }, { 0, 1, 0 }, { 0, 0, 1 } }
		},
		audioprops =
		{
			attenuation = -1,
			pan = 0,
			dmin = 50,
			dmax = 1000,
			ain = 360,
			aout = 360,
			atout = 0,
			rmix = 0,
		},
		userprops =
		{
			category = "Audio",
		}
	},

	{
		entity_name = "dx_s029x_0601_Trent_5",
		type = SOUND,
		template_name = "dx_s029x_0601_Trent",
		lt_grp = 0, srt_grp = 0, usr_flg = 0,
		spatialprops =
		{
			pos = { 0, 0, 0 },
			orient = { { 1, 0, 0 }, { 0, 1, 0 }, { 0, 0, 1 } }
		},
		audioprops =
		{
			attenuation = -1,
			pan = 0,
			dmin = 50,
			dmax = 1000,
			ain = 360,
			aout = 360,
			atout = 0,
			rmix = 0,
		},
		userprops =
		{
			category = "Audio",
		}
	},

	{
		entity_name = "dx_s029x_0701_juni_6",
		type = SOUND,
		template_name = "dx_s029x_0701_juni",
		lt_grp = 0, srt_grp = 0, usr_flg = 0,
		spatialprops =
		{
			pos = { 0, 0, 0 },
			orient = { { 1, 0, 0 }, { 0, 1, 0 }, { 0, 0, 1 } }
		},
		audioprops =
		{
			attenuation = -1,
			pan = 0,
			dmin = 50,
			dmax = 1000,
			ain = 360,
			aout = 360,
			atout = 0,
			rmix = 0,
		},
		userprops =
		{
			category = "Audio",
		}
	},

	{
		entity_name = "dx_s029x_0801_sinclair_7",
		type = SOUND,
		template_name = "dx_s029x_0801_sinclair",
		lt_grp = 0, srt_grp = 0, usr_flg = 0,
		spatialprops =
		{
			pos = { 0, 0, 0 },
			orient = { { 1, 0, 0 }, { 0, 1, 0 }, { 0, 0, 1 } }
		},
		audioprops =
		{
			attenuation = -3,
			pan = 0,
			dmin = 50,
			dmax = 1000,
			ain = 360,
			aout = 360,
			atout = 0,
			rmix = 0,
		},
		userprops =
		{
			category = "Audio",
		}
	},

	{
		entity_name = "dx_s029x_0901_Trent_8",
		type = SOUND,
		template_name = "dx_s029x_0901_Trent",
		lt_grp = 0, srt_grp = 0, usr_flg = 0,
		spatialprops =
		{
			pos = { 0, 0, 0 },
			orient = { { 1, 0, 0 }, { 0, 1, 0 }, { 0, 0, 1 } }
		},
		audioprops =
		{
			attenuation = -1,
			pan = 0,
			dmin = 50,
			dmax = 1000,
			ain = 360,
			aout = 360,
			atout = 0,
			rmix = 0,
		},
		userprops =
		{
			category = "Audio",
		}
	},

	{
		entity_name = "dx_s029x_1001_Tobias_9",
		type = SOUND,
		template_name = "dx_s029x_1001_Tobias",
		lt_grp = 0, srt_grp = 0, usr_flg = 0,
		spatialprops =
		{
			pos = { 0, 0, 0 },
			orient = { { 1, 0, 0 }, { 0, 1, 0 }, { 0, 0, 1 } }
		},
		audioprops =
		{
			attenuation = -1,
			pan = 0,
			dmin = 50,
			dmax = 1000,
			ain = 360,
			aout = 360,
			atout = 0,
			rmix = 0,
		},
		userprops =
		{
			category = "Audio",
		}
	},

	{
		entity_name = "dx_s029x_1101_Tobias_10",
		type = SOUND,
		template_name = "dx_s029x_1101_Tobias",
		lt_grp = 0, srt_grp = 0, usr_flg = 0,
		spatialprops =
		{
			pos = { 0, 0, 0 },
			orient = { { 1, 0, 0 }, { 0, 1, 0 }, { 0, 0, 1 } }
		},
		audioprops =
		{
			attenuation = -1,
			pan = 0,
			dmin = 50,
			dmax = 1000,
			ain = 360,
			aout = 360,
			atout = 0,
			rmix = 0,
		},
		userprops =
		{
			category = "Audio",
		}
	},

	{
		entity_name = "dx_s029x_1201_Trent_11",
		type = SOUND,
		template_name = "dx_s029x_1201_Trent",
		lt_grp = 0, srt_grp = 0, usr_flg = 0,
		spatialprops =
		{
			pos = { 0, 0, 0 },
			orient = { { 1, 0, 0 }, { 0, 1, 0 }, { 0, 0, 1 } }
		},
		audioprops =
		{
			attenuation = -1,
			pan = 0,
			dmin = 50,
			dmax = 1000,
			ain = 360,
			aout = 360,
			atout = 0,
			rmix = 0,
		},
		userprops =
		{
			category = "Audio",
		}
	},

	{
		entity_name = "dx_s029x_1301_juni_12",
		type = SOUND,
		template_name = "dx_s029x_1301_juni",
		lt_grp = 0, srt_grp = 0, usr_flg = 0,
		spatialprops =
		{
			pos = { 0, 0, 0 },
			orient = { { 1, 0, 0 }, { 0, 1, 0 }, { 0, 0, 1 } }
		},
		audioprops =
		{
			attenuation = -1,
			pan = 0,
			dmin = 50,
			dmax = 1000,
			ain = 360,
			aout = 360,
			atout = 0,
			rmix = 0,
		},
		userprops =
		{
			category = "Audio",
		}
	},

	{
		entity_name = "dx_s029x_1401_sinclair_13",
		type = SOUND,
		template_name = "dx_s029x_1401_sinclair",
		lt_grp = 0, srt_grp = 0, usr_flg = 0,
		spatialprops =
		{
			pos = { 0, 0, 0 },
			orient = { { 1, 0, 0 }, { 0, 1, 0 }, { 0, 0, 1 } }
		},
		audioprops =
		{
			attenuation = -3,
			pan = 0,
			dmin = 50,
			dmax = 1000,
			ain = 360,
			aout = 360,
			atout = 0,
			rmix = 0,
		},
		userprops =
		{
			category = "Audio",
		}
	},

	{
		entity_name = "dx_s029x_1501_Trent_14",
		type = SOUND,
		template_name = "dx_s029x_1501_Trent",
		lt_grp = 0, srt_grp = 0, usr_flg = 0,
		spatialprops =
		{
			pos = { 0, 0, 0 },
			orient = { { 1, 0, 0 }, { 0, 1, 0 }, { 0, 0, 1 } }
		},
		audioprops =
		{
			attenuation = -1,
			pan = 0,
			dmin = 50,
			dmax = 1000,
			ain = 360,
			aout = 360,
			atout = 0,
			rmix = 0,
		},
		userprops =
		{
			category = "Audio",
		}
	},

	{
		entity_name = "dx_s029x_1601_juni_15",
		type = SOUND,
		template_name = "dx_s029x_1601_juni",
		lt_grp = 0, srt_grp = 0, usr_flg = 0,
		spatialprops =
		{
			pos = { 0, 0, 0 },
			orient = { { 1, 0, 0 }, { 0, 1, 0 }, { 0, 0, 1 } }
		},
		audioprops =
		{
			attenuation = -1,
			pan = 0,
			dmin = 50,
			dmax = 1000,
			ain = 360,
			aout = 360,
			atout = 0,
			rmix = 0,
		},
		userprops =
		{
			category = "Audio",
		}
	},

	{
		entity_name = "dx_s029x_1701_Trent_16",
		type = SOUND,
		template_name = "dx_s029x_1701_Trent",
		lt_grp = 0, srt_grp = 0, usr_flg = 0,
		spatialprops =
		{
			pos = { 0, 0, 0 },
			orient = { { 1, 0, 0 }, { 0, 1, 0 }, { 0, 0, 1 } }
		},
		audioprops =
		{
			attenuation = -1,
			pan = 0,
			dmin = 50,
			dmax = 1000,
			ain = 360,
			aout = 360,
			atout = 0,
			rmix = 0,
		},
		userprops =
		{
			category = "Audio",
		}
	},

	{
		entity_name = "dx_s029x_1801_juni_17",
		type = SOUND,
		template_name = "dx_s029x_1801_juni",
		lt_grp = 0, srt_grp = 0, usr_flg = 0,
		spatialprops =
		{
			pos = { 0, 0, 0 },
			orient = { { 1, 0, 0 }, { 0, 1, 0 }, { 0, 0, 1 } }
		},
		audioprops =
		{
			attenuation = -1,
			pan = 0,
			dmin = 50,
			dmax = 1000,
			ain = 360,
			aout = 360,
			atout = 0,
			rmix = 0,
		},
		userprops =
		{
			category = "Audio",
		}
	},

	{
		entity_name = "dx_s029x_1802_juni_18",
		type = SOUND,
		template_name = "dx_s029x_1802_juni",
		lt_grp = 0, srt_grp = 0, usr_flg = 0,
		spatialprops =
		{
			pos = { 0, 0, 0 },
			orient = { { 1, 0, 0 }, { 0, 1, 0 }, { 0, 0, 1 } }
		},
		audioprops =
		{
			attenuation = -1,
			pan = 0,
			dmin = 50,
			dmax = 1000,
			ain = 360,
			aout = 360,
			atout = 0,
			rmix = 0,
		},
		userprops =
		{
			category = "Audio",
		}
	},

	{
		entity_name = "dx_s029x_1803_juni_19",
		type = SOUND,
		template_name = "dx_s029x_1803_juni",
		lt_grp = 0, srt_grp = 0, usr_flg = 0,
		spatialprops =
		{
			pos = { 0, 0, 0 },
			orient = { { 1, 0, 0 }, { 0, 1, 0 }, { 0, 0, 1 } }
		},
		audioprops =
		{
			attenuation = -1,
			pan = 0,
			dmin = 50,
			dmax = 1000,
			ain = 360,
			aout = 360,
			atout = 0,
			rmix = 0,
		},
		userprops =
		{
			category = "Audio",
		}
	},

	{
		entity_name = "dx_s029x_1804_juni_20",
		type = SOUND,
		template_name = "dx_s029x_1804_juni",
		lt_grp = 0, srt_grp = 0, usr_flg = 0,
		spatialprops =
		{
			pos = { 0, 0, 0 },
			orient = { { 1, 0, 0 }, { 0, 1, 0 }, { 0, 0, 1 } }
		},
		audioprops =
		{
			attenuation = -1,
			pan = 0,
			dmin = 50,
			dmax = 1000,
			ain = 360,
			aout = 360,
			atout = 0,
			rmix = 0,
		},
		userprops =
		{
			category = "Audio",
		}
	},

	{
		entity_name = "dx_s029x_1901_juni_21",
		type = SOUND,
		template_name = "dx_s029x_1901_juni",
		lt_grp = 0, srt_grp = 0, usr_flg = 0,
		spatialprops =
		{
			pos = { 0, 0, 0 },
			orient = { { 1, 0, 0 }, { 0, 1, 0 }, { 0, 0, 1 } }
		},
		audioprops =
		{
			attenuation = -1,
			pan = 0,
			dmin = 50,
			dmax = 1000,
			ain = 360,
			aout = 360,
			atout = 0,
			rmix = 0,
		},
		userprops =
		{
			category = "Audio",
		}
	},

	{
		entity_name = "dx_s029x_2001_Tobias_22",
		type = SOUND,
		template_name = "dx_s029x_2001_Tobias",
		lt_grp = 0, srt_grp = 0, usr_flg = 0,
		spatialprops =
		{
			pos = { 0, 0, 0 },
			orient = { { 1, 0, 0 }, { 0, 1, 0 }, { 0, 0, 1 } }
		},
		audioprops =
		{
			attenuation = -1,
			pan = 0,
			dmin = 50,
			dmax = 1000,
			ain = 360,
			aout = 360,
			atout = 0,
			rmix = 0,
		},
		userprops =
		{
			category = "Audio",
		}
	},

	{
		entity_name = "dx_s029x_2101_juni_23",
		type = SOUND,
		template_name = "dx_s029x_2101_juni",
		lt_grp = 0, srt_grp = 0, usr_flg = 0,
		spatialprops =
		{
			pos = { 0, 0, 0 },
			orient = { { 1, 0, 0 }, { 0, 1, 0 }, { 0, 0, 1 } }
		},
		audioprops =
		{
			attenuation = -1,
			pan = 0,
			dmin = 50,
			dmax = 1000,
			ain = 360,
			aout = 360,
			atout = 0,
			rmix = 0,
		},
		userprops =
		{
			category = "Audio",
		}
	},

	{
		entity_name = "Mrk_Offscreen_location",
		type = MARKER,
		template_name = "",
		lt_grp = 0, srt_grp = 0, usr_flg = 0,
		spatialprops =
		{
			pos = { 0, 0, 0 },
			orient = { { -0.050329,  0.000000, -0.998733 },
					   {  0.000000,  1.000000,  0.000000 },
					   {  0.998733,  0.000000, -0.050329 } }
		}
	},

	{
		entity_name = "Camera_Move_2_Hi_Wd",
		type = CAMERA,
		template_name = "",
		lt_grp = 0, srt_grp = 0, usr_flg = 0,
		spatialprops =
		{
			pos = { 16.95293, 1.55133, 0.381824 },
			orient = { { -0.785098,  0.000000, -0.619372 },
					   { -0.015984,  0.999667,  0.020261 },
					   {  0.619166,  0.025807, -0.784836 } }
		},
		cameraprops =
		{
			fovh = 20,
			hvaspect = 1.85,
			nearplane = 0.1,
			farplane = 100000
		}
	},

	{
		entity_name = "Mrk_Trent_orient",
		type = MARKER,
		template_name = "",
		lt_grp = 0, srt_grp = 0, usr_flg = 0,
		spatialprops =
		{
			pos = { 23.44681, 0, 0.531133 },
			orient = { { -0.044624,  0.000000,  0.999004 },
					   {  0.000000,  1.000000,  0.000000 },
					   { -0.999004,  0.000000, -0.044624 } }
		}
	},

	{
		entity_name = "Mrk_Tobias_Orient",
		type = MARKER,
		template_name = "",
		lt_grp = 0, srt_grp = 0, usr_flg = 0,
		spatialprops =
		{
			pos = { 22.33118, 0, 0.731552 },
			orient = { { -0.206032,  0.000000,  0.978545 },
					   {  0.000000,  1.000000,  0.000000 },
					   { -0.978545,  0.000000, -0.206032 } }
		}
	},

	{
		entity_name = "Mrk_Trent_orient_2",
		type = MARKER,
		template_name = "",
		lt_grp = 0, srt_grp = 0, usr_flg = 0,
		spatialprops =
		{
			pos = { 23.44681, 0, 0.531133 },
			orient = { { -0.174666,  0.000000,  0.984628 },
					   {  0.000000,  1.000000,  0.000000 },
					   { -0.984628,  0.000000, -0.174666 } }
		}
	},

	{
		entity_name = "Mrk_Juni_orient",
		type = MARKER,
		template_name = "",
		lt_grp = 0, srt_grp = 0, usr_flg = 0,
		spatialprops =
		{
			pos = { 23.88587, 0, 0.356913 },
			orient = { { -0.989385,  0.000000, -0.145315 },
					   {  0.000000,  1.000000,  0.000000 },
					   {  0.145315,  0.000000, -0.989385 } }
		}
	},

	{
		entity_name = "Mrk_Tobias_Orient_2",
		type = MARKER,
		template_name = "",
		lt_grp = 0, srt_grp = 0, usr_flg = 0,
		spatialprops =
		{
			pos = { 22.33118, 0, 0.731552 },
			orient = { {  0.598671,  0.000000,  0.800995 },
					   {  0.000000,  1.000000,  0.000000 },
					   { -0.800995,  0.000000,  0.598671 } }
		}
	},

	{
		entity_name = "Camera_OTS_Tobias",
		type = CAMERA,
		template_name = "",
		lt_grp = 0, srt_grp = 0, usr_flg = 0,
		flags = HIDDEN,
		spatialprops =
		{
			pos = { 19.5034, 1.53111, -0.336308 },
			orient = { { -0.837867,  0.000000, -0.545874 },
					   { -0.036557,  0.997755,  0.056112 },
					   {  0.544649,  0.066970, -0.835986 } }
		},
		cameraprops =
		{
			fovh = 25,
			hvaspect = 1.85,
			nearplane = 0.1,
			farplane = 100000
		}
	},

	{
		entity_name = "Cam_09_Med3_Juni/Trent/Sinclair",
		type = CAMERA,
		template_name = "",
		lt_grp = 0, srt_grp = 0, usr_flg = 0,
		flags = HIDDEN,
		spatialprops =
		{
			pos = { 17.17731, 1.44234, -0.090627 },
			orient = { { -0.381841,  0.000000,  0.924228 },
					   {  0.105743,  0.993433,  0.043687 },
					   { -0.918159,  0.114412, -0.379334 } }
		},
		cameraprops =
		{
			fovh = 30,
			hvaspect = 1.85,
			nearplane = 0.1,
			farplane = 100000
		}
	},

	{
		entity_name = "Cam_08_Med2_Trent/Tobias",
		type = CAMERA,
		template_name = "",
		lt_grp = 0, srt_grp = 0, usr_flg = 0,
		flags = HIDDEN,
		spatialprops =
		{
			pos = { 17.47466, 1.74963, 0.516056 },
			orient = { { -0.693533,  0.000000,  0.720425 },
					   {  0.126304,  0.984512,  0.121590 },
					   { -0.709266,  0.175319, -0.682791 } }
		},
		cameraprops =
		{
			fovh = 25,
			hvaspect = 1.85,
			nearplane = 0.1,
			farplane = 100000
		}
	},

	{
		entity_name = "Camera_Alt2_Tobias/Trent",
		type = CAMERA,
		template_name = "",
		lt_grp = 0, srt_grp = 0, usr_flg = 0,
		flags = HIDDEN,
		spatialprops =
		{
			pos = { 19.10416, 1.207858, -1.910794 },
			orient = { { -0.941419,  0.000000, -0.337239 },
					   {  0.003688,  0.999940, -0.010295 },
					   {  0.337219, -0.010936, -0.941363 } }
		},
		cameraprops =
		{
			fovh = 20,
			hvaspect = 1.85,
			nearplane = 0.1,
			farplane = 100000
		}
	},

	{
		entity_name = "Camera_Sinclair_old",
		type = CAMERA,
		template_name = "",
		lt_grp = 0, srt_grp = 0, usr_flg = 0,
		flags = HIDDEN,
		spatialprops =
		{
			pos = { 18.55846, 1.614517, -0.025151 },
			orient = { {  0.457493,  0.000000,  0.889213 },
					   {  0.153397,  0.985008, -0.078921 },
					   { -0.875882,  0.172508,  0.450634 } }
		},
		cameraprops =
		{
			fovh = 30,
			hvaspect = 1.85,
			nearplane = 0.1,
			farplane = 100000
		}
	},

	{
		entity_name = "Camera_CU2_Juni",
		type = CAMERA,
		template_name = "",
		lt_grp = 0, srt_grp = 0, usr_flg = 0,
		flags = HIDDEN,
		spatialprops =
		{
			pos = { 18.18593, 1.585203, 0.57517 },
			orient = { { -0.090878,  0.000000,  0.995862 },
					   {  0.068443,  0.997635,  0.006246 },
					   { -0.993507,  0.068727, -0.090663 } }
		},
		cameraprops =
		{
			fovh = 20,
			hvaspect = 1.85,
			nearplane = 0.1,
			farplane = 100000
		}
	},

	{
		entity_name = "Cam_14_Hi_Wide_fixed",
		type = CAMERA,
		template_name = "",
		lt_grp = 0, srt_grp = 0, usr_flg = 0,
		flags = HIDDEN,
		spatialprops =
		{
			pos = { 21.72027, 3.046429, -1.368961 },
			orient = { { -0.522965,  0.000000, -0.852354 },
					   { -0.424483,  0.867170,  0.260443 },
					   {  0.739136,  0.498012, -0.453500 } }
		},
		cameraprops =
		{
			fovh = 30,
			hvaspect = 1.85,
			nearplane = 0.1,
			farplane = 100000
		}
	},

	{
		entity_name = "Camera_Wide_3/4",
		type = CAMERA,
		template_name = "",
		lt_grp = 0, srt_grp = 0, usr_flg = 0,
		spatialprops =
		{
			pos = { 16.48318, 1.796044, -1.203018 },
			orient = { { -0.682290,  0.000000,  0.731082 },
					   {  0.181006,  0.968866,  0.168926 },
					   { -0.708320,  0.247587, -0.661047 } }
		},
		cameraprops =
		{
			fovh = 30,
			hvaspect = 1.85,
			nearplane = 0.1,
			farplane = 100000
		}
	},

	{
		entity_name = "Cam_11_CU_Tobias",
		type = CAMERA,
		template_name = "",
		lt_grp = 0, srt_grp = 0, usr_flg = 0,
		flags = HIDDEN,
		spatialprops =
		{
			pos = { 18.77824, 1.722275, 0.663604 },
			orient = { { -0.739226,  0.000000, -0.673457 },
					   { -0.084535,  0.992091,  0.092791 },
					   {  0.668131,  0.125525, -0.733379 } }
		},
		cameraprops =
		{
			fovh = 25,
			hvaspect = 1.85,
			nearplane = 0.1,
			farplane = 100000
		}
	},

	{
		entity_name = "Mrk_Sinclair_Orient",
		type = MARKER,
		template_name = "",
		lt_grp = 0, srt_grp = 0, usr_flg = 0,
		spatialprops =
		{
			pos = { 19.04287, 0.959788, -0.442677 },
			orient = { { -0.808957,  0.000000, -0.587868 },
					   {  0.000000,  1.000000,  0.000000 },
					   {  0.587868,  0.000000, -0.808957 } }
		}
	},

	{
		entity_name = "Mrk_Sinclair_Look",
		type = MARKER,
		template_name = "",
		lt_grp = 0, srt_grp = 0, usr_flg = 0,
		spatialprops =
		{
			pos = { 18.84769, 1.621086, -0.007822 },
			orient = { { -0.812997,  0.000000, -0.582268 },
					   {  0.000000,  1.000000,  0.000000 },
					   {  0.582268,  0.000000, -0.812997 } }
		}
	},

	{
		entity_name = "Cam_07_Med2_Juni/Snclr",
		type = CAMERA,
		template_name = "",
		lt_grp = 0, srt_grp = 0, usr_flg = 0,
		flags = HIDDEN,
		spatialprops =
		{
			pos = { 18.16165, 1.584342, 0.254601 },
			orient = { { -0.083970,  0.000000,  0.996468 },
					   {  0.184981,  0.982618,  0.015588 },
					   { -0.979148,  0.185637, -0.082510 } }
		},
		cameraprops =
		{
			fovh = 30,
			hvaspect = 1.85,
			nearplane = 0.1,
			farplane = 100000
		}
	},

	{
		entity_name = "Camera_CU_Trent",
		type = CAMERA,
		template_name = "",
		lt_grp = 0, srt_grp = 0, usr_flg = 0,
		flags = HIDDEN,
		spatialprops =
		{
			pos = { 18.24409, 1.511945, 0.476898 },
			orient = { { -0.697955,  0.000000,  0.716141 },
					   { -0.034739,  0.998823, -0.033857 },
					   { -0.715298, -0.048509, -0.697134 } }
		},
		cameraprops =
		{
			fovh = 25,
			hvaspect = 1.85,
			nearplane = 0.1,
			farplane = 100000
		}
	},

	{
		entity_name = "Cam_10_Wide_repos",
		type = CAMERA,
		template_name = "",
		lt_grp = 0, srt_grp = 0, usr_flg = 0,
		spatialprops =
		{
			pos = { 16.60828, 1.752593, -1.08939 },
			orient = { { -0.672338,  0.000000,  0.740244 },
					   {  0.184324,  0.968502,  0.167415 },
					   { -0.716928,  0.249005, -0.651161 } }
		},
		cameraprops =
		{
			fovh = 30,
			hvaspect = 1.85,
			nearplane = 0.1,
			farplane = 100000
		}
	},

	{
		entity_name = "Cam_Path_1",
		type = MOTION_PATH,
		template_name = "",
		lt_grp = 0, srt_grp = 0, usr_flg = 0,
		spatialprops =
		{
			pos = { 0, 0, 0 },
			orient = { { 1, 0, 0 }, { 0, 1, 0 }, { 0, 0, 1 } }
		},
		pathprops =
		{
			path_type = "CV_CROrientationSplinePath",
			path_data = "OPEN,{16.952927,1.551330,0.381824}, {0.327770,-0.004230,0.944669,0.012192}, {17.921772,1.464621,-0.631936}, {0.170845,-0.023100,0.984325,-0.037189}, {19.104158,1.207858,-1.910794}, {0.171142,0.000936,0.985231,-0.005387}, "
		}
	},

	{
		entity_name = "Mrk_Sinclair_Look_Move",
		type = MARKER,
		template_name = "",
		lt_grp = 0, srt_grp = 0, usr_flg = 0,
		spatialprops =
		{
			pos = { 18.84769, 1.621086, -0.007822 },
			orient = { { -0.812997,  0.000000, -0.582268 },
					   {  0.000000,  1.000000,  0.000000 },
					   {  0.582268,  0.000000, -0.812997 } }
		}
	},

	{
		entity_name = "Mrk_Sinclair_Look_2",
		type = MARKER,
		template_name = "",
		lt_grp = 0, srt_grp = 0, usr_flg = 0,
		spatialprops =
		{
			pos = { 18.84769, 0.977273, -0.007822 },
			orient = { { -0.812997,  0.000000, -0.582268 },
					   {  0.000000,  1.000000,  0.000000 },
					   {  0.582268,  0.000000, -0.812997 } }
		}
	},

	{
		entity_name = "Cam_02_Wide_3",
		type = CAMERA,
		template_name = "",
		lt_grp = 0, srt_grp = 0, usr_flg = 0,
		spatialprops =
		{
			pos = { 16.48318, 1.796044, -1.203018 },
			orient = { { -0.751193,  0.000000,  0.660082 },
					   {  0.160412,  0.970022,  0.182554 },
					   { -0.640294,  0.243019, -0.728674 } }
		},
		cameraprops =
		{
			fovh = 30,
			hvaspect = 1.85,
			nearplane = 0.1,
			farplane = 100000
		}
	},

	{
		entity_name = "dx_s029x_1101_Tobias_2",
		type = SOUND,
		template_name = "dx_s029x_1101_Tobias",
		lt_grp = 0, srt_grp = 0, usr_flg = 0,
		spatialprops =
		{
			pos = { 0, 0, 0 },
			orient = { { 1, 0, 0 }, { 0, 1, 0 }, { 0, 0, 1 } }
		},
		audioprops =
		{
			attenuation = 0,
			pan = 0,
			dmin = 50,
			dmax = 300,
			ain = 360,
			aout = 360,
			atout = 0,
		},
		userprops =
		{
			category = "Audio",
		}
	},

	{
		entity_name = "Mrk_Juni_stop",
		type = MARKER,
		template_name = "",
		lt_grp = 0, srt_grp = 0, usr_flg = 0,
		spatialprops =
		{
			pos = { 19.3122, 0.959241, 0.436068 },
			orient = { { -0.248686,  0.000000, -0.968584 },
					   {  0.000000,  1.000000,  0.000000 },
					   {  0.968584,  0.000000, -0.248686 } }
		}
	},

	{
		entity_name = "Mrk_Tobias_head",
		type = MARKER,
		template_name = "",
		lt_grp = 0, srt_grp = 0, usr_flg = 0,
		spatialprops =
		{
			pos = { 18.56823, 1.514606, 1.144196 },
			orient = { {  0.235992,  0.000000,  0.971755 },
					   {  0.000000,  1.000000,  0.000000 },
					   { -0.971755,  0.000000,  0.235992 } }
		}
	},

	{
		entity_name = "Camera_CU_Juni",
		type = CAMERA,
		template_name = "",
		lt_grp = 0, srt_grp = 0, usr_flg = 0,
		flags = HIDDEN,
		spatialprops =
		{
			pos = { 18.19964, 1.589975, 0.87192 },
			orient = { {  0.201151,  0.000000,  0.979560 },
					   {  0.081064,  0.996570, -0.016646 },
					   { -0.976200,  0.082755,  0.200461 } }
		},
		cameraprops =
		{
			fovh = 20,
			hvaspect = 1.85,
			nearplane = 0.1,
			farplane = 100000
		}
	},

	{
		entity_name = "Camera_OTS(3)_Tobias",
		type = CAMERA,
		template_name = "",
		lt_grp = 0, srt_grp = 0, usr_flg = 0,
		flags = HIDDEN,
		spatialprops =
		{
			pos = { 19.99462, 1.653905, 0.807043 },
			orient = { { -0.024868,  0.000000, -0.999691 },
					   { -0.165592,  0.986186,  0.004119 },
					   {  0.985881,  0.165643, -0.024525 } }
		},
		cameraprops =
		{
			fovh = 30,
			hvaspect = 1.85,
			nearplane = 0.1,
			farplane = 100000
		}
	},

	{
		entity_name = "Cam_03_Med2_Trent/Juni",
		type = CAMERA,
		template_name = "",
		lt_grp = 0, srt_grp = 0, usr_flg = 0,
		flags = HIDDEN,
		spatialprops =
		{
			pos = { 17.91067, 1.642406, 0.589264 },
			orient = { { -0.376410,  0.000000,  0.926453 },
					   {  0.137476,  0.988929,  0.055855 },
					   { -0.916196,  0.148389, -0.372243 } }
		},
		cameraprops =
		{
			fovh = 30,
			hvaspect = 1.85,
			nearplane = 0.1,
			farplane = 100000
		}
	},

	{
		entity_name = "Cam_13_OTS_Juni",
		type = CAMERA,
		template_name = "",
		lt_grp = 0, srt_grp = 0, usr_flg = 0,
		flags = HIDDEN,
		spatialprops =
		{
			pos = { 17.03057, 1.832361, 0.694633 },
			orient = { { -0.246272,  0.000000,  0.969201 },
					   {  0.250839,  0.965928,  0.063737 },
					   { -0.936178,  0.258810, -0.237881 } }
		},
		cameraprops =
		{
			fovh = 25,
			hvaspect = 1.85,
			nearplane = 0.1,
			farplane = 100000
		}
	},

	{
		entity_name = "prop_maglev",
		type = COMPOUND,
		template_name = "maglev",
		lt_grp = 0, srt_grp = 0, usr_flg = 0,
		flags = LIT_DYNAMIC,
		spatialprops =
		{
			pos = { 23.90333, 1, -2.215845 },
			orient = { { -0.319685,  0.000000, -0.947524 },
					   { -0.947523,  0.001377,  0.319685 },
					   {  0.001305,  0.999999, -0.000440 } }
		},
		userprops =
		{
			category = "Prop",
		}
	},

	{
		entity_name = "Mrk_maglev_stop",
		type = MARKER,
		template_name = "",
		lt_grp = 0, srt_grp = 0, usr_flg = 0,
		spatialprops =
		{
			pos = { 16.66317, 1, -0.379329 },
			orient = { { -0.068358,  0.000193, -0.997661 },
					   { -0.997660,  0.001364,  0.068358 },
					   {  0.001374,  0.999999,  0.000100 } }
		}
	},

	{
		entity_name = "Mrk_maglev_start",
		type = MARKER,
		template_name = "",
		lt_grp = 0, srt_grp = 0, usr_flg = 0,
		spatialprops =
		{
			pos = { 23.90333, 1, -2.215845 },
			orient = { { -0.319685,  0.000000, -0.947524 },
					   { -0.947523,  0.001377,  0.319685 },
					   {  0.001305,  0.999999, -0.000440 } }
		}
	},

	{
		entity_name = "Mrk_Sinclair_stop",
		type = MARKER,
		template_name = "",
		lt_grp = 0, srt_grp = 0, usr_flg = 0,
		spatialprops =
		{
			pos = { 19.14342, 0.959241, -0.335873 },
			orient = { { -0.812959,  0.000000, -0.582321 },
					   {  0.000000,  1.000000,  0.000000 },
					   {  0.582321,  0.000000, -0.812959 } }
		}
	},

	{
		entity_name = "Mrk_maglev_follow",
		type = MARKER,
		template_name = "",
		lt_grp = 0, srt_grp = 0, usr_flg = 0,
		spatialprops =
		{
			pos = { 13.98594, 0.948816, -0.581042 },
			orient = { {  0.074382,  0.000000, -0.997230 },
					   { -0.997229,  0.001377, -0.074381 },
					   {  0.001374,  0.999999,  0.000102 } }
		}
	},

	{
		entity_name = "Mrk_maglev_follow_stop",
		type = MARKER,
		template_name = "",
		lt_grp = 0, srt_grp = 0, usr_flg = 0,
		spatialprops =
		{
			pos = { -7.303252, 0.940856, 8.72013 },
			orient = { {  0.074381,  0.000000, -0.997230 },
					   { -0.997229,  0.001378, -0.074381 },
					   {  0.001374,  0.999999,  0.000102 } }
		}
	},

	{
		entity_name = "prop_maglev_path",
		type = MOTION_PATH,
		template_name = "",
		lt_grp = 0, srt_grp = 0, usr_flg = 0,
		spatialprops =
		{
			pos = { 0, 0, 0 },
			orient = { { 1, 0, 0 }, { 0, 1, 0 }, { 0, 0, 1 } }
		},
		pathprops =
		{
			path_type = "CV_CROrientationSplinePath",
			path_data = "OPEN,{16.663170,1.000000,-0.379329}, {0.482987,-0.482229,0.517113,0.516501}, {11.510610,0.970428,1.334088}, {0.411436,-0.410979,0.575677,0.574816}, {-7.303252,0.940856,8.720130}, {0.347290,-0.346812,0.616505,0.615657}, "
		}
	},

	{
		entity_name = "prop_maglev_MOP",
		type = MOTION_PATH,
		template_name = "",
		lt_grp = 0, srt_grp = 0, usr_flg = 0,
		spatialprops =
		{
			pos = { 23.90333, 1, -2.215845 },
			orient = { { -0.319685,  0.000000, -0.947524 },
					   { -0.947523,  0.001377,  0.319685 },
					   {  0.001305,  0.999999, -0.000440 } }
		},
		pathprops =
		{
			path_type = "CV_CROrientationSplinePath",
			path_data = "OPEN,{-0.004073,-0.000364,-0.000014}, {0.999924,0.000676,0.004503,-0.011473}, {0.000000,0.000000,0.000000}, {1.000000,0.000000,0.000000,0.000000}, {-0.010085,-0.007625,-0.005464}, {0.999308,0.007406,0.019822,-0.030599}, "
		}
	},

	{
		entity_name = "Mrk_Sinclair_walk_orient",
		type = MARKER,
		template_name = "",
		lt_grp = 0, srt_grp = 0, usr_flg = 0,
		spatialprops =
		{
			pos = { 0, 0, 0 },
			orient = { { -0.713530,  0.000000, -0.700624 },
					   {  0.000000,  1.000000,  0.000000 },
					   {  0.700624,  0.000000, -0.713530 } }
		}
	},

	{
		entity_name = "Camera_Alt2_Juni_wu",
		type = CAMERA,
		template_name = "",
		lt_grp = 0, srt_grp = 0, usr_flg = 0,
		flags = HIDDEN,
		spatialprops =
		{
			pos = { 17.78954, 1.135325, -0.25559 },
			orient = { { -0.676847,  0.000000,  0.736124 },
					   { -0.046843,  0.997973, -0.043071 },
					   { -0.734632, -0.063635, -0.675475 } }
		},
		cameraprops =
		{
			fovh = 30,
			hvaspect = 1.85,
			nearplane = 0.1,
			farplane = 100000
		}
	},

	{
		entity_name = "Mrk_maglev_look",
		type = MARKER,
		template_name = "",
		lt_grp = 0, srt_grp = 0, usr_flg = 0,
		spatialprops =
		{
			pos = { 24.94028, 0.999986, -2.539501 },
			orient = { { 1, 0, 0 }, { 0, 1, 0 }, { 0, 0, 1 } }
		}
	},

	{
		entity_name = "Mrk_Juni_Look",
		type = MARKER,
		template_name = "",
		lt_grp = 0, srt_grp = 0, usr_flg = 0,
		spatialprops =
		{
			pos = { 19.2733, 1.579981, 0.654163 },
			orient = { { -0.812997,  0.000000, -0.582268 },
					   {  0.000000,  1.000000,  0.000000 },
					   {  0.582268,  0.000000, -0.812997 } }
		}
	},

	{
		entity_name = "Camera_Move_2_Hi_Wd_b",
		type = CAMERA,
		template_name = "",
		lt_grp = 0, srt_grp = 0, usr_flg = 0,
		spatialprops =
		{
			pos = { 16.95343, 1.46414, 0.385687 },
			orient = { { -0.806240,  0.000000, -0.591589 },
					   { -0.038474,  0.997883,  0.052434 },
					   {  0.590336,  0.065035, -0.804533 } }
		},
		cameraprops =
		{
			fovh = 30,
			hvaspect = 1.85,
			nearplane = 0.1,
			farplane = 100000
		}
	},

	{
		entity_name = "Cam_04_OTS(3)_Tobias_2",
		type = CAMERA,
		template_name = "",
		lt_grp = 0, srt_grp = 0, usr_flg = 0,
		spatialprops =
		{
			pos = { 19.8436, 1.613124, 0.852851 },
			orient = { { -0.070028,  0.000000, -0.997545 },
					   { -0.108514,  0.994066,  0.007618 },
					   {  0.991625,  0.108781, -0.069612 } }
		},
		cameraprops =
		{
			fovh = 30,
			hvaspect = 1.85,
			nearplane = 0.1,
			farplane = 100000
		}
	},

	{
		entity_name = "Cam_10_OTS(3)_Juni/Trent",
		type = CAMERA,
		template_name = "",
		lt_grp = 0, srt_grp = 0, usr_flg = 0,
		spatialprops =
		{
			pos = { 17.35546, 1.787064, 0.830183 },
			orient = { { -0.266767,  0.000151,  0.963761 },
					   {  0.245407,  0.967048,  0.067777 },
					   { -0.931993,  0.254594, -0.258014 } }
		},
		cameraprops =
		{
			fovh = 30,
			hvaspect = 1.85,
			nearplane = 0.1,
			farplane = 100000
		}
	},

	{
		entity_name = "Cam_06_AC2_Tobias/Trent",
		type = CAMERA,
		template_name = "",
		lt_grp = 0, srt_grp = 0, usr_flg = 0,
		spatialprops =
		{
			pos = { 19.30918, 1.732952, 0.502618 },
			orient = { { -0.727268,  0.000000, -0.686353 },
					   { -0.111475,  0.986722,  0.118120 },
					   {  0.677240,  0.162417, -0.717612 } }
		},
		cameraprops =
		{
			fovh = 25,
			hvaspect = 1.85,
			nearplane = 0.1,
			farplane = 100000
		}
	},

	{
		entity_name = "Cam_12_Med2_Trent/Juni_2",
		type = CAMERA,
		template_name = "",
		lt_grp = 0, srt_grp = 0, usr_flg = 0,
		spatialprops =
		{
			pos = { 17.6427, 1.704435, 0.492722 },
			orient = { { -0.338952,  0.000000,  0.940804 },
					   {  0.200196,  0.977097,  0.072127 },
					   { -0.919257,  0.212793, -0.331190 } }
		},
		cameraprops =
		{
			fovh = 30,
			hvaspect = 1.85,
			nearplane = 0.1,
			farplane = 100000
		}
	},

	{
		entity_name = "Cam_05_OTS(3)_Tobias_3(Juni)",
		type = CAMERA,
		template_name = "",
		lt_grp = 0, srt_grp = 0, usr_flg = 0,
		spatialprops =
		{
			pos = { 19.14949, 1.525151, -1.063617 },
			orient = { { -0.960248,  0.000000, -0.279150 },
					   { -0.043015,  0.988057,  0.147966 },
					   {  0.275816,  0.154091, -0.948779 } }
		},
		cameraprops =
		{
			fovh = 30,
			hvaspect = 1.85,
			nearplane = 0.1,
			farplane = 100000
		}
	},

	{
		entity_name = "Cam_10_Path",
		type = MOTION_PATH,
		template_name = "",
		lt_grp = 0, srt_grp = 0, usr_flg = 0,
		spatialprops =
		{
			pos = { 0, 0, 0 },
			orient = { { 1, 0, 0 }, { 0, 1, 0 }, { 0, 0, 1 } }
		},
		pathprops =
		{
			path_type = "CV_CROrientationSplinePath",
			path_data = "OPEN,{16.608282,1.752593,-1.089390}, {-0.401560,0.050795,0.907194,0.114755}, {16.773674,1.757745,0.184262}, {0.534862,-0.068724,-0.835241,-0.107579}, {17.355463,1.787064,0.830183}, {0.600472,-0.077779,-0.789276,-0.102110}, "
		}
	},

	{
		entity_name = "Camera_CU3_Juni",
		type = CAMERA,
		template_name = "",
		lt_grp = 0, srt_grp = 0, usr_flg = 0,
		spatialprops =
		{
			pos = { 18.09565, 1.547332, 0.787896 },
			orient = { { -0.134161,  0.000000,  0.990960 },
					   {  0.101610,  0.994729,  0.013756 },
					   { -0.985736,  0.102537, -0.133453 } }
		},
		cameraprops =
		{
			fovh = 25,
			hvaspect = 1.85,
			nearplane = 0.1,
			farplane = 100000
		}
	},

	{
		entity_name = "Cam_04_CU_Tobias_a",
		type = CAMERA,
		template_name = "",
		lt_grp = 0, srt_grp = 0, usr_flg = 0,
		spatialprops =
		{
			pos = { 19.1231, 1.538999, -0.049255 },
			orient = { { -0.693344,  0.000000, -0.720607 },
					   { -0.053548,  0.997235,  0.051522 },
					   {  0.718614,  0.074309, -0.691427 } }
		},
		cameraprops =
		{
			fovh = 25,
			hvaspect = 1.85,
			nearplane = 0.1,
			farplane = 100000
		}
	},

	{
		entity_name = "Mrk_Camera_CU_Tobias_a",
		type = MARKER,
		template_name = "",
		lt_grp = 0, srt_grp = 0, usr_flg = 0,
		spatialprops =
		{
			pos = { 19.1231, 1.538999, -0.049255 },
			orient = { { -0.693344,  0.000000, -0.720607 },
					   { -0.053548,  0.997235,  0.051522 },
					   {  0.718614,  0.074309, -0.691427 } }
		}
	},

	{
		entity_name = "Cam_01_wide",
		type = CAMERA,
		template_name = "",
		lt_grp = 0, srt_grp = 0, usr_flg = 0,
		spatialprops =
		{
			pos = { 21.95918, 5.502591, -2.088176 },
			orient = { { -0.724798,  0.000000, -0.688961 },
					   { -0.444476,  0.764065,  0.467596 },
					   {  0.526411,  0.645139, -0.553793 } }
		},
		cameraprops =
		{
			fovh = 25,
			hvaspect = 1.85,
			nearplane = 0.1,
			farplane = 100000
		}
	},

	{
		entity_name = "Char_Tobias_fs_ml_steel01_1",
		type = SOUND,
		template_name = "fs_ml_steel01",
		lt_grp = 0, srt_grp = 0, usr_flg = 0,
		spatialprops =
		{
			pos = { 0, 0, 0 },
			orient = { { 1, 0, 0 }, { 0, 1, 0 }, { 0, 0, 1 } }
		},
		audioprops =
		{
			attenuation = -27,
			pan = 30,
			dmin = 50,
			dmax = 300,
			ain = 360,
			aout = 360,
			atout = 0,
		},
		userprops =
		{
			category = "Audio",
			Priority = "Steps_4",
		}
	},

	{
		entity_name = "Char_Tobias_fs_mr_steel02_1",
		type = SOUND,
		template_name = "fs_mr_steel02",
		lt_grp = 0, srt_grp = 0, usr_flg = 0,
		spatialprops =
		{
			pos = { 0, 0, 0 },
			orient = { { 1, 0, 0 }, { 0, 1, 0 }, { 0, 0, 1 } }
		},
		audioprops =
		{
			attenuation = -27,
			pan = 25,
			dmin = 50,
			dmax = 300,
			ain = 360,
			aout = 360,
			atout = 0,
			rmix = 0,
		},
		userprops =
		{
			category = "Audio",
			Priority = "Steps_4",
		}
	},

	{
		entity_name = "Char_Tobias_fs_ml_steel02_2",
		type = SOUND,
		template_name = "fs_ml_steel02",
		lt_grp = 0, srt_grp = 0, usr_flg = 0,
		spatialprops =
		{
			pos = { 0, 0, 0 },
			orient = { { 1, 0, 0 }, { 0, 1, 0 }, { 0, 0, 1 } }
		},
		audioprops =
		{
			attenuation = -27,
			pan = 20,
			dmin = 50,
			dmax = 300,
			ain = 360,
			aout = 360,
			atout = 0,
			rmix = 0,
		},
		userprops =
		{
			category = "Audio",
			Priority = "Steps_4",
		}
	},

	{
		entity_name = "Char_Tobias_sfx_fstop_steel_male01_3",
		type = SOUND,
		template_name = "sfx_fstop_steel_male01",
		lt_grp = 0, srt_grp = 0, usr_flg = 0,
		spatialprops =
		{
			pos = { 0, 0, 0 },
			orient = { { 1, 0, 0 }, { 0, 1, 0 }, { 0, 0, 1 } }
		},
		audioprops =
		{
			attenuation = -20,
			pan = 12,
			dmin = 50,
			dmax = 300,
			ain = 360,
			aout = 360,
			atout = 0,
			rmix = 0,
		},
		userprops =
		{
			category = "Audio",
			Priority = "Steps_4",
		}
	},

	{
		entity_name = "Char_Trent_fs_mr_steel04_4",
		type = SOUND,
		template_name = "fs_mr_steel04",
		lt_grp = 0, srt_grp = 0, usr_flg = 0,
		spatialprops =
		{
			pos = { 0, 0, 0 },
			orient = { { 1, 0, 0 }, { 0, 1, 0 }, { 0, 0, 1 } }
		},
		audioprops =
		{
			attenuation = -26,
			pan = -20,
			dmin = 50,
			dmax = 300,
			ain = 360,
			aout = 360,
			atout = 0,
			rmix = 0,
		},
		userprops =
		{
			category = "Audio",
			Priority = "Steps_4",
		}
	},

	{
		entity_name = "Char_Trent_fs_ml_steel03_5",
		type = SOUND,
		template_name = "fs_ml_steel03",
		lt_grp = 0, srt_grp = 0, usr_flg = 0,
		spatialprops =
		{
			pos = { 0, 0, 0 },
			orient = { { 1, 0, 0 }, { 0, 1, 0 }, { 0, 0, 1 } }
		},
		audioprops =
		{
			attenuation = -26,
			pan = -10,
			dmin = 50,
			dmax = 300,
			ain = 360,
			aout = 360,
			atout = 0,
			rmix = 0,
		},
		userprops =
		{
			category = "Audio",
			Priority = "Steps_4",
		}
	},

	{
		entity_name = "Char_Trent_fs_mr_steel02_6",
		type = SOUND,
		template_name = "fs_mr_steel02",
		lt_grp = 0, srt_grp = 0, usr_flg = 0,
		spatialprops =
		{
			pos = { 0, 0, 0 },
			orient = { { 1, 0, 0 }, { 0, 1, 0 }, { 0, 0, 1 } }
		},
		audioprops =
		{
			attenuation = -26,
			pan = 0,
			dmin = 50,
			dmax = 300,
			ain = 360,
			aout = 360,
			atout = 0,
			rmix = 0,
		},
		userprops =
		{
			category = "Audio",
			Priority = "Steps_4",
		}
	},

	{
		entity_name = "Char_Trent_fs_ml_steel01_7",
		type = SOUND,
		template_name = "fs_ml_steel01",
