duration = 20.000;

entities =
{

	{
		entity_name = "Layer_s037e_decision_Quintaine_br_03_Equip",
		type = SCENE,
		template_name = "",
		lt_grp = 0, srt_grp = 0, usr_flg = 0,
		spatialprops =
		{
			pos = { 0, 0, 0 },
			orient = { { 1, 0, 0 }, { 0, 1, 0 }, { 0, 0, 1 } }
		},
		up = Y_AXIS,
		front = Z_AXIS,
		ambient = { 0, 0, 0 }
	},

	{
		entity_name = "Fixture_Equipment",
		type = DEFORMABLE,
		template_name = "benchmark_male",
		lt_grp = 0, srt_grp = 0, usr_flg = 0,
		flags = HIDDEN,
		spatialprops =
		{
			pos = { 0, -2000, 2000 },
			orient = { { 1, 0, 0 }, { 0, 1, 0 }, { 0, 0, 1 } }
		},
		compoundprops =
		{
			floor_height = -2000
		},
		userprops =
		{
			actor = "Equipment",
			category = "Character",
		}
	},

	{
		entity_name = "Char_Juni",
		type = DEFORMABLE,
		template_name = "juni",
		lt_grp = 0, srt_grp = 0, usr_flg = 0,
		flags = LIT_DYNAMIC,
		spatialprops =
		{
			pos = { 0.629195, 0, 1.470182 },
			orient = { { 1, 0, 0 }, { 0, 1, 0 }, { 0, 0, 1 } }
		},
		compoundprops =
		{
			floor_height = 0
		},
		userprops =
		{
			actor = "juni",
			category = "Character",
		}
	},

	{
		entity_name = "Char_Quintaine",
		type = DEFORMABLE,
		template_name = "quintaine",
		lt_grp = 0, srt_grp = 0, usr_flg = 0,
		flags = LIT_DYNAMIC,
		spatialprops =
		{
			pos = { 1.896247, 0, 0.709512 },
			orient = { { 1, 0, 0 }, { 0, 1, 0 }, { 0, 0, 1 } }
		},
		compoundprops =
		{
			floor_height = 0
		},
		userprops =
		{
			actor = "quintaine",
			category = "Character",
		}
	},

	{
		entity_name = "Char_Sinclair",
		type = DEFORMABLE,
		template_name = "sinclair",
		lt_grp = 0, srt_grp = 0, usr_flg = 0,
		flags = LIT_DYNAMIC,
		spatialprops =
		{
			pos = { 1.24103, 0, 1.176524 },
			orient = { { 1, 0, 0 }, { 0, 1, 0 }, { 0, 0, 1 } }
		},
		compoundprops =
		{
			floor_height = 0
		},
		userprops =
		{
			actor = "sinclair",
			category = "Character",
		}
	},

	{
		entity_name = "Char_Tobias",
		type = DEFORMABLE,
		template_name = "tobias",
		lt_grp = 0, srt_grp = 0, usr_flg = 0,
		flags = LIT_DYNAMIC,
		spatialprops =
		{
			pos = { -0.793139, 0, 1.15144 },
			orient = { { 1, 0, 0 }, { 0, 1, 0 }, { 0, 0, 1 } }
		},
		compoundprops =
		{
			floor_height = 0
		},
		userprops =
		{
			actor = "tobias",
			category = "Character",
		}
	},

	{
		entity_name = "Char_Trent",
		type = DEFORMABLE,
		template_name = "trent",
		lt_grp = 0, srt_grp = 0, usr_flg = 0,
		flags = LIT_DYNAMIC,
		spatialprops =
		{
			pos = { -0.107193, 0, 1.484901 },
			orient = { { 1, 0, 0 }, { 0, 1, 0 }, { 0, 0, 1 } }
		},
		compoundprops =
		{
			floor_height = 0
		},
		userprops =
		{
			actor = "player",
			category = "Character",
		}
	},

	{
		entity_name = "Cam_01_Wide",
		type = CAMERA,
		template_name = "",
		lt_grp = 0, srt_grp = 0, usr_flg = 0,
		spatialprops =
		{
			pos = { 15.10873, 1.399468, 2.17486 },
			orient = { {  0.883034,  0.000000, -0.469308 },
					   { -0.056359,  0.992763, -0.106044 },
					   {  0.465912,  0.120090,  0.876644 } }
		},
		cameraprops =
		{
			fovh = 30,
			hvaspect = 1.85,
			nearplane = 0.1,
			farplane = 100000
		}
	},

	{
		entity_name = "Cam_Monitor_s037e",
		type = MONITOR,
		template_name = "",
		lt_grp = 0, srt_grp = 0, usr_flg = 0,
		userprops =
		{
			Priority = "Monitor_Moving_1",
		}
	},

	{
		entity_name = "Mrk_Juni_location_EndPartA",
		type = MARKER,
		template_name = "",
		lt_grp = 0, srt_grp = 0, usr_flg = 0,
		spatialprops =
		{
			pos = { 12.5514, 0.959242, -0.7835 },
			orient = { { -0.722402,  0.000000,  0.691474 },
					   {  0.000000,  1.000000,  0.000000 },
					   { -0.691474,  0.000000, -0.722402 } }
		}
	},

	{
		entity_name = "Mrk_Trent_location_EndPartA",
		type = MARKER,
		template_name = "",
		lt_grp = 0, srt_grp = 0, usr_flg = 0,
		spatialprops =
		{
			pos = { 12.91052, 0.973156, -0.10058 },
			orient = { {  0.854039,  0.000000,  0.520209 },
					   {  0.000000,  1.000000,  0.000000 },
					   { -0.520209,  0.000000,  0.854039 } }
		}
	},

	{
		entity_name = "Mrk_Quintaine_location_EndPartA",
		type = MARKER,
		template_name = "",
		lt_grp = 0, srt_grp = 0, usr_flg = 0,
		spatialprops =
		{
			pos = { 12.7121, 0.973156, -1.565668 },
			orient = { { -0.572639,  0.000000,  0.819807 },
					   {  0.000000,  1.000000,  0.000000 },
					   { -0.819807,  0.000000, -0.572639 } }
		}
	},

	{
		entity_name = "Mrk_Sinclair_location_EndPartA",
		type = MARKER,
		template_name = "",
		lt_grp = 0, srt_grp = 0, usr_flg = 0,
		spatialprops =
		{
			pos = { 12.52597, 0.959242, -2.446464 },
			orient = { { -0.589023,  0.000000,  0.808116 },
					   {  0.000000,  1.000000,  0.000000 },
					   { -0.808116,  0.000000, -0.589023 } }
		}
	},

	{
		entity_name = "Mrk_Tobias_location_EndPartA",
		type = MARKER,
		template_name = "",
		lt_grp = 0, srt_grp = 0, usr_flg = 0,
		spatialprops =
		{
			pos = { 14.67144, 0.973156, -0.733903 },
			orient = { {  0.241210,  0.000000, -0.970473 },
					   {  0.000000,  1.000000,  0.000000 },
					   {  0.970473,  0.000000,  0.241210 } }
		}
	},

	{
		entity_name = "Mrk_offscreen_location",
		type = MARKER,
		template_name = "",
		lt_grp = 0, srt_grp = 0, usr_flg = 0,
		spatialprops =
		{
			pos = { -38.63345, 0.969072, 1.566048 },
			orient = { { 1, 0, 0 }, { 0, 1, 0 }, { 0, 0, 1 } }
		}
	},

	{
		entity_name = "Cam_Monitor_s037e_static",
		type = MONITOR,
		template_name = "",
		lt_grp = 0, srt_grp = 0, usr_flg = 0,
		userprops =
		{
			Priority = "Monitor_Static_1",
		}
	}
};

events =
{
	{
		0.000, SET_CAMERA, { "Cam_Monitor_s037e", "Cam_01_Wide" }
	},

	{
		0.000, ATTACH_ENTITY, { "Char_Juni", "Mrk_Juni_location_EndPartA" },
		{
			duration = 0.000,
			offset = { 0, 0, 0 },
			up = Y_AXIS,
			front = NEG_Z_AXIS,
			target_part = "",
			target_type = ROOT,
			flags = POSITION + ORIENTATION
		}
	},

	{
		0.000, ATTACH_ENTITY, { "Char_Quintaine", "Mrk_Quintaine_location_EndPartA" },
		{
			duration = 0.000,
			offset = { 0, 0, 0 },
			up = Y_AXIS,
			front = NEG_Z_AXIS,
			target_part = "",
			target_type = ROOT,
			flags = POSITION + ORIENTATION
		}
	},

	{
		0.000, ATTACH_ENTITY, { "Char_Sinclair", "Mrk_Sinclair_location_EndPartA" },
		{
			duration = 0.000,
			offset = { 0, 0, 0 },
			up = Y_AXIS,
			front = NEG_Z_AXIS,
			target_part = "",
			target_type = ROOT,
			flags = POSITION + ORIENTATION
		}
	},

	{
		0.000, ATTACH_ENTITY, { "Char_Tobias", "Mrk_Tobias_location_EndPartA" },
		{
			duration = 0.000,
			offset = { 0, 0, 0 },
			up = Y_AXIS,
			front = NEG_Z_AXIS,
			target_part = "",
			target_type = ROOT,
			flags = POSITION + ORIENTATION
		}
	},

	{
		0.000, ATTACH_ENTITY, { "Char_Trent", "Mrk_Trent_location_EndPartA" },
		{
			duration = 0.000,
			offset = { 0, 0, 0 },
			up = Y_AXIS,
			front = NEG_Z_AXIS,
			target_part = "",
			target_type = ROOT,
			flags = POSITION + ORIENTATION
		}
	},

	{
		0.000, START_MOTION, { "Char_Juni" },
		{
			animation = "Sc_FMBODY_STND_IDLE_SMALL_000LV_xa_05",
			duration = 15.000,
			time_scale = 1,
			weight = 1,
			heading = -1,
			event_flags = 2
		}
	},

	{
		0.000, START_MOTION, { "Char_Quintaine" },
		{
			animation = "Sc_MLBODY_STND_IDLE_SMALL_000LV_xa_05",
			duration = 15.000,
			time_scale = 1,
			weight = 1,
			heading = -1,
			event_flags = 2
		}
	},

	{
		0.000, START_MOTION, { "Char_Sinclair" },
		{
			animation = "Sc_FMBODY_STND_IDLE_MED_000LV_xa_05",
			duration = 15.000,
			time_scale = 1,
			weight = 1,
			heading = -1,
			event_flags = 2
		}
	},

	{
		0.000, START_MOTION, { "Char_Tobias" },
		{
			animation = "Sc_MLBODY_STND_IDLE_BIG_000LV_xa_05",
			duration = 15.000,
			time_scale = 1,
			weight = 1,
			heading = -1,
			event_flags = 2
		}
	},

	{
		0.000, START_MOTION, { "Char_Trent" },
		{
			animation = "Sc_MLBODY_STND_IDLE_MED_000LV_xa_05",
			duration = 15.000,
			time_scale = 1,
			weight = 1,
			heading = -1,
			event_flags = 2
		}
	},

	{
		0.000, SET_CAMERA, { "Cam_Monitor_s037e_static", "Cam_01_Wide" }
	}
};
