duration = 96.361;

entities =
{

	{
		entity_name = "Layer_s038xb_nrml_Kress_hi_01_City",
		type = SCENE,
		template_name = "",
		lt_grp = 0, srt_grp = 0, usr_flg = 0,
		spatialprops =
		{
			pos = { 0, 0, 0 },
			orient = { { 1, 0, 0 }, { 0, 1, 0 }, { 0, 0, 1 } }
		},
		up = Y_AXIS,
		front = Z_AXIS,
		ambient = { 0, 0, 0 }
	},

	{
		entity_name = "Cam_Monitor_s038xb",
		type = MONITOR,
		template_name = "",
		lt_grp = 0, srt_grp = 0, usr_flg = 0,
		userprops =
		{
			Priority = "Monitor_Moving_1",
		}
	},

	{
		entity_name = "dx_s038x_2301_Kress_83",
		type = SOUND,
		template_name = "dx_s038x_2301_Kress",
		lt_grp = 0, srt_grp = 0, usr_flg = 0,
		spatialprops =
		{
			pos = { 0, 0, 0 },
			orient = { { 1, 0, 0 }, { 0, 1, 0 }, { 0, 0, 1 } }
		},
		audioprops =
		{
			attenuation = -1,
			pan = 0,
			dmin = 50,
			dmax = 1000,
			ain = 360,
			aout = 360,
			atout = 0,
			rmix = 0,
		},
		userprops =
		{
			category = "Audio",
		}
	},

	{
		entity_name = "dx_s038x_2401_Quintaine_84",
		type = SOUND,
		template_name = "dx_s038x_2401_Quintaine",
		lt_grp = 0, srt_grp = 0, usr_flg = 0,
		spatialprops =
		{
			pos = { 0, 0, 0 },
			orient = { { 1, 0, 0 }, { 0, 1, 0 }, { 0, 0, 1 } }
		},
		audioprops =
		{
			attenuation = -1,
			pan = 0,
			dmin = 50,
			dmax = 1000,
			ain = 360,
			aout = 360,
			atout = 0,
			rmix = 0,
		},
		userprops =
		{
			category = "Audio",
		}
	},

	{
		entity_name = "dx_s038x_2501_Kress_85",
		type = SOUND,
		template_name = "dx_s038x_2501_Kress",
		lt_grp = 0, srt_grp = 0, usr_flg = 0,
		spatialprops =
		{
			pos = { 0, 0, 0 },
			orient = { { 1, 0, 0 }, { 0, 1, 0 }, { 0, 0, 1 } }
		},
		audioprops =
		{
			attenuation = -1,
			pan = 0,
			dmin = 50,
			dmax = 1000,
			ain = 360,
			aout = 360,
			atout = 0,
			rmix = 0,
		},
		userprops =
		{
			category = "Audio",
		}
	},

	{
		entity_name = "dx_s038x_2601_Trent_86",
		type = SOUND,
		template_name = "dx_s038x_2601_Trent",
		lt_grp = 0, srt_grp = 0, usr_flg = 0,
		spatialprops =
		{
			pos = { 0, 0, 0 },
			orient = { { 1, 0, 0 }, { 0, 1, 0 }, { 0, 0, 1 } }
		},
		audioprops =
		{
			attenuation = -1,
			pan = 0,
			dmin = 50,
			dmax = 1000,
			ain = 360,
			aout = 360,
			atout = 0,
			rmix = 0,
		},
		userprops =
		{
			category = "Audio",
		}
	},

	{
		entity_name = "dx_s038x_2602_Trent_87",
		type = SOUND,
		template_name = "dx_s038x_2602_Trent",
		lt_grp = 0, srt_grp = 0, usr_flg = 0,
		spatialprops =
		{
			pos = { 0, 0, 0 },
			orient = { { 1, 0, 0 }, { 0, 1, 0 }, { 0, 0, 1 } }
		},
		audioprops =
		{
			attenuation = -1,
			pan = 0,
			dmin = 50,
			dmax = 1000,
			ain = 360,
			aout = 360,
			atout = 0,
			rmix = 0,
		},
		userprops =
		{
			category = "Audio",
		}
	},

	{
		entity_name = "dx_s038x_2802_Kress_90",
		type = SOUND,
		template_name = "dx_s038x_2802_Kress",
		lt_grp = 0, srt_grp = 0, usr_flg = 0,
		spatialprops =
		{
			pos = { 0, 0, 0 },
			orient = { { 1, 0, 0 }, { 0, 1, 0 }, { 0, 0, 1 } }
		},
		audioprops =
		{
			attenuation = -1,
			pan = 0,
			dmin = 50,
			dmax = 1000,
			ain = 360,
			aout = 360,
			atout = 0,
			rmix = 0,
		},
		userprops =
		{
			category = "Audio",
		}
	},

	{
		entity_name = "dx_s038x_2803_Kress_91",
		type = SOUND,
		template_name = "dx_s038x_2803_Kress",
		lt_grp = 0, srt_grp = 0, usr_flg = 0,
		spatialprops =
		{
			pos = { 0, 0, 0 },
			orient = { { 1, 0, 0 }, { 0, 1, 0 }, { 0, 0, 1 } }
		},
		audioprops =
		{
			attenuation = -1,
			pan = 0,
			dmin = 50,
			dmax = 1000,
			ain = 360,
			aout = 360,
			atout = 0,
			rmix = 0,
		},
		userprops =
		{
			category = "Audio",
		}
	},

	{
		entity_name = "dx_s038x_2901_Trent_94",
		type = SOUND,
		template_name = "dx_s038x_2901_Trent",
		lt_grp = 0, srt_grp = 0, usr_flg = 0,
		spatialprops =
		{
			pos = { 0, 0, 0 },
			orient = { { 1, 0, 0 }, { 0, 1, 0 }, { 0, 0, 1 } }
		},
		audioprops =
		{
			attenuation = -1,
			pan = 0,
			dmin = 50,
			dmax = 1000,
			ain = 360,
			aout = 360,
			atout = 0,
			rmix = 0,
		},
		userprops =
		{
			category = "Audio",
		}
	},

	{
		entity_name = "dx_s038x_3001_Kress_95",
		type = SOUND,
		template_name = "dx_s038x_3001_Kress",
		lt_grp = 0, srt_grp = 0, usr_flg = 0,
		spatialprops =
		{
			pos = { 0, 0, 0 },
			orient = { { 1, 0, 0 }, { 0, 1, 0 }, { 0, 0, 1 } }
		},
		audioprops =
		{
			attenuation = -1,
			pan = 0,
			dmin = 50,
			dmax = 1000,
			ain = 360,
			aout = 360,
			atout = 0,
			rmix = 0,
		},
		userprops =
		{
			category = "Audio",
		}
	},

	{
		entity_name = "dx_s038x_3101_Trent_96",
		type = SOUND,
		template_name = "dx_s038x_3101_Trent",
		lt_grp = 0, srt_grp = 0, usr_flg = 0,
		spatialprops =
		{
			pos = { 0, 0, 0 },
			orient = { { 1, 0, 0 }, { 0, 1, 0 }, { 0, 0, 1 } }
		},
		audioprops =
		{
			attenuation = -1,
			pan = 0,
			dmin = 50,
			dmax = 1000,
			ain = 360,
			aout = 360,
			atout = 0,
			rmix = 0,
		},
		userprops =
		{
			category = "Audio",
		}
	},

	{
		entity_name = "dx_s038x_3201_Kress_97",
		type = SOUND,
		template_name = "dx_s038x_3201_Kress",
		lt_grp = 0, srt_grp = 0, usr_flg = 0,
		spatialprops =
		{
			pos = { 0, 0, 0 },
			orient = { { 1, 0, 0 }, { 0, 1, 0 }, { 0, 0, 1 } }
		},
		audioprops =
		{
			attenuation = -1,
			pan = 0,
			dmin = 50,
			dmax = 1000,
			ain = 360,
			aout = 360,
			atout = 0,
			rmix = 0,
		},
		userprops =
		{
			category = "Audio",
		}
	},

	{
		entity_name = "dx_s038x_3301_Trent_98",
		type = SOUND,
		template_name = "dx_s038x_3301_Trent",
		lt_grp = 0, srt_grp = 0, usr_flg = 0,
		spatialprops =
		{
			pos = { 0, 0, 0 },
			orient = { { 1, 0, 0 }, { 0, 1, 0 }, { 0, 0, 1 } }
		},
		audioprops =
		{
			attenuation = -1,
			pan = 0,
			dmin = 50,
			dmax = 1000,
			ain = 360,
			aout = 360,
			atout = 0,
			rmix = 0,
		},
		userprops =
		{
			category = "Audio",
		}
	},

	{
		entity_name = "dx_s038x_3402_Kress_100",
		type = SOUND,
		template_name = "dx_s038x_3402_Kress",
		lt_grp = 0, srt_grp = 0, usr_flg = 0,
		spatialprops =
		{
			pos = { 0, 0, 0 },
			orient = { { 1, 0, 0 }, { 0, 1, 0 }, { 0, 0, 1 } }
		},
		audioprops =
		{
			attenuation = -1,
			pan = 0,
			dmin = 50,
			dmax = 1000,
			ain = 360,
			aout = 360,
			atout = 0,
			rmix = 0,
		},
		userprops =
		{
			category = "Audio",
		}
	},

	{
		entity_name = "dx_s038x_3501_juni_101",
		type = SOUND,
		template_name = "dx_s038x_3501_juni",
		lt_grp = 0, srt_grp = 0, usr_flg = 0,
		spatialprops =
		{
			pos = { 0, 0, 0 },
			orient = { { 1, 0, 0 }, { 0, 1, 0 }, { 0, 0, 1 } }
		},
		audioprops =
		{
			attenuation = -1,
			pan = 0,
			dmin = 50,
			dmax = 1000,
			ain = 360,
			aout = 360,
			atout = 0,
			rmix = 0,
		},
		userprops =
		{
			category = "Audio",
		}
	},

	{
		entity_name = "dx_s038x_3601_Kress_102",
		type = SOUND,
		template_name = "dx_s038x_3601_Kress",
		lt_grp = 0, srt_grp = 0, usr_flg = 0,
		spatialprops =
		{
			pos = { 0, 0, 0 },
			orient = { { 1, 0, 0 }, { 0, 1, 0 }, { 0, 0, 1 } }
		},
		audioprops =
		{
			attenuation = -1,
			pan = 0,
			dmin = 50,
			dmax = 1000,
			ain = 360,
			aout = 360,
			atout = 0,
			rmix = 0,
		},
		userprops =
		{
			category = "Audio",
		}
	},

	{
		entity_name = "dx_s038x_3602_Kress_103",
		type = SOUND,
		template_name = "dx_s038x_3602_Kress",
		lt_grp = 0, srt_grp = 0, usr_flg = 0,
		spatialprops =
		{
			pos = { 0, 0, 0 },
			orient = { { 1, 0, 0 }, { 0, 1, 0 }, { 0, 0, 1 } }
		},
		audioprops =
		{
			attenuation = -1,
			pan = 0,
			dmin = 50,
			dmax = 1000,
			ain = 360,
			aout = 360,
			atout = 0,
			rmix = 0,
		},
		userprops =
		{
			category = "Audio",
		}
	},

	{
		entity_name = "dx_s038x_3701_Kress_106",
		type = SOUND,
		template_name = "dx_s038x_3701_Kress",
		lt_grp = 0, srt_grp = 0, usr_flg = 0,
		spatialprops =
		{
			pos = { 0, 0, 0 },
			orient = { { 1, 0, 0 }, { 0, 1, 0 }, { 0, 0, 1 } }
		},
		audioprops =
		{
			attenuation = -1,
			pan = 0,
			dmin = 50,
			dmax = 1000,
			ain = 360,
			aout = 360,
			atout = 0,
			rmix = 0,
		},
		userprops =
		{
			category = "Audio",
		}
	},

	{
		entity_name = "dx_s038x_3702_Kress_107",
		type = SOUND,
		template_name = "dx_s038x_3702_Kress",
		lt_grp = 0, srt_grp = 0, usr_flg = 0,
		spatialprops =
		{
			pos = { 0, 0, 0 },
			orient = { { 1, 0, 0 }, { 0, 1, 0 }, { 0, 0, 1 } }
		},
		audioprops =
		{
			attenuation = -1,
			pan = 0,
			dmin = 50,
			dmax = 1000,
			ain = 360,
			aout = 360,
			atout = 0,
			rmix = 0,
		},
		userprops =
		{
			category = "Audio",
		}
	},

	{
		entity_name = "dx_s038x_3801_Quintaine_108",
		type = SOUND,
		template_name = "dx_s038x_3801_Quintaine",
		lt_grp = 0, srt_grp = 0, usr_flg = 0,
		spatialprops =
		{
			pos = { 0, 0, 0 },
			orient = { { 1, 0, 0 }, { 0, 1, 0 }, { 0, 0, 1 } }
		},
		audioprops =
		{
			attenuation = -1,
			pan = 0,
			dmin = 50,
			dmax = 1000,
			ain = 360,
			aout = 360,
			atout = 0,
			rmix = 0,
		},
		userprops =
		{
			category = "Audio",
		}
	},

	{
		entity_name = "dx_s038x_3901_Trent_109",
		type = SOUND,
		template_name = "dx_s038x_3901_Trent",
		lt_grp = 0, srt_grp = 0, usr_flg = 0,
		spatialprops =
		{
			pos = { 0, 0, 0 },
			orient = { { 1, 0, 0 }, { 0, 1, 0 }, { 0, 0, 1 } }
		},
		audioprops =
		{
			attenuation = -1,
			pan = 0,
			dmin = 50,
			dmax = 1000,
			ain = 360,
			aout = 360,
			atout = 0,
			rmix = 0,
		},
		userprops =
		{
			category = "Audio",
		}
	},

	{
		entity_name = "dx_s038x_4001_sinclair_110",
		type = SOUND,
		template_name = "dx_s038x_4001_sinclair",
		lt_grp = 0, srt_grp = 0, usr_flg = 0,
		spatialprops =
		{
			pos = { 0, 0, 0 },
			orient = { { 1, 0, 0 }, { 0, 1, 0 }, { 0, 0, 1 } }
		},
		audioprops =
		{
			attenuation = -1,
			pan = 0,
			dmin = 50,
			dmax = 1000,
			ain = 360,
			aout = 360,
			atout = 0,
			rmix = 0,
		},
		userprops =
		{
			category = "Audio",
		}
	},

	{
		entity_name = "dx_s038x_4101_Quintaine_112",
		type = SOUND,
		template_name = "dx_s038x_4101_Quintaine",
		lt_grp = 0, srt_grp = 0, usr_flg = 0,
		spatialprops =
		{
			pos = { 0, 0, 0 },
			orient = { { 1, 0, 0 }, { 0, 1, 0 }, { 0, 0, 1 } }
		},
		audioprops =
		{
			attenuation = -1,
			pan = 0,
			dmin = 50,
			dmax = 1000,
			ain = 360,
			aout = 360,
			atout = 0,
			rmix = 0,
		},
		userprops =
		{
			category = "Audio",
		}
	},

	{
		entity_name = "dx_s038x_4103_Quintaine_114",
		type = SOUND,
		template_name = "dx_s038x_4103_Quintaine",
		lt_grp = 0, srt_grp = 0, usr_flg = 0,
		spatialprops =
		{
			pos = { 0, 0, 0 },
			orient = { { 1, 0, 0 }, { 0, 1, 0 }, { 0, 0, 1 } }
		},
		audioprops =
		{
			attenuation = -1,
			pan = 0,
			dmin = 50,
			dmax = 1000,
			ain = 360,
			aout = 360,
			atout = 0,
			rmix = 0,
		},
		userprops =
		{
			category = "Audio",
		}
	},

	{
		entity_name = "dx_s038x_4201_Kress_115",
		type = SOUND,
		template_name = "dx_s038x_4201_Kress",
		lt_grp = 0, srt_grp = 0, usr_flg = 0,
		spatialprops =
		{
			pos = { 0, 0, 0 },
			orient = { { 1, 0, 0 }, { 0, 1, 0 }, { 0, 0, 1 } }
		},
		audioprops =
		{
			attenuation = -1,
			pan = 0,
			dmin = 50,
			dmax = 1000,
			ain = 360,
			aout = 360,
			atout = 0,
			rmix = 0,
		},
		userprops =
		{
			category = "Audio",
		}
	},

	{
		entity_name = "dx_s038x_4202_Kress_116",
		type = SOUND,
		template_name = "dx_s038x_4202_Kress",
		lt_grp = 0, srt_grp = 0, usr_flg = 0,
		spatialprops =
		{
			pos = { 0, 0, 0 },
			orient = { { 1, 0, 0 }, { 0, 1, 0 }, { 0, 0, 1 } }
		},
		audioprops =
		{
			attenuation = -1,
			pan = 0,
			dmin = 50,
			dmax = 1000,
			ain = 360,
			aout = 360,
			atout = 0,
			rmix = 0,
		},
		userprops =
		{
			category = "Audio",
		}
	},

	{
		entity_name = "dx_s038x_4301_Trent_117",
		type = SOUND,
		template_name = "dx_s038x_4301_Trent",
		lt_grp = 0, srt_grp = 0, usr_flg = 0,
		spatialprops =
		{
			pos = { 0, 0, 0 },
			orient = { { 1, 0, 0 }, { 0, 1, 0 }, { 0, 0, 1 } }
		},
		audioprops =
		{
			attenuation = -1,
			pan = 0,
			dmin = 50,
			dmax = 1000,
			ain = 360,
			aout = 360,
			atout = 0,
			rmix = 0,
		},
		userprops =
		{
			category = "Audio",
		}
	},

	{
		entity_name = "dx_s038x_4401_Kress_118",
		type = SOUND,
		template_name = "dx_s038x_4401_Kress",
		lt_grp = 0, srt_grp = 0, usr_flg = 0,
		spatialprops =
		{
			pos = { 0, 0, 0 },
			orient = { { 1, 0, 0 }, { 0, 1, 0 }, { 0, 0, 1 } }
		},
		audioprops =
		{
			attenuation = -1,
			pan = 0,
			dmin = 50,
			dmax = 1000,
			ain = 360,
			aout = 360,
			atout = 0,
			rmix = 0,
		},
		userprops =
		{
			category = "Audio",
		}
	},

	{
		entity_name = "dx_s038x_4501_Trent_119",
		type = SOUND,
		template_name = "dx_s038x_4501_Trent",
		lt_grp = 0, srt_grp = 0, usr_flg = 0,
		spatialprops =
		{
			pos = { 0, 0, 0 },
			orient = { { 1, 0, 0 }, { 0, 1, 0 }, { 0, 0, 1 } }
		},
		audioprops =
		{
			attenuation = -1,
			pan = 0,
			dmin = 50,
			dmax = 1000,
			ain = 360,
			aout = 360,
			atout = 0,
			rmix = 0,
		},
		userprops =
		{
			category = "Audio",
		}
	},

	{
		entity_name = "dx_s038x_4601_juni_120",
		type = SOUND,
		template_name = "dx_s038x_4601_juni",
		lt_grp = 0, srt_grp = 0, usr_flg = 0,
		spatialprops =
		{
			pos = { 0, 0, 0 },
			orient = { { 1, 0, 0 }, { 0, 1, 0 }, { 0, 0, 1 } }
		},
		audioprops =
		{
			attenuation = -1,
			pan = 0,
			dmin = 50,
			dmax = 1000,
			ain = 360,
			aout = 360,
			atout = 0,
			rmix = 0,
		},
		userprops =
		{
			category = "Audio",
		}
	},

	{
		entity_name = "dx_s038x_4701_juni_121",
		type = SOUND,
		template_name = "dx_s038x_4701_juni",
		lt_grp = 0, srt_grp = 0, usr_flg = 0,
		spatialprops =
		{
			pos = { 0, 0, 0 },
			orient = { { 1, 0, 0 }, { 0, 1, 0 }, { 0, 0, 1 } }
		},
		audioprops =
		{
			attenuation = -1,
			pan = 0,
			dmin = 50,
			dmax = 1000,
			ain = 360,
			aout = 360,
			atout = 0,
			rmix = 0,
		},
		userprops =
		{
			category = "Audio",
		}
	},

	{
		entity_name = "Char_Juni",
		type = DEFORMABLE,
		template_name = "juni",
		lt_grp = 0, srt_grp = 0, usr_flg = 0,
		flags = LIT_DYNAMIC,
		spatialprops =
		{
			pos = { -3.821989, 0, 4.873038 },
			orient = { {  0.948455,  0.000000, -0.316913 },
					   {  0.000000,  1.000000,  0.000000 },
					   {  0.316913,  0.000000,  0.948455 } }
		},
		compoundprops =
		{
			floor_height = 0
		},
		userprops =
		{
			actor = "juni",
			category = "Character",
		}
	},

	{
		entity_name = "Char_Kress",
		type = DEFORMABLE,
		template_name = "kress",
		lt_grp = 0, srt_grp = 0, usr_flg = 0,
		flags = LIT_DYNAMIC,
		spatialprops =
		{
			pos = { -3.019848, 0, -0.08718 },
			orient = { { -0.019085,  0.000000, -0.999818 },
					   {  0.000000,  1.000000,  0.000000 },
					   {  0.999818,  0.000000, -0.019085 } }
		},
		compoundprops =
		{
			floor_height = 0
		},
		userprops =
		{
			actor = "kress",
			category = "Character",
		}
	},

	{
		entity_name = "Char_Quintane",
		type = DEFORMABLE,
		template_name = "quintaine",
		lt_grp = 0, srt_grp = 0, usr_flg = 0,
		flags = LIT_DYNAMIC,
		spatialprops =
		{
			pos = { -4.239313, 0, -0.480805 },
			orient = { { -0.229340,  0.000000,  0.973346 },
					   {  0.000000,  1.000000,  0.000000 },
					   { -0.973346,  0.000000, -0.229340 } }
		},
		compoundprops =
		{
			floor_height = 0
		},
		userprops =
		{
			actor = "quintaine",
			category = "Character",
		}
	},

	{
		entity_name = "Char_Sinclair",
		type = DEFORMABLE,
		template_name = "sinclair",
		lt_grp = 0, srt_grp = 0, usr_flg = 0,
		flags = LIT_DYNAMIC,
		spatialprops =
		{
			pos = { -4.52845, 0, -1.664534 },
			orient = { { -0.451270,  0.000000,  0.892387 },
					   {  0.000000,  1.000000,  0.000000 },
					   { -0.892387,  0.000000, -0.451270 } }
		},
		compoundprops =
		{
			floor_height = 0
		},
		userprops =
		{
			actor = "sinclair",
			category = "Character",
		}
	},

	{
		entity_name = "Char_Trent",
		type = DEFORMABLE,
		template_name = "trent",
		lt_grp = 0, srt_grp = 0, usr_flg = 0,
		flags = LIT_DYNAMIC,
		spatialprops =
		{
			pos = { -3.308342, 0, 5.200605 },
			orient = { {  0.941672,  0.000000,  0.336532 },
					   {  0.000000,  1.000000,  0.000000 },
					   { -0.336532,  0.000000,  0.941672 } }
		},
		compoundprops =
		{
			floor_height = 0
		},
		userprops =
		{
			actor = "player",
			category = "Character",
		}
	},

	{
		entity_name = "Char_Kress_MKWlkAlign_13sec",
		type = MARKER,
		template_name = "",
		lt_grp = 0, srt_grp = 0, usr_flg = 0,
		spatialprops =
		{
			pos = { -2.154424, 0.972884, 4.69492 },
			orient = { {  0.935121,  0.000000,  0.354329 },
					   {  0.000000,  1.000000,  0.000000 },
					   { -0.354329,  0.000000,  0.935121 } }
		}
	},

	{
		entity_name = "Char_Trent_MKSitAlign_10sec",
		type = MARKER,
		template_name = "",
		lt_grp = 0, srt_grp = 0, usr_flg = 0,
		spatialprops =
		{
			pos = { -2.814114, 0.545784, 4.657177 },
			orient = { {  0.831038,  0.000000, -0.556216 },
					   {  0.000000,  1.000000,  0.000000 },
					   {  0.556216,  0.000000,  0.831038 } }
		}
	},

	{
		entity_name = "Char_Kress_MKStdAlign_18sec",
		type = MARKER,
		template_name = "",
		lt_grp = 0, srt_grp = 0, usr_flg = 0,
		spatialprops =
		{
			pos = { -2.373006, 0.972088, 4.924152 },
			orient = { {  0.470362,  0.000000, -0.882473 },
					   {  0.000000,  1.000000,  0.000000 },
					   {  0.882473,  0.000000,  0.470362 } }
		}
	},

	{
		entity_name = "Char_Kress_MKSitAlign_27sec",
		type = MARKER,
		template_name = "",
		lt_grp = 0, srt_grp = 0, usr_flg = 0,
		spatialprops =
		{
			pos = { -3.189541, 0.972088, 2.551267 },
			orient = { { -0.783121,  0.000000, -0.621870 },
					   {  0.000000,  1.000000,  0.000000 },
					   {  0.621870,  0.000000, -0.783121 } }
		}
	},

	{
		entity_name = "Char_Juni_MKSitAlign_10sec",
		type = MARKER,
		template_name = "",
		lt_grp = 0, srt_grp = 0, usr_flg = 0,
		spatialprops =
		{
			pos = { -4.315624, 0.53515, 4.480195 },
			orient = { {  0.407384,  0.000000,  0.913257 },
					   {  0.000000,  1.000000,  0.000000 },
					   { -0.913257,  0.000000,  0.407384 } }
		}
	},

	{
		entity_name = "Char_Sinclair_MKWlkAlign_50sec",
		type = MARKER,
		template_name = "",
		lt_grp = 0, srt_grp = 0, usr_flg = 0,
		spatialprops =
		{
			pos = { -3.202666, 0.960122, 0.211141 },
			orient = { { -0.909150,  0.000000, -0.416468 },
					   {  0.000000,  1.000000,  0.000000 },
					   {  0.416468,  0.000000, -0.909150 } }
		}
	},

	{
		entity_name = "Char_Quintane_MKWlkAlign_50sec",
		type = MARKER,
		template_name = "",
		lt_grp = 0, srt_grp = 0, usr_flg = 0,
		spatialprops =
		{
			pos = { -2.280816, 0.972931, 0.984718 },
			orient = { { -0.733091,  0.000000, -0.680130 },
					   {  0.000000,  1.000000,  0.000000 },
					   {  0.680130,  0.000000, -0.733091 } }
		}
	},

	{
		entity_name = "Cam_01_LetMeOffer_01",
		type = CAMERA,
		template_name = "",
		lt_grp = 0, srt_grp = 0, usr_flg = 0,
		spatialprops =
		{
			pos = { -4.522211, 1.684653, 6.712914 },
			orient = { {  0.928505,  0.000000,  0.371320 },
					   {  0.059325,  0.987155, -0.148345 },
					   { -0.366550,  0.159767,  0.916578 } }
		},
		cameraprops =
		{
			fovh = 25,
			hvaspect = 1.85,
			nearplane = 0.2,
			farplane = 1000
		}
	},

	{
		entity_name = "Cam_01_LetMeOffer_02",
		type = CAMERA,
		template_name = "",
		lt_grp = 0, srt_grp = 0, usr_flg = 0,
		spatialprops =
		{
			pos = { -4.26704, 1.631572, 2.675643 },
			orient = { {  0.973594,  0.000000,  0.228285 },
					   {  0.035463,  0.987860, -0.151245 },
					   { -0.225513,  0.155347,  0.961775 } }
		},
		cameraprops =
		{
			fovh = 25,
			hvaspect = 1.85,
			nearplane = 0.2,
			farplane = 1000
		}
	},

	{
		entity_name = "Cam_02_YouSee_01",
		type = CAMERA,
		template_name = "",
		lt_grp = 0, srt_grp = 0, usr_flg = 0,
		spatialprops =
		{
			pos = { -3.959022, 0.875493, 7.100561 },
			orient = { {  0.990652,  0.000000,  0.136411 },
					   { -0.003588,  0.999654,  0.026060 },
					   { -0.136364, -0.026305,  0.990309 } }
		},
		cameraprops =
		{
			fovh = 20,
			hvaspect = 1.85,
			nearplane = 0.2,
			farplane = 1000
		}
	},

	{
		entity_name = "Cam_02_YouSee_02",
		type = CAMERA,
		template_name = "",
		lt_grp = 0, srt_grp = 0, usr_flg = 0,
		spatialprops =
		{
			pos = { -3.959718, 1.069703, 7.10564 },
			orient = { {  0.991238,  0.000000,  0.132085 },
					   { -0.003474,  0.999654,  0.026074 },
					   { -0.132040, -0.026305,  0.990895 } }
		},
		cameraprops =
		{
			fovh = 20,
			hvaspect = 1.85,
			nearplane = 0.2,
			farplane = 1000
		}
	},

	{
		entity_name = "Cam_03_Discovery",
		type = CAMERA,
		template_name = "",
		lt_grp = 0, srt_grp = 0, usr_flg = 0,
		spatialprops =
		{
			pos = { -3.837582, 1.590083, 4.604496 },
			orient = { {  0.864997,  0.000000,  0.501777 },
					   {  0.017477,  0.999393, -0.030127 },
					   { -0.501472,  0.034829,  0.864472 } }
		},
		cameraprops =
		{
			fovh = 20,
			hvaspect = 1.85,
			nearplane = 0.2,
			farplane = 1000
		}
	},

	{
		entity_name = "Cam_04_WhatEnemies",
		type = CAMERA,
		template_name = "",
		lt_grp = 0, srt_grp = 0, usr_flg = 0,
		spatialprops =
		{
			pos = { -3.960399, 1.176871, 2.472941 },
			orient = { { -0.765649,  0.000000,  0.643259 },
					   {  0.046430,  0.997392,  0.055264 },
					   { -0.641581,  0.072180, -0.763652 } }
		},
		cameraprops =
		{
			fovh = 20,
			hvaspect = 1.85,
			nearplane = 0.2,
			farplane = 1000
		}
	},

	{
		entity_name = "Cam_05_WhoWork",
		type = CAMERA,
		template_name = "",
		lt_grp = 0, srt_grp = 0, usr_flg = 0,
		spatialprops =
		{
			pos = { -3.491818, 1.22109, 3.452247 },
			orient = { { -0.792900,  0.000000,  0.609352 },
					   {  0.038394,  0.998013,  0.049960 },
					   { -0.608141,  0.063009, -0.791324 } }
		},
		cameraprops =
		{
			fovh = 20,
			hvaspect = 1.85,
			nearplane = 0.2,
			farplane = 1000
		}
	},

	{
		entity_name = "Cam_06_TheOrder_01",
		type = CAMERA,
		template_name = "",
		lt_grp = 0, srt_grp = 0, usr_flg = 0,
		spatialprops =
		{
			pos = { -6.012326, 1.114488, 3.71917 },
			orient = { { -0.084952,  0.000000,  0.996385 },
					   {  0.093449,  0.995592,  0.007967 },
					   { -0.991993,  0.093788, -0.084577 } }
		},
		cameraprops =
		{
			fovh = 25,
			hvaspect = 1.85,
			nearplane = 0.2,
			farplane = 1000
		}
	},

	{
		entity_name = "Cam_07_WhyAttacks",
		type = CAMERA,
		template_name = "",
		lt_grp = 0, srt_grp = 0, usr_flg = 0,
		spatialprops =
		{
			pos = { -3.563063, 1.056627, 3.45022 },
			orient = { { -0.880777,  0.000000, -0.473531 },
					   { -0.022959,  0.998824,  0.042705 },
					   {  0.472974,  0.048485, -0.879741 } }
		},
		cameraprops =
		{
			fovh = 25,
			hvaspect = 1.85,
			nearplane = 0.2,
			farplane = 1000
		}
	},

	{
		entity_name = "Cam_08_NotGuilty",
		type = CAMERA,
		template_name = "",
		lt_grp = 0, srt_grp = 0, usr_flg = 0,
		spatialprops =
		{
			pos = { -4.841413, 1.10714, 4.55793 },
			orient = { {  0.410366,  0.000000,  0.911921 },
					   {  0.041395,  0.998969, -0.018628 },
					   { -0.910981,  0.045394,  0.409943 } }
		},
		cameraprops =
		{
			fovh = 20,
			hvaspect = 1.85,
			nearplane = 0.2,
			farplane = 1000
		}
	},

	{
		entity_name = "Cam_09_Hospitality_01",
		type = CAMERA,
		template_name = "",
		lt_grp = 0, srt_grp = 0, usr_flg = 0,
		spatialprops =
		{
			pos = { -3.951101, 5.40498, 5.32992 },
			orient = { {  0.883739,  0.282290, -0.373252 },
					   { -0.434273,  0.197472, -0.878869 },
					   { -0.174389,  0.938785,  0.297105 } }
		},
		cameraprops =
		{
			fovh = 23,
			hvaspect = 1.85,
			nearplane = 0.2,
			farplane = 1000
		}
	},

	{
		entity_name = "Cam_10_Overlooked",
		type = CAMERA,
		template_name = "",
		lt_grp = 0, srt_grp = 0, usr_flg = 0,
		spatialprops =
		{
			pos = { -3.387747, 1.19227, 5.535469 },
			orient = { {  0.993195,  0.000000,  0.116461 },
					   {  0.002029,  0.999848, -0.017304 },
					   { -0.116443,  0.017423,  0.993044 } }
		},
		cameraprops =
		{
			fovh = 25,
			hvaspect = 1.85,
			nearplane = 0.2,
			farplane = 1000
		}
	},

	{
		entity_name = "Cam_11_Parchment",
		type = CAMERA,
		template_name = "",
		lt_grp = 0, srt_grp = 0, usr_flg = 0,
		spatialprops =
		{
			pos = { -4.537853, 1.586355, 4.744758 },
			orient = { {  0.939219,  0.000000,  0.343318 },
					   {  0.025243,  0.997293, -0.069058 },
					   { -0.342389,  0.073527,  0.936677 } }
		},
		cameraprops =
		{
			fovh = 20,
			hvaspect = 1.85,
			nearplane = 0.1,
			farplane = 1000
		}
	},

	{
		entity_name = "Cam_12_VeryWell",
		type = CAMERA,
		template_name = "",
		lt_grp = 0, srt_grp = 0, usr_flg = 0,
		spatialprops =
		{
			pos = { -4.098808, 1.184797, 5.697138 },
			orient = { {  0.978173,  0.000000,  0.207791 },
					   {  0.006245,  0.999548, -0.029398 },
					   { -0.207697,  0.030054,  0.977731 } }
		},
		cameraprops =
		{
			fovh = 25,
			hvaspect = 1.85,
			nearplane = 0.2,
			farplane = 1000
		}
	},

	{
		entity_name = "Cam_13_NoDice_01",
		type = CAMERA,
		template_name = "",
		lt_grp = 0, srt_grp = 0, usr_flg = 0,
		spatialprops =
		{
			pos = { -3.44049, 1.240265, 3.441149 },
			orient = { { -0.865614,  0.000000,  0.500712 },
					   {  0.014665,  0.999571,  0.025352 },
					   { -0.500497,  0.029288, -0.865243 } }
		},
		cameraprops =
		{
			fovh = 15,
			hvaspect = 1.85,
			nearplane = 0.2,
			farplane = 1000
		}
	},

	{
		entity_name = "Char_Trent_MKStndAlign_85sec",
		type = MARKER,
		template_name = "",
		lt_grp = 0, srt_grp = 0, usr_flg = 0,
		spatialprops =
		{
			pos = { -2.268349, 0.973043, 4.306956 },
			orient = { {  0.558676,  0.000000, -0.829386 },
					   {  0.000000,  1.000000,  0.000000 },
					   {  0.829386,  0.000000,  0.558676 } }
		}
	},

	{
		entity_name = "Char_Juni_MKStndAlign_93sec",
		type = MARKER,
		template_name = "",
		lt_grp = 0, srt_grp = 0, usr_flg = 0,
		spatialprops =
		{
			pos = { -4.313716, 0.54465, 4.490529 },
			orient = { {  0.734089,  0.000000,  0.679053 },
					   {  0.000000,  1.000000,  0.000000 },
					   { -0.679053,  0.000000,  0.734089 } }
		}
	},

	{
		entity_name = "Char_Sinclair_MKWlkAlign_7sec",
		type = MARKER,
		template_name = "",
		lt_grp = 0, srt_grp = 0, usr_flg = 0,
		spatialprops =
		{
			pos = { -3.897663, 0.956223, -1.319551 },
			orient = { { -0.285933,  0.000000,  0.958250 },
					   {  0.000000,  1.000000,  0.000000 },
					   { -0.958250,  0.000000, -0.285933 } }
		}
	},

	{
		entity_name = "Cam_06_TheOrder_02",
		type = CAMERA,
		template_name = "",
		lt_grp = 0, srt_grp = 0, usr_flg = 0,
		spatialprops =
		{
			pos = { -5.138474, 1.019198, 3.822737 },
			orient = { {  0.011259,  0.000000,  0.999937 },
					   {  0.058918,  0.998263, -0.000663 },
					   { -0.998199,  0.058922,  0.011240 } }
		},
		cameraprops =
		{
			fovh = 25,
			hvaspect = 1.85,
			nearplane = 0.2,
			farplane = 1000
		}
	},

	{
		entity_name = "Char_Quintane_MKOffscreen_16sec",
		type = MARKER,
		template_name = "",
		lt_grp = 0, srt_grp = 0, usr_flg = 0,
		spatialprops =
		{
			pos = { 4.833405, 0.972931, 0.863935 },
			orient = { {  0.855589,  0.000000,  0.517655 },
					   {  0.000000,  1.000000,  0.000000 },
					   { -0.517655,  0.000000,  0.855589 } }
		}
	},

	{
		entity_name = "Char_Sinclair_MKOffscreen_16sec",
		type = MARKER,
		template_name = "",
		lt_grp = 0, srt_grp = 0, usr_flg = 0,
		spatialprops =
		{
			pos = { 5.659328, 0.960122, -0.480237 },
			orient = { { -0.985525,  0.000000, -0.169528 },
					   {  0.000000,  1.000000,  0.000000 },
					   {  0.169528,  0.000000, -0.985525 } }
		}
	},

	{
		entity_name = "Cam_09_Hospitality_02",
		type = CAMERA,
		template_name = "",
		lt_grp = 0, srt_grp = 0, usr_flg = 0,
		spatialprops =
		{
			pos = { -3.441856, 3.25635, 7.790018 },
			orient = { {  0.972579,  0.208168, -0.103712 },
					   { -0.232564,  0.874351, -0.425938 },
					   {  0.002014,  0.438378,  0.898788 } }
		},
		cameraprops =
		{
			fovh = 23,
			hvaspect = 1.85,
			nearplane = 0.2,
			farplane = 1000
		}
	},

	{
		entity_name = "Cam_13_NoDice_02",
		type = CAMERA,
		template_name = "",
		lt_grp = 0, srt_grp = 0, usr_flg = 0,
		spatialprops =
		{
			pos = { -3.824269, 0.967731, 3.069218 },
			orient = { { -0.620263,  0.000000,  0.784394 },
					   { -0.307281,  0.920075, -0.242983 },
					   { -0.721701, -0.391743, -0.570688 } }
		},
		cameraprops =
		{
			fovh = 15,
			hvaspect = 1.85,
			nearplane = 0.2,
			farplane = 1000
		}
	},

	{
		entity_name = "Cam_14_TrustMe",
		type = CAMERA,
		template_name = "",
		lt_grp = 0, srt_grp = 0, usr_flg = 0,
		spatialprops =
		{
			pos = { -4.10928, 1.107708, 3.95392 },
			orient = { {  0.485221,  0.000000,  0.874391 },
					   { -0.044798,  0.998687,  0.024860 },
					   { -0.873243, -0.051233,  0.484584 } }
		},
		cameraprops =
		{
			fovh = 15,
			hvaspect = 1.85,
			nearplane = 0.2,
			farplane = 1000
		}
	},

	{
		entity_name = "Cam_15_DenyMe",
		type = CAMERA,
		template_name = "",
		lt_grp = 0, srt_grp = 0, usr_flg = 0,
		spatialprops =
		{
			pos = { -4.152223, 0.94722, 6.339589 },
			orient = { {  0.963616,  0.000000,  0.267290 },
					   { -0.026323,  0.995139,  0.094899 },
					   { -0.265991, -0.098482,  0.958932 } }
		},
		cameraprops =
		{
			fovh = 25,
			hvaspect = 1.85,
			nearplane = 0.2,
			farplane = 1000
		}
	},

	{
		entity_name = "Cam_16_OrMe",
		type = CAMERA,
		template_name = "",
		lt_grp = 0, srt_grp = 0, usr_flg = 0,
		spatialprops =
		{
			pos = { -6.278871, 0.985156, 5.332703 },
			orient = { {  0.490340,  0.000000,  0.871531 },
					   { -0.080799,  0.995693,  0.045459 },
					   { -0.867778, -0.092709,  0.488228 } }
		},
		cameraprops =
		{
			fovh = 25,
			hvaspect = 1.85,
			nearplane = 0.2,
			farplane = 1000
		}
	},

	{
		entity_name = "Char_Trent_MKLookAtKress",
		type = MARKER,
		template_name = "",
		lt_grp = 0, srt_grp = 0, usr_flg = 0,
		spatialprops =
		{
			pos = { -3.193228, 1.100517, 3.69065 },
			orient = { {  0.831038,  0.000000, -0.556216 },
					   {  0.000000,  1.000000,  0.000000 },
					   {  0.556216,  0.000000,  0.831038 } }
		}
	},

	{
		entity_name = "Char_Trent_MKLookAtJuni",
		type = MARKER,
		template_name = "",
		lt_grp = 0, srt_grp = 0, usr_flg = 0,
		spatialprops =
		{
			pos = { -3.778743, 1.100517, 4.118344 },
			orient = { {  0.831038,  0.000000, -0.556216 },
					   {  0.000000,  1.000000,  0.000000 },
					   {  0.556216,  0.000000,  0.831038 } }
		}
	},

	{
		entity_name = "Char_Kress_MKLookAtQuintane",
		type = MARKER,
		template_name = "",
		lt_grp = 0, srt_grp = 0, usr_flg = 0,
		spatialprops =
		{
			pos = { -3.45351, 1.401489, 2.812081 },
			orient = { { -0.783121,  0.000000, -0.621870 },
					   {  0.000000,  1.000000,  0.000000 },
					   {  0.621870,  0.000000, -0.783121 } }
		}
	},

	{
		entity_name = "Char_Quintane_MKLookAtKress",
		type = MARKER,
		template_name = "",
		lt_grp = 0, srt_grp = 0, usr_flg = 0,
		spatialprops =
		{
			pos = { -3.163824, 1.4915, 3.470865 },
			orient = { { -0.759266,  0.000000, -0.650781 },
					   {  0.000000,  1.000000,  0.000000 },
					   {  0.650781,  0.000000, -0.759266 } }
		}
	},

	{
		entity_name = "Char_Quintane_MKLookAtSinclair",
		type = MARKER,
		template_name = "",
		lt_grp = 0, srt_grp = 0, usr_flg = 0,
		spatialprops =
		{
			pos = { -3.955909, 1.4915, 2.942846 },
			orient = { { -0.759266,  0.000000, -0.650781 },
					   {  0.000000,  1.000000,  0.000000 },
					   {  0.650781,  0.000000, -0.759266 } }
		}
	},

	{
		entity_name = "Char_Trent_MKLookAtJuni_Standing",
		type = MARKER,
		template_name = "",
		lt_grp = 0, srt_grp = 0, usr_flg = 0,
		spatialprops =
		{
			pos = { -3.799163, 1.51722, 4.473109 },
			orient = { {  0.831038,  0.000000, -0.556216 },
					   {  0.000000,  1.000000,  0.000000 },
					   {  0.556216,  0.000000,  0.831038 } }
		}
	},

	{
		entity_name = "Char_Kress_MK_facilities_L_Arm",
		type = MARKER,
		template_name = "",
		lt_grp = 0, srt_grp = 0, usr_flg = 0,
		spatialprops =
		{
			pos = { -2.212766, 0.97292, 0.127743 },
			orient = { { -0.019085,  0.000000, -0.999818 },
					   {  0.000000,  1.000000,  0.000000 },
					   {  0.999818,  0.000000, -0.019085 } }
		}
	},

	{
		entity_name = "Cam_02_YouSee_02_ALT",
		type = CAMERA,
		template_name = "",
		lt_grp = 0, srt_grp = 0, usr_flg = 0,
		spatialprops =
		{
			pos = { -5.66158, 1.117757, 5.60464 },
			orient = { {  0.561315,  0.000000,  0.827602 },
					   { -0.012895,  0.999879,  0.008746 },
					   { -0.827502, -0.015581,  0.561247 } }
		},
		cameraprops =
		{
			fovh = 20,
			hvaspect = 1.85,
			nearplane = 0.2,
			farplane = 1000
		}
	},

	{
		entity_name = "Cam_03_Discovery_OTS",
		type = CAMERA,
		template_name = "",
		lt_grp = 0, srt_grp = 0, usr_flg = 0,
		spatialprops =
		{
			pos = { -3.028996, 1.152941, 5.17006 },
			orient = { {  0.993878,  0.000000,  0.110486 },
					   { -0.014055,  0.991876,  0.126429 },
					   { -0.109589, -0.127208,  0.985803 } }
		},
		cameraprops =
		{
			fovh = 20,
			hvaspect = 1.85,
			nearplane = 0.2,
			farplane = 1000
		}
	},

	{
		entity_name = "Cam_09_b_Hospitality",
		type = CAMERA,
		template_name = "",
		lt_grp = 0, srt_grp = 0, usr_flg = 0,
		spatialprops =
		{
			pos = { -3.684768, 1.186047, 3.854728 },
			orient = { {  0.558750,  0.000000,  0.829336 },
					   { -0.002589,  0.999995,  0.001744 },
					   { -0.829332, -0.003122,  0.558747 } }
		},
		cameraprops =
		{
			fovh = 20,
			hvaspect = 1.85,
			nearplane = 0.2,
			farplane = 1000
		}
	},

	{
		entity_name = "Cam_09_c_Hospitality",
		type = CAMERA,
		template_name = "",
		lt_grp = 0, srt_grp = 0, usr_flg = 0,
		spatialprops =
		{
			pos = { -3.538748, 1.41775, 0.786872 },
			orient = { { -0.997199,  0.000000,  0.074796 },
					   {  0.013945,  0.982467,  0.185914 },
					   { -0.073484,  0.186436, -0.979715 } }
		},
		cameraprops =
		{
			fovh = 20,
			hvaspect = 1.85,
			nearplane = 0.1,
			farplane = 1000
		}
	},

	{
		entity_name = "Cam_09_b_Hospitality_END",
		type = CAMERA,
		template_name = "",
		lt_grp = 0, srt_grp = 0, usr_flg = 0,
		spatialprops =
		{
			pos = { -3.667611, 1.177807, 3.878814 },
			orient = { {  0.956015,  0.000000,  0.293318 },
					   { -0.062192,  0.977263,  0.202703 },
					   { -0.286649, -0.212029,  0.934278 } }
		},
		cameraprops =
		{
			fovh = 20,
			hvaspect = 1.85,
			nearplane = 0.1,
			farplane = 1000
		}
	},

	{
		entity_name = "Cam_15_b_DenyMe",
		type = CAMERA,
		template_name = "",
		lt_grp = 0, srt_grp = 0, usr_flg = 0,
		spatialprops =
		{
			pos = { -3.699136, 0.816781, 2.497513 },
			orient = { { -0.721153,  0.000000,  0.692776 },
					   { -0.241875,  0.937071, -0.251783 },
					   { -0.649180, -0.349140, -0.675771 } }
		},
		cameraprops =
		{
			fovh = 20,
			hvaspect = 1.85,
			nearplane = 0.1,
			farplane = 1000
		}
	},

	{
		entity_name = "Char_Trent_MKLookAtKress_Going",
		type = MARKER,
		template_name = "",
		lt_grp = 0, srt_grp = 0, usr_flg = 0,
		spatialprops =
		{
			pos = { -2.879129, 1.48616, 3.175067 },
			orient = { { -0.992008,  0.000000, -0.126178 },
					   {  0.000000,  1.000000,  0.000000 },
					   {  0.126178,  0.000000, -0.992008 } }
		}
	},

	{
		entity_name = "Cam_01_a_LetMeOffer",
		type = CAMERA,
		template_name = "",
		lt_grp = 0, srt_grp = 0, usr_flg = 0,
		spatialprops =
		{
			pos = { -5.007608, 1.623434, -0.081753 },
			orient = { {  0.186766,  0.000000,  0.982404 },
					   {  0.057241,  0.998301, -0.010882 },
					   { -0.980735,  0.058267,  0.186449 } }
		},
		cameraprops =
		{
			fovh = 20,
			hvaspect = 1.85,
			nearplane = 0.1,
			farplane = 1000
		}
	},

	{
		entity_name = "Cam_01_b_LetMeOffer",
		type = CAMERA,
		template_name = "",
		lt_grp = 0, srt_grp = 0, usr_flg = 0,
		spatialprops =
		{
			pos = { -3.019255, 1.609306, 0.56473 },
			orient = { {  0.776041,  0.000000, -0.630682 },
					   { -0.029120,  0.998933, -0.035832 },
					   {  0.630009,  0.046173,  0.775214 } }
		},
		cameraprops =
		{
			fovh = 20,
			hvaspect = 1.85,
			nearplane = 0.1,
			farplane = 1000
		}
	},

	{
		entity_name = "Char_Quintane_MK_Pivot_45_to_Kress",
		type = MARKER,
		template_name = "",
		lt_grp = 0, srt_grp = 0, usr_flg = 0,
		spatialprops =
		{
			pos = { 3.970651, 0.936836, 0.160045 },
			orient = { {  0.027871,  0.000000, -0.999611 },
					   {  0.000000,  1.000000,  0.000000 },
					   {  0.999611,  0.000000,  0.027871 } }
		}
	},

	{
		entity_name = "Char_Quintane_MK_Pivot_90_to_Kress",
		type = MARKER,
		template_name = "",
		lt_grp = 0, srt_grp = 0, usr_flg = 0,
		spatialprops =
		{
			pos = { 3.970651, 0.936836, 0.160045 },
			orient = { { -0.503464,  0.000000, -0.864016 },
					   {  0.000000,  1.000000,  0.000000 },
					   {  0.864016,  0.000000, -0.503464 } }
		}
	},

	{
		entity_name = "Char_Trent_MK_as_you_Say_LArm",
		type = MARKER,
		template_name = "",
		lt_grp = 0, srt_grp = 0, usr_flg = 0,
		spatialprops =
		{
			pos = { -2.638181, 1.085966, 3.444635 },
			orient = { {  0.977761,  0.000000, -0.209724 },
					   {  0.000000,  1.000000,  0.000000 },
					   {  0.209724,  0.000000,  0.977761 } }
		}
	},

	{
		entity_name = "Char_Trent_MK_as_you_Say_U_Arm",
		type = MARKER,
		template_name = "",
		lt_grp = 0, srt_grp = 0, usr_flg = 0,
		spatialprops =
		{
			pos = { -2.43205, 1.255997, 3.793864 },
			orient = { {  0.532386,  0.000000, -0.846502 },
					   {  0.000000,  1.000000,  0.000000 },
					   {  0.846502,  0.000000,  0.532386 } }
		}
	},

	{
		entity_name = "Char_Trent_MK_as_you_Say_Hand",
		type = MARKER,
		template_name = "",
		lt_grp = 0, srt_grp = 0, usr_flg = 0,
		spatialprops =
		{
			pos = { -2.47101, 1.142999, 3.287358 },
			orient = { {  0.106096,  0.000000, -0.994356 },
					   {  0.000000,  1.000000,  0.000000 },
					   {  0.994356,  0.000000,  0.106096 } }
		}
	},

	{
		entity_name = "Char_Kress_MKSinclair_look_Sit",
		type = MARKER,
		template_name = "",
		lt_grp = 0, srt_grp = 0, usr_flg = 0,
		spatialprops =
		{
			pos = { -2.688142, 1.566215, 3.0417 },
			orient = { { -0.765193,  0.000000, -0.643800 },
					   {  0.000000,  1.000000,  0.000000 },
					   {  0.643800,  0.000000, -0.765193 } }
		}
	},

	{
		entity_name = "Char_Trent_MKSinclair_look_Sit",
		type = MARKER,
		template_name = "",
		lt_grp = 0, srt_grp = 0, usr_flg = 0,
		spatialprops =
		{
			pos = { -2.55596, 1.566215, 4.469229 },
			orient = { { -0.765193,  0.000000, -0.643800 },
					   {  0.000000,  1.000000,  0.000000 },
					   {  0.643800,  0.000000, -0.765193 } }
		}
	},

	{
		entity_name = "Char_juni_MKSinclair_look_Sit",
		type = MARKER,
		template_name = "",
		lt_grp = 0, srt_grp = 0, usr_flg = 0,
		spatialprops =
		{
			pos = { -3.962337, 1.566215, 4.556153 },
			orient = { { -0.765193,  0.000000, -0.643800 },
					   {  0.000000,  1.000000,  0.000000 },
					   {  0.643800,  0.000000, -0.765193 } }
		}
	},

	{
		entity_name = "Char_Kress_MK_point_down",
		type = MARKER,
		template_name = "",
		lt_grp = 0, srt_grp = 0, usr_flg = 0,
		spatialprops =
		{
			pos = { -3.184033, 0.817144, 3.543508 },
			orient = { { -0.784528,  0.000000, -0.620093 },
					   {  0.000000,  1.000000,  0.000000 },
					   {  0.620093,  0.000000, -0.784528 } }
		}
	},

	{
		entity_name = "Char_Kress_MKTable_Top",
		type = MARKER,
		template_name = "",
		lt_grp = 0, srt_grp = 0, usr_flg = 0,
		spatialprops =
		{
			pos = { -3.490282, 0.893968, 3.995089 },
			orient = { { -0.765193,  0.000000, -0.643800 },
					   {  0.000000,  1.000000,  0.000000 },
					   {  0.643800,  0.000000, -0.765193 } }
		}
	},

	{
		entity_name = "Char_Quintane_MK_snap_back_Trent_no",
		type = MARKER,
		template_name = "",
		lt_grp = 0, srt_grp = 0, usr_flg = 0,
		spatialprops =
		{
			pos = { -3.464157, 0.972915, 2.257828 },
			orient = { { -0.999972,  0.000000,  0.007450 },
					   {  0.000000,  1.000000,  0.000000 },
					   { -0.007450,  0.000000, -0.999972 } }
		}
	},

	{
		entity_name = "Char_Quintane_MK_snap_back_Trent_return",
		type = MARKER,
		template_name = "",
		lt_grp = 0, srt_grp = 0, usr_flg = 0,
		spatialprops =
		{
			pos = { -3.468391, 0.972915, 2.749699 },
			orient = { { -0.999972,  0.000000,  0.007450 },
					   {  0.000000,  1.000000,  0.000000 },
					   { -0.007450,  0.000000, -0.999972 } }
		}
	},

	{
		entity_name = "Cam_10_Overlooked_END",
		type = CAMERA,
		template_name = "",
		lt_grp = 0, srt_grp = 0, usr_flg = 0,
		spatialprops =
		{
			pos = { -3.387747, 1.19227, 5.535469 },
			orient = { {  0.993195,  0.000000,  0.116461 },
					   { -0.002036,  0.999847,  0.017363 },
