duration = 65.791;

entities =
{

	{
		entity_name = "Layer_s038xa_nrml_Kress_hi_01_City",
		type = SCENE,
		template_name = "",
		lt_grp = 0, srt_grp = 0, usr_flg = 0,
		spatialprops =
		{
			pos = { 0, 0, 0 },
			orient = { { 1, 0, 0 }, { 0, 1, 0 }, { 0, 0, 1 } }
		},
		up = Y_AXIS,
		front = Z_AXIS,
		ambient = { 0, 0, 0 },
		userprops =
		{
			TextStart = "0.75000",
			TextString = "259617.00000",
		}
	},

	{
		entity_name = "Char_Juni",
		type = DEFORMABLE,
		template_name = "juni",
		lt_grp = 0, srt_grp = 0, usr_flg = 0,
		flags = LIT_DYNAMIC,
		spatialprops =
		{
			pos = { -4.12319, 0, 2.005666 },
			orient = { {  0.809281,  0.000000, -0.587422 },
					   {  0.000000,  1.000000,  0.000000 },
					   {  0.587422,  0.000000,  0.809281 } }
		},
		compoundprops =
		{
			floor_height = 0
		},
		userprops =
		{
			actor = "juni",
			category = "Character",
		}
	},

	{
		entity_name = "Char_Quintaine",
		type = DEFORMABLE,
		template_name = "quintaine",
		lt_grp = 0, srt_grp = 0, usr_flg = 0,
		flags = LIT_DYNAMIC,
		spatialprops =
		{
			pos = { -3.195517, 0, 2.66514 },
			orient = { {  0.888047,  0.000000, -0.459753 },
					   {  0.000000,  1.000000,  0.000000 },
					   {  0.459753,  0.000000,  0.888047 } }
		},
		compoundprops =
		{
			floor_height = 0
		},
		userprops =
		{
			actor = "quintaine",
			category = "Character",
		}
	},

	{
		entity_name = "Char_Sinclair",
		type = DEFORMABLE,
		template_name = "sinclair",
		lt_grp = 0, srt_grp = 0, usr_flg = 0,
		flags = LIT_DYNAMIC,
		spatialprops =
		{
			pos = { -2.861696, 0, 1.893458 },
			orient = { {  0.862684,  0.000000, -0.505743 },
					   {  0.000000,  1.000000,  0.000000 },
					   {  0.505743,  0.000000,  0.862684 } }
		},
		compoundprops =
		{
			floor_height = 0
		},
		userprops =
		{
			actor = "sinclair",
			category = "Character",
		}
	},

	{
		entity_name = "Char_Trent",
		type = DEFORMABLE,
		template_name = "trent",
		lt_grp = 0, srt_grp = 0, usr_flg = 0,
		flags = LIT_DYNAMIC,
		spatialprops =
		{
			pos = { -2.359172, 0, 1.300758 },
			orient = { {  0.868988,  0.000000, -0.494834 },
					   {  0.000000,  1.000000,  0.000000 },
					   {  0.494834,  0.000000,  0.868988 } }
		},
		compoundprops =
		{
			floor_height = 0
		},
		userprops =
		{
			actor = "player",
			category = "Character",
		}
	},

	{
		entity_name = "Cam_Monitor_s038xa",
		type = MONITOR,
		template_name = "",
		lt_grp = 0, srt_grp = 0, usr_flg = 0,
		userprops =
		{
			Priority = "Monitor_Moving_1",
		}
	},

	{
		entity_name = "Char_big_man",
		type = DEFORMABLE,
		template_name = "big_man",
		lt_grp = 0, srt_grp = 0, usr_flg = 0,
		flags = LIT_DYNAMIC,
		spatialprops =
		{
			pos = { -25.07311, 0, -19.83466 },
			orient = { { -0.997806,  0.000000,  0.066208 },
					   {  0.000000,  1.000000,  0.000000 },
					   { -0.066208,  0.000000, -0.997806 } }
		},
		compoundprops =
		{
			floor_height = 0
		},
		userprops =
		{
			actor = "big_man_01",
			category = "Character",
		}
	},

	{
		entity_name = "Char_Kress",
		type = DEFORMABLE,
		template_name = "kress",
		lt_grp = 0, srt_grp = 0, usr_flg = 0,
		flags = LIT_DYNAMIC,
		spatialprops =
		{
			pos = { -32.72367, 0, -22.31096 },
			orient = { { -0.029434,  0.000000,  0.999567 },
					   {  0.000000,  1.000000,  0.000000 },
					   { -0.999567,  0.000000, -0.029434 } }
		},
		compoundprops =
		{
			floor_height = 0
		},
		userprops =
		{
			actor = "kress",
			category = "Character",
		}
	},

	{
		entity_name = "zdx_s038x_0101_Trent_61",
		type = SOUND,
		template_name = "dx_s038x_0101_Trent",
		lt_grp = 0, srt_grp = 0, usr_flg = 0,
		spatialprops =
		{
			pos = { 0, 0, 0 },
			orient = { { 1, 0, 0 }, { 0, 1, 0 }, { 0, 0, 1 } }
		},
		audioprops =
		{
			attenuation = -1,
			pan = 0,
			dmin = 50,
			dmax = 1000,
			ain = 360,
			aout = 360,
			rmix = 0,
		},
		userprops =
		{
			category = "Audio",
		}
	},

	{
		entity_name = "zdx_s038x_0501_Quintaine_65",
		type = SOUND,
		template_name = "dx_s038x_0501_Quintaine",
		lt_grp = 0, srt_grp = 0, usr_flg = 0,
		spatialprops =
		{
			pos = { 0, 0, 0 },
			orient = { { 1, 0, 0 }, { 0, 1, 0 }, { 0, 0, 1 } }
		},
		audioprops =
		{
			attenuation = -1,
			pan = 0,
			dmin = 50,
			dmax = 1000,
			ain = 360,
			aout = 360,
			atout = 0,
			rmix = 0,
		},
		userprops =
		{
			category = "Audio",
		}
	},

	{
		entity_name = "zdx_s038x_0601_Big_Man_01_66",
		type = SOUND,
		template_name = "dx_s038x_0601_Big_Man_01",
		lt_grp = 0, srt_grp = 0, usr_flg = 0,
		spatialprops =
		{
			pos = { 0, 0, 0 },
			orient = { { 1, 0, 0 }, { 0, 1, 0 }, { 0, 0, 1 } }
		},
		audioprops =
		{
			attenuation = -1,
			pan = 0,
			dmin = 50,
			dmax = 1000,
			ain = 360,
			aout = 360,
			atout = 0,
			rmix = 0,
		},
		userprops =
		{
			category = "Audio",
		}
	},

	{
		entity_name = "zdx_s038x_0701_Quintaine_67",
		type = SOUND,
		template_name = "dx_s038x_0701_Quintaine",
		lt_grp = 0, srt_grp = 0, usr_flg = 0,
		spatialprops =
		{
			pos = { 0, 0, 0 },
			orient = { { 1, 0, 0 }, { 0, 1, 0 }, { 0, 0, 1 } }
		},
		audioprops =
		{
			attenuation = -1,
			pan = 0,
			dmin = 50,
			dmax = 1000,
			ain = 360,
			aout = 360,
			atout = 0,
			rmix = 0,
		},
		userprops =
		{
			category = "Audio",
		}
	},

	{
		entity_name = "zdx_s038x_0801_Big_Man_01_68",
		type = SOUND,
		template_name = "dx_s038x_0801_Big_Man_01",
		lt_grp = 0, srt_grp = 0, usr_flg = 0,
		spatialprops =
		{
			pos = { 0, 0, 0 },
			orient = { { 1, 0, 0 }, { 0, 1, 0 }, { 0, 0, 1 } }
		},
		audioprops =
		{
			attenuation = -1,
			pan = 0,
			dmin = 50,
			dmax = 1000,
			ain = 360,
			aout = 360,
			atout = 0,
			rmix = 0,
		},
		userprops =
		{
			category = "Audio",
		}
	},

	{
		entity_name = "zdx_s038x_0901_Quintaine_69",
		type = SOUND,
		template_name = "dx_s038x_0901_Quintaine",
		lt_grp = 0, srt_grp = 0, usr_flg = 0,
		spatialprops =
		{
			pos = { 0, 0, 0 },
			orient = { { 1, 0, 0 }, { 0, 1, 0 }, { 0, 0, 1 } }
		},
		audioprops =
		{
			attenuation = -1,
			pan = 0,
			dmin = 50,
			dmax = 1000,
			ain = 360,
			aout = 360,
			atout = 0,
			rmix = 0,
		},
		userprops =
		{
			category = "Audio",
		}
	},

	{
		entity_name = "zdx_s038x_1001_Big_Man_01_70",
		type = SOUND,
		template_name = "dx_s038x_1001_Big_Man_01",
		lt_grp = 0, srt_grp = 0, usr_flg = 0,
		spatialprops =
		{
			pos = { 0, 0, 0 },
			orient = { { 1, 0, 0 }, { 0, 1, 0 }, { 0, 0, 1 } }
		},
		audioprops =
		{
			attenuation = -1,
			pan = 0,
			dmin = 50,
			dmax = 1000,
			ain = 360,
			aout = 360,
			atout = 0,
			rmix = 0,
		},
		userprops =
		{
			category = "Audio",
		}
	},

	{
		entity_name = "zdx_s038x_1101_Trent_71",
		type = SOUND,
		template_name = "dx_s038x_1101_Trent",
		lt_grp = 0, srt_grp = 0, usr_flg = 0,
		spatialprops =
		{
			pos = { 0, 0, 0 },
			orient = { { 1, 0, 0 }, { 0, 1, 0 }, { 0, 0, 1 } }
		},
		audioprops =
		{
			attenuation = -1,
			pan = 0,
			dmin = 50,
			dmax = 1000,
			ain = 360,
			aout = 360,
			atout = 0,
			rmix = 0,
		},
		userprops =
		{
			category = "Audio",
		}
	},

	{
		entity_name = "zdx_s038x_1301_Trent_73",
		type = SOUND,
		template_name = "dx_s038x_1301_Trent",
		lt_grp = 0, srt_grp = 0, usr_flg = 0,
		spatialprops =
		{
			pos = { 0, 0, 0 },
			orient = { { 1, 0, 0 }, { 0, 1, 0 }, { 0, 0, 1 } }
		},
		audioprops =
		{
			attenuation = -1,
			pan = 0,
			dmin = 50,
			dmax = 1000,
			ain = 360,
			aout = 360,
			atout = 0,
			rmix = 0,
		},
		userprops =
		{
			category = "Audio",
		}
	},

	{
		entity_name = "zdx_s038x_1401_Big_Man_01_74",
		type = SOUND,
		template_name = "dx_s038x_1401_Big_Man_01",
		lt_grp = 0, srt_grp = 0, usr_flg = 0,
		spatialprops =
		{
			pos = { 0, 0, 0 },
			orient = { { 1, 0, 0 }, { 0, 1, 0 }, { 0, 0, 1 } }
		},
		audioprops =
		{
			attenuation = -1,
			pan = 0,
			dmin = 50,
			dmax = 1000,
			ain = 360,
			aout = 360,
			atout = 0,
			rmix = 0,
		},
		userprops =
		{
			category = "Audio",
		}
	},

	{
		entity_name = "zdx_s038x_1501_Big_Man_01_75",
		type = SOUND,
		template_name = "dx_s038x_1501_Big_Man_01",
		lt_grp = 0, srt_grp = 0, usr_flg = 0,
		spatialprops =
		{
			pos = { 0, 0, 0 },
			orient = { { 1, 0, 0 }, { 0, 1, 0 }, { 0, 0, 1 } }
		},
		audioprops =
		{
			attenuation = -1,
			pan = 0,
			dmin = 50,
			dmax = 1000,
			ain = 360,
			aout = 360,
			atout = 0,
			rmix = 0,
		},
		userprops =
		{
			category = "Audio",
		}
	},

	{
		entity_name = "zdx_s038x_1701_Kress_77",
		type = SOUND,
		template_name = "dx_s038x_1701_Kress",
		lt_grp = 0, srt_grp = 0, usr_flg = 0,
		spatialprops =
		{
			pos = { 0, 0, 0 },
			orient = { { 1, 0, 0 }, { 0, 1, 0 }, { 0, 0, 1 } }
		},
		audioprops =
		{
			attenuation = -1,
			pan = 0,
			dmin = 50,
			dmax = 1000,
			ain = 360,
			aout = 360,
			atout = 0,
			rmix = 0,
		},
		userprops =
		{
			category = "Audio",
		}
	},

	{
		entity_name = "zdx_s038x_1801_Kress_78",
		type = SOUND,
		template_name = "dx_s038x_1801_Kress",
		lt_grp = 0, srt_grp = 0, usr_flg = 0,
		spatialprops =
		{
			pos = { 0, 0, 0 },
			orient = { { 1, 0, 0 }, { 0, 1, 0 }, { 0, 0, 1 } }
		},
		audioprops =
		{
			attenuation = -1,
			pan = 0,
			dmin = 50,
			dmax = 1000,
			ain = 360,
			aout = 360,
			atout = 0,
			rmix = 0,
		},
		userprops =
		{
			category = "Audio",
		}
	},

	{
		entity_name = "zdx_s038x_1901_Quintaine_79",
		type = SOUND,
		template_name = "dx_s038x_1901_Quintaine",
		lt_grp = 0, srt_grp = 0, usr_flg = 0,
		spatialprops =
		{
			pos = { 0, 0, 0 },
			orient = { { 1, 0, 0 }, { 0, 1, 0 }, { 0, 0, 1 } }
		},
		audioprops =
		{
			attenuation = -1,
			pan = 0,
			dmin = 50,
			dmax = 1000,
			ain = 360,
			aout = 360,
			atout = 0,
			rmix = 0,
		},
		userprops =
		{
			category = "Audio",
		}
	},

	{
		entity_name = "zdx_s038x_2001_Kress_80",
		type = SOUND,
		template_name = "dx_s038x_2001_Kress",
		lt_grp = 0, srt_grp = 0, usr_flg = 0,
		spatialprops =
		{
			pos = { 0, 0, 0 },
			orient = { { 1, 0, 0 }, { 0, 1, 0 }, { 0, 0, 1 } }
		},
		audioprops =
		{
			attenuation = -1,
			pan = 0,
			dmin = 50,
			dmax = 1000,
			ain = 360,
			aout = 360,
			atout = 0,
			rmix = 0,
		},
		userprops =
		{
			category = "Audio",
		}
	},

	{
		entity_name = "zdx_s038x_2101_juni_81",
		type = SOUND,
		template_name = "dx_s038x_2101_juni",
		lt_grp = 0, srt_grp = 0, usr_flg = 0,
		spatialprops =
		{
			pos = { 0, 0, 0 },
			orient = { { 1, 0, 0 }, { 0, 1, 0 }, { 0, 0, 1 } }
		},
		audioprops =
		{
			attenuation = -1,
			pan = 0,
			dmin = 50,
			dmax = 1000,
			ain = 360,
			aout = 360,
			atout = 0,
			rmix = 0,
		},
		userprops =
		{
			category = "Audio",
		}
	},

	{
		entity_name = "zdx_s038x_2201_Trent_82",
		type = SOUND,
		template_name = "dx_s038x_2201_Trent",
		lt_grp = 0, srt_grp = 0, usr_flg = 0,
		spatialprops =
		{
			pos = { 0, 0, 0 },
			orient = { { 1, 0, 0 }, { 0, 1, 0 }, { 0, 0, 1 } }
		},
		audioprops =
		{
			attenuation = -1,
			pan = 0,
			dmin = 50,
			dmax = 1000,
			ain = 360,
			aout = 360,
			atout = 0,
			rmix = 0,
		},
		userprops =
		{
			category = "Audio",
		}
	},

	{
		entity_name = "Ship_PlayerShip_1",
		type = COMPOUND,
		template_name = "PlayerShip",
		lt_grp = 0, srt_grp = 0, usr_flg = 0,
		flags = LIT_DYNAMIC,
		spatialprops =
		{
			pos = { -0.065911, 5, 10.69925 },
			orient = { {  0.559561,  0.000000, -0.828789 },
					   {  0.000000,  1.000000,  0.000000 },
					   {  0.828789,  0.000000,  0.559561 } }
		},
		userprops =
		{
			category = "Spaceship",
		}
	},

	{
		entity_name = "Ship_li_elite",
		type = COMPOUND,
		template_name = "li_elite",
		lt_grp = 0, srt_grp = 0, usr_flg = 0,
		flags = LIT_DYNAMIC,
		spatialprops =
		{
			pos = { 0.517835, 3.444219, -1.451857 },
			orient = { {  0.507466,  0.000000, -0.861672 },
					   {  0.000000,  1.000000,  0.000000 },
					   {  0.861672,  0.000000,  0.507466 } }
		},
		userprops =
		{
			category = "Spaceship",
		}
	},

	{
		entity_name = "Mk_Reposition_Trent",
		type = MARKER,
		template_name = "",
		lt_grp = 0, srt_grp = 0, usr_flg = 0,
		spatialprops =
		{
			pos = { -19.03485, 0, -14.666 },
			orient = { {  0.687674,  0.000000, -0.726020 },
					   {  0.000000,  1.000000,  0.000000 },
					   {  0.726020,  0.000000,  0.687674 } }
		}
	},

	{
		entity_name = "Mk_Reposition_Quintaine",
		type = MARKER,
		template_name = "",
		lt_grp = 0, srt_grp = 0, usr_flg = 0,
		spatialprops =
		{
			pos = { -20.18006, 0, -14.97565 },
			orient = { {  0.700994,  0.000000, -0.713167 },
					   {  0.000000,  1.000000,  0.000000 },
					   {  0.713167,  0.000000,  0.700994 } }
		}
	},

	{
		entity_name = "Mk_Reposition_Juni",
		type = MARKER,
		template_name = "",
		lt_grp = 0, srt_grp = 0, usr_flg = 0,
		spatialprops =
		{
			pos = { -19.63781, 0, -14.1673 },
			orient = { {  0.704242,  0.000000, -0.709960 },
					   {  0.000000,  1.000000,  0.000000 },
					   {  0.709960,  0.000000,  0.704242 } }
		}
	},

	{
		entity_name = "Mk_Reposition_Sinclair",
		type = MARKER,
		template_name = "",
		lt_grp = 0, srt_grp = 0, usr_flg = 0,
		spatialprops =
		{
			pos = { -20.31613, 0, -13.9011 },
			orient = { {  0.668700,  0.000000, -0.743532 },
					   {  0.000000,  1.000000,  0.000000 },
					   {  0.743532,  0.000000,  0.668700 } }
		}
	},

	{
		entity_name = "Mk_Quintaine_Initial_Spot",
		type = MARKER,
		template_name = "",
		lt_grp = 0, srt_grp = 0, usr_flg = 0,
		spatialprops =
		{
			pos = { 1.301895, 0.965957, -3.41246 },
			orient = { { -0.530427,  0.000000, -0.847731 },
					   {  0.000000,  1.000000,  0.000000 },
					   {  0.847731,  0.000000, -0.530427 } }
		}
	},

	{
		entity_name = "Char_black_dragon_male_BIGMAN_Backup",
		type = DEFORMABLE,
		template_name = "black_dragon_male_1",
		lt_grp = 0, srt_grp = 0, usr_flg = 0,
		flags = LIT_DYNAMIC + LIT_AMBIENT,
		spatialprops =
		{
			pos = { -26.32265, 0, -20.12852 },
			orient = { { -0.339983,  0.000000,  0.940432 },
					   {  0.000000,  1.000000,  0.000000 },
					   { -0.940432,  0.000000, -0.339983 } }
		},
		compoundprops =
		{
			floor_height = 0
		},
		userprops =
		{
			actor = "or_pi_01",
			category = "Character",
		}
	},

	{
		entity_name = "prop_gun_laser_1_1",
		type = COMPOUND,
		template_name = "prop_gun_laser_1",
		lt_grp = 0, srt_grp = 0, usr_flg = 0,
		flags = LIT_DYNAMIC,
		spatialprops =
		{
			pos = { 0, 0, 0 },
			orient = { { 1, 0, 0 }, { 0, 1, 0 }, { 0, 0, 1 } }
		},
		userprops =
		{
			category = "Prop",
		}
	},

	{
		entity_name = "Mk_Trent_Guns",
		type = MARKER,
		template_name = "",
		lt_grp = 0, srt_grp = 0, usr_flg = 0,
		spatialprops =
		{
			pos = { -23.99939, 0.972884, -19.75019 },
			orient = { {  0.107234,  0.000000, -0.994234 },
					   {  0.000000,  1.000000,  0.000000 },
					   {  0.994234,  0.000000,  0.107234 } }
		}
	},

	{
		entity_name = "prop_gun_laser_2",
		type = COMPOUND,
		template_name = "prop_gun_laser_1",
		lt_grp = 0, srt_grp = 0, usr_flg = 0,
		flags = LIT_DYNAMIC,
		spatialprops =
		{
			pos = { 0, -1, 0 },
			orient = { { 1, 0, 0 }, { 0, 1, 0 }, { 0, 0, 1 } }
		},
		userprops =
		{
			category = "Prop",
		}
	},

	{
		entity_name = "Mk_Kress_Turns",
		type = MARKER,
		template_name = "",
		lt_grp = 0, srt_grp = 0, usr_flg = 0,
		spatialprops =
		{
			pos = { -31.15617, 0.969072, -22.49013 },
			orient = { { -0.882766,  0.000000,  0.469813 },
					   {  0.000000,  1.000000,  0.000000 },
					   { -0.469813,  0.000000, -0.882766 } }
		}
	},

	{
		entity_name = "Mk_Kress_Start_Position",
		type = MARKER,
		template_name = "",
		lt_grp = 0, srt_grp = 0, usr_flg = 0,
		spatialprops =
		{
			pos = { -29.05805, 0.969072, -20.81878 },
			orient = { {  0.118814,  0.000000,  0.992917 },
					   {  0.000000,  1.000000,  0.000000 },
					   { -0.992917,  0.000000,  0.118814 } }
		}
	},

	{
		entity_name = "Char_black_dragon_male_BIGMAN_Backup2",
		type = DEFORMABLE,
		template_name = "black_dragon_male_1",
		lt_grp = 0, srt_grp = 0, usr_flg = 0,
		flags = LIT_DYNAMIC + LIT_AMBIENT,
		spatialprops =
		{
			pos = { -2.965098, 0, -19.69552 },
			orient = { { -0.999869,  0.000000,  0.016158 },
					   {  0.000000,  1.000000,  0.000000 },
					   { -0.016158,  0.000000, -0.999869 } }
		},
		compoundprops =
		{
			floor_height = 0
		},
		userprops =
		{
			actor = "or_pi_02",
			category = "Character",
		}
	},

	{
		entity_name = "Char_black_dragon_male_BIGMAN_Backup3",
		type = DEFORMABLE,
		template_name = "black_dragon_male_1",
		lt_grp = 0, srt_grp = 0, usr_flg = 0,
		flags = LIT_DYNAMIC + LIT_AMBIENT,
		spatialprops =
		{
			pos = { 3.010036, 0, -19.83545 },
			orient = { { -0.983773,  0.000000, -0.179417 },
					   {  0.000000,  1.000000,  0.000000 },
					   {  0.179417,  0.000000, -0.983773 } }
		},
		compoundprops =
		{
			floor_height = 0
		},
		userprops =
		{
			actor = "or_pi_03",
			category = "Character",
		}
	},

	{
		entity_name = "prop_gun_laser_3",
		type = COMPOUND,
		template_name = "prop_gun_laser_1",
		lt_grp = 0, srt_grp = 0, usr_flg = 0,
		flags = LIT_DYNAMIC,
		spatialprops =
		{
			pos = { 0, -1, 0 },
			orient = { { 1, 0, 0 }, { 0, 1, 0 }, { 0, 0, 1 } }
		},
		userprops =
		{
			category = "Prop",
		}
	},

	{
		entity_name = "prop_gun_laser_4",
		type = COMPOUND,
		template_name = "prop_gun_laser_1",
		lt_grp = 0, srt_grp = 0, usr_flg = 0,
		flags = LIT_DYNAMIC,
		spatialprops =
		{
			pos = { 0, -1, 0 },
			orient = { { 1, 0, 0 }, { 0, 1, 0 }, { 0, 0, 1 } }
		},
		userprops =
		{
			category = "Prop",
		}
	},

	{
		entity_name = "Mk_Backup2",
		type = MARKER,
		template_name = "",
		lt_grp = 0, srt_grp = 0, usr_flg = 0,
		spatialprops =
		{
			pos = { -18.91636, 0.972919, -12.41418 },
			orient = { {  0.749152,  0.000000, -0.662398 },
					   {  0.000000,  1.000000,  0.000000 },
					   {  0.662398,  0.000000,  0.749152 } }
		}
	},

	{
		entity_name = "Mk_Backup3",
		type = MARKER,
		template_name = "",
		lt_grp = 0, srt_grp = 0, usr_flg = 0,
		spatialprops =
		{
			pos = { -17.48051, 0.972919, -14.59577 },
			orient = { {  0.649909,  0.000000, -0.760012 },
					   {  0.000000,  1.000000,  0.000000 },
					   {  0.760012,  0.000000,  0.649909 } }
		}
	},

	{
		entity_name = "Mk_Juni_End",
		type = MARKER,
		template_name = "",
		lt_grp = 0, srt_grp = 0, usr_flg = 0,
		spatialprops =
		{
			pos = { -23.92348, 0.959245, -18.95492 },
			orient = { {  0.278181,  0.000000, -0.960529 },
					   {  0.000000,  1.000000,  0.000000 },
					   {  0.960529,  0.000000,  0.278181 } }
		}
	},

	{
		entity_name = "Mk_Kress_Spin",
		type = MARKER,
		template_name = "",
		lt_grp = 0, srt_grp = 0, usr_flg = 0,
		spatialprops =
		{
			pos = { -24.52502, 0.952178, -20.95418 },
			orient = { {  0.458782, -0.000024, -0.888549 },
					   { -0.000045,  1.000000, -0.000050 },
					   {  0.888549,  0.000063,  0.458782 } }
		}
	},

	{
		entity_name = "Mk_Guard1_Position",
		type = MARKER,
		template_name = "",
		lt_grp = 0, srt_grp = 0, usr_flg = 0,
		spatialprops =
		{
			pos = { -29.01975, 0.97292, -21.16769 },
			orient = { { -0.374677,  0.000000,  0.927155 },
					   {  0.000000,  1.000000,  0.000000 },
					   { -0.927155,  0.000000, -0.374677 } }
		}
	},

	{
		entity_name = "char_trent_Mrk_Gun_Arm_IK",
		type = MARKER,
		template_name = "",
		lt_grp = 0, srt_grp = 0, usr_flg = 0,
		spatialprops =
		{
			pos = { -25.22738, 1.643031, -19.6953 },
			orient = { { -0.718966,  0.000000,  0.695045 },
					   {  0.000000,  1.000000,  0.000000 },
					   { -0.695045,  0.000000, -0.718966 } }
		}
	},

	{
		entity_name = "aCam_01_WideEst_01",
		type = CAMERA,
		template_name = "",
		lt_grp = 0, srt_grp = 0, usr_flg = 0,
		spatialprops =
		{
			pos = { -3.386108, 1.839477, -1.26717 },
			orient = { {  0.563368,  0.000000, -0.826206 },
					   { -0.013504,  0.999866, -0.009208 },
					   {  0.826096,  0.016344,  0.563293 } }
		},
		cameraprops =
		{
			fovh = 30,
			hvaspect = 1.85,
			nearplane = 0.1,
			farplane = 10000
		}
	},

	{
		entity_name = "aCam_01_WideEst_02",
		type = CAMERA,
		template_name = "",
		lt_grp = 0, srt_grp = 0, usr_flg = 0,
		spatialprops =
		{
			pos = { -3.227848, 1.536495, -0.675014 },
			orient = { {  0.510694,  0.000000, -0.859762 },
					   { -0.135092,  0.987578, -0.080244 },
					   {  0.849083,  0.157127,  0.504351 } }
		},
		cameraprops =
		{
			fovh = 30,
			hvaspect = 1.85,
			nearplane = 0.1,
			farplane = 10000
		}
	},

	{
		entity_name = "aCam_02_HighWideWalkOff",
		type = CAMERA,
		template_name = "",
		lt_grp = 0, srt_grp = 0, usr_flg = 0,
		spatialprops =
		{
			pos = { -19.49127, 24.58263, -29.26877 },
			orient = { { -0.999906,  0.000000, -0.013699 },
					   { -0.010943,  0.601623,  0.798705 },
					   {  0.008242,  0.798780, -0.601566 } }
		},
		cameraprops =
		{
			fovh = 30,
			hvaspect = 1.85,
			nearplane = 0.1,
			farplane = 10000
		}
	},

	{
		entity_name = "aCam_03_MeetThe_Guards_01",
		type = CAMERA,
		template_name = "",
		lt_grp = 0, srt_grp = 0, usr_flg = 0,
		spatialprops =
		{
			pos = { -13.85731, 1.050732, -23.21602 },
			orient = { { -0.518979,  0.000000, -0.854787 },
					   {  0.015807,  0.999829, -0.009597 },
					   {  0.854641, -0.018492, -0.518890 } }
		},
		cameraprops =
		{
			fovh = 20,
			hvaspect = 1.85,
			nearplane = 0.1,
			farplane = 10000
		}
	},

	{
		entity_name = "aCam_03_MeetThe_Guards_02",
		type = CAMERA,
		template_name = "",
		lt_grp = 0, srt_grp = 0, usr_flg = 0,
		spatialprops =
		{
			pos = { -19.9436, 1.227275, -23.48757 },
			orient = { { -0.698579,  0.000000, -0.715533 },
					   { -0.044756,  0.998042,  0.043695 },
					   {  0.714132,  0.062549, -0.697211 } }
		},
		cameraprops =
		{
			fovh = 20,
			hvaspect = 1.85,
			nearplane = 0.1,
			farplane = 10000
		}
	},

	{
		entity_name = "aCam_04_QuinBigMan_Profile",
		type = CAMERA,
		template_name = "",
		lt_grp = 0, srt_grp = 0, usr_flg = 0,
		spatialprops =
		{
			pos = { -23.28414, 1.663609, -20.87444 },
			orient = { { -0.680889,  0.000000, -0.732386 },
					   { -0.068481,  0.995619,  0.063666 },
					   {  0.729178,  0.093504, -0.677906 } }
		},
		cameraprops =
		{
			fovh = 20,
			hvaspect = 1.85,
			nearplane = 0.1,
			farplane = 10000
		}
	},

	{
		entity_name = "aCam_05_HeSeesNoOne_01",
		type = CAMERA,
		template_name = "",
		lt_grp = 0, srt_grp = 0, usr_flg = 0,
		spatialprops =
		{
			pos = { -24.92075, 1.660086, -20.69444 },
			orient = { { -0.952827,  0.000000,  0.303515 },
					   {  0.055184,  0.983332,  0.173240 },
					   { -0.298456,  0.181817, -0.936945 } }
		},
		cameraprops =
		{
			fovh = 30,
			hvaspect = 1.85,
			nearplane = 0.1,
			farplane = 10000
		}
	},

	{
		entity_name = "aCam_06_OTS_GotYourAttention_02",
		type = CAMERA,
		template_name = "",
		lt_grp = 0, srt_grp = 0, usr_flg = 0,
		spatialprops =
		{
			pos = { -25.07486, 1.78909, -20.24089 },
			orient = { { -0.868309,  0.000000,  0.496023 },
					   {  0.132168,  0.963847,  0.231365 },
					   { -0.478090,  0.266455, -0.836918 } }
		},
		cameraprops =
		{
			fovh = 30,
			hvaspect = 1.85,
			nearplane = 0.1,
			farplane = 10000
		}
	},

	{
		entity_name = "aCam_08_HighWide_Expendable_02",
		type = CAMERA,
		template_name = "",
		lt_grp = 0, srt_grp = 0, usr_flg = 0,
		spatialprops =
		{
			pos = { -25.80703, 2.561307, -22.1508 },
			orient = { { -0.971813,  0.000000,  0.235754 },
					   {  0.097017,  0.911401,  0.399920 },
					   { -0.214866,  0.411520, -0.885711 } }
		},
		cameraprops =
		{
			fovh = 30,
			hvaspect = 1.85,
			nearplane = 0.1,
			farplane = 10000
		}
	},

	{
		entity_name = "Mk_TrentScoot_28sec",
		type = MARKER,
		template_name = "",
		lt_grp = 0, srt_grp = 0, usr_flg = 0,
		spatialprops =
		{
			pos = { -24.05952, 0.972919, -19.44122 },
			orient = { {  0.548469,  0.000000, -0.836171 },
					   {  0.000000,  1.000000,  0.000000 },
					   {  0.836171,  0.000000,  0.548469 } }
		}
	},

	{
		entity_name = "Mk_TrentLooksJuni_4sec",
		type = MARKER,
		template_name = "",
		lt_grp = 0, srt_grp = 0, usr_flg = 0,
		spatialprops =
		{
			pos = { -6.043288, 1.662311, -2.407549 },
			orient = { {  0.859015,  0.000000, -0.511950 },
					   {  0.000000,  1.000000,  0.000000 },
					   {  0.511950,  0.000000,  0.859015 } }
		}
	},

	{
		entity_name = "Mk_JuniLooksTrent_5sec",
		type = MARKER,
		template_name = "",
		lt_grp = 0, srt_grp = 0, usr_flg = 0,
		spatialprops =
		{
			pos = { -5.331859, 1.741008, -2.630428 },
			orient = { {  0.832945,  0.000000, -0.553355 },
					   {  0.000000,  1.000000,  0.000000 },
					   {  0.553355,  0.000000,  0.832945 } }
		}
	},

	{
		entity_name = "aCam_07_OTS_Misunderstand",
		type = CAMERA,
		template_name = "",
		lt_grp = 0, srt_grp = 0, usr_flg = 0,
		spatialprops =
		{
			pos = { -24.13598, 1.476892, -20.12521 },
			orient = { { -0.442707,  0.000000, -0.896667 },
					   {  0.180731,  0.979476, -0.089231 },
					   {  0.878264, -0.201559, -0.433621 } }
		},
		cameraprops =
		{
			fovh = 20,
			hvaspect = 1.85,
			nearplane = 0.1,
			farplane = 10000
		}
	},

	{
		entity_name = "aCam_08_HighWide_Expendable_01",
		type = CAMERA,
		template_name = "",
		lt_grp = 0, srt_grp = 0, usr_flg = 0,
		spatialprops =
		{
			pos = { -23.99746, 5.997144, -21.94582 },
			orient = { { -0.961238, -0.067586, -0.267307 },
					   { -0.259950,  0.545315,  0.796905 },
					   {  0.091908,  0.835502, -0.541747 } }
		},
		cameraprops =
		{
			fovh = 30,
			hvaspect = 1.85,
			nearplane = 0.1,
			farplane = 10000
		}
	},

	{
		entity_name = "aCam_05_HeSeesNoOne_02",
		type = CAMERA,
		template_name = "",
		lt_grp = 0, srt_grp = 0, usr_flg = 0,
		spatialprops =
		{
			pos = { -23.49349, 1.660086, -20.20847 },
			orient = { { -0.499412,  0.000000, -0.866365 },
					   { -0.157580,  0.983320,  0.090836 },
					   {  0.851913,  0.181886, -0.491082 } }
		},
		cameraprops =
		{
			fovh = 30,
			hvaspect = 1.85,
			nearplane = 0.1,
			farplane = 10000
		}
	},

	{
		entity_name = "aCam_06_OTS_GotYourAttention_01",
		type = CAMERA,
		template_name = "",
		lt_grp = 0, srt_grp = 0, usr_flg = 0,
		spatialprops =
		{
			pos = { -25.03876, 1.740475, -20.52975 },
			orient = { { -0.898116,  0.000000,  0.439758 },
					   {  0.100914,  0.973314,  0.206097 },
					   { -0.428022,  0.229477, -0.874149 } }
		},
		cameraprops =
		{
			fovh = 30,
			hvaspect = 1.85,
			nearplane = 0.1,
			farplane = 10000
		}
	},

	{
		entity_name = "aCam_09_KressSingle",
		type = CAMERA,
		template_name = "",
		lt_grp = 0, srt_grp = 0, usr_flg = 0,
		spatialprops =
		{
			pos = { -24.02069, 1.669778, -19.82834 },
			orient = { {  0.329098,  0.000000, -0.944296 },
					   { -0.087879,  0.995660, -0.030627 },
					   {  0.940198,  0.093063,  0.327669 } }
		},
		cameraprops =
		{
			fovh = 30,
			hvaspect = 1.85,
			nearplane = 0.1,
			farplane = 10000
		}
	},

	{
		entity_name = "aCam_10_Wide_StandDown",
		type = CAMERA,
		template_name = "",
		lt_grp = 0, srt_grp = 0, usr_flg = 0,
		spatialprops =
		{
			pos = { -21.66816, 2.19008, -17.68946 },
			orient = { {  0.285354,  0.000000, -0.958422 },
					   { -0.329735,  0.938955, -0.098173 },
					   {  0.899916,  0.344039,  0.267935 } }
		},
		cameraprops =
		{
			fovh = 30,
			hvaspect = 1.85,
			nearplane = 0.1,
			farplane = 10000
		}
	},

	{
		entity_name = "aaCam_Shove",
		type = CAMERA,
		template_name = "",
		lt_grp = 0, srt_grp = 0, usr_flg = 0,
		spatialprops =
		{
			pos = { -24.07226, 1.56988, -18.88736 },
			orient = { {  0.700808,  0.000000, -0.713350 },
					   { -0.050788,  0.997462, -0.049895 },
					   {  0.711540,  0.071197,  0.699030 } }
		},
		cameraprops =
		{
			fovh = 30,
			hvaspect = 1.85,
			nearplane = 0.1,
			farplane = 10000
		}
	},

	{
		entity_name = "aCam_11_Sneer",
		type = CAMERA,
		template_name = "",
		lt_grp = 0, srt_grp = 0, usr_flg = 0,
		spatialprops =
		{
			pos = { -23.79377, 1.67367, -20.06237 },
			orient = { { -0.372233,  0.000000, -0.928139 },
					   { -0.100880,  0.994076,  0.040458 },
					   {  0.922641,  0.108691, -0.370028 } }
		},
		cameraprops =
		{
			fovh = 20,
			hvaspect = 1.85,
			nearplane = 0.1,
			farplane = 1000
		}
	},

	{
		entity_name = "char_big_man_mrk_shove_L_arm",
		type = MARKER,
		template_name = "",
		lt_grp = 0, srt_grp = 0, usr_flg = 0,
		spatialprops =
		{
			pos = { -24.9094, 1.310529, -19.41772 },
			orient = { { -0.554019,  0.000000,  0.832504 },
					   {  0.000000,  1.000000,  0.000000 },
					   { -0.832504,  0.000000, -0.554019 } }
		}
	},

	{
		entity_name = "char_big_man_mrk_shove_L_arm_End",
		type = MARKER,
		template_name = "",
		lt_grp = 0, srt_grp = 0, usr_flg = 0,
		spatialprops =
		{
			pos = { -24.79981, 1.310529, -19.31186 },
			orient = { { -0.694778,  0.000000,  0.719224 },
					   {  0.000000,  1.000000,  0.000000 },
					   { -0.719224,  0.000000, -0.694778 } }
		}
	},

	{
		entity_name = "char_trent_Mrk_Gun_Lower_R_UArm_IK",
		type = MARKER,
		template_name = "",
		lt_grp = 0, srt_grp = 0, usr_flg = 0,
		spatialprops =
		{
			pos = { -23.83332, 1.325227, -19.47044 },
			orient = { {  0.548976,  0.000000, -0.835838 },
					   {  0.000000,  1.000000,  0.000000 },
					   {  0.835838,  0.000000,  0.548976 } }
		}
	},

	{
		entity_name = "char_trent_Mrk_Gun_Lower_R_LArm_IK",
		type = MARKER,
		template_name = "",
		lt_grp = 0, srt_grp = 0, usr_flg = 0,
		spatialprops =
		{
			pos = { -24.07565, 1.325227, -19.5824 },
			orient = { {  0.548976,  0.000000, -0.835838 },
					   {  0.000000,  1.000000,  0.000000 },
					   {  0.835838,  0.000000,  0.548976 } }
		}
	},

	{
		entity_name = "char_trent_Mrk_Gun_Lower_R_LArm_IK_End",
		type = MARKER,
		template_name = "",
		lt_grp = 0, srt_grp = 0, usr_flg = 0,
		spatialprops =
		{
			pos = { -24.09561, 1.358239, -19.55201 },
			orient = { {  0.548976,  0.000000, -0.835838 },
					   {  0.000000,  1.000000,  0.000000 },
					   {  0.835838,  0.000000,  0.548976 } }
		}
	},

	{
		entity_name = "char_trent_Mrk_Gun_Lower_R_UArm_IK_End",
		type = MARKER,
		template_name = "",
		lt_grp = 0, srt_grp = 0, usr_flg = 0,
		spatialprops =
		{
			pos = { -23.8429, 1.325227, -19.45586 },
			orient = { {  0.548976,  0.000000, -0.835838 },
					   {  0.000000,  1.000000,  0.000000 },
					   {  0.835838,  0.000000,  0.548976 } }
		}
	},

	{
		entity_name = "char_trent_Mrk_Body_Core",
		type = MARKER,
		template_name = "",
		lt_grp = 0, srt_grp = 0, usr_flg = 0,
		spatialprops =
		{
			pos = { -2.359172, 0.939062, 1.300758 },
			orient = { {  0.868988,  0.000000, -0.494834 },
					   {  0.000000,  1.000000,  0.000000 },
					   {  0.494834,  0.000000,  0.868988 } }
		}
	},

	{
		entity_name = "char_trent_Mrk_Head_Right",
		type = MARKER,
		template_name = "",
		lt_grp = 0, srt_grp = 0, usr_flg = 0,
		spatialprops =
		{
			pos = { -2.340224, 1.625461, 0.945814 },
			orient = { {  0.868988,  0.000000, -0.494834 },
					   {  0.000000,  1.000000,  0.000000 },
					   {  0.494834,  0.000000,  0.868988 } }
		}
	},

	{
		entity_name = "char_trent_Mrk_Head_Left",
		type = MARKER,
		template_name = "",
		lt_grp = 0, srt_grp = 0, usr_flg = 0,
		spatialprops =
		{
			pos = { -2.305909, 1.72846, 1.006075 },
			orient = { {  0.868988,  0.000000, -0.494834 },
					   {  0.000000,  1.000000,  0.000000 },
					   {  0.494834,  0.000000,  0.868988 } }
		}
	},

	{
		entity_name = "char_trent_Mrk_Gun_Lower_R_LArm_IK_02",
		type = MARKER,
		template_name = "",
		lt_grp = 0, srt_grp = 0, usr_flg = 0,
		spatialprops =
		{
			pos = { -24.40862, 1.386551, -19.8011 },
			orient = { {  0.548976,  0.000000, -0.835838 },
					   {  0.000000,  1.000000,  0.000000 },
					   {  0.835838,  0.000000,  0.548976 } }
		}
	},

	{
		entity_name = "char_trent_Mrk_Gun_Lower_R_UArm_IK_02",
		type = MARKER,
		template_name = "",
		lt_grp = 0, srt_grp = 0, usr_flg = 0,
		spatialprops =
		{
			pos = { -24.2828, 1.333792, -19.80427 },
			orient = { {  0.548976,  0.000000, -0.835838 },
					   {  0.000000,  1.000000,  0.000000 },
					   {  0.835838,  0.000000,  0.548976 } }
		}
	},

	{
		entity_name = "char_trent_Mrk_Gun_Lower_Torso",
		type = MARKER,
		template_name = "",
		lt_grp = 0, srt_grp = 0, usr_flg = 0,
		spatialprops =
		{
			pos = { -24.39006, 1.239923, -19.55334 },
			orient = { {  0.548976,  0.000000, -0.835838 },
					   {  0.000000,  1.000000,  0.000000 },
					   {  0.835838,  0.000000,  0.548976 } }
		}
	},

	{
		entity_name = "char_trent_Mrk_Gun_Lower_R_aim_Head",
		type = MARKER,
		template_name = "",
		lt_grp = 0, srt_grp = 0, usr_flg = 0,
		spatialprops =
		{
			pos = { -25.02949, 1.605417, -19.8178 },
			orient = { {  0.178486, -0.047857, -0.982778 },
					   { -0.972208, -0.162376, -0.168659 },
					   { -0.151507,  0.985568, -0.075509 } }
		}
	},

	{
		entity_name = "char_trent_Mrk_Gun_Lower_R_aim_Head_End",
		type = MARKER,
		template_name = "",
		lt_grp = 0, srt_grp = 0, usr_flg = 0,
		spatialprops =
		{
			pos = { -25.03462, 1.606791, -19.78958 },
			orient = { {  0.178486, -0.047857, -0.982778 },
					   { -0.972208, -0.162376, -0.168659 },
					   { -0.151507,  0.985568, -0.075509 } }
		}
	},

	{
		entity_name = "char_trent_Mrk_Look_Over_Shoulder_Torso_R",
		type = MARKER,
		template_name = "",
		lt_grp = 0, srt_grp = 0, usr_flg = 0,
		spatialprops =
		{
			pos = { -22.11595, 0.747756, -19.49973 },
			orient = { {  0.736009,  0.000000, -0.676972 },
					   {  0.000000,  1.000000,  0.000000 },
					   {  0.676972,  0.000000,  0.736009 } }
		}
	},

	{
		entity_name = "char_trent_Mrk_Look_Over_Shoulder_Head_R",
		type = MARKER,
		template_name = "",
		lt_grp = 0, srt_grp = 0, usr_flg = 0,
		spatialprops =
		{
			pos = { -19.28252, 1.130477, -18.46919 },
			orient = { {  0.736009,  0.000000, -0.676972 },
					   {  0.000000,  1.000000,  0.000000 },
					   {  0.676972,  0.000000,  0.736009 } }
		}
	},

	{
		entity_name = "char_trent_Mrk_Look_Over_Shoulder_Torso_L",
		type = MARKER,
		template_name = "",
		lt_grp = 0, srt_grp = 0, usr_flg = 0,
		spatialprops =
		{
			pos = { -26.19427, 0.602117, -17.96657 },
			orient = { {  0.736009,  0.000000, -0.676972 },
					   {  0.000000,  1.000000,  0.000000 },
					   {  0.676972,  0.000000,  0.736009 } }
		}
	},

	{
		entity_name = "char_trent_Mrk_Look_Over_Shoulder_Head_L",
		type = MARKER,
		template_name = "",
		lt_grp = 0, srt_grp = 0, usr_flg = 0,
		spatialprops =
		{
			pos = { -24.90479, 1.130477, -15.45105 },
			orient = { {  0.736009,  0.000000, -0.676972 },
					   {  0.000000,  1.000000,  0.000000 },
					   {  0.676972,  0.000000,  0.736009 } }
		}
	},

	{
		entity_name = "char_trent_Mrk_Torso_to_Juni",
		type = MARKER,
		template_name = "",
		lt_grp = 0, srt_grp = 0, usr_flg = 0,
		spatialprops =
		{
			pos = { -5.157953, 1.188618, -2.820147 },
			orient = { {  0.831811,  0.000000, -0.555058 },
					   {  0.000000,  1.000000,  0.000000 },
					   {  0.555058,  0.000000,  0.831811 } }
		}
	},

	{
		entity_name = "char_sinclair_Mrk_turn_to_Quintain_Torso",
		type = MARKER,
		template_name = "",
		lt_grp = 0, srt_grp = 0, usr_flg = 0,
		spatialprops =
		{
			pos = { -5.964419, 1.188618, -2.489518 },
			orient = { {  0.831811,  0.000000, -0.555058 },
					   {  0.000000,  1.000000,  0.000000 },
					   {  0.555058,  0.000000,  0.831811 } }
		}
	},

	{
		entity_name = "prop_gun_laser_Juni",
		type = COMPOUND,
		template_name = "prop_gun_laser_1",
		lt_grp = 0, srt_grp = 0, usr_flg = 0,
		flags = LIT_DYNAMIC,
		spatialprops =
		{
			pos = { 0, -1, 0 },
			orient = { { 1, 0, 0 }, { 0, 1, 0 }, { 0, 0, 1 } }
		},
		userprops =
		{
			category = "Prop",
		}
	},

	{
		entity_name = "char_sinclair_Mrk_Help_Quintain_U_Arm",
		type = MARKER,
		template_name = "",
		lt_grp = 0, srt_grp = 0, usr_flg = 0,
		spatialprops =
		{
			pos = { -24.09419, 1.320104, -18.66578 },
			orient = { {  0.242394,  0.000000, -0.970178 },
					   {  0.000000,  1.000000,  0.000000 },
					   {  0.970178,  0.000000,  0.242394 } }
		}
	},

	{
		entity_name = "char_sinclair_Mrk_Help_Quintain_L_Arm",
		type = MARKER,
		template_name = "",
		lt_grp = 0, srt_grp = 0, usr_flg = 0,
		spatialprops =
		{
			pos = { -24.14855, 1.484396, -18.74183 },
			orient = { {  0.242394,  0.000000, -0.970178 },
					   {  0.000000,  1.000000,  0.000000 },
					   {  0.970178,  0.000000,  0.242394 } }
		}
	},

	{
		entity_name = "char_big_man_mrk_eyes_Glance_men",
		type = MARKER,
		template_name = "",
		lt_grp = 0, srt_grp = 0, usr_flg = 0,
		spatialprops =
		{
			pos = { -24.84692, 1.604335, -20.13524 },
			orient = { { -0.569250,  0.000000,  0.822165 },
					   {  0.000000,  1.000000,  0.000000 },
					   { -0.822165,  0.000000, -0.569250 } }
		}
	},

	{
		entity_name = "char_big_man_mrk_Head_Glance_men",
		type = MARKER,
		template_name = "",
		lt_grp = 0, srt_grp = 0, usr_flg = 0,
		spatialprops =
		{
			pos = { -24.5262, 1.604335, -19.91318 },
			orient = { { -0.569250,  0.000000,  0.822165 },
					   {  0.000000,  1.000000,  0.000000 },
					   { -0.822165,  0.000000, -0.569250 } }
		}
	},

	{
		entity_name = "aCam_08_HighWide_Expendable_01_Alt",
		type = CAMERA,
		template_name = "",
		lt_grp = 0, srt_grp = 0, usr_flg = 0,
		spatialprops =
		{
			pos = { -22.56433, 7.688732, -22.93681 },
			orient = { { -0.910366,  0.000000, -0.413803 },
					   { -0.347470,  0.543055,  0.764432 },
					   {  0.224718,  0.839697, -0.494379 } }
		},
		cameraprops =
		{
			fovh = 30,
			hvaspect = 1.85,
			nearplane = 0.1,
			farplane = 1000
		}
	},

	{
		entity_name = "aCam_08_HighWide_Expendable_02_Alt",
		type = CAMERA,
		template_name = "",
		lt_grp = 0, srt_grp = 0, usr_flg = 0,
		spatialprops =
		{
			pos = { -22.99988, 6.061231, -21.9786 },
			orient = { { -0.956358,  0.092814, -0.277066 },
					   { -0.186766,  0.535065,  0.823908 },
					   {  0.224718,  0.839697, -0.494379 } }
		},
		cameraprops =
		{
			fovh = 30,
			hvaspect = 1.85,
			nearplane = 0.1,
			farplane = 10000
		}
	},

	{
		entity_name = "aCam_08_Trent_Looks_Back_Expendable",
		type = CAMERA,
		template_name = "",
		lt_grp = 0, srt_grp = 0, usr_flg = 0,
		spatialprops =
		{
			pos = { -24.81278, 1.610798, -20.73595 },
			orient = { { -0.966868,  0.000000,  0.255277 },
					   { -0.002722,  0.999943, -0.010309 },
					   { -0.255263, -0.010662, -0.966813 } }
		},
		cameraprops =
		{
			fovh = 20,
			hvaspect = 1.85,
			nearplane = 0.1,
			farplane = 1000
		}
	},

	{
		entity_name = "char_trent_Mrk_Head_Glance_Guards",
		type = MARKER,
		template_name = "",
		lt_grp = 0, srt_grp = 0, usr_flg = 0,
		spatialprops =
		{
			pos = { -25.28028, 1.574099, -20.9259 },
			orient = { {  0.558890,  0.000000, -0.829242 },
					   {  0.000000,  1.000000,  0.000000 },
					   {  0.829242,  0.000000,  0.558890 } }
		}
	},

	{
		entity_name = "aCam_09_Bodyguard_3_draws_gun",
		type = CAMERA,
		template_name = "",
		lt_grp = 0, srt_grp = 0, usr_flg = 0,
		spatialprops =
		{
			pos = { -22.81519, 1.543272, -19.37082 },
			orient = { { -0.933236,  0.000000,  0.359264 },
					   { -0.000880,  0.999997, -0.002285 },
					   { -0.359262, -0.002449, -0.933233 } }
		},
		cameraprops =
		{
			fovh = 20,
			hvaspect = 1.85,
			nearplane = 0.1,
			farplane = 1000
		}
	},

	{
		entity_name = "aCam_09_Bodyguard_2_draw_gun",
		type = CAMERA,
		template_name = "",
		lt_grp = 0, srt_grp = 0, usr_flg = 0,
		spatialprops =
		{
			pos = { -23.84698, 1.319842, -17.9605 },
			orient = { { -0.887411,  0.000000,  0.460979 },
					   { -0.068313,  0.988959, -0.131507 },
					   { -0.455889, -0.148192, -0.877613 } }
		},
		cameraprops =
		{
			fovh = 20,
			hvaspect = 1.85,
			nearplane = 0.1,
			farplane = 1000
		}
	},

	{
		entity_name = "aCam_09_Quintain_END",
		type = CAMERA,
		template_name = "",
		lt_grp = 0, srt_grp = 0, usr_flg = 0,
		spatialprops =
		{
			pos = { -25.11048, 1.725918, -20.83909 },
			orient = { { -0.945392,  0.000000,  0.325936 },
					   {  0.026587,  0.996668,  0.077116 },
					   { -0.324850,  0.081571, -0.942241 } }
		},
		cameraprops =
		{
			fovh = 20,
			hvaspect = 1.85,
			nearplane = 0.1,
			farplane = 1000
		}
	},

	{
		entity_name = "char_big_man_mrk_Snap_Back",
		type = MARKER,
		template_name = "",
		lt_grp = 0, srt_grp = 0, usr_flg = 0,
		spatialprops =
		{
			pos = { -25.77237, 0.981397, -19.1925 },
			orient = { {  0.062823,  0.000000,  0.998025 },
					   {  0.000000,  1.000000,  0.000000 },
					   { -0.998025,  0.000000,  0.062823 } }
		}
	},

	{
