duration = 68.277;

entities =
{

	{
		entity_name = "Layer_s039x_nrml_Akira_ku_02_Bar_01",
		type = SCENE,
		template_name = "",
		lt_grp = 0, srt_grp = 0, usr_flg = 0,
		spatialprops =
		{
			pos = { 0, 0, 0 },
			orient = { { 1, 0, 0 }, { 0, 1, 0 }, { 0, 0, 1 } }
		},
		up = Y_AXIS,
		front = Z_AXIS,
		ambient = { 128, 128, 128 }
	},

	{
		entity_name = "Char_Akira",
		type = DEFORMABLE,
		template_name = "akiro",
		lt_grp = 0, srt_grp = 0, usr_flg = 0,
		flags = LIT_DYNAMIC,
		spatialprops =
		{
			pos = { 2.11295, 0, -1.552284 },
			orient = { {  0.871911,  0.000000, -0.489665 },
					   {  0.000000,  1.000000,  0.000000 },
					   {  0.489665,  0.000000,  0.871911 } }
		},
		compoundprops =
		{
			floor_height = 0
		},
		userprops =
		{
			actor = "akira",
			category = "Character",
		}
	},

	{
		entity_name = "Char_Juni",
		type = DEFORMABLE,
		template_name = "juni",
		lt_grp = 0, srt_grp = 0, usr_flg = 0,
		flags = LIT_DYNAMIC,
		spatialprops =
		{
			pos = { 4.907302, 0, -5.996537 },
			orient = { { -0.164058,  0.000000, -0.986451 },
					   {  0.000000,  1.000000,  0.000000 },
					   {  0.986451,  0.000000, -0.164058 } }
		},
		compoundprops =
		{
			floor_height = 0
		},
		userprops =
		{
			actor = "juni",
			category = "Character",
		}
	},

	{
		entity_name = "Char_Trent",
		type = DEFORMABLE,
		template_name = "trent",
		lt_grp = 0, srt_grp = 0, usr_flg = 0,
		flags = LIT_DYNAMIC,
		spatialprops =
		{
			pos = { 4.016072, 0, -6.796057 },
			orient = { { -0.295029,  0.000000, -0.955488 },
					   {  0.000000,  1.000000,  0.000000 },
					   {  0.955488,  0.000000, -0.295029 } }
		},
		compoundprops =
		{
			floor_height = 0
		},
		userprops =
		{
			actor = "player",
			category = "Character",
		}
	},

	{
		entity_name = "dx_s039x_0101_Akira_1",
		type = SOUND,
		template_name = "dx_s039x_0101_Akira",
		lt_grp = 0, srt_grp = 0, usr_flg = 0,
		spatialprops =
		{
			pos = { 0, 0, 0 },
			orient = { { 1, 0, 0 }, { 0, 1, 0 }, { 0, 0, 1 } }
		},
		audioprops =
		{
			attenuation = -1,
			pan = 0,
			dmin = 50,
			dmax = 1000,
			ain = 360,
			aout = 360,
			atout = 0,
			rmix = 0,
		},
		userprops =
		{
			category = "Audio",
		}
	},

	{
		entity_name = "dx_s039x_0201_Akira_2",
		type = SOUND,
		template_name = "dx_s039x_0201_Akira",
		lt_grp = 0, srt_grp = 0, usr_flg = 0,
		spatialprops =
		{
			pos = { 0, 0, 0 },
			orient = { { 1, 0, 0 }, { 0, 1, 0 }, { 0, 0, 1 } }
		},
		audioprops =
		{
			attenuation = -1,
			pan = 0,
			dmin = 50,
			dmax = 1000,
			ain = 360,
			aout = 360,
			atout = 0,
			rmix = 0,
		},
		userprops =
		{
			category = "Audio",
		}
	},

	{
		entity_name = "dx_s039x_0501_Akira_6",
		type = SOUND,
		template_name = "dx_s039x_0501_Akira",
		lt_grp = 0, srt_grp = 0, usr_flg = 0,
		spatialprops =
		{
			pos = { 0, 0, 0 },
			orient = { { 1, 0, 0 }, { 0, 1, 0 }, { 0, 0, 1 } }
		},
		audioprops =
		{
			attenuation = -1,
			pan = 0,
			dmin = 50,
			dmax = 1000,
			ain = 360,
			aout = 360,
			atout = 0,
			rmix = 0,
		},
		userprops =
		{
			category = "Audio",
		}
	},

	{
		entity_name = "dx_s039x_0502_Akira_7",
		type = SOUND,
		template_name = "dx_s039x_0502_Akira",
		lt_grp = 0, srt_grp = 0, usr_flg = 0,
		spatialprops =
		{
			pos = { 0, 0, 0 },
			orient = { { 1, 0, 0 }, { 0, 1, 0 }, { 0, 0, 1 } }
		},
		audioprops =
		{
			attenuation = -1,
			pan = 0,
			dmin = 50,
			dmax = 1000,
			ain = 360,
			aout = 360,
			atout = 0,
			rmix = 0,
		},
		userprops =
		{
			category = "Audio",
		}
	},

	{
		entity_name = "dx_s039x_0503_Akira_9",
		type = SOUND,
		template_name = "dx_s039x_0503_Akira",
		lt_grp = 0, srt_grp = 0, usr_flg = 0,
		spatialprops =
		{
			pos = { 0, 0, 0 },
			orient = { { 1, 0, 0 }, { 0, 1, 0 }, { 0, 0, 1 } }
		},
		audioprops =
		{
			attenuation = -1,
			pan = 0,
			dmin = 50,
			dmax = 1000,
			ain = 360,
			aout = 360,
			atout = 0,
			rmix = 0,
		},
		userprops =
		{
			category = "Audio",
		}
	},

	{
		entity_name = "dx_s039x_0504_Akira_10",
		type = SOUND,
		template_name = "dx_s039x_0504_Akira",
		lt_grp = 0, srt_grp = 0, usr_flg = 0,
		spatialprops =
		{
			pos = { 0, 0, 0 },
			orient = { { 1, 0, 0 }, { 0, 1, 0 }, { 0, 0, 1 } }
		},
		audioprops =
		{
			attenuation = -1,
			pan = 0,
			dmin = 50,
			dmax = 1000,
			ain = 360,
			aout = 360,
			atout = 0,
			rmix = 0,
		},
		userprops =
		{
			category = "Audio",
		}
	},

	{
		entity_name = "dx_s039x_0601_Akira_12",
		type = SOUND,
		template_name = "dx_s039x_0601_Akira",
		lt_grp = 0, srt_grp = 0, usr_flg = 0,
		spatialprops =
		{
			pos = { 0, 0, 0 },
			orient = { { 1, 0, 0 }, { 0, 1, 0 }, { 0, 0, 1 } }
		},
		audioprops =
		{
			attenuation = -1,
			pan = 0,
			dmin = 50,
			dmax = 1000,
			ain = 360,
			aout = 360,
			atout = 0,
			rmix = 0,
		},
		userprops =
		{
			category = "Audio",
		}
	},

	{
		entity_name = "dx_s039x_0602_Akira_13",
		type = SOUND,
		template_name = "dx_s039x_0602_Akira",
		lt_grp = 0, srt_grp = 0, usr_flg = 0,
		spatialprops =
		{
			pos = { 0, 0, 0 },
			orient = { { 1, 0, 0 }, { 0, 1, 0 }, { 0, 0, 1 } }
		},
		audioprops =
		{
			attenuation = -1,
			pan = 0,
			dmin = 50,
			dmax = 1000,
			ain = 360,
			aout = 360,
			atout = 0,
			rmix = 0,
		},
		userprops =
		{
			category = "Audio",
		}
	},

	{
		entity_name = "dx_s039x_0801_juni_15",
		type = SOUND,
		template_name = "dx_s039x_0801_juni",
		lt_grp = 0, srt_grp = 0, usr_flg = 0,
		spatialprops =
		{
			pos = { 0, 0, 0 },
			orient = { { 1, 0, 0 }, { 0, 1, 0 }, { 0, 0, 1 } }
		},
		audioprops =
		{
			attenuation = -1,
			pan = 0,
			dmin = 50,
			dmax = 1000,
			ain = 360,
			aout = 360,
			atout = 0,
			rmix = 0,
		},
		userprops =
		{
			category = "Audio",
		}
	},

	{
		entity_name = "dx_s039x_0802_juni_16",
		type = SOUND,
		template_name = "dx_s039x_0802_juni",
		lt_grp = 0, srt_grp = 0, usr_flg = 0,
		spatialprops =
		{
			pos = { 0, 0, 0 },
			orient = { { 1, 0, 0 }, { 0, 1, 0 }, { 0, 0, 1 } }
		},
		audioprops =
		{
			attenuation = -1,
			pan = 0,
			dmin = 50,
			dmax = 1000,
			ain = 360,
			aout = 360,
			atout = 0,
			rmix = 0,
		},
		userprops =
		{
			category = "Audio",
		}
	},

	{
		entity_name = "dx_s039x_1001_juni_18",
		type = SOUND,
		template_name = "dx_s039x_1001_juni",
		lt_grp = 0, srt_grp = 0, usr_flg = 0,
		spatialprops =
		{
			pos = { 0, 0, 0 },
			orient = { { 1, 0, 0 }, { 0, 1, 0 }, { 0, 0, 1 } }
		},
		audioprops =
		{
			attenuation = -1,
			pan = 0,
			dmin = 50,
			dmax = 1000,
			ain = 360,
			aout = 360,
			atout = 0,
			rmix = 0,
		},
		userprops =
		{
			category = "Audio",
		}
	},

	{
		entity_name = "dx_s039x_1002_juni_19",
		type = SOUND,
		template_name = "dx_s039x_1002_juni",
		lt_grp = 0, srt_grp = 0, usr_flg = 0,
		spatialprops =
		{
			pos = { 0, 0, 0 },
			orient = { { 1, 0, 0 }, { 0, 1, 0 }, { 0, 0, 1 } }
		},
		audioprops =
		{
			attenuation = -1,
			pan = 0,
			dmin = 50,
			dmax = 1000,
			ain = 360,
			aout = 360,
			atout = 0,
			rmix = 0,
		},
		userprops =
		{
			category = "Audio",
		}
	},

	{
		entity_name = "dx_s039x_0401_Trent_2",
		type = SOUND,
		template_name = "dx_s039x_0401_Trent",
		lt_grp = 0, srt_grp = 0, usr_flg = 0,
		spatialprops =
		{
			pos = { 0, 0, 0 },
			orient = { { 1, 0, 0 }, { 0, 1, 0 }, { 0, 0, 1 } }
		},
		audioprops =
		{
			attenuation = -1,
			pan = 0,
			dmin = 50,
			dmax = 1000,
			ain = 360,
			aout = 360,
			atout = 0,
			rmix = 0,
		},
		userprops =
		{
			category = "Audio",
		}
	},

	{
		entity_name = "dx_s039x_0701_Trent_3",
		type = SOUND,
		template_name = "dx_s039x_0701_Trent",
		lt_grp = 0, srt_grp = 0, usr_flg = 0,
		spatialprops =
		{
			pos = { 0, 0, 0 },
			orient = { { 1, 0, 0 }, { 0, 1, 0 }, { 0, 0, 1 } }
		},
		audioprops =
		{
			attenuation = -1,
			pan = 0,
			dmin = 50,
			dmax = 1000,
			ain = 360,
			aout = 360,
			atout = 0,
			rmix = 0,
		},
		userprops =
		{
			category = "Audio",
		}
	},

	{
		entity_name = "dx_s039x_0901_Trent_4",
		type = SOUND,
		template_name = "dx_s039x_0901_Trent",
		lt_grp = 0, srt_grp = 0, usr_flg = 0,
		spatialprops =
		{
			pos = { 0, 0, 0 },
			orient = { { 1, 0, 0 }, { 0, 1, 0 }, { 0, 0, 1 } }
		},
		audioprops =
		{
			attenuation = -1,
			pan = 0,
			dmin = 50,
			dmax = 1000,
			ain = 360,
			aout = 360,
			atout = 0,
			rmix = 0,
		},
		userprops =
		{
			category = "Audio",
		}
	},

	{
		entity_name = "Cam_Monitor_s039x",
		type = MONITOR,
		template_name = "",
		lt_grp = 0, srt_grp = 0, usr_flg = 0,
		userprops =
		{
			Priority = "Monitor_Moving_1",
		}
	},

	{
		entity_name = "Char_T_Mk_begin",
		type = MARKER,
		template_name = "",
		lt_grp = 0, srt_grp = 0, usr_flg = 0,
		spatialprops =
		{
			pos = { 4.016072, 0, -6.796057 },
			orient = { { -0.295029,  0.000000, -0.955488 },
					   {  0.000000,  1.000000,  0.000000 },
					   {  0.955488,  0.000000, -0.295029 } }
		}
	},

	{
		entity_name = "Char_T_Mk_wlk01",
		type = MARKER,
		template_name = "",
		lt_grp = 0, srt_grp = 0, usr_flg = 0,
		spatialprops =
		{
			pos = { 2.017723, 0, -4.776213 },
			orient = { { -0.976977,  0.000000, -0.213346 },
					   {  0.000000,  1.000000,  0.000000 },
					   {  0.213346,  0.000000, -0.976977 } }
		}
	},

	{
		entity_name = "Char_T_Mk_wlk02",
		type = MARKER,
		template_name = "",
		lt_grp = 0, srt_grp = 0, usr_flg = 0,
		spatialprops =
		{
			pos = { 1.818009, 0, -4.309758 },
			orient = { { -0.991903,  0.000000, -0.127000 },
					   {  0.000000,  1.000000,  0.000000 },
					   {  0.127000,  0.000000, -0.991903 } }
		}
	},

	{
		entity_name = "Char_J_Mk_begin",
		type = MARKER,
		template_name = "",
		lt_grp = 0, srt_grp = 0, usr_flg = 0,
		spatialprops =
		{
			pos = { 4.907302, 0, -5.996537 },
			orient = { { -0.164058,  0.000000, -0.986451 },
					   {  0.000000,  1.000000,  0.000000 },
					   {  0.986451,  0.000000, -0.164058 } }
		}
	},

	{
		entity_name = "Char_T_Mk_wlk03",
		type = MARKER,
		template_name = "",
		lt_grp = 0, srt_grp = 0, usr_flg = 0,
		spatialprops =
		{
			pos = { 1.746573, 0, -3.036875 },
			orient = { { -0.998230,  0.000000, -0.059469 },
					   {  0.000000,  1.000000,  0.000000 },
					   {  0.059469,  0.000000, -0.998230 } }
		}
	},

	{
		entity_name = "Char_T_Mk_IK_pan01",
		type = MARKER,
		template_name = "",
		lt_grp = 0, srt_grp = 0, usr_flg = 0,
		spatialprops =
		{
			pos = { 0.894876, 1.698589, -4.902373 },
			orient = { { -0.025257, -0.000009, -0.999681 },
					   { -0.000011,  1.000000, -0.000008 },
					   {  0.999681,  0.000011, -0.025257 } }
		}
	},

	{
		entity_name = "Char_T_Mk_IK_pan02",
		type = MARKER,
		template_name = "",
		lt_grp = 0, srt_grp = 0, usr_flg = 0,
		spatialprops =
		{
			pos = { 0.543211, 1.698589, -6.654191 },
			orient = { { -0.025257, -0.000009, -0.999681 },
					   { -0.000011,  1.000000, -0.000008 },
					   {  0.999681,  0.000011, -0.025257 } }
		}
	},

	{
		entity_name = "Char_T_Mk_IK_pan",
		type = MARKER,
		template_name = "",
		lt_grp = 0, srt_grp = 0, usr_flg = 0,
		spatialprops =
		{
			pos = { 3.187243, 1.69857, -7.982535 },
			orient = { { -0.025257, -0.000009, -0.999681 },
					   { -0.000011,  1.000000, -0.000008 },
					   {  0.999681,  0.000011, -0.025257 } }
		}
	},

	{
		entity_name = "Char_J_Mk_IK_pan01",
		type = MARKER,
		template_name = "",
		lt_grp = 0, srt_grp = 0, usr_flg = 0,
		spatialprops =
		{
			pos = { 3.167715, 1.593303, -6.795321 },
			orient = { { -0.025257, -0.000009, -0.999681 },
					   { -0.000011,  1.000000, -0.000008 },
					   {  0.999681,  0.000011, -0.025257 } }
		}
	},

	{
		entity_name = "Char_J_Mk_IK_pan02",
		type = MARKER,
		template_name = "",
		lt_grp = 0, srt_grp = 0, usr_flg = 0,
		spatialprops =
		{
			pos = { 1.143467, 2.041494, -5.371852 },
			orient = { { -0.025257, -0.000009, -0.999681 },
					   { -0.000011,  1.000000, -0.000008 },
					   {  0.999681,  0.000011, -0.025257 } }
		}
	},

	{
		entity_name = "Char_J_Mk_IK_pan03",
		type = MARKER,
		template_name = "",
		lt_grp = 0, srt_grp = 0, usr_flg = 0,
		spatialprops =
		{
			pos = { 0.439883, 1.852755, -5.671799 },
			orient = { { -0.025257, -0.000009, -0.999681 },
					   { -0.000011,  1.000000, -0.000008 },
					   {  0.999681,  0.000011, -0.025257 } }
		}
	},

	{
		entity_name = "Char_J_Mk_IK_pan",
		type = MARKER,
		template_name = "",
		lt_grp = 0, srt_grp = 0, usr_flg = 0,
		spatialprops =
		{
			pos = { 3.167712, 1.835878, -6.795322 },
			orient = { { -0.025257, -0.000009, -0.999681 },
					   { -0.000011,  1.000000, -0.000008 },
					   {  0.999681,  0.000011, -0.025257 } }
		}
	},

	{
		entity_name = "Char_J_Mk_IK_Akira",
		type = MARKER,
		template_name = "",
		lt_grp = 0, srt_grp = 0, usr_flg = 0,
		spatialprops =
		{
			pos = { 1.618398, 1.822096, -4.156069 },
			orient = { { -0.025257, -0.000009, -0.999681 },
					   { -0.000011,  1.000000, -0.000008 },
					   {  0.999681,  0.000011, -0.025257 } }
		}
	},

	{
		entity_name = "Cam_07_3Shot_Akira_away",
		type = CAMERA,
		template_name = "",
		lt_grp = 0, srt_grp = 0, usr_flg = 0,
		spatialprops =
		{
			pos = { -0.396305, 1.691133, -4.534967 },
			orient = { { -0.597882,  0.000000,  0.801584 },
					   {  0.103234,  0.991672,  0.077000 },
					   { -0.794909,  0.128788, -0.592903 } }
		},
		cameraprops =
		{
			fovh = 20,
			hvaspect = 1.85,
			nearplane = 0.2,
			farplane = 100000
		}
	},

	{
		entity_name = "Char_A_Mk_step01",
		type = MARKER,
		template_name = "",
		lt_grp = 0, srt_grp = 0, usr_flg = 0,
		spatialprops =
		{
			pos = { 1.876909, 0, -1.882715 },
			orient = { {  0.748013, -0.000016, -0.663684 },
					   { -0.000010,  1.000000, -0.000036 },
					   {  0.663684,  0.000033,  0.748013 } }
		}
	},

	{
		entity_name = "Char_A_Mk_step02",
		type = MARKER,
		template_name = "",
		lt_grp = 0, srt_grp = 0, usr_flg = 0,
		spatialprops =
		{
			pos = { 1.46771, 0, -2.343908 },
			orient = { {  0.583028, -0.000023, -0.812452 },
					   { -0.000010,  1.000000, -0.000036 },
					   {  0.812452,  0.000029,  0.583028 } }
		}
	},

	{
		entity_name = "Char_All_Mk_Offscreen",
		type = MARKER,
		template_name = "",
		lt_grp = 0, srt_grp = 0, usr_flg = 0,
		spatialprops =
		{
			pos = { -8.959202, -0.000369, -9.143436 },
			orient = { {  0.748013, -0.000016, -0.663684 },
					   { -0.000010,  1.000000, -0.000036 },
					   {  0.663684,  0.000033,  0.748013 } }
		}
	},

	{
		entity_name = "Char_J_Mk_wlk01",
		type = MARKER,
		template_name = "",
		lt_grp = 0, srt_grp = 0, usr_flg = 0,
		spatialprops =
		{
			pos = { 1.57994, 0, -5.208471 },
			orient = { {  0.700591,  0.000000, -0.713563 },
					   {  0.000000,  1.000000,  0.000000 },
					   {  0.713563,  0.000000,  0.700591 } }
		}
	},

	{
		entity_name = "Char_A_Mk_Guard",
		type = MARKER,
		template_name = "",
		lt_grp = 0, srt_grp = 0, usr_flg = 0,
		spatialprops =
		{
			pos = { -1.264029, 1.692911, -4.014515 },
			orient = { {  0.583028, -0.000023, -0.812452 },
					   { -0.000010,  1.000000, -0.000036 },
					   {  0.812452,  0.000029,  0.583028 } }
		}
	},

	{
		entity_name = "Char_ku_male_guard_2",
		type = DEFORMABLE,
		template_name = "ku_male_guard_2",
		lt_grp = 0, srt_grp = 0, usr_flg = 0,
		flags = LIT_DYNAMIC,
		spatialprops =
		{
			pos = { -2.416114, 0, -7.536783 },
			orient = { { -0.789072,  0.000000,  0.614301 },
					   {  0.000000,  1.000000,  0.000000 },
					   { -0.614301,  0.000000, -0.789072 } }
		},
		compoundprops =
		{
			floor_height = 0
		},
		userprops =
		{
			Actor = "Akira_asst",
			category = "Character",
		}
	},

	{
		entity_name = "Char_A_Mk_step03",
		type = MARKER,
		template_name = "",
		lt_grp = 0, srt_grp = 0, usr_flg = 0,
		spatialprops =
		{
			pos = { 1.298285, 0, -2.46549 },
			orient = { {  0.725894, -0.000017, -0.687807 },
					   { -0.000010,  1.000000, -0.000036 },
					   {  0.687807,  0.000033,  0.725894 } }
		}
	},

	{
		entity_name = "Char_A_Mk_step04",
		type = MARKER,
		template_name = "",
		lt_grp = 0, srt_grp = 0, usr_flg = 0,
		spatialprops =
		{
			pos = { 0.993589, 0, -2.805261 },
			orient = { {  0.923249, -0.000005, -0.384202 },
					   { -0.000010,  1.000000, -0.000036 },
					   {  0.384202,  0.000037,  0.923249 } }
		}
	},

	{
		entity_name = "Char_A_Mk_step05",
		type = MARKER,
		template_name = "",
		lt_grp = 0, srt_grp = 0, usr_flg = 0,
		spatialprops =
		{
			pos = { 0.615111, 0, -3.399968 },
			orient = { {  0.993945,  0.000006, -0.109883 },
					   { -0.000010,  1.000000, -0.000036 },
					   {  0.109883,  0.000037,  0.993945 } }
		}
	},

	{
		entity_name = "Char_A_Mk_step06",
		type = MARKER,
		template_name = "",
		lt_grp = 0, srt_grp = 0, usr_flg = 0,
		spatialprops =
		{
			pos = { 0.523447, 0, -4.229118 },
			orient = { {  0.943754, -0.000002, -0.330649 },
					   { -0.000010,  1.000000, -0.000036 },
					   {  0.330649,  0.000037,  0.943754 } }
		}
	},

	{
		entity_name = "Char_A_Mk_step07",
		type = MARKER,
		template_name = "",
		lt_grp = 0, srt_grp = 0, usr_flg = 0,
		spatialprops =
		{
			pos = { 0.286306, 0, -4.905978 },
			orient = { {  0.833682, -0.000011, -0.552245 },
					   { -0.000010,  1.000000, -0.000036 },
					   {  0.552245,  0.000036,  0.833682 } }
		}
	},

	{
		entity_name = "Char_A_Mk_step08",
		type = MARKER,
		template_name = "",
		lt_grp = 0, srt_grp = 0, usr_flg = 0,
		spatialprops =
		{
			pos = { -0.049108, 0, -5.412327 },
			orient = { {  0.614953, -0.000022, -0.788564 },
					   { -0.000010,  1.000000, -0.000036 },
					   {  0.788564,  0.000030,  0.614953 } }
		}
	},

	{
		entity_name = "Char_ku_m_guard_Mk_Attach",
		type = MARKER,
		template_name = "",
		lt_grp = 0, srt_grp = 0, usr_flg = 0,
		spatialprops =
		{
			pos = { -0.07706, 0, -5.351272 },
			orient = { { -0.723412,  0.000000, -0.690416 },
					   {  0.000000,  1.000000,  0.000000 },
					   {  0.690416,  0.000000, -0.723412 } }
		}
	},

	{
		entity_name = "Char_ku_m_guard_Mk_01",
		type = MARKER,
		template_name = "",
		lt_grp = 0, srt_grp = 0, usr_flg = 0,
		spatialprops =
		{
			pos = { -2.369837, 0, -7.48908 },
			orient = { {  0.884802,  0.000000, -0.465967 },
					   {  0.000000,  1.000000,  0.000000 },
					   {  0.465967,  0.000000,  0.884802 } }
		}
	},

	{
		entity_name = "Char_ku_m_guard_Mk_02",
		type = MARKER,
		template_name = "",
		lt_grp = 0, srt_grp = 0, usr_flg = 0,
		spatialprops =
		{
			pos = { -2.73195, 0, -8.17668 },
			orient = { {  0.988995,  0.000000, -0.147947 },
					   {  0.000000,  1.000000,  0.000000 },
					   {  0.147947,  0.000000,  0.988995 } }
		}
	},

	{
		entity_name = "Char_T_Mk_IK_end",
		type = MARKER,
		template_name = "",
		lt_grp = 0, srt_grp = 0, usr_flg = 0,
		spatialprops =
		{
			pos = { 1.618399, 1.656783, -4.156067 },
			orient = { { -0.025257, -0.000009, -0.999681 },
					   { -0.000011,  1.000000, -0.000008 },
					   {  0.999681,  0.000011, -0.025257 } }
		}
	},

	{
		entity_name = "Cam_07_Path_1",
		type = MOTION_PATH,
		template_name = "",
		lt_grp = 0, srt_grp = 0, usr_flg = 0,
		spatialprops =
		{
			pos = { 0, 0, 0 },
			orient = { { 1, 0, 0 }, { 0, 1, 0 }, { 0, 0, 1 } }
		},
		pathprops =
		{
			path_type = "CV_CROrientationSplinePath",
			path_data = "OPEN,{-0.396305,1.691133,-4.534967}, {-0.447461,0.028934,0.891972,0.057678}, {-0.463016,1.778709,-2.691100}, {0.843911,-0.012105,-0.535208,-0.034938}, {0.663504,1.798419,-1.143777}, {1.000000,0.000000,0.000000,0.000000}, {4.034175,1.726500,-1.354599}, {0.907116,-0.070142,0.413761,0.031994}, "
		}
	},

	{
		entity_name = "Cam_07_Path_2_Mk",
		type = MOTION_PATH,
		template_name = "",
		lt_grp = 0, srt_grp = 0, usr_flg = 0,
		spatialprops =
		{
			pos = { 0, 0, 0 },
			orient = { { 1, 0, 0 }, { 0, 1, 0 }, { 0, 0, 1 } }
		},
		pathprops =
		{
			path_type = "CV_CROrientationSplinePath",
			path_data = "OPEN,{0.632713,1.524415,-3.767447}, {-0.447461,0.028934,0.891972,0.057678}, {0.641393,1.576916,-3.147633}, {0.846631,-0.011959,-0.530987,-0.033560}, {1.090065,1.577216,-2.389322}, {1.000000,0.000000,0.000000,0.000000}, {1.950433,1.593287,-2.262100}, {0.970099,-0.033524,0.239708,0.018012}, {2.789582,1.470083,-2.435055}, {0.907116,-0.070142,0.413761,0.031994}, "
		}
	},

	{
		entity_name = "Cam_07_Mk",
		type = MARKER,
		template_name = "",
		lt_grp = 0, srt_grp = 0, usr_flg = 0,
		spatialprops =
		{
			pos = { 0.621384, 1.546064, -3.815771 },
			orient = { { -0.576515,  0.000000,  0.817087 },
					   {  0.101705,  0.992223,  0.071760 },
					   { -0.810732,  0.124472, -0.572031 } }
		}
	},

	{
		entity_name = "Cam_06_guard",
		type = CAMERA,
		template_name = "",
		lt_grp = 0, srt_grp = 0, usr_flg = 0,
		spatialprops =
		{
			pos = { 2.270052, 1.791751, -0.035802 },
			orient = { {  0.968240,  0.000000, -0.250021 },
					   { -0.038055,  0.988349, -0.147373 },
					   {  0.247108,  0.152207,  0.956959 } }
		},
		cameraprops =
		{
			fovh = 20,
			hvaspect = 1.85,
			nearplane = 0.5,
			farplane = 100000
		}
	},

	{
		entity_name = "Cam_10_Path_1",
		type = MOTION_PATH,
		template_name = "",
		lt_grp = 0, srt_grp = 0, usr_flg = 0,
		spatialprops =
		{
			pos = { 0, 0, 0 },
			orient = { { 1, 0, 0 }, { 0, 1, 0 }, { 0, 0, 1 } }
		},
		pathprops =
		{
			path_type = "CV_CROrientationSplinePath",
			path_data = "OPEN,{5.129045,1.790194,-3.333717}, {0.731839,-0.060335,0.676506,0.055773}, {4.405651,1.445864,-4.957530}, {0.746254,-0.022698,0.664988,0.019519}, {3.074437,1.301651,-7.509618}, {0.212946,-0.004389,0.976974,0.012478}, "
		}
	},

	{
		entity_name = "Char_J_Mk_IK_Akira02",
		type = MARKER,
		template_name = "",
		lt_grp = 0, srt_grp = 0, usr_flg = 0,
		spatialprops =
		{
			pos = { 2.062632, 2.080845, -1.704708 },
			orient = { { -0.025257, -0.000009, -0.999681 },
					   { -0.000011,  1.000000, -0.000008 },
					   {  0.999681,  0.000011, -0.025257 } }
		}
	},

	{
		entity_name = "Char_T_Mk_IK_pan03",
		type = MARKER,
		template_name = "",
		lt_grp = 0, srt_grp = 0, usr_flg = 0,
		spatialprops =
		{
			pos = { 0.385023, 2.086267, -5.996608 },
			orient = { { -0.025257, -0.000009, -0.999681 },
					   { -0.000011,  1.000000, -0.000008 },
					   {  0.999681,  0.000011, -0.025257 } }
		}
	},

	{
		entity_name = "Char_A_Mk_wlkng_away02",
		type = MARKER,
		template_name = "",
		lt_grp = 0, srt_grp = 0, usr_flg = 0,
		spatialprops =
		{
			pos = { -0.609202, 1.720416, -4.80993 },
			orient = { {  0.583028, -0.000023, -0.812452 },
					   { -0.000010,  1.000000, -0.000036 },
					   {  0.812452,  0.000029,  0.583028 } }
		}
	},

	{
		entity_name = "Char_A_Mk_wlkng_away01",
		type = MARKER,
		template_name = "",
		lt_grp = 0, srt_grp = 0, usr_flg = 0,
		spatialprops =
		{
			pos = { 1.611213, 1.636169, -3.226651 },
			orient = { {  0.583028, -0.000023, -0.812452 },
					   { -0.000010,  1.000000, -0.000036 },
					   {  0.812452,  0.000029,  0.583028 } }
		}
	},

	{
		entity_name = "Char_J_Mk_IK_look_end",
		type = MARKER,
		template_name = "",
		lt_grp = 0, srt_grp = 0, usr_flg = 0,
		spatialprops =
		{
			pos = { -3.081702, 2.752981, -9.507446 },
			orient = { { -0.025257, -0.000009, -0.999681 },
					   { -0.000011,  1.000000, -0.000008 },
					   {  0.999681,  0.000011, -0.025257 } }
		}
	},

	{
		entity_name = "Char_T_Mk_IK_end_dwn",
		type = MARKER,
		template_name = "",
		lt_grp = 0, srt_grp = 0, usr_flg = 0,
		spatialprops =
		{
			pos = { 1.215258, 1.489616, -4.193819 },
			orient = { { -0.025257, -0.000009, -0.999681 },
					   { -0.000011,  1.000000, -0.000008 },
					   {  0.999681,  0.000011, -0.025257 } }
		}
	},

	{
		entity_name = "Char_J_Mk_wlk02",
		type = MARKER,
		template_name = "",
		lt_grp = 0, srt_grp = 0, usr_flg = 0,
		spatialprops =
		{
			pos = { 0.477374, 0, -5.636373 },
			orient = { {  0.543485,  0.000000, -0.839419 },
					   {  0.000000,  1.000000,  0.000000 },
					   {  0.839419,  0.000000,  0.543485 } }
		}
	},

	{
		entity_name = "Char_J_Mk_wlk03",
		type = MARKER,
		template_name = "",
		lt_grp = 0, srt_grp = 0, usr_flg = 0,
		spatialprops =
		{
			pos = { -0.38896, 0, -6.447758 },
			orient = { {  0.446968,  0.000000, -0.894550 },
					   {  0.000000,  1.000000,  0.000000 },
					   {  0.894550,  0.000000,  0.446968 } }
		}
	},

	{
		entity_name = "Cam_01_Open_AJ_End",
		type = CAMERA,
		template_name = "",
		lt_grp = 0, srt_grp = 0, usr_flg = 0,
		spatialprops =
		{
			pos = { 1.279769, 1.783958, 0.10788 },
			orient = { {  0.971665,  0.000000,  0.236364 },
					   {  0.027899,  0.993010, -0.114687 },
					   { -0.234712,  0.118032,  0.964872 } }
		},
		cameraprops =
		{
			fovh = 15,
			hvaspect = 1.85,
			nearplane = 0.1,
			farplane = 100000
		}
	},

	{
		entity_name = "Cam_03_OTS_Trent_Juni01",
		type = CAMERA,
		template_name = "",
		lt_grp = 0, srt_grp = 0, usr_flg = 0,
		spatialprops =
		{
			pos = { -0.760596, 1.647509, -4.700322 },
			orient = { { -0.572926,  0.000000,  0.819607 },
					   {  0.101951,  0.992233,  0.071266 },
					   { -0.813242,  0.124390, -0.568476 } }
		},
		cameraprops =
		{
			fovh = 20,
			hvaspect = 1.85,
			nearplane = 0.2,
			farplane = 100000
		}
	},

	{
		entity_name = "Char_J_Mk_IK_torso",
		type = MARKER,
		template_name = "",
		lt_grp = 0, srt_grp = 0, usr_flg = 0,
		spatialprops =
		{
			pos = { 2.385441, 1.155529, -2.672111 },
			orient = { { -0.025257, -0.000009, -0.999681 },
					   { -0.000011,  1.000000, -0.000008 },
					   {  0.999681,  0.000011, -0.025257 } }
		}
	},

	{
		entity_name = "Char_J_Mk_IK_Trent",
		type = MARKER,
		template_name = "",
		lt_grp = 0, srt_grp = 0, usr_flg = 0,
		spatialprops =
		{
			pos = { 1.662465, 1.710567, -2.681926 },
			orient = { { -0.025257, -0.000009, -0.999681 },
					   { -0.000011,  1.000000, -0.000008 },
					   {  0.999681,  0.000011, -0.025257 } }
		}
	},

	{
		entity_name = "Char_J_Mk_IK_A_wlkg_away01",
		type = MARKER,
		template_name = "",
		lt_grp = 0, srt_grp = 0, usr_flg = 0,
		spatialprops =
		{
			pos = { 1.562227, 1.710565, -2.84481 },
			orient = { { -0.025257, -0.000009, -0.999681 },
					   { -0.000011,  1.000000, -0.000008 },
					   {  0.999681,  0.000011, -0.025257 } }
		}
	},

	{
		entity_name = "Char_J_Mk_IK_A_wlkg_away02",
		type = MARKER,
		template_name = "",
		lt_grp = 0, srt_grp = 0, usr_flg = 0,
		spatialprops =
		{
			pos = { 1.574736, 1.71056, -3.420635 },
			orient = { { -0.025257, -0.000009, -0.999681 },
					   { -0.000011,  1.000000, -0.000008 },
					   {  0.999681,  0.000011, -0.025257 } }
		}
	},

	{
		entity_name = "Char_T_Mk_IK_twds_J",
		type = MARKER,
		template_name = "",
		lt_grp = 0, srt_grp = 0, usr_flg = 0,
		spatialprops =
		{
			pos = { 2.016557, 1.656799, -2.711257 },
			orient = { { -0.025257, -0.000009, -0.999681 },
					   { -0.000011,  1.000000, -0.000008 },
					   {  0.999681,  0.000011, -0.025257 } }
		}
	},

	{
		entity_name = "Cam_03_OTS_Trent_Juni02",
		type = CAMERA,
		template_name = "",
		lt_grp = 0, srt_grp = 0, usr_flg = 0,
		spatialprops =
		{
			pos = { 0.945346, 1.718282, -2.742256 },
			orient = { { -0.662860,  0.000000,  0.748743 },
					   {  0.082888,  0.993854,  0.073380 },
					   { -0.744141,  0.110703, -0.658786 } }
		},
		cameraprops =
		{
			fovh = 20,
			hvaspect = 1.85,
			nearplane = 0.2,
			farplane = 100000
		}
	},

	{
		entity_name = "Cam_04_TwoShot_Trent_Juni",
		type = CAMERA,
		template_name = "",
		lt_grp = 0, srt_grp = 0, usr_flg = 0,
		spatialprops =
		{
			pos = { 1.359055, 1.780078, -0.695283 },
			orient = { {  0.981656,  0.000000,  0.190659 },
					   {  0.021455,  0.993648, -0.110467 },
					   { -0.189448,  0.112531,  0.975421 } }
		},
		cameraprops =
		{
			fovh = 15,
			hvaspect = 1.85,
			nearplane = 0.5,
			farplane = 100000
		}
	},

	{
		entity_name = "Cam_05_3Shot_Akira",
		type = CAMERA,
		template_name = "",
		lt_grp = 0, srt_grp = 0, usr_flg = 0,
		spatialprops =
		{
			pos = { 0.142122, 1.778205, -3.924762 },
			orient = { { -0.572937,  0.000000,  0.819600 },
					   {  0.130208,  0.987300,  0.091021 },
					   { -0.809191,  0.158867, -0.565660 } }
		},
		cameraprops =
		{
			fovh = 20,
			hvaspect = 1.85,
			nearplane = 0.2,
			farplane = 100000
		}
	},

	{
		entity_name = "Cam_02a_3Shot_OTS_Akira_Tighter",
		type = CAMERA,
		template_name = "",
		lt_grp = 0, srt_grp = 0, usr_flg = 0,
		spatialprops =
		{
			pos = { 1.235266, 1.858922, -0.108573 },
			orient = { {  0.962303,  0.000000,  0.271980 },
					   {  0.053995,  0.980096, -0.191041 },
					   { -0.266567,  0.198525,  0.943149 } }
		},
		cameraprops =
		{
			fovh = 20,
			hvaspect = 1.85,
			nearplane = 0.5,
			farplane = 100000
		}
	},

	{
		entity_name = "Cam_03_OTS_Trent_Juni01a",
		type = CAMERA,
		template_name = "",
		lt_grp = 0, srt_grp = 0, usr_flg = 0,
		spatialprops =
		{
			pos = { -0.510592, 1.699257, -4.530704 },
			orient = { { -0.572926,  0.000000,  0.819607 },
					   {  0.109044,  0.991110,  0.076225 },
					   { -0.812321,  0.133044, -0.567833 } }
		},
		cameraprops =
		{
			fovh = 20,
			hvaspect = 1.85,
			nearplane = 0.2,
			farplane = 100000
		}
	},

	{
		entity_name = "Cam_02b_3Shot_OTS_Akira_Tighter",
		type = CAMERA,
		template_name = "",
		lt_grp = 0, srt_grp = 0, usr_flg = 0,
		spatialprops =
		{
			pos = { 0.75416, 1.883672, -0.229762 },
			orient = { {  0.878530,  0.000000,  0.477687 },
					   {  0.098206,  0.978639, -0.180615 },
					   { -0.467483,  0.205587,  0.859763 } }
		},
		cameraprops =
		{
			fovh = 20,
			hvaspect = 1.85,
			nearplane = 0.5,
			farplane = 100000
		}
	},

	{
		entity_name = "Cam_10_Tr_J_End_01",
		type = CAMERA,
		template_name = "",
		lt_grp = 0, srt_grp = 0, usr_flg = 0,
		spatialprops =
		{
			pos = { 5.129045, 1.790194, -3.333717 },
			orient = { {  0.078458,  0.000000, -0.996917 },
					   { -0.163268,  0.986498, -0.012849 },
					   {  0.983457,  0.163773,  0.077399 } }
		},
		cameraprops =
		{
			fovh = 20,
			hvaspect = 1.85,
			nearplane = 0.1,
			farplane = 100000
		}
	},

	{
		entity_name = "Char_A_Mk_arm",
		type = MARKER,
		template_name = "",
		lt_grp = 0, srt_grp = 0, usr_flg = 0,
		spatialprops =
		{
			pos = { 2.228723, 1.113936, -1.838936 },
			orient = { {  0.583028, -0.000023, -0.812452 },
					   { -0.000010,  1.000000, -0.000036 },
					   {  0.812452,  0.000029,  0.583028 } }
		}
	},

	{
		entity_name = "Char_A_Mk_elbow",
		type = MARKER,
		template_name = "",
		lt_grp = 0, srt_grp = 0, usr_flg = 0,
		spatialprops =
		{
			pos = { 1.899936, 0.977679, -2.192461 },
			orient = { {  0.583028, -0.000023, -0.812452 },
					   { -0.000010,  1.000000, -0.000036 },
					   {  0.812452,  0.000029,  0.583028 } }
		}
	},

	{
		entity_name = "Char_A_Mk_hand",
		type = MARKER,
		template_name = "",
		lt_grp = 0, srt_grp = 0, usr_flg = 0,
		spatialprops =
		{
			pos = { 1.868875, 1.124704, -2.353726 },
			orient = { {  0.583028, -0.000023, -0.812452 },
					   { -0.000010,  1.000000, -0.000036 },
					   {  0.812452,  0.000029,  0.583028 } }
		}
	},

	{
		entity_name = "dx_s039x_0505_Akira_1",
		type = SOUND,
		template_name = "dx_s039x_0505_Akira",
		lt_grp = 0, srt_grp = 0, usr_flg = 0,
		spatialprops =
		{
			pos = { 0, 0, 0 },
			orient = { { 1, 0, 0 }, { 0, 1, 0 }, { 0, 0, 1 } }
		},
		audioprops =
		{
			attenuation = 0,
			pan = 0,
			dmin = 50,
			dmax = 300,
			ain = 360,
			aout = 360,
			atout = 0,
			rmix = 0,
		},
		userprops =
		{
			category = "Audio",
		}
	},

	{
		entity_name = "Cam_01_Open_2",
		type = CAMERA,
		template_name = "",
		lt_grp = 0, srt_grp = 0, usr_flg = 0,
		spatialprops =
		{
			pos = { -2.939594, 1.911027, -4.027555 },
			orient = { {  0.361141,  0.000000,  0.932511 },
					   {  0.146029,  0.987662, -0.056554 },
					   { -0.921007,  0.156598,  0.356685 } }
		},
		cameraprops =
		{
			fovh = 15,
			hvaspect = 1.85,
			nearplane = 0.1,
			farplane = 100000
		}
	},

	{
		entity_name = "Cam_01_Open_1",
		type = CAMERA,
		template_name = "",
		lt_grp = 0, srt_grp = 0, usr_flg = 0,
		spatialprops =
		{
			pos = { -3.900173, 4.130821, -3.97931 },
			orient = { {  0.430807,  0.000000,  0.902444 },
					   {  0.006978,  0.999970, -0.003331 },
					   { -0.902417,  0.007733,  0.430794 } }
		},
		cameraprops =
		{
			fovh = 20,
			hvaspect = 1.85,
			nearplane = 0.1,
			farplane = 100000
		}
	},

	{
		entity_name = "Cam_08a_OTS_on_Juni",
		type = CAMERA,
		template_name = "",
		lt_grp = 0, srt_grp = 0, usr_flg = 0,
		spatialprops =
		{
			pos = { 0.823232, 1.83143, -1.307403 },
			orient = { {  0.930352,  0.000000,  0.366667 },
					   {  0.051734,  0.989996, -0.131267 },
					   { -0.362999,  0.141093,  0.921045 } }
		},
		cameraprops =
		{
			fovh = 15,
			hvaspect = 1.85,
			nearplane = 0.1,
			farplane = 100000
		}
	},

	{
		entity_name = "Cam_09a_OTS_on_Trent",
		type = CAMERA,
		template_name = "",
		lt_grp = 0, srt_grp = 0, usr_flg = 0,
		spatialprops =
		{
			pos = { 3.832725, 1.763846, -2.633877 },
			orient = { {  0.345534,  0.000000, -0.938406 },
					   { -0.108987,  0.993233, -0.040130 },
					   {  0.932056,  0.116140,  0.343196 } }
		},
		cameraprops =
		{
			fovh = 15,
			hvaspect = 1.85,
			nearplane = 0.2,
			farplane = 100000
		}
	},

	{
		entity_name = "Cam_08a_OTS_on_Juni_copy_1",
		type = CAMERA,
		template_name = "",
		lt_grp = 0, srt_grp = 0, usr_flg = 0,
		spatialprops =
		{
			pos = { -0.567148, 1.831856, -1.567871 },
			orient = { {  0.593265,  0.000000,  0.805007 },
					   {  0.116399,  0.989491, -0.085782 },
					   { -0.796548,  0.144593,  0.587030 } }
		},
		cameraprops =
		{
			fovh = 15,
			hvaspect = 1.85,
			nearplane = 0.1,
			farplane = 100000
		}
	},

	{
		entity_name = "Cam_09a_OTS_on_Trent_copy_1",
		type = CAMERA,
		template_name = "",
		lt_grp = 0, srt_grp = 0, usr_flg = 0,
		spatialprops =
		{
			pos = { 3.987838, 1.761475, -3.106175 },
			orient = { {  0.156190,  0.000000, -0.987727 },
					   { -0.114024,  0.993314, -0.018031 },
					   {  0.981123,  0.115441,  0.155146 } }
		},
		cameraprops =
		{
			fovh = 15,
			hvaspect = 1.85,
			nearplane = 0.2,
			farplane = 100000
		}
	},

	{
		entity_name = "dx_s039x_0301_Akira_1",
		type = SOUND,
		template_name = "dx_s039x_0301_Akira",
		lt_grp = 0, srt_grp = 0, usr_flg = 0,
		spatialprops =
		{
			pos = { 0, 0, 0 },
			orient = { { 1, 0, 0 }, { 0, 1, 0 }, { 0, 0, 1 } }
		},
		audioprops =
		{
			attenuation = 0,
			pan = 0,
			dmin = 50,
			dmax = 300,
			ain = 360,
			aout = 360,
			atout = 0,
			rmix = 0,
		},
		userprops =
		{
			category = "Audio",
		}
	},

	{
		entity_name = "Char_Trent_sfx_fstop_male05_39",
		type = SOUND,
		template_name = "sfx_fstop_male05",
		lt_grp = 0, srt_grp = 0, usr_flg = 0,
		spatialprops =
		{
			pos = { 0, 0, 0 },
			orient = { { 1, 0, 0 }, { 0, 1, 0 }, { 0, 0, 1 } }
		},
		audioprops =
		{
			pan = -8,
			dmin = 50,
			dmax = 300,
			ain = 360,
			aout = 360,
			atout = 0,
			rmix = 0,
		},
		userprops =
		{
			category = "Audio",
			Priority = "Steps_4",
		}
	},

	{
		entity_name = "Char_Juni_fs_fl_hard01_41",
		type = SOUND,
		template_name = "fs_fl_hard01",
		lt_grp = 0, srt_grp = 0, usr_flg = 0,
		spatialprops =
		{
			pos = { 0, 0, 0 },
			orient = { { 1, 0, 0 }, { 0, 1, 0 }, { 0, 0, 1 } }
		},
		audioprops =
		{
			attenuation = -22,
			pan = 30,
			dmax = 300,
			ain = 360,
			aout = 360,
			atout = 0,
			rmix = 0,
		},
		userprops =
		{
			category = "Audio",
			Priority = "Steps_4",
		}
	},

	{
		entity_name = "Char_Trent_fs_ml_hard01_42",
		type = SOUND,
		template_name = "fs_ml_hard01",
		lt_grp = 0, srt_grp = 0, usr_flg = 0,
		spatialprops =
		{
			pos = { 0, 0, 0 },
			orient = { { 1, 0, 0 }, { 0, 1, 0 }, { 0, 0, 1 } }
		},
		audioprops =
		{
			attenuation = -20,
			pan = 0,
			dmin = 50,
			dmax = 300,
			aout = 360,
			atout = 0,
			rmix = 0,
		},
		userprops =
		{
			category = "Audio",
			Priority = "Steps_4",
		}
	},

	{
		entity_name = "Char_Trent_fs_ml_hard02_43",
		type = SOUND,
		template_name = "fs_ml_hard02",
		lt_grp = 0, srt_grp = 0, usr_flg = 0,
		spatialprops =
		{
			pos = { 0, 0, 0 },
			orient = { { 1, 0, 0 }, { 0, 1, 0 }, { 0, 0, 1 } }
		},
		audioprops =
		{
			attenuation = -22,
			pan = -20,
			dmin = 50,
			dmax = 300,
			ain = 360,
			aout = 360,
			rmix = 0,
		},
		userprops =
		{
			category = "Audio",
			Priority = "Steps_4",
		}
	},

	{
		entity_name = "Char_Trent_fs_mr_hard02_44",
		type = SOUND,
		template_name = "fs_mr_hard02",
		lt_grp = 0, srt_grp = 0, usr_flg = 0,
		spatialprops =
		{
			pos = { 0, 0, 0 },
			orient = { { 1, 0, 0 }, { 0, 1, 0 }, { 0, 0, 1 } }
		},
		audioprops =
		{
			attenuation = -20,
			pan = -5,
			dmin = 50,
			dmax = 300,
			ain = 360,
			aout = 360,
			atout = 0,
			rmix = 0,
		},
		userprops =
		{
			category = "Audio",
			Priority = "Steps_4",
		}
	},

	{
		entity_name = "Char_Juni_fs_fl_hard02_45",
		type = SOUND,
		template_name = "fs_fl_hard02",
		lt_grp = 0, srt_grp = 0, usr_flg = 0,
		spatialprops =
		{
			pos = { 0, 0, 0 },
			orient = { { 1, 0, 0 }, { 0, 1, 0 }, { 0, 0, 1 } }
		},
		audioprops =
		{
			attenuation = -22,
			pan = 5,
			dmin = 50,
			dmax = 300,
			ain = 360,
			aout = 360,
			atout = 0,
			rmix = 0,
		},
		userprops =
		{
			category = "Audio",
			Priority = "Steps_4",
		}
	},

	{
		entity_name = "Char_Juni_sfx_fstop_female02_46",
		type = SOUND,
		template_name = "sfx_fstop_female02",
		lt_grp = 0, srt_grp = 0, usr_flg = 0,
		spatialprops =
		{
			pos = { 0, 0, 0 },
			orient = { { 1, 0, 0 }, { 0, 1, 0 }, { 0, 0, 1 } }
		},
		audioprops =
		{
			attenuation = -22,
			pan = 17,
			dmin = 50,
			dmax = 300,
			ain = 360,
			aout = 360,
			atout = 0,
			rmix = 0,
		},
		userprops =
		{
			category = "Audio",
			Priority = "Steps_4",
		}
	},

	{
		entity_name = "Char_Juni_sfx_fstop_female01_47",
		type = SOUND,
		template_name = "sfx_fstop_female01",
		lt_grp = 0, srt_grp = 0, usr_flg = 0,
		spatialprops =
		{
			pos = { 0, 0, 0 },
			orient = { { 1, 0, 0 }, { 0, 1, 0 }, { 0, 0, 1 } }
		},
		audioprops =
		{
			attenuation = -20,
			pan = 10,
			dmin = 50,
			dmax = 300,
			ain = 360,
			aout = 360,
			atout = 0,
			rmix = 0,
		},
		userprops =
		{
			category = "Audio",
			Priority = "Steps_4",
		}
	},

	{
		entity_name = "Char_Akira_fs_mr_hard04_1",
		type = SOUND,
		template_name = "fs_mr_hard04",
		lt_grp = 0, srt_grp = 0, usr_flg = 0,
		spatialprops =
		{
			pos = { 0, 0, 0 },
			orient = { { 1, 0, 0 }, { 0, 1, 0 }, { 0, 0, 1 } }
		},
		audioprops =
		{
			attenuation = -22,
			pan = 20,
			dmin = 50,
			dmax = 300,
			ain = 360,
			aout = 360,
			atout = 0,
			rmix = 0,
		},
		userprops =
		{
			category = "Audio",
			Priority = "Steps_4",
		}
	},

	{
		entity_name = "Char_Akira_sfx_fstop_male04_2",
		type = SOUND,
		template_name = "sfx_fstop_male04",
		lt_grp = 0, srt_grp = 0, usr_flg = 0,
		spatialprops =
		{
			pos = { 0, 0, 0 },
			orient = { { 1, 0, 0 }, { 0, 1, 0 }, { 0, 0, 1 } }
		},
		audioprops =
		{
			attenuation = -22,
			pan = 30,
			dmin = 50,
			dmax = 300,
			ain = 360,
			aout = 360,
			atout = 0,
			rmix = 0,
		},
		userprops =
		{
			category = "Audio",
			Priority = "Steps_4",
		}
	},

	{
		entity_name = "Char_Akira_fs_mr_hard03_3",
		type = SOUND,
		template_name = "fs_mr_hard03",
		lt_grp = 0, srt_grp = 0, usr_flg = 0,
		spatialprops =
		{
			pos = { 0, 0, 0 },
			orient = { { 1, 0, 0 }, { 0, 1, 0 }, { 0, 0, 1 } }
		},
		audioprops =
		{
			attenuation = -22,
			pan = 30,
			dmin = 50,
			dmax = 300,
			ain = 360,
			aout = 360,
			atout = 0,
			rmix = 0,
		},
		userprops =
		{
			category = "Audio",
			Priority = "Steps_4",
		}
	},

	{
		entity_name = "Char_Akira_fs_ml_hard04_4",
		type = SOUND,
		template_name = "fs_ml_hard04",
		lt_grp = 0, srt_grp = 0, usr_flg = 0,
		spatialprops =
		{
			pos = { 0, 0, 0 },
			orient = { { 1, 0, 0 }, { 0, 1, 0 }, { 0, 0, 1 } }
		},
		audioprops =
		{
			attenuation = -21,
			pan = 42,
			dmin = 50,
			dmax = 300,
			ain = 360,
			aout = 360,
			atout = 0,
			rmix = 0,
		},
		userprops =
		{
			category = "Audio",
			Priority = "Steps_4",
		}
	},

	{
		entity_name = "Char_Akira_fs_mr_hard02_5",
		type = SOUND,
		template_name = "fs_mr_hard02",
		lt_grp = 0, srt_grp = 0, usr_flg = 0,
		spatialprops =
		{
			pos = { 0, 0, 0 },
			orient = { { 1, 0, 0 }, { 0, 1, 0 }, { 0, 0, 1 } }
		},
		audioprops =
		{
			attenuation = -20,
			pan = -35,
			dmin = 50,
			dmax = 300,
			ain = 360,
			aout = 360,
			atout = 0,
			rmix = 0,
		},
		userprops =
		{
			category = "Audio",
