duration = 122.888;

entities =
{

	{
		entity_name = "Layer_Scene_s045b_Accept_ku_03_Bar",
		type = SCENE,
		template_name = "",
		lt_grp = 0, srt_grp = 0, usr_flg = 0,
		spatialprops =
		{
			pos = { 0, 0, 0 },
			orient = { { 1, 0, 0 }, { 0, 1, 0 }, { 0, 0, 1 } }
		},
		up = Y_AXIS,
		front = Z_AXIS,
		ambient = { 0, 0, 0 }
	},

	{
		entity_name = "Char_Juni",
		type = DEFORMABLE,
		template_name = "juni",
		lt_grp = 0, srt_grp = 0, usr_flg = 0,
		flags = LIT_DYNAMIC,
		spatialprops =
		{
			pos = { 4.407354, 0, 2.720609 },
			orient = { {  0.067065,  0.000000,  0.997749 },
					   {  0.000000,  1.000000,  0.000000 },
					   { -0.997749,  0.000000,  0.067065 } }
		},
		compoundprops =
		{
			floor_height = 0
		},
		userprops =
		{
			actor = "juni",
			category = "Character",
		}
	},

	{
		entity_name = "Char_Trent",
		type = DEFORMABLE,
		template_name = "trent",
		lt_grp = 0, srt_grp = 0, usr_flg = 0,
		flags = LIT_DYNAMIC,
		spatialprops =
		{
			pos = { 5.092414, 0, 2.701174 },
			orient = { { -0.060147,  0.000000, -0.998190 },
					   {  0.000000,  1.000000,  0.000000 },
					   {  0.998190,  0.000000, -0.060147 } }
		},
		compoundprops =
		{
			floor_height = 0
		},
		userprops =
		{
			actor = "player",
			category = "Character",
		}
	},

	{
		entity_name = "Cam_02_Wide",
		type = CAMERA,
		template_name = "",
		lt_grp = 0, srt_grp = 0, usr_flg = 0,
		spatialprops =
		{
			pos = { 3.615717, 1.787647, 5.83694 },
			orient = { {  0.947374,  0.000000,  0.320129 },
					   {  0.051779,  0.986833, -0.153232 },
					   { -0.315913,  0.161744,  0.934900 } }
		},
		cameraprops =
		{
			fovh = 20,
			hvaspect = 1.85,
			nearplane = 0.1,
			farplane = 100000
		}
	},

	{
		entity_name = "Cam_Monitor_s045b",
		type = MONITOR,
		template_name = "",
		lt_grp = 0, srt_grp = 0, usr_flg = 0,
		userprops =
		{
			Priority = "Monitor_Moving_1",
		}
	},

	{
		entity_name = "Char_Ozu",
		type = DEFORMABLE,
		template_name = "ozu",
		lt_grp = 0, srt_grp = 0, usr_flg = 0,
		flags = LIT_DYNAMIC,
		spatialprops =
		{
			pos = { 4.795682, 0, 8.458092 },
			orient = { {  0.907152,  0.000000,  0.420804 },
					   {  0.000000,  1.000000,  0.000000 },
					   { -0.420804,  0.000000,  0.907152 } }
		},
		compoundprops =
		{
			floor_height = 0
		},
		userprops =
		{
			actor = "ozu",
			category = "Character",
		}
	},

	{
		entity_name = "dx_s045b_0201_juni",
		type = SOUND,
		template_name = "dx_s045b_0201_juni",
		lt_grp = 0, srt_grp = 0, usr_flg = 0,
		spatialprops =
		{
			pos = { 0, 0, 0 },
			orient = { { 1, 0, 0 }, { 0, 1, 0 }, { 0, 0, 1 } }
		},
		audioprops =
		{
			attenuation = -6,
			pan = 0,
			dmin = 50,
			dmax = 1000,
			ain = 360,
			aout = 360,
			atout = 0,
			rmix = 0,
		},
		userprops =
		{
			category = "Audio",
		}
	},

	{
		entity_name = "dx_s045b_0601_juni",
		type = SOUND,
		template_name = "dx_s045b_0601_juni",
		lt_grp = 0, srt_grp = 0, usr_flg = 0,
		spatialprops =
		{
			pos = { 0, 0, 0 },
			orient = { { 1, 0, 0 }, { 0, 1, 0 }, { 0, 0, 1 } }
		},
		audioprops =
		{
			attenuation = -6,
			pan = 0,
			dmin = 50,
			dmax = 1000,
			ain = 360,
			aout = 360,
			atout = 0,
			rmix = 0,
		},
		userprops =
		{
			category = "Audio",
		}
	},

	{
		entity_name = "dx_s045b_0701_Ozu",
		type = SOUND,
		template_name = "dx_s045b_0701_Ozu",
		lt_grp = 0, srt_grp = 0, usr_flg = 0,
		spatialprops =
		{
			pos = { 0, 0, 0 },
			orient = { { 1, 0, 0 }, { 0, 1, 0 }, { 0, 0, 1 } }
		},
		audioprops =
		{
			attenuation = -6,
			pan = 0,
			dmin = 50,
			dmax = 1000,
			ain = 360,
			aout = 360,
			atout = 0,
			rmix = 0,
		},
		userprops =
		{
			category = "Audio",
		}
	},

	{
		entity_name = "dx_s045b_0801_Trent",
		type = SOUND,
		template_name = "dx_s045b_0801_Trent",
		lt_grp = 0, srt_grp = 0, usr_flg = 0,
		spatialprops =
		{
			pos = { 0, 0, 0 },
			orient = { { 1, 0, 0 }, { 0, 1, 0 }, { 0, 0, 1 } }
		},
		audioprops =
		{
			attenuation = -6,
			pan = 0,
			dmin = 50,
			dmax = 1000,
			ain = 360,
			aout = 360,
			atout = 0,
			rmix = 0,
		},
		userprops =
		{
			category = "Audio",
		}
	},

	{
		entity_name = "dx_s045b_0901_Ozu",
		type = SOUND,
		template_name = "dx_s045b_0901_Ozu",
		lt_grp = 0, srt_grp = 0, usr_flg = 0,
		spatialprops =
		{
			pos = { 0, 0, 0 },
			orient = { { 1, 0, 0 }, { 0, 1, 0 }, { 0, 0, 1 } }
		},
		audioprops =
		{
			attenuation = -6,
			pan = 0,
			dmin = 50,
			dmax = 1000,
			ain = 360,
			aout = 360,
			atout = 0,
			rmix = 0,
		},
		userprops =
		{
			category = "Audio",
		}
	},

	{
		entity_name = "dx_s045b_0902_Ozu",
		type = SOUND,
		template_name = "dx_s045b_0902_Ozu",
		lt_grp = 0, srt_grp = 0, usr_flg = 0,
		spatialprops =
		{
			pos = { 0, 0, 0 },
			orient = { { 1, 0, 0 }, { 0, 1, 0 }, { 0, 0, 1 } }
		},
		audioprops =
		{
			attenuation = -6,
			pan = 0,
			dmin = 50,
			dmax = 1000,
			ain = 360,
			aout = 360,
			atout = 0,
			rmix = 0,
		},
		userprops =
		{
			category = "Audio",
		}
	},

	{
		entity_name = "dx_s045b_0903_Ozu",
		type = SOUND,
		template_name = "dx_s045b_0903_Ozu",
		lt_grp = 0, srt_grp = 0, usr_flg = 0,
		spatialprops =
		{
			pos = { 0, 0, 0 },
			orient = { { 1, 0, 0 }, { 0, 1, 0 }, { 0, 0, 1 } }
		},
		audioprops =
		{
			attenuation = -6,
			pan = 0,
			dmin = 50,
			dmax = 1000,
			ain = 360,
			aout = 360,
			atout = 0,
			rmix = 0,
		},
		userprops =
		{
			category = "Audio",
		}
	},

	{
		entity_name = "dx_s045b_1001_Trent",
		type = SOUND,
		template_name = "dx_s045b_1001_Trent",
		lt_grp = 0, srt_grp = 0, usr_flg = 0,
		spatialprops =
		{
			pos = { 0, 0, 0 },
			orient = { { 1, 0, 0 }, { 0, 1, 0 }, { 0, 0, 1 } }
		},
		audioprops =
		{
			attenuation = -6,
			dmin = 50,
			dmax = 1000,
			ain = 360,
			aout = 360,
			atout = 0,
			rmix = 0,
		},
		userprops =
		{
			category = "Audio",
		}
	},

	{
		entity_name = "dx_s045b_1101_Ozu",
		type = SOUND,
		template_name = "dx_s045b_1101_Ozu",
		lt_grp = 0, srt_grp = 0, usr_flg = 0,
		spatialprops =
		{
			pos = { 0, 0, 0 },
			orient = { { 1, 0, 0 }, { 0, 1, 0 }, { 0, 0, 1 } }
		},
		audioprops =
		{
			attenuation = -6,
			pan = 0,
			dmin = 50,
			dmax = 1000,
			ain = 360,
			atout = 0,
			rmix = 0,
		},
		userprops =
		{
			category = "Audio",
		}
	},

	{
		entity_name = "dx_s045b_1102_Ozu",
		type = SOUND,
		template_name = "dx_s045b_1102_Ozu",
		lt_grp = 0, srt_grp = 0, usr_flg = 0,
		spatialprops =
		{
			pos = { 0, 0, 0 },
			orient = { { 1, 0, 0 }, { 0, 1, 0 }, { 0, 0, 1 } }
		},
		audioprops =
		{
			attenuation = -6,
			pan = 0,
			dmin = 50,
			dmax = 1000,
			ain = 360,
			aout = 360,
			atout = 0,
			rmix = 0,
		},
		userprops =
		{
			category = "Audio",
		}
	},

	{
		entity_name = "dx_s045b_1201_juni",
		type = SOUND,
		template_name = "dx_s045b_1201_juni",
		lt_grp = 0, srt_grp = 0, usr_flg = 0,
		spatialprops =
		{
			pos = { 0, 0, 0 },
			orient = { { 1, 0, 0 }, { 0, 1, 0 }, { 0, 0, 1 } }
		},
		audioprops =
		{
			attenuation = -6,
			pan = 0,
			dmin = 50,
			dmax = 1000,
			ain = 360,
			aout = 360,
			atout = 0,
			rmix = 0,
		},
		userprops =
		{
			category = "Audio",
		}
	},

	{
		entity_name = "dx_s045b_1301_Ozu",
		type = SOUND,
		template_name = "dx_s045b_1301_Ozu",
		lt_grp = 0, srt_grp = 0, usr_flg = 0,
		spatialprops =
		{
			pos = { 0, 0, 0 },
			orient = { { 1, 0, 0 }, { 0, 1, 0 }, { 0, 0, 1 } }
		},
		audioprops =
		{
			attenuation = -6,
			pan = 0,
			dmin = 50,
			dmax = 1000,
			ain = 360,
			aout = 360,
			atout = 0,
			rmix = 0,
		},
		userprops =
		{
			category = "Audio",
		}
	},

	{
		entity_name = "dx_s045b_1302_Ozu",
		type = SOUND,
		template_name = "dx_s045b_1302_Ozu",
		lt_grp = 0, srt_grp = 0, usr_flg = 0,
		spatialprops =
		{
			pos = { 0, 0, 0 },
			orient = { { 1, 0, 0 }, { 0, 1, 0 }, { 0, 0, 1 } }
		},
		audioprops =
		{
			attenuation = -6,
			pan = 0,
			dmin = 50,
			dmax = 1000,
			ain = 360,
			aout = 360,
			atout = 0,
			rmix = 0,
		},
		userprops =
		{
			category = "Audio",
		}
	},

	{
		entity_name = "dx_s045b_1303_Ozu",
		type = SOUND,
		template_name = "dx_s045b_1303_Ozu",
		lt_grp = 0, srt_grp = 0, usr_flg = 0,
		spatialprops =
		{
			pos = { 0, 0, 0 },
			orient = { { 1, 0, 0 }, { 0, 1, 0 }, { 0, 0, 1 } }
		},
		audioprops =
		{
			attenuation = -6,
			pan = 0,
			dmin = 50,
			dmax = 1000,
			ain = 360,
			aout = 360,
			atout = 0,
			rmix = 0,
		},
		userprops =
		{
			category = "Audio",
		}
	},

	{
		entity_name = "dx_s045b_1304_Ozu",
		type = SOUND,
		template_name = "dx_s045b_1304_Ozu",
		lt_grp = 0, srt_grp = 0, usr_flg = 0,
		spatialprops =
		{
			pos = { 0, 0, 0 },
			orient = { { 1, 0, 0 }, { 0, 1, 0 }, { 0, 0, 1 } }
		},
		audioprops =
		{
			attenuation = -6,
			pan = 0,
			dmin = 50,
			dmax = 1000,
			ain = 360,
			aout = 360,
			atout = 0,
			rmix = 0,
		},
		userprops =
		{
			category = "Audio",
		}
	},

	{
		entity_name = "dx_s045b_1401_Trent",
		type = SOUND,
		template_name = "dx_s045b_1401_Trent",
		lt_grp = 0, srt_grp = 0, usr_flg = 0,
		spatialprops =
		{
			pos = { 0, 0, 0 },
			orient = { { 1, 0, 0 }, { 0, 1, 0 }, { 0, 0, 1 } }
		},
		audioprops =
		{
			attenuation = -6,
			pan = 0,
			dmin = 50,
			dmax = 1000,
			ain = 360,
			aout = 360,
			atout = 0,
			rmix = 0,
		},
		userprops =
		{
			category = "Audio",
		}
	},

	{
		entity_name = "dx_s045b_1305_Ozu",
		type = SOUND,
		template_name = "dx_s045b_1305_Ozu",
		lt_grp = 0, srt_grp = 0, usr_flg = 0,
		spatialprops =
		{
			pos = { 0, 0, 0 },
			orient = { { 1, 0, 0 }, { 0, 1, 0 }, { 0, 0, 1 } }
		},
		audioprops =
		{
			attenuation = -6,
			pan = 0,
			dmin = 50,
			dmax = 1000,
			ain = 360,
			aout = 360,
			atout = 0,
			rmix = 0,
		},
		userprops =
		{
			category = "Audio",
		}
	},

	{
		entity_name = "dx_s045b_1501_Ozu",
		type = SOUND,
		template_name = "dx_s045b_1501_Ozu",
		lt_grp = 0, srt_grp = 0, usr_flg = 0,
		spatialprops =
		{
			pos = { 0, 0, 0 },
			orient = { { 1, 0, 0 }, { 0, 1, 0 }, { 0, 0, 1 } }
		},
		audioprops =
		{
			attenuation = -6,
			dmin = 50,
			dmax = 1000,
			ain = 360,
			aout = 360,
			atout = 0,
			rmix = 0,
		},
		userprops =
		{
			category = "Audio",
		}
	},

	{
		entity_name = "dx_s045b_1502_Ozu",
		type = SOUND,
		template_name = "dx_s045b_1502_Ozu",
		lt_grp = 0, srt_grp = 0, usr_flg = 0,
		spatialprops =
		{
			pos = { 0, 0, 0 },
			orient = { { 1, 0, 0 }, { 0, 1, 0 }, { 0, 0, 1 } }
		},
		audioprops =
		{
			attenuation = -6,
			pan = 0,
			dmin = 50,
			dmax = 1000,
			ain = 360,
			atout = 0,
			rmix = 0,
		},
		userprops =
		{
			category = "Audio",
		}
	},

	{
		entity_name = "dx_s045b_1503_Ozu",
		type = SOUND,
		template_name = "dx_s045b_1503_Ozu",
		lt_grp = 0, srt_grp = 0, usr_flg = 0,
		spatialprops =
		{
			pos = { 0, 0, 0 },
			orient = { { 1, 0, 0 }, { 0, 1, 0 }, { 0, 0, 1 } }
		},
		audioprops =
		{
			attenuation = -6,
			pan = 0,
			dmin = 50,
			dmax = 1000,
			ain = 360,
			aout = 360,
			atout = 0,
			rmix = 0,
		},
		userprops =
		{
			category = "Audio",
		}
	},

	{
		entity_name = "dx_s045b_1504_Ozu",
		type = SOUND,
		template_name = "dx_s045b_1504_Ozu",
		lt_grp = 0, srt_grp = 0, usr_flg = 0,
		spatialprops =
		{
			pos = { 0, 0, 0 },
			orient = { { 1, 0, 0 }, { 0, 1, 0 }, { 0, 0, 1 } }
		},
		audioprops =
		{
			attenuation = -6,
			pan = 0,
			dmin = 50,
			dmax = 1000,
			ain = 360,
			aout = 360,
			atout = 0,
			rmix = 0,
		},
		userprops =
		{
			category = "Audio",
		}
	},

	{
		entity_name = "dx_s045b_1505_Ozu",
		type = SOUND,
		template_name = "dx_s045b_1505_Ozu",
		lt_grp = 0, srt_grp = 0, usr_flg = 0,
		spatialprops =
		{
			pos = { 0, 0, 0 },
			orient = { { 1, 0, 0 }, { 0, 1, 0 }, { 0, 0, 1 } }
		},
		audioprops =
		{
			attenuation = -6,
			pan = 0,
			dmin = 50,
			dmax = 1000,
			ain = 360,
			aout = 360,
			atout = 0,
			rmix = 0,
		},
		userprops =
		{
			category = "Audio",
		}
	},

	{
		entity_name = "dx_s045b_1601_Trent",
		type = SOUND,
		template_name = "dx_s045b_1601_Trent",
		lt_grp = 0, srt_grp = 0, usr_flg = 0,
		spatialprops =
		{
			pos = { 0, 0, 0 },
			orient = { { 1, 0, 0 }, { 0, 1, 0 }, { 0, 0, 1 } }
		},
		audioprops =
		{
			attenuation = -6,
			pan = 0,
			dmin = 50,
			dmax = 1000,
			ain = 360,
			aout = 360,
			atout = 0,
			rmix = 0,
		},
		userprops =
		{
			category = "Audio",
		}
	},

	{
		entity_name = "dx_s045b_1701_Ozu",
		type = SOUND,
		template_name = "dx_s045b_1701_Ozu",
		lt_grp = 0, srt_grp = 0, usr_flg = 0,
		spatialprops =
		{
			pos = { 0, 0, 0 },
			orient = { { 1, 0, 0 }, { 0, 1, 0 }, { 0, 0, 1 } }
		},
		audioprops =
		{
			attenuation = -6,
			pan = 0,
			dmin = 50,
			dmax = 1000,
			ain = 360,
			aout = 360,
			atout = 0,
			rmix = 0,
		},
		userprops =
		{
			category = "Audio",
		}
	},

	{
		entity_name = "dx_s045b_1801_Trent",
		type = SOUND,
		template_name = "dx_s045b_1801_Trent",
		lt_grp = 0, srt_grp = 0, usr_flg = 0,
		spatialprops =
		{
			pos = { 0, 0, 0 },
			orient = { { 1, 0, 0 }, { 0, 1, 0 }, { 0, 0, 1 } }
		},
		audioprops =
		{
			attenuation = -6,
			pan = 0,
			dmin = 50,
			dmax = 1000,
			ain = 360,
			aout = 360,
			atout = 0,
			rmix = 0,
		},
		userprops =
		{
			category = "Audio",
		}
	},

	{
		entity_name = "dx_s045b_1901_Ozu",
		type = SOUND,
		template_name = "dx_s045b_1901_Ozu",
		lt_grp = 0, srt_grp = 0, usr_flg = 0,
		spatialprops =
		{
			pos = { 0, 0, 0 },
			orient = { { 1, 0, 0 }, { 0, 1, 0 }, { 0, 0, 1 } }
		},
		audioprops =
		{
			attenuation = -6,
			pan = 0,
			dmin = 50,
			dmax = 1000,
			ain = 360,
			aout = 360,
			atout = 0,
			rmix = 0,
		},
		userprops =
		{
			category = "Audio",
		}
	},

	{
		entity_name = "dx_s045b_1902_Ozu",
		type = SOUND,
		template_name = "dx_s045b_1902_Ozu",
		lt_grp = 0, srt_grp = 0, usr_flg = 0,
		spatialprops =
		{
			pos = { 0, 0, 0 },
			orient = { { 1, 0, 0 }, { 0, 1, 0 }, { 0, 0, 1 } }
		},
		audioprops =
		{
			attenuation = -6,
			pan = 0,
			dmin = 50,
			dmax = 1000,
			ain = 360,
			aout = 360,
			atout = 0,
			rmix = 0,
		},
		userprops =
		{
			category = "Audio",
		}
	},

	{
		entity_name = "dx_s045b_1903_Ozu",
		type = SOUND,
		template_name = "dx_s045b_1903_Ozu",
		lt_grp = 0, srt_grp = 0, usr_flg = 0,
		spatialprops =
		{
			pos = { 0, 0, 0 },
			orient = { { 1, 0, 0 }, { 0, 1, 0 }, { 0, 0, 1 } }
		},
		audioprops =
		{
			attenuation = -6,
			pan = 0,
			dmin = 50,
			dmax = 1000,
			ain = 360,
			aout = 360,
			atout = 0,
			rmix = 0,
		},
		userprops =
		{
			category = "Audio",
		}
	},

	{
		entity_name = "dx_s045b_1904_Ozu",
		type = SOUND,
		template_name = "dx_s045b_1904_Ozu",
		lt_grp = 0, srt_grp = 0, usr_flg = 0,
		spatialprops =
		{
			pos = { 0, 0, 0 },
			orient = { { 1, 0, 0 }, { 0, 1, 0 }, { 0, 0, 1 } }
		},
		audioprops =
		{
			attenuation = -6,
			dmin = 50,
			dmax = 1000,
			ain = 360,
			aout = 360,
			atout = 0,
			rmix = 0,
		},
		userprops =
		{
			category = "Audio",
		}
	},

	{
		entity_name = "dx_s045b_1905_Ozu",
		type = SOUND,
		template_name = "dx_s045b_1905_Ozu",
		lt_grp = 0, srt_grp = 0, usr_flg = 0,
		spatialprops =
		{
			pos = { 0, 0, 0 },
			orient = { { 1, 0, 0 }, { 0, 1, 0 }, { 0, 0, 1 } }
		},
		audioprops =
		{
			attenuation = -6,
			pan = 0,
			dmin = 50,
			dmax = 1000,
			ain = 360,
			atout = 0,
			rmix = 0,
		},
		userprops =
		{
			category = "Audio",
		}
	},

	{
		entity_name = "dx_s045b_1906_Ozu",
		type = SOUND,
		template_name = "dx_s045b_1906_Ozu",
		lt_grp = 0, srt_grp = 0, usr_flg = 0,
		spatialprops =
		{
			pos = { 0, 0, 0 },
			orient = { { 1, 0, 0 }, { 0, 1, 0 }, { 0, 0, 1 } }
		},
		audioprops =
		{
			attenuation = -6,
			pan = 0,
			dmin = 50,
			dmax = 1000,
			ain = 360,
			aout = 360,
			atout = 0,
			rmix = 0,
		},
		userprops =
		{
			category = "Audio",
		}
	},

	{
		entity_name = "dx_s045b_2001_juni",
		type = SOUND,
		template_name = "dx_s045b_2001_juni",
		lt_grp = 0, srt_grp = 0, usr_flg = 0,
		spatialprops =
		{
			pos = { 0, 0, 0 },
			orient = { { 1, 0, 0 }, { 0, 1, 0 }, { 0, 0, 1 } }
		},
		audioprops =
		{
			attenuation = -6,
			pan = 0,
			dmin = 50,
			dmax = 1000,
			ain = 360,
			aout = 360,
			atout = 0,
			rmix = 0,
		},
		userprops =
		{
			category = "Audio",
		}
	},

	{
		entity_name = "dx_s045b_2101_Ozu",
		type = SOUND,
		template_name = "dx_s045b_2101_Ozu",
		lt_grp = 0, srt_grp = 0, usr_flg = 0,
		spatialprops =
		{
			pos = { 0, 0, 0 },
			orient = { { 1, 0, 0 }, { 0, 1, 0 }, { 0, 0, 1 } }
		},
		audioprops =
		{
			attenuation = -6,
			pan = 0,
			dmin = 50,
			dmax = 1000,
			ain = 360,
			aout = 360,
			atout = 0,
			rmix = 0,
		},
		userprops =
		{
			category = "Audio",
		}
	},

	{
		entity_name = "dx_s045b_2201_Trent",
		type = SOUND,
		template_name = "dx_s045b_2201_Trent",
		lt_grp = 0, srt_grp = 0, usr_flg = 0,
		spatialprops =
		{
			pos = { 0, 0, 0 },
			orient = { { 1, 0, 0 }, { 0, 1, 0 }, { 0, 0, 1 } }
		},
		audioprops =
		{
			attenuation = -6,
			pan = 0,
			dmin = 50,
			dmax = 1000,
			ain = 360,
			aout = 360,
			atout = 0,
			rmix = 0,
		},
		userprops =
		{
			category = "Audio",
		}
	},

	{
		entity_name = "dx_s045b_2301_Ozu",
		type = SOUND,
		template_name = "dx_s045b_2301_Ozu",
		lt_grp = 0, srt_grp = 0, usr_flg = 0,
		spatialprops =
		{
			pos = { 0, 0, 0 },
			orient = { { 1, 0, 0 }, { 0, 1, 0 }, { 0, 0, 1 } }
		},
		audioprops =
		{
			attenuation = -6,
			pan = 0,
			dmin = 50,
			dmax = 1000,
			ain = 360,
			aout = 360,
			atout = 0,
			rmix = 0,
		},
		userprops =
		{
			category = "Audio",
		}
	},

	{
		entity_name = "dx_s045b_0101_Trent",
		type = SOUND,
		template_name = "dx_s045b_0101_Trent",
		lt_grp = 0, srt_grp = 0, usr_flg = 0,
		spatialprops =
		{
			pos = { 0, 0, 0 },
			orient = { { 1, 0, 0 }, { 0, 1, 0 }, { 0, 0, 1 } }
		},
		audioprops =
		{
			attenuation = -6,
			pan = 0,
			dmin = 50,
			dmax = 1000,
			ain = 360,
			aout = 360,
			atout = 0,
			rmix = 0,
		},
		userprops =
		{
			category = "Audio",
		}
	},

	{
		entity_name = "Char_Trent_Pos_Mk_1",
		type = MARKER,
		template_name = "",
		lt_grp = 0, srt_grp = 0, usr_flg = 0,
		spatialprops =
		{
			pos = { 5.092414, 0.969072, 2.701174 },
			orient = { { -0.060147,  0.000000, -0.998190 },
					   {  0.000000,  1.000000,  0.000000 },
					   {  0.998190,  0.000000, -0.060147 } }
		}
	},

	{
		entity_name = "Char_Juni_Mk_1",
		type = MARKER,
		template_name = "",
		lt_grp = 0, srt_grp = 0, usr_flg = 0,
		spatialprops =
		{
			pos = { 4.407354, 0.960122, 2.720609 },
			orient = { {  0.067065,  0.000000,  0.997749 },
					   {  0.000000,  1.000000,  0.000000 },
					   { -0.997749,  0.000000,  0.067065 } }
		}
	},

	{
		entity_name = "Cam_04_Wide_on_Trent",
		type = CAMERA,
		template_name = "",
		lt_grp = 0, srt_grp = 0, usr_flg = 0,
		spatialprops =
		{
			pos = { 3.865463, 1.136161, 8.31589 },
			orient = { {  0.496434,  0.000000,  0.868074 },
					   {  0.103386,  0.992882, -0.059124 },
					   { -0.861896,  0.119098,  0.492901 } }
		},
		cameraprops =
		{
			fovh = 30,
			hvaspect = 1.85,
			nearplane = 0.5,
			farplane = 100000
		}
	},

	{
		entity_name = "Char_Juni_orient_Mk_1",
		type = MARKER,
		template_name = "",
		lt_grp = 0, srt_grp = 0, usr_flg = 0,
		spatialprops =
		{
			pos = { 4.35462, 0.942834, 2.854724 },
			orient = { { -0.965100,  0.000000,  0.261882 },
					   {  0.000000,  1.000000,  0.000000 },
					   { -0.261882,  0.000000, -0.965100 } }
		}
	},

	{
		entity_name = "Char_Trent_orient_Mk_1",
		type = MARKER,
		template_name = "",
		lt_grp = 0, srt_grp = 0, usr_flg = 0,
		spatialprops =
		{
			pos = { 5.186259, 0.964462, 2.716741 },
			orient = { { -0.973029,  0.000000,  0.230684 },
					   {  0.000000,  1.000000,  0.000000 },
					   { -0.230684,  0.000000, -0.973029 } }
		}
	},

	{
		entity_name = "Char_Juni_orientP_Mid_Mk_2",
		type = MARKER,
		template_name = "",
		lt_grp = 0, srt_grp = 0, usr_flg = 0,
		spatialprops =
		{
			pos = { 4.832827, 0.559173, 6.983966 },
			orient = { { -0.680268,  0.000000,  0.732963 },
					   {  0.000000,  1.000000,  0.000000 },
					   { -0.732963,  0.000000, -0.680268 } }
		}
	},

	{
		entity_name = "Char_Ozu_orient_Mk_3",
		type = MARKER,
		template_name = "",
		lt_grp = 0, srt_grp = 0, usr_flg = 0,
		spatialprops =
		{
			pos = { 4.540267, 0.545781, 8.031515 },
			orient = { {  0.698367,  0.000000,  0.715739 },
					   {  0.000000,  1.000000,  0.000000 },
					   { -0.715739,  0.000000,  0.698367 } }
		}
	},

	{
		entity_name = "Char_Trent_Pos_Mk_2",
		type = MARKER,
		template_name = "",
		lt_grp = 0, srt_grp = 0, usr_flg = 0,
		spatialprops =
		{
			pos = { 6.246707, 0.574574, 7.008964 },
			orient = { { -0.723736,  0.000000, -0.690077 },
					   {  0.000000,  1.000000,  0.000000 },
					   {  0.690077,  0.000000, -0.723736 } }
		}
	},

	{
		entity_name = "Char_Trent_orient_Mk_2",
		type = MARKER,
		template_name = "",
		lt_grp = 0, srt_grp = 0, usr_flg = 0,
		spatialprops =
		{
			pos = { 6.289114, 0.545811, 7.050962 },
			orient = { { -0.904692,  0.000000, -0.426066 },
					   {  0.000000,  1.000000,  0.000000 },
					   {  0.426066,  0.000000, -0.904692 } }
		}
	},

	{
		entity_name = "Char_Juni_Prop_glass_1",
		type = COMPOUND,
		template_name = "glass_wine_1",
		lt_grp = 0, srt_grp = 0, usr_flg = 0,
		flags = LIT_DYNAMIC,
		spatialprops =
		{
			pos = { 5.246679, 0.799447, 7.38123 },
			orient = { {  1.000000,  0.000000,  0.000000 },
					   {  0.000000, -0.000246, -1.000000 },
					   {  0.000000,  1.000000, -0.000246 } }
		},
		userprops =
		{
			category = "Prop",
		}
	},

	{
		entity_name = "Char_Ozu_orient_Mk_1",
		type = MARKER,
		template_name = "",
		lt_grp = 0, srt_grp = 0, usr_flg = 0,
		spatialprops =
		{
			pos = { 4.806956, 0.972795, 7.708479 },
			orient = { {  0.784833,  0.000000,  0.619708 },
					   {  0.000000,  1.000000,  0.000000 },
					   { -0.619708,  0.000000,  0.784833 } }
		}
	},

	{
		entity_name = "Char_Ozu_orient_Mk_2",
		type = MARKER,
		template_name = "",
		lt_grp = 0, srt_grp = 0, usr_flg = 0,
		spatialprops =
		{
			pos = { 4.850924, 0.54578, 8.413307 },
			orient = { {  0.921671,  0.000000,  0.387973 },
					   {  0.000000,  1.000000,  0.000000 },
					   { -0.387973,  0.000000,  0.921671 } }
		}
	},

	{
		entity_name = "Char_Juni_orientLft_Mk_3",
		type = MARKER,
		template_name = "",
		lt_grp = 0, srt_grp = 0, usr_flg = 0,
		spatialprops =
		{
			pos = { 4.808529, 0.559173, 7.072837 },
			orient = { { -0.158555,  0.000000,  0.987350 },
					   {  0.000000,  1.000000,  0.000000 },
					   { -0.987350,  0.000000, -0.158555 } }
		}
	},

	{
		entity_name = "Char_Juni_Prop_bottle_Mk_1",
		type = MARKER,
		template_name = "",
		lt_grp = 0, srt_grp = 0, usr_flg = 0,
		spatialprops =
		{
			pos = { 5.211088, 0.983317, 7.504407 },
			orient = { {  0.695374,  0.022320,  0.718301 },
					   {  0.717966,  0.021954, -0.695732 },
					   { -0.031298,  0.999510, -0.000758 } }
		}
	},

	{
		entity_name = "Char_Juni_Prop_bottle_Mk_2",
		type = MARKER,
		template_name = "",
		lt_grp = 0, srt_grp = 0, usr_flg = 0,
		spatialprops =
		{
			pos = { 5.2477, 0.974368, 7.494967 },
			orient = { {  0.731424, -0.157173,  0.663563 },
					   {  0.657388, -0.096151, -0.747392 },
					   {  0.181272,  0.982879,  0.032997 } }
		}
	},

	{
		entity_name = "Cam_03_3shot_A",
		type = CAMERA,
		template_name = "",
		lt_grp = 0, srt_grp = 0, usr_flg = 0,
		spatialprops =
		{
			pos = { 6.129562, 2.040859, 4.562222 },
			orient = { { -0.985981,  0.000000, -0.166857 },
					   { -0.047739,  0.958197,  0.282099 },
					   {  0.159882,  0.286109, -0.944764 } }
		},
		cameraprops =
		{
			fovh = 20,
			hvaspect = 1.85,
			nearplane = 0.1,
			farplane = 100000
		}
	},

	{
		entity_name = "Char_Juni_Prop_glass_2",
		type = COMPOUND,
		template_name = "glass_wine_1",
		lt_grp = 0, srt_grp = 0, usr_flg = 0,
		flags = LIT_DYNAMIC,
		spatialprops =
		{
			pos = { 5.265922, 0.799447, 7.454996 },
			orient = { {  1.000000,  0.000000,  0.000000 },
					   {  0.000000, -0.000246, -1.000000 },
					   {  0.000000,  1.000000, -0.000246 } }
		},
		userprops =
		{
			category = "Prop",
		}
	},

	{
		entity_name = "Char_Juni_orientRt_Mk_4",
		type = MARKER,
		template_name = "",
		lt_grp = 0, srt_grp = 0, usr_flg = 0,
		spatialprops =
		{
			pos = { 4.906308, 0.559173, 7.052164 },
			orient = { { -0.860422,  0.000000,  0.509582 },
					   {  0.000000,  1.000000,  0.000000 },
					   { -0.509582,  0.000000, -0.860422 } }
		}
	},

	{
		entity_name = "Char_Juni_orientP_Mid_Mk_5",
		type = MARKER,
		template_name = "",
		lt_grp = 0, srt_grp = 0, usr_flg = 0,
		spatialprops =
		{
			pos = { 4.946329, 0.559173, 7.089307 },
			orient = { { -0.738080,  0.000000,  0.674713 },
					   {  0.000000,  1.000000,  0.000000 },
					   { -0.674713,  0.000000, -0.738080 } }
		}
	},

	{
		entity_name = "Camera_1_target",
		type = CAMERA,
		template_name = "",
		lt_grp = 0, srt_grp = 0, usr_flg = 0,
		spatialprops =
		{
			pos = { 3.034805, 2.790948, 6.860963 },
			orient = { {  0.778532,  0.000000,  0.627605 },
					   {  0.275990,  0.898120, -0.342359 },
					   { -0.563665,  0.439750,  0.699215 } }
		},
		cameraprops =
		{
			fovh = 20,
			hvaspect = 1.85,
			nearplane = 0.1,
			farplane = 100000
		}
	},

	{
		entity_name = "Camera_4",
		type = CAMERA,
		template_name = "",
		lt_grp = 0, srt_grp = 0, usr_flg = 0,
		flags = HIDDEN,
		spatialprops =
		{
			pos = { 5.911849, 1.192256, 7.217687 },
			orient = { { -0.805684,  0.000000, -0.592346 },
					   { -0.031525,  0.998583,  0.042879 },
					   {  0.591507,  0.053221, -0.804542 } }
		},
		cameraprops =
		{
			fovh = 20,
			hvaspect = 1.85,
			nearplane = 0.1,
			farplane = 100000
		}
	},

	{
		entity_name = "Cam_06_ACS_Juni",
		type = CAMERA,
		template_name = "",
		lt_grp = 0, srt_grp = 0, usr_flg = 0,
		flags = HIDDEN,
		spatialprops =
		{
			pos = { 5.983293, 1.204931, 7.615883 },
			orient = { {  0.479726,  0.000000, -0.877419 },
					   { -0.112942,  0.991681, -0.061751 },
					   {  0.870119,  0.128721,  0.475735 } }
		},
		cameraprops =
		{
			fovh = 20,
			hvaspect = 1.85,
			nearplane = 0.1,
			farplane = 100000
		}
	},

	{
		entity_name = "Cam_12_PCU",
		type = CAMERA,
		template_name = "",
		lt_grp = 0, srt_grp = 0, usr_flg = 0,
		flags = HIDDEN,
		spatialprops =
		{
			pos = { 5.148983, 1.146637, 7.666064 },
			orient = { {  0.430640,  0.000000,  0.902524 },
					   { -0.006628,  0.999973,  0.003162 },
					   { -0.902500, -0.007344,  0.430628 } }
		},
		cameraprops =
		{
			fovh = 20,
			hvaspect = 1.85,
			nearplane = 0.1,
			farplane = 100000
		}
	},

	{
		entity_name = "Cam_07_Dolly",
		type = CAMERA,
		template_name = "",
		lt_grp = 0, srt_grp = 0, usr_flg = 0,
		spatialprops =
		{
			pos = { 6.313254, 1.325, 4.921485 },
			orient = { { -0.930260, -0.000001, -0.366902 },
					   { -0.024644,  0.997742,  0.062480 },
					   {  0.366073,  0.067164, -0.928159 } }
		},
		cameraprops =
		{
			fovh = 20,
			hvaspect = 1.85,
			nearplane = 0.1,
			farplane = 100000
		}
	},

	{
		entity_name = "Char_Juni_RtHand_Att_Mk",
		type = MARKER,
		template_name = "",
		lt_grp = 0, srt_grp = 0, usr_flg = 0,
		spatialprops =
		{
			pos = { 4.899385, 0.540612, 7.042253 },
			orient = { { -0.681764,  0.000000,  0.731572 },
					   {  0.000000,  1.000000,  0.000000 },
					   { -0.731572,  0.000000, -0.681764 } }
		}
	},

	{
		entity_name = "Char_Juni_RtHand_Mk_1",
		type = MARKER,
		template_name = "",
		lt_grp = 0, srt_grp = 0, usr_flg = 0,
		spatialprops =
		{
			pos = { 5.142107, 0.870703, 7.433696 },
			orient = { {  0.265541,  0.919382, -0.290214 },
					   { -0.845525,  0.366712,  0.388084 },
					   {  0.463223,  0.142331,  0.874738 } }
		}
	},

	{
		entity_name = "Char_Juni_RtHand_Mk_2",
		type = MARKER,
		template_name = "",
		lt_grp = 0, srt_grp = 0, usr_flg = 0,
		spatialprops =
		{
			pos = { 5.109348, 0.879546, 7.455906 },
			orient = { {  0.265541,  0.919382, -0.290214 },
					   { -0.845525,  0.366712,  0.388084 },
					   {  0.463223,  0.142331,  0.874738 } }
		}
	},

	{
		entity_name = "Char_Juni_RtArm_Att_Mk",
		type = MARKER,
		template_name = "",
		lt_grp = 0, srt_grp = 0, usr_flg = 0,
		spatialprops =
		{
			pos = { 4.898754, 0.540261, 7.042044 },
			orient = { { -0.683375,  0.000000,  0.730067 },
					   {  0.000000,  1.000000,  0.000000 },
					   { -0.730067,  0.000000, -0.683375 } }
		}
	},

	{
		entity_name = "Char_Juni_RtArm_Att_Mk1",
		type = MARKER,
		template_name = "",
		lt_grp = 0, srt_grp = 0, usr_flg = 0,
		spatialprops =
		{
			pos = { 4.964422, 0.816292, 7.396563 },
			orient = { {  0.544715, -0.653235, -0.525899 },
					   {  0.187106,  0.705958, -0.683092 },
					   {  0.817482,  0.273691,  0.506770 } }
		}
	},

	{
		entity_name = "Char_Juni_orientP_Mid_Mk_1",
		type = MARKER,
		template_name = "",
		lt_grp = 0, srt_grp = 0, usr_flg = 0,
		spatialprops =
		{
			pos = { 4.821643, 0.541846, 6.968213 },
			orient = { { -0.672206,  0.000000,  0.740364 },
					   {  0.000000,  1.000000,  0.000000 },
					   { -0.740364,  0.000000, -0.672206 } }
		}
	},

	{
		entity_name = "Char_Juni_Prop_bottle_Mk_3",
		type = MARKER,
		template_name = "",
		lt_grp = 0, srt_grp = 0, usr_flg = 0,
		spatialprops =
		{
			pos = { 5.173919, 1.011441, 7.523145 },
			orient = { {  0.624629,  0.037075,  0.780041 },
					   {  0.780261,  0.011452, -0.625350 },
					   { -0.032118,  0.999247, -0.021775 } }
		}
	},

	{
		entity_name = "Char_Juni_RtHand_Mk_3",
		type = MARKER,
		template_name = "",
		lt_grp = 0, srt_grp = 0, usr_flg = 0,
		spatialprops =
		{
			pos = { 5.16276, 0.83404, 7.404219 },
			orient = { {  0.095745,  0.761638, -0.640891 },
					   { -0.721191,  0.496853,  0.482722 },
					   {  0.686088,  0.415987,  0.596857 } }
		}
	},

	{
		entity_name = "Char_Juni_Prop_glass1_Mk_1",
		type = MARKER,
		template_name = "",
		lt_grp = 0, srt_grp = 0, usr_flg = 0,
		spatialprops =
		{
			pos = { 5.314859, 0.799305, 7.413827 },
			orient = { {  0.924930,  0.140639,  0.353166 },
					   {  0.379871, -0.376785, -0.844826 },
					   {  0.014252,  0.915562, -0.401924 } }
		}
	},

	{
		entity_name = "Char_Juni_LftHand_Mk_1",
		type = MARKER,
		template_name = "",
		lt_grp = 0, srt_grp = 0, usr_flg = 0,
		spatialprops =
		{
			pos = { 5.324068, 0.859474, 7.591595 },
			orient = { {  0.436829, -0.897495, -0.060680 },
					   {  0.592480,  0.337818, -0.731332 },
					   {  0.676866,  0.283515,  0.679317 } }
		}
	},

	{
		entity_name = "Char_Juni_LftHand_Attach_Mk",
		type = MARKER,
		template_name = "",
		lt_grp = 0, srt_grp = 0, usr_flg = 0,
		spatialprops =
		{
			pos = { 5.120664, 0.880003, 7.443538 },
			orient = { {  0.265541,  0.919382, -0.290214 },
					   { -0.845525,  0.366713,  0.388084 },
					   {  0.463223,  0.142331,  0.874738 } }
		}
	},

	{
		entity_name = "Char_Trent_Pos_Mk_3",
		type = MARKER,
		template_name = "",
		lt_grp = 0, srt_grp = 0, usr_flg = 0,
		spatialprops =
		{
			pos = { 6.250967, 0.574574, 7.083664 },
			orient = { { -0.389868,  0.000000, -0.920871 },
					   {  0.000000,  1.000000,  0.000000 },
					   {  0.920871,  0.000000, -0.389868 } }
		}
	},

	{
		entity_name = "Char_Trent_LftHand_Attach_Mk",
		type = MARKER,
		template_name = "",
		lt_grp = 0, srt_grp = 0, usr_flg = 0,
		spatialprops =
		{
			pos = { 6.250967, 0.574574, 7.083664 },
			orient = { { -0.389868,  0.000000, -0.920871 },
					   {  0.000000,  1.000000,  0.000000 },
					   {  0.920871,  0.000000, -0.389868 } }
		}
	},

	{
		entity_name = "Char_Trent_LftHand_Mk_1",
		type = MARKER,
		template_name = "",
		lt_grp = 0, srt_grp = 0, usr_flg = 0,
		spatialprops =
		{
			pos = { 5.904822, 0.960746, 7.348806 },
			orient = { {  0.368646, -0.594801,  0.714361 },
					   {  0.279703,  0.803848,  0.524970 },
					   { -0.886491,  0.006281,  0.462704 } }
		}
	},

	{
		entity_name = "Cam_01_PC2",
		type = CAMERA,
		template_name = "",
		lt_grp = 0, srt_grp = 0, usr_flg = 0,
		spatialprops =
		{
			pos = { 3.715539, 1.639477, 3.879165 },
			orient = { {  0.769789,  0.000000,  0.638299 },
					   {  0.046868,  0.997301, -0.056523 },
					   { -0.636576,  0.073426,  0.767711 } }
		},
		cameraprops =
		{
			fovh = 20,
			hvaspect = 1.85,
			nearplane = 0.1,
			farplane = 100000
		}
	},

	{
		entity_name = "Cam_03_3shot_B",
		type = CAMERA,
		template_name = "",
		lt_grp = 0, srt_grp = 0, usr_flg = 0,
		spatialprops =
		{
			pos = { 6.489143, 1.316376, 4.47383 },
			orient = { { -0.952392,  0.000000, -0.304877 },
					   { -0.044267,  0.989403,  0.138283 },
					   {  0.301647,  0.145195, -0.942299 } }
		},
		cameraprops =
		{
			fovh = 20,
			hvaspect = 1.85,
			nearplane = 0.1,
			farplane = 100000
		}
	},

	{
		entity_name = "Camera_6_target1",
		type = CAMERA,
		template_name = "",
		lt_grp = 0, srt_grp = 0, usr_flg = 0,
		spatialprops =
		{
			pos = { 4.034157, 1.270728, 5.949052 },
			orient = { { -0.769149,  0.000000,  0.639070 },
					   {  0.064391,  0.994911,  0.077497 },
					   { -0.635818,  0.100757, -0.765235 } }
		},
		cameraprops =
		{
			fovh = 20,
			hvaspect = 1.85,
			nearplane = 0.1,
			farplane = 100000
		}
	},

	{
		entity_name = "Camera_6_target2",
		type = CAMERA,
		template_name = "",
		lt_grp = 0, srt_grp = 0, usr_flg = 0,
		spatialprops =
		{
			pos = { 3.919097, 1.325, 8.79832 },
			orient = { {  0.697929,  0.000000,  0.716167 },
					   {  0.081954,  0.993431, -0.079867 },
					   { -0.711462,  0.114434,  0.693344 } }
		},
		cameraprops =
		{
			fovh = 20,
			hvaspect = 1.85,
			nearplane = 0.1,
			farplane = 100000
		}
	},

	{
		entity_name = "Cam_07_Path_Dolly",
		type = MOTION_PATH,
		template_name = "",
		lt_grp = 0, srt_grp = 0, usr_flg = 0,
		spatialprops =
		{
			pos = { 0, 0, 0 },
			orient = { { 1, 0, 0 }, { 0, 1, 0 }, { 0, 0, 1 } }
		},
		pathprops =
		{
			path_type = "CV_CROrientationSplinePath",
			path_data = "OPEN,{6.313254,1.325000,4.921485}, {0.186630,-0.006275,0.981855,0.033010}, {5.186787,1.277174,5.380165}, {-0.250511,0.015935,0.967133,0.040546}, {4.314154,1.226357,6.142632}, {-0.339311,0.017138,0.939321,0.047443}, {3.956910,1.279372,7.358621}, {0.708036,-0.038970,-0.704072,-0.038061}, {3.919097,1.325000,8.798320}, {0.919878,-0.052806,-0.387994,-0.022273}, "
		}
	},

	{
		entity_name = "Cam_07_Mk_Lookat_A",
		type = MARKER,
		template_name = "",
		lt_grp = 0, srt_grp = 0, usr_flg = 0,
		spatialprops =
		{
			pos = { 5.477328, 0.957034, 7.65591 },
			orient = { {  0.694771,  0.038635,  0.718193 },
					   {  0.717966,  0.021954, -0.695732 },
					   { -0.042647,  0.999012, -0.012486 } }
		}
	},

	{
		entity_name = "Char_Juni_Prop_bottle_2",
		type = COMPOUND,
		template_name = "bottle_wine_2",
		lt_grp = 0, srt_grp = 0, usr_flg = 0,
		flags = LIT_DYNAMIC,
		spatialprops =
		{
			pos = { 5.211088, 0.983317, 7.504407 },
			orient = { {  0.695374,  0.022319,  0.718301 },
					   {  0.717966,  0.021954, -0.695732 },
					   { -0.031298,  0.999510, -0.000758 } }
		},
		userprops =
		{
			category = "Prop",
		}
	},

	{
		entity_name = "Cam_05_ACS_Ozu_A",
		type = CAMERA,
		template_name = "",
		lt_grp = 0, srt_grp = 0, usr_flg = 0,
		flags = HIDDEN,
		spatialprops =
		{
			pos = { 5.85031, 1.121127, 6.856796 },
			orient = { { -0.882433,  0.000000, -0.470438 },
					   { -0.014644,  0.999515,  0.027468 },
					   {  0.470210,  0.031128, -0.882005 } }
		},
		cameraprops =
		{
			fovh = 20,
			hvaspect = 1.85,
			nearplane = 0.1,
			farplane = 100000
		}
	},

	{
		entity_name = "Char_Juni_RtHand_Mk_4",
		type = MARKER,
		template_name = "",
		lt_grp = 0, srt_grp = 0, usr_flg = 0,
		spatialprops =
		{
			pos = { 5.069057, 1.022941, 7.503995 },
			orient = { {  0.676495, -0.527000, -0.514418 },
					   { -0.310519,  0.429267, -0.848120 },
					   {  0.667782,  0.733485,  0.126754 } }
		}
	},

	{
		entity_name = "Char_Juni_Body_Attach_Mk",
		type = MARKER,
		template_name = "",
		lt_grp = 0, srt_grp = 0, usr_flg = 0,
		spatialprops =
		{
			pos = { 4.407354, 0.959241, 2.720609 },
			orient = { {  0.067065,  0.000000,  0.997749 },
					   {  0.000000,  1.000000,  0.000000 },
					   { -0.997749,  0.000000,  0.067065 } }
		}
	},

	{
		entity_name = "Cam_02_Path",
		type = MOTION_PATH,
		template_name = "",
		lt_grp = 0, srt_grp = 0, usr_flg = 0,
		spatialprops =
		{
			pos = { 0, 0, 0 },
			orient = { { 1, 0, 0 }, { 0, 1, 0 }, { 0, 0, 1 } }
		},
		pathprops =
		{
			path_type = "CV_CROrientationSplinePath",
			path_data = "OPEN,{3.615717,1.787647,5.836940}, {0.983502,-0.080065,-0.161678,-0.013162}, {3.034805,2.790948,6.860963}, {0.918677,-0.212836,-0.324181,-0.075105}, {2.732525,3.531974,5.904032}, {0.719649,-0.279774,-0.592293,-0.230262}, {3.811312,2.969104,4.198020}, {-0.235255,0.064347,0.935441,0.255861}, "
		}
	},

	{
		entity_name = "Char_Juni_Body_Attach_Mk_2",
		type = MARKER,
		template_name = "",
		lt_grp = 0, srt_grp = 0, usr_flg = 0,
		spatialprops =
		{
			pos = { 4.407354, 0.959241, 2.720609 },
			orient = { {  0.067065,  0.000000,  0.997749 },
					   {  0.000000,  1.000000,  0.000000 },
					   { -0.997749,  0.000000,  0.067065 } }
		}
	},

	{
		entity_name = "Char_Juni_Body_Trail_Mk",
		type = MARKER,
		template_name = "",
		lt_grp = 0, srt_grp = 0, usr_flg = 0,
		spatialprops =
		{
			pos = { 4.707354, 1.529241, 2.720609 },
			orient = { {  0.067065,  0.000000,  0.997749 },
					   {  0.000000,  1.000000,  0.000000 },
					   { -0.997749,  0.000000,  0.067065 } }
		}
	},

	{
		entity_name = "Cam_13_3shot",
		type = CAMERA,
		template_name = "",
		lt_grp = 0, srt_grp = 0, usr_flg = 0,
		flags = HIDDEN,
		spatialprops =
		{
			pos = { 6.588117, 1.25599, 4.499384 },
			orient = { { -0.949708,  0.000000, -0.313136 },
					   { -0.011463,  0.999330,  0.034767 },
					   {  0.312926,  0.036608, -0.949072 } }
		},
		cameraprops =
		{
			fovh = 20,
			hvaspect = 1.85,
			nearplane = 0.1,
			farplane = 100000
		}
	},

	{
		entity_name = "Char_Ozu_HandLft_Attach_Mk",
		type = MARKER,
		template_name = "",
		lt_grp = 0, srt_grp = 0, usr_flg = 0,
		spatialprops =
		{
			pos = { 4.850924, 0.54578, 8.413307 },
			orient = { {  0.921671,  0.000000,  0.387973 },
					   {  0.000000,  1.000000,  0.000000 },
					   { -0.387973,  0.000000,  0.921671 } }
		}
	},

	{
		entity_name = "Char_Ozu_HandLft_Mk_1",
		type = MARKER,
		template_name = "",
		lt_grp = 0, srt_grp = 0, usr_flg = 0,
		spatialprops =
		{
			pos = { 5.085012, 0.935699, 7.998862 },
			orient = { { -0.179985, -0.388081,  0.903880 },
					   { -0.976635,  0.180194, -0.117106 },
					   { -0.117427, -0.903838, -0.411446 } }
		}
	},

	{
		entity_name = "Camera_3_a",
		type = CAMERA,
		template_name = "",
		lt_grp = 0, srt_grp = 0, usr_flg = 0,
		spatialprops =
		{
			pos = { 3.436438, 1.323506, 8.240075 },
			orient = { {  0.274111,  0.000000,  0.961698 },
					   {  0.239851,  0.968400, -0.068364 },
					   { -0.931308,  0.249403,  0.265449 } }
		},
		cameraprops =
		{
			fovh = 30,
			hvaspect = 1.85,
			nearplane = 0.7,
			farplane = 100000
		}
	},

	{
		entity_name = "Cam_02_Path_Track",
		type = MOTION_PATH,
		template_name = "",
		lt_grp = 0, srt_grp = 0, usr_flg = 0,
		spatialprops =
		{
			pos = { 2.597961, 0, 0 },
			orient = { { 1, 0, 0 }, { 0, 1, 0 }, { 0, 0, 1 } }
		},
		pathprops =
		{
			path_type = "CV_CROrientationSplinePath",
			path_data = "OPEN,{2.034116,1.243342,2.801644}, {-0.330319,0.000000,0.943869,0.000000}, {2.539366,1.134326,4.117298}, {-0.097644,0.000000,0.995221,0.000000}, {2.553101,1.381882,6.564784}, {-0.115771,0.000000,0.993276,0.000000}, "
		}
	},

	{
		entity_name = "Cam_02_Mk_Track",
		type = MARKER,
		template_name = "",
		lt_grp = 0, srt_grp = 0, usr_flg = 0,
		spatialprops =
		{
			pos = { 4.632077, 1.243342, 2.801644 },
			orient = { { -0.781778,  0.000000,  0.623556 },
					   {  0.000000,  1.000000,  0.000000 },
					   { -0.623556,  0.000000, -0.781778 } }
		}
	},

	{
		entity_name = "Camera_1_Path_Track_Mk_1_target",
		type = MARKER,
		template_name = "",
		lt_grp = 0, srt_grp = 0, usr_flg = 0,
		spatialprops =
		{
			pos = { 4.632077, 1.243342, 2.801644 },
			orient = { { -0.781778,  0.000000,  0.623556 },
					   {  0.000000,  1.000000,  0.000000 },
					   { -0.623556,  0.000000, -0.781778 } }
		}
	},

	{
		entity_name = "Cam_07_Mk_Lookat_B",
		type = MARKER,
		template_name = "",
		lt_grp = 0, srt_grp = 0, usr_flg = 0,
		spatialprops =
		{
