duration = 93.388;

entities =
{

	{
		entity_name = "Layer_s051xa_nrml_Tekagi_pl_05_Deck",
		type = SCENE,
		template_name = "",
		lt_grp = 0, srt_grp = 0, usr_flg = 0,
		spatialprops =
		{
			pos = { 0, 0, 0 },
			orient = { { 1, 0, 0 }, { 0, 1, 0 }, { 0, 0, 1 } }
		},
		up = Y_AXIS,
		front = Z_AXIS,
		ambient = { 163, 163, 163 },
		userprops =
		{
			TextStart = "0.75000",
			TextString = "259619.00000",
		}
	},

	{
		entity_name = "dx_s051x_0901_Ozu_9",
		type = SOUND,
		template_name = "dx_s051x_0901_Ozu",
		lt_grp = 0, srt_grp = 0, usr_flg = 0,
		spatialprops =
		{
			pos = { 0, 0, 0 },
			orient = { { 1, 0, 0 }, { 0, 1, 0 }, { 0, 0, 1 } }
		},
		audioprops =
		{
			attenuation = -3,
			pan = 0,
			dmin = 50,
			dmax = 1000,
			ain = 360,
			aout = 360,
			atout = 0,
			rmix = 0,
		},
		userprops =
		{
			category = "Audio",
		}
	},

	{
		entity_name = "dx_s051x_1001_Trent_10",
		type = SOUND,
		template_name = "dx_s051x_1001_Trent",
		lt_grp = 0, srt_grp = 0, usr_flg = 0,
		spatialprops =
		{
			pos = { 0, 0, 0 },
			orient = { { 1, 0, 0 }, { 0, 1, 0 }, { 0, 0, 1 } }
		},
		audioprops =
		{
			attenuation = -3,
			pan = 0,
			dmin = 50,
			dmax = 1000,
			ain = 360,
			aout = 360,
			atout = 0,
			rmix = 0,
		},
		userprops =
		{
			category = "Audio",
		}
	},

	{
		entity_name = "dx_s051x_1101_Ozu_11",
		type = SOUND,
		template_name = "dx_s051x_1101_Ozu",
		lt_grp = 0, srt_grp = 0, usr_flg = 0,
		spatialprops =
		{
			pos = { 0, 0, 0 },
			orient = { { 1, 0, 0 }, { 0, 1, 0 }, { 0, 0, 1 } }
		},
		audioprops =
		{
			attenuation = -3,
			pan = 0,
			dmin = 50,
			dmax = 1000,
			ain = 360,
			aout = 360,
			atout = 0,
			rmix = 0,
		},
		userprops =
		{
			category = "Audio",
		}
	},

	{
		entity_name = "dx_s051x_1201_Ozu_12",
		type = SOUND,
		template_name = "dx_s051x_1201_Ozu",
		lt_grp = 0, srt_grp = 0, usr_flg = 0,
		spatialprops =
		{
			pos = { 0, 0, 0 },
			orient = { { 1, 0, 0 }, { 0, 1, 0 }, { 0, 0, 1 } }
		},
		audioprops =
		{
			attenuation = -3,
			pan = 0,
			dmin = 50,
			dmax = 1000,
			ain = 360,
			aout = 360,
			atout = 0,
			rmix = 0,
		},
		userprops =
		{
			category = "Audio",
		}
	},

	{
		entity_name = "dx_s051x_1301_Trent_13",
		type = SOUND,
		template_name = "dx_s051x_1301_Trent",
		lt_grp = 0, srt_grp = 0, usr_flg = 0,
		spatialprops =
		{
			pos = { 0, 0, 0 },
			orient = { { 1, 0, 0 }, { 0, 1, 0 }, { 0, 0, 1 } }
		},
		audioprops =
		{
			attenuation = -3,
			pan = 0,
			dmin = 50,
			dmax = 1000,
			ain = 360,
			aout = 360,
			atout = 0,
			rmix = 0,
		},
		userprops =
		{
			category = "Audio",
		}
	},

	{
		entity_name = "dx_s051x_0502_Trent_5",
		type = SOUND,
		template_name = "dx_s051x_0502_Trent",
		lt_grp = 0, srt_grp = 0, usr_flg = 0,
		spatialprops =
		{
			pos = { 1.804813, 0, 64.06995 },
			orient = { { 1, 0, 0 }, { 0, 1, 0 }, { 0, 0, 1 } }
		},
		audioprops =
		{
			attenuation = -1,
			pan = 0,
			dmin = 50,
			dmax = 1000,
			ain = 360,
			aout = 360,
			atout = 0,
			rmix = 0,
		},
		userprops =
		{
			category = "Audio",
		}
	},

	{
		entity_name = "dx_s051x_0702_Ozu_8",
		type = SOUND,
		template_name = "dx_s051x_0702_Ozu",
		lt_grp = 0, srt_grp = 0, usr_flg = 0,
		spatialprops =
		{
			pos = { 0, 0, 0 },
			orient = { { 1, 0, 0 }, { 0, 1, 0 }, { 0, 0, 1 } }
		},
		audioprops =
		{
			attenuation = -1,
			pan = 0,
			dmin = 50,
			dmax = 1000,
			ain = 360,
			aout = 360,
			atout = 0,
			rmix = 0,
		},
		userprops =
		{
			category = "Audio",
		}
	},

	{
		entity_name = "dx_s051x_0802_Trent_10",
		type = SOUND,
		template_name = "dx_s051x_0802_Trent",
		lt_grp = 0, srt_grp = 0, usr_flg = 0,
		spatialprops =
		{
			pos = { 0, 0, 0 },
			orient = { { 1, 0, 0 }, { 0, 1, 0 }, { 0, 0, 1 } }
		},
		audioprops =
		{
			attenuation = -1,
			pan = 0,
			dmin = 50,
			dmax = 1000,
			ain = 360,
			aout = 360,
			atout = 0,
			rmix = 0,
		},
		userprops =
		{
			category = "Audio",
		}
	},

	{
		entity_name = "dx_s051x_1302_Trent_16",
		type = SOUND,
		template_name = "dx_s051x_1302_Trent",
		lt_grp = 0, srt_grp = 0, usr_flg = 0,
		spatialprops =
		{
			pos = { 0, 0, 0 },
			orient = { { 1, 0, 0 }, { 0, 1, 0 }, { 0, 0, 1 } }
		},
		audioprops =
		{
			attenuation = -1,
			pan = 0,
			dmin = 50,
			dmax = 1000,
			ain = 360,
			aout = 360,
			atout = 0,
			rmix = 0,
		},
		userprops =
		{
			category = "Audio",
		}
	},

	{
		entity_name = "Char_Ozu",
		type = DEFORMABLE,
		template_name = "ozu",
		lt_grp = 0, srt_grp = 0, usr_flg = 0,
		flags = LIT_DYNAMIC,
		spatialprops =
		{
			pos = { 1.159282, 0, 0 },
			orient = { { 1, 0, 0 }, { 0, 1, 0 }, { 0, 0, 1 } }
		},
		compoundprops =
		{
			floor_height = 0
		},
		userprops =
		{
			actor = "ozu",
			category = "Character",
		}
	},

	{
		entity_name = "Char_Trent",
		type = DEFORMABLE,
		template_name = "trent",
		lt_grp = 0, srt_grp = 0, usr_flg = 0,
		flags = LIT_DYNAMIC,
		spatialprops =
		{
			pos = { -250.9347, 0, 10.59764 },
			orient = { { 1, 0, 0 }, { 0, 1, 0 }, { 0, 0, 1 } }
		},
		compoundprops =
		{
			floor_height = 0
		},
		userprops =
		{
			actor = "player",
			category = "Character",
		}
	},

	{
		entity_name = "Char_Tr_Mk_loc_11_hall",
		type = MARKER,
		template_name = "",
		lt_grp = 0, srt_grp = 0, usr_flg = 0,
		spatialprops =
		{
			pos = { -0.714552, 4.938, 75.36694 },
			orient = { {  0.532330,  0.000000,  0.846537 },
					   {  0.000000,  1.000000,  0.000000 },
					   { -0.846537,  0.000000,  0.532330 } }
		}
	},

	{
		entity_name = "Mk_offscreen",
		type = MARKER,
		template_name = "",
		lt_grp = 0, srt_grp = 0, usr_flg = 0,
		spatialprops =
		{
			pos = { -503.0128, 4.938, -29.38495 },
			orient = { {  0.463693,  0.000000,  0.885996 },
					   {  0.000000,  1.000000,  0.000000 },
					   { -0.885996,  0.000000,  0.463693 } }
		}
	},

	{
		entity_name = "Char_Tr_Mk_loc_14_to_Tome",
		type = MARKER,
		template_name = "",
		lt_grp = 0, srt_grp = 0, usr_flg = 0,
		spatialprops =
		{
			pos = { -0.81946, 4.937487, 52.47573 },
			orient = { { -0.625808,  0.000000,  0.779978 },
					   {  0.000000,  1.000000,  0.000000 },
					   { -0.779978,  0.000000, -0.625808 } }
		}
	},

	{
		entity_name = "Char_O_Mk_loc_12_to_bomb",
		type = MARKER,
		template_name = "",
		lt_grp = 0, srt_grp = 0, usr_flg = 0,
		spatialprops =
		{
			pos = { -0.397123, 4.938, 60.50211 },
			orient = { {  0.999505,  0.000000, -0.031464 },
					   {  0.000000,  1.000000,  0.000000 },
					   {  0.031464,  0.000000,  0.999505 } }
		}
	},

	{
		entity_name = "prop_ku_sanctum_chair_Ozu",
		type = COMPOUND,
		template_name = "ku_sanctum_chair",
		lt_grp = 0, srt_grp = 0, usr_flg = 0,
		flags = LIT_DYNAMIC,
		spatialprops =
		{
			pos = { 1.333987, 4.938, 55.16177 },
			orient = { { -0.020260,  0.000000, -0.999795 },
					   {  0.000000,  1.000000,  0.000000 },
					   {  0.999795,  0.000000, -0.020260 } }
		},
		userprops =
		{
			category = "Prop",
		}
	},

	{
		entity_name = "prop_ku_sanctum_shrine",
		type = COMPOUND,
		template_name = "ku_sanctum_shrine",
		lt_grp = 0, srt_grp = 0, usr_flg = 0,
		flags = LIT_DYNAMIC,
		spatialprops =
		{
			pos = { -0.045372, 5.73552, 53.38514 },
			orient = { { -0.999976,  0.006848, -0.000674 },
					   { -0.000677, -0.000363,  1.000000 },
					   {  0.006848,  0.999977,  0.000367 } }
		},
		userprops =
		{
			category = "Prop",
		}
	},

	{
		entity_name = "prop_ozu_bomb",
		type = COMPOUND,
		template_name = "ozu_bomb",
		lt_grp = 0, srt_grp = 0, usr_flg = 0,
		flags = LIT_DYNAMIC,
		spatialprops =
		{
			pos = { -1.268856, 5.975689, 56.6274 },
			orient = { { -0.013299,  0.998276, -0.057160 },
					   { -0.057892, -0.057837, -0.996646 },
					   { -0.998234, -0.009945,  0.058562 } }
		},
		userprops =
		{
			category = "Prop",
		}
	},

	{
		entity_name = "prop_tome",
		type = COMPOUND,
		template_name = "tome",
		lt_grp = 0, srt_grp = 0, usr_flg = 0,
		flags = LIT_DYNAMIC,
		spatialprops =
		{
			pos = { -0.039243, 6.128085, 53.19228 },
			orient = { { -0.005554,  0.003061,  0.999980 },
					   { -0.999970, -0.005431, -0.005538 },
					   {  0.005414, -0.999981,  0.003091 } }
		},
		userprops =
		{
			category = "Prop",
		}
	},

	{
		entity_name = "prop_ku_sanctum_chair_Trent",
		type = COMPOUND,
		template_name = "ku_sanctum_chair",
		lt_grp = 0, srt_grp = 0, usr_flg = 0,
		flags = LIT_DYNAMIC,
		spatialprops =
		{
			pos = { -0.784323, 4.938, 56.20533 },
			orient = { { -0.968972, -0.080426,  0.233721 },
					   { -0.079457,  0.996746,  0.013576 },
					   { -0.234052, -0.005416, -0.972209 } }
		},
		userprops =
		{
			category = "Prop",
		}
	},

	{
		entity_name = "Char_O_Mk_loc_15_gas",
		type = MARKER,
		template_name = "",
		lt_grp = 0, srt_grp = 0, usr_flg = 0,
		spatialprops =
		{
			pos = { 0.354559, 4.938, 66.08937 },
			orient = { { -0.950900,  0.000000, -0.309499 },
					   {  0.000000,  1.000000,  0.000000 },
					   {  0.309499,  0.000000, -0.950900 } }
		}
	},

	{
		entity_name = "Char_Tr_Mk_loc_18_to_Door",
		type = MARKER,
		template_name = "",
		lt_grp = 0, srt_grp = 0, usr_flg = 0,
		spatialprops =
		{
			pos = { 0.619, 5.002788, 64.99861 },
			orient = { { -0.969997,  0.000000, -0.243116 },
					   {  0.000000,  1.000000,  0.000000 },
					   {  0.243116,  0.000000, -0.969997 } }
		}
	},

	{
		entity_name = "prop_gun_laser_1_Trent",
		type = COMPOUND,
		template_name = "prop_gun_laser_1",
		lt_grp = 0, srt_grp = 0, usr_flg = 0,
		flags = LIT_DYNAMIC,
		spatialprops =
		{
			pos = { -0.831645, 6.194732, 75.25497 },
			orient = { {  0.118681,  0.130726, -0.984289 },
					   { -0.962147, -0.229786, -0.146530 },
					   { -0.245331,  0.964422,  0.098506 } }
		},
		userprops =
		{
			category = "Prop",
		}
	},

	{
		entity_name = "prop_gun_laser_1_Ozu",
		type = COMPOUND,
		template_name = "prop_gun_laser_1",
		lt_grp = 0, srt_grp = 0, usr_flg = 0,
		flags = LIT_DYNAMIC,
		spatialprops =
		{
			pos = { 0.285187, 6.09853, 72.19453 },
			orient = { { -0.957415, -0.088414, -0.274844 },
					   { -0.281470,  0.073924,  0.956718 },
					   { -0.064270,  0.993337, -0.095662 } }
		},
		userprops =
		{
			category = "Prop",
		}
	},

	{
		entity_name = "Char_Tr_Mk_loc_17_gas_B",
		type = MARKER,
		template_name = "",
		lt_grp = 0, srt_grp = 0, usr_flg = 0,
		spatialprops =
		{
			pos = { -0.05929, 5.899099, 52.85509 },
			orient = { { -0.999460,  0.000000,  0.032867 },
					   {  0.000000,  1.000000,  0.000000 },
					   { -0.032867,  0.000000, -0.999460 } }
		}
	},

	{
		entity_name = "prop_ku_sanctum_chair_O_Mk_01",
		type = MARKER,
		template_name = "",
		lt_grp = 0, srt_grp = 0, usr_flg = 0,
		spatialprops =
		{
			pos = { 0.790654, 4.938, 55.40125 },
			orient = { {  0.997741,  0.000000, -0.067186 },
					   {  0.000000,  1.000000,  0.000000 },
					   {  0.067186,  0.000000,  0.997741 } }
		}
	},

	{
		entity_name = "Char_O_Mk_loc_11_enter_B",
		type = MARKER,
		template_name = "",
		lt_grp = 0, srt_grp = 0, usr_flg = 0,
		spatialprops =
		{
			pos = { -0.018733, 4.942481, 61.29362 },
			orient = { {  0.999505,  0.000000, -0.031464 },
					   {  0.000000,  1.000000,  0.000000 },
					   {  0.031464,  0.000000,  0.999505 } }
		}
	},

	{
		entity_name = "Char_Tr_Mk_loc_13_enter_B",
		type = MARKER,
		template_name = "",
		lt_grp = 0, srt_grp = 0, usr_flg = 0,
		spatialprops =
		{
			pos = { -0.499233, 4.937487, 61.28664 },
			orient = { {  0.782511,  0.000000, -0.622637 },
					   {  0.000000,  1.000000,  0.000000 },
					   {  0.622637,  0.000000,  0.782511 } }
		}
	},

	{
		entity_name = "Cam_17_AC2_enter",
		type = CAMERA,
		template_name = "",
		lt_grp = 0, srt_grp = 0, usr_flg = 0,
		flags = HIDDEN,
		spatialprops =
		{
			pos = { 1.460076, 6.697602, 58.64008 },
			orient = { { -0.617081,  0.000000, -0.786900 },
					   { -0.160975,  0.978852,  0.126235 },
					   {  0.770259,  0.204568, -0.604031 } }
		},
		cameraprops =
		{
			fovh = 25,
			hvaspect = 1.85,
			nearplane = 0.1,
			farplane = 100000
		}
	},

	{
		entity_name = "Cam_Monitor_s051xa",
		type = MONITOR,
		template_name = "",
		lt_grp = 0, srt_grp = 0, usr_flg = 0,
		userprops =
		{
			Priority = "Monitor_Moving_1",
		}
	},

	{
		entity_name = "Cam_19_AC2_toTable_A",
		type = CAMERA,
		template_name = "",
		lt_grp = 0, srt_grp = 0, usr_flg = 0,
		flags = HIDDEN,
		spatialprops =
		{
			pos = { 2.601239, 6.258733, 56.91681 },
			orient = { { -0.544147,  0.000000, -0.838990 },
					   { -0.082119,  0.995198,  0.053261 },
					   {  0.834961,  0.097879, -0.541534 } }
		},
		cameraprops =
		{
			fovh = 25,
			hvaspect = 1.85,
			nearplane = 0.1,
			farplane = 100000
		}
	},

	{
		entity_name = "Cam_21_CU_artifact_A",
		type = CAMERA,
		template_name = "",
		lt_grp = 0, srt_grp = 0, usr_flg = 0,
		flags = HIDDEN,
		spatialprops =
		{
			pos = { -0.068533, 5.954116, 54.41693 },
			orient = { {  0.999954,  0.000000,  0.009637 },
					   {  0.001129,  0.993116, -0.117130 },
					   { -0.009570,  0.117135,  0.993070 } }
		},
		cameraprops =
		{
			fovh = 25,
			hvaspect = 1.85,
			nearplane = 0.1,
			farplane = 100000
		}
	},

	{
		entity_name = "Cam_22_ACS_Ozu",
		type = CAMERA,
		template_name = "",
		lt_grp = 0, srt_grp = 0, usr_flg = 0,
		flags = HIDDEN,
		spatialprops =
		{
			pos = { 0.203268, 6.444816, 56.77873 },
			orient = { { -0.677958,  0.000000, -0.735101 },
					   { -0.322797,  0.898429,  0.297705 },
					   {  0.660435,  0.439120, -0.609097 } }
		},
		cameraprops =
		{
			fovh = 25,
			hvaspect = 1.85,
			nearplane = 0.1,
			farplane = 100000
		}
	},

	{
		entity_name = "Cam_24_PCS",
		type = CAMERA,
		template_name = "",
		lt_grp = 0, srt_grp = 0, usr_flg = 0,
		flags = HIDDEN,
		spatialprops =
		{
			pos = { -0.094921, 6.50769, 54.24503 },
			orient = { {  0.994120,  0.000000, -0.108283 },
					   { -0.000246,  0.999997, -0.002262 },
					   {  0.108283,  0.002275,  0.994117 } }
		},
		cameraprops =
		{
			fovh = 20,
			hvaspect = 1.85,
			nearplane = 0.1,
			farplane = 100000
		}
	},

	{
		entity_name = "Char_Tr_Mk_ort_02_toTome_A",
		type = MARKER,
		template_name = "",
		lt_grp = 0, srt_grp = 0, usr_flg = 0,
		spatialprops =
		{
			pos = { -2.579975, 5.802472, 55.43081 },
			orient = { {  0.644845,  0.000000, -0.764313 },
					   {  0.000000,  1.000000,  0.000000 },
					   {  0.764313,  0.000000,  0.644845 } }
		}
	},

	{
		entity_name = "Cam_20_ACS_A",
		type = CAMERA,
		template_name = "",
		lt_grp = 0, srt_grp = 0, usr_flg = 0,
		flags = HIDDEN,
		spatialprops =
		{
			pos = { -0.257623, 6.452087, 56.04153 },
			orient = { { -0.909183,  0.000000, -0.416397 },
					   { -0.202186,  0.874203,  0.441463 },
					   {  0.364015,  0.485560, -0.794811 } }
		},
		cameraprops =
		{
			fovh = 25,
			hvaspect = 1.85,
			nearplane = 0.1,
			farplane = 100000
		}
	},

	{
		entity_name = "Char_Tr_Mk_ort_03_toTome_B",
		type = MARKER,
		template_name = "",
		lt_grp = 0, srt_grp = 0, usr_flg = 0,
		spatialprops =
		{
			pos = { -2.579975, 5.802472, 55.43081 },
			orient = { {  0.811140,  0.000000, -0.584853 },
					   {  0.000000,  1.000000,  0.000000 },
					   {  0.584853,  0.000000,  0.811140 } }
		}
	},

	{
		entity_name = "Cam_19_AC2_toTable_B",
		type = CAMERA,
		template_name = "",
		lt_grp = 0, srt_grp = 0, usr_flg = 0,
		flags = HIDDEN,
		spatialprops =
		{
			pos = { 1.825063, 6.024983, 57.29399 },
			orient = { { -0.141681,  0.000000, -0.989912 },
					   { -0.214543,  0.976232,  0.030706 },
					   {  0.966384,  0.216730, -0.138313 } }
		},
		cameraprops =
		{
			fovh = 25,
			hvaspect = 1.85,
			nearplane = 0.1,
			farplane = 100000
		}
	},

	{
		entity_name = "Cam_16_Wide_pov_room",
		type = CAMERA,
		template_name = "",
		lt_grp = 0, srt_grp = 0, usr_flg = 0,
		flags = HIDDEN,
		spatialprops =
		{
			pos = { 0.157803, 7.027956, 69.11309 },
			orient = { {  0.999647,  0.000000, -0.026570 },
					   { -0.000636,  0.999713, -0.023931 },
					   {  0.026562,  0.023940,  0.999360 } }
		},
		cameraprops =
		{
			fovh = 30,
			hvaspect = 1.85,
			nearplane = 0.1,
			farplane = 100000
		}
	},

	{
		entity_name = "Char_O_Mk_loc_10_enter_A",
		type = MARKER,
		template_name = "",
		lt_grp = 0, srt_grp = 0, usr_flg = 0,
		spatialprops =
		{
			pos = { 0.570246, 4.942481, 68.52739 },
			orient = { {  0.579754,  0.000000,  0.814792 },
					   {  0.000000,  1.000000,  0.000000 },
					   { -0.814792,  0.000000,  0.579754 } }
		}
	},

	{
		entity_name = "Char_Tr_Mk_loc_12_enter_A",
		type = MARKER,
		template_name = "",
		lt_grp = 0, srt_grp = 0, usr_flg = 0,
		spatialprops =
		{
			pos = { -0.46084, 4.937487, 68.40833 },
			orient = { {  0.900429,  0.000000,  0.435003 },
					   {  0.000000,  1.000000,  0.000000 },
					   { -0.435003,  0.000000,  0.900429 } }
		}
	},

	{
		entity_name = "Char_Tr_Mk_ort_04_lookTome",
		type = MARKER,
		template_name = "",
		lt_grp = 0, srt_grp = 0, usr_flg = 0,
		spatialprops =
		{
			pos = { -0.195979, 5.898731, 52.82769 },
			orient = { { -0.944078,  0.000000,  0.329722 },
					   {  0.000000,  1.000000,  0.000000 },
					   { -0.329722,  0.000000, -0.944078 } }
		}
	},

	{
		entity_name = "rtc_forcefield",
		type = PSYS,
		template_name = "rtc_forcefield",
		lt_grp = 0, srt_grp = 0, usr_flg = 0,
		flags = LIT_DYNAMIC + LIT_AMBIENT,
		spatialprops =
		{
			pos = { -0.057156, 6.128085, 49.58068 },
			orient = { { 1, 0, 0 }, { 0, 1, 0 }, { 0, 0, 1 } }
		},
		psysprops =
		{
			sparam = 0
		}
	},

	{
		entity_name = "rtc_mister_Mk_02",
		type = MARKER,
		template_name = "",
		lt_grp = 0, srt_grp = 0, usr_flg = 0,
		spatialprops =
		{
			pos = { 0.012521, 9.615608, 48.40926 },
			orient = { { -0.999920,  0.011398,  0.005456 },
					   { -0.008242, -0.915530,  0.402165 },
					   {  0.009579,  0.402088,  0.915551 } }
		}
	},

	{
		entity_name = "rtc_mister_02",
		type = PSYS,
		template_name = "rtc_mister",
		lt_grp = 0, srt_grp = 0, usr_flg = 0,
		flags = LIT_DYNAMIC + LIT_AMBIENT,
		spatialprops =
		{
			pos = { 0, 0, 0 },
			orient = { { 1, 0, 0 }, { 0, 1, 0 }, { 0, 0, 1 } }
		},
		psysprops =
		{
			sparam = 0
		}
	},

	{
		entity_name = "rtc_mister_Mk_04",
		type = MARKER,
		template_name = "",
		lt_grp = 0, srt_grp = 0, usr_flg = 0,
		spatialprops =
		{
			pos = { -1.201186, 9, 68.08038 },
			orient = { {  0.770750,  0.011398,  0.637035 },
					   {  0.264221, -0.915530, -0.303301 },
					   {  0.579768,  0.402088, -0.708657 } }
		}
	},

	{
		entity_name = "rtc_mister_04",
		type = PSYS,
		template_name = "rtc_mister",
		lt_grp = 0, srt_grp = 0, usr_flg = 0,
		flags = LIT_DYNAMIC + LIT_AMBIENT,
		spatialprops =
		{
			pos = { 0, 0, 0 },
			orient = { { 1, 0, 0 }, { 0, 1, 0 }, { 0, 0, 1 } }
		},
		psysprops =
		{
			sparam = 0
		}
	},

	{
		entity_name = "rtc_mister_Mk_05",
		type = MARKER,
		template_name = "",
		lt_grp = 0, srt_grp = 0, usr_flg = 0,
		spatialprops =
		{
			pos = { 1.159896, 9, 68.13667 },
			orient = { {  0.564483,  0.011398, -0.825366 },
					   { -0.326021, -0.915530, -0.235615 },
					   { -0.758333,  0.402088, -0.513085 } }
		}
	},

	{
		entity_name = "rtc_mister_05",
		type = PSYS,
		template_name = "rtc_mister",
		lt_grp = 0, srt_grp = 0, usr_flg = 0,
		flags = LIT_DYNAMIC + LIT_AMBIENT,
		spatialprops =
		{
			pos = { 0, 0, 0 },
			orient = { { 1, 0, 0 }, { 0, 1, 0 }, { 0, 0, 1 } }
		},
		psysprops =
		{
			sparam = 0
		}
	},

	{
		entity_name = "rtc_mister_Mk_06",
		type = MARKER,
		template_name = "",
		lt_grp = 0, srt_grp = 0, usr_flg = 0,
		spatialprops =
		{
			pos = { 4.441905, 9, 60.53783 },
			orient = { {  0.691341,  0.011398, -0.722439 },
					   { -0.283306, -0.915530, -0.285556 },
					   { -0.664669,  0.402088, -0.629714 } }
		}
	},

	{
		entity_name = "rtc_mister_06",
		type = PSYS,
		template_name = "rtc_mister",
		lt_grp = 0, srt_grp = 0, usr_flg = 0,
		flags = LIT_DYNAMIC + LIT_AMBIENT,
		spatialprops =
		{
			pos = { 0, 0, 0 },
			orient = { { 1, 0, 0 }, { 0, 1, 0 }, { 0, 0, 1 } }
		},
		psysprops =
		{
			sparam = 0
		}
	},

	{
		entity_name = "rtc_forcefield_Mk",
		type = MARKER,
		template_name = "",
		lt_grp = 0, srt_grp = 0, usr_flg = 0,
		spatialprops =
		{
			pos = { -0.007442, 7.295221, 47.26499 },
			orient = { { -0.005554, -0.999976, -0.004041 },
					   { -0.999970,  0.005576, -0.005390 },
					   {  0.005412,  0.004010, -0.999977 } }
		}
	},

	{
		entity_name = "rtc_forcefieldripple_Mk",
		type = MARKER,
		template_name = "",
		lt_grp = 0, srt_grp = 0, usr_flg = 0,
		spatialprops =
		{
			pos = { -0.007442, 6.601963, 47.26499 },
			orient = { { -0.005554, -0.999976, -0.004041 },
					   { -0.999970,  0.005576, -0.005390 },
					   {  0.005412,  0.004010, -0.999977 } }
		}
	},

	{
		entity_name = "prop_ozu_bomb_Mk_under_table",
		type = MARKER,
		template_name = "",
		lt_grp = 0, srt_grp = 0, usr_flg = 0,
		spatialprops =
		{
			pos = { -0.436292, 5.633206, 57.34751 },
			orient = { {  0.007076, -0.999975,  0.000000 },
					   {  0.999975,  0.007076,  0.000000 },
					   {  0.000000,  0.000000,  1.000000 } }
		}
	},

	{
		entity_name = "Char_Tr_Mk_IKhead",
		type = MARKER,
		template_name = "",
		lt_grp = 0, srt_grp = 0, usr_flg = 0,
		spatialprops =
		{
			pos = { -1.238675, 4.938, 75.03777 },
			orient = { {  0.386272,  0.000000,  0.922385 },
					   {  0.000000,  1.000000,  0.000000 },
					   { -0.922385,  0.000000,  0.386272 } }
		}
	},

	{
		entity_name = "prop_ku_sanctum_shrine_mk",
		type = MARKER,
		template_name = "",
		lt_grp = 0, srt_grp = 0, usr_flg = 0,
		spatialprops =
		{
			pos = { -0.041732, 5.73552, 53.46793 },
			orient = { {  0.005537,  0.006848,  0.999961 },
					   {  0.999985, -0.000363, -0.005535 },
					   {  0.000325,  0.999977, -0.006850 } }
		}
	},

	{
		entity_name = "Char_Tr_Mk_loc_15_at_Tome",
		type = MARKER,
		template_name = "",
		lt_grp = 0, srt_grp = 0, usr_flg = 0,
		spatialprops =
		{
			pos = { -0.198762, 5.899099, 52.85275 },
			orient = { { -0.944078,  0.000000,  0.329722 },
					   {  0.000000,  1.000000,  0.000000 },
					   { -0.329722,  0.000000, -0.944078 } }
		}
	},

	{
		entity_name = "Cam_23_Insert_gas_jet",
		type = CAMERA,
		template_name = "",
		lt_grp = 0, srt_grp = 0, usr_flg = 0,
		flags = HIDDEN,
		spatialprops =
		{
			pos = { 1.542184, 7.569812, 52.77581 },
			orient = { {  0.928085,  0.000000, -0.372368 },
					   {  0.095346,  0.966663,  0.237638 },
					   {  0.359954, -0.256052,  0.897146 } }
		},
		cameraprops =
		{
			fovh = 25,
			hvaspect = 1.85,
			nearplane = 0.1,
			farplane = 100000
		}
	},

	{
		entity_name = "Char_O_Mk_loc_13_at_bomb_A",
		type = MARKER,
		template_name = "",
		lt_grp = 0, srt_grp = 0, usr_flg = 0,
		spatialprops =
		{
			pos = { -0.665739, 5.311375, 57.93459 },
			orient = { {  0.980130, -0.000070, -0.198356 },
					   {  0.000059,  1.000000, -0.000060 },
					   {  0.198356,  0.000048,  0.980130 } }
		}
	},

	{
		entity_name = "dx_s051x_0401_Ozu_1",
		type = SOUND,
		template_name = "dx_s051x_0401_Ozu",
		lt_grp = 0, srt_grp = 0, usr_flg = 0,
		spatialprops =
		{
			pos = { 0, 0, 0 },
			orient = { { 1, 0, 0 }, { 0, 1, 0 }, { 0, 0, 1 } }
		},
		audioprops =
		{
			attenuation = 0,
			pan = 0,
			dmin = 50,
			dmax = 300,
			ain = 360,
			atout = 0,
			rmix = 0,
		},
		userprops =
		{
			category = "Audio",
		}
	},

	{
		entity_name = "Char_O_Mk_loc_01_deck",
		type = MARKER,
		template_name = "",
		lt_grp = 0, srt_grp = 0, usr_flg = 0,
		spatialprops =
		{
			pos = { -251.6433, 0, -15.46399 },
			orient = { { -0.982935,  0.000000,  0.183951 },
					   {  0.000000,  1.000000,  0.000000 },
					   { -0.183951,  0.000000, -0.982935 } }
		}
	},

	{
		entity_name = "Set_li_08_outpost",
		type = COMPOUND,
		template_name = "li_08_outpost",
		lt_grp = 0, srt_grp = 0, usr_flg = 0,
		flags = LIT_AMBIENT,
		spatialprops =
		{
			pos = { -251.0756, 0, -34.15894 },
			orient = { { 1, 0, 0 }, { 0, 1, 0 }, { 0, 0, 1 } }
		},
		userprops =
		{
			category = "Room",
		}
	},

	{
		entity_name = "Cam_xa01_deck",
		type = CAMERA,
		template_name = "",
		lt_grp = 0, srt_grp = 0, usr_flg = 0,
		spatialprops =
		{
			pos = { -274.6772, 14.41192, -53.58573 },
			orient = { { -0.700396,  0.000000,  0.713754 },
					   {  0.283379,  0.917808,  0.278075 },
					   { -0.655089,  0.397025, -0.642829 } }
		},
		cameraprops =
		{
			fovh = 30,
			hvaspect = 1.85,
			nearplane = 0.1,
			farplane = 100000
		}
	},

	{
		entity_name = "Char_Tr_Mk_loc_01_deck",
		type = MARKER,
		template_name = "",
		lt_grp = 0, srt_grp = 0, usr_flg = 0,
		spatialprops =
		{
			pos = { -250.1172, 0, -14.37408 },
			orient = { {  0.008912,  0.000000, -0.999960 },
					   {  0.000000,  1.000000,  0.000000 },
					   {  0.999960,  0.000000,  0.008912 } }
		}
	},

	{
		entity_name = "PlayerShip",
		type = COMPOUND,
		template_name = "PlayerShip",
		lt_grp = 0, srt_grp = 0, usr_flg = 0,
		flags = LIT_DYNAMIC,
		spatialprops =
		{
			pos = { -255.2261, 0, -41.89209 },
			orient = { {  0.438967,  0.000000,  0.898503 },
					   {  0.000000,  1.000000,  0.000000 },
					   { -0.898503,  0.000000,  0.438967 } }
		},
		userprops =
		{
			category = "Spaceship",
		}
	},

	{
		entity_name = "Cam_xa03_ACU_Ozu",
		type = CAMERA,
		template_name = "",
		lt_grp = 0, srt_grp = 0, usr_flg = 0,
		spatialprops =
		{
			pos = { -255.0313, 1.268569, 6.077773 },
			orient = { { -0.457327,  0.000000,  0.889299 },
					   {  0.034424,  0.999251,  0.017703 },
					   { -0.888632,  0.038709, -0.456984 } }
		},
		cameraprops =
		{
			fovh = 30,
			hvaspect = 1.85,
			nearplane = 0.1,
			farplane = 100000
		}
	},

	{
		entity_name = "Char_O_Mk_loc_04_door",
		type = MARKER,
		template_name = "",
		lt_grp = 0, srt_grp = 0, usr_flg = 0,
		spatialprops =
		{
			pos = { -250.3391, 0, 8.375189 },
			orient = { {  0.742717,  0.000000, -0.669605 },
					   {  0.000000,  1.000000,  0.000000 },
					   {  0.669605,  0.000000,  0.742717 } }
		}
	},

	{
		entity_name = "Char_Tr_Mk_loc_04_door",
		type = MARKER,
		template_name = "",
		lt_grp = 0, srt_grp = 0, usr_flg = 0,
		spatialprops =
		{
			pos = { -249.2741, 0, 3.828818 },
			orient = { { -0.999849,  0.000000, -0.017363 },
					   {  0.000000,  1.000000,  0.000000 },
					   {  0.017363,  0.000000, -0.999849 } }
		}
	},

	{
		entity_name = "Cam_07_PC2_blue_hall",
		type = CAMERA,
		template_name = "",
		lt_grp = 0, srt_grp = 0, usr_flg = 0,
		spatialprops =
		{
			pos = { -251.9397, 1.69146, 8.332067 },
			orient = { { -0.948500,  0.000000,  0.316779 },
					   {  0.052524,  0.986159,  0.157266 },
					   { -0.312394,  0.165805, -0.935371 } }
		},
		cameraprops =
		{
			fovh = 30,
			hvaspect = 1.85,
			nearplane = 0.1,
			farplane = 100000
		}
	},

	{
		entity_name = "Char_Tr_Mk_loc_05_hall_A",
		type = MARKER,
		template_name = "",
		lt_grp = 0, srt_grp = 0, usr_flg = 0,
		spatialprops =
		{
			pos = { -250.6687, 0, 8.802125 },
			orient = { { -0.138265,  0.000000, -0.990395 },
					   {  0.000000,  1.000000,  0.000000 },
					   {  0.990395,  0.000000, -0.138265 } }
		}
	},

	{
		entity_name = "rtcprop_bw_elite_1",
		type = COMPOUND,
		template_name = "rtcprop_bw_elite",
		lt_grp = 0, srt_grp = 0, usr_flg = 0,
		flags = LIT_DYNAMIC,
		spatialprops =
		{
			pos = { -244.3376, 6.901938, -27.82016 },
			orient = { {  0.253848,  0.000000, -0.967244 },
					   {  0.000000,  1.000000,  0.000000 },
					   {  0.967244,  0.000000,  0.253848 } }
		},
		userprops =
		{
			category = "Spaceship",
		}
	},

	{
		entity_name = "Char_ku_male_guard_5",
		type = DEFORMABLE,
		template_name = "ku_male_guard_2",
		lt_grp = 0, srt_grp = 0, usr_flg = 0,
		flags = LIT_DYNAMIC,
		spatialprops =
		{
			pos = { -250.2898, 0, 25.82135 },
			orient = { {  0.720976,  0.000000, -0.692960 },
					   {  0.000000,  1.000000,  0.000000 },
					   {  0.692960,  0.000000,  0.720976 } }
		},
		compoundprops =
		{
			floor_height = 0
		},
		userprops =
		{
			actor = "ku_guard05",
			category = "Character",
		}
	},

	{
		entity_name = "Char_ku_male_guard_3",
		type = DEFORMABLE,
		template_name = "ku_male_guard_1",
		lt_grp = 0, srt_grp = 0, usr_flg = 0,
		flags = LIT_DYNAMIC,
		spatialprops =
		{
			pos = { -251.8822, 0, 12.55743 },
			orient = { {  0.992525,  0.000000,  0.122039 },
					   {  0.000000,  1.000000,  0.000000 },
					   { -0.122039,  0.000000,  0.992525 } }
		},
		compoundprops =
		{
			floor_height = 0
		},
		userprops =
		{
			actor = "ku_guard03",
			category = "Character",
		}
	},

	{
		entity_name = "Char_ku_male_guard_6",
		type = DEFORMABLE,
		template_name = "ku_male_guard_2",
		lt_grp = 0, srt_grp = 0, usr_flg = 0,
		flags = LIT_DYNAMIC,
		spatialprops =
		{
			pos = { -251.4171, 0, 29.14201 },
			orient = { { -0.996082,  0.000000,  0.088437 },
					   {  0.000000,  1.000000,  0.000000 },
					   { -0.088437,  0.000000, -0.996082 } }
		},
		compoundprops =
		{
			floor_height = 0
		},
		userprops =
		{
			actor = "ku_guard06",
			category = "Character",
		}
	},

	{
		entity_name = "Char_ku_male_guard_3_Mk_loc",
		type = MARKER,
		template_name = "",
		lt_grp = 0, srt_grp = 0, usr_flg = 0,
		spatialprops =
		{
			pos = { -252.0132, 0.094693, 12.8655 },
			orient = { {  0.990881,  0.000000,  0.134742 },
					   {  0.000000,  1.000000,  0.000000 },
					   { -0.134742,  0.000000,  0.990881 } }
		}
	},

	{
		entity_name = "Char_ku_male_guard_5_Mk_loc",
		type = MARKER,
		template_name = "",
		lt_grp = 0, srt_grp = 0, usr_flg = 0,
		spatialprops =
		{
			pos = { -249.9989, 0.146821, 29.68172 },
			orient = { {  0.997676,  0.000000, -0.068129 },
					   {  0.000000,  1.000000,  0.000000 },
					   {  0.068129,  0.000000,  0.997676 } }
		}
	},

	{
		entity_name = "Char_ku_male_guard_6_Mk_loc",
		type = MARKER,
		template_name = "",
		lt_grp = 0, srt_grp = 0, usr_flg = 0,
		spatialprops =
		{
			pos = { -252.1743, 0.106718, 23.70755 },
			orient = { { -0.880847,  0.000000,  0.473402 },
					   {  0.000000,  1.000000,  0.000000 },
					   { -0.473402,  0.000000, -0.880847 } }
		}
	},

	{
		entity_name = "Char_Tr_Mk_loc_02_PCU",
		type = MARKER,
		template_name = "",
		lt_grp = 0, srt_grp = 0, usr_flg = 0,
		spatialprops =
		{
			pos = { -249.8297, 0, -7.290085 },
			orient = { {  0.517041,  0.000000, -0.855961 },
					   {  0.000000,  1.000000,  0.000000 },
					   {  0.855961,  0.000000,  0.517041 } }
		}
	},

	{
		entity_name = "Cam_06_PCU_reaction_shot",
		type = CAMERA,
		template_name = "",
		lt_grp = 0, srt_grp = 0, usr_flg = 0,
		spatialprops =
		{
			pos = { -249.915, 1.602641, 5.489473 },
			orient = { {  0.827517,  0.000000,  0.561440 },
					   {  0.056631,  0.994900, -0.083469 },
					   { -0.558577,  0.100867,  0.823297 } }
		},
		cameraprops =
		{
			fovh = 20,
			hvaspect = 1.85,
			nearplane = 0.1,
			farplane = 100000
		}
	},

	{
		entity_name = "Char_O_Mk_loc_05_hall",
		type = MARKER,
		template_name = "",
		lt_grp = 0, srt_grp = 0, usr_flg = 0,
		spatialprops =
		{
			pos = { -251.1294, 0, 17.17584 },
			orient = { { -0.931555,  0.000000,  0.363601 },
					   {  0.000000,  1.000000,  0.000000 },
					   { -0.363601,  0.000000, -0.931555 } }
		}
	},

	{
		entity_name = "sfx_fire_gun1_rank1_2",
		type = SOUND,
		template_name = "fire_gun1_rank1",
		lt_grp = 0, srt_grp = 0, usr_flg = 0,
		flags = SPATIAL,
		spatialprops =
		{
			pos = { 0, 0, 0 },
			orient = { { 1, 0, 0 }, { 0, 1, 0 }, { 0, 0, 1 } }
		},
		audioprops =
		{
			attenuation = 0,
			pan = 0,
			dmin = 70,
			dmax = 800,
			aout = 360,
			atout = 0,
			rmix = 0,
		},
		userprops =
		{
			category = "Audio",
		}
	},

	{
		entity_name = "sfx_fire_gun2_rank1_3",
		type = SOUND,
		template_name = "fire_gun2_rank1",
		lt_grp = 0, srt_grp = 0, usr_flg = 0,
		flags = SPATIAL,
		spatialprops =
		{
			pos = { 0, 0, 0 },
			orient = { { 1, 0, 0 }, { 0, 1, 0 }, { 0, 0, 1 } }
		},
		audioprops =
		{
			attenuation = 0,
			pan = 0,
			dmin = 70,
			dmax = 800,
			ain = 360,
			aout = 360,
			atout = 0,
		},
		userprops =
		{
			category = "Audio",
		}
	},

	{
		entity_name = "sfx_fire_gun1_rank1_2_copy_1",
		type = SOUND,
		template_name = "fire_gun1_rank1",
		lt_grp = 0, srt_grp = 0, usr_flg = 0,
		flags = SPATIAL,
		spatialprops =
		{
			pos = { 0, 0, 0 },
			orient = { { 1, 0, 0 }, { 0, 1, 0 }, { 0, 0, 1 } }
		},
		audioprops =
		{
			attenuation = 0,
			pan = 0,
			dmin = 70,
			dmax = 800,
			ain = 360,
			aout = 360,
			atout = 0,
			rmix = 0,
		},
		userprops =
		{
			category = "Audio",
		}
	},

	{
		entity_name = "sfx_fire_gun2_rank1_3_copy_1",
		type = SOUND,
		template_name = "fire_gun2_rank1",
		lt_grp = 0, srt_grp = 0, usr_flg = 0,
		flags = SPATIAL,
		spatialprops =
		{
			pos = { 0, 0, 0 },
			orient = { { 1, 0, 0 }, { 0, 1, 0 }, { 0, 0, 1 } }
		},
		audioprops =
		{
			attenuation = 0,
			pan = 0,
			dmin = 70,
			dmax = 800,
			ain = 360,
			aout = 360,
			atout = 0,
			rmix = 0,
		},
		userprops =
		{
			category = "Audio",
		}
	},

	{
		entity_name = "Char_Tr_Mk_loc_06_hall_B",
		type = MARKER,
		template_name = "",
		lt_grp = 0, srt_grp = 0, usr_flg = 0,
		spatialprops =
		{
			pos = { -250.703, 0.885659, 24.48222 },
			orient = { {  0.150886,  0.000000, -0.988551 },
					   {  0.000000,  1.000000,  0.000000 },
					   {  0.988551,  0.000000,  0.150886 } }
		}
	},

	{
		entity_name = "Cam_xa06_AC2",
		type = CAMERA,
		template_name = "",
		lt_grp = 0, srt_grp = 0, usr_flg = 0,
		spatialprops =
		{
			pos = { -252.9851, 1.749991, 32.0341 },
			orient = { {  0.724298,  0.000000,  0.689487 },
					   {  0.170489,  0.968947, -0.179097 },
					   { -0.668076,  0.247270,  0.701806 } }
		},
		cameraprops =
		{
			fovh = 30,
			hvaspect = 1.85,
			nearplane = 0.1,
			farplane = 100000
		}
	},

	{
		entity_name = "Char_O_Mk_loc_06_hall_B",
		type = MARKER,
		template_name = "",
		lt_grp = 0, srt_grp = 0, usr_flg = 0,
		spatialprops =
		{
			pos = { -251.4797, 0, 28.66348 },
			orient = { { -0.921833,  0.000000,  0.387587 },
					   {  0.000000,  1.000000,  0.000000 },
					   { -0.387587,  0.000000, -0.921833 } }
		}
	},

	{
		entity_name = "Char_O_Mk_ort_01_hall",
		type = MARKER,
		template_name = "",
		lt_grp = 0, srt_grp = 0, usr_flg = 0,
		spatialprops =
		{
			pos = { -251.2447, 0.943729, 31.08193 },
			orient = { { -0.956760,  0.000000, -0.290877 },
					   {  0.000000,  1.000000,  0.000000 },
					   {  0.290877,  0.000000, -0.956760 } }
		}
	},

	{
		entity_name = "Cam_xa07_AC2_door2",
		type = CAMERA,
		template_name = "",
		lt_grp = 0, srt_grp = 0, usr_flg = 0,
		spatialprops =
		{
			pos = { -252.7974, 1.702759, 28.26771 },
			orient = { { -0.902292,  0.000000,  0.431125 },
					   {  0.051743,  0.992772,  0.108292 },
					   { -0.428009,  0.120019, -0.895770 } }
		},
		cameraprops =
		{
			fovh = 25,
			hvaspect = 1.85,
			nearplane = 0.1,
			farplane = 100000
		}
	},

	{
		entity_name = "Char_O_Mk_loc_07_door2",
		type = MARKER,
		template_name = "",
		lt_grp = 0, srt_grp = 0, usr_flg = 0,
		spatialprops =
		{
			pos = { -250.221, 0, 32.39692 },
			orient = { {  0.793098,  0.000000, -0.609094 },
					   {  0.000000,  1.000000,  0.000000 },
					   {  0.609094,  0.000000,  0.793098 } }
		}
	},

	{
		entity_name = "Char_O_Mk_loc_08_door2",
		type = MARKER,
		template_name = "",
		lt_grp = 0, srt_grp = 0, usr_flg = 0,
		spatialprops =
		{
			pos = { -250.635, 0.896197, 32.1099 },
			orient = { { -0.903968,  0.000000,  0.427599 },
					   {  0.000000,  1.000000,  0.000000 },
					   { -0.427599,  0.000000, -0.903968 } }
		}
	},

	{
		entity_name = "Char_Tr_Mk_loc_07_hall_C",
		type = MARKER,
		template_name = "",
		lt_grp = 0, srt_grp = 0, usr_flg = 0,
		spatialprops =
		{
			pos = { -252.3753, 0.885659, 28.17915 },
			orient = { {  0.261115,  0.000000, -0.965308 },
					   {  0.000000,  1.000000,  0.000000 },
					   {  0.965308,  0.000000,  0.261115 } }
		}
	},

	{
		entity_name = "Cam_10_ACU_nod",
		type = CAMERA,
		template_name = "",
		lt_grp = 0, srt_grp = 0, usr_flg = 0,
		spatialprops =
		{
			pos = { -251.3277, 1.675004, 32.04981 },
			orient = { { -0.375375,  0.000000,  0.926873 },
					   {  0.093107,  0.994942,  0.037708 },
					   { -0.922185,  0.100453, -0.373476 } }
		},
		cameraprops =
		{
			fovh = 25,
			hvaspect = 1.85,
			nearplane = 0.1,
			farplane = 100000
		}
	},

	{
		entity_name = "Char_Tr_Mk_loc_09_door2_B",
		type = MARKER,
		template_name = "",
		lt_grp = 0, srt_grp = 0, usr_flg = 0,
		spatialprops =
		{
			pos = { -252.634, 0.885659, 31.58245 },
			orient = { {  0.882890,  0.000000,  0.469581 },
					   {  0.000000,  1.000000,  0.000000 },
					   { -0.469581,  0.000000,  0.882890 } }
		}
	},

	{
		entity_name = "Cam_12_AC2_doors_open",
		type = CAMERA,
		template_name = "",
		lt_grp = 0, srt_grp = 0, usr_flg = 0,
		spatialprops =
		{
			pos = { -253.6664, 1.812226, 29.92947 },
			orient = { { -0.719683,  0.000000,  0.694303 },
					   {  0.155569,  0.974574,  0.161255 },
					   { -0.676650,  0.224064, -0.701384 } }
		},
		cameraprops =
		{
			fovh = 25,
			hvaspect = 1.85,
			nearplane = 0.1,
			farplane = 100000
		}
	},

	{
		entity_name = "Char_O_Mk_IKhead_nod_up",
		type = MARKER,
		template_name = "",
		lt_grp = 0, srt_grp = 0, usr_flg = 0,
		spatialprops =
		{
			pos = { -251.9978, 1.554893, 32.16822 },
			orient = { { -0.606020,  0.000000, -0.795450 },
					   {  0.000000,  1.000000,  0.000000 },
					   {  0.795450,  0.000000, -0.606020 } }
		}
	},

	{
		entity_name = "Char_O_Mk_IKhead",
		type = MARKER,
		template_name = "",
		lt_grp = 0, srt_grp = 0, usr_flg = 0,
		spatialprops =
		{
			pos = { -252.8606, 0.9288, 31.82212 },
			orient = { { -0.606020,  0.000000, -0.795450 },
					   {  0.000000,  1.000000,  0.000000 },
					   {  0.795450,  0.000000, -0.606020 } }
		}
	},

	{
		entity_name = "Char_O_Mk_IKhead_nod_down",
		type = MARKER,
		template_name = "",
		lt_grp = 0, srt_grp = 0, usr_flg = 0,
		spatialprops =
		{
			pos = { -251.9978, 1.232506, 32.16822 },
			orient = { { -0.606020,  0.000000, -0.795450 },
					   {  0.000000,  1.000000,  0.000000 },
					   {  0.795450,  0.000000, -0.606020 } }
		}
	},

	{
		entity_name = "Char_Tr_Mk_IKelbow_left",
		type = MARKER,
		template_name = "",
		lt_grp = 0, srt_grp = 0, usr_flg = 0,
		spatialprops =
		{
			pos = { -252.9473, 1.079629, 31.5109 },
			orient = { { -0.326453,  0.158981, -0.931747 },
					   {  0.945163,  0.065074, -0.320051 },
					   {  0.009750, -0.985135, -0.171507 } }
		}
	},

	{
		entity_name = "Cam_13_AC2_through_doors",
		type = CAMERA,
		template_name = "",
		lt_grp = 0, srt_grp = 0, usr_flg = 0,
		spatialprops =
		{
			pos = { -251.1473, 1.805054, 30.27141 },
			orient = { { -0.999444,  0.000000,  0.033347 },
					   {  0.007192,  0.976463,  0.215564 },
					   { -0.032562,  0.215684, -0.975920 } }
		},
		cameraprops =
		{
			fovh = 25,
			hvaspect = 1.85,
			nearplane = 0.1,
			farplane = 100000
		}
	},

	{
		entity_name = "Char_Tr_Mk_loc_10_door2_C",
		type = MARKER,
		template_name = "",
		lt_grp = 0, srt_grp = 0, usr_flg = 0,
		spatialprops =
		{
			pos = { -251.571, 0.885659, 32.11741 },
			orient = { { -0.788617,  0.000000,  0.614884 },
					   {  0.000000,  1.000000,  0.000000 },
					   { -0.614884,  0.000000, -0.788617 } }
		}
	},

	{
		entity_name = "Char_Tr_Mk_IKhead_RT",
		type = MARKER,
		template_name = "",
		lt_grp = 0, srt_grp = 0, usr_flg = 0,
		spatialprops =
		{
			pos = { -251.97, 1.533609, 32.97655 },
			orient = { {  0.386272,  0.000000,  0.922385 },
					   {  0.000000,  1.000000,  0.000000 },
					   { -0.922385,  0.000000,  0.386272 } }
		}
	},

	{
		entity_name = "Char_Tr_Mk_IKhead_LT",
		type = MARKER,
		template_name = "",
		lt_grp = 0, srt_grp = 0, usr_flg = 0,
		spatialprops =
		{
			pos = { -250.0613, 1.685271, 33.2579 },
			orient = { {  0.386272,  0.000000,  0.922385 },
					   {  0.000000,  1.000000,  0.000000 },
					   { -0.922385,  0.000000,  0.386272 } }
		}
	},

	{
		entity_name = "Char_O_Mk_IKhead_RT",
		type = MARKER,
		template_name = "",
		lt_grp = 0, srt_grp = 0, usr_flg = 0,
		spatialprops =
		{
			pos = { -251.5747, 1.533609, 33.17653 },
			orient = { {  0.386272,  0.000000,  0.922385 },
					   {  0.000000,  1.000000,  0.000000 },
					   { -0.922385,  0.000000,  0.386272 } }
		}
	},

	{
		entity_name = "Char_O_Mk_IKhead_LT",
		type = MARKER,
		template_name = "",
		lt_grp = 0, srt_grp = 0, usr_flg = 0,
		spatialprops =
		{
