duration = 174.108;

entities =
{

	{
		entity_name = "Layer_s051xb_nrml_Tekagi_pl_05_Spcl1",
		type = SCENE,
		template_name = "",
		lt_grp = 0, srt_grp = 0, usr_flg = 0,
		spatialprops =
		{
			pos = { 0, 0, 0 },
			orient = { { 1, 0, 0 }, { 0, 1, 0 }, { 0, 0, 1 } }
		},
		up = Y_AXIS,
		front = Z_AXIS,
		ambient = { 163, 163, 163 }
	},

	{
		entity_name = "dx_s051x_1601_Tekagi_16",
		type = SOUND,
		template_name = "dx_s051x_1601_Tekagi",
		lt_grp = 0, srt_grp = 0, usr_flg = 0,
		spatialprops =
		{
			pos = { 0, 0, 0 },
			orient = { { 1, 0, 0 }, { 0, 1, 0 }, { 0, 0, 1 } }
		},
		audioprops =
		{
			attenuation = -3,
			pan = 0,
			dmin = 50,
			dmax = 1000,
			ain = 360,
			aout = 360,
			atout = 0,
			rmix = 0,
		},
		userprops =
		{
			category = "Audio",
		}
	},

	{
		entity_name = "dx_s051x_1701_Tekagi_17",
		type = SOUND,
		template_name = "dx_s051x_1701_Tekagi",
		lt_grp = 0, srt_grp = 0, usr_flg = 0,
		spatialprops =
		{
			pos = { 0, 0, 0 },
			orient = { { 1, 0, 0 }, { 0, 1, 0 }, { 0, 0, 1 } }
		},
		audioprops =
		{
			attenuation = -3,
			pan = 0,
			dmin = 50,
			dmax = 1000,
			ain = 360,
			aout = 360,
			atout = 0,
			rmix = 0,
		},
		userprops =
		{
			category = "Audio",
		}
	},

	{
		entity_name = "dx_s051x_1801_Tekagi_18",
		type = SOUND,
		template_name = "dx_s051x_1801_Tekagi",
		lt_grp = 0, srt_grp = 0, usr_flg = 0,
		spatialprops =
		{
			pos = { 0, 0, 0 },
			orient = { { 1, 0, 0 }, { 0, 1, 0 }, { 0, 0, 1 } }
		},
		audioprops =
		{
			attenuation = -3,
			pan = 0,
			dmin = 50,
			dmax = 1000,
			ain = 360,
			aout = 360,
			atout = 0,
			rmix = 0,
		},
		userprops =
		{
			category = "Audio",
		}
	},

	{
		entity_name = "dx_s051x_1901_Tekagi_19",
		type = SOUND,
		template_name = "dx_s051x_1901_Tekagi",
		lt_grp = 0, srt_grp = 0, usr_flg = 0,
		spatialprops =
		{
			pos = { 0, 0, 0 },
			orient = { { 1, 0, 0 }, { 0, 1, 0 }, { 0, 0, 1 } }
		},
		audioprops =
		{
			attenuation = -3,
			pan = 0,
			dmin = 50,
			dmax = 1000,
			ain = 360,
			aout = 360,
			atout = 0,
			rmix = 0,
		},
		userprops =
		{
			category = "Audio",
		}
	},

	{
		entity_name = "dx_s051x_2001_Tekagi_20",
		type = SOUND,
		template_name = "dx_s051x_2001_Tekagi",
		lt_grp = 0, srt_grp = 0, usr_flg = 0,
		spatialprops =
		{
			pos = { 0, 0, 0 },
			orient = { { 1, 0, 0 }, { 0, 1, 0 }, { 0, 0, 1 } }
		},
		audioprops =
		{
			attenuation = -3,
			pan = 0,
			dmin = 50,
			dmax = 1000,
			ain = 360,
			aout = 360,
			atout = 0,
			rmix = 0,
		},
		userprops =
		{
			category = "Audio",
		}
	},

	{
		entity_name = "dx_s051x_2101_Tekagi_21",
		type = SOUND,
		template_name = "dx_s051x_2101_Tekagi",
		lt_grp = 0, srt_grp = 0, usr_flg = 0,
		spatialprops =
		{
			pos = { 0, 0, 0 },
			orient = { { 1, 0, 0 }, { 0, 1, 0 }, { 0, 0, 1 } }
		},
		audioprops =
		{
			attenuation = -3,
			pan = 0,
			dmin = 50,
			dmax = 1000,
			ain = 360,
			aout = 360,
			atout = 0,
			rmix = 0,
		},
		userprops =
		{
			category = "Audio",
		}
	},

	{
		entity_name = "dx_s051x_2201_Tekagi_22",
		type = SOUND,
		template_name = "dx_s051x_2201_Tekagi",
		lt_grp = 0, srt_grp = 0, usr_flg = 0,
		spatialprops =
		{
			pos = { 0, 0, 0 },
			orient = { { 1, 0, 0 }, { 0, 1, 0 }, { 0, 0, 1 } }
		},
		audioprops =
		{
			attenuation = -3,
			pan = 0,
			dmin = 50,
			dmax = 1000,
			ain = 360,
			aout = 360,
			atout = 0,
			rmix = 0,
		},
		userprops =
		{
			category = "Audio",
		}
	},

	{
		entity_name = "dx_s051x_2301_Trent_23",
		type = SOUND,
		template_name = "dx_s051x_2301_Trent",
		lt_grp = 0, srt_grp = 0, usr_flg = 0,
		spatialprops =
		{
			pos = { 0, 0, 0 },
			orient = { { 1, 0, 0 }, { 0, 1, 0 }, { 0, 0, 1 } }
		},
		audioprops =
		{
			attenuation = -3,
			pan = 0,
			dmin = 50,
			dmax = 1000,
			ain = 360,
			aout = 360,
			atout = 0,
			rmix = 0,
		},
		userprops =
		{
			category = "Audio",
		}
	},

	{
		entity_name = "dx_s051x_2501_Tekagi_25",
		type = SOUND,
		template_name = "dx_s051x_2501_Tekagi",
		lt_grp = 0, srt_grp = 0, usr_flg = 0,
		spatialprops =
		{
			pos = { 0, 0, 0 },
			orient = { { 1, 0, 0 }, { 0, 1, 0 }, { 0, 0, 1 } }
		},
		audioprops =
		{
			attenuation = -3,
			pan = 0,
			dmin = 50,
			dmax = 1000,
			ain = 360,
			aout = 360,
			atout = 0,
			rmix = 0,
		},
		userprops =
		{
			category = "Audio",
		}
	},

	{
		entity_name = "dx_s051x_2601_Trent_26",
		type = SOUND,
		template_name = "dx_s051x_2601_Trent",
		lt_grp = 0, srt_grp = 0, usr_flg = 0,
		spatialprops =
		{
			pos = { 0, 0, 0 },
			orient = { { 1, 0, 0 }, { 0, 1, 0 }, { 0, 0, 1 } }
		},
		audioprops =
		{
			attenuation = -3,
			pan = 0,
			dmin = 50,
			dmax = 1000,
			ain = 360,
			aout = 360,
			atout = 0,
			rmix = 0,
		},
		userprops =
		{
			category = "Audio",
		}
	},

	{
		entity_name = "dx_s051x_2701_Tekagi_27",
		type = SOUND,
		template_name = "dx_s051x_2701_Tekagi",
		lt_grp = 0, srt_grp = 0, usr_flg = 0,
		spatialprops =
		{
			pos = { 0, 0, 0 },
			orient = { { 1, 0, 0 }, { 0, 1, 0 }, { 0, 0, 1 } }
		},
		audioprops =
		{
			attenuation = -3,
			pan = 0,
			dmin = 50,
			dmax = 1000,
			ain = 360,
			aout = 360,
			atout = 0,
			rmix = 0,
		},
		userprops =
		{
			category = "Audio",
		}
	},

	{
		entity_name = "dx_s051x_2801_Tekagi_28",
		type = SOUND,
		template_name = "dx_s051x_2801_Tekagi",
		lt_grp = 0, srt_grp = 0, usr_flg = 0,
		spatialprops =
		{
			pos = { 0, 0, 0 },
			orient = { { 1, 0, 0 }, { 0, 1, 0 }, { 0, 0, 1 } }
		},
		audioprops =
		{
			attenuation = -3,
			pan = 0,
			dmin = 50,
			dmax = 1000,
			ain = 360,
			aout = 360,
			atout = 0,
			rmix = 0,
		},
		userprops =
		{
			category = "Audio",
		}
	},

	{
		entity_name = "dx_s051x_2901_Tekagi_29",
		type = SOUND,
		template_name = "dx_s051x_2901_Tekagi",
		lt_grp = 0, srt_grp = 0, usr_flg = 0,
		spatialprops =
		{
			pos = { 0, 0, 0 },
			orient = { { 1, 0, 0 }, { 0, 1, 0 }, { 0, 0, 1 } }
		},
		audioprops =
		{
			attenuation = -3,
			pan = 0,
			dmin = 50,
			dmax = 1000,
			ain = 360,
			aout = 360,
			atout = 0,
			rmix = 0,
		},
		userprops =
		{
			category = "Audio",
		}
	},

	{
		entity_name = "dx_s051x_3101_Akira_31",
		type = SOUND,
		template_name = "dx_s051x_3101_Akira",
		lt_grp = 0, srt_grp = 0, usr_flg = 0,
		spatialprops =
		{
			pos = { 0, 0, 0 },
			orient = { { 1, 0, 0 }, { 0, 1, 0 }, { 0, 0, 1 } }
		},
		audioprops =
		{
			attenuation = -3,
			pan = 0,
			dmin = 50,
			dmax = 1000,
			ain = 360,
			aout = 360,
			atout = 0,
			rmix = 0,
		},
		userprops =
		{
			category = "Audio",
		}
	},

	{
		entity_name = "dx_s051x_3201_Tekagi_32",
		type = SOUND,
		template_name = "dx_s051x_3201_Tekagi",
		lt_grp = 0, srt_grp = 0, usr_flg = 0,
		spatialprops =
		{
			pos = { 0, 0, 0 },
			orient = { { 1, 0, 0 }, { 0, 1, 0 }, { 0, 0, 1 } }
		},
		audioprops =
		{
			attenuation = -3,
			pan = 0,
			dmin = 50,
			dmax = 1000,
			ain = 360,
			aout = 360,
			atout = 0,
			rmix = 0,
		},
		userprops =
		{
			category = "Audio",
		}
	},

	{
		entity_name = "dx_s051x_1902_Tekagi_6",
		type = SOUND,
		template_name = "dx_s051x_1902_Tekagi",
		lt_grp = 0, srt_grp = 0, usr_flg = 0,
		spatialprops =
		{
			pos = { 0, 0, 0 },
			orient = { { 1, 0, 0 }, { 0, 1, 0 }, { 0, 0, 1 } }
		},
		audioprops =
		{
			attenuation = -1,
			pan = 0,
			dmin = 50,
			dmax = 1000,
			ain = 360,
			aout = 360,
			atout = 0,
			rmix = 0,
		},
		userprops =
		{
			category = "Audio",
		}
	},

	{
		entity_name = "dx_s051x_1903_Tekagi_7",
		type = SOUND,
		template_name = "dx_s051x_1903_Tekagi",
		lt_grp = 0, srt_grp = 0, usr_flg = 0,
		spatialprops =
		{
			pos = { 0, 0, 0 },
			orient = { { 1, 0, 0 }, { 0, 1, 0 }, { 0, 0, 1 } }
		},
		audioprops =
		{
			attenuation = -1,
			pan = 0,
			dmin = 50,
			dmax = 1000,
			ain = 360,
			aout = 360,
			atout = 0,
			rmix = 0,
		},
		userprops =
		{
			category = "Audio",
		}
	},

	{
		entity_name = "dx_s051x_2102_Tekagi_8",
		type = SOUND,
		template_name = "dx_s051x_2102_Tekagi",
		lt_grp = 0, srt_grp = 0, usr_flg = 0,
		spatialprops =
		{
			pos = { 0, 0, 0 },
			orient = { { 1, 0, 0 }, { 0, 1, 0 }, { 0, 0, 1 } }
		},
		audioprops =
		{
			attenuation = -1,
			pan = 0,
			dmin = 50,
			dmax = 1000,
			ain = 360,
			aout = 360,
			atout = 0,
			rmix = 0,
		},
		userprops =
		{
			category = "Audio",
		}
	},

	{
		entity_name = "dx_s051x_2103_Tekagi_9",
		type = SOUND,
		template_name = "dx_s051x_2103_Tekagi",
		lt_grp = 0, srt_grp = 0, usr_flg = 0,
		spatialprops =
		{
			pos = { 0, 0, 0 },
			orient = { { 1, 0, 0 }, { 0, 1, 0 }, { 0, 0, 1 } }
		},
		audioprops =
		{
			attenuation = -1,
			pan = 0,
			dmin = 50,
			dmax = 1000,
			ain = 360,
			aout = 360,
			atout = 0,
			rmix = 0,
		},
		userprops =
		{
			category = "Audio",
		}
	},

	{
		entity_name = "dx_s051x_2104_Tekagi_10",
		type = SOUND,
		template_name = "dx_s051x_2104_Tekagi",
		lt_grp = 0, srt_grp = 0, usr_flg = 0,
		spatialprops =
		{
			pos = { 0, 0, 0 },
			orient = { { 1, 0, 0 }, { 0, 1, 0 }, { 0, 0, 1 } }
		},
		audioprops =
		{
			attenuation = -1,
			pan = 0,
			dmin = 50,
			dmax = 1000,
			ain = 360,
			aout = 360,
			atout = 0,
			rmix = 0,
		},
		userprops =
		{
			category = "Audio",
		}
	},

	{
		entity_name = "dx_s051x_2402_Tekagi_11",
		type = SOUND,
		template_name = "dx_s051x_2402_Tekagi",
		lt_grp = 0, srt_grp = 0, usr_flg = 0,
		spatialprops =
		{
			pos = { 0, 0, 0 },
			orient = { { 1, 0, 0 }, { 0, 1, 0 }, { 0, 0, 1 } }
		},
		audioprops =
		{
			attenuation = -1,
			pan = 0,
			dmin = 50,
			dmax = 1000,
			ain = 360,
			aout = 360,
			atout = 0,
			rmix = 0,
		},
		userprops =
		{
			category = "Audio",
		}
	},

	{
		entity_name = "dx_s051x_2902_Tekagi_12",
		type = SOUND,
		template_name = "dx_s051x_2902_Tekagi",
		lt_grp = 0, srt_grp = 0, usr_flg = 0,
		spatialprops =
		{
			pos = { 0, 0, 0 },
			orient = { { 1, 0, 0 }, { 0, 1, 0 }, { 0, 0, 1 } }
		},
		audioprops =
		{
			attenuation = -1,
			pan = 0,
			dmin = 50,
			dmax = 1000,
			ain = 360,
			aout = 360,
			atout = 0,
			rmix = 0,
		},
		userprops =
		{
			category = "Audio",
		}
	},

	{
		entity_name = "dx_s051x_2903_Ozu_1",
		type = SOUND,
		template_name = "dx_s051x_2903_Ozu",
		lt_grp = 0, srt_grp = 0, usr_flg = 0,
		spatialprops =
		{
			pos = { 0, 0, 0 },
			orient = { { 1, 0, 0 }, { 0, 1, 0 }, { 0, 0, 1 } }
		},
		audioprops =
		{
			attenuation = -1,
			pan = 0,
			dmin = 50,
			dmax = 1000,
			ain = 360,
			aout = 360,
			atout = 0,
			rmix = 0,
		},
		userprops =
		{
			category = "Audio",
		}
	},

	{
		entity_name = "dx_s051x_3202_Tekagi_6",
		type = SOUND,
		template_name = "dx_s051x_3202_Tekagi",
		lt_grp = 0, srt_grp = 0, usr_flg = 0,
		spatialprops =
		{
			pos = { 0, 0, 0 },
			orient = { { 1, 0, 0 }, { 0, 1, 0 }, { 0, 0, 1 } }
		},
		audioprops =
		{
			attenuation = -1,
			pan = 0,
			dmin = 50,
			dmax = 1000,
			ain = 360,
			aout = 360,
			atout = 0,
			rmix = 0,
		},
		userprops =
		{
			category = "Audio",
		}
	},

	{
		entity_name = "Char_Akira",
		type = DEFORMABLE,
		template_name = "akiro",
		lt_grp = 0, srt_grp = 0, usr_flg = 0,
		flags = LIT_DYNAMIC,
		spatialprops =
		{
			pos = { 0.019876, 23.1412, 36.75221 },
			orient = { { 1, 0, 0 }, { 0, 1, 0 }, { 0, 0, 1 } }
		},
		compoundprops =
		{
			floor_height = 23.1412
		},
		userprops =
		{
			actor = "akira",
			category = "Character",
		}
	},

	{
		entity_name = "Char_Ozu",
		type = DEFORMABLE,
		template_name = "ozu",
		lt_grp = 0, srt_grp = 0, usr_flg = 0,
		flags = LIT_DYNAMIC,
		spatialprops =
		{
			pos = { 1.159282, 4.938, 0 },
			orient = { { 1, 0, 0 }, { 0, 1, 0 }, { 0, 0, 1 } }
		},
		compoundprops =
		{
			floor_height = 4.938
		},
		userprops =
		{
			actor = "ozu",
			category = "Character",
		}
	},

	{
		entity_name = "Char_Tekagi",
		type = DEFORMABLE,
		template_name = "tekagi",
		lt_grp = 0, srt_grp = 0, usr_flg = 0,
		flags = LIT_DYNAMIC,
		spatialprops =
		{
			pos = { 0.746152, 4.938, 50.81961 },
			orient = { { 1, 0, 0 }, { 0, 1, 0 }, { 0, 0, 1 } }
		},
		compoundprops =
		{
			floor_height = 4.938
		},
		userprops =
		{
			actor = "tekagi",
			category = "Character",
		}
	},

	{
		entity_name = "Char_Trent",
		type = DEFORMABLE,
		template_name = "trent",
		lt_grp = 0, srt_grp = 0, usr_flg = 0,
		flags = LIT_DYNAMIC,
		spatialprops =
		{
			pos = { -1.31044, 4.938, 0 },
			orient = { { 1, 0, 0 }, { 0, 1, 0 }, { 0, 0, 1 } }
		},
		compoundprops =
		{
			floor_height = 4.938
		},
		userprops =
		{
			actor = "player",
			category = "Character",
		}
	},

	{
		entity_name = "Mk_offscreen",
		type = MARKER,
		template_name = "",
		lt_grp = 0, srt_grp = 0, usr_flg = 0,
		spatialprops =
		{
			pos = { -178.008, 4.938, 241.3812 },
			orient = { {  0.463693,  0.000000,  0.885996 },
					   {  0.000000,  1.000000,  0.000000 },
					   { -0.885996,  0.000000,  0.463693 } }
		}
	},

	{
		entity_name = "prop_ku_sanctum_chair_Ozu",
		type = COMPOUND,
		template_name = "ku_sanctum_chair",
		lt_grp = 0, srt_grp = 0, usr_flg = 0,
		flags = LIT_DYNAMIC,
		spatialprops =
		{
			pos = { 1.497417, 4.938, 54.9338 },
			orient = { { -0.020260,  0.000000, -0.999795 },
					   {  0.000000,  1.000000,  0.000000 },
					   {  0.999795,  0.000000, -0.020260 } }
		},
		userprops =
		{
			category = "Prop",
		}
	},

	{
		entity_name = "prop_ku_sanctum_shrine",
		type = COMPOUND,
		template_name = "ku_sanctum_shrine",
		lt_grp = 0, srt_grp = 0, usr_flg = 0,
		flags = LIT_DYNAMIC,
		spatialprops =
		{
			pos = { -0.045372, 5.73552, 53.38514 },
			orient = { { -0.999976,  0.006848, -0.000674 },
					   { -0.000677, -0.000363,  1.000000 },
					   {  0.006848,  0.999977,  0.000367 } }
		},
		userprops =
		{
			category = "Prop",
		}
	},

	{
		entity_name = "prop_ozu_bomb",
		type = COMPOUND,
		template_name = "ozu_bomb",
		lt_grp = 0, srt_grp = 0, usr_flg = 0,
		flags = LIT_DYNAMIC,
		spatialprops =
		{
			pos = { -1.268856, 5.975689, 56.6274 },
			orient = { { -0.013299,  0.998276, -0.057160 },
					   { -0.057892, -0.057837, -0.996646 },
					   { -0.998234, -0.009945,  0.058562 } }
		},
		userprops =
		{
			category = "Prop",
		}
	},

	{
		entity_name = "prop_tome",
		type = COMPOUND,
		template_name = "tome",
		lt_grp = 0, srt_grp = 0, usr_flg = 0,
		flags = LIT_DYNAMIC,
		spatialprops =
		{
			pos = { -0.039243, 6.128085, 53.19228 },
			orient = { { -0.005554,  0.003061,  0.999980 },
					   { -0.999970, -0.005431, -0.005538 },
					   {  0.005414, -0.999981,  0.003091 } }
		},
		userprops =
		{
			category = "Prop",
		}
	},

	{
		entity_name = "prop_ku_sanctum_chair_Trent",
		type = COMPOUND,
		template_name = "ku_sanctum_chair",
		lt_grp = 0, srt_grp = 0, usr_flg = 0,
		flags = LIT_DYNAMIC,
		spatialprops =
		{
			pos = { -1.616764, 4.938, 55.97042 },
			orient = { { -0.932802,  0.000000,  0.360389 },
					   {  0.000000,  1.000000,  0.000000 },
					   { -0.360389,  0.000000, -0.932802 } }
		},
		userprops =
		{
			category = "Prop",
		}
	},

	{
		entity_name = "Char_O_Mk_loc_01_chair",
		type = MARKER,
		template_name = "",
		lt_grp = 0, srt_grp = 0, usr_flg = 0,
		spatialprops =
		{
			pos = { 1.623602, 4.938, 55.19267 },
			orient = { { -0.996702,  0.000000, -0.081150 },
					   {  0.000000,  1.000000,  0.000000 },
					   {  0.081150,  0.000000, -0.996702 } }
		}
	},

	{
		entity_name = "Char_Tr_Mk_loc_01_chair",
		type = MARKER,
		template_name = "",
		lt_grp = 0, srt_grp = 0, usr_flg = 0,
		spatialprops =
		{
			pos = { -1.565804, 4.938, 55.97968 },
			orient = { {  0.532246,  0.000000,  0.846590 },
					   {  0.000000,  1.000000,  0.000000 },
					   { -0.846590,  0.000000,  0.532246 } }
		}
	},

	{
		entity_name = "Char_ku_male_guard_1",
		type = DEFORMABLE,
		template_name = "ku_male_guard_1",
		lt_grp = 0, srt_grp = 0, usr_flg = 0,
		flags = LIT_DYNAMIC,
		spatialprops =
		{
			pos = { 0, 4.938, 0 },
			orient = { { 1, 0, 0 }, { 0, 1, 0 }, { 0, 0, 1 } }
		},
		compoundprops =
		{
			floor_height = 4.938
		},
		userprops =
		{
			actor = "ku_guard01",
			category = "Character",
		}
	},

	{
		entity_name = "Char_ku_male_guard_2",
		type = DEFORMABLE,
		template_name = "ku_male_guard_2",
		lt_grp = 0, srt_grp = 0, usr_flg = 0,
		flags = LIT_DYNAMIC,
		spatialprops =
		{
			pos = { 0, 4.938, 0 },
			orient = { { 1, 0, 0 }, { 0, 1, 0 }, { 0, 0, 1 } }
		},
		compoundprops =
		{
			floor_height = 4.938
		},
		userprops =
		{
			actor = "ku_guard02",
			category = "Character",
		}
	},

	{
		entity_name = "Char_ku_male_guard_1_Mk_loc_01",
		type = MARKER,
		template_name = "",
		lt_grp = 0, srt_grp = 0, usr_flg = 0,
		spatialprops =
		{
			pos = { -1.176917, 4.938, 56.63354 },
			orient = { {  0.780922,  0.000000,  0.624628 },
					   {  0.000000,  1.000000,  0.000000 },
					   { -0.624628,  0.000000,  0.780922 } }
		}
	},

	{
		entity_name = "Char_ku_male_guard_2_Mk_loc_01",
		type = MARKER,
		template_name = "",
		lt_grp = 0, srt_grp = 0, usr_flg = 0,
		spatialprops =
		{
			pos = { 1.964665, 4.938, 56.24342 },
			orient = { {  0.943820,  0.000000, -0.330459 },
					   {  0.000000,  1.000000,  0.000000 },
					   {  0.330459,  0.000000,  0.943820 } }
		}
	},

	{
		entity_name = "Char_Tr_Mk_loc_07_grabTome",
		type = MARKER,
		template_name = "",
		lt_grp = 0, srt_grp = 0, usr_flg = 0,
		spatialprops =
		{
			pos = { 0.668177, 4.940002, 52.22849 },
			orient = { { -0.888214,  0.000000,  0.459431 },
					   {  0.000000,  1.000000,  0.000000 },
					   { -0.459431,  0.000000, -0.888214 } }
		}
	},

	{
		entity_name = "Char_Tr_Mk_loc_03_stabbing",
		type = MARKER,
		template_name = "",
		lt_grp = 0, srt_grp = 0, usr_flg = 0,
		spatialprops =
		{
			pos = { -1.295353, 5.496779, 56.20907 },
			orient = { {  0.074576,  0.000000,  0.997215 },
					   {  0.000000,  1.000000,  0.000000 },
					   { -0.997215,  0.000000,  0.074576 } }
		}
	},

	{
		entity_name = "Char_Tek_Mk_loc_07_stabbing",
		type = MARKER,
		template_name = "",
		lt_grp = 0, srt_grp = 0, usr_flg = 0,
		spatialprops =
		{
			pos = { 0.534393, 5.902165, 50.72387 },
			orient = { {  0.999429,  0.000000, -0.033777 },
					   {  0.000000,  1.000000,  0.000001 },
					   {  0.033777, -0.000001,  0.999429 } }
		}
	},

	{
		entity_name = "Char_Tr_Mk_loc_05_dealing",
		type = MARKER,
		template_name = "",
		lt_grp = 0, srt_grp = 0, usr_flg = 0,
		spatialprops =
		{
			pos = { -1.211255, 5.496779, 55.30952 },
			orient = { { -0.567960,  0.000000,  0.823056 },
					   {  0.000000,  1.000000,  0.000000 },
					   { -0.823056,  0.000000, -0.567960 } }
		}
	},

	{
		entity_name = "Char_Tek_Mk_loc_11_duck",
		type = MARKER,
		template_name = "",
		lt_grp = 0, srt_grp = 0, usr_flg = 0,
		spatialprops =
		{
			pos = { -0.259207, 5.908483, 58.40591 },
			orient = { {  0.992809,  0.000000,  0.119710 },
					   {  0.000000,  1.000000,  0.000000 },
					   { -0.119710,  0.000000,  0.992809 } }
		}
	},

	{
		entity_name = "Char_Tek_Mk_loc_13_stand_up",
		type = MARKER,
		template_name = "",
		lt_grp = 0, srt_grp = 0, usr_flg = 0,
		spatialprops =
		{
			pos = { 0.43818, 5.87686, 58.1471 },
			orient = { {  0.288988,  0.000000, -0.957333 },
					   {  0.000000,  1.000000,  0.000000 },
					   {  0.957333,  0.000000,  0.288988 } }
		}
	},

	{
		entity_name = "Char_Tek_Mk_loc_06_leave",
		type = MARKER,
		template_name = "",
		lt_grp = 0, srt_grp = 0, usr_flg = 0,
		spatialprops =
		{
			pos = { 1.494316, 5.898095, 53.95736 },
			orient = { { -0.762050,  0.000000, -0.647518 },
					   { -0.000001,  1.000000,  0.000000 },
					   {  0.647518,  0.000001, -0.762050 } }
		}
	},

	{
		entity_name = "prop_rifle_Guard_01",
		type = COMPOUND,
		template_name = "rifle",
		lt_grp = 0, srt_grp = 0, usr_flg = 0,
		flags = LIT_DYNAMIC,
		spatialprops =
		{
			pos = { -0.78294, 6.179133, 56.94465 },
			orient = { { -0.336877,  0.495764, -0.800457 },
					   { -0.929809, -0.309001,  0.199936 },
					   { -0.148221,  0.811626,  0.565061 } }
		},
		userprops =
		{
			category = "Prop",
		}
	},

	{
		entity_name = "prop_rifle_Guard_02",
		type = COMPOUND,
		template_name = "rifle",
		lt_grp = 0, srt_grp = 0, usr_flg = 0,
		flags = LIT_DYNAMIC,
		spatialprops =
		{
			pos = { 1.885415, 6.181973, 55.99941 },
			orient = { { -0.851277,  0.506190, -0.138199 },
					   { -0.324693, -0.301271,  0.896555 },
					   {  0.412191,  0.808089,  0.420822 } }
		},
		userprops =
		{
			category = "Prop",
		}
	},

	{
		entity_name = "Char_ku_male_guard_1_Mk_ort_01",
		type = MARKER,
		template_name = "",
		lt_grp = 0, srt_grp = 0, usr_flg = 0,
		spatialprops =
		{
			pos = { -2.765656, 5.830154, 55.45776 },
			orient = { {  0.748546,  0.000000, -0.663083 },
					   {  0.000000,  1.000000,  0.000000 },
					   {  0.663083,  0.000000,  0.748546 } }
		}
	},

	{
		entity_name = "Char_ku_male_guard_2_Mk_ort_01",
		type = MARKER,
		template_name = "",
		lt_grp = 0, srt_grp = 0, usr_flg = 0,
		spatialprops =
		{
			pos = { -0.571773, 5.831821, 57.01764 },
			orient = { { -0.130395,  0.000000, -0.991462 },
					   {  0.000000,  1.000000,  0.000000 },
					   {  0.991462,  0.000000, -0.130395 } }
		}
	},

	{
		entity_name = "Char_ku_male_guard_1_Mk_ort_02",
		type = MARKER,
		template_name = "",
		lt_grp = 0, srt_grp = 0, usr_flg = 0,
		spatialprops =
		{
			pos = { -2.765656, 5.830154, 55.45776 },
			orient = { { -0.887749,  0.000000, -0.460328 },
					   {  0.000000,  1.000000,  0.000000 },
					   {  0.460328,  0.000000, -0.887749 } }
		}
	},

	{
		entity_name = "Char_ku_male_guard_1_Mk_ort_03",
		type = MARKER,
		template_name = "",
		lt_grp = 0, srt_grp = 0, usr_flg = 0,
		spatialprops =
		{
			pos = { -2.765656, 5.830154, 55.45776 },
			orient = { { -0.971800,  0.000000,  0.235808 },
					   {  0.000000,  1.000000,  0.000000 },
					   { -0.235808,  0.000000, -0.971800 } }
		}
	},

	{
		entity_name = "Char_ku_male_guard_2_Mk_ort_02",
		type = MARKER,
		template_name = "",
		lt_grp = 0, srt_grp = 0, usr_flg = 0,
		spatialprops =
		{
			pos = { -0.571773, 5.831821, 57.01764 },
			orient = { { -0.973703,  0.000000, -0.227820 },
					   {  0.000000,  1.000000,  0.000000 },
					   {  0.227820,  0.000000, -0.973703 } }
		}
	},

	{
		entity_name = "prop_chair_O_Mk_01",
		type = MARKER,
		template_name = "",
		lt_grp = 0, srt_grp = 0, usr_flg = 0,
		spatialprops =
		{
			pos = { 1.497417, 4.938, 54.9338 },
			orient = { { -0.020260,  0.000000, -0.999795 },
					   {  0.000000,  1.000000,  0.000000 },
					   {  0.999795,  0.000000, -0.020260 } }
		}
	},

	{
		entity_name = "prop_chair_O_Mk_02",
		type = MARKER,
		template_name = "",
		lt_grp = 0, srt_grp = 0, usr_flg = 0,
		spatialprops =
		{
			pos = { 1.588379, 4.938, 54.48764 },
			orient = { {  0.035528,  0.000000,  0.999369 },
					   {  0.000000,  1.000000,  0.000000 },
					   { -0.999369,  0.000000,  0.035528 } }
		}
	},

	{
		entity_name = "Char_A_Mk_ort_01",
		type = MARKER,
		template_name = "",
		lt_grp = 0, srt_grp = 0, usr_flg = 0,
		spatialprops =
		{
			pos = { 0.131412, 7.05085, 36.082 },
			orient = { { -0.991641,  0.000000,  0.129029 },
					   {  0.000000,  1.000000,  0.000000 },
					   { -0.129029,  0.000000, -0.991641 } }
		}
	},

	{
		entity_name = "prop_ku_sanctum_chair_O_path",
		type = MOTION_PATH,
		template_name = "",
		lt_grp = 0, srt_grp = 0, usr_flg = 0,
		spatialprops =
		{
			pos = { 1.588379, 5.256042, 54.48764 },
			orient = { {  0.035528,  0.000000,  0.999369 },
					   {  0.000000,  1.000000,  0.000000 },
					   { -0.999369,  0.000000,  0.035528 } }
		},
		pathprops =
		{
			path_type = "CV_CROrientationSplinePath",
			path_data = "OPEN,{0.000002,0.000000,0.000000}, {1.000000,0.000000,0.000000,0.000000}, {0.061082,0.000000,-0.310802}, {0.913210,0.000000,-0.407488,0.000000}, {0.340527,0.000000,-0.540646}, {0.878143,0.000000,-0.478399,0.000000}, {0.710314,0.000000,-0.565144}, {0.637241,0.000000,-0.770665,0.000000}, {1.002338,0.000000,-0.340754}, {-0.284301,0.000000,0.958735,0.000000}, {1.112952,0.000000,0.000321}, {-0.019129,0.000000,0.999817,0.000000}, {0.983784,0.000000,0.374644}, {0.376156,0.000000,0.926556,0.000000}, {0.670507,0.000000,0.588411}, {0.647174,0.000000,0.762343,0.000000}, {0.283604,0.000000,0.535947}, {0.845951,0.000000,0.533261,0.000000}, {0.070930,0.000000,0.343422}, {0.967004,0.000000,0.254762,0.000000}, {-0.000002,0.000000,0.000000}, {1.000000,0.000000,0.000000,0.000000}, "
		}
	},

	{
		entity_name = "Cam_Monitor_s051xb",
		type = MONITOR,
		template_name = "",
		lt_grp = 0, srt_grp = 0, usr_flg = 0,
		userprops =
		{
			Priority = "Monitor_Moving_1",
		}
	},

	{
		entity_name = "dx_s051x_3001_Trent_1",
		type = SOUND,
		template_name = "dx_s051x_3001_Trent",
		lt_grp = 0, srt_grp = 0, usr_flg = 0,
		spatialprops =
		{
			pos = { 0, 0, 0 },
			orient = { { 1, 0, 0 }, { 0, 1, 0 }, { 0, 0, 1 } }
		},
		audioprops =
		{
			attenuation = 0,
			pan = 0,
			dmin = 50,
			dmax = 300,
			ain = 360,
			aout = 360,
			atout = 0,
			rmix = 0,
		},
		userprops =
		{
			category = "Audio",
		}
	},

	{
		entity_name = "Char_Tek_Mk_ort_02_arg",
		type = MARKER,
		template_name = "",
		lt_grp = 0, srt_grp = 0, usr_flg = 0,
		spatialprops =
		{
			pos = { -2.055638, 5.913923, 57.22844 },
			orient = { {  0.804976,  0.000000,  0.593307 },
					   {  0.000000,  1.000000,  0.000000 },
					   { -0.593307,  0.000000,  0.804976 } }
		}
	},

	{
		entity_name = "Char_Tek_Mk_ort_01_LikeThis",
		type = MARKER,
		template_name = "",
		lt_grp = 0, srt_grp = 0, usr_flg = 0,
		spatialprops =
		{
			pos = { -0.327312, 5.898458, 51.50247 },
			orient = { { -0.997164,  0.000013,  0.075261 },
					   {  0.000014,  1.000000,  0.000013 },
					   { -0.075261,  0.000014, -0.997164 } }
		}
	},

	{
		entity_name = "Cam_07_ACO_Tekagi_A",
		type = CAMERA,
		template_name = "",
		lt_grp = 0, srt_grp = 0, usr_flg = 0,
		flags = HIDDEN,
		spatialprops =
		{
			pos = { -1.901332, 6.127054, 57.49308 },
			orient = { {  0.902959,  0.000000,  0.429727 },
					   {  0.005172,  0.999928, -0.010867 },
					   { -0.429696,  0.012035,  0.902893 } }
		},
		cameraprops =
		{
			fovh = 15,
			hvaspect = 1.85,
			nearplane = 0.1,
			farplane = 100000
		}
	},

	{
		entity_name = "Cam_06_PCU",
		type = CAMERA,
		template_name = "",
		lt_grp = 0, srt_grp = 0, usr_flg = 0,
		flags = HIDDEN,
		spatialprops =
		{
			pos = { -0.970534, 6.30052, 54.65589 },
			orient = { { -0.899449,  0.000000, -0.437025 },
					   { -0.077526,  0.984140,  0.159557 },
					   {  0.430094,  0.177394, -0.885184 } }
		},
		cameraprops =
		{
			fovh = 20,
			hvaspect = 1.85,
			nearplane = 0.1,
			farplane = 100000
		}
	},

	{
		entity_name = "Char_Tr_Mk_loc_02_slap",
		type = MARKER,
		template_name = "",
		lt_grp = 0, srt_grp = 0, usr_flg = 0,
		spatialprops =
		{
			pos = { -1.578131, 5.496779, 56.1268 },
			orient = { {  0.521310,  0.000000,  0.853367 },
					   {  0.000000,  1.000000,  0.000000 },
					   { -0.853367,  0.000000,  0.521310 } }
		}
	},

	{
		entity_name = "Cam_07_ACO_Tekagi_B",
		type = CAMERA,
		template_name = "",
		lt_grp = 0, srt_grp = 0, usr_flg = 0,
		flags = HIDDEN,
		spatialprops =
		{
			pos = { -2.44157, 6.129251, 57.53496 },
			orient = { {  0.707354,  0.000000,  0.706859 },
					   {  0.006376,  0.999959, -0.006380 },
					   { -0.706831,  0.009020,  0.707325 } }
		},
		cameraprops =
		{
			fovh = 15,
			hvaspect = 1.85,
			nearplane = 0.1,
			farplane = 100000
		}
	},

	{
		entity_name = "Cam_10_PCS",
		type = CAMERA,
		template_name = "",
		lt_grp = 0, srt_grp = 0, usr_flg = 0,
		flags = HIDDEN,
		spatialprops =
		{
			pos = { 1.572378, 6.886641, 56.75257 },
			orient = { {  0.135295,  0.000000, -0.990805 },
					   { -0.264167,  0.963802, -0.036072 },
					   {  0.954940,  0.266618,  0.130398 } }
		},
		cameraprops =
		{
			fovh = 25,
			hvaspect = 1.85,
			nearplane = 0.1,
			farplane = 100000
		}
	},

	{
		entity_name = "Cam_11_ACS_Tek",
		type = CAMERA,
		template_name = "",
		lt_grp = 0, srt_grp = 0, usr_flg = 0,
		flags = HIDDEN,
		spatialprops =
		{
			pos = { -2.286827, 6.174054, 57.21312 },
			orient = { {  0.656301,  0.000000,  0.754500 },
					   {  0.013412,  0.999842, -0.011666 },
					   { -0.754380,  0.017776,  0.656197 } }
		},
		cameraprops =
		{
			fovh = 15,
			hvaspect = 1.85,
			nearplane = 0.1,
			farplane = 100000
		}
	},

	{
		entity_name = "Cam_12_Wide_LeaveUs",
		type = CAMERA,
		template_name = "",
		lt_grp = 0, srt_grp = 0, usr_flg = 0,
		flags = HIDDEN,
		spatialprops =
		{
			pos = { -0.945064, 6.750977, 60.5298 },
			orient = { {  0.981112,  0.000000,  0.193439 },
					   {  0.034514,  0.983954, -0.175055 },
					   { -0.190335,  0.178425,  0.965369 } }
		},
		cameraprops =
		{
			fovh = 25,
			hvaspect = 1.85,
			nearplane = 0.1,
			farplane = 100000
		}
	},

	{
		entity_name = "Cam_13_ACS_Ozu_trigger_A",
		type = CAMERA,
		template_name = "",
		lt_grp = 0, srt_grp = 0, usr_flg = 0,
		flags = HIDDEN,
		spatialprops =
		{
			pos = { 0.839968, 6.053159, 55.32999 },
			orient = { {  0.514050,  0.000000,  0.857760 },
					   { -0.001438,  0.999999,  0.000862 },
					   { -0.857759, -0.001676,  0.514050 } }
		},
		cameraprops =
		{
			fovh = 25,
			hvaspect = 1.85,
			nearplane = 0.1,
			farplane = 100000
		}
	},

	{
		entity_name = "Prop_bomb_trigger",
		type = COMPOUND,
		template_name = "bomb_trigger",
		lt_grp = 0, srt_grp = 0, usr_flg = 0,
		flags = LIT_DYNAMIC,
		spatialprops =
		{
			pos = { 0, 0, 0 },
			orient = { { 1, 0, 0 }, { 0, 1, 0 }, { 0, 0, 1 } }
		},
		userprops =
		{
			category = "Prop",
		}
	},

	{
		entity_name = "prop_Tekagi_blade_1",
		type = COMPOUND,
		template_name = "Tekagi_blade",
		lt_grp = 0, srt_grp = 0, usr_flg = 0,
		flags = LIT_DYNAMIC,
		spatialprops =
		{
			pos = { 0, 0, 0 },
			orient = { { 1, 0, 0 }, { 0, 1, 0 }, { 0, 0, 1 } }
		},
		userprops =
		{
			category = "Prop",
		}
	},

	{
		entity_name = "prop_Tekagi_blade_Mk_Ozu",
		type = MARKER,
		template_name = "",
		lt_grp = 0, srt_grp = 0, usr_flg = 0,
		spatialprops =
		{
			pos = { 1.600382, 5.754995, 55.14025 },
			orient = { { -0.048863, -0.985935, -0.159827 },
					   { -0.177374,  0.166040, -0.970035 },
					   {  0.982930, -0.019049, -0.182993 } }
		}
	},

	{
		entity_name = "Cam_14_PCS",
		type = CAMERA,
		template_name = "",
		lt_grp = 0, srt_grp = 0, usr_flg = 0,
		flags = HIDDEN,
		spatialprops =
		{
			pos = { -0.698335, 6.257202, 55.99842 },
			orient = { { -0.059444,  0.000000, -0.998232 },
					   { -0.149166,  0.988772,  0.008883 },
					   {  0.987024,  0.149430, -0.058777 } }
		},
		cameraprops =
		{
			fovh = 25,
			hvaspect = 1.85,
			nearplane = 0.1,
			farplane = 100000
		}
	},

	{
		entity_name = "Cam_16_ACS_Tek",
		type = CAMERA,
		template_name = "",
		lt_grp = 0, srt_grp = 0, usr_flg = 0,
		flags = HIDDEN,
		spatialprops =
		{
			pos = { 0.672042, 6.706398, 49.10607 },
			orient = { { -0.997040,  0.000000, -0.076886 },
					   { -0.008019,  0.994546,  0.103991 },
					   {  0.076466,  0.104300, -0.991602 } }
		},
		cameraprops =
		{
			fovh = 15,
			hvaspect = 1.85,
			nearplane = 0.2,
			farplane = 1000
		}
	},

	{
		entity_name = "Cam_20_Wide_A",
		type = CAMERA,
		template_name = "",
		lt_grp = 0, srt_grp = 0, usr_flg = 0,
		flags = HIDDEN,
		spatialprops =
		{
			pos = { -0.209335, 6.475882, 59.82473 },
			orient = { {  0.981051,  0.000000,  0.193752 },
					   {  0.018281,  0.995539, -0.092565 },
					   { -0.192888,  0.094353,  0.976674 } }
		},
		cameraprops =
		{
			fovh = 15,
			hvaspect = 1.85,
			nearplane = 0.1,
			farplane = 100000
		}
	},

	{
		entity_name = "Cam_23_ACO_A",
		type = CAMERA,
		template_name = "",
		lt_grp = 0, srt_grp = 0, usr_flg = 0,
		flags = HIDDEN,
		spatialprops =
		{
			pos = { -2.248933, 6.715187, 54.83871 },
			orient = { { -0.602611,  0.000000,  0.798035 },
					   {  0.129900,  0.986663,  0.098090 },
					   { -0.787392,  0.162775, -0.594574 } }
		},
		cameraprops =
		{
			fovh = 20,
			hvaspect = 1.85,
			nearplane = 0.1,
			farplane = 100000
		}
	},

	{
		entity_name = "Cam_23_ACO_B",
		type = CAMERA,
		template_name = "",
		lt_grp = 0, srt_grp = 0, usr_flg = 0,
		flags = HIDDEN,
		spatialprops =
		{
			pos = { -1.719179, 6.420136, 52.88847 },
			orient = { { -0.896688,  0.000000,  0.442664 },
					   {  0.049218,  0.993800,  0.099700 },
					   { -0.439919,  0.111187, -0.891128 } }
		},
		cameraprops =
		{
			fovh = 20,
			hvaspect = 1.85,
			nearplane = 0.1,
			farplane = 100000
		}
	},

	{
		entity_name = "Cam_26_PCO_GetDown_A",
		type = CAMERA,
		template_name = "",
		lt_grp = 0, srt_grp = 0, usr_flg = 0,
		flags = HIDDEN,
		spatialprops =
		{
			pos = { -0.732645, 7.822043, 25.83422 },
			orient = { { -0.994245,  0.000000,  0.107131 },
					   {  0.010794,  0.994911,  0.100173 },
					   { -0.106586,  0.100753, -0.989186 } }
		},
		cameraprops =
		{
			fovh = 10,
			hvaspect = 1.85,
			nearplane = 0.1,
			farplane = 100000
		}
	},

	{
		entity_name = "Cam_30_ACO_Ozu",
		type = CAMERA,
		template_name = "",
		lt_grp = 0, srt_grp = 0, usr_flg = 0,
		flags = HIDDEN,
		spatialprops =
		{
			pos = { 2.937625, 5.164244, 50.14796 },
			orient = { { -0.982871,  0.000000, -0.184297 },
					   {  0.016564,  0.995953, -0.088337 },
					   {  0.183551, -0.089877, -0.978893 } }
		},
		cameraprops =
		{
			fovh = 15,
			hvaspect = 1.85,
			nearplane = 0.1,
			farplane = 100000
		}
	},

	{
		entity_name = "Cam_32_ship",
		type = CAMERA,
		template_name = "",
		lt_grp = 0, srt_grp = 0, usr_flg = 0,
		flags = HIDDEN,
		spatialprops =
		{
			pos = { 2.426786, 5.487563, 52.21981 },
			orient = { {  0.926136,  0.000000, -0.377191 },
					   {  0.029567,  0.996923,  0.072597 },
					   {  0.376030, -0.078387,  0.923286 } }
		},
		cameraprops =
		{
			fovh = 20,
			hvaspect = 1.85,
			nearplane = 0.1,
			farplane = 100000
		}
	},

	{
		entity_name = "Cam_33_ACO_grabTome_A",
		type = CAMERA,
		template_name = "",
		lt_grp = 0, srt_grp = 0, usr_flg = 0,
		flags = HIDDEN,
		spatialprops =
		{
			pos = { -0.509655, 5.666902, 51.11365 },
			orient = { { -0.872782,  0.000000,  0.488110 },
					   {  0.012540,  0.999670,  0.022422 },
					   { -0.487949,  0.025690, -0.872494 } }
		},
		cameraprops =
		{
			fovh = 25,
			hvaspect = 1.85,
			nearplane = 0.1,
			farplane = 100000
		}
	},

	{
		entity_name = "Cam_33_ACO_grabTome_B",
		type = CAMERA,
		template_name = "",
		lt_grp = 0, srt_grp = 0, usr_flg = 0,
		flags = HIDDEN,
		spatialprops =
		{
			pos = { -0.672385, 6.027254, 51.24207 },
			orient = { { -0.932217,  0.000000,  0.361901 },
					   {  0.002980,  0.999966,  0.007677 },
					   { -0.361889,  0.008235, -0.932185 } }
		},
		cameraprops =
		{
			fovh = 25,
			hvaspect = 1.85,
			nearplane = 0.1,
			farplane = 100000
		}
	},

	{
		entity_name = "Cam_34_ACS_Tek_A",
		type = CAMERA,
		template_name = "",
		lt_grp = 0, srt_grp = 0, usr_flg = 0,
		flags = HIDDEN,
		spatialprops =
		{
			pos = { -0.682537, 5.962501, 55.85772 },
			orient = { { -0.883822,  0.000000,  0.467824 },
					   { -0.088177,  0.982076, -0.166586 },
					   { -0.459438, -0.188484, -0.867981 } }
		},
		cameraprops =
		{
			fovh = 25,
			hvaspect = 1.85,
			nearplane = 0.1,
			farplane = 100000
		}
	},

	{
		entity_name = "Cam_35_PCS_A",
		type = CAMERA,
		template_name = "",
		lt_grp = 0, srt_grp = 0, usr_flg = 0,
		flags = HIDDEN,
		spatialprops =
		{
			pos = { -0.687807, 6.337114, 54.60306 },
			orient = { {  0.814233,  0.000000,  0.580538 },
					   {  0.053116,  0.995806, -0.074497 },
					   { -0.578103,  0.091494,  0.810818 } }
		},
		cameraprops =
		{
			fovh = 20,
			hvaspect = 1.85,
			nearplane = 0.1,
			farplane = 100000
		}
	},

	{
		entity_name = "Cam_36_Wide_Tek",
		type = CAMERA,
		template_name = "",
		lt_grp = 0, srt_grp = 0, usr_flg = 0,
		flags = HIDDEN,
		spatialprops =
		{
			pos = { 0.807011, 6.510515, 50.26483 },
			orient = { { -0.994691,  0.000000, -0.102911 },
					   { -0.016427,  0.987179,  0.158773 },
					   {  0.101591,  0.159620, -0.981937 } }
		},
		cameraprops =
		{
			fovh = 25,
			hvaspect = 1.85,
			nearplane = 0.1,
			farplane = 100000
		}
	},

	{
		entity_name = "Cam_35_PCS_B",
		type = CAMERA,
		template_name = "",
		lt_grp = 0, srt_grp = 0, usr_flg = 0,
		flags = HIDDEN,
		spatialprops =
		{
			pos = { -0.452263, 6.456099, 54.74633 },
			orient = { {  0.791395,  0.000000,  0.611306 },
					   {  0.061322,  0.994956, -0.079387 },
					   { -0.608222,  0.100313,  0.787403 } }
		},
		cameraprops =
		{
			fovh = 20,
			hvaspect = 1.85,
			nearplane = 0.1,
			farplane = 100000
		}
	},

	{
		entity_name = "Cam_37_ACS_Ozu",
		type = CAMERA,
		template_name = "",
		lt_grp = 0, srt_grp = 0, usr_flg = 0,
		flags = HIDDEN,
		spatialprops =
		{
			pos = { 1.400015, 6.261203, 53.75816 },
			orient = { { -0.999058,  0.000000,  0.043397 },
					   {  0.009769,  0.974333,  0.224902 },
					   { -0.042283,  0.225114, -0.973415 } }
		},
		cameraprops =
		{
			fovh = 25,
			hvaspect = 1.85,
			nearplane = 0.1,
			farplane = 100000
		}
	},

	{
		entity_name = "Cam_38_PC2_Trent",
		type = CAMERA,
		template_name = "",
		lt_grp = 0, srt_grp = 0, usr_flg = 0,
		flags = HIDDEN,
		spatialprops =
		{
			pos = { -0.917038, 6.320805, 56.73499 },
			orient = { {  0.746107,  0.000000,  0.665826 },
					   {  0.055276,  0.996548, -0.061941 },
					   { -0.663528,  0.083018,  0.743531 } }
		},
		cameraprops =
		{
			fovh = 20,
			hvaspect = 1.85,
			nearplane = 0.1,
			farplane = 100000
		}
	},

	{
		entity_name = "Char_Tr_Mk_loc_08_run",
		type = MARKER,
		template_name = "",
		lt_grp = 0, srt_grp = 0, usr_flg = 0,
		spatialprops =
		{
			pos = { 1.58389, 5.850197, 53.08553 },
			orient = { { -0.600456, -0.000001, -0.799658 },
					   { -0.000009,  1.000000,  0.000006 },
					   {  0.799658,  0.000010, -0.600456 } }
		}
	},

	{
		entity_name = "Cam_40_Wide_jump_A",
		type = CAMERA,
		template_name = "",
		lt_grp = 0, srt_grp = 0, usr_flg = 0,
		flags = HIDDEN,
		spatialprops =
		{
			pos = { -3.300142, 5.193047, 48.52237 },
			orient = { {  0.039208,  0.000000,  0.999231 },
					   { -0.185691,  0.982581,  0.007286 },
					   { -0.981826, -0.185834,  0.038525 } }
		},
		cameraprops =
		{
			fovh = 25,
			hvaspect = 1.85,
			nearplane = 1.5,
			farplane = 100000
		}
	},

	{
		entity_name = "Char_Tr_Mk_loc_09_jump",
		type = MARKER,
		template_name = "",
		lt_grp = 0, srt_grp = 0, usr_flg = 0,
		spatialprops =
		{
			pos = { 0.654255, 5.850225, 49.44064 },
			orient = { {  0.999811, -0.000001, -0.019433 },
					   {  0.000001,  1.000000, -0.000010 },
					   {  0.019433,  0.000010,  0.999811 } }
		}
	},

	{
		entity_name = "Cam_40_Wide_jump_B",
		type = CAMERA,
		template_name = "",
		lt_grp = 0, srt_grp = 0, usr_flg = 0,
		flags = HIDDEN,
		spatialprops =
		{
			pos = { -3.372808, 5.196492, 46.68706 },
			orient = { {  0.039208,  0.000000,  0.999231 },
					   { -0.185691,  0.982581,  0.007286 },
					   { -0.981826, -0.185834,  0.038525 } }
		},
		cameraprops =
		{
			fovh = 25,
			hvaspect = 1.85,
			nearplane = 0.1,
			farplane = 100000
		}
	},

	{
		entity_name = "Cam_42_PCS_jump2",
		type = CAMERA,
		template_name = "",
		lt_grp = 0, srt_grp = 0, usr_flg = 0,
		flags = HIDDEN,
		spatialprops =
		{
			pos = { -0.116366, 5.782749, 40.28515 },
			orient = { { -0.999759,  0.000000,  0.021959 },
					   {  0.001076,  0.998798,  0.048996 },
					   { -0.021933,  0.049008, -0.998557 } }
		},
		cameraprops =
		{
			fovh = 20,
			hvaspect = 1.85,
			nearplane = 0.7,
			farplane = 100000
		}
	},

	{
		entity_name = "Cam_43_flyAway_A",
		type = CAMERA,
		template_name = "",
		lt_grp = 0, srt_grp = 0, usr_flg = 0,
		flags = HIDDEN,
		spatialprops =
		{
			pos = { -61.6768, 27.7171, -13.20696 },
			orient = { { -0.563081,  0.000000,  0.826402 },
					   {  0.245783,  0.954749,  0.167468 },
					   { -0.789006,  0.297413, -0.537601 } }
		},
		cameraprops =
		{
			fovh = 30,
			hvaspect = 1.85,
			nearplane = 0.1,
			farplane = 100000
		}
	},

	{
		entity_name = "rtc_forcefield",
		type = PSYS,
		template_name = "rtc_forcefield",
		lt_grp = 0, srt_grp = 0, usr_flg = 0,
		flags = LIT_DYNAMIC + LIT_AMBIENT,
		spatialprops =
		{
			pos = { -0.057156, 6.128085, 49.58068 },
			orient = { { 1, 0, 0 }, { 0, 1, 0 }, { 0, 0, 1 } }
		},
		psysprops =
		{
			sparam = 0
		}
	},

	{
		entity_name = "rtc_forcefieldripple",
		type = PSYS,
