duration = 55.000;

entities =
{

	{
		entity_name = "Layer_Scene_s055b",
		type = SCENE,
		template_name = "",
		lt_grp = 0, srt_grp = 0, usr_flg = 0,
		spatialprops =
		{
			pos = { 0, 0, 0 },
			orient = { { 1, 0, 0 }, { 0, 1, 0 }, { 0, 0, 1 } }
		},
		up = Y_AXIS,
		front = Z_AXIS,
		ambient = { 0, 0, 0 }
	},

	{
		entity_name = "Char_akira",
		type = DEFORMABLE,
		template_name = "akiro",
		lt_grp = 0, srt_grp = 0, usr_flg = 0,
		flags = LIT_DYNAMIC,
		spatialprops =
		{
			pos = { 0.579358, 0, 4.98245 },
			orient = { {  0.991942,  0.000000, -0.126697 },
					   {  0.000000,  1.000000,  0.000000 },
					   {  0.126697,  0.000000,  0.991942 } }
		},
		compoundprops =
		{
			floor_height = 0
		},
		userprops =
		{
			actor = "akira",
			category = "Character",
		}
	},

	{
		entity_name = "Char_juni",
		type = DEFORMABLE,
		template_name = "juni",
		lt_grp = 0, srt_grp = 0, usr_flg = 0,
		flags = LIT_DYNAMIC,
		spatialprops =
		{
			pos = { 0.80625, 0, 3.067698 },
			orient = { { -0.999815,  0.000000, -0.019239 },
					   {  0.000000,  1.000000,  0.000000 },
					   {  0.019239,  0.000000, -0.999815 } }
		},
		compoundprops =
		{
			floor_height = 0
		},
		userprops =
		{
			actor = "juni",
			category = "Character",
		}
	},

	{
		entity_name = "Char_trent",
		type = DEFORMABLE,
		template_name = "trent",
		lt_grp = 0, srt_grp = 0, usr_flg = 0,
		flags = LIT_DYNAMIC,
		spatialprops =
		{
			pos = { 1.667073, 0, 3.394869 },
			orient = { { -0.850279,  0.000000, -0.526333 },
					   {  0.000000,  1.000000,  0.000000 },
					   {  0.526333,  0.000000, -0.850279 } }
		},
		compoundprops =
		{
			floor_height = 0
		},
		userprops =
		{
			actor = "player",
			category = "Character",
		}
	},

	{
		entity_name = "dx_s055b_0101_Trent_22",
		type = SOUND,
		template_name = "dx_s055b_0101_Trent",
		lt_grp = 0, srt_grp = 0, usr_flg = 0,
		spatialprops =
		{
			pos = { 0, 0, 0 },
			orient = { { 1, 0, 0 }, { 0, 1, 0 }, { 0, 0, 1 } }
		},
		audioprops =
		{
			attenuation = -1,
			pan = 0,
			dmin = 50,
			dmax = 1000,
			ain = 360,
			aout = 360,
			atout = 0,
			rmix = 0,
		},
		userprops =
		{
			category = "Audio",
		}
	},

	{
		entity_name = "dx_s055b_0201_Akira_23",
		type = SOUND,
		template_name = "dx_s055b_0201_Akira",
		lt_grp = 0, srt_grp = 0, usr_flg = 0,
		spatialprops =
		{
			pos = { 0, 0, 0 },
			orient = { { 1, 0, 0 }, { 0, 1, 0 }, { 0, 0, 1 } }
		},
		audioprops =
		{
			attenuation = -1,
			pan = 0,
			dmin = 50,
			dmax = 1000,
			ain = 360,
			aout = 360,
			atout = 0,
			rmix = 0,
		},
		userprops =
		{
			category = "Audio",
		}
	},

	{
		entity_name = "dx_s055b_0202_Akira_24",
		type = SOUND,
		template_name = "dx_s055b_0202_Akira",
		lt_grp = 0, srt_grp = 0, usr_flg = 0,
		spatialprops =
		{
			pos = { 0, 0, 0 },
			orient = { { 1, 0, 0 }, { 0, 1, 0 }, { 0, 0, 1 } }
		},
		audioprops =
		{
			attenuation = -1,
			pan = 0,
			dmin = 50,
			dmax = 1000,
			ain = 360,
			aout = 360,
			atout = 0,
			rmix = 0,
		},
		userprops =
		{
			category = "Audio",
		}
	},

	{
		entity_name = "dx_s055b_0301_Trent_25",
		type = SOUND,
		template_name = "dx_s055b_0301_Trent",
		lt_grp = 0, srt_grp = 0, usr_flg = 0,
		spatialprops =
		{
			pos = { 0, 0, 0 },
			orient = { { 1, 0, 0 }, { 0, 1, 0 }, { 0, 0, 1 } }
		},
		audioprops =
		{
			attenuation = -1,
			pan = 0,
			dmin = 50,
			dmax = 1000,
			ain = 360,
			aout = 360,
			atout = 0,
			rmix = 0,
		},
		userprops =
		{
			category = "Audio",
		}
	},

	{
		entity_name = "dx_s055b_0401_Akira_26",
		type = SOUND,
		template_name = "dx_s055b_0401_Akira",
		lt_grp = 0, srt_grp = 0, usr_flg = 0,
		spatialprops =
		{
			pos = { 0, 0, 0 },
			orient = { { 1, 0, 0 }, { 0, 1, 0 }, { 0, 0, 1 } }
		},
		audioprops =
		{
			attenuation = -1,
			pan = 0,
			dmin = 50,
			dmax = 1000,
			ain = 360,
			aout = 360,
			atout = 0,
			rmix = 0,
		},
		userprops =
		{
			category = "Audio",
		}
	},

	{
		entity_name = "dx_s055b_0402_Akira_27",
		type = SOUND,
		template_name = "dx_s055b_0402_Akira",
		lt_grp = 0, srt_grp = 0, usr_flg = 0,
		spatialprops =
		{
			pos = { 0, 0, 0 },
			orient = { { 1, 0, 0 }, { 0, 1, 0 }, { 0, 0, 1 } }
		},
		audioprops =
		{
			attenuation = -1,
			pan = 0,
			dmin = 50,
			dmax = 1000,
			ain = 360,
			aout = 360,
			atout = 0,
			rmix = 0,
		},
		userprops =
		{
			category = "Audio",
		}
	},

	{
		entity_name = "dx_s055b_0403_Akira_28",
		type = SOUND,
		template_name = "dx_s055b_0403_Akira",
		lt_grp = 0, srt_grp = 0, usr_flg = 0,
		spatialprops =
		{
			pos = { 0, 0, 0 },
			orient = { { 1, 0, 0 }, { 0, 1, 0 }, { 0, 0, 1 } }
		},
		audioprops =
		{
			attenuation = -1,
			pan = 0,
			dmin = 50,
			dmax = 1000,
			ain = 360,
			aout = 360,
			atout = 0,
			rmix = 0,
		},
		userprops =
		{
			category = "Audio",
		}
	},

	{
		entity_name = "dx_s055b_0404_Akira_29",
		type = SOUND,
		template_name = "dx_s055b_0404_Akira",
		lt_grp = 0, srt_grp = 0, usr_flg = 0,
		spatialprops =
		{
			pos = { 0, 0, 0 },
			orient = { { 1, 0, 0 }, { 0, 1, 0 }, { 0, 0, 1 } }
		},
		audioprops =
		{
			attenuation = -1,
			pan = 0,
			dmin = 50,
			dmax = 1000,
			ain = 360,
			aout = 360,
			atout = 0,
			rmix = 0,
		},
		userprops =
		{
			category = "Audio",
		}
	},

	{
		entity_name = "dx_s055b_0501_Trent_30",
		type = SOUND,
		template_name = "dx_s055b_0501_Trent",
		lt_grp = 0, srt_grp = 0, usr_flg = 0,
		spatialprops =
		{
			pos = { 0, 0, 0 },
			orient = { { 1, 0, 0 }, { 0, 1, 0 }, { 0, 0, 1 } }
		},
		audioprops =
		{
			attenuation = -1,
			pan = 0,
			dmin = 50,
			dmax = 1000,
			ain = 360,
			aout = 360,
			atout = 0,
			rmix = 0,
		},
		userprops =
		{
			category = "Audio",
		}
	},

	{
		entity_name = "dx_s055b_0601_Akira_31",
		type = SOUND,
		template_name = "dx_s055b_0601_Akira",
		lt_grp = 0, srt_grp = 0, usr_flg = 0,
		spatialprops =
		{
			pos = { 0, 0, 0 },
			orient = { { 1, 0, 0 }, { 0, 1, 0 }, { 0, 0, 1 } }
		},
		audioprops =
		{
			attenuation = -1,
			pan = 0,
			dmin = 50,
			dmax = 1000,
			ain = 360,
			aout = 360,
			atout = 0,
			rmix = 0,
		},
		userprops =
		{
			category = "Audio",
		}
	},

	{
		entity_name = "dx_s055b_0602_Akira_32",
		type = SOUND,
		template_name = "dx_s055b_0602_Akira",
		lt_grp = 0, srt_grp = 0, usr_flg = 0,
		spatialprops =
		{
			pos = { 0, 0, 0 },
			orient = { { 1, 0, 0 }, { 0, 1, 0 }, { 0, 0, 1 } }
		},
		audioprops =
		{
			attenuation = -1,
			pan = 0,
			dmin = 50,
			dmax = 1000,
			ain = 360,
			aout = 360,
			atout = 0,
			rmix = 0,
		},
		userprops =
		{
			category = "Audio",
		}
	},

	{
		entity_name = "dx_s055b_0701_Trent_33",
		type = SOUND,
		template_name = "dx_s055b_0701_Trent",
		lt_grp = 0, srt_grp = 0, usr_flg = 0,
		spatialprops =
		{
			pos = { 0, 0, 0 },
			orient = { { 1, 0, 0 }, { 0, 1, 0 }, { 0, 0, 1 } }
		},
		audioprops =
		{
			attenuation = -1,
			pan = 0,
			dmin = 50,
			dmax = 1000,
			ain = 360,
			aout = 360,
			atout = 0,
			rmix = 0,
		},
		userprops =
		{
			category = "Audio",
		}
	},

	{
		entity_name = "dx_s055b_0801_Akira_34",
		type = SOUND,
		template_name = "dx_s055b_0801_Akira",
		lt_grp = 0, srt_grp = 0, usr_flg = 0,
		spatialprops =
		{
			pos = { 0, 0, 0 },
			orient = { { 1, 0, 0 }, { 0, 1, 0 }, { 0, 0, 1 } }
		},
		audioprops =
		{
			attenuation = -1,
			pan = 0,
			dmin = 50,
			dmax = 1000,
			ain = 360,
			aout = 360,
			atout = 0,
			rmix = 0,
		},
		userprops =
		{
			category = "Audio",
		}
	},

	{
		entity_name = "dx_s055b_0802_Akira_35",
		type = SOUND,
		template_name = "dx_s055b_0802_Akira",
		lt_grp = 0, srt_grp = 0, usr_flg = 0,
		spatialprops =
		{
			pos = { 0, 0, 0 },
			orient = { { 1, 0, 0 }, { 0, 1, 0 }, { 0, 0, 1 } }
		},
		audioprops =
		{
			attenuation = -1,
			pan = 0,
			dmin = 50,
			dmax = 1000,
			ain = 360,
			aout = 360,
			atout = 0,
			rmix = 0,
		},
		userprops =
		{
			category = "Audio",
		}
	},

	{
		entity_name = "dx_s055b_0901_juni_36",
		type = SOUND,
		template_name = "dx_s055b_0901_juni",
		lt_grp = 0, srt_grp = 0, usr_flg = 0,
		spatialprops =
		{
			pos = { 0, 0, 0 },
			orient = { { 1, 0, 0 }, { 0, 1, 0 }, { 0, 0, 1 } }
		},
		audioprops =
		{
			attenuation = -1,
			pan = 0,
			dmin = 50,
			dmax = 1000,
			ain = 360,
			aout = 360,
			atout = 0,
			rmix = 0,
		},
		userprops =
		{
			category = "Audio",
		}
	},

	{
		entity_name = "dx_s055b_1001_Akira_37",
		type = SOUND,
		template_name = "dx_s055b_1001_Akira",
		lt_grp = 0, srt_grp = 0, usr_flg = 0,
		spatialprops =
		{
			pos = { 0, 0, 0 },
			orient = { { 1, 0, 0 }, { 0, 1, 0 }, { 0, 0, 1 } }
		},
		audioprops =
		{
			attenuation = -1,
			pan = 0,
			dmin = 50,
			dmax = 1000,
			ain = 360,
			aout = 360,
			atout = 0,
			rmix = 0,
		},
		userprops =
		{
			category = "Audio",
		}
	},

	{
		entity_name = "Cam_Monitor_s055b",
		type = MONITOR,
		template_name = "",
		lt_grp = 0, srt_grp = 0, usr_flg = 0,
		userprops =
		{
			Priority = "Monitor_Moving_1",
		}
	},

	{
		entity_name = "Cam_04_MS_Akira",
		type = CAMERA,
		template_name = "",
		lt_grp = 0, srt_grp = 0, usr_flg = 0,
		spatialprops =
		{
			pos = { 2.04331, 1.451507, 3.741038 },
			orient = { { -0.522703,  0.000000, -0.852515 },
					   { -0.180122,  0.977425,  0.110438 },
					   {  0.833269,  0.211283, -0.510903 } }
		},
		cameraprops =
		{
			fovh = 20,
			hvaspect = 1.85,
			nearplane = 0.1,
			farplane = 100000
		}
	},

	{
		entity_name = "Cam_05_MS_Juni",
		type = CAMERA,
		template_name = "",
		lt_grp = 0, srt_grp = 0, usr_flg = 0,
		spatialprops =
		{
			pos = { 1.073856, 1.109323, 4.741618 },
			orient = { {  0.956899,  0.000000, -0.290421 },
					   { -0.027169,  0.995615, -0.089517 },
					   {  0.289147,  0.093549,  0.952703 } }
		},
		cameraprops =
		{
			fovh = 20,
			hvaspect = 1.85,
			nearplane = 0.1,
			farplane = 100000
		}
	},

	{
		entity_name = "Cam_06_MS_Trent",
		type = CAMERA,
		template_name = "",
		lt_grp = 0, srt_grp = 0, usr_flg = 0,
		spatialprops =
		{
			pos = { 1.366385, 1.570548, 4.838517 },
			orient = { {  0.995403,  0.000000,  0.095776 },
					   { -0.000195,  0.999998,  0.002027 },
					   { -0.095776, -0.002037,  0.995401 } }
		},
		cameraprops =
		{
			fovh = 20,
			hvaspect = 1.85,
			nearplane = 0.1,
			farplane = 100000
		}
	},

	{
		entity_name = "Char_Akira_Mk_Stand_Up",
		type = MARKER,
		template_name = "",
		lt_grp = 0, srt_grp = 0, usr_flg = 0,
		spatialprops =
		{
			pos = { 0.937572, 0.004047, 4.739229 },
			orient = { {  0.970641,  0.000000,  0.240533 },
					   {  0.000000,  1.000000,  0.000000 },
					   { -0.240533,  0.000000,  0.970641 } }
		}
	},

	{
		entity_name = "Char_Akira_Mk_Stand_Up_left_ft",
		type = MARKER,
		template_name = "",
		lt_grp = 0, srt_grp = 0, usr_flg = 0,
		spatialprops =
		{
			pos = { 1.201612, 0.004047, 4.804661 },
			orient = { {  0.748296,  0.000000,  0.663364 },
					   {  0.000000,  1.000000,  0.000000 },
					   { -0.663364,  0.000000,  0.748296 } }
		}
	},

	{
		entity_name = "Cam_07_OTS_Akira_standing",
		type = CAMERA,
		template_name = "",
		lt_grp = 0, srt_grp = 0, usr_flg = 0,
		spatialprops =
		{
			pos = { 2.877426, 1.775211, 3.002701 },
			orient = { { -0.556558,  0.000000, -0.830809 },
					   { -0.116037,  0.990198,  0.077733 },
					   {  0.822666,  0.139667, -0.551103 } }
		},
		cameraprops =
		{
			fovh = 20,
			hvaspect = 1.85,
			nearplane = 0.1,
			farplane = 100000
		}
	},

	{
		entity_name = "Cam_08_All_after_Akira_stands",
		type = CAMERA,
		template_name = "",
		lt_grp = 0, srt_grp = 0, usr_flg = 0,
		spatialprops =
		{
			pos = { 2.654152, 1.791744, 6.095408 },
			orient = { {  0.853802,  0.000000, -0.520598 },
					   { -0.080622,  0.987936, -0.132223 },
					   {  0.514317,  0.154864,  0.843501 } }
		},
		cameraprops =
		{
			fovh = 20,
			hvaspect = 1.85,
			nearplane = 0.1,
			farplane = 100000
		}
	},

	{
		entity_name = "Char_Juni_Mk_IK_Trent",
		type = MARKER,
		template_name = "",
		lt_grp = 0, srt_grp = 0, usr_flg = 0,
		spatialprops =
		{
			pos = { 1.347911, 1.431205, 3.658313 },
			orient = { { -0.855469,  0.000000, -0.517854 },
					   {  0.000000,  1.000000,  0.000000 },
					   {  0.517854,  0.000000, -0.855469 } }
		}
	},

	{
		entity_name = "Cam_09_All_zoom_J_stands",
		type = CAMERA,
		template_name = "",
		lt_grp = 0, srt_grp = 0, usr_flg = 0,
		spatialprops =
		{
			pos = { 2.147669, 1.731994, 5.649771 },
			orient = { {  0.959767,  0.000000, -0.280797 },
					   { -0.030037,  0.994262, -0.102668 },
					   {  0.279186,  0.106972,  0.954260 } }
		},
		cameraprops =
		{
			fovh = 20,
			hvaspect = 1.85,
			nearplane = 0.1,
			farplane = 100000
		}
	},

	{
		entity_name = "Char_Juni_Mk_turn",
		type = MARKER,
		template_name = "",
		lt_grp = 0, srt_grp = 0, usr_flg = 0,
		spatialprops =
		{
			pos = { 1.323322, 0, 3.126599 },
			orient = { { -0.679583,  0.000000,  0.733599 },
					   {  0.000000,  1.000000,  0.000000 },
					   { -0.733599,  0.000000, -0.679583 } }
		}
	},

	{
		entity_name = "Char_Akira_Mk_IK_ahead",
		type = MARKER,
		template_name = "",
		lt_grp = 0, srt_grp = 0, usr_flg = 0,
		spatialprops =
		{
			pos = { 2.709448, 1.632388, 5.430097 },
			orient = { { -0.211831,  0.000000,  0.977306 },
					   {  0.000000,  1.000000,  0.000000 },
					   { -0.977306,  0.000000, -0.211831 } }
		}
	},

	{
		entity_name = "Char_Trent_Mk_IK_end",
		type = MARKER,
		template_name = "",
		lt_grp = 0, srt_grp = 0, usr_flg = 0,
		spatialprops =
		{
			pos = { 1.828911, 1.58366, 4.019275 },
			orient = { { -0.855469,  0.000000, -0.517854 },
					   {  0.000000,  1.000000,  0.000000 },
					   {  0.517854,  0.000000, -0.855469 } }
		}
	},

	{
		entity_name = "Cam_07b_OTS_Akira_standing",
		type = CAMERA,
		template_name = "",
		lt_grp = 0, srt_grp = 0, usr_flg = 0,
		spatialprops =
		{
			pos = { 2.877426, 1.775211, 3.002701 },
			orient = { { -0.549215,  0.000000, -0.835681 },
					   { -0.116671,  0.990206,  0.076677 },
					   {  0.827497,  0.139611, -0.543836 } }
		},
		cameraprops =
		{
			fovh = 20,
			hvaspect = 1.85,
			nearplane = 0.1,
			farplane = 100000
		}
	},

	{
		entity_name = "Char_Akira_Mk_walk1",
		type = MARKER,
		template_name = "",
		lt_grp = 0, srt_grp = 0, usr_flg = 0,
		spatialprops =
		{
			pos = { 1.690601, 0, 4.525284 },
			orient = { { -0.596979,  0.000000,  0.802257 },
					   {  0.000000,  1.000000,  0.000000 },
					   { -0.802257,  0.000000, -0.596979 } }
		}
	},

	{
		entity_name = "Char_Akira_Mk_walk2",
		type = MARKER,
		template_name = "",
		lt_grp = 0, srt_grp = 0, usr_flg = 0,
		spatialprops =
		{
			pos = { 1.981278, 0, 5.306542 },
			orient = { { -0.997874,  0.000000,  0.065175 },
					   {  0.000000,  1.000000,  0.000000 },
					   { -0.065175,  0.000000, -0.997874 } }
		}
	},

	{
		entity_name = "Char_Akira_Mk_walk3",
		type = MARKER,
		template_name = "",
		lt_grp = 0, srt_grp = 0, usr_flg = 0,
		spatialprops =
		{
			pos = { 2.018288, 0, 5.873178 },
			orient = { { -0.964035,  0.000000, -0.265777 },
					   {  0.000000,  1.000000,  0.000000 },
					   {  0.265777,  0.000000, -0.964035 } }
		}
	},

	{
		entity_name = "Char_Juni_Mk_IK_Akira",
		type = MARKER,
		template_name = "",
		lt_grp = 0, srt_grp = 0, usr_flg = 0,
		spatialprops =
		{
			pos = { 2.748741, 1.876788, 5.458159 },
			orient = { { -0.855469,  0.000000, -0.517854 },
					   {  0.000000,  1.000000,  0.000000 },
					   {  0.517854,  0.000000, -0.855469 } }
		}
	},

	{
		entity_name = "Cam_02_ACOL_on_Akira",
		type = CAMERA,
		template_name = "",
		lt_grp = 0, srt_grp = 0, usr_flg = 0,
		spatialprops =
		{
			pos = { 2.590503, 1.284659, 3.362763 },
			orient = { { -0.434196,  0.000001, -0.900818 },
					   { -0.121492,  0.990863,  0.058560 },
					   {  0.892588,  0.134869, -0.430229 } }
		},
		cameraprops =
		{
			fovh = 20,
			hvaspect = 1.85,
			nearplane = 0.1,
			farplane = 100000
		}
	},

	{
		entity_name = "Char_Juni_Mk_IK_chin",
		type = MARKER,
		template_name = "",
		lt_grp = 0, srt_grp = 0, usr_flg = 0,
		spatialprops =
		{
			pos = { 2.024561, 1.56297, 3.512741 },
			orient = { { -0.854119,  0.000000, -0.520077 },
					   {  0.000000,  1.000000,  0.000000 },
					   {  0.520077,  0.000000, -0.854119 } }
		}
	},

	{
		entity_name = "Cam_09b_All_zoom_back",
		type = CAMERA,
		template_name = "",
		lt_grp = 0, srt_grp = 0, usr_flg = 0,
		spatialprops =
		{
			pos = { 1.754454, 1.55255, 4.90355 },
			orient = { {  0.989627,  0.000000,  0.143659 },
					   {  0.000829,  0.999983, -0.005714 },
					   { -0.143657,  0.005774,  0.989611 } }
		},
		cameraprops =
		{
			fovh = 20,
			hvaspect = 1.85,
			nearplane = 0.1,
			farplane = 100000
		}
	},

	{
		entity_name = "Cam_09a_All_zoom_dn",
		type = CAMERA,
		template_name = "",
		lt_grp = 0, srt_grp = 0, usr_flg = 0,
		spatialprops =
		{
			pos = { 1.754454, 1.55255, 4.90355 },
			orient = { {  0.988335,  0.000000,  0.152295 },
					   {  0.006857,  0.998986, -0.044500 },
					   { -0.152141,  0.045025,  0.987333 } }
		},
		cameraprops =
		{
			fovh = 20,
			hvaspect = 1.85,
			nearplane = 0.1,
			farplane = 100000
		}
	},

	{
		entity_name = "Cam_01_OTS_Akira",
		type = CAMERA,
		template_name = "",
		lt_grp = 0, srt_grp = 0, usr_flg = 0,
		spatialprops =
		{
			pos = { 2.545622, 2.000236, 3.196401 },
			orient = { { -0.461133,  0.000000, -0.887331 },
					   { -0.361332,  0.913333,  0.187779 },
					   {  0.810429,  0.407213, -0.421169 } }
		},
		cameraprops =
		{
			fovh = 20,
			hvaspect = 1.85,
			nearplane = 0.1,
			farplane = 100000
		}
	},

	{
		entity_name = "Cam_03_OTS_Trent",
		type = CAMERA,
		template_name = "",
		lt_grp = 0, srt_grp = 0, usr_flg = 0,
		spatialprops =
		{
			pos = { 1.15599, 0.932274, 6.600791 },
			orient = { {  0.998599,  0.000000, -0.052907 },
					   {  0.004980,  0.995560,  0.093994 },
					   {  0.052673, -0.094126,  0.994166 } }
		},
		cameraprops =
		{
			fovh = 20,
			hvaspect = 1.85,
			nearplane = 0.1,
			farplane = 100000
		}
	},

	{
		entity_name = "Cam_10a_Tr_Juni_end",
		type = CAMERA,
		template_name = "",
		lt_grp = 0, srt_grp = 0, usr_flg = 0,
		spatialprops =
		{
			pos = { 1.754454, 1.55255, 4.90355 },
			orient = { {  0.996183,  0.000000,  0.087285 },
					   {  0.000882,  0.999949, -0.010072 },
					   { -0.087281,  0.010110,  0.996132 } }
		},
		cameraprops =
		{
			fovh = 20,
			hvaspect = 1.85,
			nearplane = 0.1,
			farplane = 100000
		}
	},

	{
		entity_name = "Cam_07c_OTS_Akira_standing",
		type = CAMERA,
		template_name = "",
		lt_grp = 0, srt_grp = 0, usr_flg = 0,
		spatialprops =
		{
			pos = { 2.869124, 1.828205, 3.007137 },
			orient = { { -0.545507,  0.000000, -0.838106 },
					   { -0.145892,  0.984733,  0.094958 },
					   {  0.825310,  0.174074, -0.537179 } }
		},
		cameraprops =
		{
			fovh = 20,
			hvaspect = 1.85,
			nearplane = 0.1,
			farplane = 100000
		}
	},

	{
		entity_name = "Cam_05a_MS_Juni",
		type = CAMERA,
		template_name = "",
		lt_grp = 0, srt_grp = 0, usr_flg = 0,
		spatialprops =
		{
			pos = { 1.073856, 1.109323, 4.741618 },
			orient = { {  0.956900,  0.000000, -0.290418 },
					   { -0.024644,  0.996393, -0.081199 },
					   {  0.289371,  0.084856,  0.953448 } }
		},
		cameraprops =
		{
			fovh = 20,
			hvaspect = 1.85,
			nearplane = 0.1,
			farplane = 100000
		}
	},

	{
		entity_name = "Char_All_Offscreen",
		type = MARKER,
		template_name = "",
		lt_grp = 0, srt_grp = 0, usr_flg = 0,
		spatialprops =
		{
			pos = { 7.112367, 0, 10.40024 },
			orient = { { -0.679583,  0.000000,  0.733599 },
					   {  0.000000,  1.000000,  0.000000 },
					   { -0.733599,  0.000000, -0.679583 } }
		}
	},

	{
		entity_name = "Char_Akira_sfx_fturn_male01_2",
		type = SOUND,
		template_name = "sfx_fturn_male01",
		lt_grp = 0, srt_grp = 0, usr_flg = 0,
		spatialprops =
		{
			pos = { 0, 0, 0 },
			orient = { { 1, 0, 0 }, { 0, 1, 0 }, { 0, 0, 1 } }
		},
		audioprops =
		{
			attenuation = -15,
			pan = -12,
			dmax = 300,
			ain = 360,
			aout = 360,
			atout = 0,
			rmix = 0,
		},
		userprops =
		{
			category = "Audio",
			Priority = "Steps_4",
		}
	},

	{
		entity_name = "Char_Akira_sfx_fstop_male05_3",
		type = SOUND,
		template_name = "sfx_fstop_male05",
		lt_grp = 0, srt_grp = 0, usr_flg = 0,
		spatialprops =
		{
			pos = { 0, 0, 0 },
			orient = { { 1, 0, 0 }, { 0, 1, 0 }, { 0, 0, 1 } }
		},
		audioprops =
		{
			attenuation = -22,
			pan = -20,
			dmin = 50,
			dmax = 300,
			aout = 360,
			atout = 0,
			rmix = 0,
		},
		userprops =
		{
			category = "Audio",
			Priority = "Steps_4",
		}
	},

	{
		entity_name = "Char_Akira_fs_mr_hard01_4",
		type = SOUND,
		template_name = "fs_mr_hard01",
		lt_grp = 0, srt_grp = 0, usr_flg = 0,
		spatialprops =
		{
			pos = { 0, 0, 0 },
			orient = { { 1, 0, 0 }, { 0, 1, 0 }, { 0, 0, 1 } }
		},
		audioprops =
		{
			attenuation = -22,
			pan = -22,
			dmin = 50,
			dmax = 300,
			ain = 360,
			aout = 360,
			rmix = 0,
		},
		userprops =
		{
			category = "Audio",
			Priority = "Steps_4",
		}
	},

	{
		entity_name = "Char_Akira_sfx_fstop_male05_5",
		type = SOUND,
		template_name = "sfx_fstop_male05",
		lt_grp = 0, srt_grp = 0, usr_flg = 0,
		spatialprops =
		{
			pos = { 0, 0, 0 },
			orient = { { 1, 0, 0 }, { 0, 1, 0 }, { 0, 0, 1 } }
		},
		audioprops =
		{
			attenuation = -20,
			pan = -12,
			dmin = 50,
			dmax = 300,
			ain = 360,
			aout = 360,
			atout = 0,
			rmix = 0,
		},
		userprops =
		{
			category = "Audio",
			Priority = "Steps_4",
		}
	},

	{
		entity_name = "Char_Juni_sfx_fturn_female03_6",
		type = SOUND,
		template_name = "sfx_fturn_female03",
		lt_grp = 0, srt_grp = 0, usr_flg = 0,
		spatialprops =
		{
			pos = { 0, 0, 0 },
			orient = { { 1, 0, 0 }, { 0, 1, 0 }, { 0, 0, 1 } }
		},
		audioprops =
		{
			attenuation = -17,
			pan = 0,
			dmin = 50,
			dmax = 300,
			ain = 360,
			aout = 360,
			atout = 0,
			rmix = 0,
		},
		userprops =
		{
			category = "Audio",
			Priority = "Steps_4",
		}
	},

	{
		entity_name = "Char_Juni_sfx_fturn_female04_7",
		type = SOUND,
		template_name = "sfx_fturn_female04",
		lt_grp = 0, srt_grp = 0, usr_flg = 0,
		spatialprops =
		{
			pos = { 0, 0, 0 },
			orient = { { 1, 0, 0 }, { 0, 1, 0 }, { 0, 0, 1 } }
		},
		audioprops =
		{
			attenuation = -17,
			pan = 0,
			dmin = 50,
			dmax = 300,
			ain = 360,
			aout = 360,
			atout = 0,
			rmix = 0,
		},
		userprops =
		{
			category = "Audio",
			Priority = "Steps_4",
		}
	},

	{
		entity_name = "Char_Juni_fs_fr_hard01_8",
		type = SOUND,
		template_name = "fs_fr_hard01",
		lt_grp = 0, srt_grp = 0, usr_flg = 0,
		spatialprops =
		{
			pos = { 0, 0, 0 },
			orient = { { 1, 0, 0 }, { 0, 1, 0 }, { 0, 0, 1 } }
		},
		audioprops =
		{
			attenuation = -24,
			pan = 40,
			dmin = 50,
			dmax = 300,
			ain = 360,
			aout = 360,
			atout = 0,
			rmix = 0,
		},
		userprops =
		{
			category = "Audio",
			Priority = "Steps_4",
		}
	},

	{
		entity_name = "Char_Juni_sfx_fstop_female03_9",
		type = SOUND,
		template_name = "sfx_fstop_female03",
		lt_grp = 0, srt_grp = 0, usr_flg = 0,
		spatialprops =
		{
			pos = { 0, 0, 0 },
			orient = { { 1, 0, 0 }, { 0, 1, 0 }, { 0, 0, 1 } }
		},
		audioprops =
		{
			attenuation = -20,
			pan = 0,
			dmin = 50,
			dmax = 300,
			ain = 360,
			aout = 360,
			atout = 0,
			rmix = 0,
		},
		userprops =
		{
			category = "Audio",
			Priority = "Steps_4",
		}
	},

	{
		entity_name = "Char_Trent_fs_ml_hard01_10",
		type = SOUND,
		template_name = "fs_ml_hard01",
		lt_grp = 0, srt_grp = 0, usr_flg = 0,
		spatialprops =
		{
			pos = { 0, 0, 0 },
			orient = { { 1, 0, 0 }, { 0, 1, 0 }, { 0, 0, 1 } }
		},
		audioprops =
		{
			attenuation = -22,
			pan = 10,
			dmin = 50,
			dmax = 300,
			ain = 360,
			aout = 360,
			atout = 0,
			rmix = 0,
		},
		userprops =
		{
			category = "Audio",
			Priority = "Steps_4",
		}
	},

	{
		entity_name = "Char_Trent_sfx_fstop_male05_11",
		type = SOUND,
		template_name = "sfx_fstop_male05",
		lt_grp = 0, srt_grp = 0, usr_flg = 0,
		spatialprops =
		{
			pos = { 0, 0, 0 },
			orient = { { 1, 0, 0 }, { 0, 1, 0 }, { 0, 0, 1 } }
		},
		audioprops =
		{
			attenuation = -20,
			pan = 10,
			dmin = 50,
			dmax = 300,
			ain = 360,
			aout = 360,
			atout = 0,
			rmix = 0,
		},
		userprops =
		{
			category = "Audio",
			Priority = "Steps_4",
		}
	},

	{
		entity_name = "Char_Akira_sfx_fturn_male04_12",
		type = SOUND,
		template_name = "sfx_fturn_male04",
		lt_grp = 0, srt_grp = 0, usr_flg = 0,
		spatialprops =
		{
			pos = { 0, 0, 0 },
			orient = { { 1, 0, 0 }, { 0, 1, 0 }, { 0, 0, 1 } }
		},
		audioprops =
		{
			attenuation = -15,
			pan = -20,
			dmin = 50,
			dmax = 300,
			ain = 360,
			aout = 360,
			atout = 0,
			rmix = 0,
		},
		userprops =
		{
			category = "Audio",
			Priority = "Steps_4",
		}
	},

	{
		entity_name = "Char_Akira_fs_mr_hard03_14",
		type = SOUND,
		template_name = "fs_mr_hard03",
		lt_grp = 0, srt_grp = 0, usr_flg = 0,
		spatialprops =
		{
			pos = { 0, 0, 0 },
			orient = { { 1, 0, 0 }, { 0, 1, 0 }, { 0, 0, 1 } }
		},
		audioprops =
		{
			attenuation = -21,
			pan = -12,
			dmin = 50,
			dmax = 300,
			ain = 360,
			aout = 360,
			atout = 0,
			rmix = 0,
		},
		userprops =
		{
			category = "Audio",
			Priority = "Steps_4",
		}
	},

	{
		entity_name = "Char_Akira_fs_ml_hard04_15",
		type = SOUND,
		template_name = "fs_ml_hard04",
		lt_grp = 0, srt_grp = 0, usr_flg = 0,
		spatialprops =
		{
			pos = { 0, 0, 0 },
			orient = { { 1, 0, 0 }, { 0, 1, 0 }, { 0, 0, 1 } }
		},
		audioprops =
		{
			attenuation = -20,
			pan = 43,
			dmin = 50,
			dmax = 300,
			ain = 360,
			aout = 360,
			atout = 0,
			rmix = 0,
		},
		userprops =
		{
			category = "Audio",
			Priority = "Steps_4",
		}
	},

	{
		entity_name = "Char_Akira_fs_mr_hard03_16",
		type = SOUND,
		template_name = "fs_mr_hard03",
		lt_grp = 0, srt_grp = 0, usr_flg = 0,
		spatialprops =
		{
			pos = { 0, 0, 0 },
			orient = { { 1, 0, 0 }, { 0, 1, 0 }, { 0, 0, 1 } }
		},
		audioprops =
		{
			attenuation = -22,
			pan = 45,
			dmin = 50,
			dmax = 300,
			ain = 360,
			aout = 360,
			atout = 0,
			rmix = 0,
		},
		userprops =
		{
			category = "Audio",
			Priority = "Steps_4",
		}
	},

	{
		entity_name = "Char_Akira_fs_ml_hard03_17",
		type = SOUND,
		template_name = "fs_ml_hard03",
		lt_grp = 0, srt_grp = 0, usr_flg = 0,
		spatialprops =
		{
			pos = { 0, 0, 0 },
			orient = { { 1, 0, 0 }, { 0, 1, 0 }, { 0, 0, 1 } }
		},
		audioprops =
		{
			attenuation = -26,
			pan = 20,
			dmin = 50,
			dmax = 300,
			ain = 360,
			aout = 360,
			atout = 0,
			rmix = 0,
		},
		userprops =
		{
			category = "Audio",
			Priority = "Steps_4",
		}
	},

	{
		entity_name = "Char_Akira_fs_mr_hard02_18",
		type = SOUND,
		template_name = "fs_mr_hard02",
		lt_grp = 0, srt_grp = 0, usr_flg = 0,
		spatialprops =
		{
			pos = { 0, 0, 0 },
			orient = { { 1, 0, 0 }, { 0, 1, 0 }, { 0, 0, 1 } }
		},
		audioprops =
		{
			attenuation = -28,
			pan = 10,
			dmin = 50,
			dmax = 300,
			ain = 360,
			aout = 360,
			atout = 0,
			rmix = 0,
		},
		userprops =
		{
			category = "Audio",
			Priority = "Steps_4",
		}
	},

	{
		entity_name = "Char_Akira_fs_ml_hard02_19",
		type = SOUND,
		template_name = "fs_ml_hard02",
		lt_grp = 0, srt_grp = 0, usr_flg = 0,
		spatialprops =
		{
			pos = { 0, 0, 0 },
			orient = { { 1, 0, 0 }, { 0, 1, 0 }, { 0, 0, 1 } }
		},
		audioprops =
		{
			attenuation = -30,
			pan = 0,
			dmin = 50,
			dmax = 300,
			ain = 360,
			aout = 360,
			atout = 0,
			rmix = 0,
		},
		userprops =
		{
			category = "Audio",
			Priority = "Steps_4",
		}
	},

	{
		entity_name = "Char_Akira_fs_mr_hard04_20",
		type = SOUND,
		template_name = "fs_mr_hard04",
		lt_grp = 0, srt_grp = 0, usr_flg = 0,
		spatialprops =
		{
			pos = { 0, 0, 0 },
			orient = { { 1, 0, 0 }, { 0, 1, 0 }, { 0, 0, 1 } }
		},
		audioprops =
		{
			attenuation = -32,
			pan = -5,
			dmin = 50,
			dmax = 300,
			ain = 360,
			aout = 360,
			atout = 0,
			rmix = 0,
		},
		userprops =
		{
			category = "Audio",
			Priority = "Steps_4",
		}
	},

	{
		entity_name = "Char_Trent_fs_mr_hard01_21",
		type = SOUND,
		template_name = "fs_mr_hard01",
		lt_grp = 0, srt_grp = 0, usr_flg = 0,
		spatialprops =
		{
			pos = { 0, 0, 0 },
			orient = { { 1, 0, 0 }, { 0, 1, 0 }, { 0, 0, 1 } }
		},
		audioprops =
		{
			attenuation = -24,
			pan = 12,
			dmin = 50,
			dmax = 300,
			ain = 360,
			aout = 360,
			atout = 0,
			rmix = 0,
		},
		userprops =
		{
			category = "Audio",
			Priority = "Steps_4",
		}
	},

	{
		entity_name = "Char_Trent_fs_ml_hard02_22",
		type = SOUND,
		template_name = "fs_ml_hard02",
		lt_grp = 0, srt_grp = 0, usr_flg = 0,
		spatialprops =
		{
			pos = { 0, 0, 0 },
			orient = { { 1, 0, 0 }, { 0, 1, 0 }, { 0, 0, 1 } }
		},
		audioprops =
		{
			attenuation = -24,
			pan = 33,
			dmin = 50,
			dmax = 300,
			ain = 360,
			aout = 360,
			atout = 0,
			rmix = 0,
		},
		userprops =
		{
			category = "Audio",
			Priority = "Steps_4",
		}
	},

	{
		entity_name = "Char_Juni_fs_fr_hard02_23",
		type = SOUND,
		template_name = "fs_fr_hard02",
		lt_grp = 0, srt_grp = 0, usr_flg = 0,
		spatialprops =
		{
			pos = { 0, 0, 0 },
			orient = { { 1, 0, 0 }, { 0, 1, 0 }, { 0, 0, 1 } }
		},
		audioprops =
		{
			attenuation = -22,
			pan = 0,
			dmin = 50,
			dmax = 300,
			ain = 360,
			aout = 360,
			atout = 0,
			rmix = 0,
		},
		userprops =
		{
			category = "Audio",
			Priority = "Steps_4",
		}
	},

	{
		entity_name = "Char_Juni_fs_fr_hard03_24",
		type = SOUND,
		template_name = "fs_fr_hard03",
		lt_grp = 0, srt_grp = 0, usr_flg = 0,
		spatialprops =
		{
			pos = { 0, 0, 0 },
			orient = { { 1, 0, 0 }, { 0, 1, 0 }, { 0, 0, 1 } }
		},
		audioprops =
		{
			attenuation = -20,
			pan = 37,
			dmin = 50,
			dmax = 300,
			ain = 360,
			aout = 360,
			atout = 0,
			rmix = 0,
		},
		userprops =
		{
			category = "Audio",
			Priority = "Steps_4",
		}
	},

	{
		entity_name = "Char_Juni_fs_fl_hard01_25",
		type = SOUND,
		template_name = "fs_fl_hard01",
		lt_grp = 0, srt_grp = 0, usr_flg = 0,
		spatialprops =
		{
			pos = { 0, 0, 0 },
			orient = { { 1, 0, 0 }, { 0, 1, 0 }, { 0, 0, 1 } }
		},
		audioprops =
		{
			attenuation = -28,
			pan = 42,
			dmin = 50,
			dmax = 300,
			ain = 360,
			aout = 360,
			atout = 0,
			rmix = 0,
		},
		userprops =
		{
			category = "Audio",
			Priority = "Steps_4",
		}
	},

	{
		entity_name = "Char_Juni_fs_fr_hard04_26",
		type = SOUND,
		template_name = "fs_fr_hard04",
		lt_grp = 0, srt_grp = 0, usr_flg = 0,
		spatialprops =
		{
			pos = { 0, 0, 0 },
			orient = { { 1, 0, 0 }, { 0, 1, 0 }, { 0, 0, 1 } }
		},
		audioprops =
		{
			attenuation = -30,
			pan = 50,
			dmin = 50,
			dmax = 300,
			ain = 360,
			aout = 360,
			atout = 0,
			rmix = 0,
		},
		userprops =
		{
			category = "Audio",
			Priority = "Steps_4",
		}
	},

	{
		entity_name = "Char_Juni_fs_fl_hard02_27",
		type = SOUND,
		template_name = "fs_fl_hard02",
		lt_grp = 0, srt_grp = 0, usr_flg = 0,
		spatialprops =
		{
			pos = { 0, 0, 0 },
			orient = { { 1, 0, 0 }, { 0, 1, 0 }, { 0, 0, 1 } }
		},
		audioprops =
		{
			attenuation = -32,
			pan = 60,
			dmin = 50,
			dmax = 300,
			ain = 360,
			aout = 360,
			atout = 0,
			rmix = 0,
		},
		userprops =
		{
			category = "Audio",
			Priority = "Steps_4",
		}
	},

	{
		entity_name = "Char_Juni_fs_fl_hard03_28",
		type = SOUND,
		template_name = "fs_fl_hard03",
		lt_grp = 0, srt_grp = 0, usr_flg = 0,
		spatialprops =
		{
			pos = { 0, 0, 0 },
			orient = { { 1, 0, 0 }, { 0, 1, 0 }, { 0, 0, 1 } }
		},
		audioprops =
		{
			attenuation = -36,
			pan = 20,
			dmin = 50,
			dmax = 300,
			ain = 360,
			aout = 360,
			atout = 0,
			rmix = 0,
		},
		userprops =
		{
			category = "Audio",
			Priority = "Steps_4",
		}
	},

	{
		entity_name = "sfx_ambience_bar_space_29",
		type = SOUND,
		template_name = "ambience_bar_space",
		lt_grp = 0, srt_grp = 0, usr_flg = 0,
		spatialprops =
		{
			pos = { 0, 0, 0 },
			orient = { { 1, 0, 0 }, { 0, 1, 0 }, { 0, 0, 1 } }
		},
		audioprops =
		{
			attenuation = -5,
			pan = 0,
			dmin = 50,
			dmax = 300,
			ain = 360,
			aout = 360,
			atout = 0,
			rmix = 0,
		},
		userprops =
		{
			category = "Audio",
			Priority = "Story_Sound_1",
		}
	},

	{
		entity_name = "sfx_backgroundambient_30",
		type = SOUND,
		template_name = "backgroundambient",
		lt_grp = 0, srt_grp = 0, usr_flg = 0,
		spatialprops =
		{
			pos = { 0, 0, 0 },
			orient = { { 1, 0, 0 }, { 0, 1, 0 }, { 0, 0, 1 } }
		},
		audioprops =
		{
			attenuation = 0,
			pan = 0,
			dmin = 50,
			dmax = 300,
			ain = 360,
			aout = 360,
			atout = 0,
			rmix = 0,
		},
		userprops =
		{
			category = "Audio",
		}
	},

	{
		entity_name = "sfx_backgroundmusic_31",
		type = SOUND,
		template_name = "backgroundmusic",
		lt_grp = 0, srt_grp = 0, usr_flg = 0,
		spatialprops =
		{
			pos = { 0, 0, 0 },
			orient = { { 1, 0, 0 }, { 0, 1, 0 }, { 0, 0, 1 } }
		},
		audioprops =
		{
			attenuation = 0,
			pan = 0,
			dmin = 50,
			dmax = 300,
			ain = 360,
			aout = 360,
			atout = 0,
			rmix = 0,
		},
		userprops =
		{
			category = "Audio",
		}
	},

	{
		entity_name = "Cam_Monitor_s055b_static",
		type = MONITOR,
		template_name = "",
		lt_grp = 0, srt_grp = 0, usr_flg = 0,
		userprops =
		{
			Priority = "Monitor_Static_1",
		}
	},

	{
		entity_name = "Cam_09_static_mon_01",
		type = CAMERA,
		template_name = "",
		lt_grp = 0, srt_grp = 0, usr_flg = 0,
		spatialprops =
		{
			pos = { 2.147669, 1.731994, 5.649771 },
			orient = { {  0.959767,  0.000000, -0.280797 },
					   { -0.030037,  0.994262, -0.102668 },
					   {  0.279186,  0.106972,  0.954260 } }
		},
		cameraprops =
		{
			fovh = 20,
			hvaspect = 1.85,
			nearplane = 0.1,
			farplane = 100000
		}
	}
};

events =
{
	{
		0.000, START_MOTION, { "Char_juni" },
		{
			animation = "Sc_FMBODY_CHRB_IDLE_000LV_XA_06",
			duration = 5.250,
			time_scale = 1,
			weight = 1,
			heading = -1
		}
	},

	{
		0.000, START_MOTION, { "Char_akira" },
		{
			animation = "Sc_MLBODY_CHRB_IDLE_000LV_XA_05",
			duration = 2.500,
			time_scale = 1,
			weight = 1,
			heading = -1
		}
	},

	{
		0.000, START_MOTION, { "Char_juni" },
		{
			animation = "Sc_FMHEAD_NEUT_BLINK_EYES_000LV_A_00",
			duration = 0.400,
			trans_time = 0.200,
			time_scale = 0.75,
			weight = 1,
			heading = -1
		}
	},

	{
		0.000, SET_CAMERA, { "Cam_Monitor_s055b", "Cam_03_OTS_Trent" }
	},

	{
		0.000, START_MOTION, { "Char_trent" },
		{
			animation = "Sc_MLBODY_STND_GESTL_WHAT_000LV_XA_02",
			duration = 3.703,
			start_time = 0.600,
			time_scale = 0.9,
			weight = 1,
			heading = -1
		}
	},

	{
		0.000, START_AUDIO_PROP_ANIM, { "sfx_backgroundambient_30" },
		{
			duration = 1.000,
			audioprops =
			{
				attenuation = -12
			}
		}
	},

	{
		0.000, START_AUDIO_PROP_ANIM, { "sfx_backgroundmusic_31" },
		{
			duration = 1.000,
			audioprops =
			{
				attenuation = -18
			}
		}
	},

	{
		0.000, SET_CAMERA, { "Cam_Monitor_s055b_static", "Cam_03_OTS_Trent" }
	},

	{
		0.001, START_SOUND, { "sfx_ambience_bar_space_29" },
		{
			duration = 55.000,
			flags = LOOP
		}
	},

	{
		0.001, START_SOUND, { "sfx_backgroundambient_30" },
		{
			duration = 55.000,
			flags = LOOP
		}
	},

	{
		0.001, START_SOUND, { "sfx_backgroundmusic_31" },
		{
			duration = 55.000
		}
	},

	{
		0.062, START_IK, { "Char_juni", "Char_trent" },
		{
			duration = 2.000,
			end_effector = "Eye IK Left",
			count_to_root = 1,
			target_part = "Head_End",
			target_type = PART,
			damping = 1,
			up = Y_AXIS,
			front = Z_AXIS,
			point_at = 1,
			move_to = 0,
			transition_duration = 0.800,
			event_flags = 128
		}
	},

	{
		0.062, START_IK, { "Char_juni", "Char_trent" },
		{
			duration = 2.275,
			end_effector = "Body_Head",
			count_to_root = 1,
			target_part = "Head_End",
			target_type = PART,
			damping = 1,
			up = NEG_Y_AXIS,
			front = Z_AXIS,
			point_at = 1,
			move_to = 0,
			transition_duration = 0.800,
			event_flags = 128
		}
	},

	{
		0.062, START_IK, { "Char_akira", "Char_trent" },
		{
			duration = 4.243,
			end_effector = "Body_Head",
			count_to_root = 1,
			target_part = "Head_End",
			target_type = PART,
			damping = 1,
			up = NEG_Y_AXIS,
			front = Z_AXIS,
			point_at = 1,
			move_to = 0,
			transition_duration = 0.800,
			event_flags = 128
		}
	},

	{
		0.100, START_MOTION, { "Char_trent" },
		{
			animation = "Sc_dx_s055b_0101_Trent",
			duration = 1.666,
			trans_time = 0.200,
			time_scale = 1,
			weight = 1,
			heading = -1
		}
	},

	{
		0.375, START_SOUND, { "dx_s055b_0101_Trent_22" },
		{
			duration = 1.200
		}
	},

	{
		0.500, START_MOTION, { "Char_trent" },
		{
			animation = "Sc_MLHEAD_NEUT_BLINK_EYES_000LV_A_00",
			duration = 0.381,
			trans_time = 0.200,
			time_scale = 0.7,
			weight = 1,
			heading = -1
		}
	},

	{
		1.375, START_IK, { "Char_trent", "Char_akira" },
		{
			duration = 6.374,
			end_effector = "Body_Head",
			count_to_root = 1,
			target_part = "Head_End",
			target_type = PART,
			damping = 1,
			up = NEG_Y_AXIS,
			front = Z_AXIS,
			point_at = 1,
			move_to = 0,
			transition_duration = 0.800,
			event_flags = 128
		}
	},

	{
		2.000, START_MOTION, { "Char_akira" },
		{
			animation = "Sc_dx_s055b_0201_Akira",
			duration = 1.000,
			trans_time = 0.200,
			time_scale = 1,
			weight = 1,
			heading = -1
		}
	},

	{
		2.250, START_SOUND, { "dx_s055b_0201_Akira_23" },
		{
			duration = 0.554
		}
	},

	{
		2.500, START_MOTION, { "Char_akira" },
		{
			animation = "Sc_MLBODY_CHRB_CHRF_TRNS_000LV_XA_02",
			duration = 2.132,
			time_scale = 1,
			weight = 1,
			heading = -1
		}
	},

	{
		3.062, START_MOTION, { "Char_juni" },
		{
			animation = "Sc_FMHEAD_NEUT_BLINK_EYES_000LV_A_00",
			duration = 0.375,
			trans_time = 0.200,
			time_scale = 0.8,
			weight = 1,
			heading = -1
		}
	},

	{
		3.437, SET_CAMERA, { "Cam_Monitor_s055b", "Cam_01_OTS_Akira" }
	},

	{
		3.437, SET_CAMERA, { "Cam_Monitor_s055b_static", "Cam_01_OTS_Akira" }
	},

	{
		3.703, START_MOTION, { "Char_trent" },
		{
			animation = "Sc_MLBODY_STND_IDLE_000LV_xa_04",
			duration = 7.481,
			time_scale = 1,
			weight = 1,
			heading = -1
		}
	},

	{
		3.750, START_MOTION, { "Char_akira" },
		{
			animation = "Sc_dx_s055b_0202_Akira",
			duration = 5.664,
			trans_time = 0.300,
			time_scale = 1,
			weight = 1,
			heading = -1
		}
	},

	{
		4.125, START_SOUND, { "dx_s055b_0202_Akira_24" },
		{
			duration = 4.893
		}
	},

	{
		4.625, START_MOTION, { "Char_akira" },
		{
			animation = "Sc_MLHEAD_NEUT_BLINK_EYES_000LV_A_00",
			duration = 0.354,
			trans_time = 0.200,
			time_scale = 0.75,
			weight = 1,
			heading = -1
		}
	},

	{
		5.132, START_MOTION, { "Char_akira" },
		{
			animation = "Sc_MLBODY_CHRF_CONV_HNDSUP_TRNS_000LV_XA_02",
			duration = 2.000,
			trans_time = 0.800,
			time_scale = 1,
			weight = 1,
			heading = -1
		}
	},

	{
		5.156, START_MOTION, { "Char_juni" },
		{
			animation = "Sc_FMBODY_CHRB_CHRF_TRNS_000LV_XA_02",
			duration = 2.664,
			trans_time = 0.400,
			time_scale = 1,
			weight = 1,
			heading = -1
		}
	},

	{
		5.810, START_IK, { "Char_akira", "Char_trent" },
		{
			duration = 2.780,
			end_effector = "Body_Head",
			count_to_root = 1,
			target_part = "Head_End",
			target_type = PART,
			damping = 1,
			up = NEG_Y_AXIS,
			front = Z_AXIS,
			point_at = 1,
			move_to = 0,
			transition_duration = 0.800,
			event_flags = 128
		}
	},

	{
		6.935, START_IK, { "Char_juni", "Char_Juni_Mk_IK_Trent" },
		{
			duration = 2.000,
			end_effector = "Body_Head",
			count_to_root = 1,
			target_part = "Head_End",
			target_type = ROOT,
			damping = 1,
			up = NEG_Y_AXIS,
			front = Z_AXIS,
			point_at = 1,
			move_to = 0,
			transition_duration = 0.800,
			event_flags = 128
		}
	},

	{
		7.132, START_MOTION, { "Char_akira" },
		{
			animation = "Sc_MLBODY_CHRF_CONV_HNDSDN_TRNS_000LV_XA_02",
			duration = 2.546,
			time_scale = 1,
			weight = 1,
			heading = -1
		}
	},

	{
		7.821, START_MOTION, { "Char_juni" },
		{
			animation = "Sc_FMBODY_CHRF_IDLE_MED_000LV_XA_05",
			duration = 5.000,
			time_scale = 1,
			weight = 1,
			heading = -1
		}
	},

	{
		8.061, START_MOTION, { "Char_akira" },
		{
			animation = "Sc_MLHEAD_NEUT_BLINK_EYES_000LV_A_00",
			duration = 0.354,
			trans_time = 0.200,
			time_scale = 0.75,
			weight = 1,
			heading = -1
		}
	},

	{
		8.406, START_MOTION, { "Char_trent" },
		{
