duration = 77.472;

entities =
{

	{
		entity_name = "Layer_Scene_s059x",
		type = SCENE,
		template_name = "",
		lt_grp = 0, srt_grp = 0, usr_flg = 0,
		spatialprops =
		{
			pos = { 0, 0, 0 },
			orient = { { 1, 0, 0 }, { 0, 1, 0 }, { 0, 0, 1 } }
		},
		up = Y_AXIS,
		front = Z_AXIS,
		ambient = { 0, 0, 0 }
	},

	{
		entity_name = "dx_s059x_0101_Jonner_1",
		type = SOUND,
		template_name = "dx_s059x_0101_Jonner",
		lt_grp = 0, srt_grp = 0, usr_flg = 0,
		spatialprops =
		{
			pos = { 0, 0, 0 },
			orient = { { 1, 0, 0 }, { 0, 1, 0 }, { 0, 0, 1 } }
		},
		audioprops =
		{
			attenuation = -1,
			pan = 0,
			dmin = 50,
			dmax = 1000,
			ain = 360,
			aout = 360,
			atout = 0,
			rmix = 0,
		},
		userprops =
		{
			category = "Audio",
		}
	},

	{
		entity_name = "dx_s059x_0201_Trent_2",
		type = SOUND,
		template_name = "dx_s059x_0201_Trent",
		lt_grp = 0, srt_grp = 0, usr_flg = 0,
		spatialprops =
		{
			pos = { 0, 0, 0 },
			orient = { { 1, 0, 0 }, { 0, 1, 0 }, { 0, 0, 1 } }
		},
		audioprops =
		{
			attenuation = -1,
			pan = 0,
			dmin = 50,
			dmax = 1000,
			ain = 360,
			aout = 360,
			atout = 0,
			rmix = 0,
		},
		userprops =
		{
			category = "Audio",
		}
	},

	{
		entity_name = "dx_s059x_0301_Jonner_3",
		type = SOUND,
		template_name = "dx_s059x_0301_Jonner",
		lt_grp = 0, srt_grp = 0, usr_flg = 0,
		spatialprops =
		{
			pos = { 0, 0, 0 },
			orient = { { 1, 0, 0 }, { 0, 1, 0 }, { 0, 0, 1 } }
		},
		audioprops =
		{
			attenuation = -1,
			pan = 0,
			dmin = 50,
			dmax = 1000,
			ain = 360,
			aout = 360,
			atout = 0,
			rmix = 0,
		},
		userprops =
		{
			category = "Audio",
		}
	},

	{
		entity_name = "dx_s059x_0401_Jonner_4",
		type = SOUND,
		template_name = "dx_s059x_0401_Jonner",
		lt_grp = 0, srt_grp = 0, usr_flg = 0,
		spatialprops =
		{
			pos = { 0, 0, 0 },
			orient = { { 1, 0, 0 }, { 0, 1, 0 }, { 0, 0, 1 } }
		},
		audioprops =
		{
			attenuation = -1,
			pan = 0,
			dmin = 50,
			dmax = 1000,
			ain = 360,
			aout = 360,
			atout = 0,
			rmix = 0,
		},
		userprops =
		{
			category = "Audio",
		}
	},

	{
		entity_name = "dx_s059x_0501_Trent_5",
		type = SOUND,
		template_name = "dx_s059x_0501_Trent",
		lt_grp = 0, srt_grp = 0, usr_flg = 0,
		spatialprops =
		{
			pos = { 0, 0, 0 },
			orient = { { 1, 0, 0 }, { 0, 1, 0 }, { 0, 0, 1 } }
		},
		audioprops =
		{
			attenuation = -1,
			pan = 0,
			dmin = 50,
			dmax = 1000,
			ain = 360,
			aout = 360,
			atout = 0,
			rmix = 0,
		},
		userprops =
		{
			category = "Audio",
		}
	},

	{
		entity_name = "dx_s059x_0601_Jonner_6",
		type = SOUND,
		template_name = "dx_s059x_0601_Jonner",
		lt_grp = 0, srt_grp = 0, usr_flg = 0,
		spatialprops =
		{
			pos = { 0, 0, 0 },
			orient = { { 1, 0, 0 }, { 0, 1, 0 }, { 0, 0, 1 } }
		},
		audioprops =
		{
			attenuation = -1,
			pan = 0,
			dmin = 50,
			dmax = 1000,
			ain = 360,
			aout = 360,
			atout = 0,
			rmix = 0,
		},
		userprops =
		{
			category = "Audio",
		}
	},

	{
		entity_name = "dx_s059x_0602_Jonner_7",
		type = SOUND,
		template_name = "dx_s059x_0602_Jonner",
		lt_grp = 0, srt_grp = 0, usr_flg = 0,
		spatialprops =
		{
			pos = { 0, 0, 0 },
			orient = { { 1, 0, 0 }, { 0, 1, 0 }, { 0, 0, 1 } }
		},
		audioprops =
		{
			attenuation = -1,
			pan = 0,
			dmin = 50,
			dmax = 1000,
			ain = 360,
			aout = 360,
			atout = 0,
			rmix = 0,
		},
		userprops =
		{
			category = "Audio",
		}
	},

	{
		entity_name = "dx_s059x_0701_Trent_8",
		type = SOUND,
		template_name = "dx_s059x_0701_Trent",
		lt_grp = 0, srt_grp = 0, usr_flg = 0,
		spatialprops =
		{
			pos = { 0, 0, 0 },
			orient = { { 1, 0, 0 }, { 0, 1, 0 }, { 0, 0, 1 } }
		},
		audioprops =
		{
			attenuation = -1,
			pan = 0,
			dmin = 50,
			dmax = 1000,
			ain = 360,
			aout = 360,
			atout = 0,
			rmix = 0,
		},
		userprops =
		{
			category = "Audio",
		}
	},

	{
		entity_name = "dx_s059x_0801_Jonner_9",
		type = SOUND,
		template_name = "dx_s059x_0801_Jonner",
		lt_grp = 0, srt_grp = 0, usr_flg = 0,
		spatialprops =
		{
			pos = { 0, 0, 0 },
			orient = { { 1, 0, 0 }, { 0, 1, 0 }, { 0, 0, 1 } }
		},
		audioprops =
		{
			attenuation = -1,
			pan = 0,
			dmin = 50,
			dmax = 1000,
			ain = 360,
			aout = 360,
			atout = 0,
			rmix = 0,
		},
		userprops =
		{
			category = "Audio",
		}
	},

	{
		entity_name = "dx_s059x_0901_Trent_10",
		type = SOUND,
		template_name = "dx_s059x_0901_Trent",
		lt_grp = 0, srt_grp = 0, usr_flg = 0,
		spatialprops =
		{
			pos = { 0, 0, 0 },
			orient = { { 1, 0, 0 }, { 0, 1, 0 }, { 0, 0, 1 } }
		},
		audioprops =
		{
			attenuation = -1,
			pan = 0,
			dmin = 50,
			dmax = 1000,
			ain = 360,
			aout = 360,
			atout = 0,
			rmix = 0,
		},
		userprops =
		{
			category = "Audio",
		}
	},

	{
		entity_name = "dx_s059x_1001_Jonner_11",
		type = SOUND,
		template_name = "dx_s059x_1001_Jonner",
		lt_grp = 0, srt_grp = 0, usr_flg = 0,
		spatialprops =
		{
			pos = { 0, 0, 0 },
			orient = { { 1, 0, 0 }, { 0, 1, 0 }, { 0, 0, 1 } }
		},
		audioprops =
		{
			attenuation = -1,
			pan = 0,
			dmin = 50,
			dmax = 1000,
			ain = 360,
			aout = 360,
			atout = 0,
			rmix = 0,
		},
		userprops =
		{
			category = "Audio",
		}
	},

	{
		entity_name = "dx_s059x_1002_Jonner_12",
		type = SOUND,
		template_name = "dx_s059x_1002_Jonner",
		lt_grp = 0, srt_grp = 0, usr_flg = 0,
		spatialprops =
		{
			pos = { 0, 0, 0 },
			orient = { { 1, 0, 0 }, { 0, 1, 0 }, { 0, 0, 1 } }
		},
		audioprops =
		{
			attenuation = -1,
			pan = 0,
			dmin = 50,
			dmax = 1000,
			ain = 360,
			aout = 360,
			atout = 0,
			rmix = 0,
		},
		userprops =
		{
			category = "Audio",
		}
	},

	{
		entity_name = "dx_s059x_1003_Jonner_13",
		type = SOUND,
		template_name = "dx_s059x_1003_Jonner",
		lt_grp = 0, srt_grp = 0, usr_flg = 0,
		spatialprops =
		{
			pos = { 0, 0, 0 },
			orient = { { 1, 0, 0 }, { 0, 1, 0 }, { 0, 0, 1 } }
		},
		audioprops =
		{
			attenuation = -1,
			pan = 0,
			dmin = 50,
			dmax = 1000,
			ain = 360,
			aout = 360,
			atout = 0,
			rmix = 0,
		},
		userprops =
		{
			category = "Audio",
		}
	},

	{
		entity_name = "dx_s059x_1004_Jonner_14",
		type = SOUND,
		template_name = "dx_s059x_1004_Jonner",
		lt_grp = 0, srt_grp = 0, usr_flg = 0,
		spatialprops =
		{
			pos = { 0, 0, 0 },
			orient = { { 1, 0, 0 }, { 0, 1, 0 }, { 0, 0, 1 } }
		},
		audioprops =
		{
			attenuation = -1,
			pan = 0,
			dmin = 50,
			dmax = 1000,
			ain = 360,
			aout = 360,
			atout = 0,
			rmix = 0,
		},
		userprops =
		{
			category = "Audio",
		}
	},

	{
		entity_name = "dx_s059x_1101_Trent_15",
		type = SOUND,
		template_name = "dx_s059x_1101_Trent",
		lt_grp = 0, srt_grp = 0, usr_flg = 0,
		spatialprops =
		{
			pos = { 0, 0, 0 },
			orient = { { 1, 0, 0 }, { 0, 1, 0 }, { 0, 0, 1 } }
		},
		audioprops =
		{
			attenuation = -1,
			pan = 0,
			dmin = 50,
			dmax = 1000,
			ain = 360,
			aout = 360,
			atout = 0,
			rmix = 0,
		},
		userprops =
		{
			category = "Audio",
		}
	},

	{
		entity_name = "dx_s059x_1201_Jonner_16",
		type = SOUND,
		template_name = "dx_s059x_1201_Jonner",
		lt_grp = 0, srt_grp = 0, usr_flg = 0,
		spatialprops =
		{
			pos = { 0, 0, 0 },
			orient = { { 1, 0, 0 }, { 0, 1, 0 }, { 0, 0, 1 } }
		},
		audioprops =
		{
			attenuation = -1,
			pan = 0,
			dmin = 50,
			dmax = 1000,
			ain = 360,
			aout = 360,
			atout = 0,
			rmix = 0,
		},
		userprops =
		{
			category = "Audio",
		}
	},

	{
		entity_name = "dx_s059x_1202_Jonner_17",
		type = SOUND,
		template_name = "dx_s059x_1202_Jonner",
		lt_grp = 0, srt_grp = 0, usr_flg = 0,
		spatialprops =
		{
			pos = { 0, 0, 0 },
			orient = { { 1, 0, 0 }, { 0, 1, 0 }, { 0, 0, 1 } }
		},
		audioprops =
		{
			attenuation = -1,
			pan = 0,
			dmin = 50,
			dmax = 1000,
			ain = 360,
			aout = 360,
			atout = 0,
			rmix = 0,
		},
		userprops =
		{
			category = "Audio",
		}
	},

	{
		entity_name = "dx_s059x_1203_Jonner_18",
		type = SOUND,
		template_name = "dx_s059x_1203_Jonner",
		lt_grp = 0, srt_grp = 0, usr_flg = 0,
		spatialprops =
		{
			pos = { 0, 0, 0 },
			orient = { { 1, 0, 0 }, { 0, 1, 0 }, { 0, 0, 1 } }
		},
		audioprops =
		{
			attenuation = -1,
			pan = 0,
			dmin = 50,
			dmax = 1000,
			ain = 360,
			aout = 360,
			atout = 0,
			rmix = 0,
		},
		userprops =
		{
			category = "Audio",
		}
	},

	{
		entity_name = "dx_s059x_1301_Jonner_19",
		type = SOUND,
		template_name = "dx_s059x_1301_Jonner",
		lt_grp = 0, srt_grp = 0, usr_flg = 0,
		spatialprops =
		{
			pos = { 0, 0, 0 },
			orient = { { 1, 0, 0 }, { 0, 1, 0 }, { 0, 0, 1 } }
		},
		audioprops =
		{
			attenuation = -1,
			pan = 0,
			dmin = 50,
			dmax = 1000,
			ain = 360,
			aout = 360,
			atout = 0,
			rmix = 0,
		},
		userprops =
		{
			category = "Audio",
		}
	},

	{
		entity_name = "dx_s059x_1302_Jonner_20",
		type = SOUND,
		template_name = "dx_s059x_1302_Jonner",
		lt_grp = 0, srt_grp = 0, usr_flg = 0,
		spatialprops =
		{
			pos = { 0, 0, 0 },
			orient = { { 1, 0, 0 }, { 0, 1, 0 }, { 0, 0, 1 } }
		},
		audioprops =
		{
			attenuation = -1,
			pan = 0,
			dmin = 50,
			dmax = 1000,
			ain = 360,
			aout = 360,
			atout = 0,
			rmix = 0,
		},
		userprops =
		{
			category = "Audio",
		}
	},

	{
		entity_name = "Char_trent",
		type = DEFORMABLE,
		template_name = "trent",
		lt_grp = 0, srt_grp = 0, usr_flg = 0,
		flags = LIT_DYNAMIC,
		spatialprops =
		{
			pos = { -0.926314, 0, 7.132621 },
			orient = { { -0.005053,  0.000000,  0.999987 },
					   {  0.000000,  1.000000,  0.000000 },
					   { -0.999987,  0.000000, -0.005053 } }
		},
		compoundprops =
		{
			floor_height = 0
		},
		userprops =
		{
			actor = "player",
			category = "Character",
		}
	},

	{
		entity_name = "Char_jonner",
		type = DEFORMABLE,
		template_name = "jonner",
		lt_grp = 0, srt_grp = 0, usr_flg = 0,
		flags = LIT_DYNAMIC,
		spatialprops =
		{
			pos = { 3.097652, 0, 5.018955 },
			orient = { { -0.026421,  0.000000,  0.999651 },
					   {  0.000000,  1.000000,  0.000000 },
					   { -0.999651,  0.000000, -0.026421 } }
		},
		compoundprops =
		{
			floor_height = 0
		},
		userprops =
		{
			actor = "jonner",
			category = "Character",
		}
	},

	{
		entity_name = "Cam_Monitor_s059x",
		type = MONITOR,
		template_name = "",
		lt_grp = 0, srt_grp = 0, usr_flg = 0,
		userprops =
		{
			Priority = "Monitor_Moving_1",
		}
	},

	{
		entity_name = "Cam_01_Wide",
		type = CAMERA,
		template_name = "",
		lt_grp = 0, srt_grp = 0, usr_flg = 0,
		spatialprops =
		{
			pos = { 16.30406, 6.000083, 12.19447 },
			orient = { {  0.446162,  0.000000, -0.894952 },
					   { -0.187567,  0.977791, -0.093508 },
					   {  0.875076,  0.209583,  0.436253 } }
		},
		cameraprops =
		{
			fovh = 25,
			hvaspect = 1.85,
			nearplane = 0.2,
			farplane = 100000
		}
	},

	{
		entity_name = "Char_Blix",
		type = DEFORMABLE,
		template_name = "blix",
		lt_grp = 0, srt_grp = 0, usr_flg = 0,
		flags = LIT_DYNAMIC,
		spatialprops =
		{
			pos = { 5.017282, 0, 4.392479 },
			orient = { { -0.101321,  0.000000, -0.994854 },
					   {  0.000000,  1.000000,  0.000000 },
					   {  0.994854,  0.000000, -0.101321 } }
		},
		compoundprops =
		{
			floor_height = 0
		},
		userprops =
		{
			actor = "blix",
			category = "Character",
		}
	},

	{
		entity_name = "Char_Tr_Mrk_IK_init_L",
		type = MARKER,
		template_name = "",
		lt_grp = 0, srt_grp = 0, usr_flg = 0,
		spatialprops =
		{
			pos = { 0.35287, 1.719039, 5.143107 },
			orient = { { -0.005053,  0.000000,  0.999987 },
					   {  0.000000,  1.000000,  0.000000 },
					   { -0.999987,  0.000000, -0.005053 } }
		}
	},

	{
		entity_name = "Char_Tr_Mrk_IK_init_frontUp",
		type = MARKER,
		template_name = "",
		lt_grp = 0, srt_grp = 0, usr_flg = 0,
		spatialprops =
		{
			pos = { 3.536824, 2.119746, 7.910357 },
			orient = { { -0.005053,  0.000000,  0.999987 },
					   {  0.000000,  1.000000,  0.000000 },
					   { -0.999987,  0.000000, -0.005053 } }
		}
	},

	{
		entity_name = "Char_Tr_Mrk_IK_init_R",
		type = MARKER,
		template_name = "",
		lt_grp = 0, srt_grp = 0, usr_flg = 0,
		spatialprops =
		{
			pos = { 5.858385, 1.940388, 10.57213 },
			orient = { { -0.005053,  0.000000,  0.999987 },
					   {  0.000000,  1.000000,  0.000000 },
					   { -0.999987,  0.000000, -0.005053 } }
		}
	},

	{
		entity_name = "Char_Tr_Mrk_IK_init_J",
		type = MARKER,
		template_name = "",
		lt_grp = 0, srt_grp = 0, usr_flg = 0,
		spatialprops =
		{
			pos = { 4.406331, 1.31702, 6.295339 },
			orient = { { -0.005053,  0.000000,  0.999987 },
					   {  0.000000,  1.000000,  0.000000 },
					   { -0.999987,  0.000000, -0.005053 } }
		}
	},

	{
		entity_name = "Char_J_Mrk_walk01",
		type = MARKER,
		template_name = "",
		lt_grp = 0, srt_grp = 0, usr_flg = 0,
		spatialprops =
		{
			pos = { 3.06389, 0, 6.004485 },
			orient = { { -0.999840,  0.000000, -0.017874 },
					   {  0.000000,  1.000000,  0.000000 },
					   {  0.017874,  0.000000, -0.999840 } }
		}
	},

	{
		entity_name = "Char_J_Mrk_walk02",
		type = MARKER,
		template_name = "",
		lt_grp = 0, srt_grp = 0, usr_flg = 0,
		spatialprops =
		{
			pos = { 2.786004, 0, 6.719257 },
			orient = { { -0.772867,  0.000000, -0.634568 },
					   {  0.000000,  1.000000,  0.000000 },
					   {  0.634568,  0.000000, -0.772867 } }
		}
	},

	{
		entity_name = "Char_Tr_Mrk_at_Table",
		type = MARKER,
		template_name = "",
		lt_grp = 0, srt_grp = 0, usr_flg = 0,
		spatialprops =
		{
			pos = { 2.89261, 0, 6.044238 },
			orient = { { -0.331878,  0.000000,  0.943322 },
					   {  0.000000,  1.000000,  0.000000 },
					   { -0.943322,  0.000000, -0.331878 } }
		}
	},

	{
		entity_name = "Cam_08_OTS_Tr_at_table",
		type = CAMERA,
		template_name = "",
		lt_grp = 0, srt_grp = 0, usr_flg = 0,
		spatialprops =
		{
			pos = { 2.24119, 1.814104, 7.852678 },
			orient = { {  0.749478,  0.000000,  0.662029 },
					   {  0.118034,  0.983978, -0.133625 },
					   { -0.651422,  0.178291,  0.737470 } }
		},
		cameraprops =
		{
			fovh = 20,
			hvaspect = 1.85,
			nearplane = 0.2,
			farplane = 100000
		}
	},

	{
		entity_name = "Cam_06_OTS_J_at_table_B",
		type = CAMERA,
		template_name = "",
		lt_grp = 0, srt_grp = 0, usr_flg = 0,
		spatialprops =
		{
			pos = { 5.755474, 1.674515, 7.254748 },
			orient = { {  0.663845,  0.000000, -0.747870 },
					   { -0.073082,  0.995214, -0.064871 },
					   {  0.744291,  0.097721,  0.660668 } }
		},
		cameraprops =
		{
			fovh = 20,
			hvaspect = 1.85,
			nearplane = 0.2,
			farplane = 100000
		}
	},

	{
		entity_name = "Cam_10_OTS_Tr_MCU",
		type = CAMERA,
		template_name = "",
		lt_grp = 0, srt_grp = 0, usr_flg = 0,
		spatialprops =
		{
			pos = { 2.507214, 1.730341, 7.075401 },
			orient = { {  0.602790,  0.000000,  0.797900 },
					   {  0.114020,  0.989737, -0.086139 },
					   { -0.789711,  0.142900,  0.596603 } }
		},
		cameraprops =
		{
			fovh = 20,
			hvaspect = 1.85,
			nearplane = 0.2,
			farplane = 100000
		}
	},

	{
		entity_name = "Cam_08_OTS_Tr_at_table_R",
		type = CAMERA,
		template_name = "",
		lt_grp = 0, srt_grp = 0, usr_flg = 0,
		spatialprops =
		{
			pos = { 2.944912, 1.812064, 7.638791 },
			orient = { {  0.794397,  0.000000,  0.607399 },
					   {  0.107829,  0.984116, -0.141026 },
					   { -0.597751,  0.177526,  0.781779 } }
		},
		cameraprops =
		{
			fovh = 20,
			hvaspect = 1.85,
			nearplane = 0.2,
			farplane = 100000
		}
	},

	{
		entity_name = "Cam_09_OTS_J_at_table_whisper",
		type = CAMERA,
		template_name = "",
		lt_grp = 0, srt_grp = 0, usr_flg = 0,
		spatialprops =
		{
			pos = { 5.039159, 1.693512, 7.442834 },
			orient = { {  0.714997,  0.000000, -0.699127 },
					   { -0.083084,  0.992914, -0.084969 },
					   {  0.694173,  0.118839,  0.709930 } }
		},
		cameraprops =
		{
			fovh = 20,
			hvaspect = 1.85,
			nearplane = 0.2,
			farplane = 100000
		}
	},

	{
		entity_name = "Cam_11_OTS_J_at_table_WA",
		type = CAMERA,
		template_name = "",
		lt_grp = 0, srt_grp = 0, usr_flg = 0,
		spatialprops =
		{
			pos = { 6.646242, 1.600664, 9.069801 },
			orient = { {  0.637500,  0.000000, -0.770450 },
					   { -0.061657,  0.996793, -0.051017 },
					   {  0.767979,  0.080027,  0.635456 } }
		},
		cameraprops =
		{
			fovh = 20,
			hvaspect = 1.85,
			nearplane = 0.2,
			farplane = 100000
		}
	},

	{
		entity_name = "Char_Tr_Mrk_init_at_table_P",
		type = MARKER,
		template_name = "",
		lt_grp = 0, srt_grp = 0, usr_flg = 0,
		spatialprops =
		{
			pos = { 2.869163, 0, 6.090598 },
			orient = { {  0.330649,  0.000000,  0.943754 },
					   {  0.000000,  1.000000,  0.000000 },
					   { -0.943754,  0.000000,  0.330649 } }
		}
	},

	{
		entity_name = "Cam_11_OTS_J_at_table_WA_2",
		type = CAMERA,
		template_name = "",
		lt_grp = 0, srt_grp = 0, usr_flg = 0,
		spatialprops =
		{
			pos = { 6.013803, 1.512313, 8.621386 },
			orient = { {  0.578394,  0.000000, -0.815758 },
					   { -0.079400,  0.995252, -0.056297 },
					   {  0.811884,  0.097333,  0.575648 } }
		},
		cameraprops =
		{
			fovh = 20,
			hvaspect = 1.85,
			nearplane = 0.2,
			farplane = 100000
		}
	},

	{
		entity_name = "Char_Blix_Mrk_walk1",
		type = MARKER,
		template_name = "",
		lt_grp = 0, srt_grp = 0, usr_flg = 0,
		spatialprops =
		{
			pos = { 5.102983, 0, 5.607348 },
			orient = { { -0.990226,  0.000000, -0.139469 },
					   {  0.000000,  1.000000,  0.000000 },
					   {  0.139469,  0.000000, -0.990226 } }
		}
	},

	{
		entity_name = "Char_Blix_Mrk_walk2",
		type = MARKER,
		template_name = "",
		lt_grp = 0, srt_grp = 0, usr_flg = 0,
		spatialprops =
		{
			pos = { 4.97545, 0, 6.51284 },
			orient = { { -0.954585,  0.000000, -0.297940 },
					   {  0.000000,  1.000000,  0.000000 },
					   {  0.297940,  0.000000, -0.954585 } }
		}
	},

	{
		entity_name = "Char_J_Mrk_IK_arm",
		type = MARKER,
		template_name = "",
		lt_grp = 0, srt_grp = 0, usr_flg = 0,
		spatialprops =
		{
			pos = { 2.489051, 1.032018, 7.374944 },
			orient = { { -0.197375,  0.000000, -0.980328 },
					   {  0.000000,  1.000000,  0.000000 },
					   {  0.980328,  0.000000, -0.197375 } }
		}
	},

	{
		entity_name = "Char_J_Mrk_IK_wrist_R_begin",
		type = MARKER,
		template_name = "",
		lt_grp = 0, srt_grp = 0, usr_flg = 0,
		spatialprops =
		{
			pos = { 3.777686, 1.005523, 5.375016 },
			orient = { { -0.197375,  0.000000, -0.980328 },
					   {  0.000000,  1.000000,  0.000000 },
					   {  0.980328,  0.000000, -0.197375 } }
		}
	},

	{
		entity_name = "Cam_03_MS_Trent_stand",
		type = CAMERA,
		template_name = "",
		lt_grp = 0, srt_grp = 0, usr_flg = 0,
		spatialprops =
		{
			pos = { 1.989894, 1.739895, 7.34582 },
			orient = { {  0.338170,  0.000000, -0.941085 },
					   { -0.112468,  0.992833, -0.040414 },
					   {  0.934340,  0.119509,  0.335747 } }
		},
		cameraprops =
		{
			fovh = 20,
			hvaspect = 1.85,
			nearplane = 0.2,
			farplane = 100000
		}
	},

	{
		entity_name = "Char_Tr_Mrk_IK_NO_L",
		type = MARKER,
		template_name = "",
		lt_grp = 0, srt_grp = 0, usr_flg = 0,
		spatialprops =
		{
			pos = { -0.247791, 1.662447, 8.375035 },
			orient = { { -0.005053,  0.000000,  0.999987 },
					   {  0.000000,  1.000000,  0.000000 },
					   { -0.999987,  0.000000, -0.005053 } }
		}
	},

	{
		entity_name = "Char_Tr_Mrk_IK_NO_R",
		type = MARKER,
		template_name = "",
		lt_grp = 0, srt_grp = 0, usr_flg = 0,
		spatialprops =
		{
			pos = { -0.170948, 1.662447, 7.741789 },
			orient = { { -0.005053,  0.000000,  0.999987 },
					   {  0.000000,  1.000000,  0.000000 },
					   { -0.999987,  0.000000, -0.005053 } }
		}
	},

	{
		entity_name = "Char_J_Mrk_IK_wrist_L_begin",
		type = MARKER,
		template_name = "",
		lt_grp = 0, srt_grp = 0, usr_flg = 0,
		spatialprops =
		{
			pos = { 3.780821, 1.062011, 4.901246 },
			orient = { { -0.197375,  0.000000, -0.980328 },
					   {  0.000000,  1.000000,  0.000000 },
					   {  0.980328,  0.000000, -0.197375 } }
		}
	},

	{
		entity_name = "Char_J_Mrk_IK_torso",
		type = MARKER,
		template_name = "",
		lt_grp = 0, srt_grp = 0, usr_flg = 0,
		spatialprops =
		{
			pos = { 4.457147, 1.257114, 5.914043 },
			orient = { { -0.060316,  0.000000, -0.998179 },
					   {  0.000000,  1.000000,  0.000000 },
					   {  0.998179,  0.000000, -0.060316 } }
		}
	},

	{
		entity_name = "Char_J_Mrk_IK_head_Blix",
		type = MARKER,
		template_name = "",
		lt_grp = 0, srt_grp = 0, usr_flg = 0,
		spatialprops =
		{
			pos = { 4.434177, 1.370793, 5.019585 },
			orient = { { -0.060316,  0.000000, -0.998179 },
					   {  0.000000,  1.000000,  0.000000 },
					   {  0.998179,  0.000000, -0.060316 } }
		}
	},

	{
		entity_name = "Char_rh_male_citizen_1",
		type = DEFORMABLE,
		template_name = "rh_male_citizen_1",
		lt_grp = 0, srt_grp = 0, usr_flg = 0,
		flags = LIT_DYNAMIC,
		spatialprops =
		{
			pos = { -4.420505, 0, 4.971698 },
			orient = { { -0.048379,  0.000000,  0.998829 },
					   {  0.000000,  1.000000,  0.000000 },
					   { -0.998829,  0.000000, -0.048379 } }
		},
		compoundprops =
		{
			floor_height = 0
		},
		userprops =
		{
			actor = "rh_male_citizen_1",
			category = "Character",
			Priority = "BG_Extras_1",
		}
	},

	{
		entity_name = "Char_rh_male_citizen_2",
		type = DEFORMABLE,
		template_name = "rh_male_citizen_2",
		lt_grp = 0, srt_grp = 0, usr_flg = 0,
		flags = LIT_DYNAMIC,
		spatialprops =
		{
			pos = { -2.518707, 0, 5.034327 },
			orient = { {  0.018756,  0.000000, -0.999824 },
					   {  0.000000,  1.000000,  0.000000 },
					   {  0.999824,  0.000000,  0.018756 } }
		},
		compoundprops =
		{
			floor_height = 0
		},
		userprops =
		{
			actor = "rh_male_citizen_2",
			category = "Character",
			Priority = "BG_Extras_1",
		}
	},

	{
		entity_name = "Char_Tr_Mrk_IK_Tilt",
		type = MARKER,
		template_name = "",
		lt_grp = 0, srt_grp = 0, usr_flg = 0,
		spatialprops =
		{
			pos = { 3.821267, 1.544083, 5.585014 },
			orient = { { -0.005053,  0.000000,  0.999987 },
					   {  0.000000,  1.000000,  0.000000 },
					   { -0.999987,  0.000000, -0.005053 } }
		}
	},

	{
		entity_name = "Char_Tr_Mrk_init_at_table_P2",
		type = MARKER,
		template_name = "",
		lt_grp = 0, srt_grp = 0, usr_flg = 0,
		spatialprops =
		{
			pos = { 3.349366, 0, 5.93406 },
			orient = { {  0.339987,  0.000000,  0.940430 },
					   {  0.000000,  1.000000,  0.000000 },
					   { -0.940430,  0.000000,  0.339987 } }
		}
	},

	{
		entity_name = "Cam_07_OTS_Tr_at_table_01",
		type = CAMERA,
		template_name = "",
		lt_grp = 0, srt_grp = 0, usr_flg = 0,
		spatialprops =
		{
			pos = { 2.24119, 1.814104, 7.852678 },
			orient = { {  0.749478,  0.000000,  0.662029 },
					   {  0.118034,  0.983978, -0.133625 },
					   { -0.651422,  0.178291,  0.737470 } }
		},
		cameraprops =
		{
			fovh = 20,
			hvaspect = 1.85,
			nearplane = 0.2,
			farplane = 100000
		}
	},

	{
		entity_name = "Char_Blix_Mrk_IK",
		type = MARKER,
		template_name = "",
		lt_grp = 0, srt_grp = 0, usr_flg = 0,
		spatialprops =
		{
			pos = { 4.336444, 1.213725, 6.111835 },
			orient = { { -0.063278,  0.000000, -0.997996 },
					   {  0.000000,  1.000000,  0.000000 },
					   {  0.997996,  0.000000, -0.063278 } }
		}
	},

	{
		entity_name = "Char_Tr_Mrk_init_NEW",
		type = MARKER,
		template_name = "",
		lt_grp = 0, srt_grp = 0, usr_flg = 0,
		spatialprops =
		{
			pos = { -0.926314, 0, 7.132621 },
			orient = { { -0.005053,  0.000000,  0.999987 },
					   {  0.000000,  1.000000,  0.000000 },
					   { -0.999987,  0.000000, -0.005053 } }
		}
	},

	{
		entity_name = "Char_Tr_Mrk_IK_side",
		type = MARKER,
		template_name = "",
		lt_grp = 0, srt_grp = 0, usr_flg = 0,
		spatialprops =
		{
			pos = { -0.164021, 1.662447, 6.370892 },
			orient = { { -0.005053,  0.000000,  0.999987 },
					   {  0.000000,  1.000000,  0.000000 },
					   { -0.999987,  0.000000, -0.005053 } }
		}
	},

	{
		entity_name = "Char_J_Mrk_at_Table_P",
		type = MARKER,
		template_name = "",
		lt_grp = 0, srt_grp = 0, usr_flg = 0,
		spatialprops =
		{
			pos = { 6.073399, 0, 7.105516 },
			orient = { {  0.715221,  0.000000, -0.698898 },
					   {  0.000000,  1.000000,  0.000000 },
					   {  0.698898,  0.000000,  0.715221 } }
		}
	},

	{
		entity_name = "Char_J_Mrk_at_Table_P2",
		type = MARKER,
		template_name = "",
		lt_grp = 0, srt_grp = 0, usr_flg = 0,
		spatialprops =
		{
			pos = { 4.829104, 0, 5.816082 },
			orient = { {  0.698147,  0.000000, -0.715954 },
					   {  0.000000,  1.000000,  0.000000 },
					   {  0.715954,  0.000000,  0.698147 } }
		}
	},

	{
		entity_name = "Char_J_Mrk_at_Table_turn",
		type = MARKER,
		template_name = "",
		lt_grp = 0, srt_grp = 0, usr_flg = 0,
		spatialprops =
		{
			pos = { 4.806087, 0, 5.717683 },
			orient = { {  0.226047, -0.011495, -0.974049 },
					   {  0.005150,  0.999931, -0.010605 },
					   {  0.974103, -0.002619,  0.226091 } }
		}
	},

	{
		entity_name = "Char_Blix_Mrk_FWD_Shot",
		type = MARKER,
		template_name = "",
		lt_grp = 0, srt_grp = 0, usr_flg = 0,
		spatialprops =
		{
			pos = { 5.008789, 0.54578, 4.59548 },
			orient = { { -0.033524,  0.000000, -0.999438 },
					   {  0.000000,  1.000000,  0.000000 },
					   {  0.999438,  0.000000, -0.033524 } }
		}
	},

	{
		entity_name = "Char_J_Mrk_walk04",
		type = MARKER,
		template_name = "",
		lt_grp = 0, srt_grp = 0, usr_flg = 0,
		spatialprops =
		{
			pos = { 2.385331, 0, 7.32775 },
			orient = { { -0.148241,  0.000000, -0.988951 },
					   {  0.000000,  1.000000,  0.000000 },
					   {  0.988951,  0.000000, -0.148241 } }
		}
	},

	{
		entity_name = "Char_J_Mrk_walk03",
		type = MARKER,
		template_name = "",
		lt_grp = 0, srt_grp = 0, usr_flg = 0,
		spatialprops =
		{
			pos = { 2.671677, 0, 7.232411 },
			orient = { { -0.518482,  0.000000, -0.855089 },
					   {  0.000000,  1.000000,  0.000000 },
					   {  0.855089,  0.000000, -0.518482 } }
		}
	},

	{
		entity_name = "Cam_01_Path",
		type = MOTION_PATH,
		template_name = "",
		lt_grp = 0, srt_grp = 0, usr_flg = 0,
		spatialprops =
		{
			pos = { 0, 0, 0 },
			orient = { { 1, 0, 0 }, { 0, 1, 0 }, { 0, 0, 1 } }
		},
		pathprops =
		{
			path_type = "CV_CROrientationSplinePath",
			path_data = "OPEN,{16.304060,6.000083,12.194473}, {0.845607,-0.089608,0.523301,0.055453}, {9.615887,4.103047,8.374308}, {0.812991,-0.206926,0.527451,0.134249}, {7.800135,1.860653,7.421716}, {0.832647,-0.102951,0.539847,0.068308}, "
		}
	},

	{
		entity_name = "Cam_04_Tr_J_MS",
		type = CAMERA,
		template_name = "",
		lt_grp = 0, srt_grp = 0, usr_flg = 0,
		spatialprops =
		{
			pos = { 0.087149, 1.767372, 7.820804 },
			orient = { {  0.628159,  0.000000,  0.778085 },
					   {  0.121841,  0.987664, -0.098363 },
					   { -0.768487,  0.156590,  0.620409 } }
		},
		cameraprops =
		{
			fovh = 20,
			hvaspect = 1.85,
			nearplane = 0.2,
			farplane = 100000
		}
	},

	{
		entity_name = "Cam_05_Johnner_MS",
		type = CAMERA,
		template_name = "",
		lt_grp = 0, srt_grp = 0, usr_flg = 0,
		spatialprops =
		{
			pos = { 0.767707, 1.834852, 7.446096 },
			orient = { {  0.492913,  0.000000,  0.870079 },
					   {  0.152877,  0.984443, -0.086607 },
					   { -0.856543,  0.175704,  0.485244 } }
		},
		cameraprops =
		{
			fovh = 20,
			hvaspect = 1.85,
			nearplane = 0.2,
			farplane = 100000
		}
	},

	{
		entity_name = "Char_J_Mrk_IK_Blix_2",
		type = MARKER,
		template_name = "",
		lt_grp = 0, srt_grp = 0, usr_flg = 0,
		spatialprops =
		{
			pos = { 1.49395, 1.370793, 5.630415 },
			orient = { { -0.060316,  0.000000, -0.998179 },
					   {  0.000000,  1.000000,  0.000000 },
					   {  0.998179,  0.000000, -0.060316 } }
		}
	},

	{
		entity_name = "Char_J_Mrk_IK_headtilt",
		type = MARKER,
		template_name = "",
		lt_grp = 0, srt_grp = 0, usr_flg = 0,
		spatialprops =
		{
			pos = { 4.230289, 1.438368, 5.672793 },
			orient = { { -0.060316,  0.000000, -0.998179 },
					   {  0.000000,  1.000000,  0.000000 },
					   {  0.998179,  0.000000, -0.060316 } }
		}
	},

	{
		entity_name = "Char_Tr_Mrk_IK_init_L2",
		type = MARKER,
		template_name = "",
		lt_grp = 0, srt_grp = 0, usr_flg = 0,
		spatialprops =
		{
			pos = { 5.49361, 1.434283, 6.589152 },
			orient = { { -0.005053,  0.000000,  0.999987 },
					   {  0.000000,  1.000000,  0.000000 },
					   { -0.999987,  0.000000, -0.005053 } }
		}
	},

	{
		entity_name = "Char_J_Mrk_IK_headtilt2",
		type = MARKER,
		template_name = "",
		lt_grp = 0, srt_grp = 0, usr_flg = 0,
		spatialprops =
		{
			pos = { 4.219209, 1.438368, 5.489434 },
			orient = { { -0.060316,  0.000000, -0.998179 },
					   {  0.000000,  1.000000,  0.000000 },
					   {  0.998179,  0.000000, -0.060316 } }
		}
	},

	{
		entity_name = "Char_ALL_Mrk_offscreen",
		type = MARKER,
		template_name = "",
		lt_grp = 0, srt_grp = 0, usr_flg = 0,
		spatialprops =
		{
			pos = { 10.18815, 0, 15.67165 },
			orient = { { -0.932040,  0.000000, -0.362355 },
					   {  0.000000,  1.000000,  0.000000 },
					   {  0.362355,  0.000000, -0.932040 } }
		}
	},

	{
		entity_name = "Char_J_Mrk_init",
		type = MARKER,
		template_name = "",
		lt_grp = 0, srt_grp = 0, usr_flg = 0,
		spatialprops =
		{
			pos = { 3.097652, 0.545576, 5.018955 },
			orient = { { -0.024792,  0.000000,  0.999693 },
					   {  0.000000,  1.000000,  0.000000 },
					   { -0.999693,  0.000000, -0.024792 } }
		}
	},

	{
		entity_name = "Cam_02_Tr_stops",
		type = CAMERA,
		template_name = "",
		lt_grp = 0, srt_grp = 0, usr_flg = 0,
		spatialprops =
		{
			pos = { -3.5783, 0.251638, 11.78114 },
			orient = { {  0.683895,  0.000000,  0.729581 },
					   { -0.093673,  0.991723,  0.087807 },
					   { -0.723542, -0.128393,  0.678234 } }
		},
		cameraprops =
		{
			fovh = 20,
			hvaspect = 1.85,
			nearplane = 0.6,
			farplane = 100000
		}
	},

	{
		entity_name = "Cam_06_OTS_J_at_table_A",
		type = CAMERA,
		template_name = "",
		lt_grp = 0, srt_grp = 0, usr_flg = 0,
		spatialprops =
		{
			pos = { 5.46062, 1.620157, 6.953532 },
			orient = { {  0.711546,  0.000000, -0.702640 },
					   { -0.086969,  0.992310, -0.088072 },
					   {  0.697237,  0.123775,  0.706074 } }
		},
		cameraprops =
		{
			fovh = 20,
			hvaspect = 1.85,
			nearplane = 0.2,
			farplane = 100000
		}
	},

	{
		entity_name = "Cam_04_Tr_J_MS_Path_1",
		type = MOTION_PATH,
		template_name = "",
		lt_grp = 0, srt_grp = 0, usr_flg = 0,
		spatialprops =
		{
			pos = { 0, 0, 0 },
			orient = { { 1, 0, 0 }, { 0, 1, 0 }, { 0, 0, 1 } }
		},
		pathprops =
		{
			path_type = "CV_CROrientationSplinePath",
			path_data = "OPEN,{0.087149,1.767372,7.820804}, {0.899476,-0.070862,-0.429853,-0.033864}, {1.819174,1.562244,6.322814}, {0.864289,-0.124816,-0.485207,0.044714}, {2.611279,1.417352,5.748869}, {0.860209,-0.154635,-0.477917,0.087886}, "
		}
	},

	{
		entity_name = "Cam_02_Path",
		type = MOTION_PATH,
		template_name = "",
		lt_grp = 0, srt_grp = 0, usr_flg = 0,
		spatialprops =
		{
			pos = { 0, 0, 0 },
			orient = { { 1, 0, 0 }, { 0, 1, 0 }, { 0, 0, 1 } }
		},
		pathprops =
		{
			path_type = "CV_CROrientationSplinePath",
			path_data = "OPEN,{-3.578300,0.251638,11.781143}, {0.915676,0.059027,-0.396735,0.025575}, {-3.241917,0.810095,10.830818}, {0.920154,0.003248,-0.391541,0.001382}, {-1.480608,1.452211,8.991532}, {0.895542,0.009521,-0.444851,0.004730}, "
		}
	},

	{
		entity_name = "dx_s059x_0101_Blix.wav_1",
		type = SOUND,
		template_name = "dx_s059x_0101_Blix.wav",
		lt_grp = 0, srt_grp = 0, usr_flg = 0,
		spatialprops =
		{
			pos = { 0, 0, 0 },
			orient = { { 1, 0, 0 }, { 0, 1, 0 }, { 0, 0, 1 } }
		},
		audioprops =
		{
			attenuation = -3,
			pan = 0,
			dmin = 50,
			dmax = 300,
			ain = 360,
			aout = 360,
			atout = 0,
			rmix = 0,
		},
		userprops =
		{
			category = "Audio",
		}
	},

	{
		entity_name = "dx_s059x_0101_Blix.wav_2",
		type = SOUND,
		template_name = "dx_s059x_0101_Blix.wav",
		lt_grp = 0, srt_grp = 0, usr_flg = 0,
		spatialprops =
		{
			pos = { 0, 0, 0 },
			orient = { { 1, 0, 0 }, { 0, 1, 0 }, { 0, 0, 1 } }
		},
		audioprops =
		{
			attenuation = -3,
			pan = 0,
			dmin = 50,
			dmax = 300,
			ain = 360,
			aout = 360,
			atout = 0,
			rmix = 0,
		},
		userprops =
		{
			category = "Audio",
		}
	},

	{
		entity_name = "dx_s059x_0101_Blix.wav_3",
		type = SOUND,
		template_name = "dx_s059x_0101_Blix.wav",
		lt_grp = 0, srt_grp = 0, usr_flg = 0,
		spatialprops =
		{
			pos = { 0, 0, 0 },
			orient = { { 1, 0, 0 }, { 0, 1, 0 }, { 0, 0, 1 } }
		},
		audioprops =
		{
			attenuation = -6,
			pan = 0,
			dmin = 50,
			dmax = 300,
			ain = 360,
			aout = 360,
			atout = 0,
			rmix = 0,
		},
		userprops =
		{
			category = "Audio",
		}
	},

	{
		entity_name = "dx_s059x_0101_Blix.wav_4_",
		type = SOUND,
		template_name = "dx_s059x_0101_Blix.wav",
		lt_grp = 0, srt_grp = 0, usr_flg = 0,
		spatialprops =
		{
			pos = { 0, 0, 0 },
			orient = { { 1, 0, 0 }, { 0, 1, 0 }, { 0, 0, 1 } }
		},
		audioprops =
		{
			attenuation = -6,
			pan = 0,
			dmin = 50,
			dmax = 300,
			ain = 360,
			aout = 360,
			atout = 0,
			rmix = 0,
		},
		userprops =
		{
			category = "Audio",
		}
	},

	{
		entity_name = "dx_s059x_0101_Blix.wav_5",
		type = SOUND,
		template_name = "dx_s059x_0101_Blix.wav",
		lt_grp = 0, srt_grp = 0, usr_flg = 0,
		spatialprops =
		{
			pos = { 0, 0, 0 },
			orient = { { 1, 0, 0 }, { 0, 1, 0 }, { 0, 0, 1 } }
		},
		audioprops =
		{
			attenuation = -6,
			pan = 0,
			dmin = 50,
			dmax = 300,
			ain = 360,
			aout = 360,
			atout = 0,
			rmix = 0,
		},
		userprops =
		{
			category = "Audio",
		}
	},

	{
		entity_name = "Char_Trent_fs_ml_hard01_1",
		type = SOUND,
		template_name = "fs_ml_hard01",
		lt_grp = 0, srt_grp = 0, usr_flg = 0,
		spatialprops =
		{
			pos = { 0, 0, 0 },
			orient = { { 1, 0, 0 }, { 0, 1, 0 }, { 0, 0, 1 } }
		},
		audioprops =
		{
			attenuation = -40,
			pan = -17,
			dmin = 50,
			dmax = 300,
			ain = 360,
			aout = 360,
			atout = 0,
			rmix = 0,
		},
		userprops =
		{
			category = "Audio",
			Priority = "Steps_4",
		}
	},

	{
		entity_name = "Char_Trent_fs_mr_hard01_2",
		type = SOUND,
		template_name = "fs_mr_hard01",
		lt_grp = 0, srt_grp = 0, usr_flg = 0,
		spatialprops =
		{
			pos = { 0, 0, 0 },
			orient = { { 1, 0, 0 }, { 0, 1, 0 }, { 0, 0, 1 } }
		},
		audioprops =
		{
			attenuation = -37,
			pan = -15,
			dmin = 50,
			dmax = 300,
			ain = 360,
			aout = 360,
			atout = 0,
			rmix = 0,
		},
		userprops =
		{
			category = "Audio",
			Priority = "Steps_4",
		}
	},

	{
		entity_name = "Char_Trent_fs_ml_hard02_3",
		type = SOUND,
		template_name = "fs_ml_hard02",
		lt_grp = 0, srt_grp = 0, usr_flg = 0,
		spatialprops =
		{
			pos = { 0, 0, 0 },
			orient = { { 1, 0, 0 }, { 0, 1, 0 }, { 0, 0, 1 } }
		},
		audioprops =
		{
			attenuation = -33,
			pan = -12,
			dmin = 50,
			dmax = 300,
			ain = 360,
			aout = 360,
			atout = 0,
			rmix = 0,
		},
		userprops =
		{
			category = "Audio",
			Priority = "Steps_4",
		}
	},

	{
		entity_name = "Char_Trent_fs_mr_hard02_4",
		type = SOUND,
		template_name = "fs_mr_hard02",
		lt_grp = 0, srt_grp = 0, usr_flg = 0,
		spatialprops =
		{
			pos = { 0, 0, 0 },
			orient = { { 1, 0, 0 }, { 0, 1, 0 }, { 0, 0, 1 } }
		},
		audioprops =
		{
			attenuation = -30,
			pan = -10,
			dmin = 50,
			dmax = 300,
			ain = 360,
			aout = 360,
			atout = 0,
			rmix = 0,
		},
		userprops =
		{
			category = "Audio",
			Priority = "Steps_4",
		}
	},

	{
		entity_name = "Char_Trent_fs_ml_hard03_5",
		type = SOUND,
		template_name = "fs_ml_hard03",
		lt_grp = 0, srt_grp = 0, usr_flg = 0,
		spatialprops =
		{
			pos = { 0, 0, 0 },
			orient = { { 1, 0, 0 }, { 0, 1, 0 }, { 0, 0, 1 } }
		},
		audioprops =
		{
			attenuation = -28,
			pan = -7,
			dmin = 50,
			dmax = 300,
			ain = 360,
			aout = 360,
			atout = 0,
			rmix = 0,
		},
		userprops =
		{
			category = "Audio",
			Priority = "Steps_4",
		}
	},

	{
		entity_name = "Char_Trent_fs_mr_hard03_6",
		type = SOUND,
		template_name = "fs_mr_hard03",
		lt_grp = 0, srt_grp = 0, usr_flg = 0,
		spatialprops =
		{
			pos = { 0, 0, 0 },
			orient = { { 1, 0, 0 }, { 0, 1, 0 }, { 0, 0, 1 } }
		},
		audioprops =
		{
			attenuation = -26,
			pan = -8,
			dmin = 50,
			dmax = 300,
			ain = 360,
			aout = 360,
			atout = 0,
			rmix = 0,
		},
		userprops =
		{
			category = "Audio",
			Priority = "Steps_4",
		}
	},

	{
		entity_name = "Char_Trent_fs_ml_hard04_7",
		type = SOUND,
		template_name = "fs_ml_hard04",
		lt_grp = 0, srt_grp = 0, usr_flg = 0,
		spatialprops =
		{
			pos = { 0, 0, 0 },
			orient = { { 1, 0, 0 }, { 0, 1, 0 }, { 0, 0, 1 } }
		},
		audioprops =
		{
			attenuation = -25,
			pan = -7,
			dmin = 50,
			dmax = 300,
			ain = 360,
			aout = 360,
			atout = 0,
			rmix = 0,
		},
		userprops =
		{
			category = "Audio",
			Priority = "Steps_4",
		}
	},

	{
		entity_name = "Char_Trent_fs_mr_hard04_8",
		type = SOUND,
		template_name = "fs_mr_hard04",
		lt_grp = 0, srt_grp = 0, usr_flg = 0,
		spatialprops =
		{
			pos = { 0, 0, 0 },
			orient = { { 1, 0, 0 }, { 0, 1, 0 }, { 0, 0, 1 } }
		},
		audioprops =
		{
			attenuation = -24,
			pan = -10,
			dmin = 50,
			dmax = 300,
			ain = 360,
			aout = 360,
			atout = 0,
			rmix = 0,
		},
		userprops =
		{
			category = "Audio",
			Priority = "Steps_4",
		}
	},

	{
		entity_name = "Char_Trent_sfx_fstop_male01_9",
		type = SOUND,
		template_name = "sfx_fstop_male01",
		lt_grp = 0, srt_grp = 0, usr_flg = 0,
		spatialprops =
		{
			pos = { 0, 0, 0 },
			orient = { { 1, 0, 0 }, { 0, 1, 0 }, { 0, 0, 1 } }
		},
		audioprops =
		{
			attenuation = -20,
			pan = -18,
			dmin = 50,
			dmax = 300,
			ain = 360,
			aout = 360,
			atout = 0,
			rmix = 0,
		},
		userprops =
		{
			category = "Audio",
			Priority = "Steps_4",
		}
	},

	{
		entity_name = "Char_Trent_sfx_fturn_male04_10",
		type = SOUND,
		template_name = "sfx_fturn_male04",
		lt_grp = 0, srt_grp = 0, usr_flg = 0,
		spatialprops =
		{
			pos = { 0, 0, 0 },
			orient = { { 1, 0, 0 }, { 0, 1, 0 }, { 0, 0, 1 } }
		},
		audioprops =
		{
			attenuation = -15,
			pan = -28,
			dmin = 50,
			dmax = 300,
			ain = 360,
			aout = 360,
			atout = 0,
			rmix = 0,
		},
		userprops =
		{
			category = "Audio",
			Priority = "Steps_4",
		}
	},

	{
		entity_name = "Char_Trent_sfx_fstop_male02_11",
		type = SOUND,
		template_name = "sfx_fstop_male02",
		lt_grp = 0, srt_grp = 0, usr_flg = 0,
		spatialprops =
		{
			pos = { 0, 0, 0 },
			orient = { { 1, 0, 0 }, { 0, 1, 0 }, { 0, 0, 1 } }
		},
		audioprops =
		{
			attenuation = -22,
			pan = -10,
			dmin = 50,
			dmax = 300,
			ain = 360,
			aout = 360,
			atout = 0,
			rmix = 0,
		},
		userprops =
		{
			category = "Audio",
			Priority = "Steps_4",
		}
	},

	{
		entity_name = "Char_jonner_sfx_fturn_male04_12",
		type = SOUND,
		template_name = "sfx_fturn_male04",
		lt_grp = 0, srt_grp = 0, usr_flg = 0,
		spatialprops =
		{
			pos = { 0, 0, 0 },
			orient = { { 1, 0, 0 }, { 0, 1, 0 }, { 0, 0, 1 } }
		},
		audioprops =
		{
			attenuation = -20,
			pan = 0,
			dmin = 50,
			dmax = 300,
			ain = 360,
			aout = 360,
			atout = 0,
			rmix = 0,
		},
		userprops =
		{
			category = "Audio",
			Priority = "Steps_4",
		}
	},

	{
		entity_name = "Char_jonner_fs_mr_hard04_13",
		type = SOUND,
		template_name = "fs_mr_hard04",
		lt_grp = 0, srt_grp = 0, usr_flg = 0,
		spatialprops =
		{
			pos = { 0, 0, 0 },
			orient = { { 1, 0, 0 }, { 0, 1, 0 }, { 0, 0, 1 } }
		},
		audioprops =
		{
			attenuation = -26,
			pan = -2,
			dmin = 50,
			dmax = 300,
			ain = 360,
			aout = 360,
			atout = 0,
			rmix = 0,
		},
		userprops =
		{
			category = "Audio",
			Priority = "Steps_4",
		}
	},

	{
		entity_name = "Char_jonner_sfx_fturn_male02_14",
		type = SOUND,
		template_name = "sfx_fturn_male02",
		lt_grp = 0, srt_grp = 0, usr_flg = 0,
		spatialprops =
		{
			pos = { 0, 0, 0 },
			orient = { { 1, 0, 0 }, { 0, 1, 0 }, { 0, 0, 1 } }
		},
		audioprops =
		{
			attenuation = -20,
			pan = -4,
			dmin = 50,
			dmax = 300,
			ain = 360,
			aout = 360,
			atout = 0,
			rmix = 0,
		},
		userprops =
		{
			category = "Audio",
			Priority = "Steps_4",
		}
	},

	{
		entity_name = "Char_jonner_fs_ml_hard04_15",
		type = SOUND,
		template_name = "fs_ml_hard04",
		lt_grp = 0, srt_grp = 0, usr_flg = 0,
		spatialprops =
		{
			pos = { 0, 0, 0 },
			orient = { { 1, 0, 0 }, { 0, 1, 0 }, { 0, 0, 1 } }
		},
		audioprops =
		{
			attenuation = -25,
			pan = 4,
			dmin = 50,
			dmax = 300,
			ain = 360,
			aout = 360,
			atout = 0,
			rmix = 0,
		},
		userprops =
		{
			category = "Audio",
			Priority = "Steps_4",
		}
	},

	{
