duration = 159.375;

entities =
{

	{
		entity_name = "Layer_Scene_(69xz)",
		type = SCENE,
		template_name = "",
		lt_grp = 0, srt_grp = 0, usr_flg = 0,
		spatialprops =
		{
			pos = { 0, 0, 0 },
			orient = { { 1, 0, 0 }, { 0, 1, 0 }, { 0, 0, 1 } }
		},
		up = Y_AXIS,
		front = Z_AXIS,
		ambient = { 0, 0, 0 }
	},

	{
		entity_name = "char_walker_1",
		type = DEFORMABLE,
		template_name = "walker",
		lt_grp = 0, srt_grp = 0, usr_flg = 0,
		flags = LIT_DYNAMIC,
		spatialprops =
		{
			pos = { 2.114464, 0, 0 },
			orient = { {  0.960835,  0.000000, -0.277121 },
					   {  0.000000,  1.000000,  0.000000 },
					   {  0.277121,  0.000000,  0.960835 } }
		},
		compoundprops =
		{
			floor_height = 0
		},
		userprops =
		{
			actor = "walker",
			category = "Character",
		}
	},

	{
		entity_name = "char_trent_2",
		type = DEFORMABLE,
		template_name = "trent",
		lt_grp = 0, srt_grp = 0, usr_flg = 0,
		flags = LIT_DYNAMIC,
		spatialprops =
		{
			pos = { 0, 0, 0 },
			orient = { { 1, 0, 0 }, { 0, 1, 0 }, { 0, 0, 1 } }
		},
		compoundprops =
		{
			floor_height = 0
		},
		userprops =
		{
			actor = "player",
			category = "Character",
		}
	},

	{
		entity_name = "char_juni_3",
		type = DEFORMABLE,
		template_name = "juni",
		lt_grp = 0, srt_grp = 0, usr_flg = 0,
		flags = LIT_DYNAMIC,
		spatialprops =
		{
			pos = { -0.132764, 0, 1.224936 },
			orient = { { 1, 0, 0 }, { 0, 1, 0 }, { 0, 0, 1 } }
		},
		compoundprops =
		{
			floor_height = 0
		},
		userprops =
		{
			actor = "juni",
			category = "Character",
		}
	},

	{
		entity_name = "char_reed_4",
		type = DEFORMABLE,
		template_name = "reed",
		lt_grp = 0, srt_grp = 0, usr_flg = 0,
		flags = LIT_DYNAMIC,
		spatialprops =
		{
			pos = { 1.381285, 0, 0 },
			orient = { { 1, 0, 0 }, { 0, 1, 0 }, { 0, 0, 1 } }
		},
		compoundprops =
		{
			floor_height = 0
		},
		userprops =
		{
			actor = "reed",
			category = "Character",
		}
	},

	{
		entity_name = "char_jacobi_5",
		type = DEFORMABLE,
		template_name = "jacobi",
		lt_grp = 0, srt_grp = 0, usr_flg = 0,
		flags = LIT_DYNAMIC,
		spatialprops =
		{
			pos = { -0.80471, 0, 0 },
			orient = { { 1, 0, 0 }, { 0, 1, 0 }, { 0, 0, 1 } }
		},
		compoundprops =
		{
			floor_height = 0
		},
		userprops =
		{
			actor = "jacobi",
			category = "Character",
		}
	},

	{
		entity_name = "char_neimann_6",
		type = DEFORMABLE,
		template_name = "neimann",
		lt_grp = 0, srt_grp = 0, usr_flg = 0,
		flags = LIT_DYNAMIC,
		spatialprops =
		{
			pos = { 0.78362, 0, 0 },
			orient = { { 1, 0, 0 }, { 0, 1, 0 }, { 0, 0, 1 } }
		},
		compoundprops =
		{
			floor_height = 0
		},
		userprops =
		{
			actor = "neimann",
			category = "Character",
		}
	},

	{
		entity_name = "Cam_5_d_new_cam_OTS_Neim_worm",
		type = CAMERA,
		template_name = "",
		lt_grp = 0, srt_grp = 0, usr_flg = 0,
		spatialprops =
		{
			pos = { -0.00359, 1.558536, -2.567909 },
			orient = { { -0.977334,  0.000000,  0.211704 },
					   { -0.033148,  0.987666, -0.153028 },
					   { -0.209093, -0.156577, -0.965279 } }
		},
		cameraprops =
		{
			fovh = 25,
			hvaspect = 1.85,
			nearplane = 0.2,
			farplane = 5000
		}
	},

	{
		entity_name = "dx_s069x_0101_Walker_2",
		type = SOUND,
		template_name = "dx_s069x_0101_Walker",
		lt_grp = 0, srt_grp = 0, usr_flg = 0,
		spatialprops =
		{
			pos = { 0, 0, 0 },
			orient = { { 1, 0, 0 }, { 0, 1, 0 }, { 0, 0, 1 } }
		},
		audioprops =
		{
			attenuation = -1,
			pan = 0,
			dmin = 50,
			dmax = 1000,
			ain = 360,
			aout = 360,
			atout = 0,
			rmix = 0,
		},
		userprops =
		{
			category = "Audio",
		}
	},

	{
		entity_name = "dx_s069x_0201_Trent_3",
		type = SOUND,
		template_name = "dx_s069x_0201_Trent",
		lt_grp = 0, srt_grp = 0, usr_flg = 0,
		spatialprops =
		{
			pos = { 0, 0, 0 },
			orient = { { 1, 0, 0 }, { 0, 1, 0 }, { 0, 0, 1 } }
		},
		audioprops =
		{
			attenuation = -1,
			pan = 0,
			dmin = 50,
			dmax = 1000,
			ain = 360,
			aout = 360,
			atout = 0,
			rmix = 0,
		},
		userprops =
		{
			category = "Audio",
		}
	},

	{
		entity_name = "dx_s069x_0301_juni_4",
		type = SOUND,
		template_name = "dx_s069x_0301_juni",
		lt_grp = 0, srt_grp = 0, usr_flg = 0,
		spatialprops =
		{
			pos = { 0, 0, 0 },
			orient = { { 1, 0, 0 }, { 0, 1, 0 }, { 0, 0, 1 } }
		},
		audioprops =
		{
			attenuation = -1,
			pan = 0,
			dmin = 50,
			dmax = 1000,
			ain = 360,
			aout = 360,
			atout = 0,
			rmix = 0,
		},
		userprops =
		{
			category = "Audio",
		}
	},

	{
		entity_name = "dx_s069x_0401_Trent_5",
		type = SOUND,
		template_name = "dx_s069x_0401_Trent",
		lt_grp = 0, srt_grp = 0, usr_flg = 0,
		spatialprops =
		{
			pos = { 0, 0, 0 },
			orient = { { 1, 0, 0 }, { 0, 1, 0 }, { 0, 0, 1 } }
		},
		audioprops =
		{
			attenuation = -1,
			pan = 0,
			dmin = 50,
			dmax = 1000,
			ain = 360,
			aout = 360,
			atout = 0,
			rmix = 0,
		},
		userprops =
		{
			category = "Audio",
		}
	},

	{
		entity_name = "dx_s069x_0501_juni_6",
		type = SOUND,
		template_name = "dx_s069x_0501_juni",
		lt_grp = 0, srt_grp = 0, usr_flg = 0,
		spatialprops =
		{
			pos = { 0, 0, 0 },
			orient = { { 1, 0, 0 }, { 0, 1, 0 }, { 0, 0, 1 } }
		},
		audioprops =
		{
			attenuation = -1,
			pan = 0,
			dmin = 50,
			dmax = 1000,
			ain = 360,
			aout = 360,
			atout = 0,
			rmix = 0,
		},
		userprops =
		{
			category = "Audio",
		}
	},

	{
		entity_name = "dx_s069x_0601_Reed_7",
		type = SOUND,
		template_name = "dx_s069x_0601_Reed",
		lt_grp = 0, srt_grp = 0, usr_flg = 0,
		spatialprops =
		{
			pos = { 0, 0, 0 },
			orient = { { 1, 0, 0 }, { 0, 1, 0 }, { 0, 0, 1 } }
		},
		audioprops =
		{
			attenuation = -1,
			pan = 0,
			dmin = 50,
			dmax = 1000,
			ain = 360,
			aout = 360,
			atout = 0,
			rmix = 0,
		},
		userprops =
		{
			category = "Audio",
		}
	},

	{
		entity_name = "dx_s069x_0701_Jacobi_8",
		type = SOUND,
		template_name = "dx_s069x_0701_Jacobi",
		lt_grp = 0, srt_grp = 0, usr_flg = 0,
		spatialprops =
		{
			pos = { 0, 0, 0 },
			orient = { { 1, 0, 0 }, { 0, 1, 0 }, { 0, 0, 1 } }
		},
		audioprops =
		{
			attenuation = -1,
			pan = 0,
			dmin = 50,
			dmax = 1000,
			ain = 360,
			aout = 360,
			atout = 0,
			rmix = 0,
		},
		userprops =
		{
			category = "Audio",
		}
	},

	{
		entity_name = "dx_s069x_0801_Reed_9",
		type = SOUND,
		template_name = "dx_s069x_0801_Reed",
		lt_grp = 0, srt_grp = 0, usr_flg = 0,
		spatialprops =
		{
			pos = { 0, 0, 0 },
			orient = { { 1, 0, 0 }, { 0, 1, 0 }, { 0, 0, 1 } }
		},
		audioprops =
		{
			attenuation = -1,
			pan = 0,
			dmin = 50,
			dmax = 1000,
			ain = 360,
			aout = 360,
			atout = 0,
			rmix = 0,
		},
		userprops =
		{
			category = "Audio",
		}
	},

	{
		entity_name = "dx_s069x_0802_Reed_10",
		type = SOUND,
		template_name = "dx_s069x_0802_Reed",
		lt_grp = 0, srt_grp = 0, usr_flg = 0,
		spatialprops =
		{
			pos = { 0, 0, 0 },
			orient = { { 1, 0, 0 }, { 0, 1, 0 }, { 0, 0, 1 } }
		},
		audioprops =
		{
			attenuation = -1,
			pan = 0,
			dmin = 50,
			dmax = 1000,
			ain = 360,
			aout = 360,
			atout = 0,
			rmix = 0,
		},
		userprops =
		{
			category = "Audio",
		}
	},

	{
		entity_name = "dx_s069x_0803_Reed_11",
		type = SOUND,
		template_name = "dx_s069x_0803_Reed",
		lt_grp = 0, srt_grp = 0, usr_flg = 0,
		spatialprops =
		{
			pos = { 0, 0, 0 },
			orient = { { 1, 0, 0 }, { 0, 1, 0 }, { 0, 0, 1 } }
		},
		audioprops =
		{
			attenuation = -1,
			pan = 0,
			dmin = 50,
			dmax = 1000,
			ain = 360,
			aout = 360,
			atout = 0,
			rmix = 0,
		},
		userprops =
		{
			category = "Audio",
		}
	},

	{
		entity_name = "dx_s069x_0901_Jacobi_12",
		type = SOUND,
		template_name = "dx_s069x_0901_Jacobi",
		lt_grp = 0, srt_grp = 0, usr_flg = 0,
		spatialprops =
		{
			pos = { 0, 0, 0 },
			orient = { { 1, 0, 0 }, { 0, 1, 0 }, { 0, 0, 1 } }
		},
		audioprops =
		{
			attenuation = -1,
			pan = 0,
			dmin = 50,
			dmax = 1000,
			ain = 360,
			aout = 360,
			atout = 0,
			rmix = 0,
		},
		userprops =
		{
			category = "Audio",
		}
	},

	{
		entity_name = "dx_s069x_1001_Jacobi_13",
		type = SOUND,
		template_name = "dx_s069x_1001_Jacobi",
		lt_grp = 0, srt_grp = 0, usr_flg = 0,
		spatialprops =
		{
			pos = { 0, 0, 0 },
			orient = { { 1, 0, 0 }, { 0, 1, 0 }, { 0, 0, 1 } }
		},
		audioprops =
		{
			attenuation = -1,
			pan = 0,
			dmin = 50,
			dmax = 1000,
			ain = 360,
			aout = 360,
			atout = 0,
			rmix = 0,
		},
		userprops =
		{
			category = "Audio",
		}
	},

	{
		entity_name = "dx_s069x_1301_Jacobi_17",
		type = SOUND,
		template_name = "dx_s069x_1301_Jacobi",
		lt_grp = 0, srt_grp = 0, usr_flg = 0,
		spatialprops =
		{
			pos = { 0, 0, 0 },
			orient = { { 1, 0, 0 }, { 0, 1, 0 }, { 0, 0, 1 } }
		},
		audioprops =
		{
			attenuation = -1,
			pan = 0,
			dmin = 50,
			dmax = 1000,
			ain = 360,
			aout = 360,
			atout = 0,
			rmix = 0,
		},
		userprops =
		{
			category = "Audio",
		}
	},

	{
		entity_name = "dx_s069x_1501_Trent_21",
		type = SOUND,
		template_name = "dx_s069x_1501_Trent",
		lt_grp = 0, srt_grp = 0, usr_flg = 0,
		spatialprops =
		{
			pos = { 0, 0, 0 },
			orient = { { 1, 0, 0 }, { 0, 1, 0 }, { 0, 0, 1 } }
		},
		audioprops =
		{
			attenuation = -1,
			pan = 0,
			dmin = 50,
			dmax = 1000,
			ain = 360,
			aout = 360,
			atout = 0,
			rmix = 0,
		},
		userprops =
		{
			category = "Audio",
		}
	},

	{
		entity_name = "dx_s069x_1601_juni_22",
		type = SOUND,
		template_name = "dx_s069x_1601_juni",
		lt_grp = 0, srt_grp = 0, usr_flg = 0,
		spatialprops =
		{
			pos = { 0, 0, 0 },
			orient = { { 1, 0, 0 }, { 0, 1, 0 }, { 0, 0, 1 } }
		},
		audioprops =
		{
			attenuation = -1,
			pan = 0,
			dmin = 50,
			dmax = 1000,
			ain = 360,
			aout = 360,
			atout = 0,
			rmix = 0,
		},
		userprops =
		{
			category = "Audio",
		}
	},

	{
		entity_name = "dx_s069x_1701_Jacobi_23",
		type = SOUND,
		template_name = "dx_s069x_1701_Jacobi",
		lt_grp = 0, srt_grp = 0, usr_flg = 0,
		spatialprops =
		{
			pos = { 0, 0, 0 },
			orient = { { 1, 0, 0 }, { 0, 1, 0 }, { 0, 0, 1 } }
		},
		audioprops =
		{
			attenuation = -1,
			pan = 0,
			dmin = 50,
			dmax = 1000,
			ain = 360,
			aout = 360,
			atout = 0,
			rmix = 0,
		},
		userprops =
		{
			category = "Audio",
		}
	},

	{
		entity_name = "dx_s069x_1801_Trent_24",
		type = SOUND,
		template_name = "dx_s069x_1801_Trent",
		lt_grp = 0, srt_grp = 0, usr_flg = 0,
		spatialprops =
		{
			pos = { 0, 0, 0 },
			orient = { { 1, 0, 0 }, { 0, 1, 0 }, { 0, 0, 1 } }
		},
		audioprops =
		{
			attenuation = -1,
			pan = 0,
			dmin = 50,
			dmax = 1000,
			ain = 360,
			aout = 360,
			atout = 0,
			rmix = 0,
		},
		userprops =
		{
			category = "Audio",
		}
	},

	{
		entity_name = "dx_s069x_1901_juni_25",
		type = SOUND,
		template_name = "dx_s069x_1901_juni",
		lt_grp = 0, srt_grp = 0, usr_flg = 0,
		spatialprops =
		{
			pos = { 0, 0, 0 },
			orient = { { 1, 0, 0 }, { 0, 1, 0 }, { 0, 0, 1 } }
		},
		audioprops =
		{
			attenuation = -1,
			pan = 0,
			dmin = 50,
			dmax = 1000,
			ain = 360,
			aout = 360,
			atout = 0,
			rmix = 0,
		},
		userprops =
		{
			category = "Audio",
		}
	},

	{
		entity_name = "dx_s069x_2001_Trent_26",
		type = SOUND,
		template_name = "dx_s069x_2001_Trent",
		lt_grp = 0, srt_grp = 0, usr_flg = 0,
		spatialprops =
		{
			pos = { 0, 0, 0 },
			orient = { { 1, 0, 0 }, { 0, 1, 0 }, { 0, 0, 1 } }
		},
		audioprops =
		{
			attenuation = -1,
			pan = 0,
			dmin = 50,
			dmax = 1000,
			ain = 360,
			aout = 360,
			atout = 0,
			rmix = 0,
		},
		userprops =
		{
			category = "Audio",
		}
	},

	{
		entity_name = "dx_s069x_2101_juni_27",
		type = SOUND,
		template_name = "dx_s069x_2101_juni",
		lt_grp = 0, srt_grp = 0, usr_flg = 0,
		spatialprops =
		{
			pos = { 0, 0, 0 },
			orient = { { 1, 0, 0 }, { 0, 1, 0 }, { 0, 0, 1 } }
		},
		audioprops =
		{
			attenuation = -1,
			pan = 0,
			dmin = 50,
			dmax = 1000,
			ain = 360,
			aout = 360,
			atout = 0,
			rmix = 0,
		},
		userprops =
		{
			category = "Audio",
		}
	},

	{
		entity_name = "dx_s069x_2201_Jacobi_28",
		type = SOUND,
		template_name = "dx_s069x_2201_Jacobi",
		lt_grp = 0, srt_grp = 0, usr_flg = 0,
		spatialprops =
		{
			pos = { 0, 0, 0 },
			orient = { { 1, 0, 0 }, { 0, 1, 0 }, { 0, 0, 1 } }
		},
		audioprops =
		{
			attenuation = -1,
			pan = 0,
			dmin = 50,
			dmax = 1000,
			ain = 360,
			aout = 360,
			atout = 0,
			rmix = 0,
		},
		userprops =
		{
			category = "Audio",
		}
	},

	{
		entity_name = "dx_s069x_1101_niemann_2",
		type = SOUND,
		template_name = "dx_s069x_1101_niemann",
		lt_grp = 0, srt_grp = 0, usr_flg = 0,
		spatialprops =
		{
			pos = { 0, 0, 0 },
			orient = { { 1, 0, 0 }, { 0, 1, 0 }, { 0, 0, 1 } }
		},
		audioprops =
		{
			attenuation = -1,
			pan = 0,
			dmin = 50,
			dmax = 1000,
			ain = 360,
			aout = 360,
			atout = 0,
			rmix = 0,
		},
		userprops =
		{
			category = "Audio",
		}
	},

	{
		entity_name = "dx_s069x_1201_niemann_3",
		type = SOUND,
		template_name = "dx_s069x_1201_niemann",
		lt_grp = 0, srt_grp = 0, usr_flg = 0,
		spatialprops =
		{
			pos = { 0, 0, 0 },
			orient = { { 1, 0, 0 }, { 0, 1, 0 }, { 0, 0, 1 } }
		},
		audioprops =
		{
			attenuation = -1,
			pan = 0,
			dmin = 50,
			dmax = 1000,
			ain = 360,
			aout = 360,
			atout = 0,
			rmix = 0,
		},
		userprops =
		{
			category = "Audio",
		}
	},

	{
		entity_name = "dx_s069x_1202_niemann_4",
		type = SOUND,
		template_name = "dx_s069x_1202_niemann",
		lt_grp = 0, srt_grp = 0, usr_flg = 0,
		spatialprops =
		{
			pos = { 0, 0, 0 },
			orient = { { 1, 0, 0 }, { 0, 1, 0 }, { 0, 0, 1 } }
		},
		audioprops =
		{
			attenuation = -1,
			pan = 0,
			dmin = 50,
			dmax = 1000,
			ain = 360,
			aout = 360,
			atout = 0,
			rmix = 0,
		},
		userprops =
		{
			category = "Audio",
		}
	},

	{
		entity_name = "dx_s069x_1401_niemann_5",
		type = SOUND,
		template_name = "dx_s069x_1401_niemann",
		lt_grp = 0, srt_grp = 0, usr_flg = 0,
		spatialprops =
		{
			pos = { 0, 0, 0 },
			orient = { { 1, 0, 0 }, { 0, 1, 0 }, { 0, 0, 1 } }
		},
		audioprops =
		{
			attenuation = -1,
			pan = 0,
			dmin = 50,
			dmax = 1000,
			ain = 360,
			aout = 360,
			atout = 0,
			rmix = 0,
		},
		userprops =
		{
			category = "Audio",
		}
	},

	{
		entity_name = "dx_s069x_1402_niemann_6",
		type = SOUND,
		template_name = "dx_s069x_1402_niemann",
		lt_grp = 0, srt_grp = 0, usr_flg = 0,
		spatialprops =
		{
			pos = { 0, 0, 0 },
			orient = { { 1, 0, 0 }, { 0, 1, 0 }, { 0, 0, 1 } }
		},
		audioprops =
		{
			attenuation = -1,
			pan = 0,
			dmin = 50,
			dmax = 1000,
			ain = 360,
			aout = 360,
			atout = 0,
			rmix = 0,
		},
		userprops =
		{
			category = "Audio",
		}
	},

	{
		entity_name = "dx_s069x_1403_niemann_7",
		type = SOUND,
		template_name = "dx_s069x_1403_niemann",
		lt_grp = 0, srt_grp = 0, usr_flg = 0,
		spatialprops =
		{
			pos = { 0, 0, 0 },
			orient = { { 1, 0, 0 }, { 0, 1, 0 }, { 0, 0, 1 } }
		},
		audioprops =
		{
			attenuation = -1,
			pan = 0,
			dmin = 50,
			dmax = 1000,
			ain = 360,
			aout = 360,
			atout = 0,
			rmix = 0,
		},
		userprops =
		{
			category = "Audio",
		}
	},

	{
		entity_name = "cam_Monitor_1",
		type = MONITOR,
		template_name = "",
		lt_grp = 0, srt_grp = 0, usr_flg = 0,
		userprops =
		{
			Priority = "Monitor_Moving_1",
		}
	},

	{
		entity_name = "jacobi_spit_1",
		type = SOUND,
		template_name = "jacobi_spit",
		lt_grp = 0, srt_grp = 0, usr_flg = 0,
		spatialprops =
		{
			pos = { 0, 0, 0 },
			orient = { { 1, 0, 0 }, { 0, 1, 0 }, { 0, 0, 1 } }
		},
		audioprops =
		{
			attenuation = 0,
			pan = 0,
			dmin = 50,
			dmax = 300,
			ain = 360,
			aout = 360,
			atout = 0,
			rmix = 0,
		},
		userprops =
		{
			category = "Audio",
		}
	},

	{
		entity_name = "jacobi_dazed01_2",
		type = SOUND,
		template_name = "jacobi_dazed01",
		lt_grp = 0, srt_grp = 0, usr_flg = 0,
		spatialprops =
		{
			pos = { 0, 0, 0 },
			orient = { { 1, 0, 0 }, { 0, 1, 0 }, { 0, 0, 1 } }
		},
		audioprops =
		{
			attenuation = 0,
			pan = 0,
			dmin = 50,
			dmax = 300,
			ain = 360,
			aout = 360,
			atout = 0,
			rmix = 0,
		},
		userprops =
		{
			category = "Audio",
		}
	},

	{
		entity_name = "jacobi_dazed02_3",
		type = SOUND,
		template_name = "jacobi_dazed02",
		lt_grp = 0, srt_grp = 0, usr_flg = 0,
		spatialprops =
		{
			pos = { 0, 0, 0 },
			orient = { { 1, 0, 0 }, { 0, 1, 0 }, { 0, 0, 1 } }
		},
		audioprops =
		{
			attenuation = 0,
			pan = 0,
			dmin = 50,
			dmax = 300,
			ain = 360,
			aout = 360,
			atout = 0,
			rmix = 0,
		},
		userprops =
		{
			category = "Audio",
		}
	},

	{
		entity_name = "jacobi_dazed03_4",
		type = SOUND,
		template_name = "jacobi_dazed03",
		lt_grp = 0, srt_grp = 0, usr_flg = 0,
		spatialprops =
		{
			pos = { 0, 0, 0 },
			orient = { { 1, 0, 0 }, { 0, 1, 0 }, { 0, 0, 1 } }
		},
		audioprops =
		{
			attenuation = 0,
			pan = 0,
			dmin = 50,
			dmax = 300,
			ain = 360,
			aout = 360,
			atout = 0,
			rmix = 0,
		},
		userprops =
		{
			category = "Audio",
		}
	},

	{
		entity_name = "jacobi_dazed04_5",
		type = SOUND,
		template_name = "jacobi_dazed04",
		lt_grp = 0, srt_grp = 0, usr_flg = 0,
		spatialprops =
		{
			pos = { 0, 0, 0 },
			orient = { { 1, 0, 0 }, { 0, 1, 0 }, { 0, 0, 1 } }
		},
		audioprops =
		{
			attenuation = 0,
			pan = 0,
			dmin = 50,
			dmax = 300,
			ain = 360,
			aout = 360,
			atout = 0,
			rmix = 0,
		},
		userprops =
		{
			category = "Audio",
		}
	},

	{
		entity_name = "jacobi_scream_6",
		type = SOUND,
		template_name = "jacobi_scream",
		lt_grp = 0, srt_grp = 0, usr_flg = 0,
		spatialprops =
		{
			pos = { 0, 0, 0 },
			orient = { { 1, 0, 0 }, { 0, 1, 0 }, { 0, 0, 1 } }
		},
		audioprops =
		{
			attenuation = 0,
			pan = 0,
			dmax = 300,
			ain = 360,
			aout = 360,
			atout = 0,
			rmix = 0,
		},
		userprops =
		{
			category = "Audio",
		}
	},

	{
		entity_name = "jacobi_struggle01_7",
		type = SOUND,
		template_name = "jacobi_struggle01",
		lt_grp = 0, srt_grp = 0, usr_flg = 0,
		spatialprops =
		{
			pos = { 0, 0, 0 },
			orient = { { 1, 0, 0 }, { 0, 1, 0 }, { 0, 0, 1 } }
		},
		audioprops =
		{
			attenuation = 0,
			pan = 0,
			dmin = 50,
			dmax = 300,
			ain = 360,
			aout = 360,
			rmix = 0,
		},
		userprops =
		{
			category = "Audio",
		}
	},

	{
		entity_name = "jacobi_struggle02_9",
		type = SOUND,
		template_name = "jacobi_struggle02",
		lt_grp = 0, srt_grp = 0, usr_flg = 0,
		spatialprops =
		{
			pos = { 0, 0, 0 },
			orient = { { 1, 0, 0 }, { 0, 1, 0 }, { 0, 0, 1 } }
		},
		audioprops =
		{
			attenuation = 0,
			pan = 0,
			dmin = 50,
			dmax = 300,
			ain = 360,
			aout = 360,
			atout = 0,
			rmix = 0,
		},
		userprops =
		{
			category = "Audio",
		}
	},

	{
		entity_name = "char_juni_mrk_location",
		type = MARKER,
		template_name = "",
		lt_grp = 0, srt_grp = 0, usr_flg = 0,
		spatialprops =
		{
			pos = { 89.41661, 0.960122, 16.24998 },
			orient = { {  0.443928,  0.000000,  0.896062 },
					   {  0.000000,  1.000000,  0.000000 },
					   { -0.896062,  0.000000,  0.443928 } }
		}
	},

	{
		entity_name = "char_jacobi_mrk_location",
		type = MARKER,
		template_name = "",
		lt_grp = 0, srt_grp = 0, usr_flg = 0,
		spatialprops =
		{
			pos = { 0.192553, 0.960122, 3.801564 },
			orient = { {  0.995152,  0.000000, -0.098347 },
					   {  0.000000,  1.000000,  0.000000 },
					   {  0.098347,  0.000000,  0.995152 } }
		}
	},

	{
		entity_name = "char_neimann_mrk_location",
		type = MARKER,
		template_name = "",
		lt_grp = 0, srt_grp = 0, usr_flg = 0,
		spatialprops =
		{
			pos = { -9.109108, 0, 2.003374 },
			orient = { { 1, 0, 0 }, { 0, 1, 0 }, { 0, 0, 1 } }
		}
	},

	{
		entity_name = "char_reed_mrk_location",
		type = MARKER,
		template_name = "",
		lt_grp = 0, srt_grp = 0, usr_flg = 0,
		spatialprops =
		{
			pos = { 0.172826, 0.969072, 0.413086 },
			orient = { { -0.995311,  0.000000, -0.096727 },
					   {  0.000000,  1.000000,  0.000000 },
					   {  0.096727,  0.000000, -0.995311 } }
		}
	},

	{
		entity_name = "char_trent_mrk_location",
		type = MARKER,
		template_name = "",
		lt_grp = 0, srt_grp = 0, usr_flg = 0,
		spatialprops =
		{
			pos = { 87.96133, 0.960122, 14.00186 },
			orient = { {  0.442025,  0.000000,  0.897003 },
					   {  0.000000,  1.000000,  0.000000 },
					   { -0.897003,  0.000000,  0.442025 } }
		}
	},

	{
		entity_name = "char_walker_mrk_location",
		type = MARKER,
		template_name = "",
		lt_grp = 0, srt_grp = 0, usr_flg = 0,
		spatialprops =
		{
			pos = { 86.87724, 0.960122, 10.66065 },
			orient = { { -0.989516,  0.000000, -0.144423 },
					   {  0.000000,  1.000000,  0.000000 },
					   {  0.144423,  0.000000, -0.989516 } }
		}
	},

	{
		entity_name = "Cam_01_I_dont_like_look",
		type = CAMERA,
		template_name = "",
		lt_grp = 0, srt_grp = 0, usr_flg = 0,
		spatialprops =
		{
			pos = { 91.81995, 1.236204, 15.03072 },
			orient = { {  0.872171,  0.000000, -0.489201 },
					   {  0.023504,  0.998845,  0.041904 },
					   {  0.488636, -0.048046,  0.871164 } }
		},
		cameraprops =
		{
			fovh = 30,
			hvaspect = 1.85,
			nearplane = 0.1,
			farplane = 1000
		}
	},

	{
		entity_name = "Cam_02_Madam_president",
		type = CAMERA,
		template_name = "",
		lt_grp = 0, srt_grp = 0, usr_flg = 0,
		spatialprops =
		{
			pos = { -1.502859, 1.887338, 1.821316 },
			orient = { { -0.773805,  0.000000,  0.633424 },
					   {  0.124082,  0.980626,  0.151581 },
					   { -0.621152,  0.195890, -0.758813 } }
		},
		cameraprops =
		{
			fovh = 20,
			hvaspect = 1.85,
			nearplane = 0.1,
			farplane = 1000
		}
	},

	{
		entity_name = "char_jacobi_Mrk_Retain_position",
		type = MARKER,
		template_name = "",
		lt_grp = 0, srt_grp = 0, usr_flg = 0,
		spatialprops =
		{
			pos = { -0.118045, 1.282374, 3.766483 },
			orient = { { 1, 0, 0 }, { 0, 1, 0 }, { 0, 0, 1 } }
		}
	},

	{
		entity_name = "char_orillion_Mrk_location",
		type = MARKER,
		template_name = "",
		lt_grp = 0, srt_grp = 0, usr_flg = 0,
		spatialprops =
		{
			pos = { 0, 0, 0 },
			orient = { { 1, 0, 0 }, { 0, 1, 0 }, { 0, 0, 1 } }
		}
	},

	{
		entity_name = "char_neimann_Mrk_arrival",
		type = MARKER,
		template_name = "",
		lt_grp = 0, srt_grp = 0, usr_flg = 0,
		spatialprops =
		{
			pos = { -0.332844, 0, 6.71807 },
			orient = { { 1, 0, 0 }, { 0, 1, 0 }, { 0, 0, 1 } }
		}
	},

	{
		entity_name = "char_reed_mrk_Arrival",
		type = MARKER,
		template_name = "",
		lt_grp = 0, srt_grp = 0, usr_flg = 0,
		spatialprops =
		{
			pos = { 0.148312, 0.973779, 7.818593 },
			orient = { {  0.998751,  0.000000,  0.049960 },
					   {  0.000000,  1.000000,  0.000000 },
					   { -0.049960,  0.000000,  0.998751 } }
		}
	},

	{
		entity_name = "Cam_3_Reed_Outside",
		type = CAMERA,
		template_name = "",
		lt_grp = 0, srt_grp = 0, usr_flg = 0,
		spatialprops =
		{
			pos = { 0.149207, 1.546976, 10.16965 },
			orient = { {  0.805795,  0.000000,  0.592195 },
					   {  0.027828,  0.998895, -0.037866 },
					   { -0.591541,  0.046992,  0.804904 } }
		},
		cameraprops =
		{
			fovh = 30,
			hvaspect = 1.85,
			nearplane = 0.1,
			farplane = 1000
		}
	},

	{
		entity_name = "char_rh_agent_1",
		type = DEFORMABLE,
		template_name = "rh_agent_1",
		lt_grp = 0, srt_grp = 0, usr_flg = 0,
		flags = LIT_DYNAMIC,
		spatialprops =
		{
			pos = { 0, 0, 0 },
			orient = { { 1, 0, 0 }, { 0, 1, 0 }, { 0, 0, 1 } }
		},
		compoundprops =
		{
			floor_height = 0
		},
		userprops =
		{
			actor = "rh_agent_1",
			category = "Character",
		}
	},

	{
		entity_name = "char_rh_agent_2",
		type = DEFORMABLE,
		template_name = "rh_agent_2",
		lt_grp = 0, srt_grp = 0, usr_flg = 0,
		flags = LIT_DYNAMIC,
		spatialprops =
		{
			pos = { 0, 0, 0 },
			orient = { { 1, 0, 0 }, { 0, 1, 0 }, { 0, 0, 1 } }
		},
		compoundprops =
		{
			floor_height = 0
		},
		userprops =
		{
			actor = "rh_agent_2",
			category = "Character",
		}
	},

	{
		entity_name = "char_rh_agent_1_Mrk_arrival",
		type = MARKER,
		template_name = "",
		lt_grp = 0, srt_grp = 0, usr_flg = 0,
		spatialprops =
		{
			pos = { 0.948549, 0, 10.82329 },
			orient = { { 1, 0, 0 }, { 0, 1, 0 }, { 0, 0, 1 } }
		}
	},

	{
		entity_name = "char_rh_agent_2_Mrk_arrival",
		type = MARKER,
		template_name = "",
		lt_grp = 0, srt_grp = 0, usr_flg = 0,
		spatialprops =
		{
			pos = { -0.890186, 0, 10.82329 },
			orient = { { 1, 0, 0 }, { 0, 1, 0 }, { 0, 0, 1 } }
		}
	},

	{
		entity_name = "char_reed_Mrk_leaving",
		type = MARKER,
		template_name = "",
		lt_grp = 0, srt_grp = 0, usr_flg = 0,
		spatialprops =
		{
			pos = { 1.122364, 0.967803, 7.577735 },
			orient = { { -0.999298,  0.000000, -0.037476 },
					   {  0.000000,  1.000000,  0.000000 },
					   {  0.037476,  0.000000, -0.999298 } }
		}
	},

	{
		entity_name = "char_jacobi_Mrk_Rotate",
		type = MARKER,
		template_name = "",
		lt_grp = 0, srt_grp = 0, usr_flg = 0,
		spatialprops =
		{
			pos = { 0.211437, 1.283084, -2.416546 },
			orient = { {  0.918218,  0.014361, -0.395815 },
					   {  0.003300, -0.999585, -0.028611 },
					   { -0.396062,  0.024965, -0.917884 } }
		}
	},

	{
		entity_name = "Cam_5_I_wont_rest",
		type = CAMERA,
		template_name = "",
		lt_grp = 0, srt_grp = 0, usr_flg = 0,
		spatialprops =
		{
			pos = { -0.978827, 1.91412, 0.923968 },
			orient = { {  0.935338,  0.000000,  0.353756 },
					   { -0.007598,  0.999769,  0.020090 },
					   { -0.353675, -0.021479,  0.935122 } }
		},
		cameraprops =
		{
			fovh = 25,
			hvaspect = 1.85,
			nearplane = 0.1,
			farplane = 1000
		}
	},

	{
		entity_name = "char_neimann_mrk_approach_jacobi",
		type = MARKER,
		template_name = "",
		lt_grp = 0, srt_grp = 0, usr_flg = 0,
		spatialprops =
		{
			pos = { 0.149878, 0.969072, 0.300021 },
			orient = { { 1, 0, 0 }, { 0, 1, 0 }, { 0, 0, 1 } }
		}
	},

	{
		entity_name = "prop_gun_laser_Juni",
		type = COMPOUND,
		template_name = "prop_gun_laser_1",
		lt_grp = 0, srt_grp = 0, usr_flg = 0,
		flags = LIT_DYNAMIC,
		spatialprops =
		{
			pos = { 0, 0, 0 },
			orient = { { 1, 0, 0 }, { 0, 1, 0 }, { 0, 0, 1 } }
		},
		userprops =
		{
			category = "Prop",
		}
	},

	{
		entity_name = "prop_gun_laser_Walker",
		type = COMPOUND,
		template_name = "prop_gun_laser_1",
		lt_grp = 0, srt_grp = 0, usr_flg = 0,
		flags = LIT_DYNAMIC,
		spatialprops =
		{
			pos = { 0, 0, 0 },
			orient = { { 1, 0, 0 }, { 0, 1, 0 }, { 0, 0, 1 } }
		},
		userprops =
		{
			category = "Prop",
		}
	},

	{
		entity_name = "prop_gun_laser_Trent_1",
		type = COMPOUND,
		template_name = "prop_gun_laser_1",
		lt_grp = 0, srt_grp = 0, usr_flg = 0,
		flags = LIT_DYNAMIC,
		spatialprops =
		{
			pos = { 0, 0, 0 },
			orient = { { 1, 0, 0 }, { 0, 1, 0 }, { 0, 0, 1 } }
		},
		userprops =
		{
			category = "Prop",
		}
	},

	{
		entity_name = "prop_gun_laser_Trent_2",
		type = COMPOUND,
		template_name = "prop_gun_laser_1",
		lt_grp = 0, srt_grp = 0, usr_flg = 0,
		flags = LIT_DYNAMIC,
		spatialprops =
		{
			pos = { 0, 0, 0 },
			orient = { { 1, 0, 0 }, { 0, 1, 0 }, { 0, 0, 1 } }
		},
		userprops =
		{
			category = "Prop",
		}
	},

	{
		entity_name = "torture_ring_Mrk_Move",
		type = MARKER,
		template_name = "",
		lt_grp = 0, srt_grp = 0, usr_flg = 0,
		spatialprops =
		{
			pos = { 0.136352, 0, -2.340455 },
			orient = { { -0.999753,  0.000000, -0.022219 },
					   {  0.000000,  1.000000,  0.000000 },
					   {  0.022219,  0.000000, -0.999753 } }
		}
	},

	{
		entity_name = "rifle_1",
		type = COMPOUND,
		template_name = "rifle",
		lt_grp = 0, srt_grp = 0, usr_flg = 0,
		flags = LIT_DYNAMIC,
		spatialprops =
		{
			pos = { 0, 0, 0 },
			orient = { { 1, 0, 0 }, { 0, 1, 0 }, { 0, 0, 1 } }
		},
		userprops =
		{
			category = "Prop",
		}
	},

	{
		entity_name = "rifle_2",
		type = COMPOUND,
		template_name = "rifle",
		lt_grp = 0, srt_grp = 0, usr_flg = 0,
		flags = LIT_DYNAMIC,
		spatialprops =
		{
			pos = { 0, 0, 0 },
			orient = { { 1, 0, 0 }, { 0, 1, 0 }, { 0, 0, 1 } }
		},
		userprops =
		{
			category = "Prop",
		}
	},

	{
		entity_name = "Char_trent_spot_Reed",
		type = MARKER,
		template_name = "",
		lt_grp = 0, srt_grp = 0, usr_flg = 0,
		spatialprops =
		{
			pos = { 11.43559, 0, 8.007447 },
			orient = { { -0.070889,  0.000000,  0.997484 },
					   {  0.000000,  1.000000,  0.000000 },
					   { -0.997484,  0.000000, -0.070889 } }
		}
	},

	{
		entity_name = "Char_juni_spot_Reed",
		type = MARKER,
		template_name = "",
		lt_grp = 0, srt_grp = 0, usr_flg = 0,
		spatialprops =
		{
			pos = { 12.46202, 0, 6.588879 },
			orient = { { -0.988163,  0.000000,  0.153404 },
					   {  0.000000,  1.000000,  0.000000 },
					   { -0.153404,  0.000000, -0.988163 } }
		}
	},

	{
		entity_name = "Char_walker_spot_Reed",
		type = MARKER,
		template_name = "",
		lt_grp = 0, srt_grp = 0, usr_flg = 0,
		spatialprops =
		{
			pos = { 12.51853, 0, 4.990457 },
			orient = { {  0.583422,  0.000000, -0.812169 },
					   {  0.000000,  1.000000,  0.000000 },
					   {  0.812169,  0.000000,  0.583422 } }
		}
	},

	{
		entity_name = "Cam_6_I_reed_spotted",
		type = CAMERA,
		template_name = "",
		lt_grp = 0, srt_grp = 0, usr_flg = 0,
		spatialprops =
		{
			pos = { 12.9213, 1.506415, 8.712559 },
			orient = { {  0.104654,  0.000000, -0.994509 },
					   { -0.057120,  0.998349, -0.006011 },
					   {  0.992867,  0.057436,  0.104481 } }
		},
		cameraprops =
		{
			fovh = 30,
			hvaspect = 1.85,
			nearplane = 0.1,
			farplane = 1000
		}
	},

	{
		entity_name = "char_jacobi_Mrk_Rotate_2",
		type = MARKER,
		template_name = "",
		lt_grp = 0, srt_grp = 0, usr_flg = 0,
		spatialprops =
		{
			pos = { 0.057336, 1.279702, -2.316175 },
			orient = { {  0.990322,  0.007236, -0.138597 },
					   {  0.003300, -0.999585, -0.028611 },
					   { -0.138747,  0.027877, -0.989935 } }
		}
	},

	{
		entity_name = "char_reed_mrk_Jump_Hall",
		type = MARKER,
		template_name = "",
		lt_grp = 0, srt_grp = 0, usr_flg = 0,
		spatialprops =
		{
			pos = { 10.04818, 0.969072, 9.549088 },
			orient = { {  0.013741,  0.000000,  0.999906 },
					   {  0.000000,  1.000000,  0.000000 },
					   { -0.999906,  0.000000,  0.013741 } }
		}
	},

	{
		entity_name = "Cam_7_I_behind_reed",
		type = CAMERA,
		template_name = "",
		lt_grp = 0, srt_grp = 0, usr_flg = 0,
		spatialprops =
		{
			pos = { 8.531498, 1.520101, 9.373734 },
			orient = { {  0.018189,  0.000000,  0.999835 },
					   {  0.026290,  0.999654, -0.000478 },
					   { -0.999489,  0.026295,  0.018182 } }
		},
		cameraprops =
		{
			fovh = 20,
			hvaspect = 1.85,
			nearplane = 0.1,
			farplane = 1000
		}
	},

	{
		entity_name = "char_reed_mrk_slammed_Back",
		type = MARKER,
		template_name = "",
		lt_grp = 0, srt_grp = 0, usr_flg = 0,
		spatialprops =
		{
			pos = { 11.62887, 0.934246, 7.576159 },
			orient = { { -0.025431,  0.000000,  0.999677 },
					   {  0.000000,  1.000000,  0.000000 },
					   { -0.999677,  0.000000, -0.025431 } }
		}
	},

	{
		entity_name = "char_juni_mrk_hold_up_reed",
		type = MARKER,
		template_name = "",
		lt_grp = 0, srt_grp = 0, usr_flg = 0,
		spatialprops =
		{
			pos = { 11.97782, 0.928646, 7.091274 },
			orient = { { -0.673764,  0.000000, -0.738947 },
					   {  0.000000,  1.000000,  0.000000 },
					   {  0.738947,  0.000000, -0.673764 } }
		}
	},

	{
		entity_name = "char_trent_mrk_hold_up_reed",
		type = MARKER,
		template_name = "",
		lt_grp = 0, srt_grp = 0, usr_flg = 0,
		spatialprops =
		{
			pos = { 12.05242, 0.94873, 8.430252 },
			orient = { {  0.818481,  0.000000, -0.574534 },
					   {  0.000000,  1.000000,  0.000000 },
					   {  0.574534,  0.000000,  0.818481 } }
		}
	},

	{
		entity_name = "Cam_8_hold_up",
		type = CAMERA,
		template_name = "",
		lt_grp = 0, srt_grp = 0, usr_flg = 0,
		spatialprops =
		{
			pos = { 13.12752, 2.215901, 8.944995 },
			orient = { {  0.708488,  0.000000, -0.705723 },
					   { -0.271234,  0.923194, -0.272297 },
					   {  0.651519,  0.384335,  0.654072 } }
		},
		cameraprops =
		{
			fovh = 30,
			hvaspect = 1.85,
			nearplane = 0.1,
			farplane = 1000
		}
	},

	{
		entity_name = "char_reed_mrk_back",
		type = MARKER,
		template_name = "",
		lt_grp = 0, srt_grp = 0, usr_flg = 0,
		spatialprops =
		{
			pos = { 10.5401, 1.398662, 9.38578 },
			orient = { {  0.151456,  0.000000,  0.988464 },
					   {  0.000000,  1.000000,  0.000000 },
					   { -0.988464,  0.000000,  0.151456 } }
		}
	},

	{
		entity_name = "char_reed_mrk_front",
		type = MARKER,
		template_name = "",
		lt_grp = 0, srt_grp = 0, usr_flg = 0,
		spatialprops =
		{
			pos = { 11.72461, 1.418991, 9.431789 },
			orient = { {  0.010479,  0.000000,  0.999945 },
					   {  0.000000,  1.000000,  0.000000 },
					   { -0.999945,  0.000000,  0.010479 } }
		}
	},

	{
		entity_name = "Cam_7_I_side_reed",
		type = CAMERA,
		template_name = "",
		lt_grp = 0, srt_grp = 0, usr_flg = 0,
		spatialprops =
		{
			pos = { 11.19931, 1.500032, 9.700871 },
			orient = { {  0.982576,  0.000000,  0.185863 },
					   {  0.013429,  0.997386, -0.070995 },
					   { -0.185377,  0.072254,  0.980007 } }
		},
		cameraprops =
		{
			fovh = 30,
			hvaspect = 1.85,
			nearplane = 0.1,
			farplane = 1000
		}
	},

	{
		entity_name = "char_jacobi_torture_1",
		type = DEFORMABLE,
		template_name = "jacobi_torture",
		lt_grp = 0, srt_grp = 0, usr_flg = 0,
		flags = LIT_DYNAMIC,
		spatialprops =
		{
			pos = { 0, 0, 0 },
			orient = { { 1, 0, 0 }, { 0, 1, 0 }, { 0, 0, 1 } }
		},
		compoundprops =
		{
			floor_height = 0
		},
		userprops =
		{
			actor = "jacobi_torture",
			category = "Character",
		}
	},

	{
		entity_name = "char_jacobi_torture_ring_rotate",
		type = COMPOUND,
		template_name = "torture_ring_rotate",
		lt_grp = 0, srt_grp = 0, usr_flg = 0,
		flags = LIT_DYNAMIC,
		spatialprops =
		{
			pos = { 0.094552, 0, 3.796714 },
			orient = { { -0.999753,  0.000000, -0.022219 },
					   {  0.000000,  1.000000,  0.000000 },
					   {  0.022219,  0.000000, -0.999753 } }
		},
		userprops =
		{
			category = "Prop",
		}
	},

	{
		entity_name = "char_jacobi_torture_location_mrk",
		type = MARKER,
		template_name = "",
		lt_grp = 0, srt_grp = 0, usr_flg = 0,
		spatialprops =
		{
			pos = { -0.221876, 1.261829, 3.740557 },
			orient = { {  0.999525,  0.028038,  0.012816 },
					   { -0.027138,  0.997472, -0.065675 },
					   { -0.014625,  0.065296,  0.997759 } }
		}
	},

	{
		entity_name = "torture_ring_new_Mrk_location",
		type = MARKER,
		template_name = "",
		lt_grp = 0, srt_grp = 0, usr_flg = 0,
		spatialprops =
		{
			pos = { 0, 0, 3.794612 },
			orient = { { 1, 0, 0 }, { 0, 1, 0 }, { 0, 0, 1 } }
		}
	},

	{
		entity_name = "torture_ring_new_Mrk_AWAY",
		type = MARKER,
		template_name = "",
		lt_grp = 0, srt_grp = 0, usr_flg = 0,
		spatialprops =
		{
			pos = { -9.109108, 0, 2.003374 },
			orient = { { 1, 0, 0 }, { 0, 1, 0 }, { 0, 0, 1 } }
		}
	},

	{
		entity_name = "torture_ring_Mrk_NEW_Move",
		type = MARKER,
		template_name = "",
		lt_grp = 0, srt_grp = 0, usr_flg = 0,
		spatialprops =
		{
			pos = { 0.136352, 0, -2.340455 },
			orient = { { 1, 0, 0 }, { 0, 1, 0 }, { 0, 0, 1 } }
		}
	},

	{
		entity_name = "torture_ring_Mrk_NEW_Move_JAC",
		type = MARKER,
		template_name = "",
		lt_grp = 0, srt_grp = 0, usr_flg = 0,
		spatialprops =
		{
			pos = { -0.092306, 1.280887, -2.374805 },
			orient = { {  0.918218,  0.014361, -0.395815 },
					   {  0.003300, -0.999585, -0.028611 },
					   { -0.396062,  0.024965, -0.917884 } }
		}
	},

	{
		entity_name = "char_rh_agent_1_mrk_approach_jac",
		type = MARKER,
		template_name = "",
		lt_grp = 0, srt_grp = 0, usr_flg = 0,
		spatialprops =
		{
			pos = { 0.782756, 0.969072, 6.134504 },
			orient = { { 1, 0, 0 }, { 0, 1, 0 }, { 0, 0, 1 } }
		}
	},

	{
		entity_name = "char_rh_agent_2_mrk_approach_jac",
		type = MARKER,
		template_name = "",
		lt_grp = 0, srt_grp = 0, usr_flg = 0,
		spatialprops =
		{
			pos = { -1.1462, 0.969072, 6.224305 },
			orient = { { 1, 0, 0 }, { 0, 1, 0 }, { 0, 0, 1 } }
		}
	},

	{
		entity_name = "char_reed_mrk_Jump_door_death",
		type = MARKER,
		template_name = "",
		lt_grp = 0, srt_grp = 0, usr_flg = 0,
		spatialprops =
		{
			pos = { 1.978037, 0.948725, 9.485371 },
			orient = { {  0.873587,  0.010942, -0.486545 },
					   {  0.000393,  0.999731,  0.023190 },
					   {  0.486668, -0.020450,  0.873348 } }
		}
	},

	{
		entity_name = "char_trent_mrk_Jump_door_BH_Reed",
		type = MARKER,
		template_name = "",
		lt_grp = 0, srt_grp = 0, usr_flg = 0,
		spatialprops =
		{
			pos = { 1.811558, 0.969072, 8.019733 },
			orient = { { -0.862893,  0.000000, -0.505387 },
					   {  0.000000,  1.000000,  0.000000 },
					   {  0.505387,  0.000000, -0.862893 } }
		}
	},

	{
		entity_name = "Cam_9_I_Trent_Blast_in",
		type = CAMERA,
		template_name = "",
		lt_grp = 0, srt_grp = 0, usr_flg = 0,
		spatialprops =
		{
			pos = { -1.925959, 1.705976, -0.271107 },
			orient = { { -0.812914,  0.000000,  0.582384 },
					   {  0.049355,  0.996403,  0.068892 },
					   { -0.580289,  0.084746, -0.809989 } }
		},
		cameraprops =
		{
			fovh = 25,
			hvaspect = 1.85,
			nearplane = 0.1,
			farplane = 1000
		}
	},

	{
		entity_name = "char_trent_mrk_DIVE",
		type = MARKER,
		template_name = "",
		lt_grp = 0, srt_grp = 0, usr_flg = 0,
		spatialprops =
		{
			pos = { -1.860468, 0.356946, 6.112744 },
			orient = { {  0.930069,  0.000000,  0.367385 },
					   {  0.000000,  1.000000,  0.000000 },
					   { -0.367385,  0.000000,  0.930069 } }
		}
	},

	{
		entity_name = "char_rh_agent_2_mrk_turn_to_reed",
		type = MARKER,
		template_name = "",
		lt_grp = 0, srt_grp = 0, usr_flg = 0,
		spatialprops =
		{
			pos = { -1.821823, 0.947071, 1.869387 },
			orient = { { -0.879368,  0.000000, -0.476143 },
					   {  0.000000,  1.000000,  0.000000 },
					   {  0.476143,  0.000000, -0.879368 } }
		}
	},

	{
		entity_name = "char_rh_agent_1_mrk_turn_to_Reed",
		type = MARKER,
		template_name = "",
		lt_grp = 0, srt_grp = 0, usr_flg = 0,
		spatialprops =
		{
			pos = { 2.22793, 0.93355, 1.452586 },
			orient = { { -0.698136, -0.000036, -0.715966 },
					   { -0.000014,  1.000000, -0.000036 },
					   {  0.715966, -0.000015, -0.698136 } }
		}
	},

	{
		entity_name = "char_juni_mrk_Fire_Fight",
		type = MARKER,
		template_name = "",
		lt_grp = 0, srt_grp = 0, usr_flg = 0,
		spatialprops =
		{
			pos = { 1.853165, 0.928646, 7.909177 },
			orient = { { -0.673764,  0.000000, -0.738947 },
					   {  0.000000,  1.000000,  0.000000 },
					   {  0.738947,  0.000000, -0.673764 } }
		}
	},

	{
		entity_name = "Char_walker_mrk_Fire_Fight",
		type = MARKER,
		template_name = "",
		lt_grp = 0, srt_grp = 0, usr_flg = 0,
		spatialprops =
		{
			pos = { -1.970866, 0, 7.816943 },
			orient = { { -0.990338,  0.000000,  0.138674 },
					   {  0.000000,  1.000000,  0.000000 },
					   { -0.138674,  0.000000, -0.990338 } }
		}
	},

	{
		entity_name = "char_juni_mrk_Help_Jacobi",
		type = MARKER,
		template_name = "",
		lt_grp = 0, srt_grp = 0, usr_flg = 0,
		spatialprops =
		{
			pos = { 0.211979, 0.94891, 3.558811 },
			orient = { {  0.995809,  0.000000, -0.091457 },
					   {  0.000000,  1.000000,  0.000000 },
					   {  0.091457,  0.000000,  0.995809 } }
		}
	},

	{
		entity_name = "char_juni_mrk_Help_Jacobi_2",
		type = MARKER,
		template_name = "",
		lt_grp = 0, srt_grp = 0, usr_flg = 0,
		spatialprops =
		{
			pos = { -1.350251, 0.958595, -0.356518 },
			orient = { { -0.488713, -0.000003, -0.872445 },
					   {  0.000003,  1.000000, -0.000005 },
					   {  0.872445, -0.000005, -0.488713 } }
		}
	},

	{
		entity_name = "char_jacobi_Mrk_Freed",
		type = MARKER,
		template_name = "",
		lt_grp = 0, srt_grp = 0, usr_flg = 0,
		spatialprops =
		{
			pos = { -1.973508, 0.959183, 0.322009 },
			orient = { {  0.172052,  0.000000,  0.985088 },
					   {  0.000000,  1.000000,  0.000000 },
					   { -0.985088,  0.000000,  0.172052 } }
		}
	},

	{
		entity_name = "char_trent_mrk_checking_neiman",
		type = MARKER,
		template_name = "",
		lt_grp = 0, srt_grp = 0, usr_flg = 0,
		spatialprops =
		{
			pos = { 0.745305, 0.957217, 0.065081 },
			orient = { {  0.716330, -0.000008,  0.697762 },
					   {  0.000022,  1.000000, -0.000011 },
					   { -0.697762,  0.000024,  0.716330 } }
		}
	},

	{
		entity_name = "char_trent_mrk_dodging",
		type = MARKER,
		template_name = "",
		lt_grp = 0, srt_grp = 0, usr_flg = 0,
		spatialprops =
		{
			pos = { 0.2333, 0.957762, -0.306049 },
			orient = { {  0.404629, -0.000008, -0.914481 },
					   {  0.000025,  1.000000,  0.000002 },
