duration = 38.976;

entities =
{

	{
		entity_name = "Layer_s074x_nrml_Quintaine_pl_09_Pad_01",
		type = SCENE,
		template_name = "",
		lt_grp = 0, srt_grp = 0, usr_flg = 0,
		spatialprops =
		{
			pos = { 0, 0, 0 },
			orient = { { 1, 0, 0 }, { 0, 1, 0 }, { 0, 0, 1 } }
		},
		up = Y_AXIS,
		front = Z_AXIS,
		ambient = { 0, 0, 0 },
		userprops =
		{
			TextStart = "0.75000",
			TextString = "259608.00000",
		}
	},

	{
		entity_name = "Char_Trent",
		type = DEFORMABLE,
		template_name = "trent",
		lt_grp = 0, srt_grp = 0, usr_flg = 0,
		flags = LIT_DYNAMIC,
		spatialprops =
		{
			pos = { -20.17589, 0, -46.34032 },
			orient = { { -0.064265,  0.000000,  0.997933 },
					   {  0.000000,  1.000000,  0.000000 },
					   { -0.997933,  0.000000, -0.064265 } }
		},
		compoundprops =
		{
			floor_height = 0
		},
		userprops =
		{
			actor = "Player",
			category = "Character",
		}
	},

	{
		entity_name = "Char_order_male_tech_1",
		type = DEFORMABLE,
		template_name = "order_male_tech_1",
		lt_grp = 0, srt_grp = 0, usr_flg = 0,
		flags = LIT_DYNAMIC,
		spatialprops =
		{
			pos = { -16.27593, 0, -77.31032 },
			orient = { { -0.996980,  0.000000,  0.077657 },
					   {  0.000000,  1.000000,  0.000000 },
					   { -0.077657,  0.000000, -0.996980 } }
		},
		compoundprops =
		{
			floor_height = 0
		},
		userprops =
		{
			actor = "order_male_tech_1",
			category = "Character",
		}
	},

	{
		entity_name = "Char_Orillion",
		type = DEFORMABLE,
		template_name = "orillion",
		lt_grp = 0, srt_grp = 0, usr_flg = 0,
		flags = LIT_DYNAMIC,
		spatialprops =
		{
			pos = { -20.35492, 0, -35.56396 },
			orient = { { -0.537318,  0.000000,  0.843380 },
					   {  0.000000,  1.000000,  0.000000 },
					   { -0.843380,  0.000000, -0.537318 } }
		},
		compoundprops =
		{
			floor_height = 0
		},
		userprops =
		{
			actor = "orillion",
			category = "Character",
		}
	},

	{
		entity_name = "Z_dx_s074x_0101_Quintaine_15",
		type = SOUND,
		template_name = "dx_s074x_0101_Quintaine",
		lt_grp = 0, srt_grp = 0, usr_flg = 0,
		spatialprops =
		{
			pos = { 0, 0, 0 },
			orient = { { 1, 0, 0 }, { 0, 1, 0 }, { 0, 0, 1 } }
		},
		audioprops =
		{
			attenuation = -1,
			pan = 0,
			dmin = 50,
			dmax = 1000,
			ain = 360,
			aout = 360,
			atout = 0,
			rmix = 0,
		},
		userprops =
		{
			category = "Audio",
		}
	},

	{
		entity_name = "Z_dx_s074x_0102_Quintaine_16",
		type = SOUND,
		template_name = "dx_s074x_0102_Quintaine",
		lt_grp = 0, srt_grp = 0, usr_flg = 0,
		spatialprops =
		{
			pos = { 0, 0, 0 },
			orient = { { 1, 0, 0 }, { 0, 1, 0 }, { 0, 0, 1 } }
		},
		audioprops =
		{
			attenuation = -1,
			pan = 0,
			dmin = 50,
			dmax = 1000,
			ain = 360,
			aout = 360,
			atout = 0,
			rmix = 0,
		},
		userprops =
		{
			category = "Audio",
		}
	},

	{
		entity_name = "Z_dx_s074x_0201_Trent_17",
		type = SOUND,
		template_name = "dx_s074x_0201_Trent",
		lt_grp = 0, srt_grp = 0, usr_flg = 0,
		spatialprops =
		{
			pos = { 0, 0, 0 },
			orient = { { 1, 0, 0 }, { 0, 1, 0 }, { 0, 0, 1 } }
		},
		audioprops =
		{
			attenuation = -1,
			pan = 0,
			dmin = 50,
			dmax = 1000,
			ain = 360,
			aout = 360,
			atout = 0,
			rmix = 0,
		},
		userprops =
		{
			category = "Audio",
		}
	},

	{
		entity_name = "Z_dx_s074x_0401_Orillion_19",
		type = SOUND,
		template_name = "dx_s074x_0401_Orillion",
		lt_grp = 0, srt_grp = 0, usr_flg = 0,
		spatialprops =
		{
			pos = { 0, 0, 0 },
			orient = { { 1, 0, 0 }, { 0, 1, 0 }, { 0, 0, 1 } }
		},
		audioprops =
		{
			attenuation = -1,
			pan = 0,
			dmin = 50,
			dmax = 1000,
			ain = 360,
			aout = 360,
			atout = 0,
			rmix = 0,
		},
		userprops =
		{
			category = "Audio",
		}
	},

	{
		entity_name = "Z_dx_s074x_0402_Orillion_20",
		type = SOUND,
		template_name = "dx_s074x_0402_Orillion",
		lt_grp = 0, srt_grp = 0, usr_flg = 0,
		spatialprops =
		{
			pos = { 0, 0, 0 },
			orient = { { 1, 0, 0 }, { 0, 1, 0 }, { 0, 0, 1 } }
		},
		audioprops =
		{
			attenuation = -1,
			pan = 0,
			dmin = 50,
			dmax = 1000,
			ain = 360,
			aout = 360,
			atout = 0,
			rmix = 0,
		},
		userprops =
		{
			category = "Audio",
		}
	},

	{
		entity_name = "cam_Monitor",
		type = MONITOR,
		template_name = "",
		lt_grp = 0, srt_grp = 0, usr_flg = 0,
		userprops =
		{
			Priority = "Monitor_Moving_1",
		}
	},

	{
		entity_name = "Char_Juni",
		type = DEFORMABLE,
		template_name = "juni",
		lt_grp = 0, srt_grp = 0, usr_flg = 0,
		flags = LIT_DYNAMIC + LIT_AMBIENT,
		spatialprops =
		{
			pos = { -24.45585, 0, -46.15052 },
			orient = { { -0.113202,  0.000000,  0.993572 },
					   {  0.000000,  1.000000,  0.000000 },
					   { -0.993572,  0.000000, -0.113202 } }
		},
		compoundprops =
		{
			floor_height = 0
		},
		userprops =
		{
			actor = "juni",
			category = "Character",
		}
	},

	{
		entity_name = "Char_Juni_Mrk_Ajust",
		type = MARKER,
		template_name = "",
		lt_grp = 0, srt_grp = 0, usr_flg = 0,
		spatialprops =
		{
			pos = { -19.8808, 0.959241, -46.08661 },
			orient = { { -0.997870,  0.000000, -0.065238 },
					   {  0.000000,  1.000000,  0.000000 },
					   {  0.065238,  0.000000, -0.997870 } }
		}
	},

	{
		entity_name = "Char_Orillion_Mrk_start",
		type = MARKER,
		template_name = "",
		lt_grp = 0, srt_grp = 0, usr_flg = 0,
		spatialprops =
		{
			pos = { -20.35492, 0.973156, -35.56396 },
			orient = { { -0.537318,  0.000000,  0.843380 },
					   {  0.000000,  1.000000,  0.000000 },
					   { -0.843380,  0.000000, -0.537318 } }
		}
	},

	{
		entity_name = "Char_order_male_tech_Mrk_start",
		type = MARKER,
		template_name = "",
		lt_grp = 0, srt_grp = 0, usr_flg = 0,
		spatialprops =
		{
			pos = { -16.27593, 0.892916, -77.31032 },
			orient = { { -0.990574,  0.000000,  0.136975 },
					   {  0.000000,  1.000000,  0.000000 },
					   { -0.136975,  0.000000, -0.990574 } }
		}
	},

	{
		entity_name = "Char_Quintaine_Mrk_start",
		type = MARKER,
		template_name = "",
		lt_grp = 0, srt_grp = 0, usr_flg = 0,
		spatialprops =
		{
			pos = { -17.34065, 0.991379, -53.51173 },
			orient = { { -0.995383,  0.000210, -0.095978 },
					   {  0.000043,  0.999998,  0.001744 },
					   {  0.095978,  0.001732, -0.995382 } }
		}
	},

	{
		entity_name = "Char_Trent_Mrk_start",
		type = MARKER,
		template_name = "",
		lt_grp = 0, srt_grp = 0, usr_flg = 0,
		spatialprops =
		{
			pos = { -20.17589, 0.973156, -46.34032 },
			orient = { { -0.064265,  0.000000,  0.997933 },
					   {  0.000000,  1.000000,  0.000000 },
					   { -0.997933,  0.000000, -0.064265 } }
		}
	},

	{
		entity_name = "Char_Sinclair_Mrk_start",
		type = MARKER,
		template_name = "",
		lt_grp = 0, srt_grp = 0, usr_flg = 0,
		spatialprops =
		{
			pos = { -16.33935, 0, -52.30196 },
			orient = { { -0.994485,  0.000000,  0.104877 },
					   {  0.000000,  1.000000,  0.000000 },
					   { -0.104877,  0.000000, -0.994485 } }
		}
	},

	{
		entity_name = "Char_Sinclair",
		type = DEFORMABLE,
		template_name = "sinclair",
		lt_grp = 0, srt_grp = 0, usr_flg = 0,
		flags = LIT_DYNAMIC + LIT_AMBIENT,
		spatialprops =
		{
			pos = { 0, 0, 0 },
			orient = { { 1, 0, 0 }, { 0, 1, 0 }, { 0, 0, 1 } }
		},
		compoundprops =
		{
			floor_height = 0
		},
		userprops =
		{
			actor = "sinclair",
			category = "Character",
		}
	},

	{
		entity_name = "Prop_Maglev",
		type = COMPOUND,
		template_name = "maglev",
		lt_grp = 0, srt_grp = 0, usr_flg = 0,
		flags = LIT_DYNAMIC,
		spatialprops =
		{
			pos = { -16.68394, 0.623908, -73.95928 },
			orient = { { -0.999690,  0.024896,  0.000487 },
					   {  0.000720,  0.009373,  0.999956 },
					   {  0.024890,  0.999646, -0.009388 } }
		},
		userprops =
		{
			category = "Prop",
		}
	},

	{
		entity_name = "Prop_Maglev_Mrk_Destination",
		type = MARKER,
		template_name = "",
		lt_grp = 0, srt_grp = 0, usr_flg = 0,
		spatialprops =
		{
			pos = { -16.3772, 0.727296, -30.90313 },
			orient = { { -1.000000,  0.000647,  0.000715 },
					   {  0.000721,  0.009373,  0.999956 },
					   {  0.000641,  0.999956, -0.009374 } }
		}
	},

	{
		entity_name = "Char_Trent_Shift_over",
		type = MARKER,
		template_name = "",
		lt_grp = 0, srt_grp = 0, usr_flg = 0,
		spatialprops =
		{
			pos = { -18.97808, 0.973156, -46.26319 },
			orient = { { -0.064265,  0.000000,  0.997933 },
					   {  0.000000,  1.000000,  0.000000 },
					   { -0.997933,  0.000000, -0.064265 } }
		}
	},

	{
		entity_name = "Char_pygar_male_scientist_2_Mrk_start",
		type = MARKER,
		template_name = "",
		lt_grp = 0, srt_grp = 0, usr_flg = 0,
		spatialprops =
		{
			pos = { -19.54627, 0.973156, -35.09649 },
			orient = { {  0.521972,  0.000000, -0.852963 },
					   {  0.000000,  1.000000,  0.000000 },
					   {  0.852963,  0.000000,  0.521972 } }
		}
	},

	{
		entity_name = "Ship_PlayerShip",
		type = COMPOUND,
		template_name = "PlayerShip",
		lt_grp = 0, srt_grp = 0, usr_flg = 0,
		flags = HIDDEN + LIT_DYNAMIC,
		spatialprops =
		{
			pos = { -15.39804, 0, -23.02625 },
			orient = { {  0.642877,  0.000000, -0.765970 },
					   {  0.000000,  1.000000,  0.000000 },
					   {  0.765970,  0.000000,  0.642877 } }
		},
		userprops =
		{
			category = "Spaceship",
		}
	},

	{
		entity_name = "Char_order_male_tech_Mrk_At_Ship_Leaving",
		type = MARKER,
		template_name = "",
		lt_grp = 0, srt_grp = 0, usr_flg = 0,
		spatialprops =
		{
			pos = { -17.24075, 0.969072, -33.3809 },
			orient = { {  0.999811,  0.000000,  0.019463 },
					   {  0.000000,  1.000000,  0.000000 },
					   { -0.019463,  0.000000,  0.999811 } }
		}
	},

	{
		entity_name = "Char_Sinclair_Mrk_At_Ship",
		type = MARKER,
		template_name = "",
		lt_grp = 0, srt_grp = 0, usr_flg = 0,
		spatialprops =
		{
			pos = { -17.68946, 0, -31.91459 },
			orient = { { -0.411215,  0.000000,  0.911538 },
					   {  0.000000,  1.000000,  0.000000 },
					   { -0.911538,  0.000000, -0.411215 } }
		}
	},

	{
		entity_name = "Prop_Maglev_Mrk_At_Ship",
		type = MARKER,
		template_name = "",
		lt_grp = 0, srt_grp = 0, usr_flg = 0,
		spatialprops =
		{
			pos = { -14.88704, 0.88859, -33.50873 },
			orient = { { -0.999946,  0.001249,  0.010345 },
					   {  0.010348,  0.002454,  0.999943 },
					   {  0.001223,  0.999996, -0.002467 } }
		}
	},

	{
		entity_name = "Char_Quintaine",
		type = DEFORMABLE,
		template_name = "quintaine",
		lt_grp = 0, srt_grp = 0, usr_flg = 0,
		flags = LIT_DYNAMIC,
		spatialprops =
		{
			pos = { -1.505495, 0, 0 },
			orient = { { 1, 0, 0 }, { 0, 1, 0 }, { 0, 0, 1 } }
		},
		compoundprops =
		{
			floor_height = 0
		},
		userprops =
		{
			actor = "quintaine",
			category = "Character",
		}
	},

	{
		entity_name = "Prop_Maglev_Mrk_Leaving_Ship",
		type = MARKER,
		template_name = "",
		lt_grp = 0, srt_grp = 0, usr_flg = 0,
		spatialprops =
		{
			pos = { -16.29559, 0.869388, -43.6997 },
			orient = { { -0.999946,  0.001249,  0.010345 },
					   {  0.010348,  0.002454,  0.999943 },
					   {  0.001223,  0.999996, -0.002467 } }
		}
	},

	{
		entity_name = "Char_Sinclair_Mrk_turn_45",
		type = MARKER,
		template_name = "",
		lt_grp = 0, srt_grp = 0, usr_flg = 0,
		spatialprops =
		{
			pos = { -17.97387, 0.924912, -31.46451 },
			orient = { {  0.956418,  0.000000,  0.292002 },
					   {  0.000000,  1.000000,  0.000000 },
					   { -0.292002,  0.000000,  0.956418 } }
		}
	},

	{
		entity_name = "Char_Sinclair_Mrk_turn_Dodge_SCts",
		type = MARKER,
		template_name = "",
		lt_grp = 0, srt_grp = 0, usr_flg = 0,
		spatialprops =
		{
			pos = { -18.32184, 0.878435, -45.41949 },
			orient = { { -0.995452,  0.000000,  0.095261 },
					   {  0.000000,  1.000000,  0.000000 },
					   { -0.095261,  0.000000, -0.995452 } }
		}
	},

	{
		entity_name = "Ship_no_fighter",
		type = COMPOUND,
		template_name = "no_fighter",
		lt_grp = 0, srt_grp = 1, usr_flg = 0,
		flags = LIT_DYNAMIC,
		spatialprops =
		{
			pos = { 141.8008, 44.14163, -25.10108 },
			orient = { { -0.065476,  0.000000, -0.997854 },
					   { -0.214138,  0.976702,  0.014051 },
					   {  0.974606,  0.214599, -0.063950 } }
		},
		userprops =
		{
			category = "Spaceship",
		}
	},

	{
		entity_name = "Ship_no_fighter_Path_2",
		type = MOTION_PATH,
		template_name = "",
		lt_grp = 0, srt_grp = 0, usr_flg = 0,
		spatialprops =
		{
			pos = { 0, 0, 0 },
			orient = { { 1, 0, 0 }, { 0, 1, 0 }, { 0, 0, 1 } }
		},
		pathprops =
		{
			path_type = "CV_CROrientationSplinePath",
			path_data = "OPEN,{332.348724,173.421234,-73.858185}, {0.815385,-0.063771,0.574763,0.026986}, {148.588211,134.244675,-73.919815}, {0.743351,-0.039582,0.665626,-0.052959}, {-0.007965,114.198006,-104.311745}, {0.887800,0.043026,0.457794,-0.019634}, {-144.271393,141.712219,-271.736511}, {0.786835,-0.170247,0.296386,-0.513869}, "
		}
	},

	{
		entity_name = "Ship_or_elite_01",
		type = COMPOUND,
		template_name = "or_elite",
		lt_grp = 0, srt_grp = 0, usr_flg = 0,
		flags = LIT_DYNAMIC,
		spatialprops =
		{
			pos = { 127.1833, 169.5696, -446.0588 },
			orient = { { -0.279761, -0.957720,  0.067122 },
					   { -0.898630,  0.236608, -0.369434 },
					   {  0.337933, -0.163671, -0.926830 } }
		},
		userprops =
		{
			category = "Spaceship",
			loadout = "fc_or_or_elite_default",
			Priority = "FG_Ship_1",
		}
	},

	{
		entity_name = "Ship_MRK_no_follower",
		type = MARKER,
		template_name = "",
		lt_grp = 0, srt_grp = 0, usr_flg = 0,
		spatialprops =
		{
			pos = { 141.8008, 44.14163, -25.10108 },
			orient = { { -0.065476,  0.000000, -0.997854 },
					   { -0.425089,  0.904721,  0.027893 },
					   {  0.902780,  0.426004, -0.059237 } }
		}
	},

	{
		entity_name = "Ship_or_elite_01_Path_2",
		type = MOTION_PATH,
		template_name = "",
		lt_grp = 0, srt_grp = 0, usr_flg = 0,
		spatialprops =
		{
			pos = { 0, 0, 0 },
			orient = { { 1, 0, 0 }, { 0, 1, 0 }, { 0, 0, 1 } }
		},
		pathprops =
		{
			path_type = "CV_CROrientationSplinePath",
			path_data = "OPEN,{375.480316,179.657135,-58.563160}, {0.761467,-0.063301,0.644825,0.019018}, {128.869781,149.822510,-99.915253}, {0.768978,-0.147389,0.594581,-0.182820}, {0.518034,116.584724,-160.638031}, {0.789752,0.220272,0.490952,0.294514}, {-100.005402,139.179626,-218.846390}, {0.928174,0.072729,0.333975,0.147189}, "
		}
	},

	{
		entity_name = "Ship_or_elite_02_Path_2",
		type = MOTION_PATH,
		template_name = "",
		lt_grp = 0, srt_grp = 0, usr_flg = 0,
		spatialprops =
		{
			pos = { 21.12071, 0, -46.16759 },
			orient = { { 1, 0, 0 }, { 0, 1, 0 }, { 0, 0, 1 } }
		},
		pathprops =
		{
			path_type = "CV_CROrientationSplinePath",
			path_data = "OPEN,{375.480316,179.657135,-58.563160}, {0.761467,-0.063301,0.644825,0.019018}, {128.869781,149.822510,-99.915253}, {0.768978,-0.147389,0.594581,-0.182820}, {0.518034,116.584724,-160.638031}, {0.789752,0.220272,0.490952,0.294514}, {-100.005402,139.179626,-218.846390}, {0.928174,0.072729,0.333975,0.147189}, "
		}
	},

	{
		entity_name = "Ship_or_elite_02",
		type = COMPOUND,
		template_name = "or_elite",
		lt_grp = 0, srt_grp = 0, usr_flg = 0,
		flags = LIT_DYNAMIC,
		spatialprops =
		{
			pos = { 375.4803, 179.6571, -58.56316 },
			orient = { {  0.167678, -0.052673, -0.984434 },
					   { -0.110599,  0.991263, -0.071877 },
					   {  0.979618,  0.120930,  0.160387 } }
		},
		userprops =
		{
			category = "Spaceship",
			loadout = "fc_or_or_elite_default",
		}
	},

	{
		entity_name = "Cam_E_CU_Orllion",
		type = CAMERA,
		template_name = "",
		lt_grp = 0, srt_grp = 0, usr_flg = 0,
		spatialprops =
		{
			pos = { -19.96979, 1.766686, -36.89973 },
			orient = { { -0.978221,  0.000000, -0.207567 },
					   { -0.024287,  0.993131,  0.114461 },
					   {  0.206141,  0.117010, -0.971501 } }
		},
		cameraprops =
		{
			fovh = 20,
			hvaspect = 1.85,
			nearplane = 1,
			farplane = 1000
		}
	},

	{
		entity_name = "Cam_F_High&Wide_All",
		type = CAMERA,
		template_name = "",
		lt_grp = 0, srt_grp = 0, usr_flg = 0,
		spatialprops =
		{
			pos = { -21.52481, 2.07062, -35.47412 },
			orient = { {  0.455769,  0.000000,  0.890098 },
					   {  0.326516,  0.930287, -0.167190 },
					   { -0.828047,  0.366832,  0.423996 } }
		},
		cameraprops =
		{
			fovh = 30,
			hvaspect = 1.85,
			nearplane = 1,
			farplane = 100
		}
	},

	{
		entity_name = "Ship_or_elite_03_Buzz",
		type = COMPOUND,
		template_name = "or_elite",
		lt_grp = 0, srt_grp = 0, usr_flg = 0,
		flags = LIT_DYNAMIC,
		spatialprops =
		{
			pos = { -140.5508, 40.68316, 86.0282 },
			orient = { { -0.240023,  0.648775, -0.722136 },
					   {  0.560881,  0.699836,  0.442314 },
					   {  0.792339, -0.298867, -0.531862 } }
		},
		userprops =
		{
			category = "Spaceship",
			loadout = "fc_or_or_elite_default",
			Priority = "BG_Ship_1",
		}
	},

	{
		entity_name = "Cam_D_Dolly",
		type = CAMERA,
		template_name = "",
		lt_grp = 0, srt_grp = 0, usr_flg = 0,
		spatialprops =
		{
			pos = { -21.18021, 1.400228, -44.3198 },
			orient = { {  0.571946,  0.000000,  0.820291 },
					   {  0.033613,  0.999160, -0.023437 },
					   { -0.819602,  0.040978,  0.571466 } }
		},
		cameraprops =
		{
			fovh = 30,
			hvaspect = 1.85,
			nearplane = 0.5,
			farplane = 300
		}
	},

	{
		entity_name = "Cam_D_Dolly_Path_4Points",
		type = MOTION_PATH,
		template_name = "",
		lt_grp = 0, srt_grp = 0, usr_flg = 0,
		spatialprops =
		{
			pos = { -21.08254, 1.400228, -44.89909 },
			orient = { {  0.598373,  0.084812,  0.796716 },
					   {  0.027612,  0.991608, -0.126297 },
					   { -0.800742,  0.097571,  0.591009 } }
		},
		pathprops =
		{
			path_type = "CV_CROrientationSplinePath",
			path_data = "OPEN,{0.000001,0.000000,0.000000}, {1.000000,0.000000,0.000000,0.000000}, {2.660575,0.179313,1.863472}, {0.967507,-0.063868,-0.243694,-0.021561}, {4.222357,0.226885,2.668529}, {0.887495,-0.045967,-0.456549,-0.042447}, {6.081317,0.069873,3.139711}, {0.502785,-0.136917,-0.808783,-0.272636}, "
		}
	},

	{
		entity_name = "Cam_D_Dolly_Mrk_Path_1_A",
		type = MOTION_PATH,
		template_name = "",
		lt_grp = 0, srt_grp = 0, usr_flg = 0,
		spatialprops =
		{
			pos = { -19.04822, 1.20765, -45.34072 },
			orient = { {  0.999141,  0.000944, -0.041440 },
					   {  0.001675,  0.998006,  0.063096 },
					   {  0.041417, -0.063111,  0.997147 } }
		},
		pathprops =
		{
			path_type = "CV_CROrientationSplinePath",
			path_data = "OPEN,{0.000000,0.000000,0.000000}, {1.000000,0.000000,0.000000,0.000000}, {-1.004004,0.583290,9.187819}, {-0.067173,0.017135,0.966630,0.246620}, "
		}
	},

	{
		entity_name = "Cam_D_Dolly_Mrk_LookAt",
		type = MARKER,
		template_name = "",
		lt_grp = 0, srt_grp = 0, usr_flg = 0,
		spatialprops =
		{
			pos = { -19.04822, 1.20765, -45.34072 },
			orient = { {  0.993271,  0.000000, -0.115817 },
					   {  0.000000,  1.000000,  0.000000 },
					   {  0.115817,  0.000000,  0.993271 } }
		}
	},

	{
		entity_name = "Cam_D_Dolly_Mrk_Path_1_B",
		type = MOTION_PATH,
		template_name = "",
		lt_grp = 0, srt_grp = 0, usr_flg = 0,
		spatialprops =
		{
			pos = { -19.04822, 1.20765, -45.34072 },
			orient = { {  0.993271,  0.000000, -0.115817 },
					   {  0.000000,  1.000000,  0.000000 },
					   {  0.115817,  0.000000,  0.993271 } }
		},
		pathprops =
		{
			path_type = "CV_CROrientationSplinePath",
			path_data = "OPEN,{0.000000,0.000000,0.000000}, {1.000000,0.000000,0.000000,0.000000}, {-1.004005,0.583290,9.187820}, {-0.067173,0.017135,0.966630,0.246620}, "
		}
	},

	{
		entity_name = "Cam_G_LowTracking",
		type = CAMERA,
		template_name = "",
		lt_grp = 0, srt_grp = 0, usr_flg = 0,
		spatialprops =
		{
			pos = { -19.7654, 0.336485, -40.63697 },
			orient = { { -0.999744,  0.000000,  0.022628 },
					   { -0.005077,  0.974506, -0.224303 },
					   { -0.022051, -0.224360, -0.974257 } }
		},
		cameraprops =
		{
			fovh = 35,
			hvaspect = 1.85,
			nearplane = 1,
			farplane = 1000
		}
	},

	{
		entity_name = "Cam_G_LowTracking_End",
		type = CAMERA,
		template_name = "",
		lt_grp = 0, srt_grp = 0, usr_flg = 0,
		spatialprops =
		{
			pos = { -21.76306, 0.297816, -40.58279 },
			orient = { { -0.924873,  0.000000,  0.380277 },
					   { -0.086724,  0.973648, -0.210923 },
					   { -0.370256, -0.228056, -0.900500 } }
		},
		cameraprops =
		{
			fovh = 35,
			hvaspect = 1.85,
			nearplane = 0.1,
			farplane = 1000
		}
	},

	{
		entity_name = "Mrk_Offscreen",
		type = MARKER,
		template_name = "",
		lt_grp = 0, srt_grp = 0, usr_flg = 0,
		spatialprops =
		{
			pos = { -792.7786, -5930.95, 3459.779 },
			orient = { {  0.993710,  0.000000,  0.111982 },
					   {  0.000000,  1.000000,  0.000000 },
					   { -0.111982,  0.000000,  0.993710 } }
		}
	},

	{
		entity_name = "Char_order_male_tech_Mrk_At_Ship_Loading",
		type = MARKER,
		template_name = "",
		lt_grp = 0, srt_grp = 0, usr_flg = 0,
		spatialprops =
		{
			pos = { -16.80439, 0.969072, -31.8416 },
			orient = { { -0.768256,  0.000000,  0.640142 },
					   {  0.000000,  1.000000,  0.000000 },
					   { -0.640142,  0.000000, -0.768256 } }
		}
	},

	{
		entity_name = "Char_pygar_male_scientist_2",
		type = DEFORMABLE,
		template_name = "pygar_male_scientist_2",
		lt_grp = 0, srt_grp = 0, usr_flg = 0,
		flags = LIT_DYNAMIC + LIT_AMBIENT,
		spatialprops =
		{
			pos = { -19.54627, 0, -35.09649 },
			orient = { {  0.521972,  0.000000, -0.852963 },
					   {  0.000000,  1.000000,  0.000000 },
					   {  0.852963,  0.000000,  0.521972 } }
		},
		compoundprops =
		{
			floor_height = 0
		},
		userprops =
		{
			actor = "pygar_male_scientist_2",
			category = "Character",
		}
	},

	{
		entity_name = "Ship_Playership_Mrk",
		type = MARKER,
		template_name = "",
		lt_grp = 0, srt_grp = 0, usr_flg = 0,
		spatialprops =
		{
			pos = { -15.39804, 0, -23.02625 },
			orient = { {  0.642877,  0.000000, -0.765970 },
					   {  0.000000,  1.000000,  0.000000 },
					   {  0.765970,  0.000000,  0.642877 } }
		}
	},

	{
		entity_name = "Prop_PlayerShip_Shipcushion_Marker_A",
		type = MARKER,
		template_name = "",
		lt_grp = 0, srt_grp = 0, usr_flg = 0,
		flags = REFERENCE,
		spatialprops =
		{
			pos = { 23.66104, 0, 31.21434 },
			orient = { { -0.371335,  0.000000,  0.928499 },
					   {  0.000000,  1.000000,  0.000000 },
					   { -0.928499,  0.000000, -0.371335 } }
		}
	},

	{
		entity_name = "Set_pl_09_planetscape_Mrk_For_Doors",
		type = MARKER,
		template_name = "",
		lt_grp = 0, srt_grp = 0, usr_flg = 0,
		spatialprops =
		{
			pos = { 141.8008, 44.14163, -25.10108 },
			orient = { { -0.065476,  0.000000, -0.997854 },
					   { -0.425089,  0.904721,  0.027893 },
					   {  0.902780,  0.426004, -0.059237 } }
		}
	},

	{
		entity_name = "Prop_lair_power_cell_Mrk",
		type = MARKER,
		template_name = "",
		lt_grp = 0, srt_grp = 0, usr_flg = 0,
		spatialprops =
		{
			pos = { -16.68352, 1.233332, -73.90614 },
			orient = { { -0.999690, -0.001470,  0.024857 },
					   {  0.000720, -0.999546, -0.030117 },
					   {  0.024890, -0.030090,  0.999237 } }
		}
	},

	{
		entity_name = "Cam_A_Tracking_Path",
		type = MOTION_PATH,
		template_name = "",
		lt_grp = 0, srt_grp = 0, usr_flg = 0,
		spatialprops =
		{
			pos = { -193.6231, 138.5467, -190.8232 },
			orient = { {  0.503658,  0.000000,  0.863903 },
					   { -0.074162,  0.996308,  0.043237 },
					   { -0.860714, -0.085846,  0.501798 } }
		},
		pathprops =
		{
			path_type = "CV_CROrientationSplinePath",
			path_data = "OPEN,{-0.000015,-0.000007,0.000002}, {1.000000,0.000000,0.000000,0.000000}, {4.453457,-22.478216,140.244492}, {0.994824,-0.026100,0.098027,-0.005861}, {69.785294,-91.085510,204.673309}, {0.983045,0.049554,0.174902,-0.023988}, {152.829437,-114.910049,242.483398}, {0.934292,0.064346,0.346465,-0.054035}, {292.552643,-120.165855,243.429932}, {0.805243,0.011109,0.589893,-0.059036}, {447.750122,-116.269440,265.349457}, {0.595784,0.017056,0.797699,-0.091796}, "
		}
	},

	{
		entity_name = "Cam_A_Tracking",
		type = CAMERA,
		template_name = "",
		lt_grp = 0, srt_grp = 0, usr_flg = 0,
		spatialprops =
		{
			pos = { -46.00757, 16.82156, 466.5955 },
			orient = { { -0.854836,  0.000000, -0.518898 },
					   {  0.013367,  0.999668, -0.022021 },
					   {  0.518726, -0.025761, -0.854552 } }
		},
		cameraprops =
		{
			fovh = 30,
			hvaspect = 1.85,
			nearplane = 6,
			farplane = 100000
		}
	},

	{
		entity_name = "Ship_no_fighter_Path_1",
		type = MOTION_PATH,
		template_name = "",
		lt_grp = 0, srt_grp = 0, usr_flg = 0,
		spatialprops =
		{
			pos = { -71.02386, 149.1823, -240.217 },
			orient = { { -0.591434,  0.004107, -0.806343 },
					   { -0.066723,  0.996308,  0.054014 },
					   {  0.803588,  0.085747, -0.588977 } }
		},
		pathprops =
		{
			path_type = "CV_CROrientationSplinePath",
			path_data = "OPEN,{35.114513,-25.585207,295.273499}, {0.884181,0.295150,0.208675,0.295914}, {-40.483994,24.609388,176.999298}, {0.992268,0.007514,-0.076254,-0.097634}, {56.387745,3.284576,-15.690570}, {0.652526,0.092934,-0.081097,-0.747661}, {73.241722,-10.899483,-106.602768}, {0.983225,-0.015194,0.109153,-0.145335}, {-0.481082,-64.541534,-259.075256}, {0.769193,-0.240528,0.133528,-0.576766}, {-82.754814,-105.038544,-330.662476}, {0.828076,0.006795,0.560220,0.019933}, {-146.878815,-108.402626,-370.206787}, {0.582437,0.390420,0.406212,0.585944}, {-248.954269,-112.293213,-405.219330}, {0.779877,0.087978,0.603582,-0.140501}, {-375.702667,-48.917713,-439.031830}, {0.617542,0.524710,0.511125,-0.286482}, "
		}
	},

	{
		entity_name = "Ship_or_elite_01_Path_1",
		type = MOTION_PATH,
		template_name = "",
		lt_grp = 0, srt_grp = 0, usr_flg = 0,
		spatialprops =
		{
			pos = { -71.02386, 149.1823, -240.217 },
			orient = { { -0.591434,  0.004107, -0.806343 },
					   { -0.066723,  0.996308,  0.054014 },
					   {  0.803588,  0.085747, -0.588977 } }
		},
		pathprops =
		{
			path_type = "CV_CROrientationSplinePath",
			path_data = "OPEN,{48.836288,-4.031122,282.261108}, {0.739349,-0.084052,0.302047,-0.595874}, {-76.119637,29.806633,131.141327}, {0.820742,-0.180788,0.364459,-0.401083}, {-80.560654,-1.889483,-68.618164}, {0.816025,-0.170978,-0.095977,-0.543744}, {-4.366514,-96.843277,-282.398956}, {0.901630,0.136758,0.305484,0.273935}, {-134.538574,-104.909164,-395.330994}, {0.781139,0.278153,0.474708,0.295137}, {-248.469925,-104.105278,-423.978729}, {0.739389,0.053474,0.654172,-0.150009}, {-375.717865,-48.911106,-439.042328}, {0.696329,0.056295,0.658956,-0.278808}, "
		}
	},

	{
		entity_name = "Ship_or_elite_02_Path_1",
		type = MOTION_PATH,
		template_name = "",
		lt_grp = 0, srt_grp = 0, usr_flg = 0,
		spatialprops =
		{
			pos = { 33.33962, 189.7731, -518.3179 },
			orient = { { -0.962933,  0.098316, -0.251186 },
					   {  0.108000,  0.993836, -0.025029 },
					   {  0.247177, -0.051229, -0.967615 } }
		},
		pathprops =
		{
			path_type = "CV_CROrientationSplinePath",
			path_data = "OPEN,{-52.058144,27.262836,9.261540}, {1.000000,0.000000,0.000000,0.000000}, {17.971003,29.231697,-111.619179}, {0.910013,-0.247216,-0.145513,0.299310}, {97.786690,-58.695461,-308.577148}, {0.972967,-0.109592,-0.121231,-0.163178}, {104.287277,-179.486923,-563.781189}, {0.935737,-0.253600,0.062506,0.237017}, {118.812599,-219.841705,-645.398926}, {0.963950,-0.045163,0.062694,0.254619}, {93.126396,-214.659225,-729.393738}, {0.823381,0.134168,0.218144,0.506415}, {20.881111,-183.781097,-855.806396}, {0.984649,-0.009940,0.163682,-0.059795}, {-69.809807,-108.674225,-904.253418}, {1.000000,0.000000,0.000000,0.000000}, "
		}
	},

	{
		entity_name = "Prop_lair_power_cell",
		type = COMPOUND,
		template_name = "lair_power_cell",
		lt_grp = 0, srt_grp = 0, usr_flg = 0,
		flags = LIT_DYNAMIC,
		spatialprops =
		{
			pos = { -16.68352, 1.233332, -73.90614 },
			orient = { { -0.999690, -0.001470,  0.024857 },
					   {  0.000720, -0.999546, -0.030117 },
					   {  0.024890, -0.030090,  0.999237 } }
		},
		userprops =
		{
			category = "Solar",
		}
	},

	{
		entity_name = "Cam_B_Tracking_Mrk",
		type = MARKER,
		template_name = "",
		lt_grp = 0, srt_grp = 0, usr_flg = 0,
		spatialprops =
		{
			pos = { -214.041, 52.67583, 139.8624 },
			orient = { {  0.578782,  0.000000,  0.815482 },
					   {  0.116942,  0.989664, -0.082999 },
					   { -0.807054,  0.143402,  0.572800 } }
		}
	},

	{
		entity_name = "Cam_C_Dolly_Path",
		type = MOTION_PATH,
		template_name = "",
		lt_grp = 0, srt_grp = 0, usr_flg = 0,
		spatialprops =
		{
			pos = { -14.6794, 1.077309, -40.56701 },
			orient = { {  0.933809, -0.004946, -0.357738 },
					   { -0.000501,  0.999885, -0.015132 },
					   {  0.357772,  0.014310,  0.933699 } }
		},
		pathprops =
		{
			path_type = "CV_CROrientationSplinePath",
			path_data = "OPEN,{-3.349477,-0.019885,0.229967}, {0.964343,0.000000,-0.264655,0.000000}, {-3.427171,-0.022215,-1.336026}, {0.973867,-0.006130,-0.226903,0.007773}, {-2.107141,0.340989,-2.952378}, {0.998817,-0.026277,-0.040904,0.000807}, "
		}
	},

	{
		entity_name = "Cam_C_Dolly",
		type = CAMERA,
		template_name = "",
		lt_grp = 0, srt_grp = 0, usr_flg = 0,
		spatialprops =
		{
			pos = { -17.72489, 1.077284, -39.15376 },
			orient = { {  0.985617,  0.003051,  0.168970 },
					   { -0.000501,  0.999885, -0.015132 },
					   { -0.168997,  0.014830,  0.985505 } }
		},
		cameraprops =
		{
			fovh = 20,
			hvaspect = 1.85,
			nearplane = 1,
			farplane = 75
		}
	},

	{
		entity_name = "Prop_artifact_crystal",
		type = COMPOUND,
		template_name = "prop_artifact_crystal",
		lt_grp = 0, srt_grp = 0, usr_flg = 0,
		flags = LIT_DYNAMIC,
		spatialprops =
		{
			pos = { -16.68352, 1.233332, -73.90614 },
			orient = { { -0.999690, -0.001470,  0.024857 },
					   {  0.000720, -0.999546, -0.030117 },
					   {  0.024890, -0.030090,  0.999237 } }
		},
		userprops =
		{
			category = "Prop",
		}
	},

	{
		entity_name = "Char_Quintaine_Mrk_ajust",
		type = MARKER,
		template_name = "",
		lt_grp = 0, srt_grp = 0, usr_flg = 0,
		spatialprops =
		{
			pos = { -18.86408, 0.973156, -36.47659 },
			orient = { { -0.288634,  0.000000, -0.957440 },
					   {  0.000000,  1.000000,  0.000000 },
					   {  0.957440,  0.000000, -0.288634 } }
		}
	},

	{
		entity_name = "Char_Trent_Mrk_LookAtQ",
		type = MARKER,
		template_name = "",
		lt_grp = 0, srt_grp = 0, usr_flg = 0,
		spatialprops =
		{
			pos = { -17.95658, 1.677111, -46.99696 },
			orient = { { -0.997197,  0.000000, -0.074824 },
					   {  0.000000,  1.000000,  0.000000 },
					   {  0.074824,  0.000000, -0.997197 } }
		}
	},

	{
		entity_name = "Char_Trent_Mrk_LookAtQ_Path",
		type = MOTION_PATH,
		template_name = "",
		lt_grp = 0, srt_grp = 0, usr_flg = 0,
		spatialprops =
		{
			pos = { -17.95658, 1.677111, -46.99696 },
			orient = { { -0.997197,  0.000000, -0.074824 },
					   {  0.000000,  1.000000,  0.000000 },
					   {  0.074824,  0.000000, -0.997197 } }
		},
		pathprops =
		{
			path_type = "CV_CROrientationSplinePath",
			path_data = "OPEN,{0.000001,0.000000,-0.000002}, {1.000000,0.000000,0.000000,0.000000}, {0.283869,0.000000,-0.410649}, {1.000000,0.000000,0.000000,0.000000}, {0.881981,0.000000,-0.452482}, {1.000000,0.000000,0.000000,0.000000}, "
		}
	},

	{
		entity_name = "Ship_or_elite_04_Buzz_Mrk_End",
		type = MARKER,
		template_name = "",
		lt_grp = 0, srt_grp = 0, usr_flg = 0,
		spatialprops =
		{
			pos = { -229.81, 72.19021, 147.8519 },
			orient = { {  0.149687,  0.881746, -0.447346 },
					   {  0.567975,  0.293661,  0.768874 },
					   {  0.809319, -0.369172, -0.456852 } }
		}
	},

	{
		entity_name = "Ship_or_elite_03_Buzz_Path",
		type = MOTION_PATH,
		template_name = "",
		lt_grp = 0, srt_grp = 0, usr_flg = 0,
		spatialprops =
		{
			pos = { -187.6178, 58.43671, 117.6217 },
			orient = { { -0.582074, -0.109220, -0.805767 },
					   {  0.182727,  0.948024, -0.260502 },
					   {  0.792339, -0.298866, -0.531862 } }
		},
		pathprops =
		{
			path_type = "CV_CROrientationSplinePath",
			path_data = "OPEN,{-0.000360,-0.000252,59.402397}, {0.908495,0.000000,0.000000,0.417896}, {-0.000015,0.000033,-59.401726}, {0.858314,0.000000,0.000000,-0.513125}, "
		}
	},

	{
		entity_name = "Ship_or_elite_04_Buzz",
		type = COMPOUND,
		template_name = "or_elite",
		lt_grp = 0, srt_grp = 0, usr_flg = 0,
		flags = LIT_DYNAMIC,
		spatialprops =
		{
			pos = { -106.2261, 15.69285, 78.88728 },
			orient = { { -0.372930, -0.927216, -0.034546 },
					   { -0.482827,  0.225720, -0.846126 },
					   {  0.792339, -0.298866, -0.531862 } }
		},
		userprops =
		{
			category = "Spaceship",
			loadout = "fc_or_or_elite_default",
			Priority = "BG_Ship_1",
		}
	},

	{
		entity_name = "Char_Sinclair_Mrk_LastShot",
		type = MARKER,
		template_name = "",
		lt_grp = 0, srt_grp = 0, usr_flg = 0,
		spatialprops =
		{
			pos = { -16.74268, 0, -32.72219 },
			orient = { {  0.720466,  0.000000, -0.693490 },
					   {  0.000000,  1.000000,  0.000000 },
					   {  0.693490,  0.000000,  0.720466 } }
		}
	},

	{
		entity_name = "Char_Trent_Mrk_LookAtQ_Ahead",
		type = MARKER,
		template_name = "",
		lt_grp = 0, srt_grp = 0, usr_flg = 0,
		spatialprops =
		{
			pos = { -18.86994, 1.677111, -46.61174 },
			orient = { { -0.997197,  0.000000, -0.074824 },
					   {  0.000000,  1.000000,  0.000000 },
					   {  0.074824,  0.000000, -0.997197 } }
		}
	},

	{
		entity_name = "Char_Juni_Mrk_Nod",
		type = MARKER,
		template_name = "",
		lt_grp = 0, srt_grp = 0, usr_flg = 0,
		spatialprops =
		{
			pos = { -20.42091, 1.597206, -36.41456 },
			orient = { { -0.994503,  0.000000,  0.104707 },
					   {  0.000000,  1.000000,  0.000000 },
					   { -0.104707,  0.000000, -0.994503 } }
		}
	},

	{
		entity_name = "Char_Juni_Mrk_Nod_Down",
		type = MARKER,
		template_name = "",
		lt_grp = 0, srt_grp = 0, usr_flg = 0,
		spatialprops =
		{
			pos = { -20.42091, 1.505856, -36.41455 },
			orient = { { -0.994503,  0.000000,  0.104707 },
					   {  0.000000,  1.000000,  0.000000 },
					   { -0.104707,  0.000000, -0.994503 } }
		}
	},

	{
		entity_name = "Char_Trent_Mrk_Nod",
		type = MARKER,
		template_name = "",
		lt_grp = 0, srt_grp = 0, usr_flg = 0,
		spatialprops =
		{
			pos = { -19.98978, 1.681002, -36.45205 },
			orient = { { -0.869446, -0.001664, -0.494025 },
					   { -0.016306,  0.999546,  0.025331 },
					   {  0.493759,  0.030079, -0.869079 } }
		}
	},

	{
		entity_name = "Char_Trent_Mrk_Nod_Down",
		type = MARKER,
		template_name = "",
		lt_grp = 0, srt_grp = 0, usr_flg = 0,
		spatialprops =
		{
			pos = { -19.98978, 1.607985, -36.45205 },
			orient = { { -0.869446, -0.001664, -0.494025 },
					   { -0.016306,  0.999546,  0.025331 },
					   {  0.493759,  0.030079, -0.869079 } }
		}
	},

	{
		entity_name = "Ship_or_elite_01_Mrk_Gun_1",
		type = MARKER,
		template_name = "",
		lt_grp = 0, srt_grp = 0, usr_flg = 0,
		spatialprops =
		{
			pos = { 127.0113, 170.1782, -438.1033 },
			orient = { {  0.279760,  0.957721, -0.067123 },
					   {  0.898630, -0.236607,  0.369434 },
					   {  0.337933, -0.163671, -0.926829 } }
		}
	},

	{
		entity_name = "Ship_or_elite_01_Mrk_Gun_2",
		type = MARKER,
		template_name = "",
		lt_grp = 0, srt_grp = 0, usr_flg = 0,
		spatialprops =
		{
			pos = { 126.0592, 168.9821, -439.2233 },
			orient = { {  0.937285,  0.147907,  0.315626 },
					   {  0.085426, -0.975364,  0.203389 },
					   {  0.337933, -0.163671, -0.926830 } }
		}
	},

	{
		entity_name = "Ship_or_elite_01_Mrk_Gun_3",
		type = MARKER,
		template_name = "",
		lt_grp = 0, srt_grp = 0, usr_flg = 0,
		spatialprops =
		{
			pos = { 126.8064, 171.5483, -439.404 },
			orient = { { -0.723167,  0.585100, -0.366999 },
					   {  0.602355,  0.794273,  0.079363 },
					   {  0.337933, -0.163671, -0.926830 } }
		}
	},

	{
		entity_name = "Ship_or_elite_01_Mrk_Gun_4",
		type = MARKER,
		template_name = "",
		lt_grp = 0, srt_grp = 0, usr_flg = 0,
		spatialprops =
		{
			pos = { 128.5851, 161.7444, -448.3121 },
			orient = { { -0.279760, -0.957721,  0.067122 },
					   { -0.898630,  0.236608, -0.369433 },
					   {  0.337932, -0.163670, -0.926830 } }
		}
	},

	{
		entity_name = "Ship_or_elite_01_Mrk_Gun_5",
		type = MARKER,
		template_name = "",
		lt_grp = 0, srt_grp = 0, usr_flg = 0,
		spatialprops =
		{
			pos = { 133.3149, 175.2053, -446.5304 },
			orient = { {  0.279760,  0.957721, -0.067123 },
					   {  0.898631, -0.236607,  0.369432 },
					   {  0.337931, -0.163671, -0.926830 } }
		}
	},

	{
		entity_name = "Ship_or_elite_01_Mrk_Gun_6",
		type = MARKER,
		template_name = "",
		lt_grp = 0, srt_grp = 0, usr_flg = 0,
		spatialprops =
		{
			pos = { 124.1724, 170.8572, -440.2138 },
			orient = { { -0.279761, -0.957721,  0.067122 },
					   { -0.898630,  0.236607, -0.369434 },
					   {  0.337933, -0.163671, -0.926830 } }
		}
	},

	{
		entity_name = "Ship_or_elite_04_Buzz_Mrk_Start",
		type = MARKER,
		template_name = "",
		lt_grp = 0, srt_grp = 0, usr_flg = 0,
		spatialprops =
		{
			pos = { -106.2261, 15.69285, 78.88728 },
			orient = { { -0.372930, -0.927216, -0.034546 },
					   { -0.482827,  0.225719, -0.846126 },
					   {  0.792339, -0.298866, -0.531862 } }
		}
	},

	{
		entity_name = "Ship_or_elite_02_Mrk_Gun_1",
		type = MARKER,
		template_name = "",
		lt_grp = 0, srt_grp = 0, usr_flg = 0,
		spatialprops =
		{
			pos = { 368.3945, 176.1291, -59.58049 },
			orient = { { -0.167678,  0.052674,  0.984434 },
					   {  0.110599, -0.991263,  0.071877 },
					   {  0.979618,  0.120929,  0.160387 } }
		}
	},

	{
		entity_name = "Ship_or_elite_02_Mrk_Gun_2",
		type = MARKER,
		template_name = "",
		lt_grp = 0, srt_grp = 0, usr_flg = 0,
		spatialprops =
		{
			pos = { 369.4031, 177.1466, -60.82104 },
			orient = { {  0.038013, -0.895650,  0.443132 },
					   {  0.197239, -0.428004, -0.881992 },
					   {  0.979618,  0.120930,  0.160387 } }
		}
	},

	{
		entity_name = "Ship_or_elite_02_Mrk_Gun_3",
		type = MARKER,
		template_name = "",
		lt_grp = 0, srt_grp = 0, usr_flg = 0,
		spatialprops =
		{
			pos = { 368.9536, 177.2902, -58.18399 },
			orient = { { -0.166348,  0.935965,  0.310319 },
					   { -0.112590, -0.330675,  0.937005 },
					   {  0.979618,  0.120930,  0.160387 } }
		}
	},

	{
		entity_name = "Ship_or_elite_02_Mrk_Gun_4",
		type = MARKER,
		template_name = "",
		lt_grp = 0, srt_grp = 0, usr_flg = 0,
		spatialprops =
		{
			pos = { 380.6624, 177.4969, -64.62569 },
			orient = { {  0.167678, -0.052673, -0.984434 },
					   { -0.110600,  0.991263, -0.071877 },
					   {  0.979618,  0.120930,  0.160388 } }
		}
	},

	{
		entity_name = "Ship_or_elite_02_Mrk_Gun_5",
		type = MARKER,
		template_name = "",
		lt_grp = 0, srt_grp = 0, usr_flg = 0,
		spatialprops =
		{
			pos = { 376.2793, 176.2579, -50.98769 },
			orient = { { -0.167678,  0.052674,  0.984434 },
					   {  0.110601, -0.991262,  0.071878 },
					   {  0.979618,  0.120932,  0.160387 } }
		}
	},

	{
		entity_name = "Ship_or_elite_02_Mrk_Gun_6",
		type = MARKER,
		template_name = "",
		lt_grp = 0, srt_grp = 0, usr_flg = 0,
		spatialprops =
		{
			pos = { 368.8764, 179.697, -59.69167 },
			orient = { {  0.167678, -0.052673, -0.984434 },
					   { -0.110599,  0.991263, -0.071877 },
					   {  0.979618,  0.120930,  0.160387 } }
		}
	},

	{
		entity_name = "Ship_or_elite_01_TempEffects_Gun_1",
		type = PSYS,
		template_name = "rtc_rhspragueguns",
		lt_grp = 0, srt_grp = 0, usr_flg = 0,
		flags = LIT_DYNAMIC + LIT_AMBIENT,
		spatialprops =
		{
			pos = { 127.0113, 170.1782, -438.1033 },
			orient = { {  0.279760,  0.957721, -0.067123 },
					   {  0.898630, -0.236607,  0.369434 },
					   {  0.337933, -0.163671, -0.926829 } }
		},
		psysprops =
		{
			sparam = 0
		},
		userprops =
		{
			Priority = "FG_Ship_1",
		}
	},

	{
		entity_name = "Ship_or_elite_01_TempEffects_Gun_6",
		type = PSYS,
		template_name = "rtc_rhspragueguns",
		lt_grp = 0, srt_grp = 0, usr_flg = 0,
		flags = LIT_DYNAMIC + LIT_AMBIENT,
		spatialprops =
		{
			pos = { 124.1724, 170.8572, -440.2138 },
			orient = { { -0.279761, -0.957721,  0.067122 },
					   { -0.898630,  0.236607, -0.369434 },
					   {  0.337933, -0.163671, -0.926830 } }
		},
		psysprops =
		{
			sparam = 0
		},
		userprops =
		{
			Priority = "FG_Ship_1",
		}
	},

	{
		entity_name = "Ship_or_elite_01_TempEffects_Gun_5",
		type = PSYS,
		template_name = "rtc_rhspragueguns",
		lt_grp = 0, srt_grp = 0, usr_flg = 0,
		flags = LIT_DYNAMIC + LIT_AMBIENT,
		spatialprops =
		{
			pos = { 133.3149, 175.2053, -446.5304 },
			orient = { {  0.279760,  0.957721, -0.067123 },
					   {  0.898631, -0.236607,  0.369432 },
					   {  0.337931, -0.163671, -0.926830 } }
		},
