duration = 74.218;

entities =
{

	{
		entity_name = "Layer_s075xz_nrml_Orillion_li_05_Deck_01",
		type = SCENE,
		template_name = "",
		lt_grp = 0, srt_grp = 0, usr_flg = 0,
		spatialprops =
		{
			pos = { 0, 0, 0 },
			orient = { { 1, 0, 0 }, { 0, 1, 0 }, { 0, 0, 1 } }
		},
		up = Y_AXIS,
		front = Z_AXIS,
		ambient = { 0, 0, 0 },
		userprops =
		{
			TextStart = "0.75000",
			TextString = "259608.00000",
		}
	},

	{
		entity_name = "Char_Trent",
		type = DEFORMABLE,
		template_name = "trent",
		lt_grp = 0, srt_grp = 0, usr_flg = 0,
		flags = LIT_DYNAMIC,
		spatialprops =
		{
			pos = { -13.17143, 0, -12.76026 },
			orient = { { -0.727696,  0.000000,  0.685900 },
					   {  0.000000,  1.000000,  0.000000 },
					   { -0.685900,  0.000000, -0.727696 } }
		},
		compoundprops =
		{
			floor_height = 0
		},
		userprops =
		{
			actor = "Player",
			category = "Character",
		}
	},

	{
		entity_name = "Char_Orillion",
		type = DEFORMABLE,
		template_name = "orillion",
		lt_grp = 0, srt_grp = 0, usr_flg = 0,
		flags = LIT_DYNAMIC,
		spatialprops =
		{
			pos = { -3.712878, 0, -3.308808 },
			orient = { {  0.855754,  0.000000, -0.517382 },
					   {  0.000000,  1.000000,  0.000000 },
					   {  0.517382,  0.000000,  0.855754 } }
		},
		compoundprops =
		{
			floor_height = 0
		},
		userprops =
		{
			actor = "orillion",
			category = "Character",
		}
	},

	{
		entity_name = "Char_Juni",
		type = DEFORMABLE,
		template_name = "juni",
		lt_grp = 0, srt_grp = 0, usr_flg = 0,
		flags = LIT_DYNAMIC,
		spatialprops =
		{
			pos = { -6.672082, 0, -17.41245 },
			orient = { { -0.999335,  0.000000,  0.036454 },
					   {  0.000000,  1.000000,  0.000000 },
					   { -0.036454,  0.000000, -0.999335 } }
		},
		compoundprops =
		{
			floor_height = 0
		},
		userprops =
		{
			actor = "Juni",
			category = "Character",
		}
	},

	{
		entity_name = "Char_VonClaussen",
		type = DEFORMABLE,
		template_name = "vonclaussen",
		lt_grp = 0, srt_grp = 0, usr_flg = 0,
		flags = LIT_DYNAMIC,
		spatialprops =
		{
			pos = { -18.26439, 0, -18.84903 },
			orient = { { -0.718835,  0.000000,  0.695181 },
					   {  0.000000,  1.000000,  0.000000 },
					   { -0.695181,  0.000000, -0.718835 } }
		},
		compoundprops =
		{
			floor_height = 0
		},
		userprops =
		{
			actor = "vonclaussn",
			category = "Character",
		}
	},

	{
		entity_name = "dx_s075x_0101_Trent_21",
		type = SOUND,
		template_name = "dx_s075x_0101_Trent",
		lt_grp = 0, srt_grp = 0, usr_flg = 0,
		spatialprops =
		{
			pos = { 0, 0, 0 },
			orient = { { 1, 0, 0 }, { 0, 1, 0 }, { 0, 0, 1 } }
		},
		audioprops =
		{
			attenuation = -1,
			pan = 0,
			dmin = 50,
			dmax = 1000,
			ain = 360,
			aout = 360,
			atout = 0,
			rmix = 0,
		},
		userprops =
		{
			category = "Audio",
		}
	},

	{
		entity_name = "dx_s075x_0201_juni_22",
		type = SOUND,
		template_name = "dx_s075x_0201_juni",
		lt_grp = 0, srt_grp = 0, usr_flg = 0,
		spatialprops =
		{
			pos = { 0, 0, 0 },
			orient = { { 1, 0, 0 }, { 0, 1, 0 }, { 0, 0, 1 } }
		},
		audioprops =
		{
			attenuation = -1,
			pan = 0,
			dmin = 50,
			dmax = 1000,
			ain = 360,
			aout = 360,
			atout = 0,
			rmix = 0,
		},
		userprops =
		{
			category = "Audio",
		}
	},

	{
		entity_name = "dx_s075x_0301_Orillion_23",
		type = SOUND,
		template_name = "dx_s075x_0301_Orillion",
		lt_grp = 0, srt_grp = 0, usr_flg = 0,
		spatialprops =
		{
			pos = { 0, 0, 0 },
			orient = { { 1, 0, 0 }, { 0, 1, 0 }, { 0, 0, 1 } }
		},
		audioprops =
		{
			attenuation = -1,
			pan = 0,
			dmin = 50,
			dmax = 1000,
			ain = 360,
			aout = 360,
			atout = 0,
			rmix = 0,
		},
		userprops =
		{
			category = "Audio",
		}
	},

	{
		entity_name = "dx_s075x_0302_Orillion_24",
		type = SOUND,
		template_name = "dx_s075x_0302_Orillion",
		lt_grp = 0, srt_grp = 0, usr_flg = 0,
		spatialprops =
		{
			pos = { 0, 0, 0 },
			orient = { { 1, 0, 0 }, { 0, 1, 0 }, { 0, 0, 1 } }
		},
		audioprops =
		{
			attenuation = -1,
			pan = 0,
			dmin = 50,
			dmax = 1000,
			ain = 360,
			aout = 360,
			atout = 0,
			rmix = 0,
		},
		userprops =
		{
			category = "Audio",
		}
	},

	{
		entity_name = "dx_s075x_0303_Orillion_25",
		type = SOUND,
		template_name = "dx_s075x_0303_Orillion",
		lt_grp = 0, srt_grp = 0, usr_flg = 0,
		spatialprops =
		{
			pos = { 0, 0, 0 },
			orient = { { 1, 0, 0 }, { 0, 1, 0 }, { 0, 0, 1 } }
		},
		audioprops =
		{
			attenuation = -1,
			pan = 0,
			dmin = 50,
			dmax = 1000,
			ain = 360,
			aout = 360,
			atout = 0,
			rmix = 0,
		},
		userprops =
		{
			category = "Audio",
		}
	},

	{
		entity_name = "dx_s075x_0304_Orillion_26",
		type = SOUND,
		template_name = "dx_s075x_0304_Orillion",
		lt_grp = 0, srt_grp = 0, usr_flg = 0,
		spatialprops =
		{
			pos = { 0, 0, 0 },
			orient = { { 1, 0, 0 }, { 0, 1, 0 }, { 0, 0, 1 } }
		},
		audioprops =
		{
			attenuation = -1,
			pan = 0,
			dmin = 50,
			dmax = 1000,
			ain = 360,
			aout = 360,
			atout = 0,
			rmix = 0,
		},
		userprops =
		{
			category = "Audio",
		}
	},

	{
		entity_name = "dx_s075x_0305_Orillion_27",
		type = SOUND,
		template_name = "dx_s075x_0305_Orillion",
		lt_grp = 0, srt_grp = 0, usr_flg = 0,
		spatialprops =
		{
			pos = { 0, 0, 0 },
			orient = { { 1, 0, 0 }, { 0, 1, 0 }, { 0, 0, 1 } }
		},
		audioprops =
		{
			attenuation = -1,
			pan = 0,
			dmin = 50,
			dmax = 1000,
			ain = 360,
			aout = 360,
			atout = 0,
			rmix = 0,
		},
		userprops =
		{
			category = "Audio",
		}
	},

	{
		entity_name = "dx_s075x_0306_Orillion_28",
		type = SOUND,
		template_name = "dx_s075x_0306_Orillion",
		lt_grp = 0, srt_grp = 0, usr_flg = 0,
		spatialprops =
		{
			pos = { 0, 0, 0 },
			orient = { { 1, 0, 0 }, { 0, 1, 0 }, { 0, 0, 1 } }
		},
		audioprops =
		{
			attenuation = -1,
			pan = 0,
			dmin = 50,
			dmax = 1000,
			ain = 360,
			aout = 360,
			atout = 0,
			rmix = 0,
		},
		userprops =
		{
			category = "Audio",
		}
	},

	{
		entity_name = "dx_s075x_0307_Orillion_29",
		type = SOUND,
		template_name = "dx_s075x_0307_Orillion",
		lt_grp = 0, srt_grp = 0, usr_flg = 0,
		spatialprops =
		{
			pos = { 0, 0, 0 },
			orient = { { 1, 0, 0 }, { 0, 1, 0 }, { 0, 0, 1 } }
		},
		audioprops =
		{
			attenuation = -1,
			pan = 0,
			dmin = 50,
			dmax = 1000,
			ain = 360,
			aout = 360,
			atout = 0,
			rmix = 0,
		},
		userprops =
		{
			category = "Audio",
		}
	},

	{
		entity_name = "dx_s075x_0308_Orillion_30",
		type = SOUND,
		template_name = "dx_s075x_0308_Orillion",
		lt_grp = 0, srt_grp = 0, usr_flg = 0,
		spatialprops =
		{
			pos = { 0, 0, 0 },
			orient = { { 1, 0, 0 }, { 0, 1, 0 }, { 0, 0, 1 } }
		},
		audioprops =
		{
			attenuation = -1,
			pan = 0,
			dmin = 50,
			dmax = 1000,
			ain = 360,
			aout = 360,
			atout = 0,
			rmix = 0,
		},
		userprops =
		{
			category = "Audio",
		}
	},

	{
		entity_name = "dx_s075x_0401_Trent_31",
		type = SOUND,
		template_name = "dx_s075x_0401_Trent",
		lt_grp = 0, srt_grp = 0, usr_flg = 0,
		spatialprops =
		{
			pos = { 0, 0, 0 },
			orient = { { 1, 0, 0 }, { 0, 1, 0 }, { 0, 0, 1 } }
		},
		audioprops =
		{
			attenuation = -1,
			pan = 0,
			dmin = 50,
			dmax = 1000,
			ain = 360,
			aout = 360,
			atout = 0,
			rmix = 0,
		},
		userprops =
		{
			category = "Audio",
		}
	},

	{
		entity_name = "dx_s075x_0501_vonclaussn_32",
		type = SOUND,
		template_name = "dx_s075x_0501_vonclaussn",
		lt_grp = 0, srt_grp = 0, usr_flg = 0,
		spatialprops =
		{
			pos = { 0, 0, 0 },
			orient = { { 1, 0, 0 }, { 0, 1, 0 }, { 0, 0, 1 } }
		},
		audioprops =
		{
			attenuation = -1,
			pan = 0,
			dmin = 50,
			dmax = 1000,
			ain = 360,
			aout = 360,
			atout = 0,
			rmix = 0,
		},
		userprops =
		{
			category = "Audio",
		}
	},

	{
		entity_name = "dx_s075x_0506_vonclaussn_37",
		type = SOUND,
		template_name = "dx_s075x_0506_vonclaussn",
		lt_grp = 0, srt_grp = 0, usr_flg = 0,
		spatialprops =
		{
			pos = { 0, 0, 0 },
			orient = { { 1, 0, 0 }, { 0, 1, 0 }, { 0, 0, 1 } }
		},
		audioprops =
		{
			attenuation = -1,
			pan = 0,
			dmin = 50,
			dmax = 1000,
			ain = 360,
			aout = 360,
			atout = 0,
			rmix = 0,
		},
		userprops =
		{
			category = "Audio",
		}
	},

	{
		entity_name = "dx_s075x_0507_vonclaussn_38",
		type = SOUND,
		template_name = "dx_s075x_0507_vonclaussn",
		lt_grp = 0, srt_grp = 0, usr_flg = 0,
		spatialprops =
		{
			pos = { 0, 0, 0 },
			orient = { { 1, 0, 0 }, { 0, 1, 0 }, { 0, 0, 1 } }
		},
		audioprops =
		{
			attenuation = -1,
			pan = 0,
			dmin = 50,
			dmax = 1000,
			ain = 360,
			aout = 360,
			atout = 0,
			rmix = 0,
		},
		userprops =
		{
			category = "Audio",
		}
	},

	{
		entity_name = "dx_s075x_0508_vonclaussn_39",
		type = SOUND,
		template_name = "dx_s075x_0508_vonclaussn",
		lt_grp = 0, srt_grp = 0, usr_flg = 0,
		spatialprops =
		{
			pos = { 0, 0, 0 },
			orient = { { 1, 0, 0 }, { 0, 1, 0 }, { 0, 0, 1 } }
		},
		audioprops =
		{
			attenuation = -1,
			pan = 0,
			dmin = 50,
			dmax = 1000,
			ain = 360,
			aout = 360,
			atout = 0,
			rmix = 0,
		},
		userprops =
		{
			category = "Audio",
		}
	},

	{
		entity_name = "dx_s075x_0601_Trent_40",
		type = SOUND,
		template_name = "dx_s075x_0601_Trent",
		lt_grp = 0, srt_grp = 0, usr_flg = 0,
		spatialprops =
		{
			pos = { 0, 0, 0 },
			orient = { { 1, 0, 0 }, { 0, 1, 0 }, { 0, 0, 1 } }
		},
		audioprops =
		{
			attenuation = -1,
			pan = 0,
			dmin = 50,
			dmax = 1000,
			ain = 360,
			aout = 360,
			atout = 0,
			rmix = 0,
		},
		userprops =
		{
			category = "Audio",
		}
	},

	{
		entity_name = "dx_s075x_0701_vonclaussn_41",
		type = SOUND,
		template_name = "dx_s075x_0701_vonclaussn",
		lt_grp = 0, srt_grp = 0, usr_flg = 0,
		spatialprops =
		{
			pos = { 0, 0, 0 },
			orient = { { 1, 0, 0 }, { 0, 1, 0 }, { 0, 0, 1 } }
		},
		audioprops =
		{
			attenuation = -1,
			pan = 0,
			dmin = 50,
			dmax = 1000,
			ain = 360,
			aout = 360,
			atout = 0,
			rmix = 0,
		},
		userprops =
		{
			category = "Audio",
		}
	},

	{
		entity_name = "cam_Monitor_1",
		type = MONITOR,
		template_name = "",
		lt_grp = 0, srt_grp = 0, usr_flg = 0,
		userprops =
		{
			Priority = "Monitor_Moving_1",
		}
	},

	{
		entity_name = "Camera_1",
		type = CAMERA,
		template_name = "",
		lt_grp = 0, srt_grp = 0, usr_flg = 0,
		flags = HIDDEN,
		spatialprops =
		{
			pos = { -3.359695, 1.570968, -22.06994 },
			orient = { {  0.847530,  0.000000,  0.530748 },
					   {  0.065603,  0.992332, -0.104759 },
					   { -0.526677,  0.123605,  0.841031 } }
		},
		cameraprops =
		{
			fovh = 20,
			hvaspect = 1.85,
			nearplane = 1,
			farplane = 100000
		}
	},

	{
		entity_name = "Camera_1_target",
		type = CAMERA,
		template_name = "",
		lt_grp = 0, srt_grp = 0, usr_flg = 0,
		flags = HIDDEN,
		spatialprops =
		{
			pos = { -7.932139, 3.566127, -14.28138 },
			orient = { {  0.762296,  0.000000,  0.647228 },
					   {  0.092272,  0.989785, -0.108677 },
					   { -0.640617,  0.142565,  0.754510 } }
		},
		cameraprops =
		{
			fovh = 20,
			hvaspect = 1.85,
			nearplane = 0.1,
			farplane = 100000
		}
	},

	{
		entity_name = "Camera_2",
		type = CAMERA,
		template_name = "",
		lt_grp = 0, srt_grp = 0, usr_flg = 0,
		flags = HIDDEN,
		spatialprops =
		{
			pos = { -8.12699, 2.869157, -3.736252 },
			orient = { {  0.005632,  0.000000,  0.999984 },
					   {  0.390059,  0.920787, -0.002197 },
					   { -0.920773,  0.390065,  0.005186 } }
		},
		cameraprops =
		{
			fovh = 20,
			hvaspect = 1.85,
			nearplane = 0.1,
			farplane = 100000
		}
	},

	{
		entity_name = "Char_Juni_Start_Pos_Marker_1",
		type = MARKER,
		template_name = "",
		lt_grp = 0, srt_grp = 0, usr_flg = 0,
		spatialprops =
		{
			pos = { -0.256179, 0.959241, -26.11429 },
			orient = { { -0.986510,  0.000000, -0.163701 },
					   {  0.000000,  1.000000,  0.000000 },
					   {  0.163701,  0.000000, -0.986510 } }
		}
	},

	{
		entity_name = "Char_Juni_Start_Pos_Marker_2",
		type = MARKER,
		template_name = "",
		lt_grp = 0, srt_grp = 0, usr_flg = 0,
		spatialprops =
		{
			pos = { -6.357656, 0.948077, -5.695638 },
			orient = { { -0.736818,  0.000000,  0.676091 },
					   {  0.000000,  1.000000,  0.000000 },
					   { -0.676091,  0.000000, -0.736818 } }
		}
	},

	{
		entity_name = "Char_Trent_Start_Pos_Marker_1",
		type = MARKER,
		template_name = "",
		lt_grp = 0, srt_grp = 0, usr_flg = 0,
		spatialprops =
		{
			pos = { 1.169711, 0.930872, -33.09036 },
			orient = { { -0.998846,  0.000000, -0.048031 },
					   {  0.000000,  1.000000,  0.000000 },
					   {  0.048031,  0.000000, -0.998846 } }
		}
	},

	{
		entity_name = "Char_Trent_Start_Pos_Marker_2",
		type = MARKER,
		template_name = "",
		lt_grp = 0, srt_grp = 0, usr_flg = 0,
		spatialprops =
		{
			pos = { -4.908487, 0.972884, -5.770725 },
			orient = { { -0.919706,  0.000000,  0.392608 },
					   {  0.000000,  1.000000,  0.000000 },
					   { -0.392608,  0.000000, -0.919706 } }
		}
	},

	{
		entity_name = "Camera_3_target",
		type = CAMERA,
		template_name = "",
		lt_grp = 0, srt_grp = 0, usr_flg = 0,
		flags = HIDDEN,
		spatialprops =
		{
			pos = { -1.963245, 6.11853, -17.67041 },
			orient = { { -0.977161,  0.000000, -0.212498 },
					   { -0.060354,  0.958818,  0.277535 },
					   {  0.203747,  0.284021, -0.936920 } }
		},
		cameraprops =
		{
			fovh = 40,
			hvaspect = 1.85,
			nearplane = 0.1,
			farplane = 100000
		}
	},

	{
		entity_name = "Camera_3",
		type = CAMERA,
		template_name = "",
		lt_grp = 0, srt_grp = 0, usr_flg = 0,
		flags = HIDDEN,
		spatialprops =
		{
			pos = { -17.22403, 11.45927, -7.06885 },
			orient = { { -0.364005,  0.000000,  0.931397 },
					   {  0.446111,  0.877831,  0.174348 },
					   { -0.817609,  0.478970, -0.319535 } }
		},
		cameraprops =
		{
			fovh = 40,
			hvaspect = 1.85,
			nearplane = 0.1,
			farplane = 100000
		}
	},

	{
		entity_name = "Camera_2_target",
		type = CAMERA,
		template_name = "",
		lt_grp = 0, srt_grp = 0, usr_flg = 0,
		flags = HIDDEN,
		spatialprops =
		{
			pos = { -8.335933, 2.757154, -5.946495 },
			orient = { { -0.438837,  0.000000,  0.898567 },
					   {  0.304258,  0.940929,  0.148592 },
					   { -0.845487,  0.338604, -0.412915 } }
		},
		cameraprops =
		{
			fovh = 20,
			hvaspect = 1.85,
			nearplane = 0.1,
			farplane = 100000
		}
	},

	{
		entity_name = "dx_s075x_0305_Orillion_1",
		type = SOUND,
		template_name = "dx_s075x_0305_Orillion",
		lt_grp = 0, srt_grp = 0, usr_flg = 0,
		spatialprops =
		{
			pos = { 0, 0, 0 },
			orient = { { 1, 0, 0 }, { 0, 1, 0 }, { 0, 0, 1 } }
		},
		audioprops =
		{
			attenuation = 0,
			pan = 0,
			dmin = 50,
			dmax = 300,
			ain = 360,
			aout = 360,
			atout = 0,
			rmix = 0,
		},
		userprops =
		{
			category = "Audio",
		}
	},

	{
		entity_name = "Char_black_dragon_male_1_10",
		type = DEFORMABLE,
		template_name = "black_dragon_male_1",
		lt_grp = 0, srt_grp = 0, usr_flg = 0,
		flags = LIT_DYNAMIC,
		spatialprops =
		{
			pos = { -4.220837, 0, -2.743388 },
			orient = { {  0.997806,  0.000000, -0.066201 },
					   {  0.000000,  1.000000,  0.000000 },
					   {  0.066201,  0.000000,  0.997806 } }
		},
		compoundprops =
		{
			floor_height = 0
		},
		userprops =
		{
			actor = "bd_male",
			category = "Character",
			Priority = "FG_Extras_2",
		}
	},

	{
		entity_name = "Char_li_male_elite_4_13",
		type = DEFORMABLE,
		template_name = "li_male_elite_4",
		lt_grp = 0, srt_grp = 0, usr_flg = 0,
		flags = LIT_DYNAMIC,
		spatialprops =
		{
			pos = { -3.649081, 0, -4.678676 },
			orient = { { -0.925782,  0.000000, -0.378058 },
					   {  0.000000,  1.000000,  0.000000 },
					   {  0.378058,  0.000000, -0.925782 } }
		},
		compoundprops =
		{
			floor_height = 0
		},
		userprops =
		{
			actor = "li_male_4",
			category = "Character",
		}
	},

	{
		entity_name = "Char_rh_female_pilot_1",
		type = DEFORMABLE,
		template_name = "rh_female_pilot_1",
		lt_grp = 0, srt_grp = 0, usr_flg = 0,
		flags = LIT_DYNAMIC,
		spatialprops =
		{
			pos = { -3.312181, 0, -3.899392 },
			orient = { { -0.113725,  0.017934, -0.993350 },
					   {  0.002302,  0.999839,  0.017788 },
					   {  0.993510, -0.000264, -0.113748 } }
		},
		compoundprops =
		{
			floor_height = 0
		},
		userprops =
		{
			actor = "rh_female_pilot",
			category = "Character",
			Priority = "FG_Extras_2",
		}
	},

	{
		entity_name = "Char_Vonc-Claussen_End_Pos_Marker_1",
		type = MARKER,
		template_name = "",
		lt_grp = 0, srt_grp = 0, usr_flg = 0,
		spatialprops =
		{
			pos = { -7.420568, 0.972928, -8.07762 },
			orient = { { -0.718695,  0.000000,  0.695325 },
					   {  0.000000,  1.000000,  0.000000 },
					   { -0.695325,  0.000000, -0.718695 } }
		}
	},

	{
		entity_name = "Char_rh_agent_2",
		type = DEFORMABLE,
		template_name = "rh_agent_2",
		lt_grp = 0, srt_grp = 0, usr_flg = 0,
		flags = LIT_DYNAMIC,
		spatialprops =
		{
			pos = { -5.19937, 0, -3.629766 },
			orient = { { -0.286973,  0.000000,  0.957939 },
					   {  0.000000,  1.000000,  0.000000 },
					   { -0.957939,  0.000000, -0.286973 } }
		},
		compoundprops =
		{
			floor_height = 0
		},
		userprops =
		{
			actor = "rh_agent02",
			category = "Character",
			Priority = "FG_Extras_2",
		}
	},

	{
		entity_name = "Char_benchmark_female_13",
		type = DEFORMABLE,
		template_name = "benchmark_female",
		lt_grp = 0, srt_grp = 0, usr_flg = 0,
		flags = LIT_DYNAMIC,
		spatialprops =
		{
			pos = { -4.928506, 0, -2.971223 },
			orient = { {  0.635633,  0.000000,  0.771991 },
					   {  0.000000,  1.000000,  0.000000 },
					   { -0.771991,  0.000000,  0.635633 } }
		},
		compoundprops =
		{
			floor_height = 0
		},
		userprops =
		{
			actor = "bench_female",
			category = "Character",
			Priority = "",
		}
	},

	{
		entity_name = "Char_li0106_fix_commodity_14",
		type = DEFORMABLE,
		template_name = "br_male_pilot_1",
		lt_grp = 0, srt_grp = 0, usr_flg = 0,
		flags = LIT_DYNAMIC,
		spatialprops =
		{
			pos = { -1.418969, 0, 3.972491 },
			orient = { { -0.772393,  0.000000,  0.635144 },
					   {  0.000000,  1.000000,  0.000000 },
					   { -0.635144,  0.000000, -0.772393 } }
		},
		compoundprops =
		{
			floor_height = 0
		},
		userprops =
		{
			actor = "li0106_fix_commodity",
			category = "Character",
			Priority = "BG_Extras_1",
		}
	},

	{
		entity_name = "Char_VonClaussen_Pos_Marker_1",
		type = MARKER,
		template_name = "",
		lt_grp = 0, srt_grp = 0, usr_flg = 0,
		spatialprops =
		{
			pos = { -11.61011, 0.972884, -12.42393 },
			orient = { { -0.718835,  0.000000,  0.695181 },
					   {  0.000000,  1.000000,  0.000000 },
					   { -0.695181,  0.000000, -0.718835 } }
		}
	},

	{
		entity_name = "Char_li0101_synth_001_male_2",
		type = DEFORMABLE,
		template_name = "aide_male_1",
		lt_grp = 0, srt_grp = 0, usr_flg = 0,
		flags = LIT_DYNAMIC + LIT_AMBIENT,
		spatialprops =
		{
			pos = { -17.53315, 0, 20.97335 },
			orient = { {  0.059613,  0.000000,  0.998222 },
					   {  0.000000,  1.000000,  0.000000 },
					   { -0.998222,  0.000000,  0.059613 } }
		},
		compoundprops =
		{
			floor_height = 0
		},
		userprops =
		{
			actor = "synth_male",
			category = "Character",
			Priority = "BG_Extras_1",
		}
	},

	{
		entity_name = "Char_Trent_Orient_Marker_1",
		type = MARKER,
		template_name = "",
		lt_grp = 0, srt_grp = 0, usr_flg = 0,
		spatialprops =
		{
			pos = { -6.346354, 0.972884, -5.668652 },
			orient = { {  0.639580,  0.000000, -0.768724 },
					   {  0.000000,  1.000000,  0.000000 },
					   {  0.768724,  0.000000,  0.639580 } }
		}
	},

	{
		entity_name = "Char_Juni_Start_Pos_Marker_3",
		type = MARKER,
		template_name = "",
		lt_grp = 0, srt_grp = 0, usr_flg = 0,
		spatialprops =
		{
			pos = { -6.065532, 0.952856, -5.312777 },
			orient = { {  0.712926,  0.000000, -0.701240 },
					   {  0.000000,  1.000000,  0.000000 },
					   {  0.701240,  0.000000,  0.712926 } }
		}
	},

	{
		entity_name = "Marker_Shipcushion",
		type = MARKER,
		template_name = "",
		lt_grp = 0, srt_grp = 0, usr_flg = 0,
		flags = REFERENCE,
		spatialprops =
		{
			pos = { 0, 0, 0 },
			orient = { {  0.879033,  0.000000, -0.476761 },
					   {  0.000000,  1.000000,  0.000000 },
					   {  0.476761,  0.000000,  0.879033 } }
		}
	},

	{
		entity_name = "Char_Juni_Orient_Marker_1",
		type = MARKER,
		template_name = "",
		lt_grp = 0, srt_grp = 0, usr_flg = 0,
		spatialprops =
		{
			pos = { -0.096082, 0.959241, -26.11429 },
			orient = { { -0.999862,  0.000000,  0.016638 },
					   {  0.000000,  1.000000,  0.000000 },
					   { -0.016638,  0.000000, -0.999862 } }
		}
	},

	{
		entity_name = "Char_Juni_Orient_Marker_2",
		type = MARKER,
		template_name = "",
		lt_grp = 0, srt_grp = 0, usr_flg = 0,
		spatialprops =
		{
			pos = { -7.194067, 0.960609, -6.805799 },
			orient = { {  0.568219, -0.000005, -0.822877 },
					   { -0.000001,  1.000000, -0.000007 },
					   {  0.822877,  0.000005,  0.568219 } }
		}
	},

	{
		entity_name = "Camera_6_A_target",
		type = CAMERA,
		template_name = "",
		lt_grp = 0, srt_grp = 0, usr_flg = 0,
		flags = HIDDEN,
		spatialprops =
		{
			pos = { -6.444178, 1.893618, -4.809768 },
			orient = { { -0.569989,  0.000000,  0.821653 },
					   {  0.165232,  0.979571,  0.114623 },
					   { -0.804867,  0.201097, -0.558344 } }
		},
		cameraprops =
		{
			fovh = 20,
			hvaspect = 1.85,
			nearplane = 0.2,
			farplane = 1000
		}
	},

	{
		entity_name = "Camera_5",
		type = CAMERA,
		template_name = "",
		lt_grp = 0, srt_grp = 0, usr_flg = 0,
		flags = HIDDEN,
		spatialprops =
		{
			pos = { -6.677654, 5.355717, -3.304987 },
			orient = { {  0.376886,  0.000000,  0.926260 },
					   {  0.804229,  0.496120, -0.327233 },
					   { -0.459536,  0.868254,  0.186981 } }
		},
		cameraprops =
		{
			fovh = 30,
			hvaspect = 1.85,
			nearplane = 0.1,
			farplane = 100000
		}
	},

	{
		entity_name = "Camera_5_target",
		type = CAMERA,
		template_name = "",
		lt_grp = 0, srt_grp = 0, usr_flg = 0,
		flags = HIDDEN,
		spatialprops =
		{
			pos = { -14.34711, 19.46659, 1.23254 },
			orient = { {  0.466668,  0.000000,  0.884433 },
					   {  0.691263,  0.623793, -0.364743 },
					   { -0.551703,  0.781590,  0.291104 } }
		},
		cameraprops =
		{
			fovh = 30,
			hvaspect = 1.85,
			nearplane = 0.1,
			farplane = 100000
		}
	},

	{
		entity_name = "dx_s075x_0601_Trent_1",
		type = SOUND,
		template_name = "dx_s075x_0601_Trent",
		lt_grp = 0, srt_grp = 0, usr_flg = 0,
		spatialprops =
		{
			pos = { 0, 0, 0 },
			orient = { { 1, 0, 0 }, { 0, 1, 0 }, { 0, 0, 1 } }
		},
		audioprops =
		{
			attenuation = 0,
			pan = 0,
			dmin = 50,
			dmax = 300,
			ain = 360,
			aout = 360,
			atout = 0,
			rmix = 0,
		},
		userprops =
		{
			category = "Audio",
		}
	},

	{
		entity_name = "Camera_6_A",
		type = CAMERA,
		template_name = "",
		lt_grp = 0, srt_grp = 0, usr_flg = 0,
		flags = HIDDEN,
		spatialprops =
		{
			pos = { -5.15839, 1.932956, -5.765668 },
			orient = { { -0.880160,  0.000000,  0.474677 },
					   {  0.098000,  0.978456,  0.181714 },
					   { -0.464451,  0.206456, -0.861198 } }
		},
		cameraprops =
		{
			fovh = 20,
			hvaspect = 1.85,
			nearplane = 0.2,
			farplane = 1000
		}
	},

	{
		entity_name = "Cart_li_booth03",
		type = COMPOUND,
		template_name = "li_booth",
		lt_grp = 0, srt_grp = 0, usr_flg = 0,
		flags = LIT_DYNAMIC,
		spatialprops =
		{
			pos = { 1.955971, 0.9, 6.860682 },
			orient = { {  0.405716,  0.000000, -0.913999 },
					   {  0.000000,  1.000000,  0.000000 },
					   {  0.913999,  0.000000,  0.405716 } }
		},
		userprops =
		{
			category = "Equipment Cart",
			Priority = "Equip_1",
		}
	},

	{
		entity_name = "rtcprop_weapons_li_auto_cannon_1",
		type = COMPOUND,
		template_name = "rtcprop_weapons_li_auto_cannon",
		lt_grp = 3, srt_grp = 0, usr_flg = 0,
		flags = LIT_DYNAMIC,
		spatialprops =
		{
			pos = { 1.657251, 1.331547, 7.616697 },
			orient = { {  0.946965,  0.000000,  0.321338 },
					   {  0.000000,  1.000000,  0.000000 },
					   { -0.321338,  0.000000,  0.946965 } }
		},
		userprops =
		{
			category = "Equipment",
			Priority = "Equip_1",
		}
	},

	{
		entity_name = "rtcprop_weapons_li_heavy_ion_blaster_2",
		type = COMPOUND,
		template_name = "rtcprop_weapons_li_heavy_ion_blaster",
		lt_grp = 3, srt_grp = 0, usr_flg = 0,
		flags = LIT_DYNAMIC,
		spatialprops =
		{
			pos = { -0.252859, 1.22593, 6.856994 },
			orient = { {  0.936898,  0.000000,  0.349603 },
					   {  0.000000,  1.000000,  0.000000 },
					   { -0.349603,  0.000000,  0.936898 } }
		},
		userprops =
		{
			category = "Equipment",
			Priority = "Equip_1",
		}
	},

	{
		entity_name = "rtcprop_weapons_li_rad_launcher_3",
		type = COMPOUND,
		template_name = "rtcprop_weapons_li_rad_launcher",
		lt_grp = 3, srt_grp = 0, usr_flg = 0,
		flags = LIT_DYNAMIC,
		spatialprops =
		{
			pos = { 3.452199, 1.25036, 8.258574 },
			orient = { {  0.888939,  0.000000,  0.458026 },
					   {  0.000000,  1.000000,  0.000000 },
					   { -0.458026,  0.000000,  0.888939 } }
		},
		userprops =
		{
			category = "Equipment",
			Priority = "Equip_1",
		}
	},

	{
		entity_name = "Camera_6_B",
		type = CAMERA,
		template_name = "",
		lt_grp = 0, srt_grp = 0, usr_flg = 0,
		flags = HIDDEN,
		spatialprops =
		{
			pos = { -4.295336, 1.654984, -4.363094 },
			orient = { { -0.846855,  0.000000,  0.531824 },
					   {  0.016169,  0.999538,  0.025746 },
					   { -0.531579,  0.030402, -0.846463 } }
		},
		cameraprops =
		{
			fovh = 20,
			hvaspect = 1.85,
			nearplane = 0.2,
			farplane = 1000
		}
	},

	{
		entity_name = "Camera_6_C",
		type = CAMERA,
		template_name = "",
		lt_grp = 0, srt_grp = 0, usr_flg = 0,
		flags = HIDDEN,
		spatialprops =
		{
			pos = { -3.89621, 1.656417, -3.548813 },
			orient = { {  0.932708,  0.000000, -0.360633 },
					   { -0.010663,  0.999563, -0.027577 },
					   {  0.360476,  0.029567,  0.932300 } }
		},
		cameraprops =
		{
			fovh = 20,
			hvaspect = 1.85,
			nearplane = 0.2,
			farplane = 1000
		}
	},

	{
		entity_name = "Camera_6_D",
		type = CAMERA,
		template_name = "",
		lt_grp = 0, srt_grp = 0, usr_flg = 0,
		flags = HIDDEN,
		spatialprops =
		{
			pos = { -4.237138, 1.479783, -3.082179 },
			orient = { {  0.883842,  0.000000, -0.467785 },
					   {  0.006635,  0.999899,  0.012536 },
					   {  0.467738, -0.014183,  0.883753 } }
		},
		cameraprops =
		{
			fovh = 20,
			hvaspect = 1.85,
			nearplane = 0.2,
			farplane = 1000
		}
	},

	{
		entity_name = "Camera_9",
		type = CAMERA,
		template_name = "",
		lt_grp = 0, srt_grp = 0, usr_flg = 0,
		flags = HIDDEN,
		spatialprops =
		{
			pos = { -6.86193, 1.402596, -9.753548 },
			orient = { { -0.993886,  0.000000, -0.110410 },
					   {  0.002330,  0.999777, -0.020972 },
					   {  0.110386, -0.021101, -0.993665 } }
		},
		cameraprops =
		{
			fovh = 20,
			hvaspect = 1.85,
			nearplane = 0.1,
			farplane = 100000
		}
	},

	{
		entity_name = "Camera_9_target",
		type = CAMERA,
		template_name = "",
		lt_grp = 0, srt_grp = 0, usr_flg = 0,
		flags = HIDDEN,
		spatialprops =
		{
			pos = { -7.006671, 1.371283, -11.9163 },
			orient = { { -0.999486,  0.000000, -0.032073 },
					   { -0.000720,  0.999748,  0.022451 },
					   {  0.032065,  0.022462, -0.999233 } }
		},
		cameraprops =
		{
			fovh = 20,
			hvaspect = 1.85,
			nearplane = 0.1,
			farplane = 100000
		}
	},

	{
		entity_name = "Char_Bl_Dragon_male_Orient_Marker_1",
		type = MARKER,
		template_name = "",
		lt_grp = 0, srt_grp = 0, usr_flg = 0,
		spatialprops =
		{
			pos = { -4.074682, 0.944482, -1.810385 },
			orient = { { -0.992438,  0.000000, -0.122750 },
					   {  0.000000,  1.000000,  0.000000 },
					   {  0.122750,  0.000000, -0.992438 } }
		}
	},

	{
		entity_name = "Char_rh_female_pilot_Marker_1",
		type = MARKER,
		template_name = "",
		lt_grp = 0, srt_grp = 0, usr_flg = 0,
		spatialprops =
		{
			pos = { -6.591545, 0.953047, 6.376034 },
			orient = { {  0.579293,  0.000000,  0.815119 },
					   {  0.000000,  1.000000,  0.000000 },
					   { -0.815119,  0.000000,  0.579293 } }
		}
	},

	{
		entity_name = "Char_li_male_elite_4_Marker_1",
		type = MARKER,
		template_name = "",
		lt_grp = 0, srt_grp = 0, usr_flg = 0,
		spatialprops =
		{
			pos = { -3.398443, 0.946861, -3.471529 },
			orient = { { -0.930468,  0.000000, -0.366372 },
					   {  0.000000,  1.000000,  0.000000 },
					   {  0.366372,  0.000000, -0.930468 } }
		}
	},

	{
		entity_name = "dx_s064x_1302_King_2",
		type = SOUND,
		template_name = "dx_s064x_1302_King",
		lt_grp = 0, srt_grp = 0, usr_flg = 0,
		spatialprops =
		{
			pos = { 0, 0, 0 },
			orient = { { 1, 0, 0 }, { 0, 1, 0 }, { 0, 0, 1 } }
		},
		audioprops =
		{
			attenuation = 0,
			pan = 0,
			dmin = 50,
			dmax = 300,
			ain = 360,
			aout = 360,
			atout = 0,
			rmix = 0,
		},
		userprops =
		{
			category = "Audio",
		}
	},

	{
		entity_name = "dx_s072a_0802_sinclair_4",
		type = SOUND,
		template_name = "dx_s072a_0802_sinclair",
		lt_grp = 0, srt_grp = 0, usr_flg = 0,
		spatialprops =
		{
			pos = { 0, 0, 0 },
			orient = { { 1, 0, 0 }, { 0, 1, 0 }, { 0, 0, 1 } }
		},
		audioprops =
		{
			attenuation = 0,
			pan = 0,
			dmin = 50,
			dmax = 300,
			ain = 360,
			aout = 360,
			atout = 0,
			rmix = 0,
		},
		userprops =
		{
			category = "Audio",
		}
	},

	{
		entity_name = "dx_s064x_1702_Orillion_5",
		type = SOUND,
		template_name = "dx_s064x_1702_Orillion",
		lt_grp = 0, srt_grp = 0, usr_flg = 0,
		spatialprops =
		{
			pos = { 0, 0, 0 },
			orient = { { 1, 0, 0 }, { 0, 1, 0 }, { 0, 0, 1 } }
		},
		audioprops =
		{
			attenuation = 0,
			pan = 0,
			dmin = 50,
			dmax = 300,
			ain = 360,
			aout = 360,
			atout = 0,
			rmix = 0,
		},
		userprops =
		{
			category = "Audio",
		}
	},

	{
		entity_name = "Char_rh_female_pilot_Orient_Marker_1",
		type = MARKER,
		template_name = "",
		lt_grp = 0, srt_grp = 0, usr_flg = 0,
		spatialprops =
		{
			pos = { -3.315006, 0.952579, -3.896777 },
			orient = { { -0.043208,  0.000000, -0.999066 },
					   {  0.000000,  1.000000,  0.000000 },
					   {  0.999066,  0.000000, -0.043208 } }
		}
	},

	{
		entity_name = "Char_rh_agent_2_Marker_1",
		type = MARKER,
		template_name = "",
		lt_grp = 0, srt_grp = 0, usr_flg = 0,
		spatialprops =
		{
			pos = { -5.213224, 0.951612, -3.745733 },
			orient = { {  0.674539,  0.000000,  0.738239 },
					   {  0.000000,  1.000000,  0.000000 },
					   { -0.738239,  0.000000,  0.674539 } }
		}
	},

	{
		entity_name = "Camera_4a",
		type = CAMERA,
		template_name = "",
		lt_grp = 0, srt_grp = 0, usr_flg = 0,
		flags = HIDDEN,
		spatialprops =
		{
			pos = { -6.636793, 2.149589, -5.731879 },
			orient = { { -0.642905,  0.000000,  0.765946 },
					   {  0.208544,  0.962221,  0.175043 },
					   { -0.737009,  0.272269, -0.618617 } }
		},
		cameraprops =
		{
			fovh = 22,
			hvaspect = 1.85,
			nearplane = 0.1,
			farplane = 100000
		}
	},

	{
		entity_name = "Camera_4_Path_1",
		type = MOTION_PATH,
		template_name = "",
		lt_grp = 0, srt_grp = 0, usr_flg = 0,
		flags = HIDDEN,
		spatialprops =
		{
			pos = { 0, -0.157619, 0 },
			orient = { { 1, 0, 0 }, { 0, 1, 0 }, { 0, 0, 1 } }
		},
		pathprops =
		{
			path_type = "CV_CROrientationSplinePath",
			path_data = "OPEN,{-6.907588,1.465593,-16.599468}, {0.030240,-0.000939,0.999060,0.031038}, {-4.879088,1.600388,-11.913996}, {0.159650,-0.009303,0.986539,0.034160}, {-5.247355,1.735183,-7.182234}, {0.776119,-0.049447,0.627373,0.039971}, "
		}
	},

	{
		entity_name = "Camera_4_b",
		type = CAMERA,
		template_name = "",
		lt_grp = 0, srt_grp = 0, usr_flg = 0,
		flags = HIDDEN,
		spatialprops =
		{
			pos = { -6.908141, 1.465503, -16.60261 },
			orient = { { -0.998169,  0.000000, -0.060482 },
					   { -0.003754,  0.998071,  0.061961 },
					   {  0.060366,  0.062075, -0.996244 } }
		},
		cameraprops =
		{
			fovh = 20,
			hvaspect = 1.85,
			nearplane = 0.1,
			farplane = 100000
		}
	},

	{
		entity_name = "Cam_HWide2",
		type = CAMERA,
		template_name = "",
		lt_grp = 0, srt_grp = 0, usr_flg = 0,
		flags = HIDDEN,
		spatialprops =
		{
			pos = { -5.725575, 12.06759, -6.190238 },
			orient = { { -0.873029,  0.000000,  0.487668 },
					   {  0.460644,  0.328263,  0.824651 },
					   { -0.160084,  0.944586, -0.286583 } }
		},
		cameraprops =
		{
			fovh = 30,
			hvaspect = 1.85,
			nearplane = 0.1,
			farplane = 500
		}
	},

	{
		entity_name = "Cam_HWide2_target",
		type = CAMERA,
		template_name = "",
		lt_grp = 0, srt_grp = 0, usr_flg = 0,
		flags = HIDDEN,
		spatialprops =
		{
			pos = { -3.49128, 17.0354, -2.589092 },
			orient = { { -0.848464,  0.000000,  0.529254 },
					   {  0.524013,  0.140378,  0.840062 },
					   { -0.074296,  0.990098, -0.119106 } }
		},
		cameraprops =
		{
			fovh = 30,
			hvaspect = 1.85,
			nearplane = 0.1,
			farplane = 500
		}
	},

	{
		entity_name = "dx_s050b_0101_Trent_5_copy_1_copy_1",
		type = SOUND,
		template_name = "dx_s050b_0101_Trent",
		lt_grp = 0, srt_grp = 0, usr_flg = 0,
		spatialprops =
		{
			pos = { 0, 0, 0 },
			orient = { { 1, 0, 0 }, { 0, 1, 0 }, { 0, 0, 1 } }
		},
		audioprops =
		{
			attenuation = 0,
			pan = 0,
			dmin = 50,
			dmax = 300,
			ain = 360,
			aout = 360,
			atout = 0,
			rmix = 0,
		},
		userprops =
		{
			category = "Audio",
		}
	},

	{
		entity_name = "Char_li0106_fix_commodity_Piolot_Marker_1",
		type = MARKER,
		template_name = "",
		lt_grp = 0, srt_grp = 0, usr_flg = 0,
		spatialprops =
		{
			pos = { -5.377261, 2.463874, 2.327668 },
			orient = { { -0.537050,  0.000000, -0.843550 },
					   {  0.000000,  1.000000,  0.000000 },
					   {  0.843550,  0.000000, -0.537050 } }
		}
	},

	{
		entity_name = "Camera_4a_target",
		type = CAMERA,
		template_name = "",
		lt_grp = 0, srt_grp = 0, usr_flg = 0,
		flags = HIDDEN,
		spatialprops =
		{
			pos = { -6.074409, 2.172245, -6.277519 },
			orient = { { -0.787247,  0.000000,  0.616638 },
					   {  0.174472,  0.959137,  0.222745 },
					   { -0.591440,  0.282941, -0.755078 } }
		},
		cameraprops =
		{
			fovh = 22,
			hvaspect = 1.85,
			nearplane = 0.1,
			farplane = 100000
		}
	},

	{
		entity_name = "Cam_HWide2_Path",
		type = MOTION_PATH,
		template_name = "",
		lt_grp = 0, srt_grp = 0, usr_flg = 0,
		flags = HIDDEN,
		spatialprops =
		{
			pos = { -5.725575, 12.06759, -6.190238 },
			orient = { { -0.873029,  0.000000,  0.487668 },
					   {  0.460645,  0.328263,  0.824651 },
					   { -0.160084,  0.944586, -0.286583 } }
		},
		pathprops =
		{
			path_type = "CV_CROrientationSplinePath",
			path_data = "OPEN,{0.000000,0.000000,0.000000}, {1.000000,0.000000,0.000000,0.000000}, {-0.378224,2.716333,2.900457}, {0.998653,-0.051883,0.000000,0.000000}, {-0.194441,5.629652,3.302817}, {0.995027,-0.096631,0.005685,0.023471}, "
		}
	},

	{
		entity_name = "Char_benchmark_female_Pos_Marker_1",
		type = MARKER,
		template_name = "",
		lt_grp = 0, srt_grp = 0, usr_flg = 0,
		spatialprops =
		{
			pos = { -4.3977, 0.952977, -2.420159 },
			orient = { {  0.724390,  0.000000, -0.689390 },
					   {  0.000000,  1.000000,  0.000000 },
					   {  0.689390,  0.000000,  0.724390 } }
		}
	},

	{
		entity_name = "Camera_4_Lookat_Marker_1",
		type = MARKER,
		template_name = "",
		lt_grp = 0, srt_grp = 0, usr_flg = 0,
		flags = HIDDEN,
		spatialprops =
		{
			pos = { -7.177205, 0.532649, -7.793685 },
			orient = { {  0.631567,  0.000000, -0.775322 },
					   {  0.000000,  1.000000,  0.000000 },
					   {  0.775322,  0.000000,  0.631567 } }
		}
	},

	{
		entity_name = "Char_Orillion_Marker_1",
		type = MARKER,
		template_name = "",
		lt_grp = 0, srt_grp = 0, usr_flg = 0,
		spatialprops =
		{
			pos = { -2.995792, 0.940343, -2.743991 },
			orient = { { -0.785984,  0.000000,  0.618246 },
					   {  0.000000,  1.000000,  0.000000 },
					   { -0.618246,  0.000000, -0.785984 } }
		}
	},

	{
		entity_name = "Prop_Ship_or_elite_1",
		type = COMPOUND,
		template_name = "or_elite",
		lt_grp = 0, srt_grp = 0, usr_flg = 0,
		flags = LIT_DYNAMIC,
		spatialprops =
		{
			pos = { 0, 3.926597, 0 },
			orient = { { -0.397606,  0.000000, -0.917556 },
					   {  0.000000,  1.000000,  0.000000 },
					   {  0.917556,  0.000000, -0.397606 } }
		},
		userprops =
		{
			category = "Spaceship",
			Priority = "BG_Ship_1",
		}
	},

	{
		entity_name = "Camera_4_Lookat_Marker_2",
		type = MARKER,
		template_name = "",
		lt_grp = 0, srt_grp = 0, usr_flg = 0,
		flags = HIDDEN,
		spatialprops =
		{
			pos = { -7.177205, 1.437297, -7.793685 },
			orient = { {  0.631567,  0.000000, -0.775322 },
					   {  0.000000,  1.000000,  0.000000 },
					   {  0.775322,  0.000000,  0.631567 } }
		}
	},

	{
		entity_name = "X/Shipcentre/01",
		type = MARKER,
		template_name = "",
		lt_grp = 0, srt_grp = 0, usr_flg = 0,
		flags = REFERENCE,
		spatialprops =
		{
			pos = { 0, 0, 0 },
			orient = { {  0.879033,  0.000000, -0.476761 },
					   {  0.000000,  1.000000,  0.000000 },
					   {  0.476761,  0.000000,  0.879033 } }
		}
	},

	{
		entity_name = "PlayerShip_1",
		type = COMPOUND,
		template_name = "PlayerShip",
		lt_grp = 0, srt_grp = 0, usr_flg = 0,
		flags = LIT_DYNAMIC,
		spatialprops =
		{
			pos = { 0, -2000, 2000 },
			orient = { { 1, 0, 0 }, { 0, 1, 0 }, { 0, 0, 1 } }
		},
		userprops =
		{
			category = "Spaceship",
		}
	},

	{
		entity_name = "Fixture_Shipdealer",
		type = DEFORMABLE,
		template_name = "benchmark_male",
		lt_grp = 0, srt_grp = 0, usr_flg = 0,
		flags = HIDDEN,
		spatialprops =
		{
			pos = { 0, -2000, 2000 },
			orient = { { 1, 0, 0 }, { 0, 1, 0 }, { 0, 0, 1 } }
		},
		compoundprops =
		{
			floor_height = -2000
		},
		userprops =
		{
			actor = "Shipdealer",
			category = "Character",
		}
	},

	{
		entity_name = "Fixture_Equipment",
		type = DEFORMABLE,
		template_name = "benchmark_male",
		lt_grp = 0, srt_grp = 0, usr_flg = 0,
		flags = HIDDEN,
		spatialprops =
		{
			pos = { 0, -2000, 2000 },
			orient = { { 1, 0, 0 }, { 0, 1, 0 }, { 0, 0, 1 } }
		},
		compoundprops =
		{
			floor_height = -2000
		},
		userprops =
		{
			actor = "Equipment",
			category = "Character",
		}
	},

	{
		entity_name = "Fixture_Trader",
		type = DEFORMABLE,
		template_name = "benchmark_male",
		lt_grp = 0, srt_grp = 0, usr_flg = 0,
		flags = HIDDEN,
		spatialprops =
		{
			pos = { 0, -2000, 2000 },
			orient = { { 1, 0, 0 }, { 0, 1, 0 }, { 0, 0, 1 } }
		},
		compoundprops =
		{
			floor_height = -2000
		},
		userprops =
		{
			actor = "trader",
			category = "Character",
		}
	},

	{
		entity_name = "Player_Ship_Marker",
		type = MARKER,
		template_name = "",
		lt_grp = 0, srt_grp = 0, usr_flg = 0,
		spatialprops =
		{
			pos = { 0, 0, 0 },
			orient = { {  0.879033,  0.000000, -0.476761 },
					   {  0.000000,  1.000000,  0.000000 },
					   {  0.476761,  0.000000,  0.879033 } }
		}
	},

	{
		entity_name = "cam_Monitor_static_cam",
		type = MONITOR,
		template_name = "",
		lt_grp = 0, srt_grp = 0, usr_flg = 0,
		userprops =
		{
			Priority = "Monitor_Static_1",
		}
	},

	{
		entity_name = "Cam_static_01",
		type = CAMERA,
		template_name = "",
		lt_grp = 0, srt_grp = 0, usr_flg = 0,
		flags = HIDDEN,
		spatialprops =
		{
			pos = { -3.359695, 1.570968, -22.06994 },
			orient = { {  0.847530,  0.000000,  0.530748 },
					   {  0.065603,  0.992332, -0.104759 },
					   { -0.526677,  0.123605,  0.841031 } }
		},
		cameraprops =
		{
			fovh = 20,
			hvaspect = 1.85,
			nearplane = 1,
			farplane = 100000
		}
	},

	{
		entity_name = "Cam_static_02_group",
		type = CAMERA,
		template_name = "",
		lt_grp = 0, srt_grp = 0, usr_flg = 0,
		flags = HIDDEN,
		spatialprops =
		{
			pos = { -8.251114, 2.802621, -5.049266 },
			orient = { { -0.263818,  0.003082,  0.964568 },
					   {  0.347674,  0.933080,  0.092111 },
					   { -0.899735,  0.359655, -0.247234 } }
		},
		cameraprops =
		{
			fovh = 20,
			hvaspect = 1.85,
			nearplane = 0.1,
			farplane = 100000
		}
	},

	{
		entity_name = "Cam_static_03_BEV",
		type = CAMERA,
		template_name = "",
		lt_grp = 0, srt_grp = 0, usr_flg = 0,
		flags = HIDDEN,
		spatialprops =
		{
			pos = { -16.98431, 11.37537, -7.235381 },
			orient = { { -0.382860,  0.002131,  0.923804 },
					   {  0.441122,  0.879048,  0.180790 },
					   { -0.811683,  0.476728, -0.337493 } }
		},
		cameraprops =
		{
			fovh = 40,
			hvaspect = 1.85,
			nearplane = 0.1,
			farplane = 100000
		}
	},

	{
		entity_name = "Cam_static_06_smallgroup",
		type = CAMERA,
		template_name = "",
		lt_grp = 0, srt_grp = 0, usr_flg = 0,
		flags = HIDDEN,
