duration = 81.817;

entities =
{

	{
		entity_name = "Layer_s076xz_nrml_Trent_li_01_City_02",
		type = SCENE,
		template_name = "",
		lt_grp = 0, srt_grp = 0, usr_flg = 0,
		spatialprops =
		{
			pos = { 0, 0, 0 },
			orient = { { 1, 0, 0 }, { 0, 1, 0 }, { 0, 0, 1 } }
		},
		up = Y_AXIS,
		front = Z_AXIS,
		ambient = { 0, 0, 0 }
	},

	{
		entity_name = "Char_Trent",
		type = DEFORMABLE,
		template_name = "trent",
		lt_grp = 0, srt_grp = 0, usr_flg = 0,
		flags = LIT_DYNAMIC,
		spatialprops =
		{
			pos = { -0.694289, 0, -0.238803 },
			orient = { {  0.955180,  0.000000,  0.296026 },
					   {  0.000000,  1.000000,  0.000000 },
					   { -0.296026,  0.000000,  0.955180 } }
		},
		compoundprops =
		{
			floor_height = 0
		},
		userprops =
		{
			actor = "Player",
			category = "Character",
		}
	},

	{
		entity_name = "Char_Orillion",
		type = DEFORMABLE,
		template_name = "orillion",
		lt_grp = 0, srt_grp = 0, usr_flg = 0,
		flags = LIT_DYNAMIC,
		spatialprops =
		{
			pos = { -8.835131, 0, 3.665889 },
			orient = { { 1, 0, 0 }, { 0, 1, 0 }, { 0, 0, 1 } }
		},
		compoundprops =
		{
			floor_height = 0
		},
		userprops =
		{
			actor = "orillion",
			category = "Character",
		}
	},

	{
		entity_name = "Char_Juni",
		type = DEFORMABLE,
		template_name = "juni",
		lt_grp = 0, srt_grp = 0, usr_flg = 0,
		flags = LIT_DYNAMIC,
		spatialprops =
		{
			pos = { 2.625653, 0, 3.42545 },
			orient = { {  0.968883,  0.000000,  0.247519 },
					   {  0.000000,  1.000000,  0.000000 },
					   { -0.247519,  0.000000,  0.968883 } }
		},
		compoundprops =
		{
			floor_height = 0
		},
		userprops =
		{
			actor = "Juni",
			category = "Character",
		}
	},

	{
		entity_name = "Char_Harrison",
		type = DEFORMABLE,
		template_name = "harrison",
		lt_grp = 0, srt_grp = 0, usr_flg = 0,
		flags = LIT_DYNAMIC,
		spatialprops =
		{
			pos = { 2.392823, 0, 4.518947 },
			orient = { {  0.760749,  0.000000, -0.649047 },
					   {  0.000000,  1.000000,  0.000000 },
					   {  0.649047,  0.000000,  0.760749 } }
		},
		compoundprops =
		{
			floor_height = 0
		},
		userprops =
		{
			actor = "harrison",
			category = "Character",
		}
	},

	{
		entity_name = "dx_s076x_0301_Trent",
		type = SOUND,
		template_name = "dx_s076x_0301_Trent",
		lt_grp = 0, srt_grp = 0, usr_flg = 0,
		spatialprops =
		{
			pos = { 0, 0, 0 },
			orient = { { 1, 0, 0 }, { 0, 1, 0 }, { 0, 0, 1 } }
		},
		audioprops =
		{
			attenuation = -1,
			pan = 0,
			dmin = 50,
			dmax = 1000,
			ain = 360,
			aout = 360,
			atout = 0,
			rmix = 0,
		},
		userprops =
		{
			category = "Audio",
		}
	},

	{
		entity_name = "dx_s076x_0501_Trent",
		type = SOUND,
		template_name = "dx_s076x_0501_Trent",
		lt_grp = 0, srt_grp = 0, usr_flg = 0,
		spatialprops =
		{
			pos = { 0, 0, 0 },
			orient = { { 1, 0, 0 }, { 0, 1, 0 }, { 0, 0, 1 } }
		},
		audioprops =
		{
			attenuation = -1,
			pan = 0,
			dmin = 50,
			dmax = 1000,
			ain = 360,
			aout = 360,
			atout = 0,
			rmix = 0,
		},
		userprops =
		{
			category = "Audio",
		}
	},

	{
		entity_name = "dx_s076x_0801_Trent",
		type = SOUND,
		template_name = "dx_s076x_0801_Trent",
		lt_grp = 0, srt_grp = 0, usr_flg = 0,
		spatialprops =
		{
			pos = { 0, 0, 0 },
			orient = { { 1, 0, 0 }, { 0, 1, 0 }, { 0, 0, 1 } }
		},
		audioprops =
		{
			attenuation = -1,
			pan = 0,
			dmin = 50,
			dmax = 1000,
			ain = 360,
			aout = 360,
			atout = 0,
			rmix = 0,
		},
		userprops =
		{
			category = "Audio",
		}
	},

	{
		entity_name = "dx_s076x_0901_Orillion",
		type = SOUND,
		template_name = "dx_s076x_0901_Orillion",
		lt_grp = 0, srt_grp = 0, usr_flg = 0,
		spatialprops =
		{
			pos = { 0, 0, 0 },
			orient = { { 1, 0, 0 }, { 0, 1, 0 }, { 0, 0, 1 } }
		},
		audioprops =
		{
			attenuation = -1,
			pan = 0,
			dmin = 50,
			dmax = 1000,
			ain = 360,
			aout = 360,
			atout = 0,
			rmix = 0,
		},
		userprops =
		{
			category = "Audio",
		}
	},

	{
		entity_name = "dx_s076x_0902_Orillion",
		type = SOUND,
		template_name = "dx_s076x_0902_Orillion",
		lt_grp = 0, srt_grp = 0, usr_flg = 0,
		spatialprops =
		{
			pos = { 0, 0, 0 },
			orient = { { 1, 0, 0 }, { 0, 1, 0 }, { 0, 0, 1 } }
		},
		audioprops =
		{
			attenuation = -1,
			pan = 0,
			dmin = 50,
			dmax = 1000,
			ain = 360,
			aout = 360,
			atout = 0,
			rmix = 0,
		},
		userprops =
		{
			category = "Audio",
		}
	},

	{
		entity_name = "dx_s076x_0903_Orillion",
		type = SOUND,
		template_name = "dx_s076x_0903_Orillion",
		lt_grp = 0, srt_grp = 0, usr_flg = 0,
		spatialprops =
		{
			pos = { 0, 0, 0 },
			orient = { { 1, 0, 0 }, { 0, 1, 0 }, { 0, 0, 1 } }
		},
		audioprops =
		{
			attenuation = -1,
			pan = 0,
			dmin = 50,
			dmax = 1000,
			ain = 360,
			aout = 360,
			atout = 0,
			rmix = 0,
		},
		userprops =
		{
			category = "Audio",
		}
	},

	{
		entity_name = "dx_s076x_1201_Trent",
		type = SOUND,
		template_name = "dx_s076x_1201_Trent",
		lt_grp = 0, srt_grp = 0, usr_flg = 0,
		spatialprops =
		{
			pos = { 0, 0, 0 },
			orient = { { 1, 0, 0 }, { 0, 1, 0 }, { 0, 0, 1 } }
		},
		audioprops =
		{
			attenuation = -1,
			pan = 0,
			dmin = 50,
			dmax = 1000,
			ain = 360,
			aout = 360,
			atout = 0,
			rmix = 0,
		},
		userprops =
		{
			category = "Audio",
		}
	},

	{
		entity_name = "dx_s076x_1301_Orillion",
		type = SOUND,
		template_name = "dx_s076x_1301_Orillion",
		lt_grp = 0, srt_grp = 0, usr_flg = 0,
		spatialprops =
		{
			pos = { 0, 0, 0 },
			orient = { { 1, 0, 0 }, { 0, 1, 0 }, { 0, 0, 1 } }
		},
		audioprops =
		{
			attenuation = -1,
			pan = 0,
			dmin = 50,
			dmax = 1000,
			ain = 360,
			aout = 360,
			atout = 0,
			rmix = 0,
		},
		userprops =
		{
			category = "Audio",
		}
	},

	{
		entity_name = "dx_s076x_1302_Orillion",
		type = SOUND,
		template_name = "dx_s076x_1302_Orillion",
		lt_grp = 0, srt_grp = 0, usr_flg = 0,
		spatialprops =
		{
			pos = { 0, 0, 0 },
			orient = { { 1, 0, 0 }, { 0, 1, 0 }, { 0, 0, 1 } }
		},
		audioprops =
		{
			attenuation = -1,
			pan = 0,
			dmin = 50,
			dmax = 1000,
			ain = 360,
			aout = 360,
			atout = 0,
			rmix = 0,
		},
		userprops =
		{
			category = "Audio",
		}
	},

	{
		entity_name = "dx_s076x_1303_Orillion",
		type = SOUND,
		template_name = "dx_s076x_1303_Orillion",
		lt_grp = 0, srt_grp = 0, usr_flg = 0,
		spatialprops =
		{
			pos = { 0, 0, 0 },
			orient = { { 1, 0, 0 }, { 0, 1, 0 }, { 0, 0, 1 } }
		},
		audioprops =
		{
			attenuation = -1,
			pan = 0,
			dmin = 50,
			dmax = 1000,
			ain = 360,
			aout = 360,
			atout = 0,
			rmix = 0,
		},
		userprops =
		{
			category = "Audio",
		}
	},

	{
		entity_name = "dx_s076x_1401_Trent",
		type = SOUND,
		template_name = "dx_s076x_1401_Trent",
		lt_grp = 0, srt_grp = 0, usr_flg = 0,
		spatialprops =
		{
			pos = { 0, 0, 0 },
			orient = { { 1, 0, 0 }, { 0, 1, 0 }, { 0, 0, 1 } }
		},
		audioprops =
		{
			attenuation = -1,
			pan = 0,
			dmin = 50,
			dmax = 1000,
			ain = 360,
			aout = 360,
			atout = 0,
			rmix = 0,
		},
		userprops =
		{
			category = "Audio",
		}
	},

	{
		entity_name = "dx_s076x_1601_Harrison",
		type = SOUND,
		template_name = "dx_s076x_1601_Harrison",
		lt_grp = 0, srt_grp = 0, usr_flg = 0,
		spatialprops =
		{
			pos = { 0, 0, 0 },
			orient = { { 1, 0, 0 }, { 0, 1, 0 }, { 0, 0, 1 } }
		},
		audioprops =
		{
			attenuation = -1,
			pan = 0,
			dmin = 50,
			dmax = 1000,
			ain = 360,
			aout = 360,
			atout = 0,
			rmix = 0,
		},
		userprops =
		{
			category = "Audio",
		}
	},

	{
		entity_name = "dx_s076x_1701_Trent",
		type = SOUND,
		template_name = "dx_s076x_1701_Trent",
		lt_grp = 0, srt_grp = 0, usr_flg = 0,
		spatialprops =
		{
			pos = { 0, 0, 0 },
			orient = { { 1, 0, 0 }, { 0, 1, 0 }, { 0, 0, 1 } }
		},
		audioprops =
		{
			attenuation = -1,
			pan = 0,
			dmin = 50,
			dmax = 1000,
			ain = 360,
			aout = 360,
			atout = 0,
			rmix = 0,
		},
		userprops =
		{
			category = "Audio",
		}
	},

	{
		entity_name = "dx_s076x_1801_Harrison",
		type = SOUND,
		template_name = "dx_s076x_1801_Harrison",
		lt_grp = 0, srt_grp = 0, usr_flg = 0,
		spatialprops =
		{
			pos = { 0, 0, 0 },
			orient = { { 1, 0, 0 }, { 0, 1, 0 }, { 0, 0, 1 } }
		},
		audioprops =
		{
			attenuation = -1,
			pan = 0,
			dmin = 50,
			dmax = 1000,
			ain = 360,
			aout = 360,
			atout = 0,
			rmix = 0,
		},
		userprops =
		{
			category = "Audio",
		}
	},

	{
		entity_name = "Cam_00sec_Med2Shot_01",
		type = CAMERA,
		template_name = "",
		lt_grp = 0, srt_grp = 0, usr_flg = 0,
		flags = HIDDEN,
		spatialprops =
		{
			pos = { 0.761418, 1.514217, -1.238558 },
			orient = { { -0.637514,  0.000000, -0.770439 },
					   { -0.001224,  0.999999,  0.001013 },
					   {  0.770438,  0.001589, -0.637513 } }
		},
		cameraprops =
		{
			fovh = 20,
			hvaspect = 1.85,
			nearplane = 0.2,
			farplane = 25000
		}
	},

	{
		entity_name = "cam_Monitor_1",
		type = MONITOR,
		template_name = "",
		lt_grp = 0, srt_grp = 0, usr_flg = 0,
		userprops =
		{
			Priority = "Monitor_Moving_1",
		}
	},

	{
		entity_name = "dx_s076x_0101_juni",
		type = SOUND,
		template_name = "dx_s076x_0101_juni",
		lt_grp = 0, srt_grp = 0, usr_flg = 0,
		spatialprops =
		{
			pos = { 0, 0, 0 },
			orient = { { 1, 0, 0 }, { 0, 1, 0 }, { 0, 0, 1 } }
		},
		audioprops =
		{
			attenuation = 0,
			pan = 0,
			dmin = 50,
			dmax = 300,
			ain = 360,
			aout = 360,
			atout = 0,
			rmix = 0,
		},
		userprops =
		{
			category = "Audio",
		}
	},

	{
		entity_name = "dx_s076x_0201_juni",
		type = SOUND,
		template_name = "dx_s076x_0201_juni",
		lt_grp = 0, srt_grp = 0, usr_flg = 0,
		spatialprops =
		{
			pos = { 0, 0, 0 },
			orient = { { 1, 0, 0 }, { 0, 1, 0 }, { 0, 0, 1 } }
		},
		audioprops =
		{
			attenuation = 0,
			pan = 0,
			dmin = 50,
			dmax = 300,
			ain = 360,
			aout = 360,
			atout = 0,
			rmix = 0,
		},
		userprops =
		{
			category = "Audio",
		}
	},

	{
		entity_name = "dx_s076x_0401_juni",
		type = SOUND,
		template_name = "dx_s076x_0401_juni",
		lt_grp = 0, srt_grp = 0, usr_flg = 0,
		spatialprops =
		{
			pos = { 0, 0, 0 },
			orient = { { 1, 0, 0 }, { 0, 1, 0 }, { 0, 0, 1 } }
		},
		audioprops =
		{
			attenuation = 0,
			pan = 0,
			dmin = 50,
			dmax = 300,
			ain = 360,
			aout = 360,
			atout = 0,
			rmix = 0,
		},
		userprops =
		{
			category = "Audio",
		}
	},

	{
		entity_name = "dx_s076x_0601_juni",
		type = SOUND,
		template_name = "dx_s076x_0601_juni",
		lt_grp = 0, srt_grp = 0, usr_flg = 0,
		spatialprops =
		{
			pos = { 0, 0, 0 },
			orient = { { 1, 0, 0 }, { 0, 1, 0 }, { 0, 0, 1 } }
		},
		audioprops =
		{
			attenuation = 0,
			pan = 0,
			dmin = 50,
			dmax = 300,
			ain = 360,
			aout = 360,
			atout = 0,
			rmix = 0,
		},
		userprops =
		{
			category = "Audio",
		}
	},

	{
		entity_name = "dx_s076x_0701_juni",
		type = SOUND,
		template_name = "dx_s076x_0701_juni",
		lt_grp = 0, srt_grp = 0, usr_flg = 0,
		spatialprops =
		{
			pos = { 0, 0, 0 },
			orient = { { 1, 0, 0 }, { 0, 1, 0 }, { 0, 0, 1 } }
		},
		audioprops =
		{
			attenuation = 0,
			pan = 0,
			dmin = 50,
			dmax = 300,
			ain = 360,
			aout = 360,
			atout = 0,
			rmix = 0,
		},
		userprops =
		{
			category = "Audio",
		}
	},

	{
		entity_name = "dx_s076x_1501_juni",
		type = SOUND,
		template_name = "dx_s076x_1501_juni",
		lt_grp = 0, srt_grp = 0, usr_flg = 0,
		spatialprops =
		{
			pos = { 0, 0, 0 },
			orient = { { 1, 0, 0 }, { 0, 1, 0 }, { 0, 0, 1 } }
		},
		audioprops =
		{
			attenuation = 0,
			dmin = 50,
			dmax = 300,
			ain = 360,
			aout = 360,
			atout = 0,
			rmix = 0,
		},
		userprops =
		{
			category = "Audio",
		}
	},

	{
		entity_name = "Mrk_OrilWlkAlign_23sec",
		type = MARKER,
		template_name = "",
		lt_grp = 0, srt_grp = 0, usr_flg = 0,
		spatialprops =
		{
			pos = { 1.602235, 0, 0.987013 },
			orient = { {  0.734066,  0.000000, -0.679078 },
					   {  0.000000,  1.000000,  0.000000 },
					   {  0.679078,  0.000000,  0.734066 } }
		}
	},

	{
		entity_name = "Mrk_JuniWlkAlign_53sec",
		type = MARKER,
		template_name = "",
		lt_grp = 0, srt_grp = 0, usr_flg = 0,
		spatialprops =
		{
			pos = { -2.208546, 0, 1.327494 },
			orient = { {  0.820344,  0.000000,  0.571870 },
					   {  0.000000,  1.000000,  0.000000 },
					   { -0.571870,  0.000000,  0.820344 } }
		}
	},

	{
		entity_name = "Mrk_HarrWlkAlign_53sec",
		type = MARKER,
		template_name = "",
		lt_grp = 0, srt_grp = 0, usr_flg = 0,
		spatialprops =
		{
			pos = { -0.7528, 0, 3.371822 },
			orient = { {  0.996382,  0.000000, -0.084989 },
					   {  0.000000,  1.000000,  0.000000 },
					   {  0.084989,  0.000000,  0.996382 } }
		}
	},

	{
		entity_name = "Mrk_HarrisonHandShakeAlign_57sec",
		type = MARKER,
		template_name = "",
		lt_grp = 0, srt_grp = 0, usr_flg = 0,
		spatialprops =
		{
			pos = { -5.992342, 0.946953, 4.677075 },
			orient = { {  0.981649,  0.000000, -0.190694 },
					   {  0.000000,  1.000000,  0.000000 },
					   {  0.190694,  0.000000,  0.981649 } }
		}
	},

	{
		entity_name = "dx_s076x_0402_juni",
		type = SOUND,
		template_name = "dx_s076x_0402_juni",
		lt_grp = 0, srt_grp = 0, usr_flg = 0,
		spatialprops =
		{
			pos = { 0, 0, 0 },
			orient = { { 1, 0, 0 }, { 0, 1, 0 }, { 0, 0, 1 } }
		},
		audioprops =
		{
			attenuation = 0,
			pan = 0,
			dmin = 50,
			dmax = 300,
			ain = 360,
			atout = 0,
			rmix = 0,
		},
		userprops =
		{
			category = "Audio",
		}
	},

	{
		entity_name = "Mrk_TrentHandShkAlign_57sec",
		type = MARKER,
		template_name = "",
		lt_grp = 0, srt_grp = 0, usr_flg = 0,
		spatialprops =
		{
			pos = { -0.550158, 0.97123, 0.086867 },
			orient = { { -0.953614,  0.000000,  0.301033 },
					   {  0.000000,  1.000000,  0.000000 },
					   { -0.301033,  0.000000, -0.953614 } }
		}
	},

	{
		entity_name = "Mrk_Cam_00sec_Med2Shot",
		type = MARKER,
		template_name = "",
		lt_grp = 0, srt_grp = 0, usr_flg = 0,
		spatialprops =
		{
			pos = { -1.361331, 1.316468, -2.54185 },
			orient = { { -0.999981,  0.000000, -0.006178 },
					   {  0.000219,  0.999370, -0.035489 },
					   {  0.006174, -0.035490, -0.999351 } }
		}
	},

	{
		entity_name = "Mrk_JuniWalkToHarrison",
		type = MARKER,
		template_name = "",
		lt_grp = 0, srt_grp = 0, usr_flg = 0,
		spatialprops =
		{
			pos = { -3.602316, 0, 4.777112 },
			orient = { { -0.954286,  0.000000, -0.298896 },
					   {  0.000000,  1.000000,  0.000000 },
					   {  0.298896,  0.000000, -0.954286 } }
		}
	},

	{
		entity_name = "Mrk_JuniWlkAlign_00sec",
		type = MARKER,
		template_name = "",
		lt_grp = 0, srt_grp = 0, usr_flg = 0,
		spatialprops =
		{
			pos = { 0.733749, 0, 0.376695 },
			orient = { {  0.963079,  0.000000, -0.269220 },
					   {  0.000000,  1.000000,  0.000000 },
					   {  0.269220,  0.000000,  0.963079 } }
		}
	},

	{
		entity_name = "Mrk_TrentStayPut_00sec",
		type = MARKER,
		template_name = "",
		lt_grp = 0, srt_grp = 0, usr_flg = 0,
		spatialprops =
		{
			pos = { -0.874145, 0.95985, -0.318625 },
			orient = { {  0.386616,  0.000000, -0.922241 },
					   {  0.000000,  1.000000,  0.000000 },
					   {  0.922241,  0.000000,  0.386616 } }
		}
	},

	{
		entity_name = "Mrk_TrentAlign_8sec",
		type = MARKER,
		template_name = "",
		lt_grp = 0, srt_grp = 0, usr_flg = 0,
		spatialprops =
		{
			pos = { -0.667208, 0.966845, -0.466238 },
			orient = { {  0.352915,  0.000000,  0.935656 },
					   {  0.000000,  1.000000,  0.000000 },
					   { -0.935656,  0.000000,  0.352915 } }
		}
	},

	{
		entity_name = "Mrk_HarrisonSitDown",
		type = MARKER,
		template_name = "",
		lt_grp = 0, srt_grp = 0, usr_flg = 0,
		spatialprops =
		{
			pos = { -4.704301, 0, 5.304109 },
			orient = { { -0.981756,  0.000000,  0.190145 },
					   {  0.000000,  1.000000,  0.000000 },
					   { -0.190145,  0.000000, -0.981756 } }
		}
	},

	{
		entity_name = "Mrk_TrentTurn_40sec",
		type = MARKER,
		template_name = "",
		lt_grp = 0, srt_grp = 0, usr_flg = 0,
		spatialprops =
		{
			pos = { -0.639914, 0.972928, -0.354996 },
			orient = { { -0.210522,  0.000000,  0.977589 },
					   {  0.000000,  1.000000,  0.000000 },
					   { -0.977589,  0.000000, -0.210522 } }
		}
	},

	{
		entity_name = "Cam_00sec_Med2Shot_02",
		type = CAMERA,
		template_name = "",
		lt_grp = 0, srt_grp = 0, usr_flg = 0,
		spatialprops =
		{
			pos = { 1.395694, 1.489536, -2.586139 },
			orient = { { -0.851345,  0.000000, -0.524606 },
					   { -0.021447,  0.999164,  0.034805 },
					   {  0.524167,  0.040882, -0.850633 } }
		},
		cameraprops =
		{
			fovh = 20,
			hvaspect = 1.85,
			nearplane = 0.2,
			farplane = 25000
		}
	},

	{
		entity_name = "Cam_06sec_MedJuni",
		type = CAMERA,
		template_name = "",
		lt_grp = 0, srt_grp = 0, usr_flg = 0,
		spatialprops =
		{
			pos = { -0.681979, 1.510415, -0.952585 },
			orient = { { -0.438176,  0.000000,  0.898889 },
					   {  0.061441,  0.997661,  0.029950 },
					   { -0.896787,  0.068352, -0.437152 } }
		},
		cameraprops =
		{
			fovh = 20,
			hvaspect = 1.85,
			nearplane = 0.2,
			farplane = 25000
		}
	},

	{
		entity_name = "Mrk_Offscreen",
		type = MARKER,
		template_name = "",
		lt_grp = 0, srt_grp = 0, usr_flg = 0,
		spatialprops =
		{
			pos = { 1000, 0, 0 },
			orient = { { 1, 0, 0 }, { 0, 1, 0 }, { 0, 0, 1 } }
		}
	},

	{
		entity_name = "Cam_09sec_MedTrent",
		type = CAMERA,
		template_name = "",
		lt_grp = 0, srt_grp = 0, usr_flg = 0,
		spatialprops =
		{
			pos = { 0.61275, 1.607497, -0.835102 },
			orient = { { -0.497059,  0.000000, -0.867717 },
					   { -0.031622,  0.999336,  0.018114 },
					   {  0.867140,  0.036443, -0.496729 } }
		},
		cameraprops =
		{
			fovh = 20,
			hvaspect = 1.85,
			nearplane = 0.2,
			farplane = 25000
		}
	},

	{
		entity_name = "Cam_12sec_CUJuni",
		type = CAMERA,
		template_name = "",
		lt_grp = 0, srt_grp = 0, usr_flg = 0,
		spatialprops =
		{
			pos = { -0.233373, 1.552417, -0.605511 },
			orient = { { -0.480108,  0.000000,  0.877209 },
					   {  0.009118,  0.999946,  0.004990 },
					   { -0.877162,  0.010394, -0.480082 } }
		},
		cameraprops =
		{
			fovh = 15,
			hvaspect = 1.85,
			nearplane = 0.2,
			farplane = 25000
		}
	},

	{
		entity_name = "Cam_15sec_Med2Shot",
		type = CAMERA,
		template_name = "",
		lt_grp = 0, srt_grp = 0, usr_flg = 0,
		spatialprops =
		{
			pos = { -1.027895, 1.489536, -2.54979 },
			orient = { { -0.911677,  0.000000,  0.410908 },
					   {  0.012041,  0.999571,  0.026716 },
					   { -0.410732,  0.029304, -0.911285 } }
		},
		cameraprops =
		{
			fovh = 20,
			hvaspect = 1.85,
			nearplane = 0.2,
			farplane = 25000
		}
	},

	{
		entity_name = "Cam_09sec_CUTrent",
		type = CAMERA,
		template_name = "",
		lt_grp = 0, srt_grp = 0, usr_flg = 0,
		spatialprops =
		{
			pos = { 0.145723, 1.652507, -0.715552 },
			orient = { { -0.577264,  0.000000, -0.816558 },
					   {  0.017970,  0.999758, -0.012704 },
					   {  0.816360, -0.022007, -0.577124 } }
		},
		cameraprops =
		{
			fovh = 20,
			hvaspect = 1.85,
			nearplane = 0.2,
			farplane = 25000
		}
	},

	{
		entity_name = "Cam_00sec_Med2Shot_03",
		type = CAMERA,
		template_name = "",
		lt_grp = 0, srt_grp = 0, usr_flg = 0,
		spatialprops =
		{
			pos = { 1.395694, 1.489536, -2.586139 },
			orient = { { -0.864797,  0.000000, -0.502122 },
					   { -0.020526,  0.999164,  0.035352 },
					   {  0.501702,  0.040879, -0.864074 } }
		},
		cameraprops =
		{
			fovh = 20,
			hvaspect = 1.85,
			nearplane = 0.2,
			farplane = 25000
		}
	},

	{
		entity_name = "Cam_30sec_HighAngle2Shot",
		type = CAMERA,
		template_name = "",
		lt_grp = 0, srt_grp = 0, usr_flg = 0,
		spatialprops =
		{
			pos = { -1.237145, 2.230333, -2.262466 },
			orient = { { -0.840505,  0.000000,  0.541803 },
					   {  0.167387,  0.951080,  0.259669 },
					   { -0.515298,  0.308944, -0.799388 } }
		},
		cameraprops =
		{
			fovh = 20,
			hvaspect = 1.85,
			nearplane = 0.2,
			farplane = 25000
		}
	},

	{
		entity_name = "Mrk_JuniAlign_27sec",
		type = MARKER,
		template_name = "",
		lt_grp = 0, srt_grp = 0, usr_flg = 0,
		spatialprops =
		{
			pos = { 0.735028, 0.95174, -0.282598 },
			orient = { {  0.444870,  0.000000, -0.895595 },
					   {  0.000000,  1.000000,  0.000000 },
					   {  0.895595,  0.000000,  0.444870 } }
		}
	},

	{
		entity_name = "Cam_45sec_OTSTrent",
		type = CAMERA,
		template_name = "",
		lt_grp = 0, srt_grp = 0, usr_flg = 0,
		spatialprops =
		{
			pos = { 1.575751, 1.740845, -0.436237 },
			orient = { { -0.216727,  0.000000, -0.976232 },
					   { -0.140369,  0.989609,  0.031162 },
					   {  0.966088,  0.143786, -0.214475 } }
		},
		cameraprops =
		{
			fovh = 20,
			hvaspect = 1.85,
			nearplane = 0.2,
			farplane = 25000
		}
	},

	{
		entity_name = "Cam_35sec_OTSOrillion",
		type = CAMERA,
		template_name = "",
		lt_grp = 0, srt_grp = 0, usr_flg = 0,
		spatialprops =
		{
			pos = { -1.108868, 1.76275, -1.081203 },
			orient = { { -0.656101,  0.000000,  0.754673 },
					   {  0.111902,  0.988946,  0.097286 },
					   { -0.746331,  0.148279, -0.648848 } }
		},
		cameraprops =
		{
			fovh = 20,
			hvaspect = 1.85,
			nearplane = 0.2,
			farplane = 25000
		}
	},

	{
		entity_name = "Mrk_OrillionWalkAlign_57sec",
		type = MARKER,
		template_name = "",
		lt_grp = 0, srt_grp = 0, usr_flg = 0,
		spatialprops =
		{
			pos = { 1.529685, 0.932381, 0.427342 },
			orient = { { -0.480062,  0.000000,  0.877235 },
					   {  0.000000,  1.000000,  0.000000 },
					   { -0.877235,  0.000000, -0.480062 } }
		}
	},

	{
		entity_name = "Cam_58sec_3ShotHarrison",
		type = CAMERA,
		template_name = "",
		lt_grp = 0, srt_grp = 0, usr_flg = 0,
		spatialprops =
		{
			pos = { -1.689007, 1.862564, -2.074099 },
			orient = { { -0.975001,  0.000000,  0.222200 },
					   {  0.043015,  0.981083,  0.188749 },
					   { -0.217997,  0.193588, -0.956557 } }
		},
		cameraprops =
		{
			fovh = 20,
			hvaspect = 1.85,
			nearplane = 0.2,
			farplane = 25000
		}
	},

	{
		entity_name = "Cam_77sec_HighWidePullOut_02",
		type = CAMERA,
		template_name = "",
		lt_grp = 0, srt_grp = 0, usr_flg = 0,
		spatialprops =
		{
			pos = { 4.690421, 9.884951, 5.841946 },
			orient = { {  0.682168, -0.042815, -0.729940 },
					   { -0.518582,  0.675443, -0.524261 },
					   {  0.515479,  0.736169,  0.438562 } }
		},
		cameraprops =
		{
			fovh = 55,
			hvaspect = 1.85,
			nearplane = 0.2,
			farplane = 25000
		}
	},

	{
		entity_name = "Cam_77sec_HighWidePullOut_OtherSide",
		type = CAMERA,
		template_name = "",
		lt_grp = 0, srt_grp = 0, usr_flg = 0,
		spatialprops =
		{
			pos = { 6.982551, 3.995773, -2.178843 },
			orient = { { -0.494857,  0.000000, -0.868974 },
					   { -0.247335,  0.958638,  0.140851 },
					   {  0.833032,  0.284629, -0.474389 } }
		},
		cameraprops =
		{
			fovh = 20,
			hvaspect = 1.85,
			nearplane = 0.2,
			farplane = 25000
		}
	},

	{
		entity_name = "Cam_58sec_3ShotHarrison_OtherSide",
		type = CAMERA,
		template_name = "",
		lt_grp = 0, srt_grp = 0, usr_flg = 0,
		spatialprops =
		{
			pos = { 1.207905, 1.78546, -1.022519 },
			orient = { { -0.513855,  0.000000, -0.857877 },
					   { -0.137005,  0.987165,  0.082064 },
					   {  0.846866,  0.159703, -0.507260 } }
		},
		cameraprops =
		{
			fovh = 20,
			hvaspect = 1.85,
			nearplane = 0.2,
			farplane = 25000
		}
	},

	{
		entity_name = "Cam_35sec_OTSOrillion_02",
		type = CAMERA,
		template_name = "",
		lt_grp = 0, srt_grp = 0, usr_flg = 0,
		spatialprops =
		{
			pos = { 0.10503, 1.775074, -1.043709 },
			orient = { { -0.854558,  0.000000, -0.519355 },
					   { -0.078439,  0.988529,  0.129064 },
					   {  0.513398,  0.151031, -0.844756 } }
		},
		cameraprops =
		{
			fovh = 20,
			hvaspect = 1.85,
			nearplane = 0.2,
			farplane = 25000
		}
	},

	{
		entity_name = "Path_CamPanAroundHarrison",
		type = MOTION_PATH,
		template_name = "",
		lt_grp = 0, srt_grp = 0, usr_flg = 0,
		spatialprops =
		{
			pos = { 0, 0, 0 },
			orient = { { 1, 0, 0 }, { 0, 1, 0 }, { 0, 0, 1 } }
		},
		pathprops =
		{
			path_type = "CV_CROrientationSplinePath",
			path_data = "OPEN,{-1.108868,1.762750,-1.081203}, {-0.413521,0.030829,0.907454,0.067652}, {0.105030,1.775074,-1.043709}, {0.268894,-0.020423,0.960188,0.072927}, {1.207905,1.785460,-1.022519}, {0.491439,-0.039496,0.867220,0.069696}, "
		}
	},

	{
		entity_name = "Cam_77sec_HighWidePullOut_01",
		type = CAMERA,
		template_name = "",
		lt_grp = 0, srt_grp = 0, usr_flg = 0,
		spatialprops =
		{
			pos = { 4.9204, 6.602204, 2.791163 },
			orient = { {  0.556373, -0.218263, -0.801754 },
					   { -0.471630,  0.711450, -0.520964 },
					   {  0.684115,  0.667982,  0.292892 } }
		},
		cameraprops =
		{
			fovh = 30,
			hvaspect = 1.85,
			nearplane = 0.2,
			farplane = 25000
		}
	},

	{
		entity_name = "Path_CamEndCrane",
		type = MOTION_PATH,
		template_name = "",
		lt_grp = 0, srt_grp = 0, usr_flg = 0,
		spatialprops =
		{
			pos = { 0, 0, 0 },
			orient = { { 1, 0, 0 }, { 0, 1, 0 }, { 0, 0, 1 } }
		},
		pathprops =
		{
			path_type = "CV_CROrientationSplinePath",
			path_data = "OPEN,{1.207905,1.785460,-1.022519}, {0.491439,-0.039496,0.867220,0.069696}, {4.920400,6.602204,2.791163}, {0.800112,-0.371494,0.464269,0.079166}, {4.690421,9.884951,5.841946}, {0.836088,-0.376883,0.372395,0.142260}, "
		}
	},

	{
		entity_name = "Mrk_JuniAlign_16sec",
		type = MARKER,
		template_name = "",
		lt_grp = 0, srt_grp = 0, usr_flg = 0,
		spatialprops =
		{
			pos = { 0.482834, 0.959241, -0.255919 },
			orient = { {  0.555309,  0.000000, -0.831644 },
					   {  0.000000,  1.000000,  0.000000 },
					   {  0.831644,  0.000000,  0.555309 } }
		}
	},

	{
		entity_name = "Mrk_JuniAlign_11sec",
		type = MARKER,
		template_name = "",
		lt_grp = 0, srt_grp = 0, usr_flg = 0,
		spatialprops =
		{
			pos = { 0.562408, 0.962368, -0.257684 },
			orient = { {  0.488936,  0.000000, -0.872320 },
					   {  0.000000,  1.000000,  0.000000 },
					   {  0.872320,  0.000000,  0.488936 } }
		}
	},

	{
		entity_name = "vfx_rtc_fadeblack_variable",
		type = PSYS,
		template_name = "rtc_fadeblack_variable",
		lt_grp = 0, srt_grp = 0, usr_flg = 0,
		flags = LIT_DYNAMIC + LIT_AMBIENT,
		spatialprops =
		{
			pos = { 0, 0, 0 },
			orient = { { 1, 0, 0 }, { 0, 1, 0 }, { 0, 0, 1 } }
		},
		psysprops =
		{
			sparam = 0
		}
	},

	{
		entity_name = "Char_li_mil_003_male_Extra01",
		type = DEFORMABLE,
		template_name = "li_male_elite_3",
		lt_grp = 0, srt_grp = 0, usr_flg = 0,
		flags = LIT_DYNAMIC + LIT_AMBIENT,
		spatialprops =
		{
			pos = { 0.063005, 0, 6.833291 },
			orient = { { 1, 0, 0 }, { 0, 1, 0 }, { 0, 0, 1 } }
		},
		compoundprops =
		{
			floor_height = 0
		},
		userprops =
		{
			actor = "li_mciv_1",
			category = "Character",
		}
	},

	{
		entity_name = "Char_li_male_guard_Extra02",
		type = DEFORMABLE,
		template_name = "li_male_guard_3",
		lt_grp = 0, srt_grp = 0, usr_flg = 0,
		flags = LIT_DYNAMIC + LIT_AMBIENT,
		spatialprops =
		{
			pos = { -1.188832, 0, 6.121708 },
			orient = { {  0.023180,  0.000000,  0.999731 },
					   {  0.000000,  1.000000,  0.000000 },
					   { -0.999731,  0.000000,  0.023180 } }
		},
		compoundprops =
		{
			floor_height = 0
		},
		userprops =
		{
			actor = "li_mgrd_2",
			category = "Character",
		}
	},

	{
		entity_name = "Mrk_MugSlide01",
		type = MARKER,
		template_name = "",
		lt_grp = 0, srt_grp = 0, usr_flg = 0,
		spatialprops =
		{
			pos = { -0.517959, 0.801275, 6.193213 },
			orient = { {  1.000000,  0.000000,  0.000000 },
					   {  0.000000,  0.000000, -1.000000 },
					   {  0.000000,  1.000000,  0.000000 } }
		}
	},

	{
		entity_name = "Mrk_MugSlide02",
		type = MARKER,
		template_name = "",
		lt_grp = 0, srt_grp = 0, usr_flg = 0,
		spatialprops =
		{
			pos = { -0.156329, 0.815507, 6.193213 },
			orient = { {  1.000000,  0.000000,  0.000000 },
					   {  0.000000,  0.000000, -1.000000 },
					   {  0.000000,  1.000000,  0.000000 } }
		}
	},

	{
		entity_name = "Char_li0101_navy_001_female_Extra03",
		type = DEFORMABLE,
		template_name = "li_female_merchant_1",
		lt_grp = 0, srt_grp = 0, usr_flg = 0,
		flags = LIT_DYNAMIC + LIT_AMBIENT,
		spatialprops =
		{
			pos = { -2.328101, 0, 4.592244 },
			orient = { {  0.987725,  0.000000, -0.156205 },
					   {  0.000000,  1.000000,  0.000000 },
					   {  0.156205,  0.000000,  0.987725 } }
		},
		compoundprops =
		{
			floor_height = 0
		},
		userprops =
		{
			actor = "li_fpilt_2",
			category = "Character",
		}
	},

	{
		entity_name = "Char_li_male_elite_Extra04",
		type = DEFORMABLE,
		template_name = "li_male_elite_1",
		lt_grp = 0, srt_grp = 0, usr_flg = 0,
		flags = LIT_DYNAMIC + LIT_AMBIENT,
		spatialprops =
		{
			pos = { 3.090708, 0, 3.93169 },
			orient = { {  0.770191,  0.000000,  0.637813 },
					   {  0.000000,  1.000000,  0.000000 },
					   { -0.637813,  0.000000,  0.770191 } }
		},
		compoundprops =
		{
			floor_height = 0
		},
		userprops =
		{
			actor = "li_melte_2",
			category = "Character",
		}
	},

	{
		entity_name = "Mrk_Extra03_WalkStart",
		type = MARKER,
		template_name = "",
		lt_grp = 0, srt_grp = 0, usr_flg = 0,
		spatialprops =
		{
			pos = { 1.504534, 0, 0.91906 },
			orient = { { -0.259593,  0.000000, -0.965718 },
					   {  0.000000,  1.000000,  0.000000 },
					   {  0.965718,  0.000000, -0.259593 } }
		}
	},

	{
		entity_name = "Mrk_Extra04Align_00sec",
		type = MARKER,
		template_name = "",
		lt_grp = 0, srt_grp = 0, usr_flg = 0,
		spatialprops =
		{
			pos = { 1.099957, 0.967311, 3.915219 },
			orient = { {  0.608892,  0.000000,  0.793253 },
					   {  0.000000,  1.000000,  0.000000 },
					   { -0.793253,  0.000000,  0.608892 } }
		}
	},

	{
		entity_name = "Mrk_Extra04Align_45sec",
		type = MARKER,
		template_name = "",
		lt_grp = 0, srt_grp = 0, usr_flg = 0,
		spatialprops =
		{
			pos = { 1.539789, 0.967311, 2.950994 },
			orient = { { -0.125294,  0.000000,  0.992120 },
					   {  0.000000,  1.000000,  0.000000 },
					   { -0.992120,  0.000000, -0.125294 } }
		}
	},

	{
		entity_name = "Char_li_female_merchant_Extra05",
		type = DEFORMABLE,
		template_name = "li_female_merchant_2",
		lt_grp = 0, srt_grp = 0, usr_flg = 0,
		flags = LIT_DYNAMIC + LIT_AMBIENT,
		spatialprops =
		{
			pos = { 1.866078, 0, 1.469731 },
			orient = { { 1, 0, 0 }, { 0, 1, 0 }, { 0, 0, 1 } }
		},
		compoundprops =
		{
			floor_height = 0
		},
		userprops =
		{
			actor = "li_fmrch1",
			category = "Character",
		}
	},

	{
		entity_name = "MrK_Extra05Align_00sec",
		type = MARKER,
		template_name = "",
		lt_grp = 0, srt_grp = 0, usr_flg = 0,
		spatialprops =
		{
			pos = { -3.072998, 0, 3.200536 },
			orient = { { -0.522736,  0.000000, -0.852495 },
					   {  0.000000,  1.000000,  0.000000 },
					   {  0.852495,  0.000000, -0.522736 } }
		}
	},

	{
		entity_name = "Prop_glass_wine_Extra05",
		type = COMPOUND,
		template_name = "glass_wine_1",
		lt_grp = 0, srt_grp = 0, usr_flg = 0,
		flags = LIT_DYNAMIC,
		spatialprops =
		{
			pos = { 0, 0, 0 },
			orient = { { 1, 0, 0 }, { 0, 1, 0 }, { 0, 0, 1 } }
		},
		userprops =
		{
			category = "Prop",
		}
	},

	{
		entity_name = "Mrk_Extra03WlkAlign_54sec",
		type = MARKER,
		template_name = "",
		lt_grp = 0, srt_grp = 0, usr_flg = 0,
		spatialprops =
		{
			pos = { 0.593356, 0, 5.041925 },
			orient = { {  0.310406,  0.000000,  0.950604 },
					   {  0.000000,  1.000000,  0.000000 },
					   { -0.950604,  0.000000,  0.310406 } }
		}
	},

	{
		entity_name = "Prop_glass_metal_Extra04",
		type = COMPOUND,
		template_name = "glass_metal_1",
		lt_grp = 0, srt_grp = 0, usr_flg = 0,
		flags = LIT_DYNAMIC,
		spatialprops =
		{
			pos = { 0, 0, 0 },
			orient = { { 1, 0, 0 }, { 0, 1, 0 }, { 0, 0, 1 } }
		},
		userprops =
		{
			category = "Prop",
		}
	},

	{
		entity_name = "Mrk_Extra04Glass_StayPut",
		type = MARKER,
		template_name = "",
		lt_grp = 0, srt_grp = 0, usr_flg = 0,
		spatialprops =
		{
			pos = { 1.529816, 1.140616, 3.479828 },
			orient = { {  1.000000,  0.000000,  0.000000 },
					   {  0.000000,  0.000000, -1.000000 },
					   {  0.000000,  1.000000,  0.000000 } }
		}
	},

	{
		entity_name = "Mrk_JuniLookUpLeft",
		type = MARKER,
		template_name = "",
		lt_grp = 0, srt_grp = 0, usr_flg = 0,
		spatialprops =
		{
			pos = { -0.123476, 1.581545, -0.167372 },
			orient = { { 1, 0, 0 }, { 0, 1, 0 }, { 0, 0, 1 } }
		}
	},

	{
		entity_name = "Mrk_JuniLookUpRight",
		type = MARKER,
		template_name = "",
		lt_grp = 0, srt_grp = 0, usr_flg = 0,
		spatialprops =
		{
			pos = { -0.040388, 1.577104, -0.506676 },
			orient = { { 1, 0, 0 }, { 0, 1, 0 }, { 0, 0, 1 } }
		}
	},

	{
		entity_name = "Mrk_JuniLookDownRight",
		type = MARKER,
		template_name = "",
		lt_grp = 0, srt_grp = 0, usr_flg = 0,
		spatialprops =
		{
			pos = { -0.040388, 1.441981, -0.506676 },
			orient = { { 1, 0, 0 }, { 0, 1, 0 }, { 0, 0, 1 } }
		}
	},

	{
		entity_name = "Mrk_OrillionLookDown",
		type = MARKER,
		template_name = "",
		lt_grp = 0, srt_grp = 0, usr_flg = 0,
		spatialprops =
		{
			pos = { -0.108903, 1.441981, -0.099979 },
			orient = { { 1, 0, 0 }, { 0, 1, 0 }, { 0, 0, 1 } }
		}
	},

	{
		entity_name = "prop_mug_1",
		type = COMPOUND,
		template_name = "mug_1",
		lt_grp = 0, srt_grp = 0, usr_flg = 0,
		flags = LIT_DYNAMIC,
		spatialprops =
		{
			pos = { -0.517959, 0.801275, 6.193213 },
			orient = { {  1.000000,  0.000000,  0.000000 },
					   {  0.000000,  0.000000, -1.000000 },
					   {  0.000000,  1.000000,  0.000000 } }
		},
		userprops =
		{
			category = "Prop",
		}
	},

	{
		entity_name = "cam_Monitor_static_cam",
		type = MONITOR,
		template_name = "",
		lt_grp = 0, srt_grp = 0, usr_flg = 0,
		userprops =
		{
			Priority = "Monitor_Static_1",
		}
	},

	{
		entity_name = "Cam_static_00sec_Med2Shot",
		type = CAMERA,
		template_name = "",
		lt_grp = 0, srt_grp = 0, usr_flg = 0,
		flags = HIDDEN,
		spatialprops =
		{
			pos = { 0.761418, 1.514217, -1.238558 },
			orient = { { -0.637514,  0.000000, -0.770439 },
					   { -0.001224,  0.999999,  0.001013 },
					   {  0.770438,  0.001589, -0.637513 } }
		},
		cameraprops =
		{
			fovh = 20,
			hvaspect = 1.85,
			nearplane = 0.2,
			farplane = 25000
		}
	},

	{
		entity_name = "Cam_static_00sec_Med2Shot_b",
		type = CAMERA,
		template_name = "",
		lt_grp = 0, srt_grp = 0, usr_flg = 0,
		flags = HIDDEN,
		spatialprops =
		{
			pos = { 1.337102, 1.491816, -2.461654 },
			orient = { { -0.835071,  0.000541, -0.550143 },
					   { -0.020054,  0.999305,  0.031422 },
					   {  0.549777,  0.037272, -0.834479 } }
		},
		cameraprops =
		{
			fovh = 20,
			hvaspect = 1.85,
			nearplane = 0.2,
			farplane = 25000
		}
	},

	{
		entity_name = "Cam_static_15sec_Med2Shot",
		type = CAMERA,
		template_name = "",
		lt_grp = 0, srt_grp = 0, usr_flg = 0,
		spatialprops =
		{
			pos = { -0.084318, 1.528848, -2.817622 },
			orient = { { -0.999713,  0.000000, -0.023975 },
					   { -0.001184,  0.998780,  0.049362 },
					   {  0.023945,  0.049376, -0.998493 } }
		},
		cameraprops =
		{
			fovh = 20,
			hvaspect = 1.85,
			nearplane = 0.2,
			farplane = 25000
		}
	},

	{
		entity_name = "Cam_static_30sec_HighAngle2Shot",
		type = CAMERA,
		template_name = "",
		lt_grp = 0, srt_grp = 0, usr_flg = 0,
		spatialprops =
		{
			pos = { -1.236691, 2.22868, -2.25829 },
			orient = { { -0.839967, -0.000082,  0.542637 },
					   {  0.167281,  0.951259,  0.259083 },
					   { -0.516209,  0.308394, -0.799012 } }
		},
		cameraprops =
		{
			fovh = 20,
			hvaspect = 1.85,
			nearplane = 0.2,
			farplane = 25000
		}
	},

	{
		entity_name = "Cam_static_30sec_HighAngle2Shot_b",
		type = CAMERA,
		template_name = "",
		lt_grp = 0, srt_grp = 0, usr_flg = 0,
		spatialprops =
		{
			pos = { -1.108868, 1.76275, -1.081203 },
			orient = { { -0.656101,  0.000000,  0.754673 },
					   {  0.111902,  0.988946,  0.097286 },
					   { -0.746331,  0.148279, -0.648848 } }
		},
		cameraprops =
		{
			fovh = 20,
			hvaspect = 1.85,
			nearplane = 0.2,
			farplane = 25000
		}
	},

	{
		entity_name = "Cam_static_58sec_3ShotHarrison_OtherSide",
		type = CAMERA,
		template_name = "",
		lt_grp = 0, srt_grp = 0, usr_flg = 0,
		spatialprops =
		{
			pos = { 1.207905, 1.78546, -1.022519 },
			orient = { { -0.513855,  0.000000, -0.857877 },
					   { -0.137005,  0.987165,  0.082064 },
					   {  0.846866,  0.159703, -0.507260 } }
		},
		cameraprops =
		{
			fovh = 20,
			hvaspect = 1.85,
			nearplane = 0.2,
			farplane = 25000
		}
	},

	{
		entity_name = "Cam_static_58sec_3ShotHarrison_OtherSide_b",
		type = CAMERA,
		template_name = "",
		lt_grp = 0, srt_grp = 0, usr_flg = 0,
		spatialprops =
		{
			pos = { 5.142709, 6.507267, 2.488423 },
			orient = { {  0.556373, -0.218263, -0.801754 },
					   { -0.471630,  0.711450, -0.520964 },
					   {  0.684115,  0.667982,  0.292893 } }
		},
		cameraprops =
		{
			fovh = 15,
			hvaspect = 1.85,
			nearplane = 0.2,
			farplane = 25000
		}
	},

	{
		entity_name = "Char_Juni_fs_fl_hard01_2",
		type = SOUND,
		template_name = "fs_fl_hard01",
		lt_grp = 0, srt_grp = 0, usr_flg = 0,
		spatialprops =
		{
			pos = { 0, 0, 0 },
			orient = { { 1, 0, 0 }, { 0, 1, 0 }, { 0, 0, 1 } }
		},
		audioprops =
		{
			attenuation = -18,
			pan = -40,
			dmin = 50,
			dmax = 300,
			ain = 360,
			aout = 360,
			atout = 0,
			rmix = 0,
		},
		userprops =
		{
			category = "Audio",
			Priority = "Steps_4",
		}
	},

	{
		entity_name = "Char_Juni_sfx_fstop_female02_3",
		type = SOUND,
		template_name = "sfx_fstop_female02",
		lt_grp = 0, srt_grp = 0, usr_flg = 0,
		spatialprops =
		{
			pos = { 0, 0, 0 },
			orient = { { 1, 0, 0 }, { 0, 1, 0 }, { 0, 0, 1 } }
		},
		audioprops =
		{
			attenuation = -12,
			pan = -40,
			dmin = 50,
			dmax = 300,
			ain = 360,
			aout = 360,
			atout = 0,
			rmix = 0,
		},
		userprops =
		{
			category = "Audio",
			Priority = "Steps_4",
		}
	},

	{
		entity_name = "Char_Juni_fs_fr_hard01_4",
		type = SOUND,
		template_name = "fs_fr_hard01",
		lt_grp = 0, srt_grp = 0, usr_flg = 0,
		spatialprops =
		{
			pos = { 0, 0, 0 },
			orient = { { 1, 0, 0 }, { 0, 1, 0 }, { 0, 0, 1 } }
		},
		audioprops =
		{
			pan = -55,
			dmin = 50,
			dmax = 300,
			ain = 360,
			aout = 360,
			atout = 0,
			rmix = 0,
		},
		userprops =
		{
			category = "Audio",
			Priority = "Steps_4",
		}
	},

	{
		entity_name = "Char_li0101_navy_001_female_Extra03_fs_fr_hard04_6",
		type = SOUND,
		template_name = "fs_fr_hard04",
		lt_grp = 0, srt_grp = 0, usr_flg = 0,
		spatialprops =
		{
			pos = { 0, 0, 0 },
			orient = { { 1, 0, 0 }, { 0, 1, 0 }, { 0, 0, 1 } }
		},
		audioprops =
		{
			pan = -41,
			dmin = 50,
			dmax = 300,
			ain = 360,
			aout = 360,
			atout = 0,
			rmix = 0,
		},
		userprops =
		{
			category = "Audio",
			Priority = "Steps_1",
		}
	},

	{
		entity_name = "Char_li0101_navy_001_female_Extra03_fs_fl_hard01_7",
		type = SOUND,
		template_name = "fs_fl_hard01",
		lt_grp = 0, srt_grp = 0, usr_flg = 0,
		spatialprops =
		{
			pos = { 0, 0, 0 },
			orient = { { 1, 0, 0 }, { 0, 1, 0 }, { 0, 0, 1 } }
		},
		audioprops =
		{
			pan = -20,
			dmin = 50,
			dmax = 300,
			ain = 360,
			aout = 360,
			atout = 0,
			rmix = 0,
		},
		userprops =
		{
			category = "Audio",
			Priority = "Steps_1",
		}
	},

	{
		entity_name = "Char_li0101_navy_001_female_Extra03_fs_fr_hard03_8",
		type = SOUND,
		template_name = "fs_fr_hard03",
		lt_grp = 0, srt_grp = 0, usr_flg = 0,
		spatialprops =
		{
			pos = { 0, 0, 0 },
			orient = { { 1, 0, 0 }, { 0, 1, 0 }, { 0, 0, 1 } }
		},
		audioprops =
		{
			pan = 45,
			dmin = 50,
			dmax = 300,
			ain = 360,
			aout = 360,
			atout = 0,
			rmix = 0,
		},
		userprops =
		{
			category = "Audio",
			Priority = "Steps_1",
		}
	},

	{
		entity_name = "Char_li0101_navy_001_female_Extra03_fs_fl_hard02_9",
		type = SOUND,
		template_name = "fs_fl_hard02",
		lt_grp = 0, srt_grp = 0, usr_flg = 0,
		spatialprops =
		{
			pos = { 0, 0, 0 },
			orient = { { 1, 0, 0 }, { 0, 1, 0 }, { 0, 0, 1 } }
		},
		audioprops =
		{
			attenuation = -20,
			dmin = 50,
			dmax = 300,
			ain = 360,
			aout = 360,
			atout = 0,
			rmix = 0,
		},
		userprops =
		{
			category = "Audio",
			Priority = "Steps_1",
		}
	},

	{
		entity_name = "Char_li0101_navy_001_female_Extra03_fs_fr_hard02_10",
		type = SOUND,
		template_name = "fs_fr_hard02",
		lt_grp = 0, srt_grp = 0, usr_flg = 0,
		spatialprops =
		{
			pos = { 0, 0, 0 },
			orient = { { 1, 0, 0 }, { 0, 1, 0 }, { 0, 0, 1 } }
		},
		audioprops =
		{
			attenuation = -21,
			dmin = 50,
			dmax = 300,
