duration = 3.519;

entities =
{

	{
		entity_name = "Layer_GCS_D06aG01_sit",
		type = SCENE,
		template_name = "",
		lt_grp = 0, srt_grp = 0, usr_flg = 0,
		spatialprops =
		{
			pos = { 0, 0, 0 },
			orient = { { 1, 0, 0 }, { 0, 1, 0 }, { 0, 0, 1 } }
		},
		up = Y_AXIS,
		front = Z_AXIS,
		ambient = { 0, 0, 0 }
	},

	{
		entity_name = "Special/A",
		type = MARKER,
		template_name = "",
		lt_grp = 0, srt_grp = 0, usr_flg = 0,
		spatialprops =
		{
			pos = { -0.747185, 0, 0 },
			orient = { {  0.156777,  0.000000,  0.987634 },
					   {  0.000000,  1.000000,  0.000000 },
					   { -0.987634,  0.000000,  0.156777 } }
		}
	},

	{
		entity_name = "Monitor_1",
		type = MONITOR,
		template_name = "",
		lt_grp = 0, srt_grp = 0, usr_flg = 0
	},

	{
		entity_name = "Camera/PCO",
		type = CAMERA,
		template_name = "",
		lt_grp = 0, srt_grp = 0, usr_flg = 0,
		flags = HIDDEN,
		spatialprops =
		{
			pos = { -1.082309, 0.912526, 0.580326 },
			orient = { {  0.594455,  0.000000,  0.804129 },
					   { -0.185107,  0.973144,  0.136841 },
					   { -0.782533, -0.230196,  0.578491 } }
		},
		cameraprops =
		{
			fovh = 20,
			hvaspect = 1.85,
			nearplane = 0.2,
			farplane = 5000
		}
	},

	{
		entity_name = "Player_Character_P",
		type = DEFORMABLE,
		template_name = "trent",
		lt_grp = 0, srt_grp = 0, usr_flg = 0,
		flags = LIT_DYNAMIC,
		spatialprops =
		{
			pos = { 0.987223, 0, -0.501587 },
			orient = { { -0.611142,  0.000000, -0.791521 },
					   {  0.000000,  1.000000,  0.000000 },
					   {  0.791521,  0.000000, -0.611142 } }
		},
		compoundprops =
		{
			floor_height = 0
		},
		userprops =
		{
			actor = "player",
			category = "Character",
		}
	},

	{
		entity_name = "Special/P2",
		type = MARKER,
		template_name = "",
		lt_grp = 0, srt_grp = 0, usr_flg = 0,
		spatialprops =
		{
			pos = { 0.987223, 0, -0.501587 },
			orient = { { -0.611142,  0.000000, -0.791521 },
					   {  0.000000,  1.000000,  0.000000 },
					   {  0.791521,  0.000000, -0.611142 } }
		}
	},

	{
		entity_name = "Special/P",
		type = MARKER,
		template_name = "",
		lt_grp = 0, srt_grp = 0, usr_flg = 0,
		spatialprops =
		{
			pos = { 1.368029, -0.0054, -0.846653 },
			orient = { { -0.611142,  0.000000, -0.791521 },
					   {  0.000000,  1.000000,  0.000000 },
					   {  0.791521,  0.000000, -0.611142 } }
		}
	},

	{
		entity_name = "Offer_Character_A",
		type = DEFORMABLE,
		template_name = "jacobi",
		lt_grp = 0, srt_grp = 0, usr_flg = 0,
		flags = LIT_DYNAMIC,
		spatialprops =
		{
			pos = { -0.747185, 0, 0 },
			orient = { {  0.156777,  0.000000,  0.987634 },
					   {  0.000000,  1.000000,  0.000000 },
					   { -0.987634,  0.000000,  0.156777 } }
		},
		compoundprops =
		{
			floor_height = 0
		},
		userprops =
		{
			actor = "NPC",
			category = "Character",
		}
	},

	{
		entity_name = "VoiceProfile_$BGCS_My_Faction_FM",
		type = SOUND,
		template_name = "VoiceProfile_$BGCS_My_Faction_FM",
		lt_grp = 0, srt_grp = 0, usr_flg = 0,
		spatialprops =
		{
			pos = { 0, 0, 0 },
			orient = { { 1, 0, 0 }, { 0, 1, 0 }, { 0, 0, 1 } }
		},
		audioprops =
		{
			attenuation = 0,
			pan = 0,
			dmin = 50,
			dmax = 300,
			ain = 360,
			aout = 360,
			atout = 0,
			rmix = 0,
		},
		userprops =
		{
			category = "Audio",
			Speaker = "Offer_Character_A",
		}
	},

	{
		entity_name = "VoiceProfile_GCS_FM_D06aG00",
		type = SOUND,
		template_name = "VoiceProfile_GCS_FM_D06aG00",
		lt_grp = 0, srt_grp = 0, usr_flg = 0,
		spatialprops =
		{
			pos = { 0, 0, 0 },
			orient = { { 1, 0, 0 }, { 0, 1, 0 }, { 0, 0, 1 } }
		},
		audioprops =
		{
			attenuation = 0,
			pan = 0,
			dmin = 50,
			dmax = 300,
			ain = 360,
			aout = 360,
			atout = 0,
			rmix = 0,
		},
		userprops =
		{
			category = "Audio",
			Speaker = "Offer_Character_A",
		}
	},

	{
		entity_name = "Camera/ACOH",
		type = CAMERA,
		template_name = "",
		lt_grp = 0, srt_grp = 0, usr_flg = 0,
		flags = HIDDEN,
		spatialprops =
		{
			pos = { 1.685171, 2.002405, -0.134788 },
			orient = { {  0.174652,  0.000000, -0.984630 },
					   { -0.418867,  0.905003, -0.074298 },
					   {  0.891093,  0.425405,  0.158061 } }
		},
		cameraprops =
		{
			fovh = 20,
			hvaspect = 1.85,
			nearplane = 0.2,
			farplane = 5000
		}
	},

	{
		entity_name = "Light",
		type = LIGHT,
		template_name = "",
		lt_grp = 0, srt_grp = 0, usr_flg = 0,
		flags = HIDDEN,
		spatialprops =
		{
			pos = { 1.921284, 2.667609, -0.092907 },
			orient = { { -0.372617,  0.000000,  0.927985 },
					   { -0.663303,  0.699352, -0.266338 },
					   { -0.648989, -0.714777, -0.260590 } }
		},
		lightprops =
		{
			on = N,
			color = { 255, 255, 255 },
			diffuse = { 0.74902, 0.74902, 0.74902 },
			specular = { 0, 0, 0 },
			ambient = { 0, 0, 0 },
			direction = { 0, 0, 1 },
			range = 10,
			cutoff = 60,
			type = L_SPOT,
			theta = 60,
			atten = { 1, 0, 0 }
		}
	}
};

events =
{
	{
		0.000, SET_CAMERA, { "Monitor_1", "Camera/PCO" }
	},

	{
		0.000, START_MOTION, { "Player_Character_P" },
		{
			animation = "Sc_MLHEAD_BASEPOSE_TRENT_000LV_01_01",
			duration = 1.100,
			trans_time = 1.000,
			time_scale = 1,
			weight = 1,
			heading = -1
		}
	},

	{
		0.000, ATTACH_ENTITY, { "Light", "Player_Character_P" },
		{
			duration = 5.000,
			offset = { 0, 0, 0 },
			up = Y_AXIS,
			front = Z_AXIS,
			target_part = "Body_Neck",
			target_type = PART,
			flags = LOOK_AT
		}
	},

	{
		0.000, START_MOTION, { "Offer_Character_A" },
		{
			animation = "Sc_FMBODY_CHRF_IDLE_SMALL_000LV_XA_05",
			duration = 5.000,
			trans_time = 1.000,
			time_scale = 0.5,
			weight = 1,
			heading = -1
		}
	},

	{
		0.000, ATTACH_ENTITY, { "Light", "Camera/ACOH" },
		{
			duration = 5.000,
			offset = { 0.1, 0.5, 0.5 },
			up = Y_AXIS,
			front = NEG_Z_AXIS,
			target_part = "",
			target_type = ROOT,
			flags = POSITION + ENTITY_RELATIVE
		}
	},

	{
		0.000, START_MOTION, { "Player_Character_P" },
		{
			animation = "Sc_MLBODY_STND_IDLE_SMALL_000LV_xa_05",
			duration = 4.260,
			start_time = 2.018,
			trans_time = 1.000,
			time_scale = 0.5,
			weight = 1,
			heading = -1
		}
	},

	{
		0.000, START_MOTION, { "Player_Character_P" },
		{
			animation = "Sc_MLHAND_WALK_TALK_LEFT_CASL_000LV_XB_%",
			duration = 5.532,
			trans_time = 0.500,
			time_scale = 1,
			weight = 1,
			heading = -1
		}
	},

	{
		0.000, START_MOTION, { "Player_Character_P" },
		{
			animation = "Sc_MLHAND_WALK_TALK_RGHT_CASL_000LV_XB_%",
			duration = 5.533,
			trans_time = 0.500,
			time_scale = 1,
			weight = 1,
			heading = -1
		}
	},

	{
		0.001, START_IK, { "Player_Character_P", "Offer_Character_A" },
		{
			duration = 4.260,
			end_effector = "Body_Head",
			count_to_root = 1,
			target_part = "Body_Head",
			target_type = PART,
			damping = 100,
			up = NEG_Y_AXIS,
			front = Z_AXIS,
			point_at = 1,
			move_to = 0,
			transition_duration = 0.000
		}
	},

	{
		0.001, START_IK, { "Offer_Character_A", "Player_Character_P" },
		{
			duration = 5.000,
			end_effector = "Eye IK Left",
			count_to_root = 1,
			target_part = "Body_Head",
			target_type = PART,
			damping = 1,
			up = Y_AXIS,
			front = Z_AXIS,
			point_at = 1,
			move_to = 0,
			transition_duration = 0.230,
			event_flags = 128
		}
	},

	{
		0.001, START_IK, { "Offer_Character_A", "Player_Character_P" },
		{
			duration = 4.186,
			end_effector = "Body_Head",
			count_to_root = 1,
			target_part = "Body_Head",
			target_type = PART,
			damping = 100,
			up = NEG_Y_AXIS,
			front = Z_AXIS,
			point_at = 1,
			move_to = 0,
			transition_duration = 0.000
		}
	},

	{
		0.108, START_MOTION, { "Player_Character_P" },
		{
			animation = "Sc_ADHEAD_MOTION_FLCKR_EYES_000LV_XA_06",
			duration = 6.666,
			trans_time = 0.500,
			time_scale = 1,
			weight = 1,
			heading = -1
		}
	},

	{
		0.342, START_MOTION, { "Offer_Character_A" },
		{
			animation = "Sc_FMHEAD_MOTION_SHAKHEAD_YES_000LV_XA_%",
			duration = 4.285,
			trans_time = 0.500,
			time_scale = 0.7,
			weight = 1,
			heading = -1
		}
	},

	{
		0.492, START_SOUND, { "VoiceProfile_GCS_FM_D06aG00" },
		{
			duration = 2.000
		}
	},

	{
		1.296, START_MOTION, { "Player_Character_P" },
		{
			animation = "Sc_MLHEAD_MOTION_EYES_SQUINTSML_TRENT_000LV_XA_%",
			duration = 3.000,
			trans_time = 0.500,
			time_scale = 1,
			weight = 1,
			heading = -1
		}
	},

	{
		1.399, START_SOUND, { "VoiceProfile_$BGCS_My_Faction_FM" },
		{
			duration = 2.118
		}
	},

	{
		1.858, START_MOTION, { "Player_Character_P" },
		{
			animation = "Sc_MLHEAD_NEUT_BLINK_EYES_000LV_A_00",
			duration = 0.266,
			time_scale = 1,
			weight = 1,
			heading = -1
		}
	},

	{
		2.519, START_SPATIAL_PROP_ANIM, { "Player_Character_P", "Special/P2" },
		{
			duration = 1.000,
			target_part = "",
			target_type = ROOT,
			spatialprops =
			{
				pos = { 0.987223, 0, -0.501587 },
				q_orient = { -0.611142, 0, -0.791521, 0 }
			}
		}
	},

	{
		2.618, START_SPATIAL_PROP_ANIM, { "Offer_Character_A", "Special/A" },
		{
			duration = 0.899,
			target_part = "",
			target_type = ROOT,
			spatialprops =
			{
				pos = { -0.747185, 0, 0 },
				q_orient = { 0.156777, 0, 0.987634, 0 }
			}
		}
	}
};
