duration = 3.394;

entities =
{

	{
		entity_name = "Layer_GCS_D06aG",
		type = SCENE,
		template_name = "",
		lt_grp = 0, srt_grp = 0, usr_flg = 0,
		spatialprops =
		{
			pos = { 0, 0, 0 },
			orient = { { 1, 0, 0 }, { 0, 1, 0 }, { 0, 0, 1 } }
		},
		up = Y_AXIS,
		front = Z_AXIS,
		ambient = { 128, 128, 128 }
	},

	{
		entity_name = "Special/A",
		type = MARKER,
		template_name = "",
		lt_grp = 0, srt_grp = 0, usr_flg = 0,
		spatialprops =
		{
			pos = { 0, 0, 0 },
			orient = { {  0.156777,  0.000000,  0.987634 },
					   {  0.000000,  1.000000,  0.000000 },
					   { -0.987634,  0.000000,  0.156777 } }
		}
	},

	{
		entity_name = "Camera/PCO",
		type = CAMERA,
		template_name = "",
		lt_grp = 0, srt_grp = 0, usr_flg = 0,
		spatialprops =
		{
			pos = { -0.130292, 1.787449, 0.58139 },
			orient = { {  0.839425,  0.000000,  0.543476 },
					   {  0.115839,  0.977021, -0.178919 },
					   { -0.530987,  0.213145,  0.820135 } }
		},
		cameraprops =
		{
			fovh = 25,
			hvaspect = 1.85,
			nearplane = 0.2,
			farplane = 5000
		}
	},

	{
		entity_name = "Monitor_1",
		type = MONITOR,
		template_name = "",
		lt_grp = 0, srt_grp = 0, usr_flg = 0
	},

	{
		entity_name = "Player_Character_P",
		type = DEFORMABLE,
		template_name = "trent",
		lt_grp = 0, srt_grp = 0, usr_flg = 0,
		flags = LIT_DYNAMIC,
		spatialprops =
		{
			pos = { 0.987223, 0, -0.501587 },
			orient = { { -0.611142,  0.000000, -0.791521 },
					   {  0.000000,  1.000000,  0.000000 },
					   {  0.791521,  0.000000, -0.611142 } }
		},
		compoundprops =
		{
			floor_height = 0
		},
		userprops =
		{
			actor = "player",
			category = "Character",
		}
	},

	{
		entity_name = "Offer_Character_A",
		type = DEFORMABLE,
		template_name = "king",
		lt_grp = 0, srt_grp = 0, usr_flg = 0,
		flags = LIT_DYNAMIC,
		spatialprops =
		{
			pos = { 0, 0, 0 },
			orient = { {  0.156777,  0.000000,  0.987634 },
					   {  0.000000,  1.000000,  0.000000 },
					   { -0.987634,  0.000000,  0.156777 } }
		},
		compoundprops =
		{
			floor_height = 0
		},
		userprops =
		{
			actor = "NPC",
			category = "Character",
		}
	},

	{
		entity_name = "Special/P2",
		type = MARKER,
		template_name = "",
		lt_grp = 0, srt_grp = 0, usr_flg = 0,
		spatialprops =
		{
			pos = { 0.987223, 0, -0.501587 },
			orient = { { -0.611142,  0.000000, -0.791521 },
					   {  0.000000,  1.000000,  0.000000 },
					   {  0.791521,  0.000000, -0.611142 } }
		}
	},

	{
		entity_name = "Special/P",
		type = MARKER,
		template_name = "",
		lt_grp = 0, srt_grp = 0, usr_flg = 0,
		spatialprops =
		{
			pos = { 1.647586, -0.005351, -0.759586 },
			orient = { { -0.537004,  0.000000, -0.843580 },
					   {  0.000000,  1.000000,  0.000000 },
					   {  0.843580,  0.000000, -0.537004 } }
		}
	},

	{
		entity_name = "VoiceProfile_GCS_ML_D06aG00",
		type = SOUND,
		template_name = "VoiceProfile_GCS_ML_D06aG00",
		lt_grp = 0, srt_grp = 0, usr_flg = 0,
		spatialprops =
		{
			pos = { 0, 0, 0 },
			orient = { { 1, 0, 0 }, { 0, 1, 0 }, { 0, 0, 1 } }
		},
		audioprops =
		{
			attenuation = 0,
			pan = 0,
			dmin = 50,
			dmax = 300,
			ain = 360,
			aout = 360,
			atout = 0,
			rmix = 0,
		},
		userprops =
		{
			category = "Audio",
			speaker = "Offer_Character_A",
		}
	},

	{
		entity_name = "VoiceProfile_$BGCS_My_Faction_ML",
		type = SOUND,
		template_name = "VoiceProfile_$BGCS_My_Faction_ML",
		lt_grp = 0, srt_grp = 0, usr_flg = 0,
		spatialprops =
		{
			pos = { 0, 0, 0 },
			orient = { { 1, 0, 0 }, { 0, 1, 0 }, { 0, 0, 1 } }
		},
		audioprops =
		{
			attenuation = 0,
			pan = 0,
			dmin = 50,
			dmax = 300,
			ain = 360,
			aout = 360,
			atout = 0,
			rmix = 0,
		},
		userprops =
		{
			category = "Audio",
			Speaker = "Offer_Character_A",
		}
	}
};

events =
{
	{
		0.000, START_MOTION, { "Offer_Character_A" },
		{
			animation = "Sc_MLHAND_HNEUT_DNTGO_LEFT_000LV_00",
			duration = 2.000,
			trans_time = 1.000,
			time_scale = 5,
			weight = 1,
			heading = -1
		}
	},

	{
		0.000, SET_CAMERA, { "Monitor_1", "Camera/PCO" }
	},

	{
		0.000, START_MOTION, { "Player_Character_P" },
		{
			animation = "Sc_MLHEAD_BASEPOSE_TRENT_000LV_01_01",
			duration = 1.000,
			trans_time = 1.000,
			time_scale = 1,
			weight = 1,
			heading = -1
		}
	},

	{
		0.000, START_MOTION, { "Offer_Character_A" },
		{
			animation = "Sc_MLBODY_STND_IDLE_SMALL_000LV_xa_05",
			duration = 5.000,
			trans_time = 1.000,
			time_scale = 0.5,
			weight = 1,
			heading = -1
		}
	},

	{
		0.000, START_MOTION, { "Player_Character_P" },
		{
			animation = "Sc_MLBODY_STND_NOD_YES_SLGHTLY_000LV_XA_02",
			duration = 3.398,
			trans_time = 1.000,
			time_scale = 0.5,
			weight = 1,
			heading = -1
		}
	},

	{
		0.001, START_IK, { "Player_Character_P", "Offer_Character_A" },
		{
			duration = 3.769,
			end_effector = "Body_Head",
			count_to_root = 1,
			target_part = "Body_Head",
			target_type = PART,
			damping = 10,
			up = NEG_Y_AXIS,
			front = Z_AXIS,
			point_at = 1,
			move_to = 0,
			transition_duration = 0.000
		}
	},

	{
		0.001, START_IK, { "Offer_Character_A", "Player_Character_P" },
		{
			duration = 4.000,
			end_effector = "Body_Head",
			count_to_root = 1,
			target_part = "Body_Head",
			target_type = PART,
			damping = 1000,
			up = NEG_Y_AXIS,
			front = Z_AXIS,
			point_at = 1,
			move_to = 0,
			transition_duration = 0.000
		}
	},

	{
		0.140, START_IK, { "Player_Character_P", "Offer_Character_A" },
		{
			duration = 0.769,
			end_effector = "Eye IK Right",
			count_to_root = 1,
			target_part = "Body_Head",
			target_type = PART,
			damping = 1,
			up = Y_AXIS,
			front = Z_AXIS,
			point_at = 1,
			move_to = 0,
			transition_duration = 0.550,
			event_flags = 128
		}
	},

	{
		0.405, START_MOTION, { "Offer_Character_A" },
		{
			animation = "Sc_MLBODY_STND_CONV_LHND_CASL_000LV_xb_03",
			duration = 3.000,
			trans_time = 0.800,
			time_scale = 0.5,
			weight = 1,
			heading = -1,
			event_flags = 128
		}
	},

	{
		0.406, START_MOTION, { "Offer_Character_A" },
		{
			animation = "Sc_MLHEAD_MOTION_SHAKHEAD_YES_000LV_XA_%",
			duration = 4.285,
			trans_time = 0.500,
			time_scale = 0.7,
			weight = 1,
			heading = -1
		}
	},

	{
		0.507, START_SOUND, { "VoiceProfile_GCS_ML_D06aG00" },
		{
			duration = 1.500
		}
	},

	{
		0.967, START_MOTION, { "Player_Character_P" },
		{
			animation = "Sc_MLHEAD_NEUT_BLINK_EYES_000LV_A_00",
			duration = 0.266,
			time_scale = 1,
			weight = 1,
			heading = -1
		}
	},

	{
		0.984, START_MOTION, { "Offer_Character_A" },
		{
			animation = "Sc_MLHAND_NEUT_LEFT_000LV_A_00",
			duration = 4.000,
			trans_time = 0.500,
			time_scale = 1,
			weight = 1,
			heading = -1
		}
	},

	{
		1.046, START_MOTION, { "Player_Character_P" },
		{
			animation = "Sc_ADHEAD_MOTION_FLCKR_EYES_000LV_XA_06",
			duration = 6.666,
			trans_time = 0.500,
			time_scale = 1,
			weight = 1,
			heading = -1
		}
	},

	{
		1.258, START_MOTION, { "Offer_Character_A" },
		{
			animation = "Sc_MLBODY_STND_CONV_LHNDDN_TRNS_000LV_XA_01",
			duration = 11.000,
			trans_time = 0.770,
			time_scale = 0.5,
			weight = 1,
			heading = -1
		}
	},

	{
		1.258, START_MOTION, { "Player_Character_P" },
		{
			animation = "Sc_MLBODY_STND_IDLE_SMALL_000LV_xa_05",
			duration = 3.038,
			trans_time = 0.800,
			time_scale = 0.5,
			weight = 1,
			heading = -1
		}
	},

	{
		1.265, START_MOTION, { "Player_Character_P" },
		{
			animation = "Sc_MLHEAD_MOTION_EYES_SQUINTBG_TRENT_000LV_XA_%",
			duration = 3.000,
			trans_time = 0.500,
			time_scale = 1,
			weight = 1,
			heading = -1
		}
	},

	{
		1.366, START_SOUND, { "VoiceProfile_$BGCS_My_Faction_ML" },
		{
			duration = 2.028
		}
	},

	{
		2.394, START_SPATIAL_PROP_ANIM, { "Offer_Character_A", "Special/A" },
		{
			duration = 1.000,
			target_part = "",
			target_type = ROOT,
			spatialprops =
			{
				pos = { 0, 0, 0 },
				q_orient = { 0.156777, 0, 0.987634, 0 }
			}
		}
	},

	{
		2.394, START_SPATIAL_PROP_ANIM, { "Player_Character_P", "Special/P2" },
		{
			duration = 1.000,
			target_part = "",
			target_type = ROOT,
			spatialprops =
			{
				pos = { 0.987223, 0, -0.501587 },
				q_orient = { -0.611142, 0, -0.791521, 0 }
			}
		}
	}
};
