duration = 1.580;

entities =
{

	{
		entity_name = "Layer_GCS_D02aP01_sit",
		type = SCENE,
		template_name = "",
		lt_grp = 0, srt_grp = 0, usr_flg = 0,
		spatialprops =
		{
			pos = { 0, 0, 0 },
			orient = { { 1, 0, 0 }, { 0, 1, 0 }, { 0, 0, 1 } }
		},
		up = Y_AXIS,
		front = Z_AXIS,
		ambient = { 0, 0, 0 }
	},

	{
		entity_name = "Special/A",
		type = MARKER,
		template_name = "",
		lt_grp = 0, srt_grp = 0, usr_flg = 0,
		spatialprops =
		{
			pos = { -0.747185, 0, 0 },
			orient = { {  0.156777,  0.000000,  0.987634 },
					   {  0.000000,  1.000000,  0.000000 },
					   { -0.987634,  0.000000,  0.156777 } }
		}
	},

	{
		entity_name = "Monitor_1",
		type = MONITOR,
		template_name = "",
		lt_grp = 0, srt_grp = 0, usr_flg = 0
	},

	{
		entity_name = "Camera/AC2",
		type = CAMERA,
		template_name = "",
		lt_grp = 0, srt_grp = 0, usr_flg = 0,
		flags = HIDDEN,
		spatialprops =
		{
			pos = { 1.532393, 1.98803, 0.578225 },
			orient = { {  0.602505,  0.000000, -0.798115 },
					   { -0.342441,  0.903275, -0.258512 },
					   {  0.720917,  0.429062,  0.544228 } }
		},
		cameraprops =
		{
			fovh = 30,
			hvaspect = 1.85,
			nearplane = 0.2,
			farplane = 5000
		}
	},

	{
		entity_name = "Special/P2",
		type = MARKER,
		template_name = "",
		lt_grp = 0, srt_grp = 0, usr_flg = 0,
		spatialprops =
		{
			pos = { 0.987223, 0, -0.501587 },
			orient = { { -0.611142,  0.000000, -0.791521 },
					   {  0.000000,  1.000000,  0.000000 },
					   {  0.791521,  0.000000, -0.611142 } }
		}
	},

	{
		entity_name = "Special/P",
		type = MARKER,
		template_name = "",
		lt_grp = 0, srt_grp = 0, usr_flg = 0,
		spatialprops =
		{
			pos = { 1.368029, -0.0054, -0.846653 },
			orient = { { -0.611142,  0.000000, -0.791521 },
					   {  0.000000,  1.000000,  0.000000 },
					   {  0.791521,  0.000000, -0.611142 } }
		}
	},

	{
		entity_name = "Offer_Character_A",
		type = DEFORMABLE,
		template_name = "jacobi",
		lt_grp = 0, srt_grp = 0, usr_flg = 0,
		flags = LIT_DYNAMIC,
		spatialprops =
		{
			pos = { -0.747185, 0, 0 },
			orient = { {  0.156777,  0.000000,  0.987634 },
					   {  0.000000,  1.000000,  0.000000 },
					   { -0.987634,  0.000000,  0.156777 } }
		},
		compoundprops =
		{
			floor_height = 0
		},
		userprops =
		{
			actor = "NPC",
			category = "Character",
		}
	},

	{
		entity_name = "VoiceProfile_GCS_Trent_D02aP01",
		type = SOUND,
		template_name = "VoiceProfile_$BGCS_Trent_D02aP01_3",
		lt_grp = 0, srt_grp = 0, usr_flg = 0,
		spatialprops =
		{
			pos = { 0, 0, 0 },
			orient = { { 1, 0, 0 }, { 0, 1, 0 }, { 0, 0, 1 } }
		},
		audioprops =
		{
			attenuation = 0,
			pan = 0,
			dmin = 50,
			dmax = 300,
			ain = 360,
			aout = 360,
			atout = 0,
			rmix = 0,
		},
		userprops =
		{
			category = "Audio",
			speaker = "Player_Character_P",
		}
	},

	{
		entity_name = "Player_Character_P",
		type = DEFORMABLE,
		template_name = "trent",
		lt_grp = 0, srt_grp = 0, usr_flg = 0,
		flags = LIT_DYNAMIC,
		spatialprops =
		{
			pos = { 0.986868, 0, -0.501136 },
			orient = { { -0.612436,  0.000000, -0.790520 },
					   {  0.000000,  1.000000,  0.000000 },
					   {  0.790520,  0.000000, -0.612436 } }
		},
		compoundprops =
		{
			floor_height = 0
		},
		userprops =
		{
			actor = "player",
			category = "Character",
		}
	}
};

events =
{
	{
		0.000, SET_CAMERA, { "Monitor_1", "Camera/AC2" }
	},

	{
		0.000, START_MOTION, { "Offer_Character_A" },
		{
			animation = "Sc_FMHEAD_BASEPOSE_000LV_02_01",
			duration = 1.100,
			trans_time = 1.000,
			time_scale = 1,
			weight = 1,
			heading = -1
		}
	},

	{
		0.000, START_MOTION, { "Offer_Character_A" },
		{
			animation = "Sc_FMBODY_CHRF_IDLE_SMALL_000LV_XA_05",
			duration = 5.000,
			trans_time = 1.000,
			time_scale = 1,
			weight = 1,
			heading = -1
		}
	},

	{
		0.000, START_MOTION, { "Player_Character_P" },
		{
			animation = "Sc_dx_GCS_D02aP01_Trent",
			duration = 1.666,
			trans_time = 0.500,
			time_scale = 1,
			weight = 1,
			heading = -1
		}
	},

	{
		0.000, START_MOTION, { "Player_Character_P" },
		{
			animation = "Sc_MLBODY_STND_NOD_YES_EMPH_000LV_XA_01",
			duration = 1.904,
			trans_time = 1.000,
			time_scale = 0.5,
			weight = 1,
			heading = -1
		}
	},

	{
		0.001, START_IK, { "Offer_Character_A", "Player_Character_P" },
		{
			duration = 1.000,
			end_effector = "Eye IK Left",
			count_to_root = 1,
			target_part = "Head_End",
			target_type = PART,
			damping = 1,
			up = Y_AXIS,
			front = Z_AXIS,
			point_at = 1,
			move_to = 0,
			transition_duration = 0.010,
			event_flags = 128
		}
	},

	{
		0.001, START_IK, { "Player_Character_P", "Offer_Character_A" },
		{
			duration = 1.468,
			end_effector = "Eye IK Left",
			count_to_root = 1,
			target_part = "Body_Head",
			target_type = PART,
			damping = 1,
			up = Y_AXIS,
			front = Z_AXIS,
			point_at = 1,
			move_to = 0,
			transition_duration = 0.010,
			event_flags = 128
		}
	},

	{
		0.001, START_IK, { "Offer_Character_A", "Player_Character_P" },
		{
			duration = 1.580,
			end_effector = "Body_Head",
			count_to_root = 1,
			target_part = "Body_Head",
			target_type = PART,
			damping = 10,
			up = NEG_Y_AXIS,
			front = Z_AXIS,
			point_at = 1,
			move_to = 0,
			transition_duration = 0.000
		}
	},

	{
		0.342, START_MOTION, { "Player_Character_P" },
		{
			animation = "Sc_MLBODY_STND_IDLE_SMALL_000LV_xa_05",
			duration = 2.125,
			trans_time = 0.800,
			time_scale = 1,
			weight = 1,
			heading = -1
		}
	},

	{
		0.500, START_SOUND, { "VoiceProfile_GCS_Trent_D02aP01" },
		{
			duration = 1.080
		}
	},

	{
		0.579, START_SPATIAL_PROP_ANIM, { "Offer_Character_A", "Special/A" },
		{
			duration = 1.000,
			target_part = "",
			target_type = ROOT,
			spatialprops =
			{
				pos = { -0.747185, 0, 0 },
				q_orient = { 0.156777, 0, 0.987634, 0 }
			}
		}
	},

	{
		0.579, START_SPATIAL_PROP_ANIM, { "Player_Character_P", "Special/P2" },
		{
			duration = 1.000,
			target_part = "",
			target_type = ROOT,
			spatialprops =
			{
				pos = { 0.987223, 0, -0.501587 },
				q_orient = { -0.611142, 0, -0.791521, 0 }
			}
		}
	},

	{
		0.717, START_IK, { "Player_Character_P", "Offer_Character_A" },
		{
			duration = 0.864,
			end_effector = "Body_Head",
			count_to_root = 1,
			target_part = "Body_Head",
			target_type = PART,
			damping = 1,
			up = NEG_Y_AXIS,
			front = Z_AXIS,
			point_at = 1,
			move_to = 0,
			transition_duration = 0.770,
			event_flags = 128
		}
	}
};
