duration = 3.453;

entities =
{

	{
		entity_name = "Layer_GCS_D04dT",
		type = SCENE,
		template_name = "",
		lt_grp = 0, srt_grp = 0, usr_flg = 0,
		spatialprops =
		{
			pos = { 0, 0, 0 },
			orient = { { 1, 0, 0 }, { 0, 1, 0 }, { 0, 0, 1 } }
		},
		up = Y_AXIS,
		front = Z_AXIS,
		ambient = { 128, 128, 128 }
	},

	{
		entity_name = "Special/A",
		type = MARKER,
		template_name = "",
		lt_grp = 0, srt_grp = 0, usr_flg = 0,
		spatialprops =
		{
			pos = { 0, 0, 0 },
			orient = { {  0.156777,  0.000000,  0.987634 },
					   {  0.000000,  1.000000,  0.000000 },
					   { -0.987634,  0.000000,  0.156777 } }
		}
	},

	{
		entity_name = "Monitor_1",
		type = MONITOR,
		template_name = "",
		lt_grp = 0, srt_grp = 0, usr_flg = 0
	},

	{
		entity_name = "Camera/AC2",
		type = CAMERA,
		template_name = "",
		lt_grp = 0, srt_grp = 0, usr_flg = 0,
		flags = HIDDEN,
		spatialprops =
		{
			pos = { 1.563856, 1.682559, 0.872445 },
			orient = { {  0.724759,  0.000000, -0.689002 },
					   { -0.128124,  0.982558, -0.134772 },
					   {  0.676985,  0.185955,  0.712118 } }
		},
		cameraprops =
		{
			fovh = 30,
			hvaspect = 1.85,
			nearplane = 0.2,
			farplane = 5000
		}
	},

	{
		entity_name = "Player_Character_P",
		type = DEFORMABLE,
		template_name = "trent",
		lt_grp = 0, srt_grp = 0, usr_flg = 0,
		flags = LIT_DYNAMIC,
		spatialprops =
		{
			pos = { 0.987223, 0, -0.501587 },
			orient = { { -0.611142,  0.000000, -0.791521 },
					   {  0.000000,  1.000000,  0.000000 },
					   {  0.791521,  0.000000, -0.611142 } }
		},
		compoundprops =
		{
			floor_height = 0
		},
		userprops =
		{
			actor = "player",
			category = "Character",
		}
	},

	{
		entity_name = "Offer_Character_A",
		type = DEFORMABLE,
		template_name = "king",
		lt_grp = 0, srt_grp = 0, usr_flg = 0,
		flags = LIT_DYNAMIC,
		spatialprops =
		{
			pos = { 0, 0, 0 },
			orient = { {  0.156777,  0.000000,  0.987634 },
					   {  0.000000,  1.000000,  0.000000 },
					   { -0.987634,  0.000000,  0.156777 } }
		},
		compoundprops =
		{
			floor_height = 0
		},
		userprops =
		{
			actor = "NPC",
			category = "Character",
		}
	},

	{
		entity_name = "Special/P2",
		type = MARKER,
		template_name = "",
		lt_grp = 0, srt_grp = 0, usr_flg = 0,
		spatialprops =
		{
			pos = { 0.987223, 0, -0.501587 },
			orient = { { -0.611142,  0.000000, -0.791521 },
					   {  0.000000,  1.000000,  0.000000 },
					   {  0.791521,  0.000000, -0.611142 } }
		}
	},

	{
		entity_name = "Special/P",
		type = MARKER,
		template_name = "",
		lt_grp = 0, srt_grp = 0, usr_flg = 0,
		spatialprops =
		{
			pos = { 1.368029, -0.0054, -0.846653 },
			orient = { { -0.611142,  0.000000, -0.791521 },
					   {  0.000000,  1.000000,  0.000000 },
					   {  0.791521,  0.000000, -0.611142 } }
		}
	},

	{
		entity_name = "VoiceProfile_GCS_ML_D04dT01",
		type = SOUND,
		template_name = "VoiceProfile_GCS_ML_D04dT01",
		lt_grp = 0, srt_grp = 0, usr_flg = 0,
		spatialprops =
		{
			pos = { 0, 0, 0 },
			orient = { { 1, 0, 0 }, { 0, 1, 0 }, { 0, 0, 1 } }
		},
		audioprops =
		{
			attenuation = 0,
			pan = 0,
			dmin = 50,
			dmax = 300,
			ain = 360,
			aout = 360,
			atout = 0,
			rmix = 0,
		},
		userprops =
		{
			category = "Audio",
			speaker = "Offer_Character_A",
		}
	}
};

events =
{
	{
		0.000, SET_CAMERA, { "Monitor_1", "Camera/AC2" }
	},

	{
		0.000, START_MOTION, { "Offer_Character_A" },
		{
			animation = "Sc_MLBODY_STND_NOPE_000LV_A_02",
			duration = 2.166,
			trans_time = 1.000,
			time_scale = 1,
			weight = 1,
			heading = -1
		}
	},

	{
		0.000, START_MOTION, { "Offer_Character_A" },
		{
			animation = "Sc_dx_GCS_D04dT01_RVP01",
			duration = 4.500,
			trans_time = 0.500,
			time_scale = 1,
			weight = 1,
			heading = -1
		}
	},

	{
		0.000, START_MOTION, { "Player_Character_P" },
		{
			animation = "Sc_MLBODY_STND_IDLE_BRTH_000LV_xa_05",
			duration = 5.000,
			trans_time = 1.000,
			time_scale = 1,
			weight = 1,
			heading = -1
		}
	},

	{
		0.001, START_IK, { "Player_Character_P", "Offer_Character_A" },
		{
			duration = 3.450,
			end_effector = "Body_Head",
			count_to_root = 1,
			target_part = "Body_Head",
			target_type = PART,
			damping = 10,
			up = NEG_Y_AXIS,
			front = Z_AXIS,
			point_at = 1,
			move_to = 0,
			transition_duration = 0.000
		}
	},

	{
		0.001, START_IK, { "Offer_Character_A", "Player_Character_P" },
		{
			duration = 0.968,
			end_effector = "Body_Head",
			count_to_root = 1,
			target_part = "Body_Head",
			target_type = PART,
			damping = 10,
			up = NEG_Y_AXIS,
			front = Z_AXIS,
			point_at = 1,
			move_to = 0,
			transition_duration = 0.000
		}
	},

	{
		0.500, START_SOUND, { "VoiceProfile_GCS_ML_D04dT01" },
		{
			duration = 3.680
		}
	},

	{
		1.166, START_MOTION, { "Offer_Character_A" },
		{
			animation = "Sc_MLBODY_STND_CONV_HNDSDN_TRNS_000LV_XA_01",
			duration = 2.000,
			trans_time = 1.000,
			time_scale = 0.5,
			weight = 1,
			heading = -1
		}
	},

	{
		2.200, START_IK, { "Offer_Character_A", "Player_Character_P" },
		{
			duration = 1.250,
			end_effector = "Body_Head",
			count_to_root = 1,
			target_part = "Body_Head",
			target_type = PART,
			damping = 1,
			up = NEG_Y_AXIS,
			front = Z_AXIS,
			point_at = 1,
			move_to = 0,
			transition_duration = 1.230,
			event_flags = 128
		}
	},

	{
		2.450, START_SPATIAL_PROP_ANIM, { "Player_Character_P", "Special/P2" },
		{
			duration = 1.000,
			target_part = "",
			target_type = ROOT,
			spatialprops =
			{
				pos = { 0.987223, 0, -0.501587 },
				q_orient = { -0.253011, 0, -0.967463, 0 }
			}
		}
	},

	{
		2.450, START_SPATIAL_PROP_ANIM, { "Offer_Character_A", "Special/A" },
		{
			duration = 1.000,
			target_part = "",
			target_type = ROOT,
			spatialprops =
			{
				pos = { 0, 0, 0 },
				q_orient = { -0.950842, 0, -0.309677, 0 }
			}
		}
	},

	{
		2.500, START_MOTION, { "Offer_Character_A" },
		{
			animation = "Sc_MLBODY_STND_IDLE_BRTH_000LV_xa_05",
			duration = 5.000,
			trans_time = 0.700,
			time_scale = 1,
			weight = 1,
			heading = -1
		}
	}
};
