duration = 3.779;

entities =
{

	{
		entity_name = "Layer_GCS_D03aN01_sit",
		type = SCENE,
		template_name = "",
		lt_grp = 0, srt_grp = 0, usr_flg = 0,
		spatialprops =
		{
			pos = { 0, 0, 0 },
			orient = { { 1, 0, 0 }, { 0, 1, 0 }, { 0, 0, 1 } }
		},
		up = Y_AXIS,
		front = Z_AXIS,
		ambient = { 128, 128, 128 }
	},

	{
		entity_name = "Special/A",
		type = MARKER,
		template_name = "",
		lt_grp = 0, srt_grp = 0, usr_flg = 0,
		spatialprops =
		{
			pos = { 0, 0, 0 },
			orient = { {  0.156777,  0.000000,  0.987634 },
					   {  0.000000,  1.000000,  0.000000 },
					   { -0.987634,  0.000000,  0.156777 } }
		}
	},

	{
		entity_name = "Monitor_1",
		type = MONITOR,
		template_name = "",
		lt_grp = 0, srt_grp = 0, usr_flg = 0
	},

	{
		entity_name = "Camera/AC2",
		type = CAMERA,
		template_name = "",
		lt_grp = 0, srt_grp = 0, usr_flg = 0,
		flags = HIDDEN,
		spatialprops =
		{
			pos = { 2.119342, 1.597949, 0.965889 },
			orient = { {  0.622049,  0.000000, -0.782978 },
					   { -0.148829,  0.981769, -0.118239 },
					   {  0.768703,  0.190080,  0.610708 } }
		},
		cameraprops =
		{
			fovh = 30,
			hvaspect = 1.85,
			nearplane = 0.2,
			farplane = 5000
		}
	},

	{
		entity_name = "Camera/PC2",
		type = CAMERA,
		template_name = "",
		lt_grp = 0, srt_grp = 0, usr_flg = 0,
		flags = HIDDEN,
		spatialprops =
		{
			pos = { 0.310087, 1.692124, 1.209946 },
			orient = { {  0.996866,  0.000000,  0.079112 },
					   {  0.014171,  0.983827, -0.178562 },
					   { -0.077833,  0.179123,  0.980743 } }
		},
		cameraprops =
		{
			fovh = 30,
			hvaspect = 1.85,
			nearplane = 0.2,
			farplane = 5000
		}
	},

	{
		entity_name = "Player_Character_P",
		type = DEFORMABLE,
		template_name = "trent",
		lt_grp = 0, srt_grp = 0, usr_flg = 0,
		flags = LIT_DYNAMIC,
		spatialprops =
		{
			pos = { 0.987223, 0, -0.501587 },
			orient = { { -0.611142,  0.000000, -0.791521 },
					   {  0.000000,  1.000000,  0.000000 },
					   {  0.791521,  0.000000, -0.611142 } }
		},
		compoundprops =
		{
			floor_height = 0
		},
		userprops =
		{
			actor = "player",
			category = "Character",
		}
	},

	{
		entity_name = "Offer_Character_A",
		type = DEFORMABLE,
		template_name = "king",
		lt_grp = 0, srt_grp = 0, usr_flg = 0,
		flags = LIT_DYNAMIC,
		spatialprops =
		{
			pos = { 0, 0, 0 },
			orient = { {  0.156777,  0.000000,  0.987634 },
					   {  0.000000,  1.000000,  0.000000 },
					   { -0.987634,  0.000000,  0.156777 } }
		},
		compoundprops =
		{
			floor_height = 0
		},
		userprops =
		{
			actor = "NPC",
			category = "Character",
		}
	},

	{
		entity_name = "Special/P2",
		type = MARKER,
		template_name = "",
		lt_grp = 0, srt_grp = 0, usr_flg = 0,
		spatialprops =
		{
			pos = { 0.987223, 0, -0.501587 },
			orient = { { -0.611142,  0.000000, -0.791521 },
					   {  0.000000,  1.000000,  0.000000 },
					   {  0.791521,  0.000000, -0.611142 } }
		}
	},

	{
		entity_name = "Special/P",
		type = MARKER,
		template_name = "",
		lt_grp = 0, srt_grp = 0, usr_flg = 0,
		spatialprops =
		{
			pos = { 1.368029, -0.0054, -0.846653 },
			orient = { { -0.611142,  0.000000, -0.791521 },
					   {  0.000000,  1.000000,  0.000000 },
					   {  0.791521,  0.000000, -0.611142 } }
		}
	},

	{
		entity_name = "VoiceProfile_GCS_ML_D03aN01",
		type = SOUND,
		template_name = "VoiceProfile_GCS_ML_D03aN01",
		lt_grp = 0, srt_grp = 0, usr_flg = 0,
		spatialprops =
		{
			pos = { 0, 0, 0 },
			orient = { { 1, 0, 0 }, { 0, 1, 0 }, { 0, 0, 1 } }
		},
		audioprops =
		{
			attenuation = 0,
			pan = 0,
			dmin = 50,
			dmax = 300,
			ain = 360,
			aout = 360,
			atout = 0,
			rmix = 0,
		},
		userprops =
		{
			category = "Audio",
			speaker = "Offer_Character_A",
		}
	}
};

events =
{
	{
		0.000, SET_CAMERA, { "Monitor_1", "Camera/PC2" }
	},

	{
		0.000, START_MOTION, { "Player_Character_P" },
		{
			animation = "Sc_MLBODY_STND_LSTN_000LV_A_18",
			duration = 18.333,
			trans_time = 1.000,
			time_scale = 1,
			weight = 1,
			heading = -1
		}
	},

	{
		0.000, START_MOTION, { "Offer_Character_A" },
		{
			animation = "Sc_dx_GCS_D03aN01_RVP01",
			duration = 3.666,
			trans_time = 0.500,
			time_scale = 1,
			weight = 1,
			heading = -1
		}
	},

	{
		0.000, START_MOTION, { "Offer_Character_A" },
		{
			animation = "Sc_MLBODY_CHRF_IDLE_SMALL_000LV_XA_05",
			duration = 4.966,
			trans_time = 1.000,
			time_scale = 1,
			weight = 1,
			heading = -1,
			event_flags = 2
		}
	},

	{
		0.001, START_IK, { "Offer_Character_A", "Player_Character_P" },
		{
			duration = 1.953,
			end_effector = "Body_Head",
			count_to_root = 1,
			target_part = "Body_Head",
			target_type = PART,
			damping = 100,
			up = NEG_Y_AXIS,
			front = Z_AXIS,
			point_at = 1,
			move_to = 0,
			transition_duration = 0.000
		}
	},

	{
		0.001, START_IK, { "Player_Character_P", "Offer_Character_A" },
		{
			duration = 3.779,
			end_effector = "Body_Head",
			count_to_root = 1,
			target_part = "Body_Head",
			target_type = PART,
			damping = 100,
			up = NEG_Y_AXIS,
			front = Z_AXIS,
			point_at = 1,
			move_to = 0,
			transition_duration = 0.000
		}
	},

	{
		0.500, START_SOUND, { "VoiceProfile_GCS_ML_D03aN01" },
		{
			duration = 3.279
		}
	},

	{
		0.500, START_MOTION, { "Offer_Character_A" },
		{
			animation = "Sc_MLBODY_CHRF_EMPH_HNDSUP_TRNS_000LV_XA_02",
			duration = 2.000,
			trans_time = 1.000,
			time_scale = 0.8,
			weight = 1,
			heading = -1
		}
	},

	{
		1.608, SET_CAMERA, { "Monitor_1", "Camera/AC2" }
	},

	{
		2.039, START_MOTION, { "Offer_Character_A" },
		{
			animation = "Sc_MLBODY_CHRF_EMPH_HNDSDN_TRNS_000LV_XA_02",
			duration = 2.000,
			trans_time = 0.500,
			time_scale = 1,
			weight = 1,
			heading = -1
		}
	},

	{
		2.358, START_IK, { "Offer_Character_A", "Player_Character_P" },
		{
			duration = 1.421,
			end_effector = "Body_Head",
			count_to_root = 1,
			target_part = "Body_Head",
			target_type = PART,
			damping = 1,
			up = NEG_Y_AXIS,
			front = Z_AXIS,
			point_at = 1,
			move_to = 0,
			transition_duration = 0.690,
			event_flags = 128
		}
	},

	{
		2.779, START_SPATIAL_PROP_ANIM, { "Offer_Character_A", "Special/A" },
		{
			duration = 1.000,
			target_part = "",
			target_type = ROOT,
			spatialprops =
			{
				pos = { 0, 0, 0 },
				q_orient = { 0.306375, 0, 0.951911, 0 }
			}
		}
	},

	{
		2.779, START_SPATIAL_PROP_ANIM, { "Player_Character_P", "Special/P2" },
		{
			duration = 1.000,
			target_part = "",
			target_type = ROOT,
			spatialprops =
			{
				pos = { 0.987223, 0, -0.501587 },
				q_orient = { 0.520666, 0, -0.85376, 0 }
			}
		}
	}
};
