duration = 30.000;

entities =
{

	{
		entity_name = "Scene_Untitled_2",
		type = SCENE,
		template_name = "",
		lt_grp = 0, srt_grp = 0, usr_flg = 0,
		spatialprops =
		{
			pos = { 0, 0, 0 },
			orient = { { 1, 0, 0 }, { 0, 1, 0 }, { 0, 0, 1 } }
		},
		up = Y_AXIS,
		front = Z_AXIS,
		ambient = { 128, 128, 128 }
	},

	{
		entity_name = "Shot01_Monitor_1",
		type = MONITOR,
		template_name = "",
		lt_grp = 0, srt_grp = 0, usr_flg = 0
	},

	{
		entity_name = "aa_main_object",
		type = MARKER,
		template_name = "",
		lt_grp = 0, srt_grp = 0, usr_flg = 0,
		spatialprops =
		{
			pos = { -10622.22, 0, 77718.59 },
			orient = { {  0.582523,  0.000000,  0.812814 },
					   {  0.000000,  1.000000,  0.000000 },
					   { -0.812814,  0.000000,  0.582523 } }
		}
	},

	{
		entity_name = "CnB_Camera_00",
		type = CAMERA,
		template_name = "",
		lt_grp = 0, srt_grp = 0, usr_flg = 0,
		spatialprops =
		{
			pos = { -10307.39, 7.980615, 77299.3 },
			orient = { { -0.981697,  0.000000, -0.190449 },
					   { -0.020784,  0.994027,  0.107136 },
					   {  0.189312,  0.109133, -0.975833 } }
		},
		cameraprops =
		{
			fovh = 35,
			hvaspect = 1.85,
			nearplane = 0.1,
			farplane = 100000
		}
	},

	{
		entity_name = "CnB_Camera_01",
		type = CAMERA,
		template_name = "",
		lt_grp = 0, srt_grp = 0, usr_flg = 0,
		spatialprops =
		{
			pos = { 0, 0, 300 },
			orient = { { 1, 0, 0 }, { 0, 1, 0 }, { 0, 0, 1 } }
		},
		cameraprops =
		{
			fovh = 35,
			hvaspect = 1.85,
			nearplane = 0.1,
			farplane = 50000
		}
	},

	{
		entity_name = "aa_depot_Path",
		type = MOTION_PATH,
		template_name = "",
		lt_grp = 0, srt_grp = 0, usr_flg = 0,
		spatialprops =
		{
			pos = { 0, 0, 0 },
			orient = { { -0.999992,  0.000000,  0.003906 },
					   {  0.000009,  0.999997,  0.002247 },
					   { -0.003906,  0.002247, -0.999990 } }
		},
		pathprops =
		{
			path_type = "CV_CROrientationSplinePath",
			path_data = "OPEN,{137.041016,5.939640,-71.218750}, {0.340053,-0.013143,0.939613,0.036317}, {64.776367,6.981269,-126.921875}, {0.186829,-0.007230,0.981631,0.037988}, {-38.182617,17.693277,-130.750000}, {0.003461,-0.000280,0.996729,0.080744}, {-91.387695,7.980615,-80.710938}, {0.095520,-0.005228,0.993926,0.054398}, "
		}
	},

	{
		entity_name = "Station_Depot_Prop_1",
		type = COMPOUND,
		template_name = "Station_Depot_Prop",
		lt_grp = 0, srt_grp = 0, usr_flg = 0,
		flags = LIT_DYNAMIC + LIT_AMBIENT,
		spatialprops =
		{
			pos = { -10216, 0, 77380 },
			orient = { { 1, 0, 0 }, { 0, 1, 0 }, { 0, 0, 1 } }
		},
		userprops =
		{
			category = "Prop",
		}
	},

	{
		entity_name = "Marker_1",
		type = MARKER,
		template_name = "",
		lt_grp = 0, srt_grp = 0, usr_flg = 0,
		spatialprops =
		{
			pos = { 57147, 0, -52081 },
			orient = { { -0.327417, -0.944159,  0.036905 },
					   { -0.669454,  0.259364,  0.696105 },
					   { -0.666805,  0.203211, -0.716991 } }
		}
	},

	{
		entity_name = "Marker_2",
		type = MARKER,
		template_name = "",
		lt_grp = 0, srt_grp = 0, usr_flg = 0,
		spatialprops =
		{
			pos = { 0, 0, 300 },
			orient = { { 1, 0, 0 }, { 0, 1, 0 }, { 0, 0, 1 } }
		}
	},

	{
		entity_name = "Path_Camera_1",
		type = CAMERA,
		template_name = "",
		lt_grp = 0, srt_grp = 0, usr_flg = 0,
		spatialprops =
		{
			pos = { 0, 0, 0 },
			orient = { { 1, 0, 0 }, { 0, 1, 0 }, { 0, 0, 1 } }
		},
		cameraprops =
		{
			fovh = 35,
			hvaspect = 1.85,
			nearplane = 0.1,
			farplane = 100000
		}
	},

	{
		entity_name = "li_elite_3",
		type = COMPOUND,
		template_name = "li_elite",
		lt_grp = 0, srt_grp = 0, usr_flg = 0,
		flags = LIT_DYNAMIC,
		spatialprops =
		{
			pos = { -10467.6, -71.28593, 77554.34 },
			orient = { {  0.582523,  0.000000,  0.812814 },
					   {  0.000000,  1.000000,  0.000000 },
					   { -0.812814,  0.000000,  0.582523 } }
		},
		userprops =
		{
			category = "Spaceship",
		}
	},

	{
		entity_name = "CnB_Camera_02b",
		type = CAMERA,
		template_name = "",
		lt_grp = 0, srt_grp = 0, usr_flg = 0,
		spatialprops =
		{
			pos = { -10191.34, -39.82296, 77101.25 },
			orient = { { -0.941061, -0.131403, -0.311669 },
					   { -0.108126,  0.989972, -0.090905 },
					   {  0.320489, -0.051847, -0.945832 } }
		},
		cameraprops =
		{
			fovh = 35,
			hvaspect = 1.85,
			nearplane = 0.1,
			farplane = 100000
		}
	},

	{
		entity_name = "CnB_Camera_02a",
		type = CAMERA,
		template_name = "",
		lt_grp = 0, srt_grp = 0, usr_flg = 0,
		spatialprops =
		{
			pos = { -10332.37, 72.0785, 77243 },
			orient = { { -0.670719,  0.102708,  0.734566 },
					   {  0.341544,  0.921886,  0.182958 },
					   { -0.658395,  0.373600, -0.653406 } }
		},
		cameraprops =
		{
			fovh = 35,
			hvaspect = 1.85,
			nearplane = 0.1,
			farplane = 100000
		}
	},

	{
		entity_name = "CnB_Camera_Enemy_OTS",
		type = CAMERA,
		template_name = "",
		lt_grp = 0, srt_grp = 0, usr_flg = 0,
		spatialprops =
		{
			pos = { -10694.83, 10, 77746.02 },
			orient = { {  0.412975,  0.000000,  0.910742 },
					   {  0.020900,  0.999737, -0.009477 },
					   { -0.910503,  0.022949,  0.412866 } }
		},
		cameraprops =
		{
			fovh = 35,
			hvaspect = 1.85,
			nearplane = 0.1,
			farplane = 100000
		}
	},

	{
		entity_name = "Mk_Benford_Lookat",
		type = MARKER,
		template_name = "",
		lt_grp = 0, srt_grp = 0, usr_flg = 0,
		spatialprops =
		{
			pos = { -10134.39, -94.55372, 77401.71 },
			orient = { { 1, 0, 0 }, { 0, 1, 0 }, { 0, 0, 1 } }
		}
	}
};

events =
{
	{
		0.000, ATTACH_ENTITY, { "CnB_Camera_01", "Marker_2" },
		{
			duration = 30.000,
			offset = { 0, 0, 0 },
			up = Y_AXIS,
			front = NEG_Z_AXIS,
			target_part = "",
			target_type = ROOT,
			flags = POSITION
		}
	},

	{
		0.000, ATTACH_ENTITY, { "Marker_2", "Marker_1" },
		{
			duration = 30.000,
			offset = { 0, 0, 300 },
			up = Y_AXIS,
			front = NEG_Z_AXIS,
			target_part = "",
			target_type = ROOT,
			flags = POSITION + ORIENTATION + ENTITY_RELATIVE
		}
	},

	{
		0.000, ATTACH_ENTITY, { "CnB_Camera_01", "Station_Depot_Prop_1" },
		{
			duration = 30.000,
			offset = { 0, 0, 0 },
			up = Y_AXIS,
			front = NEG_Z_AXIS,
			target_part = "",
			target_type = ROOT,
			flags = LOOK_AT
		}
	},

	{
		0.000, ATTACH_ENTITY, { "aa_depot_Path", "aa_main_object" },
		{
			duration = 30.000,
			offset = { 0, 0, 0 },
			up = Y_AXIS,
			front = NEG_Z_AXIS,
			target_part = "",
			target_type = ROOT,
			flags = POSITION + ORIENTATION
		}
	},

	{
		0.000, START_PATH_ANIMATION, { "Path_Camera_1", "aa_depot_Path" },
		{
			duration = 30.000,
			start_percent = 0,
			stop_percent = 1,
			offset = { 0, 0, 0 },
			up = Y_AXIS,
			front = NEG_Z_AXIS,
			flags = POSITION + ORIENTATION,
			param_curve =
			{
				CLSID = "FreeFormPCurve",
				points =
				{
					{  0.000000,  0.000000,  0.000000,  0.000000 },
					{  0.054487,  0.000000,  0.000000,  0.000000 },
					{  0.246795,  1.000000,  0.000000,  0.000000 },
					{  1.000000,  1.000000,  0.000000,  0.000000 },
				}
			},
			pcurve_period = -1000
		}
	},

	{
		0.000, SET_CAMERA, { "Shot01_Monitor_1", "CnB_Camera_02a" }
	},

	{
		0.000, ATTACH_ENTITY, { "li_elite_3", "aa_main_object" },
		{
			duration = 1.000,
			offset = { 0, 0, 0 },
			up = Y_AXIS,
			front = NEG_Z_AXIS,
			target_part = "",
			target_type = ROOT,
			flags = POSITION + ORIENTATION
		}
	},

	{
		0.000, START_SPATIAL_PROP_ANIM, { "CnB_Camera_02a", "CnB_Camera_02b" },
		{
			duration = 9.937,
			target_part = "",
			target_type = ROOT,
			spatialprops =
			{
				pos = { -10191.34, -39.82296, 77101.25 },
				q_orient = { -0.941061, -0.131403, -0.311669, -0.108126 }
			},
			param_curve =
			{
				CLSID = "FreeFormPCurve",
				points =
				{
					{  0.000000,  0.000000,  0.000000,  0.000000 },
					{  1.000000,  1.000000,  0.000000,  0.000000 },
				}
			},
			pcurve_period = -1000
		}
	},

	{
		0.000, ATTACH_ENTITY, { "CnB_Camera_Enemy_OTS", "Mk_Benford_Lookat" },
		{
			duration = 30.531,
			offset = { 0, 0, 0 },
			up = Y_AXIS,
			front = NEG_Z_AXIS,
			target_part = "",
			target_type = ROOT,
			flags = LOOK_AT
		}
	},

	{
		0.000, ATTACH_ENTITY, { "CnB_Camera_Enemy_OTS", "aa_main_object" },
		{
			duration = 30.656,
			offset = { -22, 38, 75 },
			up = Y_AXIS,
			front = NEG_Z_AXIS,
			target_part = "",
			target_type = ROOT,
			flags = POSITION + ENTITY_RELATIVE
		}
	},

	{
		11.656, SET_CAMERA, { "Shot01_Monitor_1", "CnB_Camera_Enemy_OTS" }
	}
};
