duration  =  28.500;

entities  = 
{

	{
		entity_name  =  "Layer_Ku_07_Shipdealer_Hardpoint",
		type  =  SCENE,
		template_name  =  "",
		lt_grp  =  0, srt_grp  =  0, usr_flg  =  0,
		spatialprops  = 
		{
			pos  =  { 0, 0, 0 },
			orient  =  { { 1, 0, 0 }, { 0, 1, 0 }, { 0, 0, 1 } }
		},
		up  =  Y_AXIS,
		front  =  Z_AXIS,
		ambient  =  { 0, 0, 0 }
	},

	{
		entity_name  =  "X/Shipcentre/01",
		type  =  MARKER,
		template_name  =  "",
		lt_grp  =  0, srt_grp  =  0, usr_flg  =  0,
		spatialprops  = 
		{
			pos  =  { 0, 0, 0 },
			orient  =  { { -0.937514, 0.000000, -0.347948 },
					   { 0.000000, 1.000000, 0.000000 },
					   { 0.347948, 0.000000, -0.937514 } }
		}
	},

	{
		entity_name  =  "Zs/NPC/Shipdealer/01/P2/Stand",
		type  =  MARKER,
		template_name  =  "",
		lt_grp  =  0, srt_grp  =  0, usr_flg  =  0,
		spatialprops  = 
		{
			pos  =  { 6.327703, 0, 17.45154 },
			orient  =  { { 0.607135, 0.000000, -0.794599 },
					   { 0.000000, 1.000000, 0.000000 },
					   { 0.794599, 0.000000, 0.607135 } }
		}
	},

	{
		entity_name  =  "Zs/NPC/Shipdealer/01/A/Stand",
		type  =  MARKER,
		template_name  =  "",
		lt_grp  =  0, srt_grp  =  0, usr_flg  =  0,
		spatialprops  = 
		{
			pos  =  { 5.43387, 0, 16.80119 },
			orient  =  { { -0.791715, 0.000000, 0.610891 },
					   { 0.000000, 1.000000, 0.000000 },
					   { -0.610891, 0.000000, -0.791715 } }
		}
	},

	{
		entity_name  =  "Zs/NPC/mFloor1/01/AC2/Camera",
		type  =  CAMERA,
		template_name  =  "",
		lt_grp  =  0, srt_grp  =  0, usr_flg  =  0,
		flags  =  HIDDEN,
		spatialprops  = 
		{
			pos  =  { -3.40453, 1.677214, 10.65303 },
			orient  =  { { 0.678231, 0.000000, -0.734849 },
					   { -0.124196, 0.985614, -0.114627 },
					   { 0.724278, 0.169009, 0.668474 } }
		},
		cameraprops  = 
		{
			fovh  =  30,
			hvaspect  =  1.85,
			nearplane  =  0.3,
			farplane  =  4000
		}
	},

	{
		entity_name  =  "Zs/NPC/mFloor1/01/ACOH/Camera",
		type  =  CAMERA,
		template_name  =  "",
		lt_grp  =  0, srt_grp  =  0, usr_flg  =  0,
		flags  =  HIDDEN,
		spatialprops  = 
		{
			pos  =  { -4.57963, 1.746935, 10.62491 },
			orient  =  { { 0.997374, 0.000000, -0.072418 },
					   { -0.012955, 0.983868, -0.178428 },
					   { 0.071249, 0.178898, 0.981284 } }
		},
		cameraprops  = 
		{
			fovh  =  25,
			hvaspect  =  1.85,
			nearplane  =  0.3,
			farplane  =  4000
		}
	},

	{
		entity_name  =  "Zs/NPC/mFloor1/01/ACS/Camera",
		type  =  CAMERA,
		template_name  =  "",
		lt_grp  =  0, srt_grp  =  0, usr_flg  =  0,
		flags  =  HIDDEN,
		spatialprops  = 
		{
			pos  =  { -4.412039, 1.594347, 10.16001 },
			orient  =  { { 0.996242, 0.000000, -0.086613 },
					   { -0.002880, 0.999447, -0.033128 },
					   { 0.086565, 0.033253, 0.995691 } }
		},
		cameraprops  = 
		{
			fovh  =  25,
			hvaspect  =  1.85,
			nearplane  =  0.3,
			farplane  =  4000
		}
	},

	{
		entity_name  =  "Zs/NPC/mFloor1/01/ACU/Camera",
		type  =  CAMERA,
		template_name  =  "",
		lt_grp  =  0, srt_grp  =  0, usr_flg  =  0,
		flags  =  HIDDEN,
		spatialprops  = 
		{
			pos  =  { -4.385514, 1.668712, 9.740629 },
			orient  =  { { 0.999999, 0.000000, -0.001229 },
					   { -0.000041, 0.999450, -0.033148 },
					   { 0.001228, 0.033148, 0.999450 } }
		},
		cameraprops  = 
		{
			fovh  =  25,
			hvaspect  =  1.85,
			nearplane  =  0.3,
			farplane  =  4000
		}
	},

	{
		entity_name  =  "Zs/NPC/mFloor1/01/PC2/Camera",
		type  =  CAMERA,
		template_name  =  "",
		lt_grp  =  0, srt_grp  =  0, usr_flg  =  0,
		flags  =  HIDDEN,
		spatialprops  = 
		{
			pos  =  { -3.020164, 1.731246, 9.335285 },
			orient  =  { { -0.082833, 0.000000, -0.996563 },
					   { -0.208026, 0.977970, 0.017291 },
					   { 0.974610, 0.208743, -0.081009 } }
		},
		cameraprops  = 
		{
			fovh  =  30,
			hvaspect  =  1.85,
			nearplane  =  0.3,
			farplane  =  4000
		}
	},

	{
		entity_name  =  "Zs/NPC/mFloor1/01/PCO/Camera",
		type  =  CAMERA,
		template_name  =  "",
		lt_grp  =  0, srt_grp  =  0, usr_flg  =  0,
		flags  =  HIDDEN,
		spatialprops  = 
		{
			pos  =  { -3.764509, 1.776642, 8.720851 },
			orient  =  { { -0.650029, 0.000000, -0.759910 },
					   { -0.155613, 0.978808, 0.133111 },
					   { 0.743806, 0.204778, -0.636254 } }
		},
		cameraprops  = 
		{
			fovh  =  25,
			hvaspect  =  1.85,
			nearplane  =  0.3,
			farplane  =  4000
		}
	},

	{
		entity_name  =  "Zs/NPC/mFloor1/01/PCS/Camera",
		type  =  CAMERA,
		template_name  =  "",
		lt_grp  =  0, srt_grp  =  0, usr_flg  =  0,
		flags  =  HIDDEN,
		spatialprops  = 
		{
			pos  =  { -4.052886, 1.614689, 9.166409 },
			orient  =  { { -0.672728, 0.000000, -0.739890 },
					   { -0.041360, 0.998436, 0.037606 },
					   { 0.738733, 0.055901, -0.671676 } }
		},
		cameraprops  = 
		{
			fovh  =  25,
			hvaspect  =  1.85,
			nearplane  =  0.3,
			farplane  =  4000
		}
	},

	{
		entity_name  =  "Zs/NPC/mFloor1/01/PCU/Camera",
		type  =  CAMERA,
		template_name  =  "",
		lt_grp  =  0, srt_grp  =  0, usr_flg  =  0,
		flags  =  HIDDEN,
		spatialprops  = 
		{
			pos  =  { -4.356318, 1.69836, 9.53511 },
			orient  =  { { -0.725357, 0.000000, -0.688372 },
					   { -0.044499, 0.997908, 0.046890 },
					   { 0.686933, 0.064644, -0.723840 } }
		},
		cameraprops  = 
		{
			fovh  =  25,
			hvaspect  =  1.85,
			nearplane  =  0.3,
			farplane  =  4000
		}
	},

	{
		entity_name  =  "Zs/NPC/mFloor1/01/TCI/Camera",
		type  =  CAMERA,
		template_name  =  "",
		lt_grp  =  0, srt_grp  =  0, usr_flg  =  0,
		flags  =  HIDDEN,
		spatialprops  = 
		{
			pos  =  { -4.295398, 1.903228, 10.24709 },
			orient  =  { { 0.988256, 0.000000, -0.152805 },
					   { -0.093967, 0.788569, -0.607724 },
					   { 0.120497, 0.614946, 0.779309 } }
		},
		cameraprops  = 
		{
			fovh  =  15,
			hvaspect  =  1.85,
			nearplane  =  0.3,
			farplane  =  4000
		}
	},

	{
		entity_name  =  "Zs/NPC/mFloor1/01/WFC/Camera",
		type  =  CAMERA,
		template_name  =  "",
		lt_grp  =  0, srt_grp  =  0, usr_flg  =  0,
		flags  =  HIDDEN,
		spatialprops  = 
		{
			pos  =  { 11.24016, 28.08543, 35.30706 },
			orient  =  { { 0.777670, 0.000000, -0.628672 },
					   { -0.285564, 0.890883, -0.353243 },
					   { 0.560073, 0.454233, 0.692813 } }
		},
		cameraprops  = 
		{
			fovh  =  30,
			hvaspect  =  1.85,
			nearplane  =  0.3,
			farplane  =  4000
		}
	},

	{
		entity_name  =  "Zs/NPC/mFloor1/01/P2/Stand",
		type  =  MARKER,
		template_name  =  "",
		lt_grp  =  0, srt_grp  =  0, usr_flg  =  0,
		spatialprops  = 
		{
			pos  =  { -4.797514, 0, 10.13703 },
			orient  =  { { 0.790842, 0.000000, 0.612020 },
					   { 0.000000, 1.000000, 0.000000 },
					   { -0.612020, 0.000000, 0.790842 } }
		}
	},

	{
		entity_name  =  "Zs/NPC/mFloor1/01/P/Stand",
		type  =  MARKER,
		template_name  =  "",
		lt_grp  =  0, srt_grp  =  0, usr_flg  =  0,
		spatialprops  = 
		{
			pos  =  { -5.079102, -0.0054, 10.56691 },
			orient  =  { { 0.790842, 0.000000, 0.612020 },
					   { 0.000000, 1.000000, 0.000000 },
					   { -0.612020, 0.000000, 0.790842 } }
		}
	},

	{
		entity_name  =  "Zg/PC/Player/01/A/Stand",
		type  =  MARKER,
		template_name  =  "",
		lt_grp  =  0, srt_grp  =  0, usr_flg  =  0,
		spatialprops  = 
		{
			pos  =  { -21.4665, 0, -16.1061 },
			orient  =  { { -0.362811, 0.000000, 0.931863 },
					   { 0.000000, 1.000000, 0.000000 },
					   { -0.931863, 0.000000, -0.362811 } }
		}
	},

	{
		entity_name  =  "Zs/NPC/mFloor1/02/AC2/Camera",
		type  =  CAMERA,
		template_name  =  "",
		lt_grp  =  0, srt_grp  =  0, usr_flg  =  0,
		flags  =  HIDDEN,
		spatialprops  = 
		{
			pos  =  { 9.097003, 1.677214, -17.07806 },
			orient  =  { { 0.971095, 0.000000, -0.238694 },
					   { -0.040342, 0.985614, -0.164124 },
					   { 0.235261, 0.169009, 0.957125 } }
		},
		cameraprops  = 
		{
			fovh  =  30,
			hvaspect  =  1.85,
			nearplane  =  0.3,
			farplane  =  4000
		}
	},

	{
		entity_name  =  "Zs/NPC/mFloor1/02/ACOH/Camera",
		type  =  CAMERA,
		template_name  =  "",
		lt_grp  =  0, srt_grp  =  0, usr_flg  =  0,
		flags  =  HIDDEN,
		spatialprops  = 
		{
			pos  =  { 8.132448, 1.746935, -17.74984 },
			orient  =  { { 0.871795, 0.000000, 0.489871 },
					   { 0.087637, 0.983868, -0.155962 },
					   { -0.481968, 0.178898, 0.857731 } }
		},
		cameraprops  = 
		{
			fovh  =  25,
			hvaspect  =  1.85,
			nearplane  =  0.3,
			farplane  =  4000
		}
	},

	{
		entity_name  =  "Zs/NPC/mFloor1/02/ACS/Camera",
		type  =  CAMERA,
		template_name  =  "",
		lt_grp  =  0, srt_grp  =  0, usr_flg  =  0,
		flags  =  HIDDEN,
		spatialprops  = 
		{
			pos  =  { 8.528716, 1.594347, -18.04511 },
			orient  =  { { 0.878683, 0.000000, 0.477406 },
					   { 0.015875, 0.999447, -0.029219 },
					   { -0.477142, 0.033253, 0.878197 } }
		},
		cameraprops  = 
		{
			fovh  =  25,
			hvaspect  =  1.85,
			nearplane  =  0.3,
			farplane  =  4000
		}
	},

	{
		entity_name  =  "Zs/NPC/mFloor1/02/ACU/Camera",
		type  =  CAMERA,
		template_name  =  "",
		lt_grp  =  0, srt_grp  =  0, usr_flg  =  0,
		flags  =  HIDDEN,
		spatialprops  = 
		{
			pos  =  { 8.782219, 1.668712, -18.38025 },
			orient  =  { { 0.834708, 0.000000, 0.550692 },
					   { 0.018254, 0.999450, -0.027669 },
					   { -0.550390, 0.033148, 0.834250 } }
		},
		cameraprops  = 
		{
			fovh  =  25,
			hvaspect  =  1.85,
			nearplane  =  0.3,
			farplane  =  4000
		}
	},

	{
		entity_name  =  "Zs/NPC/mFloor1/02/PC2/Camera",
		type  =  CAMERA,
		template_name  =  "",
		lt_grp  =  0, srt_grp  =  0, usr_flg  =  0,
		flags  =  HIDDEN,
		spatialprops  = 
		{
			pos  =  { 10.1446, 1.731246, -17.96504 },
			orient  =  { { 0.480737, 0.000000, -0.876865 },
					   { -0.183040, 0.977970, -0.100351 },
					   { 0.857548, 0.208743, 0.470146 } }
		},
		cameraprops  = 
		{
			fovh  =  30,
			hvaspect  =  1.85,
			nearplane  =  0.3,
			farplane  =  4000
		}
	},

	{
		entity_name  =  "Zs/NPC/mFloor1/02/PCO/Camera",
		type  =  CAMERA,
		template_name  =  "",
		lt_grp  =  0, srt_grp  =  0, usr_flg  =  0,
		flags  =  HIDDEN,
		spatialprops  = 
		{
			pos  =  { 9.862785, 1.776642, -18.88816 },
			orient  =  { { -0.122890, 0.000000, -0.992420 },
					   { -0.203226, 0.978808, 0.025165 },
					   { 0.971389, 0.204778, -0.120286 } }
		},
		cameraprops  = 
		{
			fovh  =  25,
			hvaspect  =  1.85,
			nearplane  =  0.3,
			farplane  =  4000
		}
	},

	{
		entity_name  =  "Zs/NPC/mFloor1/02/PCS/Camera",
		type  =  CAMERA,
		template_name  =  "",
		lt_grp  =  0, srt_grp  =  0, usr_flg  =  0,
		flags  =  HIDDEN,
		spatialprops  = 
		{
			pos  =  { 9.376448, 1.614689, -18.67566 },
			orient  =  { { -0.152868, 0.000000, -0.988247 },
					   { -0.055244, 0.998436, 0.008545 },
					   { 0.986701, 0.055901, -0.152629 } }
		},
		cameraprops  = 
		{
			fovh  =  25,
			hvaspect  =  1.85,
			nearplane  =  0.3,
			farplane  =  4000
		}
	},

	{
		entity_name  =  "Zs/NPC/mFloor1/02/PCU/Camera",
		type  =  CAMERA,
		template_name  =  "",
		lt_grp  =  0, srt_grp  =  0, usr_flg  =  0,
		flags  =  HIDDEN,
		spatialprops  = 
		{
			pos  =  { 8.919957, 1.69836, -18.53556 },
			orient  =  { { -0.225186, 0.000000, -0.974316 },
					   { -0.062983, 0.997908, 0.014557 },
					   { 0.972278, 0.064644, -0.224715 } }
		},
		cameraprops  = 
		{
			fovh  =  25,
			hvaspect  =  1.85,
			nearplane  =  0.3,
			farplane  =  4000
		}
	},

	{
		entity_name  =  "Zs/NPC/mFloor1/02/TCI/Camera",
		type  =  CAMERA,
		template_name  =  "",
		lt_grp  =  0, srt_grp  =  0, usr_flg  =  0,
		flags  =  HIDDEN,
		spatialprops  = 
		{
			pos  =  { 8.577954, 1.903228, -17.90813 },
			orient  =  { { 0.908542, 0.000000, 0.417794 },
					   { 0.256921, 0.788569, -0.558704 },
					   { -0.329460, 0.614946, 0.716448 } }
		},
		cameraprops  = 
		{
			fovh  =  15,
			hvaspect  =  1.85,
			nearplane  =  0.3,
			farplane  =  4000
		}
	},

	{
		entity_name  =  "Zs/NPC/mFloor1/02/WFC/Camera",
		type  =  CAMERA,
		template_name  =  "",
		lt_grp  =  0, srt_grp  =  0, usr_flg  =  0,
		flags  =  HIDDEN,
		spatialprops  = 
		{
			pos  =  { 12.04645, 0.231021, -0.881362 },
			orient  =  { { 0.828731, 0.000000, -0.559647 },
					   { 0.150787, 0.963019, 0.223287 },
					   { 0.538951, -0.269432, 0.798084 } }
		},
		cameraprops  = 
		{
			fovh  =  30,
			hvaspect  =  1.85,
			nearplane  =  0.3,
			farplane  =  4000
		}
	},

	{
		entity_name  =  "Zs/NPC/mFloor1/02/P2/Stand",
		type  =  MARKER,
		template_name  =  "",
		lt_grp  =  0, srt_grp  =  0, usr_flg  =  0,
		spatialprops  = 
		{
			pos  =  { 8.219894, 0, -18.27695 },
			orient  =  { { 0.321924, 0.000000, 0.946765 },
					   { 0.000000, 1.000000, 0.000000 },
					   { -0.946765, 0.000000, 0.321924 } }
		}
	},

	{
		entity_name  =  "LtShadowSource",
		type  =  LIGHT,
		template_name  =  "",
		lt_grp  =  0, srt_grp  =  0, usr_flg  =  0,
		spatialprops  = 
		{
			pos  =  { 0, 0, 0 },
			orient  =  { { 1.000000, 0.000000, 0.000000 },
					   { 0.000000, 0.000000, 1.000000 },
					   { 0.000000, -1.000000, 0.000000 } }
		},
		lightprops  = 
		{
			on  =  N,
			color  =  { 255, 255, 255 },
			diffuse  =  { 0, 0, 0 },
			specular  =  { 0, 0, 0 },
			ambient  =  { 0, 0, 0 },
			direction  =  { 0, 0, 1 },
			range  =  2000,
			cutoff  =  98.99998,
			type  =  L_DIRECT,
			theta  =  90,
			atten  =  { 1, 0, 4e-006 }
		}
	},

	{
		entity_name  =  "LtGlareSource",
		type  =  LIGHT,
		template_name  =  "",
		lt_grp  =  0, srt_grp  =  0, usr_flg  =  0,
		spatialprops  = 
		{
			pos  =  { 17.06204, 27.75033, 29.18074 },
			orient  =  { { 0.778379, 0.000000, -0.627795 },
					   { -0.224762, 0.933714, -0.278674 },
					   { 0.586181, 0.358019, 0.726783 } }
		},
		lightprops  = 
		{
			on  =  N,
			color  =  { 255, 255, 255 },
			diffuse  =  { 0.164706, 0.164706, 0.164706 },
			specular  =  { 0, 0, 0 },
			ambient  =  { 0, 0, 0 },
			direction  =  { 0, 0, 1 },
			range  =  2000,
			cutoff  =  98.99998,
			type  =  L_POINT,
			theta  =  90,
			atten  =  { 1, 0, 4e-006 }
		}
	},

	{
		entity_name  =  "Zs/NPC/mFloor1/02/P/Stand",
		type  =  MARKER,
		template_name  =  "",
		lt_grp  =  0, srt_grp  =  0, usr_flg  =  0,
		spatialprops  = 
		{
			pos  =  { 7.747872, -0.0054, -18.07378 },
			orient  =  { { 0.321925, 0.000000, 0.946765 },
					   { 0.000000, 1.000000, 0.000000 },
					   { -0.946765, 0.000000, 0.321925 } }
		}
	},

	{
		entity_name  =  "Camera_Shipdealer_Desk",
		type  =  CAMERA,
		template_name  =  "",
		lt_grp  =  0, srt_grp  =  0, usr_flg  =  0,
		spatialprops  = 
		{
			pos  =  { 6.608858, 2.034977, 21.06868 },
			orient  =  { { 0.916177, 0.000000, -0.400775 },
					   { -0.002069, 0.999987, -0.004730 },
					   { 0.400769, 0.005163, 0.916164 } }
		},
		cameraprops  = 
		{
			fovh  =  30,
			hvaspect  =  1.333333,
			nearplane  =  1,
			farplane  =  200
		}
	},

	{
		entity_name  =  "Zg/NPC/mFloor1/01/A/Stand",
		type  =  MARKER,
		template_name  =  "",
		lt_grp  =  0, srt_grp  =  0, usr_flg  =  0,
		spatialprops  = 
		{
			pos  =  { -4.302346, 0, 8.913941 },
			orient  =  { { -0.962987, 0.000000, -0.269549 },
					   { 0.000000, 1.000000, 0.000000 },
					   { 0.269549, 0.000000, -0.962987 } }
		}
	},

	{
		entity_name  =  "Zg/NPC/mFloor1/02/A/Stand",
		type  =  MARKER,
		template_name  =  "",
		lt_grp  =  0, srt_grp  =  0, usr_flg  =  0,
		spatialprops  = 
		{
			pos  =  { 9.307681, 0, -19.02385 },
			orient  =  { { -0.654446, 0.000000, -0.756109 },
					   { 0.000000, 1.000000, 0.000000 },
					   { 0.756109, 0.000000, -0.654446 } }
		}
	},

	{
		entity_name  =  "Set_ku_07_outpost_2",
		type  =  COMPOUND,
		template_name  =  "ku_07_outpost",
		lt_grp  =  9, srt_grp  =  0, usr_flg  =  0,
		flags  =  LIT_DYNAMIC,
		spatialprops  = 
		{
			pos  =  { 0, 0, 0 },
			orient  =  { { 1, 0, 0 }, { 0, 1, 0 }, { 0, 0, 1 } }
		},
		userprops  = 
		{
			category  =  "Room",
		}
	},

	{
		entity_name  =  "Zs/NPC/Shipdealer/01/P/Stand",
		type  =  MARKER,
		template_name  =  "",
		lt_grp  =  0, srt_grp  =  0, usr_flg  =  0,
		spatialprops  = 
		{
			pos  =  { 6.759304, -0.0054, 17.73048 },
			orient  =  { { 0.607135, 0.000000, -0.794599 },
					   { 0.000000, 1.000000, 0.000000 },
					   { 0.794599, 0.000000, 0.607135 } }
		}
	},

	{
		entity_name  =  "Zs/NPC/Shipdealer/01/AC2/Camera",
		type  =  CAMERA,
		template_name  =  "",
		lt_grp  =  0, srt_grp  =  0, usr_flg  =  0,
		flags  =  HIDDEN,
		spatialprops  = 
		{
			pos  =  { 5.417674, 1.682559, 18.59187 },
			orient  =  { { 0.946489, 0.000000, 0.322737 },
					   { 0.060012, 0.982560, -0.175997 },
					   { -0.317108, 0.185948, 0.929982 } }
		},
		cameraprops  = 
		{
			fovh  =  30,
			hvaspect  =  1.85,
			nearplane  =  0.3,
			farplane  =  4000
		}
	},

	{
		entity_name  =  "Zs/NPC/Shipdealer/01/ACOH/Camera",
		type  =  CAMERA,
		template_name  =  "",
		lt_grp  =  0, srt_grp  =  0, usr_flg  =  0,
		flags  =  HIDDEN,
		spatialprops  = 
		{
			pos  =  { 6.37455, 1.763286, 18.09422 },
			orient  =  { { 0.921052, 0.000000, -0.389440 },
					   { -0.070560, 0.983450, -0.166878 },
					   { 0.382995, 0.181182, 0.905808 } }
		},
		cameraprops  = 
		{
			fovh  =  25,
			hvaspect  =  1.85,
			nearplane  =  0.3,
			farplane  =  4000
		}
	},

	{
		entity_name  =  "Zs/NPC/Shipdealer/01/ACS/Camera",
		type  =  CAMERA,
		template_name  =  "",
		lt_grp  =  0, srt_grp  =  0, usr_flg  =  0,
		flags  =  HIDDEN,
		spatialprops  = 
		{
			pos  =  { 6.162764, 1.68258, 17.79623 },
			orient  =  { { 0.900419, 0.000000, -0.435024 },
					   { -0.041929, 0.995344, -0.086786 },
					   { 0.432999, 0.096384, 0.896227 } }
		},
		cameraprops  = 
		{
			fovh  =  25,
			hvaspect  =  1.85,
			nearplane  =  0.3,
			farplane  =  4000
		}
	},

	{
		entity_name  =  "Zs/NPC/Shipdealer/01/PC2/Camera",
		type  =  CAMERA,
		template_name  =  "",
		lt_grp  =  0, srt_grp  =  0, usr_flg  =  0,
		flags  =  HIDDEN,
		spatialprops  = 
		{
			pos  =  { 4.52902, 1.724887, 17.65754 },
			orient  =  { { 0.379761, 0.000000, 0.925085 },
					   { 0.177575, 0.981404, -0.072897 },
					   { -0.907881, 0.191955, 0.372699 } }
		},
		cameraprops  = 
		{
			fovh  =  30,
			hvaspect  =  1.85,
			nearplane  =  0.3,
			farplane  =  4000
		}
	},

	{
		entity_name  =  "Zs/NPC/Shipdealer/01/PCO/Camera",
		type  =  CAMERA,
		template_name  =  "",
		lt_grp  =  0, srt_grp  =  0, usr_flg  =  0,
		flags  =  HIDDEN,
		spatialprops  = 
		{
			pos  =  { 4.904859, 1.776796, 16.88949 },
			orient  =  { { -0.205453, 0.000000, 0.978667 },
					   { 0.195086, 0.979931, 0.040955 },
					   { -0.959026, 0.199339, -0.201330 } }
		},
		cameraprops  = 
		{
			fovh  =  25,
			hvaspect  =  1.85,
			nearplane  =  0.3,
			farplane  =  4000
		}
	},

	{
		entity_name  =  "Zs/NPC/Shipdealer/01/PCS/Camera",
		type  =  CAMERA,
		template_name  =  "",
		lt_grp  =  0, srt_grp  =  0, usr_flg  =  0,
		flags  =  HIDDEN,
		spatialprops  = 
		{
			pos  =  { 5.192911, 1.696784, 17.07134 },
			orient  =  { { -0.199076, 0.000000, 0.979984 },
					   { 0.125788, 0.991728, 0.025553 },
					   { -0.971878, 0.128357, -0.197429 } }
		},
		cameraprops  = 
		{
			fovh  =  25,
			hvaspect  =  1.85,
			nearplane  =  0.3,
			farplane  =  4000
		}
	},

	{
		entity_name  =  "Player_Shipdealer",
		type  =  MARKER,
		template_name  =  "",
		lt_grp  =  0, srt_grp  =  0, usr_flg  =  0,
		spatialprops  = 
		{
			pos  =  { 6.327703, 0, 17.45154 },
			orient  =  { { 0.607135, 0.000000, -0.794599 },
					   { 0.000000, 1.000000, 0.000000 },
					   { 0.794599, 0.000000, 0.607135 } }
		}
	},

	{
		entity_name  =  "Camera_0",
		type  =  CAMERA,
		template_name  =  "",
		lt_grp  =  0, srt_grp  =  0, usr_flg  =  0,
		spatialprops  = 
		{
			pos  =  { 6.608858, 2.034977, 21.06868 },
			orient  =  { { 0.916177, 0.000000, -0.400775 },
					   { -0.002069, 0.999987, -0.004730 },
					   { 0.400769, 0.005163, 0.916164 } }
		},
		cameraprops  = 
		{
			fovh  =  30,
			hvaspect  =  1.333333,
			nearplane  =  1,
			farplane  =  200
		}
	},

	{
		entity_name  =  "Camera_Ship_1",
		type  =  CAMERA,
		template_name  =  "",
		lt_grp  =  0, srt_grp  =  0, usr_flg  =  0,
		spatialprops  = 
		{
			pos  =  { 18.69219, 18.16042, 21.74262 },
			orient  =  { { 0.770564, 0.000000, -0.637362 },
					   { -0.327386, 0.857995, -0.395807 },
					   { 0.546854, 0.513658, 0.661140 } }
		},
		cameraprops  = 
		{
			fovh  =  30,
			hvaspect  =  1.333333,
			nearplane  =  1,
			farplane  =  200
		}
	},

	{
		entity_name  =  "LtGlareSource_g3",
		type  =  LIGHT,
		template_name  =  "",
		lt_grp  =  3, srt_grp  =  0, usr_flg  =  0,
		spatialprops  = 
		{
			pos  =  { 17.06204, 27.75033, 29.18074 },
			orient  =  { { 0.778379, 0.000000, -0.627795 },
					   { -0.224762, 0.933714, -0.278674 },
					   { 0.586181, 0.358019, 0.726783 } }
		},
		lightprops  = 
		{
			on  =  N,
			color  =  { 255, 255, 255 },
			diffuse  =  { 0.164706, 0.164706, 0.164706 },
			specular  =  { 0, 0, 0 },
			ambient  =  { 0, 0, 0 },
			direction  =  { 0, 0, 1 },
			range  =  2000,
			cutoff  =  98.99998,
			type  =  L_POINT,
			theta  =  90,
			atten  =  { 1, 0, 4e-006 }
		}
	},

	{
		entity_name  =  "LtShadowSource_g3",
		type  =  LIGHT,
		template_name  =  "",
		lt_grp  =  3, srt_grp  =  0, usr_flg  =  0,
		spatialprops  = 
		{
			pos  =  { 0, 0, 0 },
			orient  =  { { 1.000000, 0.000000, 0.000000 },
					   { 0.000000, 0.000000, 1.000000 },
					   { 0.000000, -1.000000, 0.000000 } }
		},
		lightprops  = 
		{
			on  =  N,
			color  =  { 255, 255, 255 },
			diffuse  =  { 0, 0, 0 },
			specular  =  { 0, 0, 0 },
			ambient  =  { 0, 0, 0 },
			direction  =  { 0, 0, 1 },
			range  =  2000,
			cutoff  =  98.99998,
			type  =  L_DIRECT,
			theta  =  90,
			atten  =  { 1, 0, 4e-006 }
		}
	}
};

events  = 
{
};
