duration = 38.366;

entities =
{

	{
		entity_name = "Zg/NPC/mFloor2/01/B/Stand",
		type = MARKER,
		template_name = "",
		lt_grp = 0, srt_grp = 0, usr_flg = 0,
		spatialprops =
		{
			pos = { 5.558679, 0, -4.662434 },
			orient = { {  0.956481,  0.000000, -0.291796 },
					   {  0.000000,  1.000000,  0.000000 },
					   {  0.291796,  0.000000,  0.956481 } }
		}
	},

	{
		entity_name = "Zg/NPC/mFloor2/01/A/Stand",
		type = MARKER,
		template_name = "",
		lt_grp = 0, srt_grp = 0, usr_flg = 0,
		spatialprops =
		{
			pos = { 5.211439, 0, -5.711874 },
			orient = { { -0.999390,  0.000000,  0.034936 },
					   {  0.000000,  1.000000,  0.000000 },
					   { -0.034936,  0.000000, -0.999390 } }
		}
	},

	{
		entity_name = "Zg/PC/Player/01/A/Stand",
		type = MARKER,
		template_name = "",
		lt_grp = 0, srt_grp = 0, usr_flg = 0,
		spatialprops =
		{
			pos = { -5.442764, 0, -7.354916 },
			orient = { { -0.999484,  0.000000,  0.032122 },
					   {  0.000000,  1.000000,  0.000000 },
					   { -0.032122,  0.000000, -0.999484 } }
		}
	},

	{
		entity_name = "Layer_rh_08_Bar_hardpoint",
		type = SCENE,
		template_name = "",
		lt_grp = 0, srt_grp = 0, usr_flg = 0,
		spatialprops =
		{
			pos = { 0, 0, 0 },
			orient = { { 1, 0, 0 }, { 0, 1, 0 }, { 0, 0, 1 } }
		},
		up = Y_AXIS,
		front = Z_AXIS,
		ambient = { 168, 168, 168 }
	},

	{
		entity_name = "Zg/NPC/mFloor2/02/A/Stand",
		type = MARKER,
		template_name = "",
		lt_grp = 0, srt_grp = 0, usr_flg = 0,
		spatialprops =
		{
			pos = { 4.934744, 0, 1.293235 },
			orient = { {  0.733623,  0.000000, -0.679556 },
					   {  0.000000,  1.000000,  0.000000 },
					   {  0.679556,  0.000000,  0.733623 } }
		}
	},

	{
		entity_name = "Zg/NPC/mFloor2/02/B/Stand",
		type = MARKER,
		template_name = "",
		lt_grp = 0, srt_grp = 0, usr_flg = 0,
		spatialprops =
		{
			pos = { 4.448011, 0, 0.261452 },
			orient = { { -0.999275,  0.000000,  0.038085 },
					   {  0.000000,  1.000000,  0.000000 },
					   { -0.038085,  0.000000, -0.999275 } }
		}
	},

	{
		entity_name = "Zs/NPC/mFloor2/01/P/Stand",
		type = MARKER,
		template_name = "",
		lt_grp = 0, srt_grp = 0, usr_flg = 0,
		spatialprops =
		{
			pos = { 5.746808, -0.0054, -4.184217 },
			orient = { {  0.956481,  0.000000, -0.291796 },
					   {  0.000000,  1.000000,  0.000000 },
					   {  0.291796,  0.000000,  0.956481 } }
		}
	},

	{
		entity_name = "Zs/NPC/mFloor2/01/P2/Stand",
		type = MARKER,
		template_name = "",
		lt_grp = 0, srt_grp = 0, usr_flg = 0,
		spatialprops =
		{
			pos = { 5.558679, 0, -4.662434 },
			orient = { {  0.956481,  0.000000, -0.291796 },
					   {  0.000000,  1.000000,  0.000000 },
					   {  0.291796,  0.000000,  0.956481 } }
		}
	},

	{
		entity_name = "Zs/NPC/mFloor2/02/P/Stand",
		type = MARKER,
		template_name = "",
		lt_grp = 0, srt_grp = 0, usr_flg = 0,
		spatialprops =
		{
			pos = { 3.93264, -0.0054, -0.233669 },
			orient = { { -0.935378,  0.000000,  0.353650 },
					   {  0.000000,  1.000000,  0.000000 },
					   { -0.353650,  0.000000, -0.935378 } }
		}
	},

	{
		entity_name = "Zs/NPC/mFloor2/02/P2/Stand",
		type = MARKER,
		template_name = "",
		lt_grp = 0, srt_grp = 0, usr_flg = 0,
		spatialprops =
		{
			pos = { 4.151604, 0, 0.231238 },
			orient = { { -0.935378,  0.000000,  0.353650 },
					   {  0.000000,  1.000000,  0.000000 },
					   { -0.353650,  0.000000, -0.935378 } }
		}
	},

	{
		entity_name = "Zs/NPC/mFloor2/01/AC2/Camera",
		type = CAMERA,
		template_name = "",
		lt_grp = 0, srt_grp = 0, usr_flg = 0,
		flags = HIDDEN,
		spatialprops =
		{
			pos = { 4.154564, 1.682559, -4.266253 },
			orient = { {  0.580982,  0.000000,  0.813916 },
					   {  0.151346,  0.982560, -0.108032 },
					   { -0.799721,  0.185948,  0.570850 } }
		},
		cameraprops =
		{
			fovh = 30,
			hvaspect = 1.85,
			nearplane = 0.3,
			farplane = 4000
		}
	},

	{
		entity_name = "Zs/NPC/mFloor2/01/ACOH/Camera",
		type = CAMERA,
		template_name = "",
		lt_grp = 0, srt_grp = 0, usr_flg = 0,
		flags = HIDDEN,
		spatialprops =
		{
			pos = { 5.222158, 1.763286, -4.11291 },
			orient = { {  0.975411,  0.000000,  0.220394 },
					   {  0.039931,  0.983450, -0.176727 },
					   { -0.216747,  0.181182,  0.959267 } }
		},
		cameraprops =
		{
			fovh = 25,
			hvaspect = 1.85,
			nearplane = 0.3,
			farplane = 4000
		}
	},

	{
		entity_name = "Zs/NPC/mFloor2/01/ACS/Camera",
		type = CAMERA,
		template_name = "",
		lt_grp = 0, srt_grp = 0, usr_flg = 0,
		flags = HIDDEN,
		spatialprops =
		{
			pos = { 5.223747, 1.68258, -4.478484 },
			orient = { {  0.985214,  0.000000,  0.171327 },
					   {  0.016513,  0.995344, -0.094959 },
					   { -0.170530,  0.096384,  0.980627 } }
		},
		cameraprops =
		{
			fovh = 25,
			hvaspect = 1.85,
			nearplane = 0.3,
			farplane = 4000
		}
	},

	{
		entity_name = "Zs/NPC/mFloor2/01/ACU/Camera",
		type = CAMERA,
		template_name = "",
		lt_grp = 0, srt_grp = 0, usr_flg = 0,
		flags = HIDDEN,
		spatialprops =
		{
			pos = { 5.266534, 1.711661, -4.894421 },
			orient = { {  0.999171,  0.000000,  0.040721 },
					   {  0.002940,  0.997391, -0.072129 },
					   { -0.040614,  0.072189,  0.996564 } }
		},
		cameraprops =
		{
			fovh = 25,
			hvaspect = 1.85,
			nearplane = 0.3,
			farplane = 4000
		}
	},

	{
		entity_name = "Zs/NPC/mFloor2/01/PC2/Camera",
		type = CAMERA,
		template_name = "",
		lt_grp = 0, srt_grp = 0, usr_flg = 0,
		flags = HIDDEN,
		spatialprops =
		{
			pos = { 3.97705, 1.724887, -5.543424 },
			orient = { { -0.230609, -0.000001,  0.973046 },
					   {  0.186781,  0.981404,  0.044267 },
					   { -0.954951,  0.191955, -0.226321 } }
		},
		cameraprops =
		{
			fovh = 30,
			hvaspect = 1.85,
			nearplane = 0.3,
			farplane = 4000
		}
	},

	{
		entity_name = "Zs/NPC/mFloor2/01/PCO/Camera",
		type = CAMERA,
		template_name = "",
		lt_grp = 0, srt_grp = 0, usr_flg = 0,
		flags = HIDDEN,
		spatialprops =
		{
			pos = { 4.730111, 1.776796, -5.94846 },
			orient = { { -0.737371,  0.000000,  0.675488 },
					   {  0.134651,  0.979931,  0.146987 },
					   { -0.661932,  0.199339, -0.722572 } }
		},
		cameraprops =
		{
			fovh = 25,
			hvaspect = 1.85,
			nearplane = 0.3,
			farplane = 4000
		}
	},

	{
		entity_name = "Zs/NPC/mFloor2/01/PCS/Camera",
		type = CAMERA,
		template_name = "",
		lt_grp = 0, srt_grp = 0, usr_flg = 0,
		flags = HIDDEN,
		spatialprops =
		{
			pos = { 4.85818, 1.696784, -5.632799 },
			orient = { { -0.732956,  0.000000,  0.680276 },
					   {  0.087319,  0.991728,  0.094081 },
					   { -0.674649,  0.128358, -0.726893 } }
		},
		cameraprops =
		{
			fovh = 25,
			hvaspect = 1.85,
			nearplane = 0.3,
			farplane = 4000
		}
	},

	{
		entity_name = "Zs/NPC/mFloor2/01/PCU/Camera",
		type = CAMERA,
		template_name = "",
		lt_grp = 0, srt_grp = 0, usr_flg = 0,
		flags = HIDDEN,
		spatialprops =
		{
			pos = { 5.115776, 1.689131, -5.20501 },
			orient = { { -0.767283,  0.000000,  0.641308 },
					   {  0.031956,  0.998758,  0.038234 },
					   { -0.640512,  0.049830, -0.766330 } }
		},
		cameraprops =
		{
			fovh = 25,
			hvaspect = 1.85,
			nearplane = 0.3,
			farplane = 4000
		}
	},

	{
		entity_name = "Zs/NPC/mFloor2/01/TCI/Camera",
		type = CAMERA,
		template_name = "",
		lt_grp = 0, srt_grp = 0, usr_flg = 0,
		flags = HIDDEN,
		spatialprops =
		{
			pos = { 5.312531, 2.048316, -4.432192 },
			orient = { {  0.998395,  0.000000,  0.056634 },
					   {  0.039139,  0.722773, -0.689976 },
					   { -0.040934,  0.691085,  0.721613 } }
		},
		cameraprops =
		{
			fovh = 15,
			hvaspect = 1.85,
			nearplane = 0.3,
			farplane = 4000
		}
	},

	{
		entity_name = "Zs/NPC/mFloor2/02/AC2/Camera",
		type = CAMERA,
		template_name = "",
		lt_grp = 0, srt_grp = 0, usr_flg = 0,
		flags = HIDDEN,
		spatialprops =
		{
			pos = { 2.982957, 1.677214, 1.148254 },
			orient = { {  0.271286,  0.000000,  0.962499 },
					   {  0.162671,  0.985614, -0.045850 },
					   { -0.948653,  0.169009,  0.267383 } }
		},
		cameraprops =
		{
			fovh = 30,
			hvaspect = 1.85,
			nearplane = 0.3,
			farplane = 4000
		}
	},

	{
		entity_name = "Zs/NPC/mFloor2/02/ACOH/Camera",
		type = CAMERA,
		template_name = "",
		lt_grp = 0, srt_grp = 0, usr_flg = 0,
		flags = HIDDEN,
		spatialprops =
		{
			pos = { 3.621844, 1.746935, 0.161606 },
			orient = { { -0.460211,  0.000000,  0.887809 },
					   {  0.158827,  0.983868,  0.082331 },
					   { -0.873487,  0.178898, -0.452787 } }
		},
		cameraprops =
		{
			fovh = 25,
			hvaspect = 1.85,
			nearplane = 0.3,
			farplane = 4000
		}
	},

	{
		entity_name = "Zs/NPC/mFloor2/02/ACS/Camera",
		type = CAMERA,
		template_name = "",
		lt_grp = 0, srt_grp = 0, usr_flg = 0,
		flags = HIDDEN,
		spatialprops =
		{
			pos = { 3.849358, 1.693944, 0.590241 },
			orient = { { -0.387896,  0.000000,  0.921703 },
					   {  0.106805,  0.993263,  0.044948 },
					   { -0.915494,  0.115878, -0.385283 } }
		},
		cameraprops =
		{
			fovh = 25,
			hvaspect = 1.85,
			nearplane = 0.3,
			farplane = 4000
		}
	},

	{
		entity_name = "Zs/NPC/mFloor2/02/ACU/Camera",
		type = CAMERA,
		template_name = "",
		lt_grp = 0, srt_grp = 0, usr_flg = 0,
		flags = HIDDEN,
		spatialprops =
		{
			pos = { 4.285074, 1.709512, 0.847939 },
			orient = { { -0.473001,  0.000000,  0.881062 },
					   {  0.056078,  0.997972,  0.030106 },
					   { -0.879275,  0.063648, -0.472042 } }
		},
		cameraprops =
		{
			fovh = 25,
			hvaspect = 1.85,
			nearplane = 0.3,
			farplane = 4000
		}
	},

	{
		entity_name = "Zs/NPC/mFloor2/02/PC2/Camera",
		type = CAMERA,
		template_name = "",
		lt_grp = 0, srt_grp = 0, usr_flg = 0,
		flags = HIDDEN,
		spatialprops =
		{
			pos = { 3.904735, 1.731246, 2.165361 },
			orient = { {  0.892568,  0.000000,  0.450912 },
					   {  0.094125,  0.977970, -0.186318 },
					   { -0.440979,  0.208743,  0.872905 } }
		},
		cameraprops =
		{
			fovh = 30,
			hvaspect = 1.85,
			nearplane = 0.3,
			farplane = 4000
		}
	},

	{
		entity_name = "Zs/NPC/mFloor2/02/PCO/Camera",
		type = CAMERA,
		template_name = "",
		lt_grp = 0, srt_grp = 0, usr_flg = 0,
		flags = HIDDEN,
		spatialprops =
		{
			pos = { 4.817838, 1.776642, 1.852597 },
			orient = { {  0.987715,  0.000000, -0.156266 },
					   { -0.032000,  0.978808, -0.202262 },
					   {  0.152954,  0.204778,  0.966784 } }
		},
		cameraprops =
		{
			fovh = 25,
			hvaspect = 1.85,
			nearplane = 0.3,
			farplane = 4000
		}
	},

	{
		entity_name = "Zs/NPC/mFloor2/02/PCS/Camera",
		type = CAMERA,
		template_name = "",
		lt_grp = 0, srt_grp = 0, usr_flg = 0,
		flags = HIDDEN,
		spatialprops =
		{
			pos = { 4.595546, 1.61664, 1.407935 },
			orient = { {  0.982534,  0.000000, -0.186085 },
					   { -0.010402,  0.998436, -0.054924 },
					   {  0.185794,  0.055901,  0.980997 } }
		},
		cameraprops =
		{
			fovh = 25,
			hvaspect = 1.85,
			nearplane = 0.3,
			farplane = 4000
		}
	},

	{
		entity_name = "Zs/NPC/mFloor2/02/PCU/Camera",
		type = CAMERA,
		template_name = "",
		lt_grp = 0, srt_grp = 0, usr_flg = 0,
		flags = HIDDEN,
		spatialprops =
		{
			pos = { 4.433658, 1.69836, 0.922188 },
			orient = { {  0.966174,  0.000000, -0.257893 },
					   { -0.016671,  0.997908, -0.062457 },
					   {  0.257353,  0.064644,  0.964153 } }
		},
		cameraprops =
		{
			fovh = 25,
			hvaspect = 1.85,
			nearplane = 0.3,
			farplane = 4000
		}
	},

	{
		entity_name = "Zs/NPC/mFloor2/02/TCI/Camera",
		type = CAMERA,
		template_name = "",
		lt_grp = 0, srt_grp = 0, usr_flg = 0,
		flags = HIDDEN,
		spatialprops =
		{
			pos = { 3.795064, 1.903228, 0.601524 },
			orient = { { -0.386937,  0.000000,  0.922106 },
					   {  0.567046,  0.788569,  0.237945 },
					   { -0.727144,  0.614946, -0.305127 } }
		},
		cameraprops =
		{
			fovh = 15,
			hvaspect = 1.85,
			nearplane = 0.3,
			farplane = 4000
		}
	},

	{
		entity_name = "Zs/NPC/mFloor2/02/WFC/Camera",
		type = CAMERA,
		template_name = "",
		lt_grp = 0, srt_grp = 0, usr_flg = 0,
		flags = HIDDEN,
		spatialprops =
		{
			pos = { 3.269339, -0.233207, 1.300813 },
			orient = { {  0.387345,  0.000000,  0.921935 },
					   { -0.724118,  0.618947,  0.304234 },
					   { -0.570628, -0.785433,  0.239746 } }
		},
		cameraprops =
		{
			fovh = 30,
			hvaspect = 1.85,
			nearplane = 0.3,
			farplane = 4000
		}
	},

	{
		entity_name = "Zs/NPC/mFloor2/01/WFC/Camera",
		type = CAMERA,
		template_name = "",
		lt_grp = 0, srt_grp = 0, usr_flg = 0,
		flags = HIDDEN,
		spatialprops =
		{
			pos = { 0.0959, 0.829039, -3.784461 },
			orient = { {  0.241951,  0.000000,  0.970288 },
					   { -0.099524,  0.994726,  0.024817 },
					   { -0.965171, -0.102571,  0.240675 } }
		},
		cameraprops =
		{
			fovh = 30,
			hvaspect = 1.85,
			nearplane = 0.3,
			farplane = 4000
		}
	},

	{
		entity_name = "Camera_Wide",
		type = CAMERA,
		template_name = "",
		lt_grp = 0, srt_grp = 0, usr_flg = 0,
		spatialprops =
		{
			pos = { -10.55646, 3.252699, 8.402317 },
			orient = { {  0.666827,  0.000000,  0.745213 },
					   {  0.056449,  0.997127, -0.050512 },
					   { -0.743072,  0.075749,  0.664911 } }
		},
		cameraprops =
		{
			fovh = 35,
			hvaspect = 1.333333,
			nearplane = 0.3,
			farplane = 4000
		}
	},

	{
		entity_name = "LtShadowSource",
		type = LIGHT,
		template_name = "",
		lt_grp = 0, srt_grp = 0, usr_flg = 0,
		spatialprops =
		{
			pos = { 0, 0, 0 },
			orient = { {  0.999998,  0.000000, -0.001769 },
					   {  0.001769, -0.002306,  0.999996 },
					   { -0.000004, -0.999997, -0.002306 } }
		},
		lightprops =
		{
			on = N,
			color = { 255, 255, 255 },
			diffuse = { 0, 0, 0 },
			specular = { 0, 0, 0 },
			ambient = { 0, 0, 0 },
			direction = { 0, 0, 1 },
			range = 2000,
			cutoff = 98.99998,
			type = L_DIRECT,
			theta = 90,
			atten = { 1, 0, 4e-006 }
		}
	},

	{
		entity_name = "LtGlareSource",
		type = LIGHT,
		template_name = "",
		lt_grp = 0, srt_grp = 0, usr_flg = 0,
		spatialprops =
		{
			pos = { -9.928906, 13.99088, 5.469374 },
			orient = { {  0.667344,  0.000000,  0.744750 },
					   {  0.212073,  0.958600, -0.190031 },
					   { -0.713917,  0.284757,  0.639716 } }
		},
		lightprops =
		{
			on = N,
			color = { 255, 255, 255 },
			diffuse = { 0.74902, 0.74902, 0.74902 },
			specular = { 0, 0, 0 },
			ambient = { 0, 0, 0 },
			direction = { 0, 0, 1 },
			range = 2000,
			cutoff = 98.99998,
			type = L_POINT,
			theta = 90,
			atten = { 1, 0, 4e-006 }
		}
	},

	{
		entity_name = "Bins_artifacts_3_1",
		type = COMPOUND,
		template_name = "artifacts_3",
		lt_grp = 0, srt_grp = 0, usr_flg = 0,
		flags = LIT_DYNAMIC,
		spatialprops =
		{
			pos = { 0, 0, 3.623235 },
			orient = { { 1, 0, 0 }, { 0, 1, 0 }, { 0, 0, 1 } }
		},
		userprops =
		{
			category = "Equipment",
		}
	},

	{
		entity_name = "Bins_artifacts_3_2",
		type = COMPOUND,
		template_name = "artifacts_3",
		lt_grp = 0, srt_grp = 0, usr_flg = 0,
		flags = LIT_DYNAMIC,
		spatialprops =
		{
			pos = { 0, 0, -3.789195 },
			orient = { { 1, 0, 0 }, { 0, 1, 0 }, { 0, 0, 1 } }
		},
		userprops =
		{
			category = "Equipment",
		}
	},

	{
		entity_name = "rh_table_round_1",
		type = COMPOUND,
		template_name = "rh_table_round",
		lt_grp = 0, srt_grp = 0, usr_flg = 0,
		flags = LIT_DYNAMIC,
		spatialprops =
		{
			pos = { 3.462287, 0, -3.791593 },
			orient = { {  0.760878,  0.000000, -0.648895 },
					   {  0.000000,  1.000000,  0.000000 },
					   {  0.648895,  0.000000,  0.760878 } }
		},
		userprops =
		{
			category = "Prop",
		}
	},

	{
		entity_name = "rh_table_round_2",
		type = COMPOUND,
		template_name = "rh_table_round",
		lt_grp = 0, srt_grp = 0, usr_flg = 0,
		flags = LIT_DYNAMIC,
		spatialprops =
		{
			pos = { 2.209611, 0, 0.079635 },
			orient = { {  0.760878,  0.000000, -0.648895 },
					   {  0.000000,  1.000000,  0.000000 },
					   {  0.648895,  0.000000,  0.760878 } }
		},
		userprops =
		{
			category = "Prop",
		}
	},

	{
		entity_name = "rh_table_round_3",
		type = COMPOUND,
		template_name = "rh_table_round",
		lt_grp = 0, srt_grp = 0, usr_flg = 0,
		flags = LIT_DYNAMIC,
		spatialprops =
		{
			pos = { -3.636015, 0, 0.97062 },
			orient = { {  0.760878,  0.000000, -0.648895 },
					   {  0.000000,  1.000000,  0.000000 },
					   {  0.648895,  0.000000,  0.760878 } }
		},
		userprops =
		{
			category = "Prop",
		}
	},

	{
		entity_name = "rh_table_round_4",
		type = COMPOUND,
		template_name = "rh_table_round",
		lt_grp = 0, srt_grp = 0, usr_flg = 0,
		flags = LIT_DYNAMIC,
		spatialprops =
		{
			pos = { 3.752435, 0, 3.993148 },
			orient = { {  0.658864,  0.000000, -0.752262 },
					   {  0.000000,  1.000000,  0.000000 },
					   {  0.752262,  0.000000,  0.658864 } }
		},
		userprops =
		{
			category = "Prop",
		}
	},

	{
		entity_name = "Zs/NPC/Bartender/01/A/Stand",
		type = MARKER,
		template_name = "",
		lt_grp = 0, srt_grp = 0, usr_flg = 0,
		spatialprops =
		{
			pos = { -2.423276, 0, -1.557404 },
			orient = { { -0.434481,  0.000000, -0.900681 },
					   {  0.000000,  1.000000,  0.000000 },
					   {  0.900681,  0.000000, -0.434481 } }
		}
	},

	{
		entity_name = "Zg/NPC/rTable1/01/A/SitLow",
		type = MARKER,
		template_name = "",
		lt_grp = 0, srt_grp = 0, usr_flg = 0,
		spatialprops =
		{
			pos = { 2.93521, 0, 0.834034 },
			orient = { {  0.791580,  0.000000, -0.611065 },
					   {  0.000000,  1.000000,  0.000000 },
					   {  0.611065,  0.000000,  0.791580 } }
		}
	},

	{
		entity_name = "Zg/NPC/rTable1/02/A/SitLow",
		type = MARKER,
		template_name = "",
		lt_grp = 0, srt_grp = 0, usr_flg = 0,
		spatialprops =
		{
			pos = { 4.119051, 0, -3.002626 },
			orient = { {  0.736662,  0.000000, -0.676262 },
					   {  0.000000,  1.000000,  0.000000 },
					   {  0.676262,  0.000000,  0.736662 } }
		}
	},

	{
		entity_name = "Zg/NPC/rTable1/03/A/SitLow",
		type = MARKER,
		template_name = "",
		lt_grp = 0, srt_grp = 0, usr_flg = 0,
		spatialprops =
		{
			pos = { -2.962468, 0, 1.709143 },
			orient = { {  0.779762,  0.000000, -0.626077 },
					   {  0.000000,  1.000000,  0.000000 },
					   {  0.626077,  0.000000,  0.779762 } }
		}
	},

	{
		entity_name = "set_rh_08_depot",
		type = COMPOUND,
		template_name = "rh_08_depot",
		lt_grp = 0, srt_grp = 0, usr_flg = 0,
		flags = LIT_AMBIENT,
		spatialprops =
		{
			pos = { 0, 0, 0 },
			orient = { { 1, 0, 0 }, { 0, 1, 0 }, { 0, 0, 1 } }
		},
		userprops =
		{
			category = "Room",
		}
	},

	{
		entity_name = "Zs/NPC/Bartender/01/P2/Stand",
		type = MARKER,
		template_name = "",
		lt_grp = 0, srt_grp = 0, usr_flg = 0,
		spatialprops =
		{
			pos = { -3.668269, 0, -1.120214 },
			orient = { {  0.063731,  0.000000,  0.997967 },
					   {  0.000000,  1.000000,  0.000000 },
					   { -0.997967,  0.000000,  0.063731 } }
		}
	},

	{
		entity_name = "Zs/NPC/Bartender/01/P/Stand",
		type = MARKER,
		template_name = "",
		lt_grp = 0, srt_grp = 0, usr_flg = 0,
		spatialprops =
		{
			pos = { -4.176953, -0.0054, -1.047247 },
			orient = { {  0.063731,  0.000000,  0.997967 },
					   {  0.000000,  1.000000,  0.000000 },
					   { -0.997967,  0.000000,  0.063731 } }
		}
	},

	{
		entity_name = "Zs/NPC/Bartender/01/AC2/Camera",
		type = CAMERA,
		template_name = "",
		lt_grp = 0, srt_grp = 0, usr_flg = 0,
		flags = HIDDEN,
		spatialprops =
		{
			pos = { -3.134374, 1.677214, 0.266008 },
			orient = { {  0.999736,  0.000000,  0.022964 },
					   {  0.003881,  0.985614, -0.168965 },
					   { -0.022634,  0.169009,  0.985355 } }
		},
		cameraprops =
		{
			fovh = 30,
			hvaspect = 1.85,
			nearplane = 0.3,
			farplane = 4000
		}
	},

	{
		entity_name = "Zs/NPC/Bartender/01/ACOH/Camera",
		type = CAMERA,
		template_name = "",
		lt_grp = 0, srt_grp = 0, usr_flg = 0,
		flags = HIDDEN,
		spatialprops =
		{
			pos = { -3.902045, 1.759028, -0.645673 },
			orient = { {  0.704372,  0.000000,  0.709831 },
					   {  0.130011,  0.983084, -0.129011 },
					   { -0.697823,  0.183157,  0.692457 } }
		},
		cameraprops =
		{
			fovh = 25,
			hvaspect = 1.85,
			nearplane = 0.3,
			farplane = 4000
		}
	},

	{
		entity_name = "Zs/NPC/Bartender/01/ACS/Camera",
		type = CAMERA,
		template_name = "",
		lt_grp = 0, srt_grp = 0, usr_flg = 0,
		flags = HIDDEN,
		spatialprops =
		{
			pos = { -3.452263, 1.632063, -0.795875 },
			orient = { {  0.729671,  0.000000,  0.683798 },
					   {  0.043595,  0.997966, -0.046520 },
					   { -0.682407,  0.063755,  0.728187 } }
		},
		cameraprops =
		{
			fovh = 25,
			hvaspect = 1.85,
			nearplane = 0.3,
			farplane = 4000
		}
	},

	{
		entity_name = "Zs/NPC/Bartender/01/PC2/Camera",
		type = CAMERA,
		template_name = "",
		lt_grp = 0, srt_grp = 0, usr_flg = 0,
		flags = HIDDEN,
		spatialprops =
		{
			pos = { -1.899466, 1.771683, -0.321268 },
			orient = { {  0.708796,  0.000000, -0.705414 },
					   { -0.159255,  0.974183, -0.160019 },
					   {  0.687202,  0.225761,  0.690497 } }
		},
		cameraprops =
		{
			fovh = 30,
			hvaspect = 1.85,
			nearplane = 0.3,
			farplane = 4000
		}
	},

	{
		entity_name = "Zs/NPC/Bartender/01/PCO/Camera",
		type = CAMERA,
		template_name = "",
		lt_grp = 0, srt_grp = 0, usr_flg = 0,
		flags = HIDDEN,
		spatialprops =
		{
			pos = { -1.944631, 1.771831, -1.285562 },
			orient = { {  0.144868,  0.000000, -0.989451 },
					   { -0.198328,  0.979705, -0.029038 },
					   {  0.969370,  0.200443,  0.141928 } }
		},
		cameraprops =
		{
			fovh = 25,
			hvaspect = 1.85,
			nearplane = 0.3,
			farplane = 4000
		}
	},

	{
		entity_name = "Zs/NPC/Bartender/01/PCS/Camera",
		type = CAMERA,
		template_name = "",
		lt_grp = 0, srt_grp = 0, usr_flg = 0,
		flags = HIDDEN,
		spatialprops =
		{
			pos = { -2.342762, 1.620657, -1.184648 },
			orient = { {  0.144968,  0.000000, -0.989436 },
					   { -0.059600,  0.998184, -0.008732 },
					   {  0.987640,  0.060236,  0.144705 } }
		},
		cameraprops =
		{
			fovh = 25,
			hvaspect = 1.85,
			nearplane = 0.3,
			farplane = 4000
		}
	},

	{
		entity_name = "Zs/NPC/Bartender/01/WFC/Camera",
		type = CAMERA,
		template_name = "",
		lt_grp = 0, srt_grp = 0, usr_flg = 0,
		flags = HIDDEN,
		spatialprops =
		{
			pos = { -9.423741, 0.598782, 6.598295 },
			orient = { {  0.508975,  0.000000,  0.860781 },
					   { -0.008847,  0.999947,  0.005231 },
					   { -0.860736, -0.010278,  0.508948 } }
		},
		cameraprops =
		{
			fovh = 30,
			hvaspect = 1.85,
			nearplane = 0.3,
			farplane = 4000
		}
	},

	{
		entity_name = "Prop_ashtray_2_1",
		type = COMPOUND,
		template_name = "ashtray_2",
		lt_grp = 0, srt_grp = 0, usr_flg = 0,
		flags = LIT_DYNAMIC,
		spatialprops =
		{
			pos = { -3.417503, 0.807157, 0.762531 },
			orient = { {  0.591183,  0.000000, -0.806537 },
					   {  0.000000,  1.000000,  0.000000 },
					   {  0.806537,  0.000000,  0.591183 } }
		},
		userprops =
		{
			category = "Prop",
		}
	},

	{
		entity_name = "Prop_Bottle_2_1",
		type = COMPOUND,
		template_name = "Bottle_2",
		lt_grp = 0, srt_grp = 0, usr_flg = 0,
		flags = LIT_DYNAMIC,
		spatialprops =
		{
			pos = { -3.46121, 0.945836, 1.215744 },
			orient = { {  0.622565,  0.000000,  0.782568 },
					   {  0.000000,  1.000000,  0.000000 },
					   { -0.782568,  0.000000,  0.622565 } }
		},
		userprops =
		{
			category = "Prop",
		}
	},

	{
		entity_name = "Prop_Beerbottle_1",
		type = COMPOUND,
		template_name = "Beerbottle",
		lt_grp = 0, srt_grp = 0, usr_flg = 0,
		flags = LIT_DYNAMIC,
		spatialprops =
		{
			pos = { 2.509645, 0.869012, 0.387595 },
			orient = { { 1, 0, 0 }, { 0, 1, 0 }, { 0, 0, 1 } }
		},
		userprops =
		{
			category = "Prop",
		}
	},

	{
		entity_name = "Prop_ashtray_2_2",
		type = COMPOUND,
		template_name = "ashtray_2",
		lt_grp = 0, srt_grp = 0, usr_flg = 0,
		flags = LIT_DYNAMIC,
		spatialprops =
		{
			pos = { 3.496515, 0.807155, -3.89006 },
			orient = { {  0.591183,  0.000000, -0.806537 },
					   {  0.000000,  1.000000,  0.000000 },
					   {  0.806537,  0.000000,  0.591183 } }
		},
		userprops =
		{
			category = "Prop",
		}
	},

	{
		entity_name = "Prop_Beerbottle_2",
		type = COMPOUND,
		template_name = "Beerbottle",
		lt_grp = 0, srt_grp = 0, usr_flg = 0,
		flags = LIT_DYNAMIC,
		spatialprops =
		{
			pos = { 3.816928, 0.872971, 4.06399 },
			orient = { { 1, 0, 0 }, { 0, 1, 0 }, { 0, 0, 1 } }
		},
		userprops =
		{
			category = "Prop",
		}
	},

	{
		entity_name = "Prop_glass_green_1",
		type = COMPOUND,
		template_name = "glass_green",
		lt_grp = 0, srt_grp = 0, usr_flg = 0,
		flags = LIT_DYNAMIC,
		spatialprops =
		{
			pos = { 2.514471, 0.785836, 0.292546 },
			orient = { {  1.000000,  0.000000,  0.000000 },
					   {  0.000000,  0.002174, -0.999998 },
					   {  0.000000,  0.999998,  0.002174 } }
		},
		userprops =
		{
			category = "Prop",
		}
	},

	{
		entity_name = "Zg/NPC/rTable1/04/A/SitLow",
		type = MARKER,
		template_name = "",
		lt_grp = 0, srt_grp = 0, usr_flg = 0,
		spatialprops =
		{
			pos = { 4.541791, 0, 4.637689 },
			orient = { {  0.672408,  0.000000, -0.740180 },
					   {  0.000000,  1.000000,  0.000000 },
					   {  0.740180,  0.000000,  0.672408 } }
		}
	},

	{
		entity_name = "Camera_0",
		type = CAMERA,
		template_name = "",
		lt_grp = 0, srt_grp = 0, usr_flg = 0,
		spatialprops =
		{
			pos = { -9.928906, 3.990875, 5.469374 },
			orient = { {  0.667344,  0.000000,  0.744750 },
					   {  0.212073,  0.958600, -0.190031 },
					   { -0.713917,  0.284757,  0.639716 } }
		},
		cameraprops =
		{
			fovh = 33,
			hvaspect = 1.333333,
			nearplane = 0.3,
			farplane = 4000
		}
	},

	{
		entity_name = "Camera_Mission",
		type = CAMERA,
		template_name = "",
		lt_grp = 0, srt_grp = 0, usr_flg = 0,
		spatialprops =
		{
			pos = { -0.899007, 1.662763, -5.314538 },
			orient = { {  0.999979,  0.000000,  0.006533 },
					   { -0.000096,  0.999892,  0.014727 },
					   { -0.006532, -0.014728,  0.999870 } }
		},
		cameraprops =
		{
			fovh = 30,
			hvaspect = 1.333333,
			nearplane = 1,
			farplane = 200
		}
	},

	{
		entity_name = "Camera_News",
		type = CAMERA,
		template_name = "",
		lt_grp = 0, srt_grp = 0, usr_flg = 0,
		spatialprops =
		{
			pos = { 0.883348, 1.649254, -5.312243 },
			orient = { {  0.999978,  0.000000, -0.006565 },
					   {  0.000126,  0.999817,  0.019148 },
					   {  0.006564, -0.019148,  0.999795 } }
		},
		cameraprops =
		{
			fovh = 30,
			hvaspect = 1.333333,
			nearplane = 1,
			farplane = 200
		}
	}
};

events =
{
	{
		0.000, START_FOG_PROP_ANIM, { "Layer_rh_08_Bar_hardpoint" },
		{
			duration = 0.100,
			fogprops =
			{
				fogon = Y,
				fogtable = N,
				fogcolor = { 62, 62, 80 },
				fogmode = F_LINEAR,
				fogstart = 0,
				fogend = 150,
				fogdensity = 0.1
			}
		}
	}
};
