duration = 10000.000;

entities =
{

	{
		entity_name = "Ambi_Layer_Terrain_Roids",
		type = SCENE,
		template_name = "",
		lt_grp = 0, srt_grp = 0, usr_flg = 0,
		spatialprops =
		{
			pos = { 0, 0, 0 },
			orient = { { 1, 0, 0 }, { 0, 1, 0 }, { 0, 0, 1 } }
		},
		up = Y_AXIS,
		front = Z_AXIS,
		ambient = { 0, 0, 0 }
	},

	{
		entity_name = "Ambi_Lock_TerrainField_Lite_Mkr",
		type = MARKER,
		template_name = "",
		lt_grp = 0, srt_grp = 0, usr_flg = 0,
		spatialprops =
		{
			pos = { 0, 0, 0 },
			orient = { { 1, 0, 0 }, { 0, 1, 0 }, { 0, 0, 1 } }
		}
	},

	{
		entity_name = "ambi_terrain_lite_tiny_01",
		type = COMPOUND,
		template_name = "$terrain_tiny",
		lt_grp = 10, srt_grp = -50, usr_flg = 0,
		flags = LIT_DYNAMIC,
		spatialprops =
		{
			pos = { 1704.102, 98.44824, -941.6409 },
			orient = { {  0.029094, -0.994144, -0.104077 },
					   { -0.984241, -0.046661,  0.170566 },
					   { -0.174424,  0.097474, -0.979835 } }
		},
		userprops =
		{
			category = "Asteroid",
		}
	},

	{
		entity_name = "ambi_terrain_lite_tiny_02",
		type = COMPOUND,
		template_name = "$terrain_tiny",
		lt_grp = 10, srt_grp = -50, usr_flg = 0,
		flags = LIT_DYNAMIC,
		spatialprops =
		{
			pos = { 2094.143, 741.5716, -375.8072 },
			orient = { { -0.870782,  0.412688, -0.267260 },
					   { -0.458900, -0.877312,  0.140483 },
					   { -0.176495,  0.244976,  0.953329 } }
		},
		userprops =
		{
			category = "Asteroid",
		}
	},

	{
		entity_name = "ambi_terrain_lite_tiny_03",
		type = COMPOUND,
		template_name = "$terrain_tiny",
		lt_grp = 10, srt_grp = -50, usr_flg = 0,
		flags = LIT_DYNAMIC,
		spatialprops =
		{
			pos = { 2049.986, 161.0907, 426.1527 },
			orient = { { -0.073600,  0.069864,  0.994838 },
					   { -0.718629,  0.687950, -0.101478 },
					   { -0.691488, -0.722388, -0.000426 } }
		},
		userprops =
		{
			category = "Asteroid",
		}
	},

	{
		entity_name = "ambi_terrain_lite_tiny_04",
		type = COMPOUND,
		template_name = "$terrain_tiny",
		lt_grp = 10, srt_grp = -50, usr_flg = 0,
		flags = LIT_DYNAMIC,
		spatialprops =
		{
			pos = { 1815.538, -404.8932, 35.13889 },
			orient = { { -0.727570, -0.684185, -0.050325 },
					   { -0.070353,  0.001442,  0.997521 },
					   { -0.682416,  0.729307, -0.049184 } }
		},
		userprops =
		{
			category = "Asteroid",
		}
	},

	{
		entity_name = "ambi_terrain_lite_tiny_05",
		type = COMPOUND,
		template_name = "$terrain_tiny",
		lt_grp = 10, srt_grp = -50, usr_flg = 0,
		flags = LIT_DYNAMIC,
		spatialprops =
		{
			pos = { 2170.264, -1273.606, -487.4972 },
			orient = { { -0.240773, -0.875362,  0.419249 },
					   { -0.708167,  0.453830,  0.540867 },
					   { -0.663722, -0.166672, -0.729173 } }
		},
		userprops =
		{
			category = "Asteroid",
		}
	},

	{
		entity_name = "ambi_terrain_lite_tiny_06",
		type = COMPOUND,
		template_name = "$terrain_tiny",
		lt_grp = 10, srt_grp = -50, usr_flg = 0,
		flags = LIT_DYNAMIC,
		spatialprops =
		{
			pos = { 1276.745, -1383.115, -931.0831 },
			orient = { { -0.737759, -0.675014,  0.008251 },
					   { -0.525623,  0.566725, -0.634463 },
					   {  0.423596, -0.472418, -0.772909 } }
		},
		userprops =
		{
			category = "Asteroid",
		}
	},

	{
		entity_name = "ambi_terrain_lite_tiny_07",
		type = COMPOUND,
		template_name = "$terrain_tiny",
		lt_grp = 10, srt_grp = -50, usr_flg = 0,
		flags = LIT_DYNAMIC,
		spatialprops =
		{
			pos = { 1234.593, 145.6057, -1234.375 },
			orient = { { -0.668475, -0.170999, -0.723810 },
					   {  0.110379, -0.985242,  0.130821 },
					   { -0.735498,  0.007557,  0.677485 } }
		},
		userprops =
		{
			category = "Asteroid",
		}
	},

	{
		entity_name = "ambi_terrain_lite_tiny_08",
		type = COMPOUND,
		template_name = "$terrain_tiny",
		lt_grp = 10, srt_grp = -50, usr_flg = 0,
		flags = LIT_DYNAMIC,
		spatialprops =
		{
			pos = { 1254.011, 1279.209, -1129.912 },
			orient = { { -0.696826,  0.376975, -0.610182 },
					   { -0.581259, -0.795224,  0.172500 },
					   { -0.420204,  0.474877,  0.773254 } }
		},
		userprops =
		{
			category = "Asteroid",
		}
	},

	{
		entity_name = "ambi_terrain_lite_tiny_09",
		type = COMPOUND,
		template_name = "$terrain_tiny",
		lt_grp = 10, srt_grp = -50, usr_flg = 0,
		flags = LIT_DYNAMIC,
		spatialprops =
		{
			pos = { 1918.476, 771.3241, 366.7551 },
			orient = { { -0.619380, -0.540967, -0.568967 },
					   { -0.712598,  0.083212,  0.696620 },
					   { -0.329503,  0.836917, -0.437032 } }
		},
		userprops =
		{
			category = "Asteroid",
		}
	},

	{
		entity_name = "ambi_terrain_lite_tiny_10",
		type = COMPOUND,
		template_name = "$terrain_tiny",
		lt_grp = 10, srt_grp = -50, usr_flg = 0,
		flags = LIT_DYNAMIC,
		spatialprops =
		{
			pos = { 1479.233, -439.1332, 1065.51 },
			orient = { {  0.064140, -0.980491, -0.185807 },
					   {  0.595967,  0.186977, -0.780938 },
					   {  0.800444, -0.060645,  0.596332 } }
		},
		userprops =
		{
			category = "Asteroid",
		}
	},

	{
		entity_name = "ambi_terrain_lite_tiny_11",
		type = COMPOUND,
		template_name = "$terrain_tiny",
		lt_grp = 10, srt_grp = -50, usr_flg = 0,
		flags = LIT_DYNAMIC,
		spatialprops =
		{
			pos = { 1632.042, -2002.519, 496.3575 },
			orient = { { -0.143115,  0.197392,  0.969822 },
					   { -0.983241,  0.083468, -0.162083 },
					   { -0.112943, -0.976765,  0.182139 } }
		},
		userprops =
		{
			category = "Asteroid",
		}
	},

	{
		entity_name = "ambi_terrain_lite_tiny_12",
		type = COMPOUND,
		template_name = "$terrain_tiny",
		lt_grp = 10, srt_grp = -50, usr_flg = 0,
		flags = LIT_DYNAMIC,
		spatialprops =
		{
			pos = { 1033.384, -1763.926, -480.2968 },
			orient = { { -0.931346, -0.133326, -0.338850 },
					   {  0.053052, -0.970312,  0.235967 },
					   { -0.360250,  0.201791,  0.910769 } }
		},
		userprops =
		{
			category = "Asteroid",
		}
	},

	{
		entity_name = "ambi_terrain_lite_tiny_13",
		type = COMPOUND,
		template_name = "$terrain_tiny",
		lt_grp = 10, srt_grp = -50, usr_flg = 0,
		flags = LIT_DYNAMIC,
		spatialprops =
		{
			pos = { 1087.778, -520.3577, -1524.019 },
			orient = { {  0.760433, -0.541599, -0.358347 },
					   {  0.465482,  0.069789,  0.882301 },
					   { -0.452844, -0.837735,  0.305175 } }
		},
		userprops =
		{
			category = "Asteroid",
		}
	},

	{
		entity_name = "ambi_terrain_lite_tiny_14",
		type = COMPOUND,
		template_name = "$terrain_tiny",
		lt_grp = 10, srt_grp = -50, usr_flg = 0,
		flags = LIT_DYNAMIC,
		spatialprops =
		{
			pos = { 980.2632, 425.9505, -1807.664 },
			orient = { { -0.027488,  0.490005, -0.871286 },
					   { -0.931950, -0.327808, -0.154955 },
					   { -0.361544,  0.807736,  0.465670 } }
		},
		userprops =
		{
			category = "Asteroid",
		}
	},

	{
		entity_name = "ambi_terrain_lite_tiny_15",
		type = COMPOUND,
		template_name = "$terrain_tiny",
		lt_grp = 10, srt_grp = -50, usr_flg = 0,
		flags = LIT_DYNAMIC,
		spatialprops =
		{
			pos = { 665.7534, 1338.109, -748.4641 },
			orient = { {  0.441332, -0.616084, -0.652431 },
					   { -0.121070,  0.679540, -0.723579 },
					   {  0.889139,  0.398329,  0.225314 } }
		},
		userprops =
		{
			category = "Asteroid",
		}
	},

	{
		entity_name = "ambi_terrain_lite_tiny_16",
		type = COMPOUND,
		template_name = "$terrain_tiny",
		lt_grp = 10, srt_grp = -50, usr_flg = 0,
		flags = LIT_DYNAMIC,
		spatialprops =
		{
			pos = { 1528.302, -897.9698, 1446.742 },
			orient = { { -0.394196,  0.488423,  0.778493 },
					   {  0.563914, -0.540325,  0.624540 },
					   {  0.725680,  0.685194, -0.062435 } }
		},
		userprops =
		{
			category = "Asteroid",
		}
	},

	{
		entity_name = "ambi_terrain_lite_tiny_17",
		type = COMPOUND,
		template_name = "$terrain_tiny",
		lt_grp = 10, srt_grp = -50, usr_flg = 0,
		flags = LIT_DYNAMIC,
		spatialprops =
		{
			pos = { 1457.854, 894.9144, 1218.109 },
			orient = { { -0.745641,  0.242740,  0.620562 },
					   { -0.603387, -0.641121, -0.474223 },
					   {  0.282743, -0.728039,  0.624513 } }
		},
		userprops =
		{
			category = "Asteroid",
		}
	},

	{
		entity_name = "ambi_terrain_lite_tiny_18",
		type = COMPOUND,
		template_name = "$terrain_tiny",
		lt_grp = 10, srt_grp = -50, usr_flg = 0,
		flags = LIT_DYNAMIC,
		spatialprops =
		{
			pos = { 972.1464, 1417.939, 1205.977 },
			orient = { {  0.679364,  0.446410, -0.582394 },
					   { -0.347688,  0.894747,  0.280252 },
					   {  0.646202,  0.012098,  0.763070 } }
		},
		userprops =
		{
			category = "Asteroid",
		}
	},

	{
		entity_name = "ambi_terrain_lite_tiny_19",
		type = COMPOUND,
		template_name = "$terrain_tiny",
		lt_grp = 10, srt_grp = -50, usr_flg = 0,
		flags = LIT_DYNAMIC,
		spatialprops =
		{
			pos = { 1065.35, -129.8864, 1434.411 },
			orient = { {  0.240404,  0.355359, -0.903286 },
					   { -0.909247,  0.408223, -0.081392 },
					   {  0.339819,  0.840877,  0.421247 } }
		},
		userprops =
		{
			category = "Asteroid",
		}
	},

	{
		entity_name = "ambi_terrain_lite_tiny_20",
		type = COMPOUND,
		template_name = "$terrain_tiny",
		lt_grp = 10, srt_grp = -50, usr_flg = 0,
		flags = LIT_DYNAMIC,
		spatialprops =
		{
			pos = { 1142.476, -1328.385, 1157.646 },
			orient = { {  0.522940,  0.432970,  0.734215 },
					   { -0.772253,  0.605255,  0.193110 },
					   { -0.360776, -0.667984,  0.650874 } }
		},
		userprops =
		{
			category = "Asteroid",
		}
	},

	{
		entity_name = "ambi_terrain_lite_tiny_21",
		type = COMPOUND,
		template_name = "$terrain_tiny",
		lt_grp = 10, srt_grp = -50, usr_flg = 0,
		flags = LIT_DYNAMIC,
		spatialprops =
		{
			pos = { 1565.532, 80.28429, 896.1097 },
			orient = { { -0.532985,  0.814414, -0.229471 },
					   { -0.670283, -0.240884,  0.701923 },
					   {  0.516380,  0.527925,  0.674276 } }
		},
		userprops =
		{
			category = "Asteroid",
		}
	},

	{
		entity_name = "ambi_terrain_lite_tiny_22",
		type = COMPOUND,
		template_name = "$terrain_tiny",
		lt_grp = 10, srt_grp = -50, usr_flg = 0,
		flags = LIT_DYNAMIC,
		spatialprops =
		{
			pos = { 2185.634, -959.8876, -62.37715 },
			orient = { { -0.582463, -0.515983, -0.628091 },
					   {  0.771367, -0.594572, -0.226885 },
					   { -0.256376, -0.616641,  0.744329 } }
		},
		userprops =
		{
			category = "Asteroid",
		}
	},

	{
		entity_name = "ambi_terrain_lite_tiny_23",
		type = COMPOUND,
		template_name = "$terrain_tiny",
		lt_grp = 10, srt_grp = -50, usr_flg = 0,
		flags = LIT_DYNAMIC,
		spatialprops =
		{
			pos = { 1765.363, 1096.529, -301.8522 },
			orient = { {  0.683428, -0.336358, -0.647911 },
					   { -0.558551,  0.330539, -0.760766 },
					   {  0.470049,  0.881820,  0.038027 } }
		},
		userprops =
		{
			category = "Asteroid",
		}
	},

	{
		entity_name = "ambi_terrain_lite_tiny_24",
		type = COMPOUND,
		template_name = "$terrain_tiny",
		lt_grp = 10, srt_grp = -50, usr_flg = 0,
		flags = LIT_DYNAMIC,
		spatialprops =
		{
			pos = { 1157.442, -906.7264, -1011.302 },
			orient = { { -0.837281,  0.355727,  0.415233 },
					   { -0.535134, -0.377279, -0.755839 },
					   { -0.112214, -0.855055,  0.506250 } }
		},
		userprops =
		{
			category = "Asteroid",
		}
	},

	{
		entity_name = "ambi_terrain_lite_tiny_25",
		type = COMPOUND,
		template_name = "$terrain_tiny",
		lt_grp = 10, srt_grp = -50, usr_flg = 0,
		flags = LIT_DYNAMIC,
		spatialprops =
		{
			pos = { 2253.785, -310.5355, -541.7363 },
			orient = { { -0.693408, -0.256356, -0.673400 },
					   { -0.476697, -0.537600,  0.695519 },
					   { -0.540320,  0.803286,  0.250572 } }
		},
		userprops =
		{
			category = "Asteroid",
		}
	},

	{
		entity_name = "ambi_terrain_lite_tiny_26",
		type = COMPOUND,
		template_name = "$terrain_tiny",
		lt_grp = 10, srt_grp = -50, usr_flg = 0,
		flags = LIT_DYNAMIC,
		spatialprops =
		{
			pos = { 2079.222, -97.03352, 278.241 },
			orient = { { -0.451536,  0.228772,  0.862426 },
					   { -0.892205, -0.125763, -0.433767 },
					   {  0.009228, -0.965322,  0.260898 } }
		},
		userprops =
		{
			category = "Asteroid",
		}
	},

	{
		entity_name = "ambi_terrain_lite_tiny_27",
		type = COMPOUND,
		template_name = "$terrain_tiny",
		lt_grp = 10, srt_grp = -50, usr_flg = 0,
		flags = LIT_DYNAMIC,
		spatialprops =
		{
			pos = { 1189.352, 467.2715, -1212.312 },
			orient = { { -0.070346, -0.354314, -0.932477 },
					   {  0.733192, -0.652205,  0.192507 },
					   { -0.676374, -0.670142,  0.305660 } }
		},
		userprops =
		{
			category = "Asteroid",
		}
	},

	{
		entity_name = "ambi_terrain_lite_tiny_28",
		type = COMPOUND,
		template_name = "$terrain_tiny",
		lt_grp = 10, srt_grp = -50, usr_flg = 0,
		flags = LIT_DYNAMIC,
		spatialprops =
		{
			pos = { 1815.087, 1075.199, 385.7448 },
			orient = { { -0.266598,  0.033283, -0.963233 },
					   {  0.687836,  0.706640, -0.165958 },
					   {  0.675135, -0.706790, -0.211282 } }
		},
		userprops =
		{
			category = "Asteroid",
		}
	},

	{
		entity_name = "ambi_terrain_lite_tiny_29",
		type = COMPOUND,
		template_name = "$terrain_tiny",
		lt_grp = 10, srt_grp = -50, usr_flg = 0,
		flags = LIT_DYNAMIC,
		spatialprops =
		{
			pos = { 1455.244, -975.8652, 95.05508 },
			orient = { { -0.226068, -0.893806,  0.387303 },
					   {  0.059645, -0.409551, -0.910335 },
					   {  0.972284, -0.182697,  0.145898 } }
		},
		userprops =
		{
			category = "Asteroid",
		}
	},

	{
		entity_name = "ambi_terrain_lite_tiny_30",
		type = COMPOUND,
		template_name = "$terrain_tiny",
		lt_grp = 10, srt_grp = -50, usr_flg = 0,
		flags = LIT_DYNAMIC,
		spatialprops =
		{
			pos = { 1461.25, -885.9775, -1220.57 },
			orient = { { -0.551007, -0.740110, -0.385523 },
					   { -0.422787,  0.645885, -0.635676 },
					   {  0.719474, -0.187268, -0.668796 } }
		},
		userprops =
		{
			category = "Asteroid",
		}
	},

	{
		entity_name = "ambi_terrain_lite_sml_01",
		type = COMPOUND,
		template_name = "$terrain_sml",
		lt_grp = 10, srt_grp = -50, usr_flg = 0,
		flags = LIT_DYNAMIC,
		spatialprops =
		{
			pos = { 2061.731, 132.4904, -376.4477 },
			orient = { { -0.936888, -0.248424, -0.246021 },
					   {  0.185831,  0.242217, -0.952259 },
					   {  0.296154, -0.937879, -0.180765 } }
		},
		userprops =
		{
			category = "Asteroid",
		}
	},

	{
		entity_name = "ambi_terrain_lite_sml_02",
		type = COMPOUND,
		template_name = "$terrain_sml",
		lt_grp = 10, srt_grp = -50, usr_flg = 0,
		flags = LIT_DYNAMIC,
		spatialprops =
		{
			pos = { 1683.64, -302.5927, -567.7548 },
			orient = { { -0.828076, -0.484037, -0.282841 },
					   {  0.389493, -0.133855, -0.911251 },
					   {  0.403219, -0.864749,  0.299371 } }
		},
		userprops =
		{
			category = "Asteroid",
		}
	},

	{
		entity_name = "ambi_terrain_lite_sml_03",
		type = COMPOUND,
		template_name = "$terrain_sml",
		lt_grp = 10, srt_grp = -50, usr_flg = 0,
		flags = LIT_DYNAMIC,
		spatialprops =
		{
			pos = { 2288.811, -46.8194, 211.6029 },
			orient = { { -0.681825, -0.668583, -0.296835 },
					   { -0.554802,  0.737098, -0.385850 },
					   {  0.476770, -0.098398, -0.873504 } }
		},
		userprops =
		{
			category = "Asteroid",
		}
	},

	{
		entity_name = "ambi_terrain_lite_sml_04",
		type = COMPOUND,
		template_name = "$terrain_sml",
		lt_grp = 10, srt_grp = -50, usr_flg = 0,
		flags = LIT_DYNAMIC,
		spatialprops =
		{
			pos = { 1811.241, 260.3743, 82.37836 },
			orient = { { -0.134880, -0.929537,  0.343173 },
					   {  0.547841,  0.218628,  0.807510 },
					   { -0.825638,  0.296921,  0.479750 } }
		},
		userprops =
		{
			category = "Asteroid",
		}
	},

	{
		entity_name = "ambi_terrain_lite_sml_05",
		type = COMPOUND,
		template_name = "$terrain_sml",
		lt_grp = 10, srt_grp = -50, usr_flg = 0,
		flags = LIT_DYNAMIC,
		spatialprops =
		{
			pos = { 2055.322, 498.9164, 691.5813 },
			orient = { { -0.424118, -0.762058,  0.489277 },
					   {  0.545145,  0.216586,  0.809881 },
					   { -0.723147,  0.610212,  0.323574 } }
		},
		userprops =
		{
			category = "Asteroid",
		}
	},

	{
		entity_name = "ambi_terrain_lite_sml_06",
		type = COMPOUND,
		template_name = "$terrain_sml",
		lt_grp = 10, srt_grp = -50, usr_flg = 0,
		flags = LIT_DYNAMIC,
		spatialprops =
		{
			pos = { 1869.2, 811.5622, -507.4025 },
			orient = { {  0.114399, -0.038770, -0.992678 },
					   {  0.613994,  0.788298,  0.039970 },
					   {  0.780977, -0.614070,  0.113985 } }
		},
		userprops =
		{
			category = "Asteroid",
		}
	},

	{
		entity_name = "ambi_terrain_lite_sml_07",
		type = COMPOUND,
		template_name = "$terrain_sml",
		lt_grp = 10, srt_grp = -50, usr_flg = 0,
		flags = LIT_DYNAMIC,
		spatialprops =
		{
			pos = { 1589.539, -102.8974, -976.4474 },
			orient = { { -0.526992, -0.392962, -0.753565 },
					   {  0.655617, -0.752182, -0.066253 },
					   { -0.540783, -0.528965,  0.654026 } }
		},
		userprops =
		{
			category = "Asteroid",
		}
	},

	{
		entity_name = "ambi_terrain_lite_sml_08",
		type = COMPOUND,
		template_name = "$terrain_sml",
		lt_grp = 10, srt_grp = -50, usr_flg = 0,
		flags = LIT_DYNAMIC,
		spatialprops =
		{
			pos = { 1641.254, -1544.283, -865.0269 },
			orient = { {  0.018455, -0.979411,  0.201030 },
					   { -0.354130, -0.194433, -0.914761 },
					   {  0.935014, -0.054309, -0.350427 } }
		},
		userprops =
		{
			category = "Asteroid",
		}
	},

	{
		entity_name = "ambi_terrain_lite_sml_09",
		type = COMPOUND,
		template_name = "$terrain_sml",
		lt_grp = 10, srt_grp = -50, usr_flg = 0,
		flags = LIT_DYNAMIC,
		spatialprops =
		{
			pos = { 1051.546, -1237.589, -1331.399 },
			orient = { {  0.615432,  0.682249, -0.394689 },
					   { -0.782318,  0.589751, -0.200429 },
					   {  0.096025,  0.432123,  0.896688 } }
		},
		userprops =
		{
			category = "Asteroid",
		}
	},

	{
		entity_name = "ambi_terrain_lite_sml_10",
		type = COMPOUND,
		template_name = "$terrain_sml",
		lt_grp = 10, srt_grp = -50, usr_flg = 0,
		flags = LIT_DYNAMIC,
		spatialprops =
		{
			pos = { 1158.216, -222.0029, -1609.373 },
			orient = { { -0.907527,  0.370789, -0.197257 },
					   {  0.146730, -0.160160, -0.976125 },
					   { -0.393529, -0.914803,  0.090944 } }
		},
		userprops =
		{
			category = "Asteroid",
		}
	},

	{
		entity_name = "ambi_terrain_lite_sml_11",
		type = COMPOUND,
		template_name = "$terrain_sml",
		lt_grp = 10, srt_grp = -50, usr_flg = 0,
		flags = LIT_DYNAMIC,
		spatialprops =
		{
			pos = { 1226.127, 539.568, -1855.371 },
			orient = { { -0.313550,  0.352684, -0.881646 },
					   { -0.828658, -0.555016,  0.072683 },
					   { -0.463694,  0.753373,  0.466280 } }
		},
		userprops =
		{
			category = "Asteroid",
		}
	},

	{
		entity_name = "ambi_terrain_lite_sml_12",
		type = COMPOUND,
		template_name = "$terrain_sml",
		lt_grp = 10, srt_grp = -50, usr_flg = 0,
		flags = LIT_DYNAMIC,
		spatialprops =
		{
			pos = { 923.7913, 1317.773, -1349.105 },
			orient = { { -0.771745,  0.081305, -0.630714 },
					   { -0.633227, -0.189635,  0.750375 },
					   { -0.058596,  0.978483,  0.197834 } }
		},
		userprops =
		{
			category = "Asteroid",
		}
	},

	{
		entity_name = "ambi_terrain_lite_sml_13",
		type = COMPOUND,
		template_name = "$terrain_sml",
		lt_grp = 10, srt_grp = -50, usr_flg = 0,
		flags = LIT_DYNAMIC,
		spatialprops =
		{
			pos = { 1020.522, 1527.478, -252.162 },
			orient = { { -0.897985, -0.293283, -0.328037 },
					   {  0.434803, -0.476888, -0.763887 },
					   {  0.067598, -0.828591,  0.555759 } }
		},
		userprops =
		{
			category = "Asteroid",
		}
	},

	{
		entity_name = "ambi_terrain_lite_sml_14",
		type = COMPOUND,
		template_name = "$terrain_sml",
		lt_grp = 10, srt_grp = -50, usr_flg = 0,
		flags = LIT_DYNAMIC,
		spatialprops =
		{
			pos = { 1499.379, 1367.007, 661.5398 },
			orient = { { -0.385255, -0.605616,  0.696281 },
					   {  0.424393, -0.786273, -0.449071 },
					   {  0.819432,  0.122490,  0.559935 } }
		},
		userprops =
		{
			category = "Asteroid",
		}
	},

	{
		entity_name = "ambi_terrain_lite_sml_15",
		type = COMPOUND,
		template_name = "$terrain_sml",
		lt_grp = 10, srt_grp = -50, usr_flg = 0,
		flags = LIT_DYNAMIC,
		spatialprops =
		{
			pos = { 1339.744, 296.0315, 1589.796 },
			orient = { {  0.165018,  0.244698, -0.955454 },
					   { -0.672383,  0.736641,  0.072530 },
					   {  0.721575,  0.630463,  0.286089 } }
		},
		userprops =
		{
			category = "Asteroid",
		}
	},

	{
		entity_name = "ambi_terrain_lite_sml_16",
		type = COMPOUND,
		template_name = "$terrain_sml",
		lt_grp = 10, srt_grp = -50, usr_flg = 0,
		flags = LIT_DYNAMIC,
		spatialprops =
		{
			pos = { 745.0566, -751.0137, 1157.337 },
			orient = { { -0.965348, -0.193194,  0.175441 },
					   { -0.048824, -0.526700, -0.848648 },
					   {  0.256358, -0.827806,  0.499016 } }
		},
		userprops =
		{
			category = "Asteroid",
		}
	},

	{
		entity_name = "ambi_terrain_lite_sml_17",
		type = COMPOUND,
		template_name = "$terrain_sml",
		lt_grp = 10, srt_grp = -50, usr_flg = 0,
		flags = LIT_DYNAMIC,
		spatialprops =
		{
			pos = { 1357.851, -2112.463, 533.605 },
			orient = { { -0.866162,  0.495511,  0.065061 },
					   { -0.300656, -0.412654, -0.859839 },
					   { -0.399212, -0.764320,  0.506403 } }
		},
		userprops =
		{
			category = "Asteroid",
		}
	},

	{
		entity_name = "ambi_terrain_lite_sml_18",
		type = COMPOUND,
		template_name = "$terrain_sml",
		lt_grp = 10, srt_grp = -50, usr_flg = 0,
		flags = LIT_DYNAMIC,
		spatialprops =
		{
			pos = { 883.4765, -1720.569, -817.9931 },
			orient = { {  0.225381, -0.969434,  0.096956 },
					   { -0.576380, -0.052440,  0.815497 },
					   { -0.785487, -0.239681, -0.570582 } }
		},
		userprops =
		{
			category = "Asteroid",
		}
	},

	{
		entity_name = "ambi_terrain_lite_sml_19",
		type = COMPOUND,
		template_name = "$terrain_sml",
		lt_grp = 10, srt_grp = -50, usr_flg = 0,
		flags = LIT_DYNAMIC,
		spatialprops =
		{
			pos = { 750.4838, -539.8632, -1594.374 },
			orient = { {  0.669184,  0.559866, -0.488614 },
					   { -0.527537, -0.105169, -0.842997 },
					   { -0.523352,  0.821882,  0.224973 } }
		},
		userprops =
		{
			category = "Asteroid",
		}
	},

	{
		entity_name = "ambi_terrain_lite_sml_20",
		type = COMPOUND,
		template_name = "$terrain_sml",
		lt_grp = 10, srt_grp = -50, usr_flg = 0,
		flags = LIT_DYNAMIC,
		spatialprops =
		{
			pos = { 699.9703, 187.2365, -1627.823 },
			orient = { {  0.315855, -0.746243, -0.585967 },
					   {  0.815081,  0.529536, -0.235022 },
					   {  0.485674, -0.403378,  0.775504 } }
		},
		userprops =
		{
			category = "Asteroid",
		}
	},

	{
		entity_name = "ambi_terrain_lite_sml_21",
		type = COMPOUND,
		template_name = "$terrain_sml",
		lt_grp = 10, srt_grp = -50, usr_flg = 0,
		flags = LIT_DYNAMIC,
		spatialprops =
		{
			pos = { 1003.054, 1827.313, -872.4524 },
			orient = { { -0.479692, -0.038464, -0.876593 },
					   {  0.831413, -0.339232, -0.440084 },
					   { -0.280441, -0.939916,  0.194706 } }
		},
		userprops =
		{
			category = "Asteroid",
		}
	},

	{
		entity_name = "ambi_terrain_lite_sml_22",
		type = COMPOUND,
		template_name = "$terrain_sml",
		lt_grp = 10, srt_grp = -50, usr_flg = 0,
		flags = LIT_DYNAMIC,
		spatialprops =
		{
			pos = { 1939.458, 804.4822, 36.23284 },
			orient = { { -0.753393, -0.656435, -0.038629 },
					   { -0.512488,  0.622962, -0.590995 },
					   {  0.412014, -0.425455, -0.805750 } }
		},
		userprops =
		{
			category = "Asteroid",
		}
	},

	{
		entity_name = "ambi_terrain_lite_sml_23",
		type = COMPOUND,
		template_name = "$terrain_sml",
		lt_grp = 10, srt_grp = -50, usr_flg = 0,
		flags = LIT_DYNAMIC,
		spatialprops =
		{
			pos = { 1106.514, 1105.022, 1076.82 },
			orient = { { -0.267164, -0.783874,  0.560504 },
					   {  0.545906, -0.602426, -0.582296 },
					   {  0.794109,  0.150414,  0.588868 } }
		},
		userprops =
		{
			category = "Asteroid",
		}
	},

	{
		entity_name = "ambi_terrain_lite_sml_24",
		type = COMPOUND,
		template_name = "$terrain_sml",
		lt_grp = 10, srt_grp = -50, usr_flg = 0,
		flags = LIT_DYNAMIC,
		spatialprops =
		{
			pos = { 1465.529, -920.7565, 1864.71 },
			orient = { { -0.154154,  0.445919,  0.881699 },
					   { -0.934184, -0.356390,  0.016914 },
					   {  0.321771, -0.821062,  0.471509 } }
		},
		userprops =
		{
			category = "Asteroid",
		}
	},

	{
		entity_name = "ambi_terrain_lite_sml_25",
		type = COMPOUND,
		template_name = "$terrain_sml",
		lt_grp = 10, srt_grp = -50, usr_flg = 0,
		flags = LIT_DYNAMIC,
		spatialprops =
		{
			pos = { 1598.976, -1357.913, 96.68814 },
			orient = { {  0.324864, -0.708727, -0.626234 },
					   { -0.401242,  0.496322, -0.769850 },
					   {  0.856427,  0.501368, -0.123134 } }
		},
		userprops =
		{
			category = "Asteroid",
		}
	},

	{
		entity_name = "ambi_terrain_lite_sml_26",
		type = COMPOUND,
		template_name = "$terrain_sml",
		lt_grp = 10, srt_grp = -50, usr_flg = 0,
		flags = LIT_DYNAMIC,
		spatialprops =
		{
			pos = { 1485.049, -681.8535, -680.0632 },
			orient = { {  0.634688, -0.112907,  0.764476 },
					   { -0.618652,  0.518577,  0.590210 },
					   { -0.463078, -0.847544,  0.259284 } }
		},
		userprops =
		{
			category = "Asteroid",
		}
	},

	{
		entity_name = "ambi_terrain_lite_sml_27",
		type = COMPOUND,
		template_name = "$terrain_sml",
		lt_grp = 10, srt_grp = -50, usr_flg = 0,
		flags = LIT_DYNAMIC,
		spatialprops =
		{
			pos = { 1698.065, 932.6636, -1059.156 },
			orient = { { -0.226665,  0.227717, -0.946978 },
					   { -0.058971, -0.973709, -0.220030 },
					   { -0.972186,  0.005971,  0.234134 } }
		},
		userprops =
		{
			category = "Asteroid",
		}
	},

	{
		entity_name = "ambi_terrain_lite_sml_28",
		type = COMPOUND,
		template_name = "$terrain_sml",
		lt_grp = 10, srt_grp = -50, usr_flg = 0,
		flags = LIT_DYNAMIC,
		spatialprops =
		{
			pos = { 1356.61, -683.1853, 885.176 },
			orient = { { -0.330575, -0.918768,  0.215837 },
					   { -0.943599,  0.326224, -0.056554 },
					   { -0.018451, -0.222359, -0.974790 } }
		},
		userprops =
		{
			category = "Asteroid",
		}
	},

	{
		entity_name = "ambi_terrain_lite_sml_29",
		type = COMPOUND,
		template_name = "$terrain_sml",
		lt_grp = 10, srt_grp = -50, usr_flg = 0,
		flags = LIT_DYNAMIC,
		spatialprops =
		{
			pos = { 1392.347, 942.7368, -1258.022 },
			orient = { { -0.391212, -0.504072, -0.769977 },
					   {  0.590932, -0.778983,  0.209726 },
					   { -0.705516, -0.372957,  0.602620 } }
		},
		userprops =
		{
			category = "Asteroid",
		}
	},

	{
		entity_name = "ambi_terrain_lite_sml_30",
		type = COMPOUND,
		template_name = "$terrain_sml",
		lt_grp = 10, srt_grp = -50, usr_flg = 0,
		flags = LIT_DYNAMIC,
		spatialprops =
		{
			pos = { 726.205, -1521.092, 797.5176 },
			orient = { { -0.636012,  0.119560,  0.762361 },
					   { -0.027085, -0.990775,  0.132785 },
					   {  0.771203,  0.063804,  0.633383 } }
		},
		userprops =
		{
			category = "Asteroid",
		}
	},

	{
		entity_name = "ambi_terrain_lite_sml_31",
		type = COMPOUND,
		template_name = "$terrain_sml",
		lt_grp = 10, srt_grp = -50, usr_flg = 0,
		flags = LIT_DYNAMIC,
		spatialprops =
		{
			pos = { 853.7585, -1927.169, 103.3961 },
			orient = { { -0.643759, -0.552951, -0.528980 },
					   {  0.187910, -0.784334,  0.591193 },
					   { -0.741798,  0.281185,  0.608827 } }
		},
		userprops =
		{
			category = "Asteroid",
		}
	},

	{
		entity_name = "ambi_terrain_lite_sml_32",
		type = COMPOUND,
		template_name = "$terrain_sml",
		lt_grp = 10, srt_grp = -50, usr_flg = 0,
		flags = LIT_DYNAMIC,
		spatialprops =
		{
			pos = { 837.061, 1301.861, 1419.326 },
			orient = { { -0.776013,  0.435935,  0.455812 },
					   { -0.192386,  0.524644, -0.829299 },
					   { -0.600660, -0.731238, -0.323263 } }
		},
		userprops =
		{
			category = "Asteroid",
		}
	},

	{
		entity_name = "ambi_terrain_lite_sml_33",
		type = COMPOUND,
		template_name = "$terrain_sml",
		lt_grp = 10, srt_grp = -50, usr_flg = 0,
		flags = LIT_DYNAMIC,
		spatialprops =
		{
			pos = { 1481.133, 345.9384, -1139.084 },
			orient = { {  0.324967, -0.210367, -0.922032 },
					   {  0.880467, -0.288584,  0.376160 },
					   { -0.345215, -0.934058,  0.091441 } }
		},
		userprops =
		{
			category = "Asteroid",
		}
	},

	{
		entity_name = "ambi_terrain_lite_sml_34",
		type = COMPOUND,
		template_name = "$terrain_sml",
		lt_grp = 10, srt_grp = -50, usr_flg = 0,
		flags = LIT_DYNAMIC,
		spatialprops =
		{
			pos = { 1780.851, 1260.416, 78.64774 },
			orient = { { -0.312560, -0.798287, -0.514824 },
					   {  0.545007, -0.594605,  0.591111 },
					   { -0.777993, -0.095825,  0.620922 } }
		},
		userprops =
		{
			category = "Asteroid",
		}
	},

	{
		entity_name = "ambi_terrain_lite_sml_35",
		type = COMPOUND,
		template_name = "$terrain_sml",
		lt_grp = 10, srt_grp = -50, usr_flg = 0,
		flags = LIT_DYNAMIC,
		spatialprops =
		{
			pos = { 943.1545, 551.0864, 1793.534 },
			orient = { { -0.904868,  0.425691,  0.001362 },
					   { -0.249419, -0.532763,  0.808674 },
					   {  0.344971,  0.731403,  0.588255 } }
		},
		userprops =
		{
			category = "Asteroid",
		}
	},

	{
		entity_name = "ambi_terrain_lite_sml_36",
		type = COMPOUND,
		template_name = "$terrain_sml",
		lt_grp = 10, srt_grp = -50, usr_flg = 0,
		flags = LIT_DYNAMIC,
		spatialprops =
		{
			pos = { 1752.378, -614.0568, 382.8845 },
			orient = { { -0.933622, -0.356986,  0.030182 },
					   {  0.131796, -0.263899,  0.955503 },
					   { -0.333137,  0.896057,  0.293432 } }
		},
		userprops =
		{
			category = "Asteroid",
		}
	},

	{
		entity_name = "ambi_terrain_lite_sml_37",
		type = COMPOUND,
		template_name = "$terrain_sml",
		lt_grp = 10, srt_grp = -50, usr_flg = 0,
		flags = LIT_DYNAMIC,
		spatialprops =
		{
			pos = { 1774.834, 1010.086, 756.9692 },
			orient = { { -0.629395, -0.705485,  0.325813 },
					   {  0.585598, -0.154987,  0.795647 },
					   { -0.510820,  0.691571,  0.510678 } }
		},
		userprops =
		{
			category = "Asteroid",
		}
	},

	{
		entity_name = "ambi_terrain_lite_sml_38",
		type = COMPOUND,
		template_name = "$terrain_sml",
		lt_grp = 10, srt_grp = -50, usr_flg = 0,
		flags = LIT_DYNAMIC,
		spatialprops =
		{
			pos = { 1526.392, -283.3349, -1414.16 },
			orient = { {  0.009934,  0.549819, -0.835225 },
					   { -0.674286, -0.613111, -0.411623 },
					   { -0.738403,  0.567270,  0.364644 } }
		},
		userprops =
		{
			category = "Asteroid",
		}
	},

	{
		entity_name = "ambi_terrain_lite_sml_39",
		type = COMPOUND,
		template_name = "$terrain_sml",
		lt_grp = 10, srt_grp = -50, usr_flg = 0,
		flags = LIT_DYNAMIC,
		spatialprops =
		{
			pos = { 1400.803, -104.1141, 1186.285 },
			orient = { { -0.798884, -0.412769,  0.437501 },
					   {  0.535078, -0.819931,  0.203481 },
					   {  0.274730,  0.396654,  0.875893 } }
		},
		userprops =
		{
			category = "Asteroid",
		}
	},

	{
		entity_name = "ambi_terrain_lite_sml_40",
		type = COMPOUND,
		template_name = "$terrain_sml",
		lt_grp = 10, srt_grp = -50, usr_flg = 0,
		flags = LIT_DYNAMIC,
		spatialprops =
		{
			pos = { 1999.585, -1515.246, 667.0298 },
			orient = { { -0.638382, -0.594643, -0.488740 },
					   { -0.284794, -0.407423,  0.867698 },
					   { -0.715095,  0.693113,  0.090740 } }
		},
		userprops =
		{
			category = "Asteroid",
		}
	},

	{
		entity_name = "ambi_terrain_lite_mdm_01",
		type = COMPOUND,
		template_name = "$terrain_mdm",
		lt_grp = 10, srt_grp = -50, usr_flg = 0,
		flags = LIT_DYNAMIC,
		spatialprops =
		{
			pos = { 2156.435, -211.1414, -969.6257 },
			orient = { {  0.207086,  0.968853, -0.135791 },
					   { -0.913711,  0.141931, -0.380774 },
					   { -0.349641,  0.202927,  0.914643 } }
		},
		userprops =
		{
			category = "Asteroid",
		}
	},

	{
		entity_name = "ambi_terrain_lite_mdm_02",
		type = COMPOUND,
		template_name = "$terrain_mdm",
		lt_grp = 10, srt_grp = -50, usr_flg = 0,
		flags = LIT_DYNAMIC,
		spatialprops =
		{
			pos = { 1989.523, 203.3347, -640.6669 },
			orient = { { -0.819906, -0.330456, -0.467496 },
					   { -0.039356,  0.847194, -0.529825 },
					   {  0.571144, -0.416008, -0.707625 } }
		},
		userprops =
		{
			category = "Asteroid",
		}
	},

	{
		entity_name = "ambi_terrain_lite_mdm_03",
		type = COMPOUND,
		template_name = "$terrain_mdm",
		lt_grp = 10, srt_grp = -50, usr_flg = 0,
		flags = LIT_DYNAMIC,
		spatialprops =
		{
			pos = { 1718.714, 881.6663, 56.58691 },
			orient = { { -0.874688,  0.483997, -0.025836 },
					   { -0.118876, -0.162548,  0.979514 },
					   {  0.469882,  0.859840,  0.199714 } }
		},
		userprops =
		{
			category = "Asteroid",
		}
	},

	{
		entity_name = "ambi_terrain_lite_mdm_04",
		type = COMPOUND,
		template_name = "$terrain_mdm",
		lt_grp = 10, srt_grp = -50, usr_flg = 0,
		flags = LIT_DYNAMIC,
		spatialprops =
		{
			pos = { 2098.855, 243.3607, 983.1736 },
			orient = { { -0.963274, -0.203177,  0.175564 },
					   { -0.163528, -0.074715, -0.983705 },
					   {  0.212984, -0.976287,  0.038745 } }
		},
		userprops =
		{
			category = "Asteroid",
		}
	},

	{
		entity_name = "ambi_terrain_lite_mdm_05",
		type = COMPOUND,
		template_name = "$terrain_mdm",
		lt_grp = 10, srt_grp = -50, usr_flg = 0,
		flags = LIT_DYNAMIC,
		spatialprops =
		{
			pos = { 2029.508, -371.0832, 391.6576 },
			orient = { {  0.174346,  0.885577,  0.430532 },
					   { -0.933502,  0.009518,  0.358447 },
					   {  0.313334, -0.464396,  0.828347 } }
		},
		userprops =
		{
			category = "Asteroid",
		}
	},

	{
		entity_name = "ambi_terrain_lite_mdm_06",
		type = COMPOUND,
		template_name = "$terrain_mdm",
		lt_grp = 10, srt_grp = -50, usr_flg = 0,
		flags = LIT_DYNAMIC,
		spatialprops =
		{
			pos = { 1899.161, -286.0496, -93.93712 },
			orient = { { -0.071867, -0.706929, -0.703624 },
					   {  0.214043,  0.678082, -0.703129 },
					   {  0.974177, -0.201137,  0.102582 } }
		},
		userprops =
		{
			category = "Asteroid",
		}
	},

	{
		entity_name = "ambi_terrain_lite_mdm_07",
		type = COMPOUND,
		template_name = "$terrain_mdm",
		lt_grp = 10, srt_grp = -50, usr_flg = 0,
		flags = LIT_DYNAMIC,
		spatialprops =
		{
			pos = { 1869.255, -1019.517, -990.9238 },
			orient = { {  0.019695,  0.882280, -0.470314 },
					   { -0.972981, -0.091321, -0.212057 },
					   { -0.230043,  0.461783,  0.856643 } }
		},
		userprops =
		{
			category = "Asteroid",
		}
	},

	{
		entity_name = "ambi_terrain_lite_mdm_08",
		type = COMPOUND,
		template_name = "$terrain_mdm",
		lt_grp = 10, srt_grp = -50, usr_flg = 0,
		flags = LIT_DYNAMIC,
		spatialprops =
		{
			pos = { 1453.323, 12.0959, -1515.818 },
			orient = { { -0.529479, -0.629777,  0.568360 },
					   { -0.687887,  0.710818,  0.146799 },
					   { -0.496451, -0.313240, -0.809578 } }
		},
		userprops =
		{
			category = "Asteroid",
		}
	},

	{
		entity_name = "ambi_terrain_lite_mdm_09",
		type = COMPOUND,
		template_name = "$terrain_mdm",
		lt_grp = 10, srt_grp = -50, usr_flg = 0,
		flags = LIT_DYNAMIC,
		spatialprops =
		{
			pos = { 982.5821, 951.0189, -1262.794 },
			orient = { {  0.268152,  0.339176, -0.901695 },
					   { -0.916374, -0.198986, -0.347366 },
					   { -0.297243,  0.919437,  0.257454 } }
		},
		userprops =
		{
			category = "Asteroid",
		}
	},

	{
		entity_name = "ambi_terrain_lite_mdm_10",
		type = COMPOUND,
		template_name = "$terrain_mdm",
		lt_grp = 10, srt_grp = -50, usr_flg = 0,
		flags = LIT_DYNAMIC,
		spatialprops =
		{
			pos = { 1722.632, 1212.919, -932.2693 },
			orient = { { -0.533327,  0.651934, -0.539022 },
					   { -0.732877, -0.674322, -0.090443 },
					   { -0.422438,  0.346801,  0.837422 } }
		},
		userprops =
		{
			category = "Asteroid",
		}
	},

	{
		entity_name = "ambi_terrain_lite_mdm_11",
		type = COMPOUND,
		template_name = "$terrain_mdm",
		lt_grp = 10, srt_grp = -50, usr_flg = 0,
		flags = LIT_DYNAMIC,
		spatialprops =
		{
			pos = { 1373.845, 1552.431, -335.4237 },
			orient = { { -0.070885,  0.670236, -0.738755 },
					   {  0.180620,  0.737000,  0.651312 },
					   {  0.980995, -0.087266, -0.173300 } }
		},
		userprops =
		{
			category = "Asteroid",
		}
	},

	{
		entity_name = "ambi_terrain_lite_mdm_12",
		type = COMPOUND,
		template_name = "$terrain_mdm",
		lt_grp = 10, srt_grp = -50, usr_flg = 0,
		flags = LIT_DYNAMIC,
		spatialprops =
		{
			pos = { 1349.958, 1111.096, 807.6071 },
			orient = { { -0.504674, -0.160222,  0.848312 },
					   { -0.574037, -0.671655, -0.468360 },
					   {  0.644814, -0.723331,  0.246994 } }
		},
		userprops =
		{
			category = "Asteroid",
		}
	},

	{
		entity_name = "ambi_terrain_lite_mdm_13",
		type = COMPOUND,
		template_name = "$terrain_mdm",
		lt_grp = 10, srt_grp = -50, usr_flg = 0,
		flags = LIT_DYNAMIC,
		spatialprops =
		{
			pos = { 1402.396, 615.8232, 1783.396 },
			orient = { { -0.680324, -0.717162, -0.151121 },
					   { -0.467034,  0.583115, -0.664723 },
					   {  0.564835, -0.381648, -0.731646 } }
		},
		userprops =
		{
			category = "Asteroid",
		}
	},

	{
		entity_name = "ambi_terrain_lite_mdm_14",
		type = COMPOUND,
		template_name = "$terrain_mdm",
		lt_grp = 10, srt_grp = -50, usr_flg = 0,
		flags = LIT_DYNAMIC,
		spatialprops =
		{
			pos = { 1056.725, -165.8103, 1807.163 },
			orient = { { -0.902928, -0.081060,  0.422079 },
					   {  0.026526, -0.990692, -0.133517 },
					   {  0.428973, -0.109360,  0.896673 } }
		},
		userprops =
		{
			category = "Asteroid",
		}
	},

	{
		entity_name = "ambi_terrain_lite_mdm_15",
		type = COMPOUND,
		template_name = "$terrain_mdm",
		lt_grp = 10, srt_grp = -50, usr_flg = 0,
		flags = LIT_DYNAMIC,
		spatialprops =
		{
			pos = { 1124.011, -809.2515, 1231.364 },
			orient = { { -0.509514, -0.514551,  0.689662 },
					   {  0.848559, -0.433325,  0.303606 },
					   {  0.142627,  0.739910,  0.657412 } }
		},
		userprops =
		{
			category = "Asteroid",
		}
	},

	{
		entity_name = "ambi_terrain_lite_mdm_16",
		type = COMPOUND,
		template_name = "$terrain_mdm",
		lt_grp = 10, srt_grp = -50, usr_flg = 0,
		flags = LIT_DYNAMIC,
		spatialprops =
		{
			pos = { 1652.627, -1968.589, 988.7927 },
			orient = { {  0.790327,  0.591209,  0.160797 },
					   { -0.607322,  0.721295,  0.333007 },
					   {  0.080894, -0.360839,  0.929113 } }
		},
		userprops =
		{
			category = "Asteroid",
		}
	},

	{
		entity_name = "ambi_terrain_lite_mdm_17",
		type = COMPOUND,
		template_name = "$terrain_mdm",
		lt_grp = 10, srt_grp = -50, usr_flg = 0,
		flags = LIT_DYNAMIC,
		spatialprops =
		{
			pos = { 1283.329, -1584.736, -501.6772 },
			orient = { { -0.877637, -0.425683, -0.220337 },
					   { -0.467673,  0.861214,  0.198978 },
					   {  0.105056,  0.277676, -0.954913 } }
		},
		userprops =
		{
			category = "Asteroid",
		}
	},

	{
		entity_name = "ambi_terrain_lite_mdm_18",
		type = COMPOUND,
		template_name = "$terrain_mdm",
		lt_grp = 10, srt_grp = -50, usr_flg = 0,
		flags = LIT_DYNAMIC,
		spatialprops =
		{
			pos = { 1146.871, -701.2003, -1178.769 },
			orient = { { -0.657202, -0.753595, -0.013417 },
					   { -0.278385,  0.259243, -0.924822 },
					   {  0.700419, -0.604059, -0.380165 } }
		},
		userprops =
		{
			category = "Asteroid",
		}
	},

	{
		entity_name = "ambi_terrain_lite_mdm_19",
		type = COMPOUND,
		template_name = "$terrain_mdm",
		lt_grp = 10, srt_grp = -50, usr_flg = 0,
		flags = LIT_DYNAMIC,
		spatialprops =
		{
			pos = { 1224.043, -807.4637, -2116.579 },
			orient = { { -0.724794, -0.684336,  0.079738 },
					   { -0.541956,  0.494848, -0.679271 },
					   {  0.425391, -0.535546, -0.729543 } }
		},
		userprops =
		{
			category = "Asteroid",
		}
	},

	{
		entity_name = "ambi_terrain_lite_mdm_20",
		type = COMPOUND,
		template_name = "$terrain_mdm",
		lt_grp = 10, srt_grp = -50, usr_flg = 0,
		flags = LIT_DYNAMIC,
		spatialprops =
		{
			pos = { 1364.372, 320.63, -1563.869 },
			orient = { {  0.158767,  0.082298, -0.983880 },
					   { -0.326754, -0.935984, -0.131019 },
					   { -0.931679,  0.342288, -0.121712 } }
		},
		userprops =
		{
			category = "Asteroid",
		}
	},

	{
		entity_name = "ambi_terrain_lite_mdm_21",
		type = COMPOUND,
		template_name = "$terrain_mdm",
		lt_grp = 10, srt_grp = -50, usr_flg = 0,
		flags = LIT_DYNAMIC,
		spatialprops =
		{
			pos = { 1228.965, 1258.237, -683.7031 },
			orient = { { -0.931056, -0.219604,  0.291393 },
					   { -0.128537, -0.550011, -0.825207 },
					   {  0.341488, -0.805768,  0.483864 } }
		},
		userprops =
		{
			category = "Asteroid",
		}
	},

	{
		entity_name = "ambi_terrain_lite_mdm_22",
		type = COMPOUND,
		template_name = "$terrain_mdm",
		lt_grp = 10, srt_grp = -50, usr_flg = 0,
		flags = LIT_DYNAMIC,
