duration = 10000.000;

entities =
{

	{
		entity_name = "Ambi_Layer_Terrain_Roids",
		type = SCENE,
		template_name = "",
		lt_grp = 0, srt_grp = 0, usr_flg = 0,
		spatialprops =
		{
			pos = { 0, 0, 0 },
			orient = { { 1, 0, 0 }, { 0, 1, 0 }, { 0, 0, 1 } }
		},
		up = Y_AXIS,
		front = Z_AXIS,
		ambient = { 0, 0, 0 }
	},

	{
		entity_name = "Ambi_Lock_TerrainField_Mdm_Mkr",
		type = MARKER,
		template_name = "",
		lt_grp = 0, srt_grp = 0, usr_flg = 0,
		spatialprops =
		{
			pos = { 0, 0, 0 },
			orient = { { 1, 0, 0 }, { 0, 1, 0 }, { 0, 0, 1 } }
		}
	},

	{
		entity_name = "ambi_terrain_tiny_01",
		type = COMPOUND,
		template_name = "$terrain_tiny",
		lt_grp = 10, srt_grp = -50, usr_flg = 0,
		flags = LIT_DYNAMIC,
		spatialprops =
		{
			pos = { 2060.139, 303.1448, -271.9034 },
			orient = { { -0.127714,  0.192723, -0.972906 },
					   { -0.251415, -0.955190, -0.156210 },
					   { -0.959416,  0.224653,  0.170445 } }
		},
		userprops =
		{
			category = "Asteroid",
		}
	},

	{
		entity_name = "ambi_terrain_tiny_02",
		type = COMPOUND,
		template_name = "$terrain_tiny",
		lt_grp = 10, srt_grp = -50, usr_flg = 0,
		flags = LIT_DYNAMIC,
		spatialprops =
		{
			pos = { 1803.046, -119.1768, -396.2681 },
			orient = { { -0.686931, -0.241252, -0.685510 },
					   {  0.480756, -0.858241, -0.179711 },
					   { -0.544977, -0.453012,  0.705536 } }
		},
		userprops =
		{
			category = "Asteroid",
		}
	},

	{
		entity_name = "ambi_terrain_tiny_03",
		type = COMPOUND,
		template_name = "$terrain_tiny",
		lt_grp = 10, srt_grp = -50, usr_flg = 0,
		flags = LIT_DYNAMIC,
		spatialprops =
		{
			pos = { 2192.605, -292.9886, -29.89536 },
			orient = { { -0.789438, -0.462419, -0.403678 },
					   {  0.477386, -0.875918,  0.069794 },
					   { -0.385862, -0.137612,  0.912235 } }
		},
		userprops =
		{
			category = "Asteroid",
		}
	},

	{
		entity_name = "ambi_terrain_tiny_04",
		type = COMPOUND,
		template_name = "$terrain_tiny",
		lt_grp = 10, srt_grp = -50, usr_flg = 0,
		flags = LIT_DYNAMIC,
		spatialprops =
		{
			pos = { 2090.018, 130.4935, 157.469 },
			orient = { {  0.213560, -0.399878,  0.891342 },
					   { -0.318145,  0.834187,  0.450462 },
					   { -0.923675, -0.379776,  0.050930 } }
		},
		userprops =
		{
			category = "Asteroid",
		}
	},

	{
		entity_name = "ambi_terrain_tiny_05",
		type = COMPOUND,
		template_name = "$terrain_tiny",
		lt_grp = 10, srt_grp = -50, usr_flg = 0,
		flags = LIT_DYNAMIC,
		spatialprops =
		{
			pos = { 1899.492, 351.8028, 514.7557 },
			orient = { { -0.088757, -0.845258,  0.526935 },
					   {  0.429317, -0.509825, -0.745497 },
					   {  0.898782,  0.160054,  0.408134 } }
		},
		userprops =
		{
			category = "Asteroid",
		}
	},

	{
		entity_name = "ambi_terrain_tiny_06",
		type = COMPOUND,
		template_name = "$terrain_tiny",
		lt_grp = 10, srt_grp = -50, usr_flg = 0,
		flags = LIT_DYNAMIC,
		spatialprops =
		{
			pos = { 1857.861, 1000.452, 317.3452 },
			orient = { { -0.851283,  0.460902, -0.250773 },
					   { -0.489509, -0.525506,  0.695863 },
					   {  0.188941,  0.715132,  0.672969 } }
		},
		userprops =
		{
			category = "Asteroid",
		}
	},

	{
		entity_name = "ambi_terrain_tiny_07",
		type = COMPOUND,
		template_name = "$terrain_tiny",
		lt_grp = 10, srt_grp = -50, usr_flg = 0,
		flags = LIT_DYNAMIC,
		spatialprops =
		{
			pos = { 1900.418, 160.8452, -878.9431 },
			orient = { { -0.674271,  0.466892, -0.572163 },
					   {  0.019986, -0.762960, -0.646137 },
					   { -0.738213, -0.447106,  0.505111 } }
		},
		userprops =
		{
			category = "Asteroid",
		}
	},

	{
		entity_name = "ambi_terrain_tiny_08",
		type = COMPOUND,
		template_name = "$terrain_tiny",
		lt_grp = 10, srt_grp = -50, usr_flg = 0,
		flags = LIT_DYNAMIC,
		spatialprops =
		{
			pos = { 1439.293, 769.4802, -753.3906 },
			orient = { { -0.847748,  0.512185, -0.137806 },
					   {  0.308611,  0.687627,  0.657212 },
					   {  0.431373,  0.514622, -0.741001 } }
		},
		userprops =
		{
			category = "Asteroid",
		}
	},

	{
		entity_name = "ambi_terrain_tiny_09",
		type = COMPOUND,
		template_name = "$terrain_tiny",
		lt_grp = 10, srt_grp = -50, usr_flg = 0,
		flags = LIT_DYNAMIC,
		spatialprops =
		{
			pos = { 1795.971, 621.512, 1042.022 },
			orient = { { -0.996680,  0.077307, -0.025571 },
					   { -0.040968, -0.204694,  0.977968 },
					   {  0.070369,  0.975769,  0.207181 } }
		},
		userprops =
		{
			category = "Asteroid",
		}
	},

	{
		entity_name = "ambi_terrain_tiny_10",
		type = COMPOUND,
		template_name = "$terrain_tiny",
		lt_grp = 10, srt_grp = -50, usr_flg = 0,
		flags = LIT_DYNAMIC,
		spatialprops =
		{
			pos = { 1782.014, -583.9209, 945.2311 },
			orient = { { -0.106372, -0.108545,  0.988384 },
					   { -0.311899,  0.947497,  0.070487 },
					   { -0.944142, -0.300778, -0.134642 } }
		},
		userprops =
		{
			category = "Asteroid",
		}
	},

	{
		entity_name = "ambi_terrain_tiny_11",
		type = COMPOUND,
		template_name = "$terrain_tiny",
		lt_grp = 10, srt_grp = -50, usr_flg = 0,
		flags = LIT_DYNAMIC,
		spatialprops =
		{
			pos = { 1351.023, -1122.35, 551.1532 },
			orient = { { -0.913716, -0.406207,  0.010906 },
					   {  0.085297, -0.165487,  0.982516 },
					   { -0.397301,  0.898671,  0.185856 } }
		},
		userprops =
		{
			category = "Asteroid",
		}
	},

	{
		entity_name = "ambi_terrain_tiny_12",
		type = COMPOUND,
		template_name = "$terrain_tiny",
		lt_grp = 10, srt_grp = -50, usr_flg = 0,
		flags = LIT_DYNAMIC,
		spatialprops =
		{
			pos = { 1473.995, -1741.541, -191.0696 },
			orient = { {  0.690354,  0.635034, -0.346617 },
					   { -0.682310,  0.730787, -0.020082 },
					   {  0.240550,  0.250364,  0.937792 } }
		},
		userprops =
		{
			category = "Asteroid",
		}
	},

	{
		entity_name = "ambi_terrain_tiny_13",
		type = COMPOUND,
		template_name = "$terrain_tiny",
		lt_grp = 10, srt_grp = -50, usr_flg = 0,
		flags = LIT_DYNAMIC,
		spatialprops =
		{
			pos = { 1721.711, -703.2156, -975.2938 },
			orient = { { -0.895252,  0.184668, -0.405489 },
					   {  0.131267,  0.978990,  0.156037 },
					   {  0.425785,  0.086465, -0.900684 } }
		},
		userprops =
		{
			category = "Asteroid",
		}
	},

	{
		entity_name = "ambi_terrain_tiny_14",
		type = COMPOUND,
		template_name = "$terrain_tiny",
		lt_grp = 10, srt_grp = -50, usr_flg = 0,
		flags = LIT_DYNAMIC,
		spatialprops =
		{
			pos = { 1338.098, -13.84564, -1355.01 },
			orient = { {  0.544975, -0.829818, -0.120022 },
					   {  0.403458,  0.134054,  0.905125 },
					   { -0.734999, -0.541694,  0.407853 } }
		},
		userprops =
		{
			category = "Asteroid",
		}
	},

	{
		entity_name = "ambi_terrain_tiny_15",
		type = COMPOUND,
		template_name = "$terrain_tiny",
		lt_grp = 10, srt_grp = -50, usr_flg = 0,
		flags = LIT_DYNAMIC,
		spatialprops =
		{
			pos = { 1312.486, 438.4825, -1688.419 },
			orient = { {  0.623924, -0.741852, -0.245713 },
					   {  0.582774,  0.232198,  0.778754 },
					   { -0.520666, -0.629079,  0.577206 } }
		},
		userprops =
		{
			category = "Asteroid",
		}
	},

	{
		entity_name = "ambi_terrain_tiny_16",
		type = COMPOUND,
		template_name = "$terrain_tiny",
		lt_grp = 10, srt_grp = -50, usr_flg = 0,
		flags = LIT_DYNAMIC,
		spatialprops =
		{
			pos = { 1279.736, 1128.614, -1224.135 },
			orient = { { -0.559400,  0.669079,  0.489291 },
					   {  0.749213,  0.660669, -0.046863 },
					   { -0.354614,  0.340368, -0.870861 } }
		},
		userprops =
		{
			category = "Asteroid",
		}
	},

	{
		entity_name = "ambi_terrain_tiny_17",
		type = COMPOUND,
		template_name = "$terrain_tiny",
		lt_grp = 10, srt_grp = -50, usr_flg = 0,
		flags = LIT_DYNAMIC,
		spatialprops =
		{
			pos = { 1029.687, 1632.401, -827.6544 },
			orient = { {  0.431540, -0.304346, -0.849203 },
					   {  0.818558,  0.527741,  0.226830 },
					   {  0.379124, -0.793009,  0.476866 } }
		},
		userprops =
		{
			category = "Asteroid",
		}
	},

	{
		entity_name = "ambi_terrain_tiny_18",
		type = COMPOUND,
		template_name = "$terrain_tiny",
		lt_grp = 10, srt_grp = -50, usr_flg = 0,
		flags = LIT_DYNAMIC,
		spatialprops =
		{
			pos = { 1221.678, 1514.902, 125.6943 },
			orient = { { -0.224899,  0.794211, -0.564490 },
					   { -0.649073,  0.309970,  0.694711 },
					   {  0.726722,  0.522635,  0.445789 } }
		},
		userprops =
		{
			category = "Asteroid",
		}
	},

	{
		entity_name = "ambi_terrain_tiny_19",
		type = COMPOUND,
		template_name = "$terrain_tiny",
		lt_grp = 10, srt_grp = -50, usr_flg = 0,
		flags = LIT_DYNAMIC,
		spatialprops =
		{
			pos = { 1271.196, 1650.026, 794.9539 },
			orient = { { -0.028742,  0.176679,  0.983849 },
					   {  0.999585,  0.006796,  0.027981 },
					   { -0.001743,  0.984245, -0.176801 } }
		},
		userprops =
		{
			category = "Asteroid",
		}
	},

	{
		entity_name = "ambi_terrain_tiny_20",
		type = COMPOUND,
		template_name = "$terrain_tiny",
		lt_grp = 10, srt_grp = -50, usr_flg = 0,
		flags = LIT_DYNAMIC,
		spatialprops =
		{
			pos = { 880.0851, 1190.396, 1489.432 },
			orient = { {  0.408017, -0.350627,  0.842961 },
					   {  0.865911,  0.441243, -0.235592 },
					   { -0.289346,  0.826054,  0.483646 } }
		},
		userprops =
		{
			category = "Asteroid",
		}
	},

	{
		entity_name = "ambi_terrain_tiny_21",
		type = COMPOUND,
		template_name = "$terrain_tiny",
		lt_grp = 10, srt_grp = -50, usr_flg = 0,
		flags = LIT_DYNAMIC,
		spatialprops =
		{
			pos = { 1101.288, 33.0338, 1491.786 },
			orient = { { -0.879106,  0.473355, -0.055744 },
					   { -0.401072, -0.797864, -0.450061 },
					   { -0.257515, -0.373294,  0.891256 } }
		},
		userprops =
		{
			category = "Asteroid",
		}
	},

	{
		entity_name = "ambi_terrain_tiny_22",
		type = COMPOUND,
		template_name = "$terrain_tiny",
		lt_grp = 10, srt_grp = -50, usr_flg = 0,
		flags = LIT_DYNAMIC,
		spatialprops =
		{
			pos = { 1115.813, -640.7922, 2050.434 },
			orient = { { -0.717503, -0.142004, -0.681927 },
					   {  0.250882, -0.965978, -0.062815 },
					   { -0.649806, -0.216153,  0.728718 } }
		},
		userprops =
		{
			category = "Asteroid",
		}
	},

	{
		entity_name = "ambi_terrain_tiny_23",
		type = COMPOUND,
		template_name = "$terrain_tiny",
		lt_grp = 10, srt_grp = -50, usr_flg = 0,
		flags = LIT_DYNAMIC,
		spatialprops =
		{
			pos = { 1153.195, -981.4745, 1189.334 },
			orient = { { -0.243990, -0.913562, -0.325381 },
					   { -0.441674,  0.403384, -0.801377 },
					   {  0.863362, -0.051816, -0.501918 } }
		},
		userprops =
		{
			category = "Asteroid",
		}
	},

	{
		entity_name = "ambi_terrain_tiny_24",
		type = COMPOUND,
		template_name = "$terrain_tiny",
		lt_grp = 10, srt_grp = -50, usr_flg = 0,
		flags = LIT_DYNAMIC,
		spatialprops =
		{
			pos = { 1338.26, -1909.401, 999.5574 },
			orient = { { -0.892027,  0.100385, -0.440694 },
					   { -0.067947, -0.993727, -0.088825 },
					   { -0.446846, -0.049290,  0.893252 } }
		},
		userprops =
		{
			category = "Asteroid",
		}
	},

	{
		entity_name = "ambi_terrain_tiny_25",
		type = COMPOUND,
		template_name = "$terrain_tiny",
		lt_grp = 10, srt_grp = -50, usr_flg = 0,
		flags = LIT_DYNAMIC,
		spatialprops =
		{
			pos = { 750.9975, -1960.886, 30.46379 },
			orient = { { -0.891874, -0.409554,  0.191900 },
					   { -0.184487, -0.057963, -0.981124 },
					   {  0.412947, -0.910443, -0.023862 } }
		},
		userprops =
		{
			category = "Asteroid",
		}
	},

	{
		entity_name = "ambi_terrain_tiny_26",
		type = COMPOUND,
		template_name = "$terrain_tiny",
		lt_grp = 10, srt_grp = -50, usr_flg = 0,
		flags = LIT_DYNAMIC,
		spatialprops =
		{
			pos = { 865.9955, -1432.645, -883.1885 },
			orient = { { -0.490870,  0.867440,  0.081201 },
					   { -0.860228, -0.467794, -0.202919 },
					   { -0.138034, -0.169458,  0.975823 } }
		},
		userprops =
		{
			category = "Asteroid",
		}
	},

	{
		entity_name = "ambi_terrain_tiny_27",
		type = COMPOUND,
		template_name = "$terrain_tiny",
		lt_grp = 10, srt_grp = -50, usr_flg = 0,
		flags = LIT_DYNAMIC,
		spatialprops =
		{
			pos = { 1271.551, -1241.818, -1754.799 },
			orient = { { -0.831568,  0.485368,  0.270022 },
					   { -0.302363,  0.012209, -0.953115 },
					   { -0.465908, -0.874224,  0.136605 } }
		},
		userprops =
		{
			category = "Asteroid",
		}
	},

	{
		entity_name = "ambi_terrain_tiny_28",
		type = COMPOUND,
		template_name = "$terrain_tiny",
		lt_grp = 10, srt_grp = -50, usr_flg = 0,
		flags = LIT_DYNAMIC,
		spatialprops =
		{
			pos = { 1260.882, -90.76849, -1676.883 },
			orient = { { -0.963562,  0.198384,  0.179424 },
					   {  0.239351,  0.938927,  0.247241 },
					   { -0.119417,  0.281177, -0.952197 } }
		},
		userprops =
		{
			category = "Asteroid",
		}
	},

	{
		entity_name = "ambi_terrain_tiny_29",
		type = COMPOUND,
		template_name = "$terrain_tiny",
		lt_grp = 10, srt_grp = -50, usr_flg = 0,
		flags = LIT_DYNAMIC,
		spatialprops =
		{
			pos = { 666.6019, 472.8444, -1582.528 },
			orient = { { -0.470285, -0.331017,  0.818083 },
					   {  0.373336,  0.765336,  0.524291 },
					   { -0.799658,  0.551986, -0.236346 } }
		},
		userprops =
		{
			category = "Asteroid",
		}
	},

	{
		entity_name = "ambi_terrain_tiny_30",
		type = COMPOUND,
		template_name = "$terrain_tiny",
		lt_grp = 10, srt_grp = -50, usr_flg = 0,
		flags = LIT_DYNAMIC,
		spatialprops =
		{
			pos = { 773.7966, 1271.16, -1692.083 },
			orient = { { -0.614812,  0.289894, -0.733462 },
					   {  0.606203, -0.421203, -0.674616 },
					   { -0.504504, -0.859389,  0.083226 } }
		},
		userprops =
		{
			category = "Asteroid",
		}
	},

	{
		entity_name = "ambi_terrain_tiny_31",
		type = COMPOUND,
		template_name = "$terrain_tiny",
		lt_grp = 10, srt_grp = -50, usr_flg = 0,
		flags = LIT_DYNAMIC,
		spatialprops =
		{
			pos = { 908.5579, 1882.097, 205.5055 },
			orient = { { -0.718764,  0.123002, -0.684287 },
					   {  0.683045,  0.308569, -0.661993 },
					   {  0.129723, -0.943216, -0.305804 } }
		},
		userprops =
		{
			category = "Asteroid",
		}
	},

	{
		entity_name = "ambi_terrain_tiny_32",
		type = COMPOUND,
		template_name = "$terrain_tiny",
		lt_grp = 10, srt_grp = -50, usr_flg = 0,
		flags = LIT_DYNAMIC,
		spatialprops =
		{
			pos = { 617.4308, 1715.861, 707.4922 },
			orient = { {  0.379885, -0.691505, -0.614416 },
					   {  0.634132,  0.678255, -0.371279 },
					   {  0.673472, -0.248578,  0.696164 } }
		},
		userprops =
		{
			category = "Asteroid",
		}
	},

	{
		entity_name = "ambi_terrain_tiny_33",
		type = COMPOUND,
		template_name = "$terrain_tiny",
		lt_grp = 10, srt_grp = -50, usr_flg = 0,
		flags = LIT_DYNAMIC,
		spatialprops =
		{
			pos = { 878.136, 515.834, 1836.516 },
			orient = { {  0.674857, -0.722506, -0.150177 },
					   {  0.692686,  0.690383, -0.208704 },
					   {  0.254470,  0.036819,  0.966380 } }
		},
		userprops =
		{
			category = "Asteroid",
		}
	},

	{
		entity_name = "ambi_terrain_tiny_34",
		type = COMPOUND,
		template_name = "$terrain_tiny",
		lt_grp = 10, srt_grp = -50, usr_flg = 0,
		flags = LIT_DYNAMIC,
		spatialprops =
		{
			pos = { 878.136, 515.834, 1836.516 },
			orient = { { -0.761873,  0.423774,  0.489863 },
					   {  0.645929,  0.440767,  0.623298 },
					   {  0.048222,  0.791290, -0.609536 } }
		},
		userprops =
		{
			category = "Asteroid",
		}
	},

	{
		entity_name = "ambi_terrain_tiny_35",
		type = COMPOUND,
		template_name = "$terrain_tiny",
		lt_grp = 10, srt_grp = -50, usr_flg = 0,
		flags = LIT_DYNAMIC,
		spatialprops =
		{
			pos = { 615.1945, -322.5411, 1766.886 },
			orient = { { -0.318849, -0.645568,  0.693957 },
					   {  0.590905, -0.707858, -0.386999 },
					   {  0.741058,  0.286668,  0.607170 } }
		},
		userprops =
		{
			category = "Asteroid",
		}
	},

	{
		entity_name = "ambi_terrain_tiny_36",
		type = COMPOUND,
		template_name = "$terrain_tiny",
		lt_grp = 10, srt_grp = -50, usr_flg = 0,
		flags = LIT_DYNAMIC,
		spatialprops =
		{
			pos = { 795.3544, -1287.805, 1880.274 },
			orient = { { -0.507628,  0.539522,  0.671737 },
					   { -0.667010, -0.739596,  0.089969 },
					   {  0.545355, -0.402384,  0.735306 } }
		},
		userprops =
		{
			category = "Asteroid",
		}
	},

	{
		entity_name = "ambi_terrain_tiny_37",
		type = COMPOUND,
		template_name = "$terrain_tiny",
		lt_grp = 10, srt_grp = -50, usr_flg = 0,
		flags = LIT_DYNAMIC,
		spatialprops =
		{
			pos = { 605.8598, -1787.55, 920.6512 },
			orient = { {  0.156124,  0.915437,  0.370946 },
					   { -0.874736, -0.046286,  0.482384 },
					   {  0.458762, -0.399791,  0.793539 } }
		},
		userprops =
		{
			category = "Asteroid",
		}
	},

	{
		entity_name = "ambi_terrain_tiny_38",
		type = COMPOUND,
		template_name = "$terrain_tiny",
		lt_grp = 10, srt_grp = -50, usr_flg = 0,
		flags = LIT_DYNAMIC,
		spatialprops =
		{
			pos = { 512.6361, -1556.262, -469.9614 },
			orient = { { -0.794129,  0.034823,  0.606751 },
					   { -0.600364, -0.200113, -0.774285 },
					   {  0.094456, -0.979154,  0.179822 } }
		},
		userprops =
		{
			category = "Asteroid",
		}
	},

	{
		entity_name = "ambi_terrain_tiny_39",
		type = COMPOUND,
		template_name = "$terrain_tiny",
		lt_grp = 10, srt_grp = -50, usr_flg = 0,
		flags = LIT_DYNAMIC,
		spatialprops =
		{
			pos = { 437.6683, -694.6693, -1175.902 },
			orient = { { -0.225012,  0.144135, -0.963636 },
					   {  0.969426,  0.132484, -0.206548 },
					   {  0.097896, -0.980649, -0.169539 } }
		},
		userprops =
		{
			category = "Asteroid",
		}
	},

	{
		entity_name = "ambi_terrain_tiny_40",
		type = COMPOUND,
		template_name = "$terrain_tiny",
		lt_grp = 10, srt_grp = -50, usr_flg = 0,
		flags = LIT_DYNAMIC,
		spatialprops =
		{
			pos = { 764.0519, -383.1856, -1918.174 },
			orient = { {  0.651985,  0.440842, -0.616907 },
					   {  0.390507, -0.892639, -0.225168 },
					   { -0.649939, -0.094101, -0.754138 } }
		},
		userprops =
		{
			category = "Asteroid",
		}
	},

	{
		entity_name = "ambi_terrain_tiny_41",
		type = COMPOUND,
		template_name = "$terrain_tiny",
		lt_grp = 10, srt_grp = -50, usr_flg = 0,
		flags = LIT_DYNAMIC,
		spatialprops =
		{
			pos = { 1482.304, 888.5836, 813.2423 },
			orient = { {  0.207240,  0.276867,  0.938294 },
					   { -0.682451, -0.646284,  0.341434 },
					   {  0.700937, -0.711099,  0.055012 } }
		},
		userprops =
		{
			category = "Asteroid",
		}
	},

	{
		entity_name = "ambi_terrain_tiny_42",
		type = COMPOUND,
		template_name = "$terrain_tiny",
		lt_grp = 10, srt_grp = -50, usr_flg = 0,
		flags = LIT_DYNAMIC,
		spatialprops =
		{
			pos = { 1392.909, 645.7593, 1550.941 },
			orient = { {  0.446121, -0.759001,  0.474229 },
					   { -0.149268, -0.585561, -0.796767 },
					   {  0.882437,  0.284667, -0.374526 } }
		},
		userprops =
		{
			category = "Asteroid",
		}
	},

	{
		entity_name = "ambi_terrain_tiny_43",
		type = COMPOUND,
		template_name = "$terrain_tiny",
		lt_grp = 10, srt_grp = -50, usr_flg = 0,
		flags = LIT_DYNAMIC,
		spatialprops =
		{
			pos = { 616.8173, 124.7981, 2003.487 },
			orient = { {  0.384387,  0.902876, -0.192514 },
					   { -0.920673,  0.359583, -0.151859 },
					   { -0.067885,  0.235615,  0.969473 } }
		},
		userprops =
		{
			category = "Asteroid",
		}
	},

	{
		entity_name = "ambi_terrain_tiny_44",
		type = COMPOUND,
		template_name = "$terrain_tiny",
		lt_grp = 10, srt_grp = -50, usr_flg = 0,
		flags = LIT_DYNAMIC,
		spatialprops =
		{
			pos = { 1534.295, 1250.724, 45.35168 },
			orient = { {  0.583364, -0.784081,  0.211902 },
					   {  0.392493,  0.043732, -0.918715 },
					   {  0.711080,  0.619116,  0.333258 } }
		},
		userprops =
		{
			category = "Asteroid",
		}
	},

	{
		entity_name = "ambi_terrain_tiny_45",
		type = COMPOUND,
		template_name = "$terrain_tiny",
		lt_grp = 10, srt_grp = -50, usr_flg = 0,
		flags = LIT_DYNAMIC,
		spatialprops =
		{
			pos = { 1076.813, -1573.312, 1232.588 },
			orient = { { -0.068731, -0.899803,  0.430849 },
					   { -0.742245, -0.242444, -0.624735 },
					   {  0.666595, -0.362734, -0.651210 } }
		},
		userprops =
		{
			category = "Asteroid",
		}
	},

	{
		entity_name = "ambi_terrain_tiny_46",
		type = COMPOUND,
		template_name = "$terrain_tiny",
		lt_grp = 10, srt_grp = -50, usr_flg = 0,
		flags = LIT_DYNAMIC,
		spatialprops =
		{
			pos = { 1728.272, -156.1221, -1182.666 },
			orient = { { -0.910975, -0.129048,  0.391754 },
					   {  0.394494,  0.004680,  0.918887 },
					   { -0.120414,  0.991627,  0.046645 } }
		},
		userprops =
		{
			category = "Asteroid",
		}
	},

	{
		entity_name = "ambi_terrain_tiny_47",
		type = COMPOUND,
		template_name = "$terrain_tiny",
		lt_grp = 10, srt_grp = -50, usr_flg = 0,
		flags = LIT_DYNAMIC,
		spatialprops =
		{
			pos = { 1641.623, -901.6592, 454.767 },
			orient = { { -0.578120, -0.629313,  0.519367 },
					   { -0.211232, -0.499388, -0.840234 },
					   {  0.788136, -0.595463,  0.155775 } }
		},
		userprops =
		{
			category = "Asteroid",
		}
	},

	{
		entity_name = "ambi_terrain_tiny_48",
		type = COMPOUND,
		template_name = "$terrain_tiny",
		lt_grp = 10, srt_grp = -50, usr_flg = 0,
		flags = LIT_DYNAMIC,
		spatialprops =
		{
			pos = { 1175.431, 1405.435, 1198.492 },
			orient = { { -0.613276,  0.638921, -0.464406 },
					   { -0.711911, -0.192420,  0.675394 },
					   {  0.342162,  0.744819,  0.572862 } }
		},
		userprops =
		{
			category = "Asteroid",
		}
	},

	{
		entity_name = "ambi_terrain_tiny_49",
		type = COMPOUND,
		template_name = "$terrain_tiny",
		lt_grp = 10, srt_grp = -50, usr_flg = 0,
		flags = LIT_DYNAMIC,
		spatialprops =
		{
			pos = { 1419.602, 1233.092, -934.9943 },
			orient = { { -0.996022,  0.088492,  0.010474 },
					   { -0.016760, -0.301473,  0.953327 },
					   {  0.087520,  0.949359,  0.301757 } }
		},
		userprops =
		{
			category = "Asteroid",
		}
	},

	{
		entity_name = "ambi_terrain_tiny_50",
		type = COMPOUND,
		template_name = "$terrain_tiny",
		lt_grp = 10, srt_grp = -50, usr_flg = 0,
		flags = LIT_DYNAMIC,
		spatialprops =
		{
			pos = { 560.2048, 1419.698, -914.5341 },
			orient = { {  0.264730, -0.087536, -0.960341 },
					   {  0.567838,  0.819059,  0.081874 },
					   {  0.779409, -0.566993,  0.266536 } }
		},
		userprops =
		{
			category = "Asteroid",
		}
	},

	{
		entity_name = "ambi_terrain_sml_01",
		type = COMPOUND,
		template_name = "$terrain_sml",
		lt_grp = 10, srt_grp = -50, usr_flg = 0,
		flags = LIT_DYNAMIC,
		spatialprops =
		{
			pos = { 2001.789, 73.86203, -630.3841 },
			orient = { { -0.634549, -0.551737, -0.541233 },
					   {  0.624134,  0.047229, -0.779889 },
					   {  0.455855, -0.832680,  0.314389 } }
		},
		userprops =
		{
			category = "Asteroid",
		}
	},

	{
		entity_name = "ambi_terrain_sml_02",
		type = COMPOUND,
		template_name = "$terrain_sml",
		lt_grp = 10, srt_grp = -50, usr_flg = 0,
		flags = LIT_DYNAMIC,
		spatialprops =
		{
			pos = { 1765.549, 304.9474, -671.5056 },
			orient = { { -0.965620, -0.246608, -0.082230 },
					   {  0.210877, -0.558116, -0.802520 },
					   {  0.152014, -0.792270,  0.590932 } }
		},
		userprops =
		{
			category = "Asteroid",
		}
	},

	{
		entity_name = "ambi_terrain_sml_03",
		type = COMPOUND,
		template_name = "$terrain_sml",
		lt_grp = 10, srt_grp = -50, usr_flg = 0,
		flags = LIT_DYNAMIC,
		spatialprops =
		{
			pos = { 2220.363, 311.3485, -131.7138 },
			orient = { { -0.577818, -0.448408, -0.681951 },
					   {  0.637878,  0.273139, -0.720074 },
					   {  0.509154, -0.851073,  0.128205 } }
		},
		userprops =
		{
			category = "Asteroid",
		}
	},

	{
		entity_name = "ambi_terrain_sml_04",
		type = COMPOUND,
		template_name = "$terrain_sml",
		lt_grp = 10, srt_grp = -50, usr_flg = 0,
		flags = LIT_DYNAMIC,
		spatialprops =
		{
			pos = { 1927.223, 804.64, 219.9202 },
			orient = { { -0.965990,  0.057399, -0.252130 },
					   { -0.178758,  0.556304,  0.811524 },
					   {  0.186841,  0.828994, -0.527124 } }
		},
		userprops =
		{
			category = "Asteroid",
		}
	},

	{
		entity_name = "ambi_terrain_sml_05",
		type = COMPOUND,
		template_name = "$terrain_sml",
		lt_grp = 10, srt_grp = -50, usr_flg = 0,
		flags = LIT_DYNAMIC,
		spatialprops =
		{
			pos = { 1697.037, 126.4382, 544.5257 },
			orient = { { -0.838668, -0.126756, -0.529687 },
					   { -0.464204,  0.675032,  0.573451 },
					   {  0.284867,  0.726819, -0.624968 } }
		},
		userprops =
		{
			category = "Asteroid",
		}
	},

	{
		entity_name = "ambi_terrain_sml_06",
		type = COMPOUND,
		template_name = "$terrain_sml",
		lt_grp = 10, srt_grp = -50, usr_flg = 0,
		flags = LIT_DYNAMIC,
		spatialprops =
		{
			pos = { 2414.976, -452.0153, 210.5189 },
			orient = { { -0.415702, -0.678889,  0.605229 },
					   {  0.220740,  0.570244,  0.791262 },
					   { -0.882307,  0.462527, -0.087193 } }
		},
		userprops =
		{
			category = "Asteroid",
		}
	},

	{
		entity_name = "ambi_terrain_sml_07",
		type = COMPOUND,
		template_name = "$terrain_sml",
		lt_grp = 10, srt_grp = -50, usr_flg = 0,
		flags = LIT_DYNAMIC,
		spatialprops =
		{
			pos = { 1957.275, -616.8905, -445.5574 },
			orient = { { -0.044742,  0.014453, -0.998894 },
					   {  0.502269,  0.864654, -0.009987 },
					   {  0.863553, -0.502160, -0.045946 } }
		},
		userprops =
		{
			category = "Asteroid",
		}
	},

	{
		entity_name = "ambi_terrain_sml_08",
		type = COMPOUND,
		template_name = "$terrain_sml",
		lt_grp = 10, srt_grp = -50, usr_flg = 0,
		flags = LIT_DYNAMIC,
		spatialprops =
		{
			pos = { 1870.028, -396.8285, 514.785 },
			orient = { { -0.262067, -0.602144,  0.754151 },
					   { -0.330407,  0.790219,  0.516125 },
					   { -0.906726, -0.113918, -0.406043 } }
		},
		userprops =
		{
			category = "Asteroid",
		}
	},

	{
		entity_name = "ambi_terrain_sml_09",
		type = COMPOUND,
		template_name = "$terrain_sml",
		lt_grp = 10, srt_grp = -50, usr_flg = 0,
		flags = LIT_DYNAMIC,
		spatialprops =
		{
			pos = { 2082.07, -1045.956, -652.9695 },
			orient = { { -0.806834, -0.538010, -0.244058 },
					   { -0.439238,  0.822560, -0.361200 },
					   {  0.395081, -0.184229, -0.899984 } }
		},
		userprops =
		{
			category = "Asteroid",
		}
	},

	{
		entity_name = "ambi_terrain_sml_10",
		type = COMPOUND,
		template_name = "$terrain_sml",
		lt_grp = 10, srt_grp = -50, usr_flg = 0,
		flags = LIT_DYNAMIC,
		spatialprops =
		{
			pos = { 1447.408, -742.5633, -1328.009 },
			orient = { { -0.025691,  0.657743, -0.752804 },
					   {  0.730981, -0.501327, -0.462967 },
					   { -0.681914, -0.562180, -0.467918 } }
		},
		userprops =
		{
			category = "Asteroid",
		}
	},

	{
		entity_name = "ambi_terrain_sml_11",
		type = COMPOUND,
		template_name = "$terrain_sml",
		lt_grp = 10, srt_grp = -50, usr_flg = 0,
		flags = LIT_DYNAMIC,
		spatialprops =
		{
			pos = { 1336.307, 157.1066, -1180.95 },
			orient = { { -0.737003, -0.297596, -0.606846 },
					   {  0.675062, -0.368502, -0.639138 },
					   { -0.033419, -0.880706,  0.472483 } }
		},
		userprops =
		{
			category = "Asteroid",
		}
	},

	{
		entity_name = "ambi_terrain_sml_12",
		type = COMPOUND,
		template_name = "$terrain_sml",
		lt_grp = 10, srt_grp = -50, usr_flg = 0,
		flags = LIT_DYNAMIC,
		spatialprops =
		{
			pos = { 1515.571, 797.0125, -1394.317 },
			orient = { { -0.584242,  0.042907, -0.810445 },
					   {  0.586977, -0.667279, -0.458473 },
					   { -0.560464, -0.743571,  0.364667 } }
		},
		userprops =
		{
			category = "Asteroid",
		}
	},

	{
		entity_name = "ambi_terrain_sml_13",
		type = COMPOUND,
		template_name = "$terrain_sml",
		lt_grp = 10, srt_grp = -50, usr_flg = 0,
		flags = LIT_DYNAMIC,
		spatialprops =
		{
			pos = { 1097.669, 1352.648, -1172.802 },
			orient = { { -0.115733, -0.509741, -0.852508 },
					   {  0.462424, -0.787242,  0.407939 },
					   { -0.879073, -0.347008,  0.326826 } }
		},
		userprops =
		{
			category = "Asteroid",
		}
	},

	{
		entity_name = "ambi_terrain_sml_14",
		type = COMPOUND,
		template_name = "$terrain_sml",
		lt_grp = 10, srt_grp = -50, usr_flg = 0,
		flags = LIT_DYNAMIC,
		spatialprops =
		{
			pos = { 1178.552, 1385.911, -533.5435 },
			orient = { { -0.316052, -0.694059, -0.646834 },
					   {  0.944990, -0.169720, -0.279624 },
					   {  0.084295, -0.699627,  0.709518 } }
		},
		userprops =
		{
			category = "Asteroid",
		}
	},

	{
		entity_name = "ambi_terrain_sml_15",
		type = COMPOUND,
		template_name = "$terrain_sml",
		lt_grp = 10, srt_grp = -50, usr_flg = 0,
		flags = LIT_DYNAMIC,
		spatialprops =
		{
			pos = { 1370.361, 1785.563, 382.2396 },
			orient = { { -0.453197, -0.071361,  0.888549 },
					   {  0.792508,  0.424087,  0.438271 },
					   { -0.408098,  0.902805, -0.135641 } }
		},
		userprops =
		{
			category = "Asteroid",
		}
	},

	{
		entity_name = "ambi_terrain_sml_16",
		type = COMPOUND,
		template_name = "$terrain_sml",
		lt_grp = 10, srt_grp = -50, usr_flg = 0,
		flags = LIT_DYNAMIC,
		spatialprops =
		{
			pos = { 1220.207, 845.7639, 862.4786 },
			orient = { {  0.512993, -0.737853,  0.438647 },
					   {  0.851251,  0.503067, -0.149315 },
					   { -0.110496,  0.449996,  0.886168 } }
		},
		userprops =
		{
			category = "Asteroid",
		}
	},

	{
		entity_name = "ambi_terrain_sml_17",
		type = COMPOUND,
		template_name = "$terrain_sml",
		lt_grp = 10, srt_grp = -50, usr_flg = 0,
		flags = LIT_DYNAMIC,
		spatialprops =
		{
			pos = { 1717.723, 354.8378, 1455.426 },
			orient = { { -0.132839, -0.693205, -0.708393 },
					   { -0.869108,  0.425046, -0.252956 },
					   {  0.476450,  0.582068, -0.658933 } }
		},
		userprops =
		{
			category = "Asteroid",
		}
	},

	{
		entity_name = "ambi_terrain_sml_18",
		type = COMPOUND,
		template_name = "$terrain_sml",
		lt_grp = 10, srt_grp = -50, usr_flg = 0,
		flags = LIT_DYNAMIC,
		spatialprops =
		{
			pos = { 1405.546, -668.0861, 1410.001 },
			orient = { { -0.210032, -0.368876,  0.905438 },
					   { -0.640377,  0.751698,  0.157696 },
					   { -0.738786, -0.546700, -0.394100 } }
		},
		userprops =
		{
			category = "Asteroid",
		}
	},

	{
		entity_name = "ambi_terrain_sml_19",
		type = COMPOUND,
		template_name = "$terrain_sml",
		lt_grp = 10, srt_grp = -50, usr_flg = 0,
		flags = LIT_DYNAMIC,
		spatialprops =
		{
			pos = { 1523.769, -948.3344, 279.376 },
			orient = { { -0.311519, -0.462448, -0.830119 },
					   { -0.072293,  0.882591, -0.464550 },
					   {  0.947486, -0.084704, -0.308375 } }
		},
		userprops =
		{
			category = "Asteroid",
		}
	},

	{
		entity_name = "ambi_terrain_sml_20",
		type = COMPOUND,
		template_name = "$terrain_sml",
		lt_grp = 10, srt_grp = -50, usr_flg = 0,
		flags = LIT_DYNAMIC,
		spatialprops =
		{
			pos = { 1606.383, -1754.916, -669.2479 },
			orient = { { -0.319329, -0.814434, -0.484485 },
					   {  0.839636, -0.006126, -0.543115 },
					   {  0.439364, -0.580223,  0.685784 } }
		},
		userprops =
		{
			category = "Asteroid",
		}
	},

	{
		entity_name = "ambi_terrain_sml_21",
		type = COMPOUND,
		template_name = "$terrain_sml",
		lt_grp = 10, srt_grp = -50, usr_flg = 0,
		flags = LIT_DYNAMIC,
		spatialprops =
		{
			pos = { 924.3071, -1275.147, -1389.12 },
			orient = { {  0.139140,  0.904789, -0.402489 },
					   { -0.985611,  0.165922,  0.032265 },
					   {  0.095975,  0.392209,  0.914856 } }
		},
		userprops =
		{
			category = "Asteroid",
		}
	},

	{
		entity_name = "ambi_terrain_sml_22",
		type = COMPOUND,
		template_name = "$terrain_sml",
		lt_grp = 10, srt_grp = -50, usr_flg = 0,
		flags = LIT_DYNAMIC,
		spatialprops =
		{
			pos = { 579.7333, -622.8989, -1676.488 },
			orient = { { -0.618219,  0.597856, -0.510268 },
					   {  0.210395, -0.499631, -0.840299 },
					   { -0.757324, -0.626847,  0.183095 } }
		},
		userprops =
		{
			category = "Asteroid",
		}
	},

	{
		entity_name = "ambi_terrain_sml_23",
		type = COMPOUND,
		template_name = "$terrain_sml",
		lt_grp = 10, srt_grp = -50, usr_flg = 0,
		flags = LIT_DYNAMIC,
		spatialprops =
		{
			pos = { 1216.595, 379.4429, -1877.135 },
			orient = { {  0.429773, -0.701106, -0.568987 },
					   {  0.761762, -0.056793,  0.645362 },
					   { -0.484781, -0.710792,  0.509668 } }
		},
		userprops =
		{
			category = "Asteroid",
		}
	},

	{
		entity_name = "ambi_terrain_sml_24",
		type = COMPOUND,
		template_name = "$terrain_sml",
		lt_grp = 10, srt_grp = -50, usr_flg = 0,
		flags = LIT_DYNAMIC,
		spatialprops =
		{
			pos = { 709.3549, 772.806, -1819.227 },
			orient = { { -0.682176, -0.506348, -0.527491 },
					   { -0.381179, -0.369359,  0.847512 },
					   { -0.623970,  0.779221,  0.058958 } }
		},
		userprops =
		{
			category = "Asteroid",
		}
	},

	{
		entity_name = "ambi_terrain_sml_25",
		type = COMPOUND,
		template_name = "$terrain_sml",
		lt_grp = 10, srt_grp = -50, usr_flg = 0,
		flags = LIT_DYNAMIC,
		spatialprops =
		{
			pos = { 690.4948, 1707.733, -201.6761 },
			orient = { { -0.875560, -0.482334,  0.027373 },
					   { -0.236659,  0.378820, -0.894700 },
					   {  0.421175, -0.789841, -0.445828 } }
		},
		userprops =
		{
			category = "Asteroid",
		}
	},

	{
		entity_name = "ambi_terrain_sml_26",
		type = COMPOUND,
		template_name = "$terrain_sml",
		lt_grp = 10, srt_grp = -50, usr_flg = 0,
		flags = LIT_DYNAMIC,
		spatialprops =
		{
			pos = { 1001.7, 2071.511, 420.2136 },
			orient = { {  0.557580,  0.720005, -0.413156 },
					   { -0.826541,  0.527716, -0.195822 },
					   {  0.077036,  0.450676,  0.889357 } }
		},
		userprops =
		{
			category = "Asteroid",
		}
	},

	{
		entity_name = "ambi_terrain_sml_27",
		type = COMPOUND,
		template_name = "$terrain_sml",
		lt_grp = 10, srt_grp = -50, usr_flg = 0,
		flags = LIT_DYNAMIC,
		spatialprops =
		{
			pos = { 994.8293, 1495.258, 1088.355 },
			orient = { { -0.874857,  0.193056,  0.444247 },
					   { -0.450206,  0.014307, -0.892810 },
					   { -0.178718, -0.981083,  0.074398 } }
		},
		userprops =
		{
			category = "Asteroid",
		}
	},

	{
		entity_name = "ambi_terrain_sml_28",
		type = COMPOUND,
		template_name = "$terrain_sml",
		lt_grp = 10, srt_grp = -50, usr_flg = 0,
		flags = LIT_DYNAMIC,
		spatialprops =
		{
			pos = { 734.8319, 931.3317, 1512.79 },
			orient = { { -0.323790, -0.419573, -0.848008 },
					   { -0.564290,  0.805069, -0.182868 },
					   {  0.759432,  0.419312, -0.497434 } }
		},
		userprops =
		{
			category = "Asteroid",
		}
	},

	{
		entity_name = "ambi_terrain_sml_29",
		type = COMPOUND,
		template_name = "$terrain_sml",
		lt_grp = 10, srt_grp = -50, usr_flg = 0,
		flags = LIT_DYNAMIC,
		spatialprops =
		{
			pos = { 787.6825, -117.1592, 2169.616 },
			orient = { { -0.499752, -0.753662,  0.426898 },
					   { -0.846958,  0.321973, -0.423078 },
					   {  0.181408, -0.572999, -0.799227 } }
		},
		userprops =
		{
			category = "Asteroid",
		}
	},

	{
		entity_name = "ambi_terrain_sml_30",
		type = COMPOUND,
		template_name = "$terrain_sml",
		lt_grp = 10, srt_grp = -50, usr_flg = 0,
		flags = LIT_DYNAMIC,
		spatialprops =
		{
			pos = { 887.9481, -1172.689, 1498.782 },
			orient = { { -0.529662,  0.836896,  0.138069 },
					   { -0.094613,  0.103469, -0.990123 },
					   { -0.842915, -0.537494,  0.024377 } }
		},
		userprops =
		{
			category = "Asteroid",
		}
	},

	{
		entity_name = "ambi_terrain_sml_31",
		type = COMPOUND,
		template_name = "$terrain_sml",
		lt_grp = 10, srt_grp = -50, usr_flg = 0,
		flags = LIT_DYNAMIC,
		spatialprops =
		{
			pos = { 1035.646, -1149.233, 864.1835 },
			orient = { { -0.889033, -0.023910,  0.457218 },
					   { -0.329909, -0.658979, -0.675949 },
					   {  0.317459, -0.751781,  0.577966 } }
		},
		userprops =
		{
			category = "Asteroid",
		}
	},

	{
		entity_name = "ambi_terrain_sml_32",
		type = COMPOUND,
		template_name = "$terrain_sml",
		lt_grp = 10, srt_grp = -50, usr_flg = 0,
		flags = LIT_DYNAMIC,
		spatialprops =
		{
			pos = { 1405.733, -2053.205, -76.11176 },
			orient = { { -0.752720, -0.323534, -0.573358 },
					   {  0.568913, -0.757922, -0.319205 },
					   { -0.331288, -0.566463,  0.754565 } }
		},
		userprops =
		{
			category = "Asteroid",
		}
	},

	{
		entity_name = "ambi_terrain_sml_33",
		type = COMPOUND,
		template_name = "$terrain_sml",
		lt_grp = 10, srt_grp = -50, usr_flg = 0,
		flags = LIT_DYNAMIC,
		spatialprops =
		{
			pos = { 1070.567, -794.6625, -1622.466 },
			orient = { { -0.742901,  0.320524, -0.587675 },
					   {  0.644187,  0.580997, -0.497459 },
					   {  0.181991, -0.748136, -0.638101 } }
		},
		userprops =
		{
			category = "Asteroid",
		}
	},

	{
		entity_name = "ambi_terrain_sml_34",
		type = COMPOUND,
		template_name = "$terrain_sml",
		lt_grp = 10, srt_grp = -50, usr_flg = 0,
		flags = LIT_DYNAMIC,
		spatialprops =
		{
			pos = { 1025.927, -1334.802, 233.0993 },
			orient = { {  0.504620, -0.273133, -0.818998 },
					   { -0.315068,  0.824949, -0.469245 },
					   {  0.803798,  0.494830,  0.330231 } }
		},
		userprops =
		{
			category = "Asteroid",
		}
	},

	{
		entity_name = "ambi_terrain_sml_35",
		type = COMPOUND,
		template_name = "$terrain_sml",
		lt_grp = 10, srt_grp = -50, usr_flg = 0,
		flags = LIT_DYNAMIC,
		spatialprops =
		{
			pos = { 805.7336, 64.74785, -2076.713 },
			orient = { { -0.446392, -0.342577, -0.826665 },
					   {  0.756399, -0.638056, -0.144033 },
					   { -0.478117, -0.689584,  0.543948 } }
		},
		userprops =
		{
			category = "Asteroid",
		}
	},

	{
		entity_name = "ambi_terrain_sml_36",
		type = COMPOUND,
		template_name = "$terrain_sml",
		lt_grp = 10, srt_grp = -50, usr_flg = 0,
		flags = LIT_DYNAMIC,
		spatialprops =
		{
			pos = { 1677.86, 1201.193, -389.7712 },
			orient = { { -0.472793,  0.880285,  0.039554 },
					   {  0.583957,  0.279391,  0.762191 },
					   {  0.659894,  0.383457, -0.646143 } }
		},
		userprops =
		{
			category = "Asteroid",
		}
	},

	{
		entity_name = "ambi_terrain_sml_37",
		type = COMPOUND,
		template_name = "$terrain_sml",
		lt_grp = 10, srt_grp = -50, usr_flg = 0,
		flags = LIT_DYNAMIC,
		spatialprops =
		{
			pos = { 1422.588, 1178.41, 370.0594 },
			orient = { { -0.586805,  0.542484, -0.601142 },
					   { -0.771214, -0.600673,  0.210760 },
					   { -0.246756,  0.587284,  0.770849 } }
		},
		userprops =
		{
			category = "Asteroid",
		}
	},

	{
		entity_name = "ambi_terrain_sml_38",
		type = COMPOUND,
		template_name = "$terrain_sml",
		lt_grp = 10, srt_grp = -50, usr_flg = 0,
		flags = LIT_DYNAMIC,
		spatialprops =
		{
			pos = { 1638.579, -103.4341, 1696.262 },
			orient = { { -0.628154, -0.152634,  0.762972 },
					   { -0.049268,  0.986405,  0.156771 },
					   { -0.776528,  0.060886, -0.627134 } }
		},
		userprops =
		{
			category = "Asteroid",
		}
	},

	{
		entity_name = "ambi_terrain_sml_39",
		type = COMPOUND,
		template_name = "$terrain_sml",
		lt_grp = 10, srt_grp = -50, usr_flg = 0,
		flags = LIT_DYNAMIC,
		spatialprops =
		{
			pos = { 691.4528, -1665.305, 1076.407 },
			orient = { { -0.673366,  0.439724, -0.594325 },
					   { -0.327227, -0.898127, -0.293753 },
					   { -0.662949, -0.003324,  0.748657 } }
		},
		userprops =
		{
			category = "Asteroid",
		}
	},

	{
		entity_name = "ambi_terrain_sml_40",
		type = COMPOUND,
		template_name = "$terrain_sml",
		lt_grp = 10, srt_grp = -50, usr_flg = 0,
		flags = LIT_DYNAMIC,
		spatialprops =
		{
			pos = { 589.9039, -1406.081, -871.9686 },
			orient = { { -0.952942,  0.290974, -0.085065 },
					   {  0.135814,  0.158902, -0.977908 },
					   { -0.271029, -0.943443, -0.190943 } }
		},
		userprops =
		{
			category = "Asteroid",
		}
	},

	{
		entity_name = "ambi_terrain_sml_41",
		type = COMPOUND,
		template_name = "$terrain_sml",
		lt_grp = 10, srt_grp = -50, usr_flg = 0,
		flags = LIT_DYNAMIC,
		spatialprops =
		{
			pos = { 1916.059, 1094.733, -96.73222 },
			orient = { { -0.441516, -0.627638, -0.641198 },
					   {  0.748620, -0.651613,  0.122348 },
					   { -0.494603, -0.425995,  0.757559 } }
		},
		userprops =
		{
			category = "Asteroid",
		}
	},

	{
		entity_name = "ambi_terrain_sml_42",
		type = COMPOUND,
		template_name = "$terrain_sml",
		lt_grp = 10, srt_grp = -50, usr_flg = 0,
		flags = LIT_DYNAMIC,
		spatialprops =
		{
			pos = { 845.1364, -720.498, 1782.31 },
			orient = { { -0.667026,  0.089021, -0.739697 },
					   { -0.389257,  0.804910,  0.447884 },
					   {  0.635260,  0.586682, -0.502244 } }
		},
		userprops =
		{
			category = "Asteroid",
		}
	},

	{
		entity_name = "ambi_terrain_sml_43",
		type = COMPOUND,
		template_name = "$terrain_sml",
		lt_grp = 10, srt_grp = -50, usr_flg = 0,
		flags = LIT_DYNAMIC,
