duration = 5.281;

entities =
{

	{
		entity_name = "Layer_Br_02_Shipdlr_enter",
		type = SCENE,
		template_name = "",
		lt_grp = 0, srt_grp = 0, usr_flg = 0,
		spatialprops =
		{
			pos = { 0, 0, 0 },
			orient = { { 1, 0, 0 }, { 0, 1, 0 }, { 0, 0, 1 } }
		},
		up = Y_AXIS,
		front = Z_AXIS,
		ambient = { 0, 0, 0 }
	},

	{
		entity_name = "Monitor_Enter",
		type = MONITOR,
		template_name = "",
		lt_grp = 0, srt_grp = 0, usr_flg = 0
	},

	{
		entity_name = "Camera_Enter",
		type = CAMERA,
		template_name = "",
		lt_grp = 0, srt_grp = 0, usr_flg = 0,
		spatialprops =
		{
			pos = { 16.60137, 11.27807, -14.48707 },
			orient = { { -0.871440,  0.000000,  0.490502 },
					   {  0.079451,  0.986794,  0.141156 },
					   { -0.484024,  0.161980, -0.859932 } }
		},
		cameraprops =
		{
			fovh = 30,
			hvaspect = 1.85,
			nearplane = 0.3,
			farplane = 200
		}
	},

	{
		entity_name = "char_trent",
		type = DEFORMABLE,
		template_name = "trent",
		lt_grp = 0, srt_grp = 0, usr_flg = 0,
		flags = LIT_DYNAMIC,
		spatialprops =
		{
			pos = { 7.884517, 0, -23.42538 },
			orient = { { -0.816287,  0.000000,  0.577647 },
					   {  0.000000,  1.000000,  0.000000 },
					   { -0.577647,  0.000000, -0.816287 } }
		},
		compoundprops =
		{
			floor_height = 0
		},
		userprops =
		{
			Actor = "Player",
			category = "Character",
		}
	},

	{
		entity_name = "Camera_Enter_0_End",
		type = CAMERA,
		template_name = "",
		lt_grp = 0, srt_grp = 0, usr_flg = 0,
		spatialprops =
		{
			pos = { 12.00036, 1.519555, -23.49791 },
			orient = { { -0.627241,  0.000000, -0.778825 },
					   {  0.054051,  0.997589, -0.043531 },
					   {  0.776947, -0.069401, -0.625729 } }
		},
		cameraprops =
		{
			fovh = 30,
			hvaspect = 1.85,
			nearplane = 0.3,
			farplane = 200
		}
	}
};

events =
{
	{
		0.000, SET_CAMERA, { "Monitor_Enter", "Camera_Enter" }
	},

	{
		0.000, START_SPATIAL_PROP_ANIM, { "Camera_Enter", "Camera_Enter_0_End" },
		{
			duration = 3.500,
			target_part = "",
			target_type = ROOT,
			spatialprops =
			{
				pos = { 12.00036, 1.519555, -23.49791 },
				q_orient = { -0.627241, 0, -0.778825, 0.054051 }
			},
			param_curve =
			{
				CLSID = "FreeFormPCurve",
				points =
				{
					{  0.000000,  0.000000,  0.000000,  0.000000 },
					{  1.000000,  1.000000,  0.000000,  0.000000 },
				}
			},
			pcurve_period = -1000
		}
	},

	{
		2.062, START_MOTION, { "char_trent" },
		{
			animation = "Sc_MLBODY_WALK_STND_TRNS_000LV_XA_02",
			duration = 2.400,
			time_scale = 1,
			weight = 1,
			heading = -1
		}
	},

	{
		4.467, START_MOTION, { "char_trent" },
		{
			animation = "Sc_MLBODY_STND_IDLE_000LV_xa_04",
			duration = 7.466,
			time_scale = 1,
			weight = 1,
			heading = -1
		}
	}
};
