duration = 20.000;

entities =
{

	{
		entity_name = "Layer_br_01_Shipdlr_Hardpoint_Layer",
		type = SCENE,
		template_name = "",
		lt_grp = 0, srt_grp = 0, usr_flg = 0,
		spatialprops =
		{
			pos = { 0, 0, 0 },
			orient = { { 1, 0, 0 }, { 0, 1, 0 }, { 0, 0, 1 } }
		},
		up = Y_AXIS,
		front = Z_AXIS,
		ambient = { 0, 0, 0 }
	},

	{
		entity_name = "X/Shipcentre/01",
		type = MARKER,
		template_name = "",
		lt_grp = 0, srt_grp = 0, usr_flg = 0,
		spatialprops =
		{
			pos = { 14.58822, 3.94794, 5.530665 },
			orient = { {  0.547948,  0.000000, -0.836512 },
					   {  0.000000,  1.000000,  0.000000 },
					   {  0.836512,  0.000000,  0.547948 } }
		}
	},

	{
		entity_name = "Zs/NPC/Shipdealer/01/A/Stand",
		type = MARKER,
		template_name = "",
		lt_grp = 0, srt_grp = 0, usr_flg = 0,
		spatialprops =
		{
			pos = { -0.906647, 0, 9.030462 },
			orient = { {  0.662411,  0.000000,  0.749141 },
					   {  0.000000,  1.000000,  0.000000 },
					   { -0.749141,  0.000000,  0.662411 } }
		}
	},

	{
		entity_name = "Zg/PC/Player/01/A/Stand",
		type = MARKER,
		template_name = "",
		lt_grp = 0, srt_grp = 0, usr_flg = 0,
		spatialprops =
		{
			pos = { 0.173174, 0, 8.272089 },
			orient = { { -0.331927,  0.000000, -0.943305 },
					   {  0.000000,  1.000000,  0.000000 },
					   {  0.943305,  0.000000, -0.331927 } }
		}
	},

	{
		entity_name = "X/Shipcentre/02",
		type = MARKER,
		template_name = "",
		lt_grp = 0, srt_grp = 0, usr_flg = 0,
		spatialprops =
		{
			pos = { -0.001872, 1.560074, 30.49602 },
			orient = { {  0.720848,  0.000000, -0.693093 },
					   {  0.000000,  1.000000,  0.000000 },
					   {  0.693093,  0.000000,  0.720848 } }
		}
	},

	{
		entity_name = "X/Shipcentre/03",
		type = MARKER,
		template_name = "",
		lt_grp = 0, srt_grp = 0, usr_flg = 0,
		spatialprops =
		{
			pos = { -14.54266, 3.951979, 5.535014 },
			orient = { {  0.522962,  0.000000,  0.852356 },
					   {  0.000000,  1.000000,  0.000000 },
					   { -0.852356,  0.000000,  0.522962 } }
		}
	},

	{
		entity_name = "Camera_0",
		type = CAMERA,
		template_name = "",
		lt_grp = 0, srt_grp = 0, usr_flg = 0,
		spatialprops =
		{
			pos = { -3.288454, 4.150611, -4.925756 },
			orient = { { -0.998686,  0.000001,  0.051252 },
					   {  0.002889,  0.998411,  0.056284 },
					   { -0.051170,  0.056358, -0.997098 } }
		},
		cameraprops =
		{
			fovh = 31,
			hvaspect = 1.333333,
			nearplane = 0.3,
			farplane = 4000
		}
	},

	{
		entity_name = "Zg/NPC/mFloor2/01/A/Stand",
		type = MARKER,
		template_name = "",
		lt_grp = 0, srt_grp = 0, usr_flg = 0,
		spatialprops =
		{
			pos = { -5.099954, 0, 15.73724 },
			orient = { {  0.287503,  0.000000,  0.957780 },
					   {  0.000000,  1.000000,  0.000000 },
					   { -0.957780,  0.000000,  0.287503 } }
		}
	},

	{
		entity_name = "Zg/NPC/mFloor2/02/A/Stand",
		type = MARKER,
		template_name = "",
		lt_grp = 0, srt_grp = 0, usr_flg = 0,
		spatialprops =
		{
			pos = { 3.523019, 0, 14.26647 },
			orient = { {  0.897942,  0.000000,  0.440113 },
					   {  0.000000,  1.000000,  0.000000 },
					   { -0.440113,  0.000000,  0.897942 } }
		}
	},

	{
		entity_name = "Zs/NPC/mFloor2/02/B/Stand",
		type = MARKER,
		template_name = "",
		lt_grp = 0, srt_grp = 0, usr_flg = 0,
		spatialprops =
		{
			pos = { 5.065935, 0, 14.31436 },
			orient = { {  0.280728,  0.000000, -0.959787 },
					   {  0.000000,  1.000000,  0.000000 },
					   {  0.959787,  0.000000,  0.280728 } }
		}
	},

	{
		entity_name = "Zs/NPC/mFloor2/01/B/Stand",
		type = MARKER,
		template_name = "",
		lt_grp = 0, srt_grp = 0, usr_flg = 0,
		spatialprops =
		{
			pos = { -3.700912, 0, 16.85775 },
			orient = { {  0.941189,  0.000000, -0.337881 },
					   {  0.000000,  1.000000,  0.000000 },
					   {  0.337881,  0.000000,  0.941189 } }
		}
	},

	{
		entity_name = "Camera_Ship_1",
		type = CAMERA,
		template_name = "",
		lt_grp = 0, srt_grp = 0, usr_flg = 0,
		spatialprops =
		{
			pos = { 9.020385, 13.44624, -12.78118 },
			orient = { { -0.960274,  0.000000,  0.279060 },
					   {  0.031053,  0.993790,  0.106855 },
					   { -0.277326,  0.111276, -0.954310 } }
		},
		cameraprops =
		{
			fovh = 31,
			hvaspect = 1.333333,
			nearplane = 0.3,
			farplane = 4000
		}
	},

	{
		entity_name = "Camera_Ship_3",
		type = CAMERA,
		template_name = "",
		lt_grp = 0, srt_grp = 0, usr_flg = 0,
		spatialprops =
		{
			pos = { 0.139425, 13.66031, 0.048794 },
			orient = { { -0.999987,  0.000000, -0.005097 },
					   { -0.000016,  0.999995,  0.003158 },
					   {  0.005097,  0.003158, -0.999982 } }
		},
		cameraprops =
		{
			fovh = 31,
			hvaspect = 1.333333,
			nearplane = 0.3,
			farplane = 4000
		}
	},

	{
		entity_name = "Camera_Ship_2",
		type = CAMERA,
		template_name = "",
		lt_grp = 0, srt_grp = 0, usr_flg = 0,
		spatialprops =
		{
			pos = { -7.710969, 15.84167, -14.34766 },
			orient = { { -0.958987,  0.000000, -0.283449 },
					   { -0.044962,  0.987339,  0.152118 },
					   {  0.279860,  0.158624, -0.946846 } }
		},
		cameraprops =
		{
			fovh = 31,
			hvaspect = 1.333333,
			nearplane = 0.3,
			farplane = 4000
		}
	},

	{
		entity_name = "Zs/NPC/mFloor2/01/P2/Stand",
		type = MARKER,
		template_name = "",
		lt_grp = 0, srt_grp = 0, usr_flg = 0,
		spatialprops =
		{
			pos = { -3.825886, 0, 15.46627 },
			orient = { {  0.093930,  0.000000, -0.995579 },
					   {  0.000000,  1.000000,  0.000000 },
					   {  0.995579,  0.000000,  0.093930 } }
		}
	},

	{
		entity_name = "Zs/NPC/mFloor2/01/P/Stand",
		type = MARKER,
		template_name = "",
		lt_grp = 0, srt_grp = 0, usr_flg = 0,
		spatialprops =
		{
			pos = { -3.312056, -0.0054, 15.47417 },
			orient = { {  0.093930,  0.000000, -0.995579 },
					   {  0.000000,  1.000000,  0.000000 },
					   {  0.995579,  0.000000,  0.093930 } }
		}
	},

	{
		entity_name = "Zs/NPC/mFloor2/01/AC2/Camera",
		type = CAMERA,
		template_name = "",
		lt_grp = 0, srt_grp = 0, usr_flg = 0,
		flags = HIDDEN,
		spatialprops =
		{
			pos = { -3.829263, 1.651759, 14.27371 },
			orient = { { -0.930021,  0.000000, -0.367505 },
					   { -0.049273,  0.990971,  0.124692 },
					   {  0.364187,  0.134075, -0.921625 } }
		},
		cameraprops =
		{
			fovh = 30,
			hvaspect = 1.85,
			nearplane = 0.3,
			farplane = 4000
		}
	},

	{
		entity_name = "Zs/NPC/mFloor2/01/ACOH/Camera",
		type = CAMERA,
		template_name = "",
		lt_grp = 0, srt_grp = 0, usr_flg = 0,
		flags = HIDDEN,
		spatialprops =
		{
			pos = { -3.554075, 1.726569, 14.98823 },
			orient = { { -0.647127,  0.000000, -0.762382 },
					   { -0.133098,  0.984643,  0.112976 },
					   {  0.750674,  0.174581, -0.637189 } }
		},
		cameraprops =
		{
			fovh = 25,
			hvaspect = 1.85,
			nearplane = 0.3,
			farplane = 4000
		}
	},

	{
		entity_name = "Zs/NPC/mFloor2/01/ACS/Camera",
		type = CAMERA,
		template_name = "",
		lt_grp = 0, srt_grp = 0, usr_flg = 0,
		flags = HIDDEN,
		spatialprops =
		{
			pos = { -4.033476, 1.62774, 15.05718 },
			orient = { { -0.650206,  0.000000, -0.759758 },
					   { -0.051554,  0.997695,  0.044121 },
					   {  0.758007,  0.067856, -0.648708 } }
		},
		cameraprops =
		{
			fovh = 25,
			hvaspect = 1.85,
			nearplane = 0.3,
			farplane = 4000
		}
	},

	{
		entity_name = "Zs/NPC/mFloor2/01/ACU/Camera",
		type = CAMERA,
		template_name = "",
		lt_grp = 0, srt_grp = 0, usr_flg = 0,
		flags = HIDDEN,
		spatialprops =
		{
			pos = { -4.1732, 1.679297, 15.20364 },
			orient = { { -0.553978,  0.000000, -0.832531 },
					   { -0.027495,  0.999454,  0.018296 },
					   {  0.832077,  0.033026, -0.553676 } }
		},
		cameraprops =
		{
			fovh = 20,
			hvaspect = 1.85,
			nearplane = 0.3,
			farplane = 4000
		}
	},

	{
		entity_name = "Zs/NPC/mFloor2/01/PC2/Camera",
		type = CAMERA,
		template_name = "",
		lt_grp = 0, srt_grp = 0, usr_flg = 0,
		flags = HIDDEN,
		spatialprops =
		{
			pos = { -5.401216, 1.673613, 14.3605 },
			orient = { { -0.811162,  0.000000,  0.584821 },
					   {  0.099103,  0.985537,  0.137458 },
					   { -0.576363,  0.169458, -0.799431 } }
		},
		cameraprops =
		{
			fovh = 30,
			hvaspect = 1.85,
			nearplane = 0.3,
			farplane = 4000
		}
	},

	{
		entity_name = "Zs/NPC/mFloor2/01/PCO/Camera",
		type = CAMERA,
		template_name = "",
		lt_grp = 0, srt_grp = 0, usr_flg = 0,
		flags = HIDDEN,
		spatialprops =
		{
			pos = { -5.535675, 1.718813, 15.29832 },
			orient = { { -0.331835,  0.000000,  0.943338 },
					   {  0.152303,  0.986881,  0.053575 },
					   { -0.930962,  0.161451, -0.327481 } }
		},
		cameraprops =
		{
			fovh = 25,
			hvaspect = 1.85,
			nearplane = 0.3,
			farplane = 4000
		}
	},

	{
		entity_name = "Zs/NPC/mFloor2/01/PCS/Camera",
		type = CAMERA,
		template_name = "",
		lt_grp = 0, srt_grp = 0, usr_flg = 0,
		flags = HIDDEN,
		spatialprops =
		{
			pos = { -5.125593, 1.643361, 15.21632 },
			orient = { { -0.311095,  0.000000,  0.950379 },
					   {  0.086138,  0.995884,  0.028196 },
					   { -0.946467,  0.090636, -0.309814 } }
		},
		cameraprops =
		{
			fovh = 25,
			hvaspect = 1.85,
			nearplane = 0.3,
			farplane = 4000
		}
	},

	{
		entity_name = "Zs/NPC/mFloor2/01/PCU/Camera",
		type = CAMERA,
		template_name = "",
		lt_grp = 0, srt_grp = 0, usr_flg = 0,
		flags = HIDDEN,
		spatialprops =
		{
			pos = { -4.614119, 1.69336, 15.32781 },
			orient = { { -0.254313,  0.000000,  0.967122 },
					   {  0.050000,  0.998663,  0.013148 },
					   { -0.965829,  0.051700, -0.253973 } }
		},
		cameraprops =
		{
			fovh = 25,
			hvaspect = 1.85,
			nearplane = 0.3,
			farplane = 4000
		}
	},

	{
		entity_name = "Zs/NPC/mFloor2/01/WFC/Camera",
		type = CAMERA,
		template_name = "",
		lt_grp = 0, srt_grp = 0, usr_flg = 0,
		flags = HIDDEN,
		spatialprops =
		{
			pos = { -32.2235, 24.44271, -19.33637 },
			orient = { { -0.778222,  0.000000,  0.627989 },
					   {  0.322986,  0.857600,  0.400253 },
					   { -0.538564,  0.514317, -0.667403 } }
		},
		cameraprops =
		{
			fovh = 30,
			hvaspect = 1.85,
			nearplane = 1,
			farplane = 4000
		}
	},

	{
		entity_name = "Zs/NPC/mFloor2/01/TCI/Camera",
		type = CAMERA,
		template_name = "",
		lt_grp = 0, srt_grp = 0, usr_flg = 0,
		flags = HIDDEN,
		spatialprops =
		{
			pos = { -3.90503, 2.060809, 14.87293 },
			orient = { { -0.714364,  0.000000, -0.699774 },
					   { -0.444536,  0.772301,  0.453804 },
					   {  0.540437,  0.635256, -0.551704 } }
		},
		cameraprops =
		{
			fovh = 15,
			hvaspect = 1.85,
			nearplane = 0.3,
			farplane = 4000
		}
	},

	{
		entity_name = "Zs/NPC/mFloor2/02/P/Stand",
		type = MARKER,
		template_name = "",
		lt_grp = 0, srt_grp = 0, usr_flg = 0,
		spatialprops =
		{
			pos = { 4.473328, -0.0054, 12.71897 },
			orient = { { -0.666410,  0.000000, -0.745585 },
					   {  0.000000,  1.000000,  0.000000 },
					   {  0.745585,  0.000000, -0.666410 } }
		}
	},

	{
		entity_name = "Zs/NPC/mFloor2/02/P2/Stand",
		type = MARKER,
		template_name = "",
		lt_grp = 0, srt_grp = 0, usr_flg = 0,
		spatialprops =
		{
			pos = { 4.118287, 0, 13.09049 },
			orient = { { -0.666410,  0.000000, -0.745585 },
					   {  0.000000,  1.000000,  0.000000 },
					   {  0.745585,  0.000000, -0.666410 } }
		}
	},

	{
		entity_name = "Zs/NPC/mFloor2/02/AC2/Camera",
		type = CAMERA,
		template_name = "",
		lt_grp = 0, srt_grp = 0, usr_flg = 0,
		flags = HIDDEN,
		spatialprops =
		{
			pos = { 3.163831, 1.629907, 12.33803 },
			orient = { { -0.857274,  0.000000,  0.514860 },
					   {  0.057988,  0.993637,  0.096554 },
					   { -0.511584,  0.112629, -0.851820 } }
		},
		cameraprops =
		{
			fovh = 30,
			hvaspect = 1.85,
			nearplane = 0.3,
			farplane = 4000
		}
	},

	{
		entity_name = "Zs/NPC/mFloor2/02/ACOH/Camera",
		type = CAMERA,
		template_name = "",
		lt_grp = 0, srt_grp = 0, usr_flg = 0,
		flags = HIDDEN,
		spatialprops =
		{
			pos = { 3.91661, 1.737855, 12.5973 },
			orient = { { -0.999514,  0.000000,  0.031171 },
					   {  0.005674,  0.983296,  0.181928 },
					   { -0.030650,  0.182016, -0.982818 } }
		},
		cameraprops =
		{
			fovh = 25,
			hvaspect = 1.85,
			nearplane = 0.3,
			farplane = 4000
		}
	},

	{
		entity_name = "Zs/NPC/mFloor2/02/ACS/Camera",
		type = CAMERA,
		template_name = "",
		lt_grp = 0, srt_grp = 0, usr_flg = 0,
		flags = HIDDEN,
		spatialprops =
		{
			pos = { 3.776888, 1.602072, 13.02213 },
			orient = { { -0.997833,  0.000000, -0.065800 },
					   { -0.003313,  0.998732,  0.050244 },
					   {  0.065717,  0.050353, -0.996567 } }
		},
		cameraprops =
		{
			fovh = 25,
			hvaspect = 1.85,
			nearplane = 0.3,
			farplane = 4000
		}
	},

	{
		entity_name = "Zs/NPC/mFloor2/02/ACU/Camera",
		type = CAMERA,
		template_name = "",
		lt_grp = 0, srt_grp = 0, usr_flg = 0,
		flags = HIDDEN,
		spatialprops =
		{
			pos = { 3.762176, 1.654666, 13.03172 },
			orient = { { -0.995951,  0.000000, -0.089896 },
					   { -0.003757,  0.999126,  0.041621 },
					   {  0.089818,  0.041790, -0.995081 } }
		},
		cameraprops =
		{
			fovh = 20,
			hvaspect = 1.85,
			nearplane = 0.3,
			farplane = 4000
		}
	},

	{
		entity_name = "Zs/NPC/mFloor2/02/PC2/Camera",
		type = CAMERA,
		template_name = "",
		lt_grp = 0, srt_grp = 0, usr_flg = 0,
		flags = HIDDEN,
		spatialprops =
		{
			pos = { 2.162272, 1.424712, 13.49085 },
			orient = { { -0.135532,  0.000000,  0.990773 },
					   {  0.017870,  0.999837,  0.002445 },
					   { -0.990612,  0.018036, -0.135510 } }
		},
		cameraprops =
		{
			fovh = 30,
			hvaspect = 1.85,
			nearplane = 0.3,
			farplane = 4000
		}
	},

	{
		entity_name = "Zs/NPC/mFloor2/02/PCO/Camera",
		type = CAMERA,
		template_name = "",
		lt_grp = 0, srt_grp = 0, usr_flg = 0,
		flags = HIDDEN,
		spatialprops =
		{
			pos = { 2.8949, 1.717561, 14.37044 },
			orient = { {  0.539085,  0.000000,  0.842251 },
					   {  0.130959,  0.987838, -0.083821 },
					   { -0.832008,  0.155487,  0.532529 } }
		},
		cameraprops =
		{
			fovh = 25,
			hvaspect = 1.85,
			nearplane = 0.3,
			farplane = 4000
		}
	},

	{
		entity_name = "Zs/NPC/mFloor2/02/PCS/Camera",
		type = CAMERA,
		template_name = "",
		lt_grp = 0, srt_grp = 0, usr_flg = 0,
		flags = HIDDEN,
		spatialprops =
		{
			pos = { 3.065706, 1.597239, 13.86037 },
			orient = { {  0.497160,  0.000000,  0.867659 },
					   {  0.040442,  0.998913, -0.023173 },
					   { -0.866716,  0.046611,  0.496619 } }
		},
		cameraprops =
		{
			fovh = 25,
			hvaspect = 1.85,
			nearplane = 0.3,
			farplane = 4000
		}
	},

	{
		entity_name = "Zs/NPC/mFloor2/02/PCU/Camera",
		type = CAMERA,
		template_name = "",
		lt_grp = 0, srt_grp = 0, usr_flg = 0,
		flags = HIDDEN,
		spatialprops =
		{
			pos = { 3.42747, 1.702687, 13.55692 },
			orient = { {  0.488849,  0.000000,  0.872368 },
					   {  0.063839,  0.997319, -0.035773 },
					   { -0.870029,  0.073179,  0.487538 } }
		},
		cameraprops =
		{
			fovh = 25,
			hvaspect = 1.85,
			nearplane = 0.3,
			farplane = 4000
		}
	},

	{
		entity_name = "Zs/NPC/mFloor2/02/WFC/Camera",
		type = CAMERA,
		template_name = "",
		lt_grp = 0, srt_grp = 0, usr_flg = 0,
		flags = HIDDEN,
		spatialprops =
		{
			pos = { 55.54581, 6.197659, 5.212184 },
			orient = { { -0.548214,  0.000000, -0.836338 },
					   {  0.045846,  0.998496, -0.030052 },
					   {  0.835080, -0.054817, -0.547390 } }
		},
		cameraprops =
		{
			fovh = 30,
			hvaspect = 1.85,
			nearplane = 1,
			farplane = 4000
		}
	},

	{
		entity_name = "Zs/NPC/mFloor2/02/TCI/Camera",
		type = CAMERA,
		template_name = "",
		lt_grp = 0, srt_grp = 0, usr_flg = 0,
		flags = HIDDEN,
		spatialprops =
		{
			pos = { 3.593381, 2.051483, 12.70467 },
			orient = { { -0.992761,  0.000000,  0.120108 },
					   {  0.070538,  0.809378,  0.583037 },
					   { -0.097213,  0.587288, -0.803519 } }
		},
		cameraprops =
		{
			fovh = 15,
			hvaspect = 1.85,
			nearplane = 0.3,
			farplane = 4000
		}
	},

	{
		entity_name = "Set_br_01_Shipdlr",
		type = COMPOUND,
		template_name = "br_01_shipbuy",
		lt_grp = 9, srt_grp = 0, usr_flg = 0,
		flags = LIT_DYNAMIC,
		spatialprops =
		{
			pos = { 0, 0, 0 },
			orient = { { 1, 0, 0 }, { 0, 1, 0 }, { 0, 0, 1 } }
		},
		userprops =
		{
			category = "Room",
		}
	},

	{
		entity_name = "Camera_Wide",
		type = CAMERA,
		template_name = "",
		lt_grp = 0, srt_grp = 0, usr_flg = 0,
		spatialprops =
		{
			pos = { -0.163025, 26.99539, -54.83825 },
			orient = { { -0.999988,  0.000000,  0.004864 },
					   {  0.000814,  0.985904,  0.167312 },
					   { -0.004795,  0.167314, -0.985892 } }
		},
		cameraprops =
		{
			fovh = 31,
			hvaspect = 1.333333,
			nearplane = 0.3,
			farplane = 4000
		}
	},

	{
		entity_name = "LtShadowSource",
		type = LIGHT,
		template_name = "",
		lt_grp = 0, srt_grp = 0, usr_flg = 0,
		spatialprops =
		{
			pos = { 0, 5.295341, 0 },
			orient = { {  1.000000,  0.000000,  0.000000 },
					   {  0.000000,  0.000234,  1.000000 },
					   {  0.000000, -1.000000,  0.000234 } }
		},
		lightprops =
		{
			on = N,
			color = { 255, 255, 255 },
			diffuse = { 0, 0, 0 },
			specular = { 0, 0, 0 },
			ambient = { 0, 0, 0 },
			direction = { 0, 0, 1 },
			range = 2000,
			cutoff = 98.99998,
			type = L_DIRECT,
			theta = 90,
			atten = { 1, 0, 4e-006 }
		}
	},

	{
		entity_name = "LtGlareSource",
		type = LIGHT,
		template_name = "",
		lt_grp = 0, srt_grp = 0, usr_flg = 0,
		spatialprops =
		{
			pos = { -1.297738, 19.43572, -6.434128 },
			orient = { {  1.000000,  0.000000,  0.000000 },
					   {  0.000000,  0.000234,  1.000000 },
					   {  0.000000, -1.000000,  0.000234 } }
		},
		lightprops =
		{
			on = N,
			color = { 255, 255, 255 },
			diffuse = { 1, 1, 1 },
			specular = { 0, 0, 0 },
			ambient = { 0, 0, 0 },
			direction = { 0, 0, 1 },
			range = 2000,
			cutoff = 98.99998,
			type = L_POINT,
			theta = 90,
			atten = { 1, 0, 4e-006 }
		}
	},

	{
		entity_name = "Zs/NPC/Shipdealer/01/AC2/Camera",
		type = CAMERA,
		template_name = "",
		lt_grp = 0, srt_grp = 0, usr_flg = 0,
		flags = HIDDEN,
		spatialprops =
		{
			pos = { -0.555171, 1.642933, 7.14847 },
			orient = { { -0.982055,  0.000000,  0.188595 },
					   {  0.025358,  0.990919,  0.132045 },
					   { -0.186882,  0.134458, -0.973137 } }
		},
		cameraprops =
		{
			fovh = 30,
			hvaspect = 1.85,
			nearplane = 0.3,
			farplane = 4000
		}
	},

	{
		entity_name = "Zs/NPC/Shipdealer/01/ACOH/Camera",
		type = CAMERA,
		template_name = "",
		lt_grp = 0, srt_grp = 0, usr_flg = 0,
		flags = HIDDEN,
		spatialprops =
		{
			pos = { 0.197481, 1.719532, 7.782806 },
			orient = { { -0.887784,  0.000000, -0.460261 },
					   { -0.072302,  0.987585,  0.139461 },
					   {  0.454547,  0.157089, -0.876761 } }
		},
		cameraprops =
		{
			fovh = 25,
			hvaspect = 1.85,
			nearplane = 0.3,
			farplane = 4000
		}
	},

	{
		entity_name = "Zs/NPC/Shipdealer/01/ACS/Camera",
		type = CAMERA,
		template_name = "",
		lt_grp = 0, srt_grp = 0, usr_flg = 0,
		flags = HIDDEN,
		spatialprops =
		{
			pos = { -0.054384, 1.596471, 8.015598 },
			orient = { { -0.837122,  0.000000, -0.547016 },
					   { -0.022955,  0.999119,  0.035128 },
					   {  0.546534,  0.041963, -0.836385 } }
		},
		cameraprops =
		{
			fovh = 25,
			hvaspect = 1.85,
			nearplane = 0.3,
			farplane = 4000
		}
	},

	{
		entity_name = "Zs/NPC/Shipdealer/01/P/Stand",
		type = MARKER,
		template_name = "",
		lt_grp = 0, srt_grp = 0, usr_flg = 0,
		spatialprops =
		{
			pos = { 0.643019, -0.0054, 8.063933 },
			orient = { { -0.331927,  0.000000, -0.943305 },
					   {  0.000000,  1.000000,  0.000000 },
					   {  0.943305,  0.000000, -0.331927 } }
		}
	},

	{
		entity_name = "Zs/NPC/Shipdealer/01/P2/Stand",
		type = MARKER,
		template_name = "",
		lt_grp = 0, srt_grp = 0, usr_flg = 0,
		spatialprops =
		{
			pos = { 0.173174, 0, 8.272089 },
			orient = { { -0.331927,  0.000000, -0.943305 },
					   {  0.000000,  1.000000,  0.000000 },
					   {  0.943305,  0.000000, -0.331927 } }
		}
	},

	{
		entity_name = "Zs/NPC/Shipdealer/01/PC2/Camera",
		type = CAMERA,
		template_name = "",
		lt_grp = 0, srt_grp = 0, usr_flg = 0,
		flags = HIDDEN,
		spatialprops =
		{
			pos = { -1.831908, 1.458097, 8.099984 },
			orient = { { -0.409075,  0.000000,  0.912501 },
					   { -0.019125,  0.999780, -0.008574 },
					   { -0.912300, -0.020959, -0.408986 } }
		},
		cameraprops =
		{
			fovh = 30,
			hvaspect = 1.85,
			nearplane = 0.3,
			farplane = 4000
		}
	},

	{
		entity_name = "Zs/NPC/Shipdealer/01/PCO/Camera",
		type = CAMERA,
		template_name = "",
		lt_grp = 0, srt_grp = 0, usr_flg = 0,
		flags = HIDDEN,
		spatialprops =
		{
			pos = { -1.440428, 1.763332, 8.895096 },
			orient = { {  0.142286,  0.000000,  0.989826 },
					   {  0.189940,  0.981416, -0.027304 },
					   { -0.971431,  0.191892,  0.139642 } }
		},
		cameraprops =
		{
			fovh = 25,
			hvaspect = 1.85,
			nearplane = 0.3,
			farplane = 4000
		}
	},

	{
		entity_name = "Zs/NPC/Shipdealer/01/PCS/Camera",
		type = CAMERA,
		template_name = "",
		lt_grp = 0, srt_grp = 0, usr_flg = 0,
		flags = HIDDEN,
		spatialprops =
		{
			pos = { -1.01449, 1.622047, 8.488064 },
			orient = { {  0.054700,  0.000000,  0.998503 },
					   {  0.055765,  0.998439, -0.003055 },
					   { -0.996944,  0.055849,  0.054615 } }
		},
		cameraprops =
		{
			fovh = 25,
			hvaspect = 1.85,
			nearplane = 0.3,
			farplane = 4000
		}
	},

	{
		entity_name = "Zs/NPC/Shipdealer/01/WFC/Camera",
		type = CAMERA,
		template_name = "",
		lt_grp = 0, srt_grp = 0, usr_flg = 0,
		spatialprops =
		{
			pos = { -2.305479, -0.532502, 4.768273 },
			orient = { { -0.950802,  0.000000,  0.309799 },
					   { -0.147840,  0.878787, -0.453736 },
					   { -0.272247, -0.477214, -0.835553 } }
		},
		cameraprops =
		{
			fovh = 30,
			hvaspect = 1.85,
			nearplane = 0.3,
			farplane = 4000
		}
	}
};

events =
{
};
