duration = 38.366;

entities =
{

	{
		entity_name = "Zs/NPC/Bartender/01/AC2/Camera",
		type = CAMERA,
		template_name = "",
		lt_grp = 0, srt_grp = 0, usr_flg = 0,
		flags = HIDDEN,
		spatialprops =
		{
			pos = { 2.495659, 1.747139, -2.100321 },
			orient = { {  0.748895,  0.000000, -0.662688 },
					   { -0.154405,  0.972477, -0.174491 },
					   {  0.644449,  0.232998,  0.728284 } }
		},
		cameraprops =
		{
			fovh = 30,
			hvaspect = 1.85,
			nearplane = 0.3,
			farplane = 4000
		}
	},

	{
		entity_name = "Zs/NPC/Bartender/01/ACOH/Camera",
		type = CAMERA,
		template_name = "",
		lt_grp = 0, srt_grp = 0, usr_flg = 0,
		flags = HIDDEN,
		spatialprops =
		{
			pos = { 1.204939, 1.73608, -2.289799 },
			orient = { {  0.994894,  0.000000, -0.100922 },
					   { -0.018478,  0.983096, -0.182157 },
					   {  0.099216,  0.183092,  0.978076 } }
		},
		cameraprops =
		{
			fovh = 25,
			hvaspect = 1.85,
			nearplane = 0.3,
			farplane = 4000
		}
	},

	{
		entity_name = "Zs/NPC/Bartender/01/ACS/Camera",
		type = CAMERA,
		template_name = "",
		lt_grp = 0, srt_grp = 0, usr_flg = 0,
		flags = HIDDEN,
		spatialprops =
		{
			pos = { 1.603309, 1.596471, -3.197783 },
			orient = { {  0.991669,  0.000000, -0.128809 },
					   { -0.008212,  0.997966, -0.063225 },
					   {  0.128547,  0.063756,  0.989652 } }
		},
		cameraprops =
		{
			fovh = 25,
			hvaspect = 1.85,
			nearplane = 0.3,
			farplane = 4000
		}
	},

	{
		entity_name = "Zs/NPC/Bartender/01/P/Stand",
		type = MARKER,
		template_name = "",
		lt_grp = 0, srt_grp = 0, usr_flg = 0,
		spatialprops =
		{
			pos = { 0.689686, -0.0054, -2.311778 },
			orient = { {  0.835774,  0.000000,  0.549074 },
					   {  0.000000,  1.000000,  0.000000 },
					   { -0.549074,  0.000000,  0.835774 } }
		}
	},

	{
		entity_name = "Zs/NPC/Bartender/01/P2/Stand",
		type = MARKER,
		template_name = "",
		lt_grp = 0, srt_grp = 0, usr_flg = 0,
		spatialprops =
		{
			pos = { 0.937211, 0, -2.762128 },
			orient = { {  0.835774,  0.000000,  0.549074 },
					   {  0.000000,  1.000000,  0.000000 },
					   { -0.549074,  0.000000,  0.835774 } }
		}
	},

	{
		entity_name = "Zs/NPC/Bartender/01/PC2/Camera",
		type = CAMERA,
		template_name = "",
		lt_grp = 0, srt_grp = 0, usr_flg = 0,
		flags = HIDDEN,
		spatialprops =
		{
			pos = { 3.010679, 1.815571, -4.397384 },
			orient = { { -0.256493,  0.000000, -0.966546 },
					   { -0.259000,  0.963429,  0.068731 },
					   {  0.931198,  0.267964, -0.247113 } }
		},
		cameraprops =
		{
			fovh = 30,
			hvaspect = 1.85,
			nearplane = 0.3,
			farplane = 4000
		}
	},

	{
		entity_name = "Zs/NPC/Bartender/01/PCO/Camera",
		type = CAMERA,
		template_name = "",
		lt_grp = 0, srt_grp = 0, usr_flg = 0,
		flags = HIDDEN,
		spatialprops =
		{
			pos = { 2.363884, 1.742055, -4.844739 },
			orient = { { -0.641160,  0.000000, -0.767407 },
					   { -0.140615,  0.983069,  0.117482 },
					   {  0.754415,  0.183233, -0.630305 } }
		},
		cameraprops =
		{
			fovh = 25,
			hvaspect = 1.85,
			nearplane = 0.3,
			farplane = 4000
		}
	},

	{
		entity_name = "Zs/NPC/Bartender/01/PCS/Camera",
		type = CAMERA,
		template_name = "",
		lt_grp = 0, srt_grp = 0, usr_flg = 0,
		flags = HIDDEN,
		spatialprops =
		{
			pos = { 1.805633, 1.67398, -3.764322 },
			orient = { { -0.674728,  0.000000, -0.738066 },
					   { -0.086131,  0.993168,  0.078739 },
					   {  0.733024,  0.116698, -0.670118 } }
		},
		cameraprops =
		{
			fovh = 25,
			hvaspect = 1.85,
			nearplane = 0.3,
			farplane = 4000
		}
	},

	{
		entity_name = "Zs/NPC/Bartender/01/WFC/Camera",
		type = CAMERA,
		template_name = "",
		lt_grp = 0, srt_grp = 0, usr_flg = 0,
		flags = HIDDEN,
		spatialprops =
		{
			pos = { 9.886545, 6.204974, -0.107686 },
			orient = { {  0.477903,  0.000000, -0.878413 },
					   { -0.513616,  0.811243, -0.279434 },
					   {  0.712606,  0.584709,  0.387695 } }
		},
		cameraprops =
		{
			fovh = 30,
			hvaspect = 1.85,
			nearplane = 0.3,
			farplane = 4000
		}
	},

	{
		entity_name = "Zg/NPC/mFloor2/01/A/Stand",
		type = MARKER,
		template_name = "",
		lt_grp = 0, srt_grp = 0, usr_flg = 0,
		spatialprops =
		{
			pos = { 9.068334, 0, 0.247815 },
			orient = { { -0.501172,  0.000000, -0.865348 },
					   {  0.000000,  1.000000,  0.000000 },
					   {  0.865348,  0.000000, -0.501172 } }
		}
	},

	{
		entity_name = "Zg/NPC/mFloor2/01/B/Stand",
		type = MARKER,
		template_name = "",
		lt_grp = 0, srt_grp = 0, usr_flg = 0,
		spatialprops =
		{
			pos = { 7.983643, 0, 0.338171 },
			orient = { { -0.550921,  0.000000,  0.834558 },
					   {  0.000000,  1.000000,  0.000000 },
					   { -0.834558,  0.000000, -0.550921 } }
		}
	},

	{
		entity_name = "Zg/PC/Player/01/A/Stand",
		type = MARKER,
		template_name = "",
		lt_grp = 0, srt_grp = 0, usr_flg = 0,
		spatialprops =
		{
			pos = { -2.515102, 0, 0.346541 },
			orient = { { -0.122718,  0.000000,  0.992442 },
					   {  0.000000,  1.000000,  0.000000 },
					   { -0.992442,  0.000000, -0.122718 } }
		}
	},

	{
		entity_name = "Zg/NPC/mTable3/01/A/SitLow",
		type = MARKER,
		template_name = "",
		lt_grp = 0, srt_grp = 0, usr_flg = 0,
		spatialprops =
		{
			pos = { 0.987346, 0, -0.789608 },
			orient = { { -0.606501,  0.000000, -0.795083 },
					   {  0.000000,  1.000000,  0.000000 },
					   {  0.795083,  0.000000, -0.606501 } }
		}
	},

	{
		entity_name = "Zs/NPC/Bartender/01/A/Stand",
		type = MARKER,
		template_name = "",
		lt_grp = 0, srt_grp = 0, usr_flg = 0,
		spatialprops =
		{
			pos = { 1.687549, 0, -4.630243 },
			orient = { { -0.980937,  0.000000, -0.194324 },
					   {  0.000000,  1.000000,  0.000000 },
					   {  0.194324,  0.000000, -0.980937 } }
		}
	},

	{
		entity_name = "Layer_Br_04_Bar_Hardpoint",
		type = SCENE,
		template_name = "",
		lt_grp = 9, srt_grp = 0, usr_flg = 0,
		spatialprops =
		{
			pos = { 0, 0, 0 },
			orient = { { 1, 0, 0 }, { 0, 1, 0 }, { 0, 0, 1 } }
		},
		up = Y_AXIS,
		front = Z_AXIS,
		ambient = { 0, 0, 0 }
	},

	{
		entity_name = "Camera_Mission",
		type = CAMERA,
		template_name = "",
		lt_grp = 0, srt_grp = 0, usr_flg = 0,
		spatialprops =
		{
			pos = { 1.716781, 4.009598, 0.305194 },
			orient = { {  0.977551,  0.000000, -0.210699 },
					   { -0.063142,  0.954040, -0.292951 },
					   {  0.201016,  0.299678,  0.932623 } }
		},
		cameraprops =
		{
			fovh = 30,
			hvaspect = 1.333333,
			nearplane = 0.3,
			farplane = 4000
		}
	},

	{
		entity_name = "Camera_News",
		type = CAMERA,
		template_name = "",
		lt_grp = 0, srt_grp = 0, usr_flg = 0,
		spatialprops =
		{
			pos = { 4.246116, 3.491732, 0.273686 },
			orient = { {  0.993599,  0.000000,  0.112960 },
					   {  0.027830,  0.969175, -0.244796 },
					   { -0.109478,  0.246373,  0.962972 } }
		},
		cameraprops =
		{
			fovh = 30,
			hvaspect = 1.333333,
			nearplane = 0.3,
			farplane = 4000
		}
	},

	{
		entity_name = "Zg/NPC/mTable3/01/B/SitLow",
		type = MARKER,
		template_name = "",
		lt_grp = 0, srt_grp = 0, usr_flg = 0,
		spatialprops =
		{
			pos = { -1.135131, 0, -0.185299 },
			orient = { { -0.125572,  0.000000,  0.992085 },
					   {  0.000000,  1.000000,  0.000000 },
					   { -0.992085,  0.000000, -0.125572 } }
		}
	},

	{
		entity_name = "Zg/NPC/mTable3/01/C/SitLow",
		type = MARKER,
		template_name = "",
		lt_grp = 0, srt_grp = 0, usr_flg = 0,
		spatialprops =
		{
			pos = { -0.086982, 0, 1.136811 },
			orient = { {  0.991129,  0.000000,  0.132903 },
					   {  0.000000,  1.000000,  0.000000 },
					   { -0.132903,  0.000000,  0.991129 } }
		}
	},

	{
		entity_name = "Zg/NPC/mTable3/02/A/SitLow",
		type = MARKER,
		template_name = "",
		lt_grp = 0, srt_grp = 0, usr_flg = 0,
		spatialprops =
		{
			pos = { 4.136766, 0, -0.743312 },
			orient = { { -0.604165,  0.000000,  0.796860 },
					   {  0.000000,  1.000000,  0.000000 },
					   { -0.796860,  0.000000, -0.604165 } }
		}
	},

	{
		entity_name = "Zg/NPC/mTable3/02/B/SitLow",
		type = MARKER,
		template_name = "",
		lt_grp = 0, srt_grp = 0, usr_flg = 0,
		spatialprops =
		{
			pos = { 6.284827, 0, -0.204845 },
			orient = { { -0.112350,  0.000000, -0.993669 },
					   {  0.000000,  1.000000,  0.000000 },
					   {  0.993669,  0.000000, -0.112350 } }
		}
	},

	{
		entity_name = "Zg/NPC/mTable3/02/C/SitLow",
		type = MARKER,
		template_name = "",
		lt_grp = 0, srt_grp = 0, usr_flg = 0,
		spatialprops =
		{
			pos = { 4.371739, 0, 0.898038 },
			orient = { {  0.790436,  0.000000,  0.612545 },
					   {  0.000000,  1.000000,  0.000000 },
					   { -0.612545,  0.000000,  0.790436 } }
		}
	},

	{
		entity_name = "Zg/NPC/mTable3/03/A/SitLow",
		type = MARKER,
		template_name = "",
		lt_grp = 0, srt_grp = 0, usr_flg = 0,
		spatialprops =
		{
			pos = { 3.044935, 0, 2.460567 },
			orient = { { -0.918944,  0.000000, -0.394389 },
					   {  0.000000,  1.000000,  0.000000 },
					   {  0.394389,  0.000000, -0.918944 } }
		}
	},

	{
		entity_name = "Zg/NPC/mTable3/03/B/SitLow",
		type = MARKER,
		template_name = "",
		lt_grp = 0, srt_grp = 0, usr_flg = 0,
		spatialprops =
		{
			pos = { 2.104708, 0, 4.648003 },
			orient = { {  0.915313,  0.000000,  0.402744 },
					   {  0.000000,  1.000000,  0.000000 },
					   { -0.402744,  0.000000,  0.915313 } }
		}
	},

	{
		entity_name = "Zg/NPC/mTable3/03/C/SitLow",
		type = MARKER,
		template_name = "",
		lt_grp = 0, srt_grp = 0, usr_flg = 0,
		spatialprops =
		{
			pos = { 3.680803, 0, 3.975725 },
			orient = { {  0.371325,  0.000000, -0.928503 },
					   {  0.000000,  1.000000,  0.000000 },
					   {  0.928503,  0.000000,  0.371325 } }
		}
	},

	{
		entity_name = "Zg/NPC/mFloor2/02/A/Stand",
		type = MARKER,
		template_name = "",
		lt_grp = 0, srt_grp = 0, usr_flg = 0,
		spatialprops =
		{
			pos = { 3.569796, 0, -2.613916 },
			orient = { { -0.542547,  0.000000,  0.840025 },
					   {  0.000000,  1.000000,  0.000000 },
					   { -0.840025,  0.000000, -0.542547 } }
		}
	},

	{
		entity_name = "Zg/NPC/mFloor2/02/B/Stand",
		type = MARKER,
		template_name = "",
		lt_grp = 0, srt_grp = 0, usr_flg = 0,
		spatialprops =
		{
			pos = { 4.723639, 0, -2.806361 },
			orient = { { -0.761002,  0.000000, -0.648750 },
					   {  0.000000,  1.000000,  0.000000 },
					   {  0.648750,  0.000000, -0.761002 } }
		}
	},

	{
		entity_name = "Zs/NPC/mTable3/01/P/Stand",
		type = MARKER,
		template_name = "",
		lt_grp = 0, srt_grp = 0, usr_flg = 0,
		spatialprops =
		{
			pos = { -1.31528, -0.0054, -0.551304 },
			orient = { { -0.040673,  0.000000,  0.999172 },
					   {  0.000000,  1.000000,  0.000000 },
					   { -0.999172,  0.000000, -0.040673 } }
		}
	},

	{
		entity_name = "Zs/NPC/mFloor2/02/AC2/Camera",
		type = CAMERA,
		template_name = "",
		lt_grp = 0, srt_grp = 0, usr_flg = 0,
		flags = HIDDEN,
		spatialprops =
		{
			pos = { 4.178406, 1.729975, -0.94554 },
			orient = { {  0.999691,  0.000000, -0.024850 },
					   { -0.005468,  0.975492, -0.219968 },
					   {  0.024241,  0.220036,  0.975191 } }
		},
		cameraprops =
		{
			fovh = 30,
			hvaspect = 1.85,
			nearplane = 0.3,
			farplane = 4000
		}
	},

	{
		entity_name = "Camera_0",
		type = CAMERA,
		template_name = "",
		lt_grp = 0, srt_grp = 0, usr_flg = 0,
		spatialprops =
		{
			pos = { 8.809252, 6.364807, 7.977843 },
			orient = { {  0.867477,  0.000000, -0.497478 },
					   { -0.200262,  0.915396, -0.349207 },
					   {  0.455389,  0.402555,  0.794085 } }
		},
		cameraprops =
		{
			fovh = 34,
			hvaspect = 1.333333,
			nearplane = 0.3,
			farplane = 4000
		}
	},

	{
		entity_name = "Zs/NPC/mFloor2/02/P2/Stand",
		type = MARKER,
		template_name = "",
		lt_grp = 0, srt_grp = 0, usr_flg = 0,
		spatialprops =
		{
			pos = { 4.629392, 0, -2.299024 },
			orient = { {  0.307253,  0.000000, -0.951628 },
					   {  0.000000,  1.000000,  0.000000 },
					   {  0.951628,  0.000000,  0.307253 } }
		}
	},

	{
		entity_name = "Zs/NPC/mFloor2/02/ACOH/Camera",
		type = CAMERA,
		template_name = "",
		lt_grp = 0, srt_grp = 0, usr_flg = 0,
		flags = HIDDEN,
		spatialprops =
		{
			pos = { 4.875298, 1.760517, -1.735094 },
			orient = { {  0.738160,  0.000000, -0.674625 },
					   { -0.122232,  0.983449, -0.133744 },
					   {  0.663460,  0.181185,  0.725943 } }
		},
		cameraprops =
		{
			fovh = 25,
			hvaspect = 1.85,
			nearplane = 0.3,
			farplane = 4000
		}
	},

	{
		entity_name = "Zs/NPC/mFloor2/02/TCI/Camera",
		type = CAMERA,
		template_name = "",
		lt_grp = 0, srt_grp = 0, usr_flg = 0,
		flags = HIDDEN,
		spatialprops =
		{
			pos = { 4.55534, 2.074702, -1.60054 },
			orient = { {  0.798476,  0.000000, -0.602026 },
					   { -0.385015,  0.768764, -0.510651 },
					   {  0.462816,  0.639532,  0.613840 } }
		},
		cameraprops =
		{
			fovh = 15,
			hvaspect = 1.85,
			nearplane = 0.3,
			farplane = 4000
		}
	},

	{
		entity_name = "Zs/NPC/mFloor2/02/ACS/Camera",
		type = CAMERA,
		template_name = "",
		lt_grp = 0, srt_grp = 0, usr_flg = 0,
		flags = HIDDEN,
		spatialprops =
		{
			pos = { 4.519444, 1.668035, -1.985391 },
			orient = { {  0.691123,  0.000000, -0.722737 },
					   { -0.072800,  0.994914, -0.069616 },
					   {  0.719061,  0.100729,  0.687608 } }
		},
		cameraprops =
		{
			fovh = 25,
			hvaspect = 1.85,
			nearplane = 0.3,
			farplane = 4000
		}
	},

	{
		entity_name = "Zs/NPC/mFloor2/02/PCS/Camera",
		type = CAMERA,
		template_name = "",
		lt_grp = 0, srt_grp = 0, usr_flg = 0,
		flags = HIDDEN,
		spatialprops =
		{
			pos = { 3.377772, 1.70201, -2.290453 },
			orient = { {  0.178217,  0.000000,  0.983991 },
					   {  0.130597,  0.991153, -0.023653 },
					   { -0.975286,  0.132722,  0.176641 } }
		},
		cameraprops =
		{
			fovh = 25,
			hvaspect = 1.85,
			nearplane = 0.3,
			farplane = 4000
		}
	},

	{
		entity_name = "Zs/NPC/mFloor2/02/ACU/Camera",
		type = CAMERA,
		template_name = "",
		lt_grp = 0, srt_grp = 0, usr_flg = 0,
		flags = HIDDEN,
		spatialprops =
		{
			pos = { 4.245854, 1.66762, -2.174996 },
			orient = { {  0.642059,  0.000000, -0.766656 },
					   { -0.021899,  0.999592, -0.018340 },
					   {  0.766343,  0.028565,  0.641797 } }
		},
		cameraprops =
		{
			fovh = 25,
			hvaspect = 1.85,
			nearplane = 0.3,
			farplane = 4000
		}
	},

	{
		entity_name = "Zs/NPC/mFloor2/02/PCO/Camera",
		type = CAMERA,
		template_name = "",
		lt_grp = 0, srt_grp = 0, usr_flg = 0,
		flags = HIDDEN,
		spatialprops =
		{
			pos = { 3.083252, 1.700625, -2.309098 },
			orient = { {  0.215616,  0.000000,  0.976478 },
					   {  0.127374,  0.991456, -0.028125 },
					   { -0.968135,  0.130442,  0.213773 } }
		},
		cameraprops =
		{
			fovh = 25,
			hvaspect = 1.85,
			nearplane = 0.3,
			farplane = 4000
		}
	},

	{
		entity_name = "Zs/NPC/mFloor2/02/WFC/Camera",
		type = CAMERA,
		template_name = "",
		lt_grp = 0, srt_grp = 0, usr_flg = 0,
		flags = HIDDEN,
		spatialprops =
		{
			pos = { 2.22016, 0.746538, 2.670519 },
			orient = { {  0.940568,  0.000000,  0.339605 },
					   { -0.046604,  0.990539,  0.129075 },
					   { -0.336392, -0.137231,  0.931670 } }
		},
		cameraprops =
		{
			fovh = 30,
			hvaspect = 1.85,
			nearplane = 0.3,
			farplane = 4000
		}
	},

	{
		entity_name = "Zs/NPC/mFloor2/02/PCU/Camera",
		type = CAMERA,
		template_name = "",
		lt_grp = 0, srt_grp = 0, usr_flg = 0,
		flags = HIDDEN,
		spatialprops =
		{
			pos = { 3.857353, 1.716821, -2.25039 },
			orient = { {  0.199997,  0.000000,  0.979796 },
					   {  0.087340,  0.996019, -0.017828 },
					   { -0.975896,  0.089141,  0.199201 } }
		},
		cameraprops =
		{
			fovh = 25,
			hvaspect = 1.85,
			nearplane = 0.3,
			farplane = 4000
		}
	},

	{
		entity_name = "Zs/NPC/mFloor2/02/PC2/Camera",
		type = CAMERA,
		template_name = "",
		lt_grp = 0, srt_grp = 0, usr_flg = 0,
		flags = HIDDEN,
		spatialprops =
		{
			pos = { 3.063691, 1.719258, -1.573201 },
			orient = { {  0.683029,  0.000000,  0.730392 },
					   {  0.140222,  0.981398, -0.131129 },
					   { -0.716805,  0.191982,  0.670323 } }
		},
		cameraprops =
		{
			fovh = 30,
			hvaspect = 1.85,
			nearplane = 0.3,
			farplane = 4000
		}
	},

	{
		entity_name = "Zs/NPC/mFloor2/01/P2/Stand",
		type = MARKER,
		template_name = "",
		lt_grp = 0, srt_grp = 0, usr_flg = 0,
		spatialprops =
		{
			pos = { 8.02926, 0, 0.826527 },
			orient = { {  0.390626,  0.000000,  0.920549 },
					   {  0.000000,  1.000000,  0.000000 },
					   { -0.920549,  0.000000,  0.390626 } }
		}
	},

	{
		entity_name = "Zs/NPC/mFloor2/01/AC2/Camera",
		type = CAMERA,
		template_name = "",
		lt_grp = 0, srt_grp = 0, usr_flg = 0,
		flags = HIDDEN,
		spatialprops =
		{
			pos = { 8.61371, 1.735422, 2.059712 },
			orient = { {  0.996501,  0.000000, -0.083585 },
					   { -0.018415,  0.975429, -0.219542 },
					   {  0.081532,  0.220313,  0.972016 } }
		},
		cameraprops =
		{
			fovh = 30,
			hvaspect = 1.85,
			nearplane = 0.3,
			farplane = 4000
		}
	},

	{
		entity_name = "Zs/NPC/mFloor2/01/ACOH/Camera",
		type = CAMERA,
		template_name = "",
		lt_grp = 0, srt_grp = 0, usr_flg = 0,
		flags = HIDDEN,
		spatialprops =
		{
			pos = { 7.915576, 1.78433, 1.472242 },
			orient = { {  0.859670,  0.000000,  0.510850 },
					   {  0.106622,  0.977977, -0.179425 },
					   { -0.499599,  0.208714,  0.840737 } }
		},
		cameraprops =
		{
			fovh = 25,
			hvaspect = 1.85,
			nearplane = 0.3,
			farplane = 4000
		}
	},

	{
		entity_name = "Zs/NPC/mFloor2/01/TCI/Camera",
		type = CAMERA,
		template_name = "",
		lt_grp = 0, srt_grp = 0, usr_flg = 0,
		flags = HIDDEN,
		spatialprops =
		{
			pos = { 8.101576, 2.042807, 1.150441 },
			orient = { {  0.776721,  0.000000,  0.629845 },
					   {  0.424688,  0.738481, -0.523723 },
					   { -0.465128,  0.674275,  0.573594 } }
		},
		cameraprops =
		{
			fovh = 15,
			hvaspect = 1.85,
			nearplane = 0.3,
			farplane = 4000
		}
	},

	{
		entity_name = "Zs/NPC/mFloor2/01/ACS/Camera",
		type = CAMERA,
		template_name = "",
		lt_grp = 0, srt_grp = 0, usr_flg = 0,
		flags = HIDDEN,
		spatialprops =
		{
			pos = { 8.151153, 1.634906, 1.184066 },
			orient = { {  0.818567,  0.000000,  0.574412 },
					   {  0.046634,  0.996699, -0.066456 },
					   { -0.572516,  0.081186,  0.815864 } }
		},
		cameraprops =
		{
			fovh = 25,
			hvaspect = 1.85,
			nearplane = 0.3,
			farplane = 4000
		}
	},

	{
		entity_name = "Zs/NPC/mFloor2/01/PCS/Camera",
		type = CAMERA,
		template_name = "",
		lt_grp = 0, srt_grp = 0, usr_flg = 0,
		flags = HIDDEN,
		spatialprops =
		{
			pos = { 9.173948, 1.671552, 0.546099 },
			orient = { { -0.043171,  0.000000, -0.999068 },
					   { -0.095080,  0.995461,  0.004108 },
					   {  0.994533,  0.095169, -0.042975 } }
		},
		cameraprops =
		{
			fovh = 25,
			hvaspect = 1.85,
			nearplane = 0.3,
			farplane = 4000
		}
	},

	{
		entity_name = "Zs/NPC/mFloor2/01/ACU/Camera",
		type = CAMERA,
		template_name = "",
		lt_grp = 0, srt_grp = 0, usr_flg = 0,
		flags = HIDDEN,
		spatialprops =
		{
			pos = { 8.502485, 1.676713, 0.852303 },
			orient = { {  0.812023,  0.000000,  0.583626 },
					   {  0.026695,  0.998953, -0.037142 },
					   { -0.583015,  0.045740,  0.811173 } }
		},
		cameraprops =
		{
			fovh = 25,
			hvaspect = 1.85,
			nearplane = 0.3,
			farplane = 4000
		}
	},

	{
		entity_name = "Zs/NPC/mFloor2/01/PCO/Camera",
		type = CAMERA,
		template_name = "",
		lt_grp = 0, srt_grp = 0, usr_flg = 0,
		flags = HIDDEN,
		spatialprops =
		{
			pos = { 9.597832, 1.729203, 0.436092 },
			orient = { { -0.010333,  0.000000, -0.999947 },
					   { -0.161608,  0.986854,  0.001670 },
					   {  0.986801,  0.161617, -0.010197 } }
		},
		cameraprops =
		{
			fovh = 25,
			hvaspect = 1.85,
			nearplane = 0.3,
			farplane = 4000
		}
	},

	{
		entity_name = "Zs/NPC/mFloor2/01/WFC/Camera",
		type = CAMERA,
		template_name = "",
		lt_grp = 0, srt_grp = 0, usr_flg = 0,
		flags = HIDDEN,
		spatialprops =
		{
			pos = { 9.075237, 0.430179, 3.022109 },
			orient = { {  0.958906,  0.000000, -0.283723 },
					   {  0.091827,  0.946176,  0.310351 },
					   {  0.268452, -0.323651,  0.907295 } }
		},
		cameraprops =
		{
			fovh = 30,
			hvaspect = 1.85,
			nearplane = 0.3,
			farplane = 4000
		}
	},

	{
		entity_name = "Zs/NPC/mFloor2/01/PCU/Camera",
		type = CAMERA,
		template_name = "",
		lt_grp = 0, srt_grp = 0, usr_flg = 0,
		flags = HIDDEN,
		spatialprops =
		{
			pos = { 8.75302, 1.706207, 0.67749 },
			orient = { { -0.063301,  0.000000, -0.997994 },
					   { -0.073207,  0.997306,  0.004643 },
					   {  0.995306,  0.073354, -0.063130 } }
		},
		cameraprops =
		{
			fovh = 25,
			hvaspect = 1.85,
			nearplane = 0.3,
			farplane = 4000
		}
	},

	{
		entity_name = "Zs/NPC/mFloor2/01/PC2/Camera",
		type = CAMERA,
		template_name = "",
		lt_grp = 0, srt_grp = 0, usr_flg = 0,
		flags = HIDDEN,
		spatialprops =
		{
			pos = { 9.827701, 1.748287, 1.312415 },
			orient = { {  0.558278,  0.000000, -0.829654 },
					   { -0.187108,  0.974237, -0.125906 },
					   {  0.808280,  0.225525,  0.543895 } }
		},
		cameraprops =
		{
			fovh = 30,
			hvaspect = 1.85,
			nearplane = 0.3,
			farplane = 4000
		}
	},

	{
		entity_name = "Zs/NPC/mTable3/01/P2/Stand",
		type = MARKER,
		template_name = "",
		lt_grp = 0, srt_grp = 0, usr_flg = 0,
		spatialprops =
		{
			pos = { -0.801761, 0, -0.570833 },
			orient = { { -0.040673,  0.000000,  0.999173 },
					   {  0.000000,  1.000000,  0.000000 },
					   { -0.999173,  0.000000, -0.040673 } }
		}
	},

	{
		entity_name = "Zs/NPC/mTable3/01/AC2/Camera",
		type = CAMERA,
		template_name = "",
		lt_grp = 0, srt_grp = 0, usr_flg = 0,
		flags = HIDDEN,
		spatialprops =
		{
			pos = { -0.91006, 1.702196, 1.062465 },
			orient = { {  0.903179,  0.000000,  0.429264 },
					   {  0.091339,  0.977100, -0.192179 },
					   { -0.419433,  0.212781,  0.882496 } }
		},
		cameraprops =
		{
			fovh = 30,
			hvaspect = 1.85,
			nearplane = 0.3,
			farplane = 4000
		}
	},

	{
		entity_name = "Zs/NPC/mTable3/01/ACOH/Camera",
		type = CAMERA,
		template_name = "",
		lt_grp = 0, srt_grp = 0, usr_flg = 0,
		flags = HIDDEN,
		spatialprops =
		{
			pos = { -1.279064, 1.951713, -0.081906 },
			orient = { {  0.475070,  0.000000,  0.879948 },
					   {  0.363916,  0.910475, -0.196472 },
					   { -0.801170,  0.413565,  0.432539 } }
		},
		cameraprops =
		{
			fovh = 20,
			hvaspect = 1.85,
			nearplane = 0.3,
			farplane = 4000
		}
	},

	{
		entity_name = "Zs/NPC/mTable3/01/TCI/Camera",
		type = CAMERA,
		template_name = "",
		lt_grp = 0, srt_grp = 0, usr_flg = 0,
		flags = HIDDEN,
		spatialprops =
		{
			pos = { 0.071944, 2.381091, 0.82519 },
			orient = { {  0.954511,  0.000000,  0.298175 },
					   {  0.226319,  0.651077, -0.724485 },
					   { -0.194135,  0.759012,  0.621460 } }
		},
		cameraprops =
		{
			fovh = 15,
			hvaspect = 1.85,
			nearplane = 0.3,
			farplane = 4000
		}
	},

	{
		entity_name = "Zs/NPC/mTable3/01/ACS/Camera",
		type = CAMERA,
		template_name = "",
		lt_grp = 0, srt_grp = 0, usr_flg = 0,
		flags = HIDDEN,
		spatialprops =
		{
			pos = { -0.541445, 1.367357, -0.082001 },
			orient = { {  0.537743,  0.000000,  0.843109 },
					   {  0.134140,  0.987262, -0.085556 },
					   { -0.832369,  0.159102,  0.530894 } }
		},
		cameraprops =
		{
			fovh = 20,
			hvaspect = 1.85,
			nearplane = 0.3,
			farplane = 4000
		}
	},

	{
		entity_name = "Zs/NPC/mTable3/01/PCS/Camera",
		type = CAMERA,
		template_name = "",
		lt_grp = 0, srt_grp = 0, usr_flg = 0,
		flags = HIDDEN,
		spatialprops =
		{
			pos = { 0.680196, 1.413381, -0.272051 },
			orient = { {  0.327087,  0.000000, -0.944994 },
					   {  0.082394,  0.996192,  0.028519 },
					   {  0.941395, -0.087190,  0.325842 } }
		},
		cameraprops =
		{
			fovh = 20,
			hvaspect = 1.85,
			nearplane = 0.3,
			farplane = 4000
		}
	},

	{
		entity_name = "Zs/NPC/mTable3/01/ACU/Camera",
		type = CAMERA,
		template_name = "",
		lt_grp = 0, srt_grp = 0, usr_flg = 0,
		flags = HIDDEN,
		spatialprops =
		{
			pos = { 0.067241, 1.34066, -0.347667 },
			orient = { {  0.523199,  0.000000,  0.852211 },
					   {  0.116890,  0.990549, -0.071763 },
					   { -0.844156,  0.137161,  0.518254 } }
		},
		cameraprops =
		{
			fovh = 20,
			hvaspect = 1.85,
			nearplane = 0.3,
			farplane = 4000
		}
	},

	{
		entity_name = "Zs/NPC/mTable3/01/PCO/Camera",
		type = CAMERA,
		template_name = "",
		lt_grp = 0, srt_grp = 0, usr_flg = 0,
		flags = HIDDEN,
		spatialprops =
		{
			pos = { 1.507443, 1.155695, -0.447352 },
			orient = { {  0.248288,  0.000000, -0.968686 },
					   {  0.111623,  0.993339,  0.028611 },
					   {  0.962233, -0.115232,  0.246634 } }
		},
		cameraprops =
		{
			fovh = 20,
			hvaspect = 1.85,
			nearplane = 0.3,
			farplane = 4000
		}
	},

	{
		entity_name = "Zs/NPC/mTable3/01/WFC/Camera",
		type = CAMERA,
		template_name = "",
		lt_grp = 0, srt_grp = 0, usr_flg = 0,
		flags = HIDDEN,
		spatialprops =
		{
			pos = { 1.715042, 0.824073, 3.690538 },
			orient = { {  0.948530,  0.000000, -0.316686 },
					   {  0.073295,  0.972848,  0.219531 },
					   {  0.308087, -0.231443,  0.922776 } }
		},
		cameraprops =
		{
			fovh = 30,
			hvaspect = 1.85,
			nearplane = 0.3,
			farplane = 4000
		}
	},

	{
		entity_name = "Zs/NPC/mTable3/01/PCU/Camera",
		type = CAMERA,
		template_name = "",
		lt_grp = 0, srt_grp = 0, usr_flg = 0,
		flags = HIDDEN,
		spatialprops =
		{
			pos = { 0.1519, 1.550851, -0.347411 },
			orient = { {  0.334375,  0.000000, -0.942440 },
					   {  0.085762,  0.995851,  0.030428 },
					   {  0.938530, -0.091000,  0.332988 } }
		},
		cameraprops =
		{
			fovh = 20,
			hvaspect = 1.85,
			nearplane = 0.3,
			farplane = 4000
		}
	},

	{
		entity_name = "Zs/NPC/mTable3/01/PC2/Camera",
		type = CAMERA,
		template_name = "",
		lt_grp = 0, srt_grp = 0, usr_flg = 0,
		flags = HIDDEN,
		spatialprops =
		{
			pos = { 1.193742, 1.482969, 1.10669 },
			orient = { {  0.877583,  0.000000, -0.479425 },
					   { -0.071552,  0.988800, -0.130975 },
					   {  0.474056,  0.149245,  0.867754 } }
		},
		cameraprops =
		{
			fovh = 30,
			hvaspect = 1.85,
			nearplane = 0.3,
			farplane = 4000
		}
	},

	{
		entity_name = "Zs/NPC/mTable3/02/P2/Stand",
		type = MARKER,
		template_name = "",
		lt_grp = 0, srt_grp = 0, usr_flg = 0,
		spatialprops =
		{
			pos = { 5.91268, 0, -0.516465 },
			orient = { { -0.066127,  0.000000, -0.997811 },
					   {  0.000000,  1.000000,  0.000000 },
					   {  0.997811,  0.000000, -0.066127 } }
		}
	},

	{
		entity_name = "Zs/NPC/mTable3/02/AC2/Camera",
		type = CAMERA,
		template_name = "",
		lt_grp = 0, srt_grp = 0, usr_flg = 0,
		flags = HIDDEN,
		spatialprops =
		{
			pos = { 6.01555, 1.702196, 1.136608 },
			orient = { {  0.896804,  0.000000, -0.442429 },
					   { -0.094139,  0.977101, -0.190819 },
					   {  0.432298,  0.212777,  0.876267 } }
		},
		cameraprops =
		{
			fovh = 30,
			hvaspect = 1.85,
			nearplane = 0.3,
			farplane = 4000
		}
	},

	{
		entity_name = "Zs/NPC/mTable3/02/ACOH/Camera",
		type = CAMERA,
		template_name = "",
		lt_grp = 0, srt_grp = 0, usr_flg = 0,
		flags = HIDDEN,
		spatialprops =
		{
			pos = { 6.425048, 1.949474, 0.022972 },
			orient = { {  0.497682,  0.000000, -0.867360 },
					   { -0.347199,  0.916387, -0.199219 },
					   {  0.794837,  0.400294,  0.456069 } }
		},
		cameraprops =
		{
			fovh = 20,
			hvaspect = 1.85,
			nearplane = 0.3,
			farplane = 4000
		}
	},

	{
		entity_name = "Zs/NPC/mTable3/01/ACOL/Camera",
		type = CAMERA,
		template_name = "",
		lt_grp = 0, srt_grp = 0, usr_flg = 0,
		flags = HIDDEN,
		spatialprops =
		{
			pos = { -1.350286, 1.363031, 0.387623 },
			orient = { {  0.605249,  0.000000,  0.796036 },
					   {  0.130605,  0.986449, -0.099302 },
					   { -0.785249,  0.164069,  0.597047 } }
		},
		cameraprops =
		{
			fovh = 20,
			hvaspect = 1.85,
			nearplane = 0.3,
			farplane = 4000
		}
	},

	{
		entity_name = "Zs/NPC/mTable3/02/TCI/Camera",
		type = CAMERA,
		template_name = "",
		lt_grp = 0, srt_grp = 0, usr_flg = 0,
		flags = HIDDEN,
		spatialprops =
		{
			pos = { 5.308659, 2.195387, 0.657807 },
			orient = { {  0.842311,  0.000000, -0.538991 },
					   { -0.400650,  0.668921, -0.626118 },
					   {  0.360543,  0.743333,  0.563440 } }
		},
		cameraprops =
		{
			fovh = 15,
			hvaspect = 1.85,
			nearplane = 0.3,
			farplane = 4000
		}
	},

	{
		entity_name = "Zs/NPC/mTable3/02/ACS/Camera",
		type = CAMERA,
		template_name = "",
		lt_grp = 0, srt_grp = 0, usr_flg = 0,
		flags = HIDDEN,
		spatialprops =
		{
			pos = { 5.559323, 1.324109, -0.02143 },
			orient = { {  0.537126,  0.000000, -0.843502 },
					   { -0.116056,  0.990489, -0.073902 },
					   {  0.835480,  0.137588,  0.532018 } }
		},
		cameraprops =
		{
			fovh = 20,
			hvaspect = 1.85,
			nearplane = 0.3,
			farplane = 4000
		}
	},

	{
		entity_name = "Zs/NPC/mTable3/02/PCS/Camera",
		type = CAMERA,
		template_name = "",
		lt_grp = 0, srt_grp = 0, usr_flg = 0,
		flags = HIDDEN,
		spatialprops =
		{
			pos = { 4.21018, 1.427165, -0.275235 },
			orient = { {  0.225363,  0.000000,  0.974275 },
					   { -0.051150,  0.998621,  0.011832 },
					   { -0.972931, -0.052501,  0.225052 } }
		},
		cameraprops =
		{
			fovh = 20,
			hvaspect = 1.85,
			nearplane = 0.3,
			farplane = 4000
		}
	},

	{
		entity_name = "Zs/NPC/mTable3/02/ACU/Camera",
		type = CAMERA,
		template_name = "",
		lt_grp = 0, srt_grp = 0, usr_flg = 0,
		flags = HIDDEN,
		spatialprops =
		{
			pos = { 4.972479, 1.330264, -0.271181 },
			orient = { {  0.544169,  0.000000, -0.838976 },
					   { -0.104394,  0.992228, -0.067711 },
					   {  0.832456,  0.124430,  0.539940 } }
		},
		cameraprops =
		{
			fovh = 20,
			hvaspect = 1.85,
			nearplane = 0.3,
			farplane = 4000
		}
	},

	{
		entity_name = "Zs/NPC/mTable3/02/PCO/Camera",
		type = CAMERA,
		template_name = "",
		lt_grp = 0, srt_grp = 0, usr_flg = 0,
		flags = HIDDEN,
		spatialprops =
		{
			pos = { 3.406789, 1.139644, -0.343868 },
			orient = { {  0.233702,  0.000000,  0.972308 },
					   { -0.107843,  0.993830,  0.025921 },
					   { -0.966309, -0.110914,  0.232260 } }
		},
		cameraprops =
		{
			fovh = 20,
			hvaspect = 1.85,
			nearplane = 0.3,
			farplane = 4000
		}
	},

	{
		entity_name = "Zs/NPC/mTable3/02/WFC/Camera",
		type = CAMERA,
		template_name = "",
		lt_grp = 0, srt_grp = 0, usr_flg = 0,
		flags = HIDDEN,
		spatialprops =
		{
			pos = { 4.728583, 0.834668, 2.815131 },
			orient = { {  0.994462,  0.000000,  0.105099 },
					   { -0.029455,  0.959924,  0.278708 },
					   { -0.100887, -0.280260,  0.954608 } }
		},
		cameraprops =
		{
			fovh = 30,
			hvaspect = 1.85,
			nearplane = 0.3,
			farplane = 4000
		}
	},

	{
		entity_name = "Zs/NPC/mTable3/02/PCU/Camera",
		type = CAMERA,
		template_name = "",
		lt_grp = 0, srt_grp = 0, usr_flg = 0,
		flags = HIDDEN,
		spatialprops =
		{
			pos = { 4.961513, 1.581956, -0.181656 },
			orient = { {  0.432467,  0.000000,  0.901650 },
					   { -0.062962,  0.997559,  0.030199 },
					   { -0.899449, -0.069830,  0.431411 } }
		},
		cameraprops =
		{
			fovh = 20,
			hvaspect = 1.85,
			nearplane = 0.3,
			farplane = 4000
		}
	},

	{
		entity_name = "Zs/NPC/mTable3/02/ACOL/Camera",
		type = CAMERA,
		template_name = "",
		lt_grp = 0, srt_grp = 0, usr_flg = 0,
		flags = HIDDEN,
		spatialprops =
		{
			pos = { 6.36581, 1.373998, 0.332789 },
			orient = { {  0.582980,  0.000000, -0.812486 },
					   { -0.135291,  0.986039, -0.097075 },
					   {  0.801143,  0.166515,  0.574841 } }
		},
		cameraprops =
		{
			fovh = 20,
			hvaspect = 1.85,
			nearplane = 0.3,
			farplane = 4000
		}
	},

	{
		entity_name = "Zs/NPC/mTable3/02/PC2/Camera",
		type = CAMERA,
		template_name = "",
		lt_grp = 0, srt_grp = 0, usr_flg = 0,
		flags = HIDDEN,
		spatialprops =
		{
			pos = { 4.002941, 1.68243, 1.337898 },
			orient = { {  0.892852,  0.000000,  0.450351 },
					   {  0.102251,  0.973884, -0.202720 },
					   { -0.438589,  0.227047,  0.869534 } }
		},
		cameraprops =
		{
			fovh = 30,
			hvaspect = 1.85,
			nearplane = 0.3,
			farplane = 4000
		}
	},

	{
		entity_name = "Zs/NPC/mTable3/03/P2/Stand",
		type = MARKER,
		template_name = "",
		lt_grp = 0, srt_grp = 0, usr_flg = 0,
		spatialprops =
		{
			pos = { 1.170341, 0, 3.154856 },
			orient = { {  0.119706,  0.000000,  0.992809 },
					   {  0.000000,  1.000000,  0.000000 },
					   { -0.992809,  0.000000,  0.119706 } }
		}
	},

	{
		entity_name = "Zs/NPC/mTable3/03/AC2/Camera",
		type = CAMERA,
		template_name = "",
		lt_grp = 0, srt_grp = 0, usr_flg = 0,
		flags = HIDDEN,
		spatialprops =
		{
			pos = { 2.105247, 1.689937, 5.136632 },
			orient = { {  0.999410,  0.000000, -0.034333 },
					   { -0.007305,  0.977103, -0.212639 },
					   {  0.033547,  0.212765,  0.976527 } }
		},
		cameraprops =
		{
			fovh = 30,
			hvaspect = 1.85,
			nearplane = 0.3,
			farplane = 4000
		}
	},

	{
		entity_name = "Zs/NPC/mTable3/03/ACOH/Camera",
		type = CAMERA,
		template_name = "",
		lt_grp = 0, srt_grp = 0, usr_flg = 0,
		flags = HIDDEN,
		spatialprops =
		{
			pos = { 0.783327, 1.900963, 3.673807 },
			orient = { {  0.629939,  0.000000,  0.776645 },
					   {  0.276015,  0.934716, -0.223876 },
					   { -0.725943,  0.355394,  0.588814 } }
		},
		cameraprops =
		{
			fovh = 20,
			hvaspect = 1.85,
			nearplane = 0.3,
			farplane = 4000
		}
	},

	{
		entity_name = "Zs/NPC/mTable3/03/TCI/Camera",
		type = CAMERA,
		template_name = "",
		lt_grp = 0, srt_grp = 0, usr_flg = 0,
		flags = HIDDEN,
		spatialprops =
		{
			pos = { 2.73771, 2.638933, 4.480309 },
			orient = { {  0.998753,  0.000000, -0.049930 },
					   { -0.038508,  0.636534, -0.770287 },
					   {  0.031782,  0.771249,  0.635740 } }
		},
		cameraprops =
		{
			fovh = 15,
			hvaspect = 1.85,
			nearplane = 0.3,
			farplane = 4000
		}
	},

	{
		entity_name = "Zs/NPC/mTable3/03/ACS/Camera",
		type = CAMERA,
		template_name = "",
		lt_grp = 0, srt_grp = 0, usr_flg = 0,
		flags = HIDDEN,
		spatialprops =
		{
			pos = { 2.002249, 1.330981, 3.716882 },
			orient = { {  0.842501,  0.000000,  0.538694 },
					   {  0.064778,  0.992744, -0.101311 },
					   { -0.534785,  0.120250,  0.836388 } }
		},
		cameraprops =
		{
			fovh = 20,
			hvaspect = 1.85,
			nearplane = 0.3,
			farplane = 4000
		}
	},

	{
		entity_name = "Zs/NPC/mTable3/03/PCS/Camera",
		type = CAMERA,
		template_name = "",
		lt_grp = 0, srt_grp = 0, usr_flg = 0,
		flags = HIDDEN,
		spatialprops =
		{
			pos = { 2.782534, 1.405146, 3.063786 },
			orient = { {  0.080891,  0.000000, -0.996723 },
					   {  0.074013,  0.997239,  0.006007 },
					   {  0.993971, -0.074257,  0.080668 } }
		},
		cameraprops =
		{
			fovh = 20,
			hvaspect = 1.85,
			nearplane = 0.3,
			farplane = 4000
		}
	},

	{
		entity_name = "Zs/NPC/mTable3/03/ACU/Camera",
		type = CAMERA,
		template_name = "",
		lt_grp = 0, srt_grp = 0, usr_flg = 0,
		flags = HIDDEN,
		spatialprops =
		{
			pos = { 2.266659, 1.32286, 3.228139 },
			orient = { {  0.764811,  0.000000,  0.644255 },
					   {  0.068977,  0.994252, -0.081885 },
					   { -0.640551,  0.107066,  0.760415 } }
		},
		cameraprops =
		{
			fovh = 20,
			hvaspect = 1.85,
			nearplane = 0.3,
			farplane = 4000
		}
	},

	{
		entity_name = "Zs/NPC/mTable3/03/PCO/Camera",
		type = CAMERA,
		template_name = "",
		lt_grp = 0, srt_grp = 0, usr_flg = 0,
		flags = HIDDEN,
		spatialprops =
		{
			pos = { 3.766045, 1.185531, 2.598904 },
			orient = { { -0.027018,  0.000000, -0.999635 },
					   {  0.093574,  0.995609, -0.002529 },
					   {  0.995246, -0.093608, -0.026899 } }
		},
		cameraprops =
		{
			fovh = 20,
			hvaspect = 1.85,
			nearplane = 0.3,
			farplane = 4000
		}
	},

	{
		entity_name = "Zs/NPC/mTable3/03/WFC/Camera",
		type = CAMERA,
		template_name = "",
		lt_grp = 0, srt_grp = 0, usr_flg = 0,
		flags = HIDDEN,
		spatialprops =
		{
			pos = { 2.583126, 8.633031, 6.606814 },
			orient = { {  0.999998,  0.000000, -0.002212 },
					   { -0.002129,  0.271577, -0.962414 },
					   {  0.000601,  0.962417,  0.271576 } }
		},
		cameraprops =
		{
			fovh = 30,
			hvaspect = 1.85,
			nearplane = 0.3,
			farplane = 4000
		}
	},

	{
		entity_name = "Zs/NPC/mTable3/03/PCU/Camera",
		type = CAMERA,
		template_name = "",
		lt_grp = 0, srt_grp = 0, usr_flg = 0,
		flags = HIDDEN,
		spatialprops =
		{
			pos = { 2.134729, 1.541583, 3.173319 },
			orient = { {  0.128977,  0.000000, -0.991648 },
					   {  0.108217,  0.994028,  0.014075 },
					   {  0.985725, -0.109128,  0.128207 } }
		},
		cameraprops =
		{
			fovh = 20,
			hvaspect = 1.85,
			nearplane = 0.3,
			farplane = 4000
		}
	},

	{
		entity_name = "Zs/NPC/mTable3/03/ACOL/Camera",
		type = CAMERA,
		template_name = "",
		lt_grp = 0, srt_grp = 0, usr_flg = 0,
		flags = HIDDEN,
		spatialprops =
		{
			pos = { 0.816144, 1.344542, 4.154359 },
			orient = { {  0.739289,  0.000000,  0.673388 },
					   {  0.094219,  0.990163, -0.103440 },
					   { -0.666764,  0.139918,  0.732017 } }
		},
		cameraprops =
		{
			fovh = 20,
			hvaspect = 1.85,
			nearplane = 0.3,
			farplane = 4000
		}
	},

	{
		entity_name = "Zs/NPC/mTable3/03/PC2/Camera",
		type = CAMERA,
		template_name = "",
		lt_grp = 0, srt_grp = 0, usr_flg = 0,
		flags = HIDDEN,
		spatialprops =
		{
			pos = { 3.627995, 1.690169, 4.578841 },
			orient = { {  0.779972,  0.000000, -0.625814 },
					   { -0.144732,  0.972890, -0.180384 },
					   {  0.608848,  0.231270,  0.758827 } }
		},
		cameraprops =
		{
			fovh = 30,
			hvaspect = 1.85,
			nearplane = 0.3,
			farplane = 4000
		}
	},

	{
		entity_name = "Zs/NPC/mTable3/01/Prop",
		type = MARKER,
		template_name = "",
		lt_grp = 0, srt_grp = 0, usr_flg = 0,
		spatialprops =
		{
			pos = { 0.32495, 0.798364, -0.260544 },
			orient = { { -0.554655,  0.000000,  0.832080 },
					   {  0.000000,  1.000000,  0.000000 },
					   { -0.832080,  0.000000, -0.554655 } }
		}
	},

	{
		entity_name = "Zs/NPC/mTable3/02/Prop",
		type = MARKER,
		template_name = "",
		lt_grp = 0, srt_grp = 0, usr_flg = 0,
		spatialprops =
		{
			pos = { 4.823556, 0.79844, -0.246327 },
			orient = { { -0.191275,  0.000000, -0.981537 },
					   {  0.000000,  1.000000,  0.000000 },
					   {  0.981537,  0.000000, -0.191275 } }
		}
	},

	{
		entity_name = "Zs/NPC/mTable3/03/Prop",
		type = MARKER,
		template_name = "",
		lt_grp = 0, srt_grp = 0, usr_flg = 0,
		spatialprops =
		{
			pos = { 2.728052, 0.798722, 3.246862 },
			orient = { {  0.058861,  0.000000,  0.998266 },
					   {  0.000000,  1.000000,  0.000000 },
					   { -0.998266,  0.000000,  0.058861 } }
		}
	},

	{
		entity_name = "Zs/NPC/mTable3/03/P/Stand",
		type = MARKER,
		template_name = "",
		lt_grp = 0, srt_grp = 0, usr_flg = 0,
		spatialprops =
		{
			pos = { 0.666561, -0.0054, 3.256291 },
			orient = { {  0.119706,  0.000000,  0.992809 },
					   {  0.000000,  1.000000,  0.000000 },
					   { -0.992809,  0.000000,  0.119706 } }
		}
	},

	{
		entity_name = "Zs/NPC/mFloor2/01/P/Stand",
		type = MARKER,
		template_name = "",
		lt_grp = 0, srt_grp = 0, usr_flg = 0,
		spatialprops =
		{
			pos = { 7.573443, -0.0054, 1.063835 },
			orient = { {  0.390626,  0.000000,  0.920549 },
					   {  0.000000,  1.000000,  0.000000 },
					   { -0.920549,  0.000000,  0.390626 } }
		}
	},

	{
		entity_name = "Zs/NPC/mFloor2/02/P/Stand",
		type = MARKER,
		template_name = "",
		lt_grp = 0, srt_grp = 0, usr_flg = 0,
		spatialprops =
		{
			pos = { 5.129324, -0.0054, -2.180064 },
			orient = { {  0.307253,  0.000000, -0.951628 },
					   {  0.000000,  1.000000,  0.000000 },
					   {  0.951628,  0.000000,  0.307253 } }
		}
	},

	{
		entity_name = "Zs/NPC/mTable3/02/P/Stand",
		type = MARKER,
		template_name = "",
		lt_grp = 0, srt_grp = 0, usr_flg = 0,
		spatialprops =
		{
			pos = { 6.421187, -0.0054, -0.590653 },
			orient = { { -0.066127,  0.000000, -0.997811 },
					   {  0.000000,  1.000000,  0.000000 },
					   {  0.997811,  0.000000, -0.066127 } }
		}
	},

	{
		entity_name = "LtGlareSource",
		type = LIGHT,
		template_name = "",
		lt_grp = 0, srt_grp = 0, usr_flg = 0,
		spatialprops =
		{
			pos = { 8.809252, 16.36481, 7.977843 },
			orient = { {  0.867477,  0.000000, -0.497478 },
					   { -0.200262,  0.915396, -0.349207 },
					   {  0.455389,  0.402555,  0.794085 } }
		},
		lightprops =
		{
			on = N,
			color = { 255, 255, 255 },
			diffuse = { 0.164706, 0.164706, 0.164706 },
			specular = { 0, 0, 0 },
			ambient = { 0, 0, 0 },
			direction = { 0, 0, 1 },
			range = 2000,
			cutoff = 98.99998,
