duration = 10000.000;

entities =
{

	{
		entity_name = "Ambi_Layer_Basic_br_08_bar_Br05_05.thn",
		type = SCENE,
		template_name = "",
		lt_grp = 0, srt_grp = 0, usr_flg = 0,
		spatialprops =
		{
			pos = { 0, 0, 0 },
			orient = { { 1, 0, 0 }, { 0, 1, 0 }, { 0, 0, 1 } }
		},
		up = Y_AXIS,
		front = Z_AXIS,
		ambient = { 0, 0, 0 }
	},

	{
		entity_name = "ambi_LtG00_Inf_10oc",
		type = LIGHT,
		template_name = "",
		lt_grp = 0, srt_grp = 0, usr_flg = 0,
		spatialprops =
		{
			pos = { 0.957667, 0, -0.356404 },
			orient = { {  0.931277,  0.000000,  0.364313 },
					   { -0.052033,  0.989748,  0.133010 },
					   { -0.360578, -0.142825,  0.921729 } }
		},
		lightprops =
		{
			on = Y,
			color = { 174, 232, 249 },
			diffuse = { 0.407843, 0.6, 0.756863 },
			specular = { 0, 0, 0 },
			ambient = { 0.32549, 0.176471, 0.176471 },
			direction = { 0, 0, 1 },
			range = 2000,
			cutoff = 99.99998,
			type = L_DIRECT,
			theta = 90,
			atten = { 1, 0, 4e-006 }
		}
	},

	{
		entity_name = "ambi_LtG00_Inf_2oc",
		type = LIGHT,
		template_name = "",
		lt_grp = 0, srt_grp = 0, usr_flg = 0,
		spatialprops =
		{
			pos = { 0.979413, 0, 0.463978 },
			orient = { { -0.931798,  0.000000,  0.362977 },
					   { -0.075671,  0.978028, -0.194254 },
					   { -0.355002, -0.208472, -0.911325 } }
		},
		lightprops =
		{
			on = Y,
			color = { 197, 222, 192 },
			diffuse = { 0.768628, 0.866667, 0.74902 },
			specular = { 0, 0, 0 },
			ambient = { 0, 0, 0 },
			direction = { 0, 0, 1 },
			range = 2000,
			cutoff = 120,
			type = L_DIRECT,
			theta = 120,
			atten = { 1, 0, 4e-006 }
		}
	},

	{
		entity_name = "ambi_LtG20_Geo_Inf",
		type = LIGHT,
		template_name = "",
		lt_grp = 20, srt_grp = 0, usr_flg = 0,
		spatialprops =
		{
			pos = { 2.630128, 0, 0.865694 },
			orient = { {  0.799085,  0.000000, -0.601217 },
					   {  0.000000,  1.000000,  0.000000 },
					   {  0.601217,  0.000000,  0.799085 } }
		},
		lightprops =
		{
			on = N,
			color = { 255, 255, 255 },
			diffuse = { 1, 1, 1 },
			specular = { 0, 0, 0 },
			ambient = { 1, 1, 1 },
			direction = { 0, 0, 1 },
			range = 2000,
			cutoff = 98.99998,
			type = L_DIRECT,
			theta = 90,
			atten = { 1, 0, 4e-006 }
		}
	},

	{
		entity_name = "ambi_LtG21_TDistant_Amb",
		type = LIGHT,
		template_name = "",
		lt_grp = 21, srt_grp = 0, usr_flg = 0,
		spatialprops =
		{
			pos = { 4.44018, 0.683601, -0.553155 },
			orient = { {  0.951777, -0.259346,  0.163890 },
					   {  0.184467,  0.910636,  0.369748 },
					   { -0.245137, -0.321686,  0.914563 } }
		},
		lightprops =
		{
			on = Y,
			color = { 255, 255, 255 },
			diffuse = { 0.023529, 0.023529, 0.023529 },
			specular = { 0, 0, 0 },
			ambient = { 0.113725, 0.113725, 0.113725 },
			direction = { 0, 0, 1 },
			range = 2000,
			cutoff = 98.99998,
			type = L_DIRECT,
			theta = 90,
			atten = { 1, 0, 0 }
		}
	},

	{
		entity_name = "ambi_LtG10_Terrain_Inf",
		type = LIGHT,
		template_name = "",
		lt_grp = 10, srt_grp = 0, usr_flg = 0,
		spatialprops =
		{
			pos = { 14488.16, 2499.09, -3680.653 },
			orient = { {  0.698876, -0.243158,  0.672641 },
					   { -0.115469,  0.889744,  0.441613 },
					   { -0.705860, -0.386302,  0.593744 } }
		},
		lightprops =
		{
			on = Y,
			color = { 255, 255, 255 },
			diffuse = { 0.980392, 0.623529, 0.521569 },
			specular = { 0, 0, 0 },
			ambient = { 0.145098, 0.109804, 0.019608 },
			direction = { 0, 0, 1 },
			range = 2000,
			cutoff = 98.99998,
			type = L_DIRECT,
			theta = 90,
			atten = { 1, 0, 4e-006 }
		}
	},

	{
		entity_name = "Cam_Match_Screenshot",
		type = CAMERA,
		template_name = "",
		lt_grp = 0, srt_grp = 0, usr_flg = 0,
		spatialprops =
		{
			pos = { -1158.554, 289.2333, 91.9798 },
			orient = { {  0.127116,  0.000000,  0.991888 },
					   {  0.241011,  0.970031, -0.030887 },
					   { -0.962162,  0.242982,  0.123307 } }
		},
		cameraprops =
		{
			fovh = 38,
			hvaspect = 1.33,
			nearplane = 0.4,
			farplane = 4000
		}
	},

	{
		entity_name = "Ambi_Key_TerrainField_Mkr",
		type = MARKER,
		template_name = "",
		lt_grp = 0, srt_grp = 0, usr_flg = 0,
		spatialprops =
		{
			pos = { 0, 0, 0 },
			orient = { {  1.000000,  0.000000,  0.000000 },
					   {  0.000000,  0.806140, -0.591725 },
					   {  0.000000,  0.591725,  0.806140 } }
		}
	},

	{
		entity_name = "Ambi_Key_DistantRoids_Mkr",
		type = MARKER,
		template_name = "",
		lt_grp = 0, srt_grp = 0, usr_flg = 0,
		spatialprops =
		{
			pos = { -15016.05, 4000, 0 },
			orient = { { -0.355655,  0.000000,  0.934617 },
					   {  0.000000,  1.000000,  0.000000 },
					   { -0.934617,  0.000000, -0.355655 } }
		}
	},

	{
		entity_name = "ambi_LtG09_Set_Amb",
		type = LIGHT,
		template_name = "",
		lt_grp = 9, srt_grp = 0, usr_flg = 0,
		spatialprops =
		{
			pos = { 1.865657, 0, 0.044509 },
			orient = { {  0.000107,  0.015646, -0.999878 },
					   {  0.999977, -0.006817,  0.000000 },
					   { -0.006816, -0.999854, -0.015646 } }
		},
		lightprops =
		{
			on = Y,
			color = { 255, 255, 255 },
			diffuse = { 0, 0, 0 },
			specular = { 0, 0, 0 },
			ambient = { 0.698039, 0.698039, 0.698039 },
			direction = { 0, 0, 1 },
			range = 2000,
			cutoff = 98.99998,
			type = L_DIRECT,
			theta = 90,
			atten = { 1, 0, 0 }
		}
	},

	{
		entity_name = "ambi_LtG11_Puffs_Amb",
		type = LIGHT,
		template_name = "",
		lt_grp = 11, srt_grp = 0, usr_flg = 0,
		spatialprops =
		{
			pos = { 2.675188, 0, 0.158034 },
			orient = { { -0.012351,  0.000000, -0.999924 },
					   {  0.000000,  1.000000,  0.000000 },
					   {  0.999924,  0.000000, -0.012351 } }
		},
		lightprops =
		{
			on = N,
			color = { 255, 255, 255 },
			diffuse = { 0, 0, 0 },
			specular = { 0, 0, 0 },
			ambient = { 1, 1, 1 },
			direction = { 0, 0, 1 },
			range = 2000,
			cutoff = 98.99998,
			type = L_DIRECT,
			theta = 90,
			atten = { 1, 0, 0 }
		}
	},

	{
		entity_name = "Ambi_Key_TerrainDyna_Mkr",
		type = MARKER,
		template_name = "",
		lt_grp = 0, srt_grp = 0, usr_flg = 0,
		spatialprops =
		{
			pos = { 0, 0, 0 },
			orient = { { 1, 0, 0 }, { 0, 1, 0 }, { 0, 0, 1 } }
		}
	},

	{
		entity_name = "ambi_LtG03_Ships_Inf",
		type = LIGHT,
		template_name = "",
		lt_grp = 3, srt_grp = 0, usr_flg = 0,
		spatialprops =
		{
			pos = { 2.197657, 0.645655, -0.703978 },
			orient = { { -0.964367, -0.187793, -0.186360 },
					   {  0.235618, -0.929996, -0.282118 },
					   { -0.120334, -0.315975,  0.941105 } }
		},
		lightprops =
		{
			on = Y,
			color = { 255, 255, 255 },
			diffuse = { 0.92549, 0.6, 0.490196 },
			specular = { 0, 0, 0 },
			ambient = { 0.145098, 0.109804, 0.019608 },
			direction = { 0, 0, 1 },
			range = 2000,
			cutoff = 98.99998,
			type = L_DIRECT,
			theta = 90,
			atten = { 1, 0, 4e-006 }
		}
	},

	{
		entity_name = "ambi_LtG23_Sky_Amb",
		type = LIGHT,
		template_name = "",
		lt_grp = 23, srt_grp = 0, usr_flg = 0,
		spatialprops =
		{
			pos = { 2.635458, 0, 1.632055 },
			orient = { {  0.636787,  0.000000, -0.771040 },
					   {  0.000000,  1.000000,  0.000000 },
					   {  0.771040,  0.000000,  0.636787 } }
		},
		lightprops =
		{
			on = N,
			color = { 255, 255, 255 },
			diffuse = { 0, 0, 0 },
			specular = { 0, 0, 0 },
			ambient = { 1, 1, 1 },
			direction = { 0, 0, 1 },
			range = 2000,
			cutoff = 98.99998,
			type = L_DIRECT,
			theta = 90,
			atten = { 1, 0, 4e-006 }
		}
	},

	{
		entity_name = "Ambi_Key_NebulaClouds_Mkr",
		type = MARKER,
		template_name = "",
		lt_grp = 0, srt_grp = 0, usr_flg = 0,
		spatialprops =
		{
			pos = { 0, 0, 0 },
			orient = { { 1, 0, 0 }, { 0, 1, 0 }, { 0, 0, 1 } }
		}
	},

	{
		entity_name = "ambi_starsphere_Br05_5",
		type = COMPOUND,
		template_name = "starsphere_Br05",
		lt_grp = 23, srt_grp = -100, usr_flg = 1,
		flags = LIT_DYNAMIC,
		spatialprops =
		{
			pos = { 0, 0, 0 },
			orient = { {  0.253932,  0.124893, -0.959125 },
					   { -0.059312,  0.991773,  0.113441 },
					   {  0.965402,  0.028082,  0.259250 } }
		},
		userprops =
		{
			category = "Prop",
		}
	},

	{
		entity_name = "Ambi_starsphere_Br05_stars_6",
		type = COMPOUND,
		template_name = "starsphere_Br05_stars",
		lt_grp = 23, srt_grp = -101, usr_flg = 1,
		flags = LIT_DYNAMIC,
		spatialprops =
		{
			pos = { 0, 0, 0 },
			orient = { {  0.253932,  0.124893, -0.959125 },
					   { -0.059312,  0.991773,  0.113441 },
					   {  0.965402,  0.028082,  0.259250 } }
		},
		userprops =
		{
			category = "Prop",
			NoFog = "Y",
		}
	}
};

events =
{
	{
		0.000, START_FOG_PROP_ANIM, { "Ambi_Layer_Basic_br_08_bar_Br05_05.thn" },
		{
			duration = 0.000,
			fogprops =
			{
				fogon = N,
				fogcolor = { 0, 0, 0 },
				fogmode = F_NONE,
				fogstart = 0,
				fogend = 0,
				fogdensity = 0
			}
		}
	},

	{
		0.000, START_LIGHT_PROP_ANIM, { "ambi_LtG00_Inf_2oc", "ambi_LtG00_Inf_10oc" },
		{
			duration = 0.000,
			lightprops =
			{
				on = N,
				diffuse = { 0.682353, 0.909804, 0.976471 },
				direction = { 0, 0, 1 },
				range = 2000,
				cutoff = 99.99998,
				theta = 90,
				atten = { 1, 0, 4e-006 }
			}
		}
	}
};
