duration = 10000.000;

entities =
{

	{
		entity_name = "Ambi_Layer_Basic_br_08_bar_Bw01_04",
		type = SCENE,
		template_name = "",
		lt_grp = 0, srt_grp = 0, usr_flg = 0,
		spatialprops =
		{
			pos = { 0, 0, 0 },
			orient = { { 1, 0, 0 }, { 0, 1, 0 }, { 0, 0, 1 } }
		},
		up = Y_AXIS,
		front = Z_AXIS,
		ambient = { 0, 0, 0 }
	},

	{
		entity_name = "ambi_LtG00_Inf_Ext_Glow",
		type = LIGHT,
		template_name = "",
		lt_grp = 0, srt_grp = 0, usr_flg = 0,
		spatialprops =
		{
			pos = { 0.957667, 0, -0.356404 },
			orient = { { -0.251294,  0.000000,  0.967911 },
					   { -0.286059,  0.955330, -0.074268 },
					   { -0.924674, -0.295542, -0.240069 } }
		},
		lightprops =
		{
			on = Y,
			color = { 174, 232, 249 },
			diffuse = { 0.956863, 0.956863, 1 },
			specular = { 0, 0, 0 },
			ambient = { 0, 0, 0 },
			direction = { 0, 0, 1 },
			range = 2000,
			cutoff = 99.99998,
			type = L_DIRECT,
			theta = 90,
			atten = { 0.75, 0, 0 }
		}
	},

	{
		entity_name = "ambi_LtG20_Geo_Inf",
		type = LIGHT,
		template_name = "",
		lt_grp = 20, srt_grp = 0, usr_flg = 0,
		spatialprops =
		{
			pos = { 2.630128, 0, 0.865694 },
			orient = { {  0.799085,  0.000000, -0.601217 },
					   {  0.000000,  1.000000,  0.000000 },
					   {  0.601217,  0.000000,  0.799085 } }
		},
		lightprops =
		{
			on = N,
			color = { 255, 255, 255 },
			diffuse = { 1, 1, 1 },
			specular = { 0, 0, 0 },
			ambient = { 1, 1, 1 },
			direction = { 0, 0, 1 },
			range = 2000,
			cutoff = 98.99998,
			type = L_DIRECT,
			theta = 90,
			atten = { 1, 0, 4e-006 }
		}
	},

	{
		entity_name = "ambi_LtG21_TDistant_Amb",
		type = LIGHT,
		template_name = "",
		lt_grp = 21, srt_grp = 0, usr_flg = 0,
		spatialprops =
		{
			pos = { 2.635458, 0, 1.632055 },
			orient = { {  0.636787,  0.000000, -0.771040 },
					   {  0.000000,  1.000000,  0.000000 },
					   {  0.771040,  0.000000,  0.636787 } }
		},
		lightprops =
		{
			on = N,
			color = { 255, 255, 255 },
			diffuse = { 0, 0, 0 },
			specular = { 0, 0, 0 },
			ambient = { 0.098039, 0.098039, 0.098039 },
			direction = { 0, 0, 1 },
			range = 2000,
			cutoff = 98.99998,
			type = L_DIRECT,
			theta = 90,
			atten = { 1, 0, 0 }
		}
	},

	{
		entity_name = "ambi_LtG10_Terrain_Inf",
		type = LIGHT,
		template_name = "",
		lt_grp = 10, srt_grp = 0, usr_flg = 0,
		spatialprops =
		{
			pos = { 2.667863, 0, -0.525955 },
			orient = { { -0.156232,  0.847060, -0.508017 },
					   {  0.983413,  0.181381,  0.000000 },
					   {  0.092145, -0.499591, -0.861347 } }
		},
		lightprops =
		{
			on = Y,
			color = { 255, 255, 255 },
			diffuse = { 0.282353, 0.337255, 0.47451 },
			specular = { 0, 0, 0 },
			ambient = { 0.262745, 0.27451, 0.388235 },
			direction = { 0, 0, 1 },
			range = 2000,
			cutoff = 98.99998,
			type = L_DIRECT,
			theta = 90,
			atten = { 1, 0, 4e-006 }
		}
	},

	{
		entity_name = "Ambi_Key_TerrainField_Mkr",
		type = MARKER,
		template_name = "",
		lt_grp = 0, srt_grp = 0, usr_flg = 0,
		spatialprops =
		{
			pos = { 0, 0, 0 },
			orient = { {  1.000000,  0.000000,  0.000000 },
					   {  0.000000,  0.829567,  0.558408 },
					   {  0.000000, -0.558408,  0.829567 } }
		}
	},

	{
		entity_name = "Ambi_Key_DistantRoids_Mkr",
		type = MARKER,
		template_name = "",
		lt_grp = 0, srt_grp = 0, usr_flg = 0,
		spatialprops =
		{
			pos = { -2000, 0, 0 },
			orient = { {  0.589548,  0.000000,  0.807734 },
					   {  0.000000,  1.000000,  0.000000 },
					   { -0.807734,  0.000000,  0.589548 } }
		}
	},

	{
		entity_name = "ambi_LtG09_Set_Amb",
		type = LIGHT,
		template_name = "",
		lt_grp = 9, srt_grp = 0, usr_flg = 0,
		spatialprops =
		{
			pos = { 1.865657, 0, 0.044509 },
			orient = { {  0.000107,  0.015646, -0.999878 },
					   {  0.999977, -0.006817,  0.000000 },
					   { -0.006816, -0.999854, -0.015646 } }
		},
		lightprops =
		{
			on = Y,
			color = { 255, 255, 255 },
			diffuse = { 0, 0, 0 },
			specular = { 0, 0, 0 },
			ambient = { 0.454902, 0.454902, 0.454902 },
			direction = { 0, 0, 1 },
			range = 2000,
			cutoff = 98.99998,
			type = L_DIRECT,
			theta = 90,
			atten = { 1, 0, 0 }
		}
	},

	{
		entity_name = "ambi_LtG11_Puffs_Amb",
		type = LIGHT,
		template_name = "",
		lt_grp = 11, srt_grp = 0, usr_flg = 0,
		spatialprops =
		{
			pos = { 2.675188, 0, 0.158034 },
			orient = { { -0.012351,  0.000000, -0.999924 },
					   {  0.000000,  1.000000,  0.000000 },
					   {  0.999924,  0.000000, -0.012351 } }
		},
		lightprops =
		{
			on = N,
			color = { 255, 255, 255 },
			diffuse = { 0, 0, 0 },
			specular = { 0, 0, 0 },
			ambient = { 1, 1, 1 },
			direction = { 0, 0, 1 },
			range = 2000,
			cutoff = 98.99998,
			type = L_DIRECT,
			theta = 90,
			atten = { 1, 0, 0 }
		}
	},

	{
		entity_name = "Ambi_Key_TerrainDyna_Mkr",
		type = MARKER,
		template_name = "",
		lt_grp = 0, srt_grp = 0, usr_flg = 0,
		spatialprops =
		{
			pos = { 0, 0, 0 },
			orient = { {  1.000000,  0.000000,  0.000000 },
					   {  0.000000, -0.942336,  0.334668 },
					   {  0.000000, -0.334668, -0.942336 } }
		}
	},

	{
		entity_name = "ambi_LtG03_Ships_Inf",
		type = LIGHT,
		template_name = "",
		lt_grp = 3, srt_grp = 0, usr_flg = 0,
		spatialprops =
		{
			pos = { 2.896719, 0, -1.654085 },
			orient = { {  0.408565,  0.901381, -0.143482 },
					   { -0.427465,  0.050072, -0.902644 },
					   { -0.806442,  0.430122,  0.405767 } }
		},
		lightprops =
		{
			on = Y,
			color = { 255, 255, 255 },
			diffuse = { 1, 1, 1 },
			specular = { 0, 0, 0 },
			ambient = { 0.258824, 0.27451, 0.384314 },
			direction = { 0, 0, 1 },
			range = 2000,
			cutoff = 98.99998,
			type = L_DIRECT,
			theta = 90,
			atten = { 1, 0, 4e-006 }
		}
	},

	{
		entity_name = "ambi_LtG23_Sky_Amb",
		type = LIGHT,
		template_name = "",
		lt_grp = 23, srt_grp = -100, usr_flg = 2,
		spatialprops =
		{
			pos = { 2.635458, 0, 1.632055 },
			orient = { {  0.636787,  0.000000, -0.771040 },
					   {  0.000000,  1.000000,  0.000000 },
					   {  0.771040,  0.000000,  0.636787 } }
		},
		lightprops =
		{
			on = Y,
			color = { 255, 255, 255 },
			diffuse = { 0, 0, 0 },
			specular = { 0, 0, 0 },
			ambient = { 0.447059, 0.584314, 0.811765 },
			direction = { 0, 0, 1 },
			range = 2000,
			cutoff = 98.99998,
			type = L_DIRECT,
			theta = 90,
			atten = { 1, 0, 0 }
		}
	},

	{
		entity_name = "Ambi_Key_NebulaClouds_Mkr",
		type = MARKER,
		template_name = "",
		lt_grp = 0, srt_grp = 0, usr_flg = 0,
		spatialprops =
		{
			pos = { 0, 0, 0 },
			orient = { { 1, 0, 0 }, { 0, 1, 0 }, { 0, 0, 1 } }
		}
	},

	{
		entity_name = "ambi_LtG00_Point_Overhead",
		type = LIGHT,
		template_name = "",
		lt_grp = 0, srt_grp = 0, usr_flg = 0,
		spatialprops =
		{
			pos = { -2.64115, 2, -6.120562 },
			orient = { { 1, 0, 0 }, { 0, 1, 0 }, { 0, 0, 1 } }
		},
		lightprops =
		{
			on = Y,
			color = { 255, 255, 255 },
			diffuse = { 0.729412, 0.603922, 0.552941 },
			specular = { 0, 0, 0 },
			ambient = { 0.086275, 0.082353, 0.07451 },
			direction = { 0, 0, 1 },
			range = 110,
			cutoff = 98.99998,
			type = L_POINT,
			theta = 90,
			atten = { 1, 0, 5e-005 }
		}
	},

	{
		entity_name = "ambi_starsphere_generic_nebula",
		type = COMPOUND,
		template_name = "starsphere_generic_exclusion",
		lt_grp = 23, srt_grp = -100, usr_flg = 2,
		flags = HIDDEN + LIT_DYNAMIC,
		spatialprops =
		{
			pos = { 0, 0, 0 },
			orient = { { 1, 0, 0 }, { 0, 1, 0 }, { 0, 0, 1 } }
		},
		userprops =
		{
			category = "Prop",
			NoFog = "Y",
		}
	},

	{
		entity_name = "ambi_LtG00_Pnt_Hall",
		type = LIGHT,
		template_name = "",
		lt_grp = 0, srt_grp = 0, usr_flg = 0,
		spatialprops =
		{
			pos = { 4.650308, 2, -7.857004 },
			orient = { { 1, 0, 0 }, { 0, 1, 0 }, { 0, 0, 1 } }
		},
		lightprops =
		{
			on = Y,
			color = { 255, 255, 255 },
			diffuse = { 1, 0.501961, 0.501961 },
			specular = { 0, 0, 0 },
			ambient = { 0, 0, 0 },
			direction = { 0, 0, 1 },
			range = 6,
			cutoff = 98.99998,
			type = L_POINT,
			theta = 90,
			atten = { 0.75, 0, 0.6 }
		}
	},

	{
		entity_name = "ambi_LtG09_Inf_Ext_Glow",
		type = LIGHT,
		template_name = "",
		lt_grp = 9, srt_grp = 0, usr_flg = 0,
		spatialprops =
		{
			pos = { 0.957667, 0, -0.356404 },
			orient = { { -0.251294,  0.000000,  0.967911 },
					   { -0.286059,  0.955330, -0.074268 },
					   { -0.924674, -0.295542, -0.240069 } }
		},
		lightprops =
		{
			on = Y,
			color = { 174, 232, 249 },
			diffuse = { 0.956863, 0.956863, 1 },
			specular = { 0, 0, 0 },
			ambient = { 0.082353, 0.082353, 0.082353 },
			direction = { 0, 0, 1 },
			range = 2000,
			cutoff = 99.99998,
			type = L_DIRECT,
			theta = 90,
			atten = { 0.75, 0, 0 }
		}
	},

	{
		entity_name = "ambi_LtG00_Point_Spcl_Sinclair",
		type = LIGHT,
		template_name = "",
		lt_grp = 0, srt_grp = 0, usr_flg = 0,
		spatialprops =
		{
			pos = { 6.755134, 1.25, -0.485478 },
			orient = { { 1, 0, 0 }, { 0, 1, 0 }, { 0, 0, 1 } }
		},
		lightprops =
		{
			on = Y,
			color = { 255, 255, 255 },
			diffuse = { 0.384314, 0.290196, 0.235294 },
			specular = { 0, 0, 0 },
			ambient = { 0.086275, 0.082353, 0.07451 },
			direction = { 0, 0, 1 },
			range = 2.5,
			cutoff = 98.99998,
			type = L_POINT,
			theta = 90,
			atten = { 0.5, 0, 4 }
		}
	}
};

events =
{
	{
		0.000, START_FOG_PROP_ANIM, { "Ambi_Layer_Basic_br_08_bar_Bw01_04" },
		{
			duration = 0.000,
			fogprops =
			{
				fogon = N,
				fogcolor = { 0, 0, 0 },
				fogmode = F_NONE,
				fogstart = 0,
				fogend = 0,
				fogdensity = 0
			}
		}
	},

	{
		0.000, START_SPATIAL_PROP_ANIM, { "ambi_starsphere_generic_nebula" },
		{
			duration = 10000.000,
			target_type = ROOT,
			spatialprops =
			{
				axisrot = { 1080, Y_AXIS }
			}
		}
	},

	{
		0.000, START_LIGHT_PROP_ANIM, { "ambi_LtG00_Inf_Ext_Glow" },
		{
			duration = 10000.000,
			lightprops =
			{
				diffuse = { 0.627451, 0.627451, 0.878431 },
			},
			param_curve =
			{
				CLSID = "FreeFormPCurve",
				points =
				{
					{  0.000000,  0.000000,  0.000000,  0.000000 },
					{  0.243590,  1.000000,  0.000000,  0.000000 },
					{  0.378205,  0.000000,  0.000000,  0.000000 },
					{  0.756410,  0.807692,  0.000000,  0.000000 },
					{  1.000000,  0.000000,  0.000000,  0.000000 },
				}
			},
			pcurve_period = 7000
		}
	},

	{
		0.000, START_LIGHT_PROP_ANIM, { "ambi_LtG09_Inf_Ext_Glow" },
		{
			duration = 10000.000,
			lightprops =
			{
				diffuse = { 0.627451, 0.627451, 0.878431 },
				ambient = { 0, 0, 0 },
			},
			param_curve =
			{
				CLSID = "FreeFormPCurve",
				points =
				{
					{  0.000000,  0.000000,  0.000000,  0.000000 },
					{  0.243590,  1.000000,  0.000000,  0.000000 },
					{  0.378205,  0.000000,  0.000000,  0.000000 },
					{  0.756410,  0.807692,  0.000000,  0.000000 },
					{  1.000000,  0.000000,  0.000000,  0.000000 },
				}
			},
			pcurve_period = 7000
		}
	}
};
