duration = 20.531;

entities =
{

	{
		entity_name = "Zg/NPC/mFloor2/01/A/Stand",
		type = MARKER,
		template_name = "",
		lt_grp = 0, srt_grp = 0, usr_flg = 0,
		spatialprops =
		{
			pos = { -4.890434, 0, 1.441118 },
			orient = { { -0.234385,  0.000000,  0.972144 },
					   {  0.000000,  1.000000,  0.000000 },
					   { -0.972144,  0.000000, -0.234385 } }
		}
	},

	{
		entity_name = "Zg/NPC/mFloor2/01/B/Stand",
		type = MARKER,
		template_name = "",
		lt_grp = 0, srt_grp = 0, usr_flg = 0,
		spatialprops =
		{
			pos = { -3.637189, 0, 1.248429 },
			orient = { { -0.528613,  0.000000, -0.848863 },
					   {  0.000000,  1.000000,  0.000000 },
					   {  0.848863,  0.000000, -0.528613 } }
		}
	},

	{
		entity_name = "Zg/NPC/mTable4/01/A/SitLow",
		type = MARKER,
		template_name = "",
		lt_grp = 0, srt_grp = 0, usr_flg = 0,
		spatialprops =
		{
			pos = { -3.977602, 0, 3.297936 },
			orient = { { -0.711076,  0.000000,  0.703116 },
					   {  0.000000,  1.000000,  0.000000 },
					   { -0.703116,  0.000000, -0.711076 } }
		}
	},

	{
		entity_name = "Zg/NPC/mTable4/01/B/SitLow",
		type = MARKER,
		template_name = "",
		lt_grp = 0, srt_grp = 0, usr_flg = 0,
		spatialprops =
		{
			pos = { -2.519024, 0, 3.293573 },
			orient = { { -0.718031,  0.000000, -0.696011 },
					   {  0.000000,  1.000000,  0.000000 },
					   {  0.696011,  0.000000, -0.718031 } }
		}
	},

	{
		entity_name = "Zs/NPC/Bartender/01/A/Stand",
		type = MARKER,
		template_name = "",
		lt_grp = 0, srt_grp = 0, usr_flg = 0,
		spatialprops =
		{
			pos = { 4.469178, 0, 2.511346 },
			orient = { {  0.008690,  0.000000, -0.999962 },
					   {  0.000000,  1.000000,  0.000000 },
					   {  0.999962,  0.000000,  0.008690 } }
		}
	},

	{
		entity_name = "Layer_ku_02_Bar_hardpoint",
		type = SCENE,
		template_name = "",
		lt_grp = 0, srt_grp = 0, usr_flg = 0,
		spatialprops =
		{
			pos = { 0, 0, 0 },
			orient = { { 1, 0, 0 }, { 0, 1, 0 }, { 0, 0, 1 } }
		},
		up = Y_AXIS,
		front = Z_AXIS,
		ambient = { 0, 0, 0 }
	},

	{
		entity_name = "Set_ku_02_bar",
		type = COMPOUND,
		template_name = "ku_02_bar",
		lt_grp = 9, srt_grp = 0, usr_flg = 0,
		flags = LIT_DYNAMIC,
		spatialprops =
		{
			pos = { 0, 0, 0 },
			orient = { { 1, 0, 0 }, { 0, 1, 0 }, { 0, 0, 1 } }
		},
		userprops =
		{
			category = "Room",
		}
	},

	{
		entity_name = "Camera_Mission",
		type = CAMERA,
		template_name = "",
		lt_grp = 0, srt_grp = 0, usr_flg = 0,
		spatialprops =
		{
			pos = { 1.375554, 2.36523, 2.328999 },
			orient = { {  0.878658,  0.000000,  0.477452 },
					   {  0.080815,  0.985571, -0.148724 },
					   { -0.470563,  0.169263,  0.865980 } }
		},
		cameraprops =
		{
			fovh = 30,
			hvaspect = 1.333333,
			nearplane = 0.3,
			farplane = 200
		}
	},

	{
		entity_name = "Zg/NPC/mTable4/02/B/SitLow",
		type = MARKER,
		template_name = "",
		lt_grp = 0, srt_grp = 0, usr_flg = 0,
		spatialprops =
		{
			pos = { -0.163024, 0, 3.288631 },
			orient = { { -0.694407,  0.000000, -0.719583 },
					   {  0.000000,  1.000000,  0.000000 },
					   {  0.719583,  0.000000, -0.694407 } }
		}
	},

	{
		entity_name = "Zg/NPC/mTable4/02/A/SitLow",
		type = MARKER,
		template_name = "",
		lt_grp = 0, srt_grp = 0, usr_flg = 0,
		spatialprops =
		{
			pos = { -0.150643, 0, 4.743724 },
			orient = { {  0.690118,  0.000000, -0.723697 },
					   {  0.000000,  1.000000,  0.000000 },
					   {  0.723697,  0.000000,  0.690118 } }
		}
	},

	{
		entity_name = "Zg/NPC/mTable4/03/A/SitLow",
		type = MARKER,
		template_name = "",
		lt_grp = 0, srt_grp = 0, usr_flg = 0,
		spatialprops =
		{
			pos = { 2.228733, 0, 3.291078 },
			orient = { { -0.698834,  0.000000, -0.715284 },
					   {  0.000000,  1.000000,  0.000000 },
					   {  0.715284,  0.000000, -0.698834 } }
		}
	},

	{
		entity_name = "Zg/NPC/mTable4/03/B/SitLow",
		type = MARKER,
		template_name = "",
		lt_grp = 0, srt_grp = 0, usr_flg = 0,
		spatialprops =
		{
			pos = { 0.775013, 0, 3.298713 },
			orient = { { -0.700759,  0.000000,  0.713398 },
					   {  0.000000,  1.000000,  0.000000 },
					   { -0.713398,  0.000000, -0.700759 } }
		}
	},

	{
		entity_name = "Zg/NPC/mTable4/02/C/SitLow",
		type = MARKER,
		template_name = "",
		lt_grp = 0, srt_grp = 0, usr_flg = 0,
		spatialprops =
		{
			pos = { -1.595729, 0, 4.749219 },
			orient = { {  0.701251,  0.000000,  0.712915 },
					   {  0.000000,  1.000000,  0.000000 },
					   { -0.712915,  0.000000,  0.701251 } }
		}
	},

	{
		entity_name = "Zg/NPC/mTable4/02/D/SitLow",
		type = MARKER,
		template_name = "",
		lt_grp = 0, srt_grp = 0, usr_flg = 0,
		spatialprops =
		{
			pos = { -1.603831, 0, 3.293716 },
			orient = { { -0.710308,  0.000000,  0.703891 },
					   {  0.000000,  1.000000,  0.000000 },
					   { -0.703891,  0.000000, -0.710308 } }
		}
	},

	{
		entity_name = "Zg/NPC/mTable4/03/D/SitLow",
		type = MARKER,
		template_name = "",
		lt_grp = 0, srt_grp = 0, usr_flg = 0,
		spatialprops =
		{
			pos = { 0.769748, 0, 4.747353 },
			orient = { {  0.702498,  0.000000,  0.711686 },
					   {  0.000000,  1.000000,  0.000000 },
					   { -0.711686,  0.000000,  0.702498 } }
		}
	},

	{
		entity_name = "Zg/NPC/mTable4/03/C/SitLow",
		type = MARKER,
		template_name = "",
		lt_grp = 0, srt_grp = 0, usr_flg = 0,
		spatialprops =
		{
			pos = { 2.230906, 0, 4.728919 },
			orient = { {  0.702177,  0.000000, -0.712003 },
					   {  0.000000,  1.000000,  0.000000 },
					   {  0.712003,  0.000000,  0.702177 } }
		}
	},

	{
		entity_name = "Zg/NPC/rTable4/01/A/SitLow",
		type = MARKER,
		template_name = "",
		lt_grp = 0, srt_grp = 0, usr_flg = 0,
		spatialprops =
		{
			pos = { -4.036372, 0, -6.964562 },
			orient = { { -0.719019,  0.000000,  0.694991 },
					   {  0.000000,  1.000000,  0.000000 },
					   { -0.694991,  0.000000, -0.719019 } }
		}
	},

	{
		entity_name = "Zg/NPC/rTable4/02/B/SitLow",
		type = MARKER,
		template_name = "",
		lt_grp = 0, srt_grp = 0, usr_flg = 0,
		spatialprops =
		{
			pos = { -2.563153, 0, -4.728858 },
			orient = { { -0.692789,  0.000000, -0.721141 },
					   {  0.000000,  1.000000,  0.000000 },
					   {  0.721141,  0.000000, -0.692789 } }
		}
	},

	{
		entity_name = "Zg/NPC/rTable4/02/C/SitLow",
		type = MARKER,
		template_name = "",
		lt_grp = 0, srt_grp = 0, usr_flg = 0,
		spatialprops =
		{
			pos = { -2.518682, 0, -3.293639 },
			orient = { {  0.716894,  0.000000, -0.697182 },
					   {  0.000000,  1.000000,  0.000000 },
					   {  0.697182,  0.000000,  0.716894 } }
		}
	},

	{
		entity_name = "Zg/NPC/rTable4/02/A/SitLow",
		type = MARKER,
		template_name = "",
		lt_grp = 0, srt_grp = 0, usr_flg = 0,
		spatialprops =
		{
			pos = { -3.968539, 0, -3.237233 },
			orient = { {  0.713329,  0.000000,  0.700829 },
					   {  0.000000,  1.000000,  0.000000 },
					   { -0.700829,  0.000000,  0.713329 } }
		}
	},

	{
		entity_name = "Zg/NPC/rTable4/02/D/SitLow",
		type = MARKER,
		template_name = "",
		lt_grp = 0, srt_grp = 0, usr_flg = 0,
		spatialprops =
		{
			pos = { -4.000546, 0, -4.715786 },
			orient = { { -0.760809,  0.000000,  0.648976 },
					   {  0.000000,  1.000000,  0.000000 },
					   { -0.648976,  0.000000, -0.760809 } }
		}
	},

	{
		entity_name = "Zg/NPC/rTable4/01/B/SitLow",
		type = MARKER,
		template_name = "",
		lt_grp = 0, srt_grp = 0, usr_flg = 0,
		spatialprops =
		{
			pos = { -2.55363, 0, -6.984882 },
			orient = { { -0.734466,  0.000000, -0.678645 },
					   {  0.000000,  1.000000,  0.000000 },
					   {  0.678645,  0.000000, -0.734466 } }
		}
	},

	{
		entity_name = "Zg/NPC/rTable4/01/C/SitLow",
		type = MARKER,
		template_name = "",
		lt_grp = 0, srt_grp = 0, usr_flg = 0,
		spatialprops =
		{
			pos = { -2.533804, 0, -5.54197 },
			orient = { {  0.704635,  0.000000, -0.709570 },
					   {  0.000000,  1.000000,  0.000000 },
					   {  0.709570,  0.000000,  0.704635 } }
		}
	},

	{
		entity_name = "Zg/NPC/rTable4/01/D/SitLow",
		type = MARKER,
		template_name = "",
		lt_grp = 0, srt_grp = 0, usr_flg = 0,
		spatialprops =
		{
			pos = { -3.985817, 0, -5.504297 },
			orient = { {  0.729877,  0.000000,  0.683579 },
					   {  0.000000,  1.000000,  0.000000 },
					   { -0.683579,  0.000000,  0.729877 } }
		}
	},

	{
		entity_name = "Zg/PC/Player/01/A/Stand",
		type = MARKER,
		template_name = "",
		lt_grp = 0, srt_grp = 0, usr_flg = 0,
		spatialprops =
		{
			pos = { -2.858708, 0, -7.499821 },
			orient = { { -0.999999,  0.000000, -0.001274 },
					   {  0.000000,  1.000000,  0.000000 },
					   {  0.001274,  0.000000, -0.999999 } }
		}
	},

	{
		entity_name = "Zg/NPC/mTable4/01/C/SitLow",
		type = MARKER,
		template_name = "",
		lt_grp = 0, srt_grp = 0, usr_flg = 0,
		spatialprops =
		{
			pos = { -2.52302, 0, 4.746188 },
			orient = { {  0.707935,  0.000000, -0.706278 },
					   {  0.000000,  1.000000,  0.000000 },
					   {  0.706278,  0.000000,  0.707935 } }
		}
	},

	{
		entity_name = "Zg/NPC/mTable4/01/D/SitLow",
		type = MARKER,
		template_name = "",
		lt_grp = 0, srt_grp = 0, usr_flg = 0,
		spatialprops =
		{
			pos = { -3.981117, 0, 4.75863 },
			orient = { {  0.714502,  0.000000,  0.699633 },
					   {  0.000000,  1.000000,  0.000000 },
					   { -0.699633,  0.000000,  0.714502 } }
		}
	},

	{
		entity_name = "Camera_0",
		type = CAMERA,
		template_name = "",
		lt_grp = 0, srt_grp = 0, usr_flg = 0,
		spatialprops =
		{
			pos = { -1.999332, 5.310482, 9.161742 },
			orient = { {  0.983996,  0.000000,  0.178191 },
					   {  0.080738,  0.891459, -0.445850 },
					   { -0.158850,  0.453101,  0.877192 } }
		},
		cameraprops =
		{
			fovh = 35,
			hvaspect = 1.333333,
			nearplane = 0.3,
			farplane = 200
		}
	},

	{
		entity_name = "Zs/NPC/mTable4/01/AC2/Camera",
		type = CAMERA,
		template_name = "",
		lt_grp = 0, srt_grp = 0, usr_flg = 0,
		flags = HIDDEN,
		spatialprops =
		{
			pos = { -2.026565, 1.729019, 4.849108 },
			orient = { {  0.825856,  0.000000, -0.563881 },
					   { -0.116739,  0.978335, -0.170975 },
					   {  0.551665,  0.207027,  0.807964 } }
		},
		cameraprops =
		{
			fovh = 30,
			hvaspect = 1.85,
			nearplane = 0.3,
			farplane = 4000
		}
	},

	{
		entity_name = "Zs/NPC/mTable4/01/ACOH/Camera",
		type = CAMERA,
		template_name = "",
		lt_grp = 0, srt_grp = 0, usr_flg = 0,
		flags = HIDDEN,
		spatialprops =
		{
			pos = { -1.812962, 1.93371, 4.075992 },
			orient = { {  0.454857,  0.000000, -0.890565 },
					   { -0.363274,  0.913020, -0.185543 },
					   {  0.813103,  0.407915,  0.415293 } }
		},
		cameraprops =
		{
			fovh = 20,
			hvaspect = 1.85,
			nearplane = 0.3,
			farplane = 4000
		}
	},

	{
		entity_name = "Zs/NPC/mTable4/01/ACOL/Camera",
		type = CAMERA,
		template_name = "",
		lt_grp = 0, srt_grp = 0, usr_flg = 0,
		flags = HIDDEN,
		spatialprops =
		{
			pos = { -1.72461, 1.375642, 4.414206 },
			orient = { {  0.548612,  0.000000, -0.836077 },
					   { -0.144721,  0.984905, -0.094962 },
					   {  0.823456,  0.173096,  0.540331 } }
		},
		cameraprops =
		{
			fovh = 20,
			hvaspect = 1.85,
			nearplane = 0.3,
			farplane = 4000
		}
	},

	{
		entity_name = "Zs/NPC/mTable4/01/ACS/Camera",
		type = CAMERA,
		template_name = "",
		lt_grp = 0, srt_grp = 0, usr_flg = 0,
		flags = HIDDEN,
		spatialprops =
		{
			pos = { -2.574043, 1.385766, 4.171626 },
			orient = { {  0.608716,  0.000000, -0.793388 },
					   { -0.146651,  0.982768, -0.112516 },
					   {  0.779717,  0.184842,  0.598227 } }
		},
		cameraprops =
		{
			fovh = 20,
			hvaspect = 1.85,
			nearplane = 0.3,
			farplane = 4000
		}
	},

	{
		entity_name = "Zs/NPC/mTable4/01/ACU/Camera",
		type = CAMERA,
		template_name = "",
		lt_grp = 0, srt_grp = 0, usr_flg = 0,
		flags = HIDDEN,
		spatialprops =
		{
			pos = { -3.111392, 1.348911, 3.80496 },
			orient = { {  0.551127,  0.000000, -0.834421 },
					   { -0.136163,  0.986596, -0.089934 },
					   {  0.823237,  0.163182,  0.543740 } }
		},
		cameraprops =
		{
			fovh = 20,
			hvaspect = 1.85,
			nearplane = 0.3,
			farplane = 4000
		}
	},

	{
		entity_name = "Zs/NPC/mTable4/01/PC2/Camera",
		type = CAMERA,
		template_name = "",
		lt_grp = 0, srt_grp = 0, usr_flg = 0,
		flags = HIDDEN,
		spatialprops =
		{
			pos = { -4.380525, 1.683353, 5.231288 },
			orient = { {  0.833615,  0.000000,  0.552346 },
					   {  0.130089,  0.971869, -0.196334 },
					   { -0.536808,  0.235521,  0.810165 } }
		},
		cameraprops =
		{
			fovh = 30,
			hvaspect = 1.85,
			nearplane = 0.3,
			farplane = 4000
		}
	},

	{
		entity_name = "Zs/NPC/mTable4/01/PCO/Camera",
		type = CAMERA,
		template_name = "",
		lt_grp = 0, srt_grp = 0, usr_flg = 0,
		flags = HIDDEN,
		spatialprops =
		{
			pos = { -4.544323, 1.14569, 3.707562 },
			orient = { {  0.191563,  0.000000,  0.981480 },
					   { -0.108944,  0.993820,  0.021263 },
					   { -0.975415, -0.111000,  0.190379 } }
		},
		cameraprops =
		{
			fovh = 20,
			hvaspect = 1.85,
			nearplane = 0.3,
			farplane = 4000
		}
	},

	{
		entity_name = "Zs/NPC/mTable4/01/PCS/Camera",
		type = CAMERA,
		template_name = "",
		lt_grp = 0, srt_grp = 0, usr_flg = 0,
		flags = HIDDEN,
		spatialprops =
		{
			pos = { -3.795996, 1.436387, 3.629673 },
			orient = { {  0.126474,  0.000000,  0.991970 },
					   { -0.073698,  0.997236,  0.009396 },
					   { -0.989229, -0.074294,  0.126124 } }
		},
		cameraprops =
		{
			fovh = 20,
			hvaspect = 1.85,
			nearplane = 0.3,
			farplane = 4000
		}
	},

	{
		entity_name = "Zs/NPC/mTable4/01/PCU/Camera",
		type = CAMERA,
		template_name = "",
		lt_grp = 0, srt_grp = 0, usr_flg = 0,
		flags = HIDDEN,
		spatialprops =
		{
			pos = { -3.250991, 1.521728, 3.684178 },
			orient = { {  0.152829,  0.000000,  0.988253 },
					   { -0.120526,  0.992535,  0.018639 },
					   { -0.980876, -0.121959,  0.151688 } }
		},
		cameraprops =
		{
			fovh = 20,
			hvaspect = 1.85,
			nearplane = 0.3,
			farplane = 4000
		}
	},

	{
		entity_name = "Zs/NPC/mTable4/01/WFC/Camera",
		type = CAMERA,
		template_name = "",
		lt_grp = 0, srt_grp = 0, usr_flg = 0,
		flags = HIDDEN,
		spatialprops =
		{
			pos = { -4.367329, 4.210557, 7.356805 },
			orient = { {  0.836099,  0.000000,  0.548579 },
					   {  0.282373,  0.857350, -0.430369 },
					   { -0.470324,  0.514734,  0.716829 } }
		},
		cameraprops =
		{
			fovh = 30,
			hvaspect = 1.85,
			nearplane = 0.3,
			farplane = 4000
		}
	},

	{
		entity_name = "Zs/NPC/mTable4/01/TCI/Camera",
		type = CAMERA,
		template_name = "",
		lt_grp = 0, srt_grp = 0, usr_flg = 0,
		flags = HIDDEN,
		spatialprops =
		{
			pos = { -3.406438, 1.991657, 4.909417 },
			orient = { {  0.996516,  0.000000, -0.083403 },
					   { -0.060173,  0.692441, -0.718961 },
					   {  0.057751,  0.721475,  0.690028 } }
		},
		cameraprops =
		{
			fovh = 15,
			hvaspect = 1.85,
			nearplane = 0.3,
			farplane = 4000
		}
	},

	{
		entity_name = "Zs/NPC/mTable4/03/ACOH/Camera",
		type = CAMERA,
		template_name = "",
		lt_grp = 0, srt_grp = 0, usr_flg = 0,
		flags = HIDDEN,
		spatialprops =
		{
			pos = { 0.017062, 1.979171, 4.218573 },
			orient = { {  0.517637,  0.000000,  0.855601 },
					   {  0.365824,  0.903985, -0.221323 },
					   { -0.773450,  0.427563,  0.467936 } }
		},
		cameraprops =
		{
			fovh = 20,
			hvaspect = 1.85,
			nearplane = 0.3,
			farplane = 4000
		}
	},

	{
		entity_name = "Zs/NPC/mTable4/03/WFC/Camera",
		type = CAMERA,
		template_name = "",
		lt_grp = 0, srt_grp = 0, usr_flg = 0,
		flags = HIDDEN,
		spatialprops =
		{
			pos = { 4.271996, 2.398809, 4.067815 },
			orient = { {  0.345363,  0.000000, -0.938469 },
					   { -0.371176,  0.918461, -0.136595 },
					   {  0.861947,  0.395512,  0.317202 } }
		},
		cameraprops =
		{
			fovh = 30,
			hvaspect = 1.85,
			nearplane = 0.3,
			farplane = 4000
		}
	},

	{
		entity_name = "Zs/NPC/mTable4/03/TCI/Camera",
		type = CAMERA,
		template_name = "",
		lt_grp = 0, srt_grp = 0, usr_flg = 0,
		flags = HIDDEN,
		spatialprops =
		{
			pos = { 1.705336, 1.908024, 4.978474 },
			orient = { {  0.999776,  0.000000, -0.021179 },
					   { -0.014030,  0.749087, -0.662323 },
					   {  0.015865,  0.662472,  0.748919 } }
		},
		cameraprops =
		{
			fovh = 15,
			hvaspect = 1.85,
			nearplane = 0.3,
			farplane = 4000
		}
	},

	{
		entity_name = "Zs/NPC/mTable4/03/PCU/Camera",
		type = CAMERA,
		template_name = "",
		lt_grp = 0, srt_grp = 0, usr_flg = 0,
		flags = HIDDEN,
		spatialprops =
		{
			pos = { 1.473073, 1.572397, 3.674757 },
			orient = { {  0.061103,  0.000000, -0.998132 },
					   {  0.068666,  0.997631,  0.004204 },
					   {  0.995767, -0.068795,  0.060958 } }
		},
		cameraprops =
		{
			fovh = 20,
			hvaspect = 1.85,
			nearplane = 0.3,
			farplane = 4000
		}
	},

	{
		entity_name = "Zs/NPC/mTable4/03/PCS/Camera",
		type = CAMERA,
		template_name = "",
		lt_grp = 0, srt_grp = 0, usr_flg = 0,
		flags = HIDDEN,
		spatialprops =
		{
			pos = { 2.024567, 1.436384, 3.69703 },
			orient = { {  0.118595,  0.000000, -0.992943 },
					   {  0.065047,  0.997852,  0.007769 },
					   {  0.990810, -0.065509,  0.118340 } }
		},
		cameraprops =
		{
			fovh = 20,
			hvaspect = 1.85,
			nearplane = 0.3,
			farplane = 4000
		}
	},

	{
		entity_name = "Zs/NPC/mTable4/03/PCO/Camera",
		type = CAMERA,
		template_name = "",
		lt_grp = 0, srt_grp = 0, usr_flg = 0,
		flags = HIDDEN,
		spatialprops =
		{
			pos = { 2.803363, 1.144211, 3.659927 },
			orient = { {  0.146652,  0.000000, -0.989188 },
					   {  0.109697,  0.993832,  0.016263 },
					   {  0.983087, -0.110896,  0.145747 } }
		},
		cameraprops =
		{
			fovh = 20,
			hvaspect = 1.85,
			nearplane = 0.3,
			farplane = 4000
		}
	},

	{
		entity_name = "Zs/NPC/mTable4/03/PC2/Camera",
		type = CAMERA,
		template_name = "",
		lt_grp = 0, srt_grp = 0, usr_flg = 0,
		flags = HIDDEN,
		spatialprops =
		{
			pos = { 2.609229, 1.649338, 5.153721 },
			orient = { {  0.803808,  0.000000, -0.594889 },
					   { -0.132533,  0.974867, -0.179077 },
					   {  0.579938,  0.222786,  0.783606 } }
		},
		cameraprops =
		{
			fovh = 30,
			hvaspect = 1.85,
			nearplane = 0.3,
			farplane = 4000
		}
	},

	{
		entity_name = "Zs/NPC/mTable4/03/ACU/Camera",
		type = CAMERA,
		template_name = "",
		lt_grp = 0, srt_grp = 0, usr_flg = 0,
		flags = HIDDEN,
		spatialprops =
		{
			pos = { 1.334257, 1.375935, 3.820322 },
			orient = { {  0.581237,  0.000000,  0.813735 },
					   {  0.153817,  0.981972, -0.109869 },
					   { -0.799065,  0.189026,  0.570758 } }
		},
		cameraprops =
		{
			fovh = 20,
			hvaspect = 1.85,
			nearplane = 0.3,
			farplane = 4000
		}
	},

	{
		entity_name = "Zs/NPC/mTable4/03/ACS/Camera",
		type = CAMERA,
		template_name = "",
		lt_grp = 0, srt_grp = 0, usr_flg = 0,
		flags = HIDDEN,
		spatialprops =
		{
			pos = { 0.801689, 1.34579, 4.109553 },
			orient = { {  0.594604,  0.000000,  0.804019 },
					   {  0.131359,  0.986564, -0.097145 },
					   { -0.793216,  0.163378,  0.586615 } }
		},
		cameraprops =
		{
			fovh = 20,
			hvaspect = 1.85,
			nearplane = 0.3,
			farplane = 4000
		}
	},

	{
		entity_name = "Zs/NPC/mTable4/03/ACOL/Camera",
		type = CAMERA,
		template_name = "",
		lt_grp = 0, srt_grp = 0, usr_flg = 0,
		flags = HIDDEN,
		spatialprops =
		{
			pos = { 0.071596, 1.434838, 4.412883 },
			orient = { {  0.585923,  0.000000,  0.810366 },
					   {  0.159291,  0.980491, -0.115173 },
					   { -0.794557,  0.196566,  0.574492 } }
		},
		cameraprops =
		{
			fovh = 20,
			hvaspect = 1.85,
			nearplane = 0.3,
			farplane = 4000
		}
	},

	{
		entity_name = "Zs/NPC/mTable4/03/AC2/Camera",
		type = CAMERA,
		template_name = "",
		lt_grp = 0, srt_grp = 0, usr_flg = 0,
		flags = HIDDEN,
		spatialprops =
		{
			pos = { 0.632268, 1.702196, 5.339496 },
			orient = { {  0.958062,  0.000000,  0.286562 },
					   {  0.060974,  0.977101, -0.203853 },
					   { -0.280000,  0.212777,  0.936123 } }
		},
		cameraprops =
		{
			fovh = 30,
			hvaspect = 1.85,
			nearplane = 0.3,
			farplane = 4000
		}
	},

	{
		entity_name = "Zs/NPC/mTable4/01/P2/Stand",
		type = MARKER,
		template_name = "",
		lt_grp = 0, srt_grp = 0, usr_flg = 0,
		spatialprops =
		{
			pos = { -2.265663, 0, 3.634569 },
			orient = { {  0.051826,  0.000000, -0.998656 },
					   {  0.000000,  1.000000,  0.000000 },
					   {  0.998656,  0.000000,  0.051826 } }
		}
	},

	{
		entity_name = "Zs/NPC/mTable4/01/P/Stand",
		type = MARKER,
		template_name = "",
		lt_grp = 0, srt_grp = 0, usr_flg = 0,
		spatialprops =
		{
			pos = { -1.751958, -0.0054, 3.620774 },
			orient = { {  0.051826,  0.000000, -0.998656 },
					   {  0.000000,  1.000000,  0.000000 },
					   {  0.998656,  0.000000,  0.051826 } }
		}
	},

	{
		entity_name = "Zs/NPC/mTable4/03/P2/Stand",
		type = MARKER,
		template_name = "",
		lt_grp = 0, srt_grp = 0, usr_flg = 0,
		spatialprops =
		{
			pos = { 0.475756, 0, 3.710111 },
			orient = { {  0.120991,  0.000000,  0.992654 },
					   {  0.000000,  1.000000,  0.000000 },
					   { -0.992654,  0.000000,  0.120991 } }
		}
	},

	{
		entity_name = "Zs/NPC/mTable4/03/P/Stand",
		type = MARKER,
		template_name = "",
		lt_grp = 0, srt_grp = 0, usr_flg = 0,
		spatialprops =
		{
			pos = { -0.027892, 0, 3.812197 },
			orient = { {  0.120991,  0.000000,  0.992654 },
					   {  0.000000,  1.000000,  0.000000 },
					   { -0.992654,  0.000000,  0.120991 } }
		}
	},

	{
		entity_name = "Zs/NPC/mTable4/03/Prop",
		type = MARKER,
		template_name = "",
		lt_grp = 0, srt_grp = 0, usr_flg = 0,
		spatialprops =
		{
			pos = { 1.67865, 0.793705, 3.718745 },
			orient = { { -0.059704,  0.000000,  0.998216 },
					   {  0.000000,  1.000000,  0.000000 },
					   { -0.998216,  0.000000, -0.059704 } }
		}
	},

	{
		entity_name = "Zs/NPC/mTable4/01/Prop",
		type = MARKER,
		template_name = "",
		lt_grp = 0, srt_grp = 0, usr_flg = 0,
		spatialprops =
		{
			pos = { -3.503355, 0.793842, 3.76807 },
			orient = { { -0.144380,  0.000000, -0.989522 },
					   {  0.000000,  1.000000,  0.000000 },
					   {  0.989522,  0.000000, -0.144380 } }
		}
	},

	{
		entity_name = "Zs/NPC/mFloor2/01/AC2/Camera",
		type = CAMERA,
		template_name = "",
		lt_grp = 0, srt_grp = 0, usr_flg = 0,
		flags = HIDDEN,
		spatialprops =
		{
			pos = { -3.680109, 1.712471, 2.65081 },
			orient = { {  0.879993,  0.000000, -0.474986 },
					   { -0.088216,  0.982602, -0.163435 },
					   {  0.466722,  0.185723,  0.864683 } }
		},
		cameraprops =
		{
			fovh = 30,
			hvaspect = 1.85,
			nearplane = 0.3,
			farplane = 4000
		}
	},

	{
		entity_name = "Zs/NPC/mFloor2/01/ACOH/Camera",
		type = CAMERA,
		template_name = "",
		lt_grp = 0, srt_grp = 0, usr_flg = 0,
		flags = HIDDEN,
		spatialprops =
		{
			pos = { -3.375516, 1.762674, 1.749974 },
			orient = { {  0.377841,  0.000000, -0.925871 },
					   { -0.167859,  0.983428, -0.068502 },
					   {  0.910527,  0.181299,  0.371579 } }
		},
		cameraprops =
		{
			fovh = 25,
			hvaspect = 1.85,
			nearplane = 0.3,
			farplane = 4000
		}
	},

	{
		entity_name = "Zs/NPC/mFloor2/01/ACS/Camera",
		type = CAMERA,
		template_name = "",
		lt_grp = 0, srt_grp = 0, usr_flg = 0,
		flags = HIDDEN,
		spatialprops =
		{
			pos = { -3.761576, 1.670566, 1.731951 },
			orient = { {  0.413392,  0.000000, -0.910553 },
					   { -0.083812,  0.995755, -0.038051 },
					   {  0.906688,  0.092045,  0.411637 } }
		},
		cameraprops =
		{
			fovh = 25,
			hvaspect = 1.85,
			nearplane = 0.3,
			farplane = 4000
		}
	},

	{
		entity_name = "Zs/NPC/mFloor2/01/ACU/Camera",
		type = CAMERA,
		template_name = "",
		lt_grp = 0, srt_grp = 0, usr_flg = 0,
		flags = HIDDEN,
		spatialprops =
		{
			pos = { -4.073401, 1.716265, 1.601938 },
			orient = { {  0.303037,  0.000000, -0.952979 },
					   { -0.089511,  0.995579, -0.028464 },
					   {  0.948766,  0.093927,  0.301698 } }
		},
		cameraprops =
		{
			fovh = 25,
			hvaspect = 1.85,
			nearplane = 0.3,
			farplane = 4000
		}
	},

	{
		entity_name = "Zs/NPC/mFloor2/01/P/Stand",
		type = MARKER,
		template_name = "",
		lt_grp = 0, srt_grp = 0, usr_flg = 0,
		spatialprops =
		{
			pos = { -3.27516, 0, 1.33509 },
			orient = { { -0.024573,  0.000000, -0.999698 },
					   {  0.000000,  1.000000,  0.000000 },
					   {  0.999698,  0.000000, -0.024573 } }
		}
	},

	{
		entity_name = "Zs/NPC/mFloor2/01/P2/Stand",
		type = MARKER,
		template_name = "",
		lt_grp = 0, srt_grp = 0, usr_flg = 0,
		spatialprops =
		{
			pos = { -3.786312, 0, 1.388066 },
			orient = { { -0.024573,  0.000000, -0.999698 },
					   {  0.000000,  1.000000,  0.000000 },
					   {  0.999698,  0.000000, -0.024573 } }
		}
	},

	{
		entity_name = "Zs/NPC/mFloor2/01/PC2/Camera",
		type = CAMERA,
		template_name = "",
		lt_grp = 0, srt_grp = 0, usr_flg = 0,
		flags = HIDDEN,
		spatialprops =
		{
			pos = { -5.068514, 1.692124, 2.677407 },
			orient = { {  0.890143,  0.000000,  0.455681 },
					   {  0.081623,  0.983827, -0.159445 },
					   { -0.448312,  0.179123,  0.875746 } }
		},
		cameraprops =
		{
			fovh = 30,
			hvaspect = 1.85,
			nearplane = 0.3,
			farplane = 4000
		}
	},

	{
		entity_name = "Zs/NPC/mFloor2/01/PCO/Camera",
		type = CAMERA,
		template_name = "",
		lt_grp = 0, srt_grp = 0, usr_flg = 0,
		flags = HIDDEN,
		spatialprops =
		{
			pos = { -5.204367, 1.759313, 1.868652 },
			orient = { {  0.511385,  0.000000,  0.859352 },
					   {  0.160269,  0.982455, -0.095373 },
					   { -0.844275,  0.186500,  0.502412 } }
		},
		cameraprops =
		{
			fovh = 25,
			hvaspect = 1.85,
			nearplane = 0.3,
			farplane = 4000
		}
	},

	{
		entity_name = "Zs/NPC/mFloor2/01/PCS/Camera",
		type = CAMERA,
		template_name = "",
		lt_grp = 0, srt_grp = 0, usr_flg = 0,
		flags = HIDDEN,
		spatialprops =
		{
			pos = { -4.895308, 1.694801, 1.7961 },
			orient = { {  0.493540,  0.000000,  0.869723 },
					   {  0.104132,  0.992806, -0.059091 },
					   { -0.863467,  0.119730,  0.489990 } }
		},
		cameraprops =
		{
			fovh = 25,
			hvaspect = 1.85,
			nearplane = 0.3,
			farplane = 4000
		}
	},

	{
		entity_name = "Zs/NPC/mFloor2/01/PCU/Camera",
		type = CAMERA,
		template_name = "",
		lt_grp = 0, srt_grp = 0, usr_flg = 0,
		flags = HIDDEN,
		spatialprops =
		{
			pos = { -4.513697, 1.716145, 1.637714 },
			orient = { {  0.431595,  0.000000,  0.902067 },
					   {  0.080440,  0.996016, -0.038487 },
					   { -0.898474,  0.089173,  0.429876 } }
		},
		cameraprops =
		{
			fovh = 25,
			hvaspect = 1.85,
			nearplane = 0.3,
			farplane = 4000
		}
	},

	{
		entity_name = "Zs/NPC/mFloor2/01/WFC/Camera",
		type = CAMERA,
		template_name = "",
		lt_grp = 0, srt_grp = 0, usr_flg = 0,
		flags = HIDDEN,
		spatialprops =
		{
			pos = { -4.72122, 3.846933, 3.569991 },
			orient = { {  0.978457,  0.000000,  0.206452 },
					   {  0.164280,  0.605651, -0.778588 },
					   { -0.125038,  0.795731,  0.592603 } }
		},
		cameraprops =
		{
			fovh = 30,
			hvaspect = 1.85,
			nearplane = 0.3,
			farplane = 4000
		}
	},

	{
		entity_name = "Zs/NPC/mFloor2/01/TCI/Camera",
		type = CAMERA,
		template_name = "",
		lt_grp = 0, srt_grp = 0, usr_flg = 0,
		flags = HIDDEN,
		spatialprops =
		{
			pos = { -3.931893, 2.087842, 2.134625 },
			orient = { {  0.704273,  0.000000, -0.709929 },
					   { -0.549905,  0.632463, -0.545524 },
					   {  0.449004,  0.774591,  0.445426 } }
		},
		cameraprops =
		{
			fovh = 15,
			hvaspect = 1.85,
			nearplane = 0.3,
			farplane = 4000
		}
	},

	{
		entity_name = "Camera_News",
		type = CAMERA,
		template_name = "",
		lt_grp = 0, srt_grp = 0, usr_flg = 0,
		spatialprops =
		{
			pos = { 0.122562, 2.577844, 4.724858 },
			orient = { {  0.999663,  0.000000,  0.025979 },
					   {  0.003705,  0.989780, -0.142555 },
					   { -0.025713,  0.142603,  0.989446 } }
		},
		cameraprops =
		{
			fovh = 30,
			hvaspect = 1.333333,
			nearplane = 0.3,
			farplane = 200
		}
	},

	{
		entity_name = "LtGlareSource",
		type = LIGHT,
		template_name = "",
		lt_grp = 0, srt_grp = 0, usr_flg = 0,
		spatialprops =
		{
			pos = { -1.999332, 15.31048, 9.161742 },
			orient = { { 1, 0, 0 }, { 0, 1, 0 }, { 0, 0, 1 } }
		},
		lightprops =
		{
			on = N,
			color = { 255, 255, 255 },
			diffuse = { 0.164706, 0.164706, 0.164706 },
			specular = { 0, 0, 0 },
			ambient = { 0, 0, 0 },
			direction = { 0, 0, 1 },
			range = 2000,
			cutoff = 98.99998,
			type = L_POINT,
			theta = 90,
			atten = { 1, 0, 4e-006 }
		}
	},

	{
		entity_name = "LtShadowSource",
		type = LIGHT,
		template_name = "",
		lt_grp = 0, srt_grp = 0, usr_flg = 0,
		spatialprops =
		{
			pos = { 0, 0, 0 },
			orient = { {  1.000000,  0.000000,  0.000000 },
					   {  0.000000, -0.003232,  0.999995 },
					   {  0.000000, -0.999995, -0.003232 } }
		},
		lightprops =
		{
			on = N,
			color = { 255, 255, 255 },
			diffuse = { 0, 0, 0 },
			specular = { 0, 0, 0 },
			ambient = { 0, 0, 0 },
			direction = { 0, 0, 1 },
			range = 2000,
			cutoff = 98.99998,
			type = L_DIRECT,
			theta = 90,
			atten = { 1, 0, 4e-006 }
		}
	},

	{
		entity_name = "Zs/NPC/Bartender/01/P2/Stand",
		type = MARKER,
		template_name = "",
		lt_grp = 0, srt_grp = 0, usr_flg = 0,
		spatialprops =
		{
			pos = { 2.492219, 0, 2.304495 },
			orient = { { -0.384235,  0.000000,  0.923235 },
					   {  0.000000,  1.000000,  0.000000 },
					   { -0.923235,  0.000000, -0.384235 } }
		}
	},

	{
		entity_name = "Zs/NPC/Bartender/01/P/Stand",
		type = MARKER,
		template_name = "",
		lt_grp = 0, srt_grp = 0, usr_flg = 0,
		spatialprops =
		{
			pos = { 2.003722, -0.0054, 2.14495 },
			orient = { { -0.384235,  0.000000,  0.923235 },
					   {  0.000000,  1.000000,  0.000000 },
					   { -0.923235,  0.000000, -0.384235 } }
		}
	},

	{
		entity_name = "Zs/NPC/Bartender/01/AC2/Camera",
		type = CAMERA,
		template_name = "",
		lt_grp = 0, srt_grp = 0, usr_flg = 0,
		spatialprops =
		{
			pos = { 2.120936, 1.696067, 3.874735 },
			orient = { {  0.800581,  0.000000,  0.599224 },
					   {  0.116253,  0.981001, -0.155317 },
					   { -0.587840,  0.194005,  0.785370 } }
		},
		cameraprops =
		{
			fovh = 30,
			hvaspect = 1.85,
			nearplane = 0.3,
			farplane = 4000
		}
	},

	{
		entity_name = "Zs/NPC/Bartender/01/ACOH/Camera",
		type = CAMERA,
		template_name = "",
		lt_grp = 0, srt_grp = 0, usr_flg = 0,
		spatialprops =
		{
			pos = { 2.093867, 1.763768, 2.624681 },
			orient = { {  0.320996,  0.000000,  0.947081 },
					   {  0.185117,  0.980711, -0.062742 },
					   { -0.928813,  0.195461,  0.314804 } }
		},
		cameraprops =
		{
			fovh = 25,
			hvaspect = 1.85,
			nearplane = 0.3,
			farplane = 4000
		}
	},

	{
		entity_name = "Zs/NPC/Bartender/01/ACS/Camera",
		type = CAMERA,
		template_name = "",
		lt_grp = 0, srt_grp = 0, usr_flg = 0,
		spatialprops =
		{
			pos = { 3.000625, 1.656466, 2.723635 },
			orient = { {  0.281138,  0.000000,  0.959667 },
					   {  0.111201,  0.993264, -0.032577 },
					   { -0.953203,  0.115875,  0.279244 } }
		},
		cameraprops =
		{
			fovh = 25,
			hvaspect = 1.85,
			nearplane = 0.3,
			farplane = 4000
		}
	},

	{
		entity_name = "Zs/NPC/Bartender/01/PC2/Camera",
		type = CAMERA,
		template_name = "",
		lt_grp = 0, srt_grp = 0, usr_flg = 0,
		spatialprops =
		{
			pos = { 4.690478, 1.756023, 3.700132 },
			orient = { {  0.817132,  0.000000, -0.576450 },
					   { -0.129883,  0.974286, -0.184113 },
					   {  0.561627,  0.225316,  0.796120 } }
		},
		cameraprops =
		{
			fovh = 30,
			hvaspect = 1.85,
			nearplane = 0.3,
			farplane = 4000
		}
	},

	{
		entity_name = "Zs/NPC/Bartender/01/PCO/Camera",
		type = CAMERA,
		template_name = "",
		lt_grp = 0, srt_grp = 0, usr_flg = 0,
		spatialprops =
		{
			pos = { 4.849655, 1.768143, 3.139378 },
			orient = { {  0.589257,  0.000000, -0.807945 },
					   { -0.175715,  0.976064, -0.128154 },
					   {  0.788606,  0.217484,  0.575153 } }
		},
		cameraprops =
		{
			fovh = 25,
			hvaspect = 1.85,
			nearplane = 0.3,
			farplane = 4000
		}
	},

	{
		entity_name = "Zs/NPC/Bartender/01/PCS/Camera",
		type = CAMERA,
		template_name = "",
		lt_grp = 0, srt_grp = 0, usr_flg = 0,
		spatialprops =
		{
			pos = { 3.584823, 1.678653, 2.908825 },
			orient = { {  0.592883,  0.000000, -0.805289 },
					   { -0.090550,  0.993658, -0.066666 },
					   {  0.800182,  0.112444,  0.589123 } }
		},
		cameraprops =
		{
			fovh = 25,
			hvaspect = 1.85,
			nearplane = 0.3,
			farplane = 4000
		}
	},

	{
		entity_name = "Zs/NPC/Bartender/01/WFC/Camera",
		type = CAMERA,
		template_name = "",
		lt_grp = 0, srt_grp = 0, usr_flg = 0,
		spatialprops =
		{
			pos = { 3.144101, 2.195066, 6.413471 },
			orient = { {  0.998053,  0.000000,  0.062364 },
					   {  0.015919,  0.966874, -0.254758 },
					   { -0.060298,  0.255255,  0.964992 } }
		},
		cameraprops =
		{
			fovh = 30,
			hvaspect = 1.85,
			nearplane = 0.3,
			farplane = 4000
		}
	},

	{
		entity_name = "Prop_ashtray_2_01",
		type = COMPOUND,
		template_name = "ashtray_2",
		lt_grp = 0, srt_grp = 0, usr_flg = 0,
		flags = LIT_DYNAMIC,
		spatialprops =
		{
			pos = { -1.127286, 1.195025, 0.861977 },
			orient = { {  0.861352,  0.000000,  0.508009 },
					   {  0.000000,  1.000000,  0.000000 },
					   { -0.508009,  0.000000,  0.861352 } }
		},
		userprops =
		{
			category = "Prop",
			Priority = "Room_Prop_1",
		}
	},

	{
		entity_name = "Prop_ashtray_2_02",
		type = COMPOUND,
		template_name = "ashtray_2",
		lt_grp = 0, srt_grp = 0, usr_flg = 0,
		flags = LIT_DYNAMIC,
		spatialprops =
		{
			pos = { -3.044316, 0.825843, -3.887599 },
			orient = { {  0.999871,  0.000000,  0.016042 },
					   {  0.000000,  1.000000,  0.000000 },
					   { -0.016042,  0.000000,  0.999871 } }
		},
		userprops =
		{
			category = "Prop",
			Priority = "Room_Prop_1",
		}
	},

	{
		entity_name = "Prop_Beerbottle_01",
		type = COMPOUND,
		template_name = "Beerbottle",
		lt_grp = 0, srt_grp = 0, usr_flg = 0,
		flags = LIT_DYNAMIC,
		spatialprops =
		{
			pos = { -3.093634, 0.885622, 3.570156 },
			orient = { {  0.986101,  0.000000,  0.166146 },
					   {  0.000000,  1.000000,  0.000000 },
					   { -0.166146,  0.000000,  0.986101 } }
		},
		userprops =
		{
			category = "Prop",
			Priority = "Room_Prop_1",
		}
	},

	{
		entity_name = "Prop_Beerbottle_02",
		type = COMPOUND,
		template_name = "Beerbottle",
		lt_grp = 0, srt_grp = 0, usr_flg = 0,
		flags = LIT_DYNAMIC,
		spatialprops =
		{
			pos = { -0.198517, 1.256026, 0.964601 },
			orient = { {  0.843642,  0.000000, -0.536907 },
					   {  0.000000,  1.000000,  0.000000 },
					   {  0.536907,  0.000000,  0.843642 } }
		},
		userprops =
		{
			category = "Prop",
			Priority = "Room_Prop_1",
		}
	},

	{
		entity_name = "Prop_Beerbottle_03",
		type = COMPOUND,
		template_name = "Beerbottle",
		lt_grp = 0, srt_grp = 0, usr_flg = 0,
		flags = LIT_DYNAMIC,
		spatialprops =
		{
			pos = { -1.404022, 1.256066, 0.963724 },
			orient = { {  0.941821,  0.000000, -0.336116 },
					   {  0.000000,  1.000000,  0.000000 },
					   {  0.336116,  0.000000,  0.941821 } }
		},
		userprops =
		{
			category = "Prop",
			Priority = "Room_Prop_1",
		}
	},

	{
		entity_name = "Prop_Glass_1_01",
		type = COMPOUND,
		template_name = "Glass_1",
		lt_grp = 0, srt_grp = 0, usr_flg = 0,
		flags = LIT_DYNAMIC,
		spatialprops =
		{
			pos = { 1.435902, 1.247931, 0.805466 },
			orient = { {  0.967104,  0.000000,  0.254383 },
					   {  0.000000,  1.000000,  0.000000 },
					   { -0.254383,  0.000000,  0.967104 } }
		},
		userprops =
		{
			category = "Prop",
			Priority = "Room_Prop_1",
		}
	},

	{
		entity_name = "Prop_Glass_1_02",
		type = COMPOUND,
		template_name = "Glass_1",
		lt_grp = 0, srt_grp = 0, usr_flg = 0,
		flags = LIT_DYNAMIC,
		spatialprops =
		{
			pos = { 1.59371, 0.90119, 4.261343 },
			orient = { {  0.764320,  0.000000,  0.644837 },
					   {  0.000000,  1.000000,  0.000000 },
					   { -0.644837,  0.000000,  0.764320 } }
		},
		userprops =
		{
			category = "Prop",
			Priority = "Room_Prop_1",
		}
	},

	{
		entity_name = "Prop_Glass_1_03",
		type = COMPOUND,
		template_name = "Glass_1",
		lt_grp = 0, srt_grp = 0, usr_flg = 0,
		flags = LIT_DYNAMIC,
		spatialprops =
		{
			pos = { -0.883995, 0.876414, 4.291601 },
			orient = { {  0.764320,  0.000000,  0.644837 },
					   {  0.000000,  1.000000,  0.000000 },
					   { -0.644837,  0.000000,  0.764320 } }
		},
		userprops =
		{
			category = "Prop",
			Priority = "Room_Prop_1",
		}
	},

	{
		entity_name = "Prop_Beerbottle_03a",
		type = COMPOUND,
		template_name = "Beerbottle",
		lt_grp = 0, srt_grp = 0, usr_flg = 0,
		flags = LIT_DYNAMIC + LIT_AMBIENT,
		spatialprops =
		{
			pos = { -3.359365, 0.887333, -3.491909 },
			orient = { {  0.941821,  0.000000, -0.336116 },
					   {  0.000000,  1.000000,  0.000000 },
					   {  0.336116,  0.000000,  0.941821 } }
		},
		userprops =
		{
			category = "Prop",
			Priority = "Room_Prop_1",
		}
	},

	{
		entity_name = "Prop_Beerbottle_03b",
		type = COMPOUND,
		template_name = "Beerbottle",
		lt_grp = 0, srt_grp = 0, usr_flg = 0,
		flags = LIT_DYNAMIC,
		spatialprops =
		{
			pos = { -3.359365, 0.887333, -3.491909 },
			orient = { {  0.941821,  0.000000, -0.336116 },
					   {  0.000000,  1.000000,  0.000000 },
					   {  0.336116,  0.000000,  0.941821 } }
		},
		userprops =
		{
			category = "Prop",
			Priority = "Room_Prop_1",
		}
	},

	{
		entity_name = "Prop_Beerbottle_03g",
		type = COMPOUND,
		template_name = "Beerbottle",
		lt_grp = 0, srt_grp = 0, usr_flg = 0,
		flags = LIT_DYNAMIC,
		spatialprops =
		{
			pos = { -3.359365, 0.887333, -3.491909 },
			orient = { {  0.941821,  0.000000, -0.336116 },
					   {  0.000000,  1.000000,  0.000000 },
					   {  0.336116,  0.000000,  0.941821 } }
		},
		userprops =
		{
			category = "Prop",
			Priority = "Room_Prop_1",
		}
	},

	{
		entity_name = "Prop_Beerbottle_03f",
		type = COMPOUND,
		template_name = "Beerbottle",
		lt_grp = 0, srt_grp = 0, usr_flg = 0,
		flags = LIT_DYNAMIC,
		spatialprops =
		{
			pos = { -3.359365, 0.887333, -3.491909 },
			orient = { {  0.941821,  0.000000, -0.336116 },
					   {  0.000000,  1.000000,  0.000000 },
					   {  0.336116,  0.000000,  0.941821 } }
		},
		userprops =
		{
			category = "Prop",
			Priority = "Room_Prop_1",
		}
	},

	{
		entity_name = "Prop_Beerbottle_03e",
		type = COMPOUND,
		template_name = "Beerbottle",
		lt_grp = 0, srt_grp = 0, usr_flg = 0,
		flags = LIT_DYNAMIC,
		spatialprops =
		{
			pos = { -3.359365, 0.887333, -3.491909 },
			orient = { {  0.941821,  0.000000, -0.336116 },
					   {  0.000000,  1.000000,  0.000000 },
					   {  0.336116,  0.000000,  0.941821 } }
		},
		userprops =
		{
			category = "Prop",
			Priority = "Room_Prop_1",
		}
	},

	{
		entity_name = "Prop_Beerbottle_03d",
		type = COMPOUND,
		template_name = "Beerbottle",
		lt_grp = 0, srt_grp = 0, usr_flg = 0,
		flags = LIT_DYNAMIC,
		spatialprops =
		{
			pos = { -3.359365, 0.887333, -3.491909 },
			orient = { {  0.941821,  0.000000, -0.336116 },
					   {  0.000000,  1.000000,  0.000000 },
					   {  0.336116,  0.000000,  0.941821 } }
		},
		userprops =
		{
			category = "Prop",
			Priority = "Room_Prop_1",
		}
	},

	{
		entity_name = "Prop_Beerbottle_03c",
		type = COMPOUND,
		template_name = "Beerbottle",
		lt_grp = 0, srt_grp = 0, usr_flg = 0,
		flags = LIT_DYNAMIC,
		spatialprops =
		{
			pos = { -3.359365, 0.887333, -3.491909 },
			orient = { {  0.941821,  0.000000, -0.336116 },
					   {  0.000000,  1.000000,  0.000000 },
					   {  0.336116,  0.000000,  0.941821 } }
		},
		userprops =
		{
			category = "Prop",
			Priority = "Room_Prop_1",
		}
	},

	{
		entity_name = "Prop_ashtray_2_02g",
		type = COMPOUND,
		template_name = "ashtray_2",
		lt_grp = 0, srt_grp = 0, usr_flg = 0,
		flags = LIT_DYNAMIC,
		spatialprops =
		{
			pos = { -3.044316, 0.825843, -3.887599 },
			orient = { {  0.999871,  0.000000,  0.016042 },
					   {  0.000000,  1.000000,  0.000000 },
					   { -0.016042,  0.000000,  0.999871 } }
		},
		userprops =
		{
			category = "Prop",
			Priority = "Room_Prop_1",
		}
	},

	{
		entity_name = "Prop_ashtray_2_02f",
		type = COMPOUND,
		template_name = "ashtray_2",
		lt_grp = 0, srt_grp = 0, usr_flg = 0,
		flags = LIT_DYNAMIC,
		spatialprops =
		{
			pos = { -1.188992, 0.825843, 3.8879 },
			orient = { {  0.999871,  0.000000,  0.016042 },
					   {  0.000000,  1.000000,  0.000000 },
					   { -0.016042,  0.000000,  0.999871 } }
		},
		userprops =
		{
			category = "Prop",
			Priority = "Room_Prop_1",
		}
	},

	{
		entity_name = "Prop_ashtray_2_02e",
