duration = 29.062;

entities =
{

	{
		entity_name = "Layer_ku_01_Bar_Hardpoint",
		type = SCENE,
		template_name = "",
		lt_grp = 0, srt_grp = 0, usr_flg = 0,
		spatialprops =
		{
			pos = { 0, 0, 0 },
			orient = { { 1, 0, 0 }, { 0, 1, 0 }, { 0, 0, 1 } }
		},
		up = Y_AXIS,
		front = Z_AXIS,
		ambient = { 0, 0, 0 }
	},

	{
		entity_name = "Camera_Mission",
		type = CAMERA,
		template_name = "",
		lt_grp = 0, srt_grp = 0, usr_flg = 0,
		spatialprops =
		{
			pos = { -2.215167, 3.700902, -0.699847 },
			orient = { {  0.075611,  0.000000, -0.997137 },
					   { -0.006210,  0.999981, -0.000471 },
					   {  0.997118,  0.006228,  0.075610 } }
		},
		cameraprops =
		{
			fovh = 30,
			hvaspect = 1.333333,
			nearplane = 0.3,
			farplane = 4000
		}
	},

	{
		entity_name = "Zg/NPC/mTable3/01/B/SitLow",
		type = MARKER,
		template_name = "",
		lt_grp = 0, srt_grp = 0, usr_flg = 0,
		spatialprops =
		{
			pos = { 3.199669, 0, 0.243629 },
			orient = { {  0.714909,  0.000000,  0.699217 },
					   {  0.000000,  1.000000,  0.000000 },
					   { -0.699217,  0.000000,  0.714909 } }
		}
	},

	{
		entity_name = "Zg/NPC/mTable3/01/C/SitLow",
		type = MARKER,
		template_name = "",
		lt_grp = 0, srt_grp = 0, usr_flg = 0,
		spatialprops =
		{
			pos = { 4.646785, 0, -1.285344 },
			orient = { { -0.688604,  0.000000, -0.725138 },
					   {  0.000000,  1.000000,  0.000000 },
					   {  0.725138,  0.000000, -0.688604 } }
		}
	},

	{
		entity_name = "Zg/NPC/mTable3/01/A/SitLow",
		type = MARKER,
		template_name = "",
		lt_grp = 0, srt_grp = 0, usr_flg = 0,
		spatialprops =
		{
			pos = { 3.157837, 0, -1.257229 },
			orient = { { -0.683647,  0.000000,  0.729813 },
					   {  0.000000,  1.000000,  0.000000 },
					   { -0.729813,  0.000000, -0.683647 } }
		}
	},

	{
		entity_name = "Zg/NPC/rTable3/01/A/SitLow",
		type = MARKER,
		template_name = "",
		lt_grp = 0, srt_grp = 0, usr_flg = 0,
		spatialprops =
		{
			pos = { 3.168875, 0, 1.832973 },
			orient = { { -0.740880,  0.000000,  0.671638 },
					   {  0.000000,  1.000000,  0.000000 },
					   { -0.671638,  0.000000, -0.740880 } }
		}
	},

	{
		entity_name = "Zg/NPC/mFloor2/01/A/Stand",
		type = MARKER,
		template_name = "",
		lt_grp = 0, srt_grp = 0, usr_flg = 0,
		spatialprops =
		{
			pos = { 2.441807, 0, -4.485155 },
			orient = { { -0.847968,  0.000000,  0.530048 },
					   {  0.000000,  1.000000,  0.000000 },
					   { -0.530048,  0.000000, -0.847968 } }
		}
	},

	{
		entity_name = "Zs/NPC/mFloor2/01/P2/Stand",
		type = MARKER,
		template_name = "",
		lt_grp = 0, srt_grp = 0, usr_flg = 0,
		spatialprops =
		{
			pos = { 3.012071, 0, -3.295221 },
			orient = { {  0.985078,  0.000000, -0.172108 },
					   {  0.000000,  1.000000,  0.000000 },
					   {  0.172108,  0.000000,  0.985078 } }
		}
	},

	{
		entity_name = "Zg/PC/Player/01/A/Stand",
		type = MARKER,
		template_name = "",
		lt_grp = 0, srt_grp = 0, usr_flg = 0,
		spatialprops =
		{
			pos = { -8.812631, 0, -4.536219 },
			orient = { {  0.006366,  0.000000,  0.999980 },
					   {  0.000000,  1.000000,  0.000000 },
					   { -0.999980,  0.000000,  0.006366 } }
		}
	},

	{
		entity_name = "Zs/NPC/Bartender/01/A/Stand",
		type = MARKER,
		template_name = "",
		lt_grp = 0, srt_grp = 0, usr_flg = 0,
		spatialprops =
		{
			pos = { -2.956695, 0, -1.642189 },
			orient = { { -0.956696,  0.000000, -0.291090 },
					   {  0.000000,  1.000000,  0.000000 },
					   {  0.291090,  0.000000, -0.956696 } }
		}
	},

	{
		entity_name = "Zs/NPC/mTable3/02/P2/Stand",
		type = MARKER,
		template_name = "",
		lt_grp = 0, srt_grp = 0, usr_flg = 0,
		spatialprops =
		{
			pos = { 0.655877, 0, 1.612762 },
			orient = { { -0.993944,  0.000000, -0.109885 },
					   {  0.000000,  1.000000,  0.000000 },
					   {  0.109885,  0.000000, -0.993944 } }
		}
	},

	{
		entity_name = "Zs/NPC/mTable3/02/P/Stand",
		type = MARKER,
		template_name = "",
		lt_grp = 0, srt_grp = 0, usr_flg = 0,
		spatialprops =
		{
			pos = { 0.672016, 0, 1.099125 },
			orient = { { -0.993944,  0.000000, -0.109885 },
					   {  0.000000,  1.000000,  0.000000 },
					   {  0.109885,  0.000000, -0.993944 } }
		}
	},

	{
		entity_name = "Zs/NPC/mTable3/02/AC2/Camera",
		type = CAMERA,
		template_name = "",
		lt_grp = 0, srt_grp = 0, usr_flg = 0,
		flags = HIDDEN,
		spatialprops =
		{
			pos = { 2.301372, 1.702196, 1.801386 },
			orient = { { -0.286866,  0.000000, -0.957971 },
					   { -0.203838,  0.977100,  0.061039 },
					   {  0.936033,  0.212781, -0.280297 } }
		},
		cameraprops =
		{
			fovh = 30,
			hvaspect = 1.85,
			nearplane = 0.3,
			farplane = 4000
		}
	},

	{
		entity_name = "Zs/NPC/mTable3/02/ACOH/Camera",
		type = CAMERA,
		template_name = "",
		lt_grp = 0, srt_grp = 0, usr_flg = 0,
		flags = HIDDEN,
		spatialprops =
		{
			pos = { 1.136997, 1.919195, 1.21891 },
			orient = { { -0.826815,  0.000000, -0.562474 },
					   { -0.225219,  0.916337,  0.331063 },
					   {  0.515416,  0.400407, -0.757642 } }
		},
		cameraprops =
		{
			fovh = 20,
			hvaspect = 1.85,
			nearplane = 0.3,
			farplane = 4000
		}
	},

	{
		entity_name = "Zs/NPC/mTable3/02/ACOL/Camera",
		type = CAMERA,
		template_name = "",
		lt_grp = 0, srt_grp = 0, usr_flg = 0,
		flags = HIDDEN,
		spatialprops =
		{
			pos = { 1.412062, 1.427537, 1.255669 },
			orient = { { -0.752156,  0.000000, -0.658985 },
					   { -0.121128,  0.982962,  0.138254 },
					   {  0.647757,  0.183810, -0.739341 } }
		},
		cameraprops =
		{
			fovh = 20,
			hvaspect = 1.85,
			nearplane = 0.3,
			farplane = 4000
		}
	},

	{
		entity_name = "Zs/NPC/mTable3/02/ACS/Camera",
		type = CAMERA,
		template_name = "",
		lt_grp = 0, srt_grp = 0, usr_flg = 0,
		flags = HIDDEN,
		spatialprops =
		{
			pos = { 1.066096, 1.382304, 2.057009 },
			orient = { { -0.733435,  0.000000, -0.679759 },
					   { -0.122678,  0.983580,  0.132365 },
					   {  0.668598,  0.180473, -0.721392 } }
		},
		cameraprops =
		{
			fovh = 20,
			hvaspect = 1.85,
			nearplane = 0.3,
			farplane = 4000
		}
	},

	{
		entity_name = "Zs/NPC/mTable3/02/ACU/Camera",
		type = CAMERA,
		template_name = "",
		lt_grp = 0, srt_grp = 0, usr_flg = 0,
		flags = HIDDEN,
		spatialprops =
		{
			pos = { 0.722533, 1.355913, 2.507357 },
			orient = { { -0.768219,  0.000000, -0.640187 },
					   { -0.110069,  0.985109,  0.132082 },
					   {  0.630654,  0.171932, -0.756780 } }
		},
		cameraprops =
		{
			fovh = 20,
			hvaspect = 1.85,
			nearplane = 0.3,
			farplane = 4000
		}
	},

	{
		entity_name = "Zs/NPC/mTable3/02/PC2/Camera",
		type = CAMERA,
		template_name = "",
		lt_grp = 0, srt_grp = 0, usr_flg = 0,
		flags = HIDDEN,
		spatialprops =
		{
			pos = { 2.146589, 1.68243, 3.818107 },
			orient = { {  0.578231,  0.000000, -0.815873 },
					   { -0.185232,  0.973887, -0.131279 },
					   {  0.794568,  0.227035,  0.563132 } }
		},
		cameraprops =
		{
			fovh = 30,
			hvaspect = 1.85,
			nearplane = 0.3,
			farplane = 4000
		}
	},

	{
		entity_name = "Zs/NPC/mTable3/02/PCO/Camera",
		type = CAMERA,
		template_name = "",
		lt_grp = 0, srt_grp = 0, usr_flg = 0,
		flags = HIDDEN,
		spatialprops =
		{
			pos = { 0.432695, 1.146547, 3.908515 },
			orient = { {  0.997944,  0.000000, -0.064094 },
					   {  0.007395,  0.993321,  0.115145 },
					   {  0.063666, -0.115383,  0.991279 } }
		},
		cameraprops =
		{
			fovh = 20,
			hvaspect = 1.85,
			nearplane = 0.3,
			farplane = 4000
		}
	},

	{
		entity_name = "Zs/NPC/mTable3/02/PCS/Camera",
		type = CAMERA,
		template_name = "",
		lt_grp = 0, srt_grp = 0, usr_flg = 0,
		flags = HIDDEN,
		spatialprops =
		{
			pos = { 0.540829, 1.397859, 3.258795 },
			orient = { {  0.997942,  0.000000, -0.064121 },
					   {  0.005044,  0.996902,  0.078498 },
					   {  0.063922, -0.078660,  0.994850 } }
		},
		cameraprops =
		{
			fovh = 20,
			hvaspect = 1.85,
			nearplane = 0.3,
			farplane = 4000
		}
	},

	{
		entity_name = "Zs/NPC/mTable3/02/PCU/Camera",
		type = CAMERA,
		template_name = "",
		lt_grp = 0, srt_grp = 0, usr_flg = 0,
		flags = HIDDEN,
		spatialprops =
		{
			pos = { 0.629163, 1.500937, 2.562588 },
			orient = { {  0.997642,  0.000000, -0.068631 },
					   {  0.010745,  0.987669,  0.156188 },
					   {  0.067785, -0.156557,  0.985340 } }
		},
		cameraprops =
		{
			fovh = 20,
			hvaspect = 1.85,
			nearplane = 0.3,
			farplane = 4000
		}
	},

	{
		entity_name = "Zs/NPC/mTable3/02/TCI/Camera",
		type = CAMERA,
		template_name = "",
		lt_grp = 0, srt_grp = 0, usr_flg = 0,
		flags = HIDDEN,
		spatialprops =
		{
			pos = { 2.0095, 2.185028, 2.737873 },
			orient = { { -0.088834,  0.000000, -0.996047 },
					   { -0.709974,  0.701376,  0.063320 },
					   {  0.698603,  0.712792, -0.062306 } }
		},
		cameraprops =
		{
			fovh = 15,
			hvaspect = 1.85,
			nearplane = 0.3,
			farplane = 4000
		}
	},

	{
		entity_name = "Zs/NPC/mTable3/02/WFC/Camera",
		type = CAMERA,
		template_name = "",
		lt_grp = 0, srt_grp = 0, usr_flg = 0,
		flags = HIDDEN,
		spatialprops =
		{
			pos = { 5.614792, 3.204311, 0.870255 },
			orient = { { -0.384133, -0.228035, -0.894674 },
					   { -0.247685,  0.958951, -0.138074 },
					   {  0.889435,  0.168559, -0.424846 } }
		},
		cameraprops =
		{
			fovh = 30,
			hvaspect = 1.85,
			nearplane = 0.3,
			farplane = 4000
		}
	},

	{
		entity_name = "Zs/NPC/mTable3/01/AC2/Camera",
		type = CAMERA,
		template_name = "",
		lt_grp = 0, srt_grp = 0, usr_flg = 0,
		flags = HIDDEN,
		spatialprops =
		{
			pos = { 5.298595, 1.702196, 0.307213 },
			orient = { {  0.273741,  0.000000, -0.961803 },
					   { -0.204653,  0.977100, -0.058247 },
					   {  0.939778,  0.212781,  0.267472 } }
		},
		cameraprops =
		{
			fovh = 30,
			hvaspect = 1.85,
			nearplane = 0.3,
			farplane = 4000
		}
	},

	{
		entity_name = "Zs/NPC/mTable3/01/ACOH/Camera",
		type = CAMERA,
		template_name = "",
		lt_grp = 0, srt_grp = 0, usr_flg = 0,
		flags = HIDDEN,
		spatialprops =
		{
			pos = { 4.143464, 1.970379, 0.872112 },
			orient = { {  0.834841,  0.000000, -0.550492 },
					   { -0.237899,  0.901798, -0.360782 },
					   {  0.496433,  0.432157,  0.752858 } }
		},
		cameraprops =
		{
			fovh = 20,
			hvaspect = 1.85,
			nearplane = 0.3,
			farplane = 4000
		}
	},

	{
		entity_name = "Zs/NPC/mTable3/01/ACOL/Camera",
		type = CAMERA,
		template_name = "",
		lt_grp = 0, srt_grp = 0, usr_flg = 0,
		flags = HIDDEN,
		spatialprops =
		{
			pos = { 4.391115, 1.470135, 0.850556 },
			orient = { {  0.783578,  0.000000, -0.621293 },
					   { -0.127489,  0.978720, -0.160789 },
					   {  0.608072,  0.205199,  0.766904 } }
		},
		cameraprops =
		{
			fovh = 20,
			hvaspect = 1.85,
			nearplane = 0.3,
			farplane = 4000
		}
	},

	{
		entity_name = "Zs/NPC/mTable3/01/ACS/Camera",
		type = CAMERA,
		template_name = "",
		lt_grp = 0, srt_grp = 0, usr_flg = 0,
		flags = HIDDEN,
		spatialprops =
		{
			pos = { 4.023699, 1.408449, 0.322458 },
			orient = { {  0.821916,  0.000000, -0.569609 },
					   { -0.110250,  0.981090, -0.159085 },
					   {  0.558838,  0.193554,  0.806373 } }
		},
		cameraprops =
		{
			fovh = 20,
			hvaspect = 1.85,
			nearplane = 0.3,
			farplane = 4000
		}
	},

	{
		entity_name = "Zs/NPC/mTable3/01/ACU/Camera",
		type = CAMERA,
		template_name = "",
		lt_grp = 0, srt_grp = 0, usr_flg = 0,
		flags = HIDDEN,
		spatialprops =
		{
			pos = { 3.658497, 1.393375, -0.3039 },
			orient = { {  0.859400,  0.000000, -0.511304 },
					   { -0.101087,  0.980262, -0.169907 },
					   {  0.501212,  0.197705,  0.842436 } }
		},
		cameraprops =
		{
			fovh = 20,
			hvaspect = 1.85,
			nearplane = 0.3,
			farplane = 4000
		}
	},

	{
		entity_name = "Zs/NPC/mTable3/01/PC2/Camera",
		type = CAMERA,
		template_name = "",
		lt_grp = 0, srt_grp = 0, usr_flg = 0,
		flags = HIDDEN,
		spatialprops =
		{
			pos = { 4.970288, 1.629815, -1.561268 },
			orient = { { -0.580431,  0.000000, -0.814310 },
					   { -0.167461,  0.978626,  0.119364 },
					   {  0.796905,  0.205648, -0.568024 } }
		},
		cameraprops =
		{
			fovh = 30,
			hvaspect = 1.85,
			nearplane = 0.3,
			farplane = 4000
		}
	},

	{
		entity_name = "Zs/NPC/mTable3/01/PCO/Camera",
		type = CAMERA,
		template_name = "",
		lt_grp = 0, srt_grp = 0, usr_flg = 0,
		flags = HIDDEN,
		spatialprops =
		{
			pos = { 3.547651, 1.125854, -1.905868 },
			orient = { { -0.993252,  0.000000, -0.115975 },
					   {  0.013376,  0.993327, -0.114552 },
					   {  0.115201, -0.115331, -0.986624 } }
		},
		cameraprops =
		{
			fovh = 20,
			hvaspect = 1.85,
			nearplane = 0.3,
			farplane = 4000
		}
	},

	{
		entity_name = "Zs/NPC/mTable3/01/PCS/Camera",
		type = CAMERA,
		template_name = "",
		lt_grp = 0, srt_grp = 0, usr_flg = 0,
		flags = HIDDEN,
		spatialprops =
		{
			pos = { 3.687091, 1.42429, -1.120409 },
			orient = { { -0.993451,  0.000000, -0.114256 },
					   {  0.007990,  0.997552, -0.069476 },
					   {  0.113977, -0.069934, -0.991019 } }
		},
		cameraprops =
		{
			fovh = 20,
			hvaspect = 1.85,
			nearplane = 0.3,
			farplane = 4000
		}
	},

	{
		entity_name = "Zs/NPC/mTable3/01/PCU/Camera",
		type = CAMERA,
		template_name = "",
		lt_grp = 0, srt_grp = 0, usr_flg = 0,
		flags = HIDDEN,
		spatialprops =
		{
			pos = { 3.744027, 1.546009, -0.54405 },
			orient = { { -0.984371,  0.000000, -0.176108 },
					   {  0.016696,  0.995496, -0.093323 },
					   {  0.175315, -0.094805, -0.979937 } }
		},
		cameraprops =
		{
			fovh = 20,
			hvaspect = 1.85,
			nearplane = 0.3,
			farplane = 4000
		}
	},

	{
		entity_name = "Zs/NPC/mTable3/01/TCI/Camera",
		type = CAMERA,
		template_name = "",
		lt_grp = 0, srt_grp = 0, usr_flg = 0,
		flags = HIDDEN,
		spatialprops =
		{
			pos = { 4.765018, 2.253016, -0.848653 },
			orient = { { -0.061895,  0.000000, -0.998083 },
					   { -0.801647,  0.595727,  0.049713 },
					   {  0.594585,  0.803187, -0.036872 } }
		},
		cameraprops =
		{
			fovh = 15,
			hvaspect = 1.85,
			nearplane = 0.3,
			farplane = 4000
		}
	},

	{
		entity_name = "Zs/NPC/mTable3/01/WFC/Camera",
		type = CAMERA,
		template_name = "",
		lt_grp = 0, srt_grp = 0, usr_flg = 0,
		flags = HIDDEN,
		spatialprops =
		{
			pos = { 8.063453, 3.642396, 0.288053 },
			orient = { { -0.123344,  0.000000, -0.992364 },
					   { -0.447180,  0.892715,  0.055582 },
					   {  0.885898,  0.450621, -0.110111 } }
		},
		cameraprops =
		{
			fovh = 30,
			hvaspect = 1.85,
			nearplane = 0.3,
			farplane = 4000
		}
	},

	{
		entity_name = "Zs/NPC/mFloor2/01/ACS/Camera",
		type = CAMERA,
		template_name = "",
		lt_grp = 0, srt_grp = 0, usr_flg = 0,
		flags = HIDDEN,
		spatialprops =
		{
			pos = { 3.283046, 1.63541, -3.55988 },
			orient = { {  0.600203,  0.000000, -0.799848 },
					   { -0.057959,  0.997371, -0.043493 },
					   {  0.797745,  0.072463,  0.598625 } }
		},
		cameraprops =
		{
			fovh = 25,
			hvaspect = 1.85,
			nearplane = 0.3,
			farplane = 4000
		}
	},

	{
		entity_name = "Zs/NPC/mFloor2/01/AC2/Camera",
		type = CAMERA,
		template_name = "",
		lt_grp = 0, srt_grp = 0, usr_flg = 0,
		flags = HIDDEN,
		spatialprops =
		{
			pos = { 4.331853, 1.677214, -3.977004 },
			orient = { { -0.086123,  0.000000, -0.996285 },
					   { -0.168381,  0.985614,  0.014556 },
					   {  0.981952,  0.169009, -0.084884 } }
		},
		cameraprops =
		{
			fovh = 30,
			hvaspect = 1.85,
			nearplane = 0.3,
			farplane = 4000
		}
	},

	{
		entity_name = "Zs/NPC/mFloor2/01/ACOH/Camera",
		type = CAMERA,
		template_name = "",
		lt_grp = 0, srt_grp = 0, usr_flg = 0,
		flags = HIDDEN,
		spatialprops =
		{
			pos = { 3.542053, 1.752177, -3.109725 },
			orient = { {  0.618422,  0.000000, -0.785846 },
					   { -0.140586,  0.983868, -0.110635 },
					   {  0.773168,  0.178898,  0.608446 } }
		},
		cameraprops =
		{
			fovh = 25,
			hvaspect = 1.85,
			nearplane = 0.3,
			farplane = 4000
		}
	},

	{
		entity_name = "Zs/NPC/mFloor2/01/TCI/Camera",
		type = CAMERA,
		template_name = "",
		lt_grp = 0, srt_grp = 0, usr_flg = 0,
		flags = HIDDEN,
		spatialprops =
		{
			pos = { 3.431682, 1.903228, -3.592137 },
			orient = { {  0.562108,  0.000000, -0.827064 },
					   { -0.539296,  0.758167, -0.366529 },
					   {  0.627052,  0.652061,  0.426172 } }
		},
		cameraprops =
		{
			fovh = 15,
			hvaspect = 1.85,
			nearplane = 0.3,
			farplane = 4000
		}
	},

	{
		entity_name = "Zs/NPC/mFloor2/01/PCS/Camera",
		type = CAMERA,
		template_name = "",
		lt_grp = 0, srt_grp = 0, usr_flg = 0,
		flags = HIDDEN,
		spatialprops =
		{
			pos = { 2.786572, 1.685898, -4.49737 },
			orient = { { -0.999973,  0.000000,  0.007406 },
					   {  0.000833,  0.993662,  0.112405 },
					   { -0.007360,  0.112408, -0.993635 } }
		},
		cameraprops =
		{
			fovh = 25,
			hvaspect = 1.85,
			nearplane = 0.3,
			farplane = 4000
		}
	},

	{
		entity_name = "Zs/NPC/mFloor2/01/ACU/Camera",
		type = CAMERA,
		template_name = "",
		lt_grp = 0, srt_grp = 0, usr_flg = 0,
		flags = HIDDEN,
		spatialprops =
		{
			pos = { 2.996697, 1.668712, -3.866749 },
			orient = { {  0.649879,  0.000000, -0.760038 },
					   { -0.025191,  0.999451, -0.021540 },
					   {  0.759620,  0.033144,  0.649522 } }
		},
		cameraprops =
		{
			fovh = 25,
			hvaspect = 1.85,
			nearplane = 0.3,
			farplane = 4000
		}
	},

	{
		entity_name = "Zs/NPC/mFloor2/01/PCO/Camera",
		type = CAMERA,
		template_name = "",
		lt_grp = 0, srt_grp = 0, usr_flg = 0,
		flags = HIDDEN,
		spatialprops =
		{
			pos = { 2.661574, 1.776802, -5.012666 },
			orient = { { -0.999632,  0.000000, -0.027131 },
					   { -0.005440,  0.979693,  0.200429 },
					   {  0.026580,  0.200503, -0.979332 } }
		},
		cameraprops =
		{
			fovh = 25,
			hvaspect = 1.85,
			nearplane = 0.3,
			farplane = 4000
		}
	},

	{
		entity_name = "Zs/NPC/mFloor2/01/WFC/Camera",
		type = CAMERA,
		template_name = "",
		lt_grp = 0, srt_grp = 0, usr_flg = 0,
		flags = HIDDEN,
		spatialprops =
		{
			pos = { 6.493293, 4.913697, -5.597197 },
			orient = { { -0.475275, -0.124011, -0.871054 },
					   { -0.545942,  0.817942,  0.181434 },
					   {  0.689971,  0.561776, -0.456450 } }
		},
		cameraprops =
		{
			fovh = 30,
			hvaspect = 1.85,
			nearplane = 0.3,
			farplane = 4000
		}
	},

	{
		entity_name = "Zs/NPC/mFloor2/01/PCU/Camera",
		type = CAMERA,
		template_name = "",
		lt_grp = 0, srt_grp = 0, usr_flg = 0,
		flags = HIDDEN,
		spatialprops =
		{
			pos = { 2.861997, 1.704855, -4.065869 },
			orient = { { -0.997385,  0.000000,  0.072276 },
					   {  0.005301,  0.997306,  0.073158 },
					   { -0.072082,  0.073350, -0.994698 } }
		},
		cameraprops =
		{
			fovh = 25,
			hvaspect = 1.85,
			nearplane = 0.3,
			farplane = 4000
		}
	},

	{
		entity_name = "Zs/NPC/mFloor2/01/PC2/Camera",
		type = CAMERA,
		template_name = "",
		lt_grp = 0, srt_grp = 0, usr_flg = 0,
		flags = HIDDEN,
		spatialprops =
		{
			pos = { 3.616995, 1.731246, -5.148823 },
			orient = { { -0.792263,  0.000000, -0.610180 },
					   { -0.127371,  0.977970,  0.165379 },
					   {  0.596738,  0.208743, -0.774810 } }
		},
		cameraprops =
		{
			fovh = 30,
			hvaspect = 1.85,
			nearplane = 0.3,
			farplane = 4000
		}
	},

	{
		entity_name = "Zs/NPC/mFloor2/01/P/Stand",
		type = MARKER,
		template_name = "",
		lt_grp = 0, srt_grp = 0, usr_flg = 0,
		spatialprops =
		{
			pos = { 3.140039, 0, -2.797519 },
			orient = { {  0.985078,  0.000000, -0.172108 },
					   {  0.000000,  1.000000,  0.000000 },
					   {  0.172108,  0.000000,  0.985078 } }
		}
	},

	{
		entity_name = "Zs/NPC/mTable3/01/P2/Stand",
		type = MARKER,
		template_name = "",
		lt_grp = 0, srt_grp = 0, usr_flg = 0,
		spatialprops =
		{
			pos = { 3.672777, 0, 0.471513 },
			orient = { {  0.994030,  0.000000, -0.109107 },
					   {  0.000000,  1.000000,  0.000000 },
					   {  0.109107,  0.000000,  0.994030 } }
		}
	},

	{
		entity_name = "Zs/NPC/mTable3/01/P/Stand",
		type = MARKER,
		template_name = "",
		lt_grp = 0, srt_grp = 0, usr_flg = 0,
		spatialprops =
		{
			pos = { 3.760614, 0, 0.974782 },
			orient = { {  0.994030,  0.000000, -0.109107 },
					   {  0.000000,  1.000000,  0.000000 },
					   {  0.109107,  0.000000,  0.994030 } }
		}
	},

	{
		entity_name = "Zs/NPC/mTable3/01/Prop",
		type = MARKER,
		template_name = "",
		lt_grp = 0, srt_grp = 0, usr_flg = 0,
		spatialprops =
		{
			pos = { 3.687559, 0.797544, -0.781836 },
			orient = { { -0.999947,  0.000000,  0.010282 },
					   {  0.000000,  1.000000,  0.000000 },
					   { -0.010282,  0.000000, -0.999947 } }
		}
	},

	{
		entity_name = "Zs/NPC/mTable3/02/Prop",
		type = MARKER,
		template_name = "",
		lt_grp = 0, srt_grp = 0, usr_flg = 0,
		spatialprops =
		{
			pos = { 0.649188, 0.797088, 2.859194 },
			orient = { { -0.884217,  0.000000, -0.467076 },
					   {  0.000000,  1.000000,  0.000000 },
					   {  0.467076,  0.000000, -0.884217 } }
		}
	},

	{
		entity_name = "Prop_Ashtray_3_01",
		type = COMPOUND,
		template_name = "Ashtray_3",
		lt_grp = 0, srt_grp = 0, usr_flg = 0,
		flags = LIT_DYNAMIC,
		spatialprops =
		{
			pos = { 0.174512, 1.195303, -0.480253 },
			orient = { { 1, 0, 0 }, { 0, 1, 0 }, { 0, 0, 1 } }
		},
		userprops =
		{
			category = "Prop",
			Priority = "Room_Prop_1",
		}
	},

	{
		entity_name = "Prop_Ashtray_3_02",
		type = COMPOUND,
		template_name = "Ashtray_3",
		lt_grp = 0, srt_grp = 0, usr_flg = 0,
		flags = LIT_DYNAMIC,
		spatialprops =
		{
			pos = { -1.888473, 1.2, -0.262727 },
			orient = { { 1, 0, 0 }, { 0, 1, 0 }, { 0, 0, 1 } }
		},
		userprops =
		{
			category = "Prop",
			Priority = "Room_Prop_1",
		}
	},

	{
		entity_name = "Prop_Bottle_1_02",
		type = COMPOUND,
		template_name = "Bottle_1",
		lt_grp = 0, srt_grp = 0, usr_flg = 0,
		flags = LIT_DYNAMIC,
		spatialprops =
		{
			pos = { -0.482272, 1.385624, -0.761023 },
			orient = { { 1, 0, 0 }, { 0, 1, 0 }, { 0, 0, 1 } }
		},
		userprops =
		{
			category = "Prop",
			Priority = "Room_Prop_1",
		}
	},

	{
		entity_name = "Prop_Bottle_1_01",
		type = COMPOUND,
		template_name = "Bottle_1",
		lt_grp = 0, srt_grp = 0, usr_flg = 0,
		flags = LIT_DYNAMIC,
		spatialprops =
		{
			pos = { -0.86102, 1.385624, -0.760848 },
			orient = { { 1, 0, 0 }, { 0, 1, 0 }, { 0, 0, 1 } }
		},
		userprops =
		{
			category = "Prop",
			Priority = "Room_Prop_1",
		}
	},

	{
		entity_name = "Prop_Bottle_2_03",
		type = COMPOUND,
		template_name = "Bottle_2",
		lt_grp = 0, srt_grp = 0, usr_flg = 0,
		flags = LIT_DYNAMIC,
		spatialprops =
		{
			pos = { -0.639333, 1.322037, -0.597118 },
			orient = { { 1, 0, 0 }, { 0, 1, 0 }, { 0, 0, 1 } }
		},
		userprops =
		{
			category = "Prop",
			Priority = "Room_Prop_1",
		}
	},

	{
		entity_name = "Prop_Bottle_2_04",
		type = COMPOUND,
		template_name = "Bottle_2",
		lt_grp = 0, srt_grp = 0, usr_flg = 0,
		flags = LIT_DYNAMIC,
		spatialprops =
		{
			pos = { -1.086383, 1.322037, -0.863054 },
			orient = { { 1, 0, 0 }, { 0, 1, 0 }, { 0, 0, 1 } }
		},
		userprops =
		{
			category = "Prop",
			Priority = "Room_Prop_1",
		}
	},

	{
		entity_name = "Prop_Bottle_3_05",
		type = COMPOUND,
		template_name = "Bottle_3",
		lt_grp = 0, srt_grp = 0, usr_flg = 0,
		flags = LIT_DYNAMIC,
		spatialprops =
		{
			pos = { -0.185438, 1.322, -0.811668 },
			orient = { { 1, 0, 0 }, { 0, 1, 0 }, { 0, 0, 1 } }
		},
		userprops =
		{
			category = "Prop",
			Priority = "Room_Prop_1",
		}
	},

	{
		entity_name = "Prop_Glass_1_01",
		type = COMPOUND,
		template_name = "Glass_1",
		lt_grp = 0, srt_grp = 0, usr_flg = 0,
		flags = LIT_DYNAMIC,
		spatialprops =
		{
			pos = { 0.404314, 0.876908, 2.382632 },
			orient = { { 1, 0, 0 }, { 0, 1, 0 }, { 0, 0, 1 } }
		},
		userprops =
		{
			category = "Prop",
			Priority = "Room_Prop_1",
		}
	},

	{
		entity_name = "Prop_Glass_1_02",
		type = COMPOUND,
		template_name = "Glass_1",
		lt_grp = 0, srt_grp = 0, usr_flg = 0,
		flags = LIT_DYNAMIC,
		spatialprops =
		{
			pos = { -0.273307, 1.25021, -0.736144 },
			orient = { { 1, 0, 0 }, { 0, 1, 0 }, { 0, 0, 1 } }
		},
		userprops =
		{
			category = "Prop",
			Priority = "Room_Prop_1",
		}
	},

	{
		entity_name = "Prop_Glass_1_03",
		type = COMPOUND,
		template_name = "Glass_1",
		lt_grp = 0, srt_grp = 0, usr_flg = 0,
		flags = LIT_DYNAMIC,
		spatialprops =
		{
			pos = { -1.410791, 1.25021, -0.050344 },
			orient = { { 1, 0, 0 }, { 0, 1, 0 }, { 0, 0, 1 } }
		},
		userprops =
		{
			category = "Prop",
			Priority = "Room_Prop_1",
		}
	},

	{
		entity_name = "Prop_Glass_2_04",
		type = COMPOUND,
		template_name = "Glass_2",
		lt_grp = 0, srt_grp = 0, usr_flg = 0,
		flags = LIT_DYNAMIC,
		spatialprops =
		{
			pos = { 0.708278, 1.228901, -0.874016 },
			orient = { { 1, 0, 0 }, { 0, 1, 0 }, { 0, 0, 1 } }
		},
		userprops =
		{
			category = "Prop",
			Priority = "Room_Prop_1",
		}
	},

	{
		entity_name = "Prop_Glass_2_05",
		type = COMPOUND,
		template_name = "Glass_2",
		lt_grp = 0, srt_grp = 0, usr_flg = 0,
		flags = LIT_DYNAMIC,
		spatialprops =
		{
			pos = { -0.126056, 1.238325, -0.279103 },
			orient = { { 1, 0, 0 }, { 0, 1, 0 }, { 0, 0, 1 } }
		},
		userprops =
		{
			category = "Prop",
			Priority = "Room_Prop_1",
		}
	},

	{
		entity_name = "Prop_TumblerTall_7_06",
		type = COMPOUND,
		template_name = "TumblerTall",
		lt_grp = 0, srt_grp = 0, usr_flg = 0,
		flags = LIT_DYNAMIC,
		spatialprops =
		{
			pos = { 0.526482, 1.290883, -0.723429 },
			orient = { { 1, 0, 0 }, { 0, 1, 0 }, { 0, 0, 1 } }
		},
		userprops =
		{
			category = "Prop",
			Priority = "Room_Prop_1",
		}
	},

	{
		entity_name = "Prop_ashtray_2_03",
		type = COMPOUND,
		template_name = "ashtray_2",
		lt_grp = 0, srt_grp = 0, usr_flg = 0,
		flags = LIT_DYNAMIC,
		spatialprops =
		{
			pos = { -3.581323, 1.199656, -0.763492 },
			orient = { { 1, 0, 0 }, { 0, 1, 0 }, { 0, 0, 1 } }
		},
		userprops =
		{
			category = "Prop",
			Priority = "Room_Prop_1",
		}
	},

	{
		entity_name = "Prop_Winebottle_10_06",
		type = COMPOUND,
		template_name = "Winebottle",
		lt_grp = 0, srt_grp = 0, usr_flg = 0,
		flags = LIT_DYNAMIC,
		spatialprops =
		{
			pos = { -1.143424, 1.375413, -0.70895 },
			orient = { { 1, 0, 0 }, { 0, 1, 0 }, { 0, 0, 1 } }
		},
		userprops =
		{
			category = "Prop",
			Priority = "Room_Prop_1",
		}
	},

	{
		entity_name = "Camera_News",
		type = CAMERA,
		template_name = "",
		lt_grp = 0, srt_grp = 0, usr_flg = 0,
		spatialprops =
		{
			pos = { -3.410959, 1.534801, -0.793659 },
			orient = { {  0.062549,  0.000000, -0.998042 },
					   { -0.019281,  0.999813, -0.001208 },
					   {  0.997856,  0.019319,  0.062538 } }
		},
		cameraprops =
		{
			fovh = 30,
			hvaspect = 1.333333,
			nearplane = 0.3,
			farplane = 4000
		}
	},

	{
		entity_name = "Zg/NPC/mFloor2/01/B/Stand",
		type = MARKER,
		template_name = "",
		lt_grp = 0, srt_grp = 0, usr_flg = 0,
		spatialprops =
		{
			pos = { 2.164558, 0, -3.524611 },
			orient = { {  0.097673,  0.000000,  0.995219 },
					   {  0.000000,  1.000000,  0.000000 },
					   { -0.995219,  0.000000,  0.097673 } }
		}
	},

	{
		entity_name = "LtGlareSource",
		type = LIGHT,
		template_name = "",
		lt_grp = 0, srt_grp = 0, usr_flg = 0,
		spatialprops =
		{
			pos = { 8.114428, 16.4271, 4.333539 },
			orient = { { 1, 0, 0 }, { 0, 1, 0 }, { 0, 0, 1 } }
		},
		lightprops =
		{
			on = N,
			color = { 255, 255, 255 },
			diffuse = { 0.164706, 0.164706, 0.164706 },
			specular = { 0, 0, 0 },
			ambient = { 0, 0, 0 },
			direction = { 0, 0, 1 },
			range = 2000,
			cutoff = 98.99998,
			type = L_POINT,
			theta = 90,
			atten = { 1, 0, 4e-006 }
		}
	},

	{
		entity_name = "LtShadowSource",
		type = LIGHT,
		template_name = "",
		lt_grp = 0, srt_grp = 0, usr_flg = 0,
		spatialprops =
		{
			pos = { 0, 0, 0 },
			orient = { {  1.000000,  0.000000,  0.000000 },
					   {  0.000000, -0.003878,  0.999992 },
					   {  0.000000, -0.999992, -0.003878 } }
		},
		lightprops =
		{
			on = N,
			color = { 255, 255, 255 },
			diffuse = { 0, 0, 0 },
			specular = { 0, 0, 0 },
			ambient = { 0, 0, 0 },
			direction = { 0, 0, 1 },
			range = 2000,
			cutoff = 98.99998,
			type = L_DIRECT,
			theta = 90,
			atten = { 1, 0, 4e-006 }
		}
	},

	{
		entity_name = "Camera_0",
		type = CAMERA,
		template_name = "",
		lt_grp = 0, srt_grp = 0, usr_flg = 0,
		spatialprops =
		{
			pos = { 8.114428, 6.427106, 4.333539 },
			orient = { {  0.348170,  0.000000, -0.937431 },
					   { -0.478896,  0.859664, -0.177866 },
					   {  0.805876,  0.510860,  0.299309 } }
		},
		cameraprops =
		{
			fovh = 35,
			hvaspect = 1.333333,
			nearplane = 0.3,
			farplane = 4000
		}
	},

	{
		entity_name = "Set_ku_01_bar_2",
		type = COMPOUND,
		template_name = "ku_01_bar",
		lt_grp = 9, srt_grp = 0, usr_flg = 0,
		flags = LIT_DYNAMIC,
		spatialprops =
		{
			pos = { 0, 0, 0 },
			orient = { { 1, 0, 0 }, { 0, 1, 0 }, { 0, 0, 1 } }
		},
		userprops =
		{
			category = "Room",
		}
	},

	{
		entity_name = "Zg/NPC/rTable3/01/B/SitLow",
		type = MARKER,
		template_name = "",
		lt_grp = 0, srt_grp = 0, usr_flg = 0,
		spatialprops =
		{
			pos = { 3.193768, 0, 3.33268 },
			orient = { {  0.782149,  0.000000,  0.623092 },
					   {  0.000000,  1.000000,  0.000000 },
					   { -0.623092,  0.000000,  0.782149 } }
		}
	},

	{
		entity_name = "Zg/NPC/rTable3/01/C/SitLow",
		type = MARKER,
		template_name = "",
		lt_grp = 0, srt_grp = 0, usr_flg = 0,
		spatialprops =
		{
			pos = { 4.659135, 0, 3.304281 },
			orient = { {  0.683115,  0.000000, -0.730311 },
					   {  0.000000,  1.000000,  0.000000 },
					   {  0.730311,  0.000000,  0.683115 } }
		}
	},

	{
		entity_name = "Zg/NPC/mTable3/03/A/SitLow",
		type = MARKER,
		template_name = "",
		lt_grp = 0, srt_grp = 0, usr_flg = 0,
		spatialprops =
		{
			pos = { -2.202996, 0, 4.937061 },
			orient = { {  0.742576,  0.000000,  0.669762 },
					   {  0.000000,  1.000000,  0.000000 },
					   { -0.669762,  0.000000,  0.742576 } }
		}
	},

	{
		entity_name = "Zg/NPC/mTable3/03/B/SitLow",
		type = MARKER,
		template_name = "",
		lt_grp = 0, srt_grp = 0, usr_flg = 0,
		spatialprops =
		{
			pos = { -2.231778, 0, 3.391275 },
			orient = { { -0.748629,  0.000000,  0.662989 },
					   {  0.000000,  1.000000,  0.000000 },
					   { -0.662989,  0.000000, -0.748629 } }
		}
	},

	{
		entity_name = "Zg/NPC/mTable3/03/C/SitLow",
		type = MARKER,
		template_name = "",
		lt_grp = 0, srt_grp = 0, usr_flg = 0,
		spatialprops =
		{
			pos = { -0.793043, 0, 4.914055 },
			orient = { {  0.739762,  0.000000, -0.672868 },
					   {  0.000000,  1.000000,  0.000000 },
					   {  0.672868,  0.000000,  0.739762 } }
		}
	},

	{
		entity_name = "Zg/NPC/rTable3/02/B/SitLow",
		type = MARKER,
		template_name = "",
		lt_grp = 0, srt_grp = 0, usr_flg = 0,
		spatialprops =
		{
			pos = { 1.563432, 0, 4.930054 },
			orient = { { -0.684694,  0.000000, -0.728831 },
					   {  0.000000,  1.000000,  0.000000 },
					   {  0.728831,  0.000000, -0.684694 } }
		}
	},

	{
		entity_name = "Zg/NPC/rTable3/02/C/SitLow",
		type = MARKER,
		template_name = "",
		lt_grp = 0, srt_grp = 0, usr_flg = 0,
		spatialprops =
		{
			pos = { 1.603645, 0, 6.391611 },
			orient = { {  0.736202,  0.000000, -0.676762 },
					   {  0.000000,  1.000000,  0.000000 },
					   {  0.676762,  0.000000,  0.736202 } }
		}
	},

	{
		entity_name = "Zg/NPC/rTable3/02/A/SitLow",
		type = MARKER,
		template_name = "",
		lt_grp = 0, srt_grp = 0, usr_flg = 0,
		spatialprops =
		{
			pos = { 0.128257, 0, 4.907295 },
			orient = { { -0.765898,  0.000000,  0.642963 },
					   {  0.000000,  1.000000,  0.000000 },
					   { -0.642963,  0.000000, -0.765898 } }
		}
	},

	{
		entity_name = "Zg/NPC/mTable3/02/A/SitLow",
		type = MARKER,
		template_name = "",
		lt_grp = 0, srt_grp = 0, usr_flg = 0,
		spatialprops =
		{
			pos = { 0.121102, 0, 3.321372 },
			orient = { {  0.678558,  0.000000,  0.734547 },
					   {  0.000000,  1.000000,  0.000000 },
					   { -0.734547,  0.000000,  0.678558 } }
		}
	},

	{
		entity_name = "Zg/NPC/mTable3/02/B/SitLow",
		type = MARKER,
		template_name = "",
		lt_grp = 0, srt_grp = 0, usr_flg = 0,
		spatialprops =
		{
			pos = { 0.071943, 0, 1.866824 },
			orient = { { -0.701585,  0.000000,  0.712586 },
					   {  0.000000,  1.000000,  0.000000 },
					   { -0.712586,  0.000000, -0.701585 } }
		}
	},

	{
		entity_name = "Zg/NPC/mTable3/02/C/SitLow",
		type = MARKER,
		template_name = "",
		lt_grp = 0, srt_grp = 0, usr_flg = 0,
		spatialprops =
		{
			pos = { 1.596337, 0, 1.860868 },
			orient = { { -0.708126,  0.000000, -0.706086 },
					   {  0.000000,  1.000000,  0.000000 },
					   {  0.706086,  0.000000, -0.708126 } }
		}
	},

	{
		entity_name = "Zg/NPC/rTable3/03/A/SitLow",
		type = MARKER,
		template_name = "",
		lt_grp = 0, srt_grp = 0, usr_flg = 0,
		spatialprops =
		{
			pos = { -4.571304, 0, 1.848679 },
			orient = { { -0.708799,  0.000000,  0.705411 },
					   {  0.000000,  1.000000,  0.000000 },
					   { -0.705411,  0.000000, -0.708799 } }
		}
	},

	{
		entity_name = "Zg/NPC/rTable3/03/B/SitLow",
		type = MARKER,
		template_name = "",
		lt_grp = 0, srt_grp = 0, usr_flg = 0,
		spatialprops =
		{
			pos = { -4.536116, 0, 3.351828 },
			orient = { {  0.733482,  0.000000,  0.679709 },
					   {  0.000000,  1.000000,  0.000000 },
					   { -0.679709,  0.000000,  0.733482 } }
		}
	},

	{
		entity_name = "Zg/NPC/rTable3/03/C/SitLow",
		type = MARKER,
		template_name = "",
		lt_grp = 0, srt_grp = 0, usr_flg = 0,
		spatialprops =
		{
			pos = { -3.13555, 0, 1.815913 },
			orient = { { -0.742748,  0.000000, -0.669571 },
					   {  0.000000,  1.000000,  0.000000 },
					   {  0.669571,  0.000000, -0.742748 } }
		}
	},

	{
		entity_name = "Zg/NPC/rTable3/04/A/SitLow",
		type = MARKER,
		template_name = "",
		lt_grp = 0, srt_grp = 0, usr_flg = 0,
		spatialprops =
		{
			pos = { -7.851214, 0, 4.947048 },
			orient = { { -0.702321,  0.000000,  0.711860 },
					   {  0.000000,  1.000000,  0.000000 },
					   { -0.711860,  0.000000, -0.702321 } }
		}
	},

	{
		entity_name = "Zg/NPC/rTable3/04/B/SitLow",
		type = MARKER,
		template_name = "",
		lt_grp = 0, srt_grp = 0, usr_flg = 0,
		spatialprops =
		{
			pos = { -6.373314, 0, 4.951196 },
			orient = { { -0.732094,  0.000000, -0.681204 },
					   {  0.000000,  1.000000,  0.000000 },
					   {  0.681204,  0.000000, -0.732094 } }
		}
	},

	{
		entity_name = "Zg/NPC/rTable3/04/C/SitLow",
		type = MARKER,
		template_name = "",
		lt_grp = 0, srt_grp = 0, usr_flg = 0,
		spatialprops =
		{
			pos = { -7.832517, 0, 6.427701 },
			orient = { {  0.752836,  0.000000,  0.658208 },
					   {  0.000000,  1.000000,  0.000000 },
					   { -0.658208,  0.000000,  0.752836 } }
		}
	},

	{
		entity_name = "Zg/NPC/rFloor2/01/A/Stand",
		type = MARKER,
		template_name = "",
		lt_grp = 0, srt_grp = 0, usr_flg = 0,
		spatialprops =
		{
			pos = { -6.412466, 0, 0.246395 },
			orient = { { -0.896569,  0.000000,  0.442903 },
					   {  0.000000,  1.000000,  0.000000 },
					   { -0.442903,  0.000000, -0.896569 } }
		}
	},

	{
		entity_name = "Zg/NPC/rFloor2/01/B/Stand",
		type = MARKER,
		template_name = "",
		lt_grp = 0, srt_grp = 0, usr_flg = 0,
		spatialprops =
		{
			pos = { -6.19615, 0, 1.197394 },
			orient = { {  0.710900,  0.000000,  0.703293 },
					   {  0.000000,  1.000000,  0.000000 },
					   { -0.703293,  0.000000,  0.710900 } }
		}
	},

	{
		entity_name = "Zs/NPC/mTable3/03/AC2/Camera",
		type = CAMERA,
		template_name = "",
		lt_grp = 0, srt_grp = 0, usr_flg = 0,
		flags = HIDDEN,
		spatialprops =
		{
			pos = { -0.170065, 1.702196, 3.225008 },
			orient = { { -0.372838, -0.000001, -0.927897 },
					   { -0.197439,  0.977100,  0.079332 },
					   {  0.906648,  0.212781, -0.364300 } }
		},
		cameraprops =
		{
			fovh = 30,
			hvaspect = 1.85,
			nearplane = 0.3,
			farplane = 4000
		}
	},

	{
		entity_name = "Zs/NPC/mTable3/03/ACOH/Camera",
		type = CAMERA,
		template_name = "",
		lt_grp = 0, srt_grp = 0, usr_flg = 0,
		flags = HIDDEN,
		spatialprops =
		{
			pos = { -1.298043, 1.974835, 2.747955 },
			orient = { { -0.855423,  0.000000, -0.517929 },
					   { -0.219680,  0.905592,  0.362829 },
					   {  0.469032,  0.424151, -0.774664 } }
		},
		cameraprops =
		{
			fovh = 20,
			hvaspect = 1.85,
			nearplane = 0.3,
			farplane = 4000
		}
	},

	{
		entity_name = "Zs/NPC/mTable3/03/ACOL/Camera",
		type = CAMERA,
		template_name = "",
		lt_grp = 0, srt_grp = 0, usr_flg = 0,
		flags = HIDDEN,
		spatialprops =
		{
			pos = { -1.008427, 1.540899, 2.750264 },
			orient = { { -0.795696,  0.000000, -0.605696 },
					   { -0.142271,  0.972022,  0.186900 },
					   {  0.588750,  0.234889, -0.773434 } }
		},
		cameraprops =
		{
			fovh = 20,
			hvaspect = 1.85,
			nearplane = 0.3,
			farplane = 4000
		}
	},

	{
		entity_name = "Zs/NPC/mTable3/03/ACS/Camera",
		type = CAMERA,
		template_name = "",
		lt_grp = 0, srt_grp = 0, usr_flg = 0,
		flags = HIDDEN,
		spatialprops =
		{
			pos = { -1.38947, 1.359833, 3.467041 },
			orient = { { -0.818136,  0.000000, -0.575025 },
					   { -0.096508,  0.985816,  0.137310 },
					   {  0.566868,  0.167832, -0.806531 } }
		},
		cameraprops =
		{
			fovh = 20,
			hvaspect = 1.85,
			nearplane = 0.3,
			farplane = 4000
		}
	},

	{
		entity_name = "Zs/NPC/mTable3/03/ACU/Camera",
		type = CAMERA,
		template_name = "",
		lt_grp = 0, srt_grp = 0, usr_flg = 0,
		flags = HIDDEN,
		spatialprops =
		{
			pos = { -1.729215, 1.369301, 4.035418 },
			orient = { { -0.865576,  0.000000, -0.500778 },
					   { -0.092531,  0.982781,  0.159935 },
					   {  0.492155,  0.184773, -0.850671 } }
		},
		cameraprops =
		{
			fovh = 20,
			hvaspect = 1.85,
			nearplane = 0.3,
			farplane = 4000
		}
	},

	{
		entity_name = "Zs/NPC/mTable3/03/P/Stand",
		type = MARKER,
		template_name = "",
		lt_grp = 0, srt_grp = 0, usr_flg = 0,
		spatialprops =
		{
			pos = { -1.813845, 0, 2.680804 },
			orient = { { -0.999820,  0.000000, -0.018996 },
					   {  0.000000,  1.000000,  0.000000 },
					   {  0.018996,  0.000000, -0.999820 } }
		}
	},

	{
		entity_name = "Zs/NPC/mTable3/03/P2/Stand",
		type = MARKER,
		template_name = "",
		lt_grp = 0, srt_grp = 0, usr_flg = 0,
		spatialprops =
		{
			pos = { -1.791105, 0, 3.192221 },
			orient = { { -0.999820,  0.000000, -0.018996 },
					   {  0.000000,  1.000000,  0.000000 },
					   {  0.018996,  0.000000, -0.999820 } }
		}
	},

	{
		entity_name = "Zs/NPC/mTable3/03/PC2/Camera",
		type = CAMERA,
		template_name = "",
		lt_grp = 0, srt_grp = 0, usr_flg = 0,
		flags = HIDDEN,
		spatialprops =
		{
			pos = { -0.112717, 1.68243, 5.228705 },
			orient = { {  0.524672,  0.000000, -0.851304 },
					   { -0.193286,  0.973884, -0.119125 },
					   {  0.829071,  0.227047,  0.510970 } }
		},
		cameraprops =
		{
			fovh = 30,
			hvaspect = 1.85,
			nearplane = 0.3,
			farplane = 4000
		}
	},

	{
		entity_name = "Zs/NPC/mTable3/03/PCO/Camera",
		type = CAMERA,
		template_name = "",
		lt_grp = 0, srt_grp = 0, usr_flg = 0,
		flags = HIDDEN,
		spatialprops =
		{
			pos = { -1.853427, 1.158795, 5.495683 },
			orient = { {  0.990541,  0.000000, -0.137213 },
					   {  0.014647,  0.994286,  0.105736 },
					   {  0.136429, -0.106746,  0.984882 } }
		},
		cameraprops =
		{
			fovh = 20,
			hvaspect = 1.85,
			nearplane = 0.3,
			farplane = 4000
		}
	},

	{
		entity_name = "Zs/NPC/mTable3/03/PCS/Camera",
		type = CAMERA,
		template_name = "",
		lt_grp = 0, srt_grp = 0, usr_flg = 0,
		flags = HIDDEN,
		spatialprops =
		{
			pos = { -1.737195, 1.418446, 4.766877 },
			orient = { {  0.985113,  0.000000, -0.171908 },
					   {  0.013488,  0.996917,  0.077290 },
					   {  0.171378, -0.078458,  0.982076 } }
		},
		cameraprops =
		{
			fovh = 20,
			hvaspect = 1.85,
			nearplane = 0.3,
			farplane = 4000
		}
	},

	{
		entity_name = "Zs/NPC/mTable3/03/PCU/Camera",
		type = CAMERA,
		template_name = "",
		lt_grp = 0, srt_grp = 0, usr_flg = 0,
		flags = HIDDEN,
		spatialprops =
		{
			pos = { -1.695328, 1.523886, 4.231546 },
			orient = { {  0.980635,  0.000000, -0.195845 },
					   {  0.021983,  0.993680,  0.110074 },
					   {  0.194608, -0.112248,  0.974437 } }
		},
		cameraprops =
		{
			fovh = 20,
			hvaspect = 1.85,
			nearplane = 0.3,
			farplane = 4000
		}
	},

	{
		entity_name = "Zs/NPC/mTable3/03/Prop",
		type = MARKER,
		template_name = "",
		lt_grp = 0, srt_grp = 0, usr_flg = 0,
		spatialprops =
		{
			pos = { -1.66153, 0.797336, 4.393755 },
			orient = { { -0.897683,  0.000000, -0.440643 },
					   {  0.000000,  1.000000,  0.000000 },
