duration = 38.366;

entities =
{

	{
		entity_name = "Layer_Ku_02_Trader_ambient",
		type = SCENE,
		template_name = "",
		lt_grp = 0, srt_grp = 0, usr_flg = 0,
		spatialprops =
		{
			pos = { 0, 0, 0 },
			orient = { { 1, 0, 0 }, { 0, 1, 0 }, { 0, 0, 1 } }
		},
		up = Y_AXIS,
		front = Z_AXIS,
		ambient = { 0, 0, 0 }
	},

	{
		entity_name = "ambi_ltg00_inf_key_yellow",
		type = LIGHT,
		template_name = "",
		lt_grp = 0, srt_grp = 0, usr_flg = 0,
		spatialprops =
		{
			pos = { -2.736205, 1.613023, -0.066805 },
			orient = { {  0.711208,  0.001970,  0.702979 },
					   { -0.297118,  0.907130,  0.298054 },
					   { -0.637106, -0.420846,  0.645743 } }
		},
		lightprops =
		{
			on = Y,
			color = { 234, 242, 255 },
			diffuse = { 0.886275, 0.803922, 0.552941 },
			specular = { 0, 0, 0 },
			ambient = { 0, 0, 0 },
			direction = { 0, 0, 1 },
			range = 3,
			cutoff = 90,
			type = L_DIRECT,
			theta = 90,
			atten = { 0, 0, 0.8 }
		}
	},

	{
		entity_name = "ambi_ltg03_equip_inf_key_yellow_2oc",
		type = LIGHT,
		template_name = "",
		lt_grp = 3, srt_grp = 0, usr_flg = 0,
		spatialprops =
		{
			pos = { 3.548591, 2.333403, -0.120634 },
			orient = { {  0.086607,  0.124941,  0.988377 },
					   { -0.324281,  0.941611, -0.090614 },
					   { -0.941988, -0.312664,  0.122066 } }
		},
		lightprops =
		{
			on = Y,
			color = { 255, 255, 255 },
			diffuse = { 0.992157, 0.956863, 0.737255 },
			specular = { 0, 0, 0 },
			ambient = { 0.25098, 0.25098, 0.25098 },
			direction = { 0, 0, 1 },
			range = 2000,
			cutoff = 98.99998,
			type = L_DIRECT,
			theta = 90,
			atten = { 1, 0, 4e-006 }
		}
	},

	{
		entity_name = "ambi_ltg09_set_amb",
		type = LIGHT,
		template_name = "",
		lt_grp = 9, srt_grp = 0, usr_flg = 0,
		spatialprops =
		{
			pos = { 0, 0, 0 },
			orient = { { 1, 0, 0 }, { 0, 1, 0 }, { 0, 0, 1 } }
		},
		lightprops =
		{
			on = Y,
			color = { 255, 255, 255 },
			diffuse = { 0, 0, 0 },
			specular = { 0, 0, 0 },
			ambient = { 0.623529, 0.623529, 0.623529 },
			direction = { 0, 0, 1 },
			range = 2000,
			cutoff = 98.99998,
			type = L_DIRECT,
			theta = 90,
			atten = { 1, 0, 4e-006 }
		}
	},

	{
		entity_name = "ambi_ltg00_inf_key2_orange",
		type = LIGHT,
		template_name = "",
		lt_grp = 0, srt_grp = 0, usr_flg = 0,
		spatialprops =
		{
			pos = { -2.736205, 1.613023, -0.066805 },
			orient = { {  0.753314,  0.005316, -0.657640 },
					   { -0.012743,  0.999898, -0.006514 },
					   {  0.657538,  0.013287,  0.753304 } }
		},
		lightprops =
		{
			on = Y,
			color = { 234, 242, 255 },
			diffuse = { 0.4, 0.27451, 0.14902 },
			specular = { 0, 0, 0 },
			ambient = { 0, 0, 0 },
			direction = { 0, 0, 1 },
			range = 3,
			cutoff = 90,
			type = L_DIRECT,
			theta = 90,
			atten = { 0, 0, 0.8 }
		}
	},

	{
		entity_name = "ambi_ltg03_equip_inf_key_yellow_10oc",
		type = LIGHT,
		template_name = "",
		lt_grp = 3, srt_grp = 0, usr_flg = 0,
		spatialprops =
		{
			pos = { 3.548591, 2.333403, -0.120634 },
			orient = { {  0.744928, -0.011153, -0.667052 },
					   { -0.004463,  0.999755, -0.021700 },
					   {  0.667130,  0.019142,  0.744695 } }
		},
		lightprops =
		{
			on = Y,
			color = { 255, 255, 255 },
			diffuse = { 0.992157, 0.956863, 0.737255 },
			specular = { 0, 0, 0 },
			ambient = { 0, 0, 0 },
			direction = { 0, 0, 1 },
			range = 2000,
			cutoff = 98.99998,
			type = L_DIRECT,
			theta = 90,
			atten = { 1, 0, 4e-006 }
		}
	},

	{
		entity_name = "ambi_ltg00_point_enter_yellow_1oc",
		type = LIGHT,
		template_name = "",
		lt_grp = 0, srt_grp = 0, usr_flg = 0,
		spatialprops =
		{
			pos = { 26.47454, 2.638281, -0.462295 },
			orient = { { -0.870483, -0.014299, -0.491990 },
					   { -0.034623,  0.998881,  0.032229 },
					   {  0.490978,  0.045089, -0.870004 } }
		},
		lightprops =
		{
			on = Y,
			color = { 234, 242, 255 },
			diffuse = { 0.960784, 0.941177, 0.803922 },
			specular = { 0, 0, 0 },
			ambient = { 0, 0, 0 },
			direction = { 0, 0, 1 },
			range = 7,
			cutoff = 90,
			type = L_POINT,
			theta = 90,
			atten = { 0, 0, 0.17 }
		}
	},

	{
		entity_name = "ambi_ltg00_point_blue_floor1",
		type = LIGHT,
		template_name = "",
		lt_grp = 0, srt_grp = 0, usr_flg = 0,
		spatialprops =
		{
			pos = { -2.48328, 0.403011, 3.089019 },
			orient = { {  0.982672,  0.028150,  0.183202 },
					   { -0.034623,  0.998881,  0.032229 },
					   { -0.182089, -0.038013,  0.982547 } }
		},
		lightprops =
		{
			on = Y,
			color = { 234, 242, 255 },
			diffuse = { 0.482353, 0.992157, 0.980392 },
			specular = { 0, 0, 0 },
			ambient = { 0, 0, 0 },
			direction = { 0, 0, 1 },
			range = 4,
			cutoff = 90,
			type = L_POINT,
			theta = 90,
			atten = { 0, 0, 0.8 }
		}
	},

	{
		entity_name = "ambi_ltg00_point_blue_trader",
		type = LIGHT,
		template_name = "",
		lt_grp = 0, srt_grp = 0, usr_flg = 0,
		spatialprops =
		{
			pos = { 0.748806, 0.534579, 2.483465 },
			orient = { {  0.982672,  0.028150,  0.183202 },
					   { -0.034623,  0.998881,  0.032229 },
					   { -0.182089, -0.038013,  0.982547 } }
		},
		lightprops =
		{
			on = Y,
			color = { 234, 242, 255 },
			diffuse = { 0.482353, 0.992157, 0.980392 },
			specular = { 0, 0, 0 },
			ambient = { 0, 0, 0 },
			direction = { 0, 0, 1 },
			range = 4,
			cutoff = 90,
			type = L_POINT,
			theta = 90,
			atten = { 0, 0, 0.8 }
		}
	},

	{
		entity_name = "ambi_ltg00_point_blue_floor2",
		type = LIGHT,
		template_name = "",
		lt_grp = 0, srt_grp = 0, usr_flg = 0,
		spatialprops =
		{
			pos = { -1.636986, 0.589835, -1.792147 },
			orient = { {  0.982672,  0.028150,  0.183202 },
					   { -0.034623,  0.998881,  0.032229 },
					   { -0.182089, -0.038013,  0.982547 } }
		},
		lightprops =
		{
			on = Y,
			color = { 234, 242, 255 },
			diffuse = { 0.482353, 0.992157, 0.976471 },
			specular = { 0, 0, 0 },
			ambient = { 0, 0, 0 },
			direction = { 0, 0, 1 },
			range = 3,
			cutoff = 90,
			type = L_POINT,
			theta = 90,
			atten = { 0, 0, 0.8 }
		}
	}
};

events =
{
	{
		0.000, START_FOG_PROP_ANIM, { "Layer_Ku_02_Trader_ambient" },
		{
			duration = 0.000,
			fogprops =
			{
				fogon = N,
				fogcolor = { 0, 0, 0 },
				fogmode = F_LINEAR,
				fogstart = 0,
				fogend = 90000,
			}
		}
	}
};
