duration = 20.000;

entities =
{

	{
		entity_name = "Layer_li_07_Bar_Hardpoint",
		type = SCENE,
		template_name = "",
		lt_grp = 0, srt_grp = 0, usr_flg = 0,
		spatialprops =
		{
			pos = { 0, 0, 0 },
			orient = { { 1, 0, 0 }, { 0, 1, 0 }, { 0, 0, 1 } }
		},
		up = Y_AXIS,
		front = Z_AXIS,
		ambient = { 170, 170, 170 }
	},

	{
		entity_name = "Zs/NPC/Bartender/01/AC2/Camera",
		type = CAMERA,
		template_name = "",
		lt_grp = 0, srt_grp = 0, usr_flg = 0,
		flags = HIDDEN,
		spatialprops =
		{
			pos = { -0.982506, 1.819668, -8.60043 },
			orient = { {  0.972024,  0.000000, -0.234880 },
					   { -0.065283,  0.960598, -0.270167 },
					   {  0.225626,  0.277943,  0.933724 } }
		},
		cameraprops =
		{
			fovh = 30,
			hvaspect = 1.85,
			nearplane = 0.3,
			farplane = 4000
		}
	},

	{
		entity_name = "Zs/NPC/Bartender/01/ACOH/Camera",
		type = CAMERA,
		template_name = "",
		lt_grp = 0, srt_grp = 0, usr_flg = 0,
		flags = HIDDEN,
		spatialprops =
		{
			pos = { -2.096385, 1.775141, -9.519148 },
			orient = { {  0.889555,  0.000000,  0.456829 },
					   {  0.092891,  0.979108, -0.180881 },
					   { -0.447285,  0.203339,  0.870970 } }
		},
		cameraprops =
		{
			fovh = 25,
			hvaspect = 1.85,
			nearplane = 0.3,
			farplane = 4000
		}
	},

	{
		entity_name = "Zs/NPC/Bartender/01/ACS/Camera",
		type = CAMERA,
		template_name = "",
		lt_grp = 0, srt_grp = 0, usr_flg = 0,
		flags = HIDDEN,
		spatialprops =
		{
			pos = { -1.219932, 1.682643, -10.27314 },
			orient = { {  0.925269,  0.000000,  0.379311 },
					   {  0.039302,  0.994618, -0.095871 },
					   { -0.377269,  0.103614,  0.920289 } }
		},
		cameraprops =
		{
			fovh = 25,
			hvaspect = 1.85,
			nearplane = 0.3,
			farplane = 4000
		}
	},

	{
		entity_name = "Zs/NPC/Bartender/01/P/Stand",
		type = MARKER,
		template_name = "",
		lt_grp = 0, srt_grp = 0, usr_flg = 0,
		spatialprops =
		{
			pos = { -2.468808, -0.0054, -9.719306 },
			orient = { {  0.440636,  0.000000,  0.897686 },
					   {  0.000000,  1.000000,  0.000000 },
					   { -0.897686,  0.000000,  0.440636 } }
		}
	},

	{
		entity_name = "Zs/NPC/Bartender/01/P2/Stand",
		type = MARKER,
		template_name = "",
		lt_grp = 0, srt_grp = 0, usr_flg = 0,
		spatialprops =
		{
			pos = { -2.026725, 0, -9.981311 },
			orient = { {  0.440637,  0.000000,  0.897686 },
					   {  0.000000,  1.000000,  0.000000 },
					   { -0.897686,  0.000000,  0.440637 } }
		}
	},

	{
		entity_name = "Zs/NPC/Bartender/01/PC2/Camera",
		type = CAMERA,
		template_name = "",
		lt_grp = 0, srt_grp = 0, usr_flg = 0,
		flags = HIDDEN,
		spatialprops =
		{
			pos = { 0.747482, 1.872917, -10.26768 },
			orient = { {  0.303880,  0.000000, -0.952710 },
					   { -0.288280,  0.953121, -0.091951 },
					   {  0.908048,  0.302589,  0.289635 } }
		},
		cameraprops =
		{
			fovh = 30,
			hvaspect = 1.85,
			nearplane = 0.3,
			farplane = 4000
		}
	},

	{
		entity_name = "Zs/NPC/Bartender/01/PCO/Camera",
		type = CAMERA,
		template_name = "",
		lt_grp = 0, srt_grp = 0, usr_flg = 0,
		flags = HIDDEN,
		spatialprops =
		{
			pos = { -0.062127, 1.779823, -11.40014 },
			orient = { { -0.371247,  0.000000, -0.928534 },
					   { -0.201286,  0.976221,  0.080478 },
					   {  0.906454,  0.216779, -0.362419 } }
		},
		cameraprops =
		{
			fovh = 25,
			hvaspect = 1.85,
			nearplane = 0.3,
			farplane = 4000
		}
	},

	{
		entity_name = "Zs/NPC/Bartender/01/PCS/Camera",
		type = CAMERA,
		template_name = "",
		lt_grp = 0, srt_grp = 0, usr_flg = 0,
		flags = HIDDEN,
		spatialprops =
		{
			pos = { -0.898097, 1.682649, -10.56877 },
			orient = { { -0.283410,  0.000000, -0.958999 },
					   { -0.103946,  0.994108,  0.030719 },
					   {  0.953349,  0.108390, -0.281740 } }
		},
		cameraprops =
		{
			fovh = 25,
			hvaspect = 1.85,
			nearplane = 0.3,
			farplane = 4000
		}
	},

	{
		entity_name = "Zs/NPC/Bartender/01/WFC/Camera",
		type = CAMERA,
		template_name = "",
		lt_grp = 0, srt_grp = 0, usr_flg = 0,
		flags = HIDDEN,
		spatialprops =
		{
			pos = { -6.322588, 2.271219, 6.306156 },
			orient = { {  0.945297,  0.000000,  0.326212 },
					   { -0.051341,  0.987537,  0.148775 },
					   { -0.322146, -0.157384,  0.933516 } }
		},
		cameraprops =
		{
			fovh = 30,
			hvaspect = 1.85,
			nearplane = 0.3,
			farplane = 4000
		}
	},

	{
		entity_name = "Camera_Mission",
		type = CAMERA,
		template_name = "",
		lt_grp = 0, srt_grp = 0, usr_flg = 0,
		flags = HIDDEN,
		spatialprops =
		{
			pos = { -0.446523, 2.483821, -9.482692 },
			orient = { {  0.032227,  0.000000, -0.999481 },
					   { -0.149085,  0.988813, -0.004807 },
					   {  0.988299,  0.149163,  0.031866 } }
		},
		cameraprops =
		{
			fovh = 20,
			hvaspect = 1.333333,
			nearplane = 0.5,
			farplane = 200
		}
	},

	{
		entity_name = "Camera_News",
		type = CAMERA,
		template_name = "",
		lt_grp = 0, srt_grp = 0, usr_flg = 0,
		flags = HIDDEN,
		spatialprops =
		{
			pos = { -2.507556, 6.651601, 7.15618 },
			orient = { { -0.048477,  0.000000, -0.998824 },
					   {  0.020911,  0.999781, -0.001015 },
					   {  0.998605, -0.020936, -0.048467 } }
		},
		cameraprops =
		{
			fovh = 35,
			hvaspect = 1.333333,
			nearplane = 1,
			farplane = 200
		}
	},

	{
		entity_name = "Zg/PC/Player/01/A/Stand",
		type = MARKER,
		template_name = "",
		lt_grp = 0, srt_grp = 0, usr_flg = 0,
		spatialprops =
		{
			pos = { -13.60722, 0, -1.073183 },
			orient = { { -0.263550,  0.000000,  0.964646 },
					   {  0.000000,  1.000000,  0.000000 },
					   { -0.964646,  0.000000, -0.263550 } }
		}
	},

	{
		entity_name = "Zs/NPC/Bartender/01/A/Stand",
		type = MARKER,
		template_name = "",
		lt_grp = 0, srt_grp = 0, usr_flg = 0,
		spatialprops =
		{
			pos = { -0.503374, 0, -11.39443 },
			orient = { { -0.952335,  0.000000, -0.305053 },
					   {  0.000000,  1.000000,  0.000000 },
					   {  0.305053,  0.000000, -0.952335 } }
		}
	},

	{
		entity_name = "Zs/NPC/mTable4/01/P2/Stand",
		type = MARKER,
		template_name = "",
		lt_grp = 0, srt_grp = 0, usr_flg = 0,
		spatialprops =
		{
			pos = { -1.406139, 0, -3.841695 },
			orient = { {  0.750668,  0.000000, -0.660680 },
					   {  0.000000,  1.000000,  0.000000 },
					   {  0.660680,  0.000000,  0.750668 } }
		}
	},

	{
		entity_name = "Zs/NPC/mTable4/01/P/Stand",
		type = MARKER,
		template_name = "",
		lt_grp = 0, srt_grp = 0, usr_flg = 0,
		spatialprops =
		{
			pos = { -1.037346, 0, -3.483819 },
			orient = { {  0.750668,  0.000000, -0.660680 },
					   {  0.000000,  1.000000,  0.000000 },
					   {  0.660680,  0.000000,  0.750668 } }
		}
	},

	{
		entity_name = "Zs/NPC/mTable4/01/Prop",
		type = MARKER,
		template_name = "",
		lt_grp = 0, srt_grp = 0, usr_flg = 0,
		spatialprops =
		{
			pos = { -2.212266, 0.81432, -4.723502 },
			orient = { {  0.753015,  0.000000, -0.658003 },
					   {  0.000000,  1.000000,  0.000000 },
					   {  0.658003,  0.000000,  0.753015 } }
		}
	},

	{
		entity_name = "Zs/NPC/mTable4/01/AC2/Camera",
		type = CAMERA,
		template_name = "",
		lt_grp = 0, srt_grp = 0, usr_flg = 0,
		flags = HIDDEN,
		spatialprops =
		{
			pos = { -2.653843, 1.702196, -2.752445 },
			orient = { {  0.891437,  0.000000,  0.453144 },
					   {  0.094476,  0.978024, -0.185856 },
					   { -0.443186,  0.208490,  0.871848 } }
		},
		cameraprops =
		{
			fovh = 30,
			hvaspect = 1.85,
			nearplane = 0.3,
			farplane = 4000
		}
	},

	{
		entity_name = "Zs/NPC/mTable4/01/WFC/Camera",
		type = CAMERA,
		template_name = "",
		lt_grp = 0, srt_grp = 0, usr_flg = 0,
		flags = HIDDEN,
		spatialprops =
		{
			pos = { -10.16984, 4.967832, 4.67482 },
			orient = { {  0.908197,  0.000000,  0.418543 },
					   {  0.050069,  0.992819, -0.108645 },
					   { -0.415537,  0.119627,  0.901675 } }
		},
		cameraprops =
		{
			fovh = 30,
			hvaspect = 1.85,
			nearplane = 0.3,
			farplane = 4000
		}
	},

	{
		entity_name = "Zs/NPC/mFloor2/01/AC2/Camera",
		type = CAMERA,
		template_name = "",
		lt_grp = 0, srt_grp = 0, usr_flg = 0,
		flags = HIDDEN,
		spatialprops =
		{
			pos = { 6.570709, 1.677214, -7.660244 },
			orient = { {  0.992882,  0.000000, -0.119102 },
					   { -0.021663,  0.983319, -0.180595 },
					   {  0.117115,  0.181889,  0.976320 } }
		},
		cameraprops =
		{
			fovh = 30,
			hvaspect = 1.85,
			nearplane = 0.3,
			farplane = 4000
		}
	},

	{
		entity_name = "Zs/NPC/mFloor2/01/WFC/Camera",
		type = CAMERA,
		template_name = "",
		lt_grp = 0, srt_grp = 0, usr_flg = 0,
		flags = HIDDEN,
		spatialprops =
		{
			pos = { 6.454831, -0.550356, 10.3691 },
			orient = { {  0.983263,  0.000000, -0.182189 },
					   {  0.035522,  0.980809,  0.191708 },
					   {  0.178693, -0.194972,  0.964394 } }
		},
		cameraprops =
		{
			fovh = 30,
			hvaspect = 1.85,
			nearplane = 0.3,
			farplane = 4000
		}
	},

	{
		entity_name = "Zs/NPC/mTable4/01/PC2/Camera",
		type = CAMERA,
		template_name = "",
		lt_grp = 0, srt_grp = 0, usr_flg = 0,
		flags = HIDDEN,
		spatialprops =
		{
			pos = { -4.040283, 1.68243, -4.225163 },
			orient = { {  0.187277,  0.000000,  0.982307 },
					   {  0.223005,  0.973890, -0.042516 },
					   { -0.956659,  0.227021,  0.182387 } }
		},
		cameraprops =
		{
			fovh = 30,
			hvaspect = 1.85,
			nearplane = 0.3,
			farplane = 4000
		}
	},

	{
		entity_name = "Zs/NPC/mFloor2/01/PC2/Camera",
		type = CAMERA,
		template_name = "",
		lt_grp = 0, srt_grp = 0, usr_flg = 0,
		flags = HIDDEN,
		spatialprops =
		{
			pos = { 7.712869, 1.74776, -8.410954 },
			orient = { {  0.583535,  0.000000, -0.812088 },
					   { -0.179899,  0.975154, -0.129268 },
					   {  0.791911,  0.221526,  0.569036 } }
		},
		cameraprops =
		{
			fovh = 30,
			hvaspect = 1.85,
			nearplane = 0.3,
			farplane = 4000
		}
	},

	{
		entity_name = "Zs/NPC/mFloor2/01/P/Stand",
		type = MARKER,
		template_name = "",
		lt_grp = 0, srt_grp = 0, usr_flg = 0,
		spatialprops =
		{
			pos = { 5.352363, -0.0054, -8.812303 },
			orient = { {  0.204669,  0.000000,  0.978831 },
					   {  0.000000,  1.000000,  0.000000 },
					   { -0.978831,  0.000000,  0.204669 } }
		}
	},

	{
		entity_name = "Zs/NPC/mFloor2/01/P2/Stand",
		type = MARKER,
		template_name = "",
		lt_grp = 0, srt_grp = 0, usr_flg = 0,
		spatialprops =
		{
			pos = { 5.845549, 0, -8.956699 },
			orient = { {  0.204669,  0.000000,  0.978831 },
					   {  0.000000,  1.000000,  0.000000 },
					   { -0.978831,  0.000000,  0.204669 } }
		}
	},

	{
		entity_name = "Zs/NPC/mTable4/01/ACOH/Camera",
		type = CAMERA,
		template_name = "",
		lt_grp = 0, srt_grp = 0, usr_flg = 0,
		flags = HIDDEN,
		spatialprops =
		{
			pos = { -1.427635, 1.935485, -3.23267 },
			orient = { {  0.964417,  0.000000, -0.264387 },
					   { -0.109042,  0.910987, -0.397759 },
					   {  0.240854,  0.412434,  0.878571 } }
		},
		cameraprops =
		{
			fovh = 20,
			hvaspect = 1.85,
			nearplane = 0.3,
			farplane = 4000
		}
	},

	{
		entity_name = "Zs/NPC/mFloor2/01/ACOH/Camera",
		type = CAMERA,
		template_name = "",
		lt_grp = 0, srt_grp = 0, usr_flg = 0,
		flags = HIDDEN,
		spatialprops =
		{
			pos = { 5.69306, 1.750024, -8.446211 },
			orient = { {  0.805763,  0.000000,  0.592238 },
					   {  0.111032,  0.982269, -0.151064 },
					   { -0.581736,  0.187479,  0.791476 } }
		},
		cameraprops =
		{
			fovh = 25,
			hvaspect = 1.85,
			nearplane = 0.3,
			farplane = 4000
		}
	},

	{
		entity_name = "Zs/NPC/mTable4/01/TCI/Camera",
		type = CAMERA,
		template_name = "",
		lt_grp = 0, srt_grp = 0, usr_flg = 0,
		flags = HIDDEN,
		spatialprops =
		{
			pos = { -1.70683, 1.821711, -3.610248 },
			orient = { {  0.955658,  0.000000, -0.294479 },
					   { -0.189261,  0.766120, -0.614198 },
					   {  0.225607,  0.642697,  0.732149 } }
		},
		cameraprops =
		{
			fovh = 15,
			hvaspect = 1.85,
			nearplane = 0.3,
			farplane = 4000
		}
	},

	{
		entity_name = "Zs/NPC/mFloor2/01/TCI/Camera",
		type = CAMERA,
		template_name = "",
		lt_grp = 0, srt_grp = 0, usr_flg = 0,
		flags = HIDDEN,
		spatialprops =
		{
			pos = { 6.156213, 1.903228, -8.547161 },
			orient = { {  0.851135,  0.000000,  0.524946 },
					   {  0.322813,  0.788569, -0.523402 },
					   { -0.413957,  0.614946,  0.671179 } }
		},
		cameraprops =
		{
			fovh = 15,
			hvaspect = 1.85,
			nearplane = 0.3,
			farplane = 4000
		}
	},

	{
		entity_name = "Zs/NPC/mTable4/01/ACS/Camera",
		type = CAMERA,
		template_name = "",
		lt_grp = 0, srt_grp = 0, usr_flg = 0,
		flags = HIDDEN,
		spatialprops =
		{
			pos = { -1.932963, 1.339473, -3.881952 },
			orient = { {  0.989383,  0.000000, -0.145329 },
					   { -0.021887,  0.988595, -0.149002 },
					   {  0.143671,  0.150600,  0.978099 } }
		},
		cameraprops =
		{
			fovh = 20,
			hvaspect = 1.85,
			nearplane = 0.3,
			farplane = 4000
		}
	},

	{
		entity_name = "Zs/NPC/mFloor2/01/ACS/Camera",
		type = CAMERA,
		template_name = "",
		lt_grp = 0, srt_grp = 0, usr_flg = 0,
		flags = HIDDEN,
		spatialprops =
		{
			pos = { 6.123158, 1.610535, -8.690548 },
			orient = { {  0.801401,  0.000000,  0.598128 },
					   {  0.030321,  0.998714, -0.040625 },
					   { -0.597359,  0.050693,  0.800370 } }
		},
		cameraprops =
		{
			fovh = 25,
			hvaspect = 1.85,
			nearplane = 0.3,
			farplane = 4000
		}
	},

	{
		entity_name = "Zs/NPC/mFloor2/01/PCS/Camera",
		type = CAMERA,
		template_name = "",
		lt_grp = 0, srt_grp = 0, usr_flg = 0,
		flags = HIDDEN,
		spatialprops =
		{
			pos = { 7.041935, 1.614689, -9.212129 },
			orient = { { -0.044952,  0.000000, -0.998989 },
					   { -0.055934,  0.998431,  0.002517 },
					   {  0.997422,  0.055991, -0.044882 } }
		},
		cameraprops =
		{
			fovh = 25,
			hvaspect = 1.85,
			nearplane = 0.3,
			farplane = 4000
		}
	},

	{
		entity_name = "Zs/NPC/mTable4/01/PCS/Camera",
		type = CAMERA,
		template_name = "",
		lt_grp = 0, srt_grp = 0, usr_flg = 0,
		flags = HIDDEN,
		spatialprops =
		{
			pos = { -2.488822, 1.401398, -4.989747 },
			orient = { { -0.641663,  0.000000,  0.766987 },
					   { -0.063665,  0.996549, -0.053262 },
					   { -0.764340, -0.083006, -0.639449 } }
		},
		cameraprops =
		{
			fovh = 20,
			hvaspect = 1.85,
			nearplane = 0.3,
			farplane = 4000
		}
	},

	{
		entity_name = "Zs/NPC/mTable4/01/ACU/Camera",
		type = CAMERA,
		template_name = "",
		lt_grp = 0, srt_grp = 0, usr_flg = 0,
		flags = HIDDEN,
		spatialprops =
		{
			pos = { -2.060387, 1.351184, -4.312747 },
			orient = { {  0.982846,  0.000000, -0.184431 },
					   { -0.029334,  0.987271, -0.156321 },
					   {  0.182083,  0.159049,  0.970335 } }
		},
		cameraprops =
		{
			fovh = 20,
			hvaspect = 1.85,
			nearplane = 0.3,
			farplane = 4000
		}
	},

	{
		entity_name = "Zs/NPC/mFloor2/01/ACU/Camera",
		type = CAMERA,
		template_name = "",
		lt_grp = 0, srt_grp = 0, usr_flg = 0,
		flags = HIDDEN,
		spatialprops =
		{
			pos = { 6.415342, 1.654154, -8.994137 },
			orient = { {  0.764616,  0.000000,  0.644486 },
					   {  0.004451,  0.999976, -0.005280 },
					   { -0.644471,  0.006906,  0.764598 } }
		},
		cameraprops =
		{
			fovh = 25,
			hvaspect = 1.85,
			nearplane = 0.3,
			farplane = 4000
		}
	},

	{
		entity_name = "Zs/NPC/mFloor2/01/PCO/Camera",
		type = CAMERA,
		template_name = "",
		lt_grp = 0, srt_grp = 0, usr_flg = 0,
		flags = HIDDEN,
		spatialprops =
		{
			pos = { 7.522236, 1.758207, -9.383411 },
			orient = { { -0.015003,  0.000000, -0.999887 },
					   { -0.191956,  0.981399,  0.002880 },
					   {  0.981289,  0.191977, -0.014724 } }
		},
		cameraprops =
		{
			fovh = 25,
			hvaspect = 1.85,
			nearplane = 0.3,
			farplane = 4000
		}
	},

	{
		entity_name = "Zs/NPC/mTable4/01/PCO/Camera",
		type = CAMERA,
		template_name = "",
		lt_grp = 0, srt_grp = 0, usr_flg = 0,
		flags = HIDDEN,
		spatialprops =
		{
			pos = { -3.013871, 1.145547, -5.468575 },
			orient = { { -0.589937,  0.000000,  0.807449 },
					   { -0.089631,  0.993820, -0.065486 },
					   { -0.802459, -0.111005, -0.586291 } }
		},
		cameraprops =
		{
			fovh = 20,
			hvaspect = 1.85,
			nearplane = 0.3,
			farplane = 4000
		}
	},

	{
		entity_name = "Zs/NPC/mTable4/01/PCU/Camera",
		type = CAMERA,
		template_name = "",
		lt_grp = 0, srt_grp = 0, usr_flg = 0,
		flags = HIDDEN,
		spatialprops =
		{
			pos = { -2.108786, 1.496755, -4.485284 },
			orient = { { -0.593163,  0.000000,  0.805082 },
					   { -0.129419,  0.986995, -0.095353 },
					   { -0.794612, -0.160753, -0.585449 } }
		},
		cameraprops =
		{
			fovh = 20,
			hvaspect = 1.85,
			nearplane = 0.3,
			farplane = 4000
		}
	},

	{
		entity_name = "Zs/NPC/mFloor2/01/PCU/Camera",
		type = CAMERA,
		template_name = "",
		lt_grp = 0, srt_grp = 0, usr_flg = 0,
		flags = HIDDEN,
		spatialprops =
		{
			pos = { 6.578331, 1.711636, -9.082704 },
			orient = { { -0.039636,  0.000000, -0.999214 },
					   { -0.081908,  0.996635,  0.003249 },
					   {  0.995851,  0.081972, -0.039502 } }
		},
		cameraprops =
		{
			fovh = 25,
			hvaspect = 1.85,
			nearplane = 0.3,
			farplane = 4000
		}
	},

	{
		entity_name = "Zs/NPC/mTable4/01/ACOL/Camera",
		type = CAMERA,
		template_name = "",
		lt_grp = 0, srt_grp = 0, usr_flg = 0,
		flags = HIDDEN,
		spatialprops =
		{
			pos = { -1.648599, 1.38789, -3.035568 },
			orient = { {  0.990352,  0.000000, -0.138574 },
					   { -0.024282,  0.984528, -0.173536 },
					   {  0.136430,  0.175227,  0.975030 } }
		},
		cameraprops =
		{
			fovh = 20,
			hvaspect = 1.85,
			nearplane = 0.3,
			farplane = 4000
		}
	},

	{
		entity_name = "Camera_0",
		type = CAMERA,
		template_name = "",
		lt_grp = 0, srt_grp = 0, usr_flg = 0,
		spatialprops =
		{
			pos = { 9.902097, 8.26718, 15.12856 },
			orient = { {  0.811552,  0.000000, -0.584280 },
					   { -0.202777,  0.937845, -0.281653 },
					   {  0.547964,  0.347055,  0.761110 } }
		},
		cameraprops =
		{
			fovh = 30,
			hvaspect = 1.333333,
			nearplane = 1,
			farplane = 200
		}
	},

	{
		entity_name = "Zg/NPC/mTable4/01/A/SitLow",
		type = MARKER,
		template_name = "",
		lt_grp = 0, srt_grp = 0, usr_flg = 0,
		spatialprops =
		{
			pos = { -2.308901, 0, -5.317619 },
			orient = { { -0.999999,  0.000000,  0.001513 },
					   {  0.000000,  1.000000,  0.000000 },
					   { -0.001513,  0.000000, -0.999999 } }
		}
	},

	{
		entity_name = "Zg/NPC/mFloor2/01/A/Stand",
		type = MARKER,
		template_name = "",
		lt_grp = 0, srt_grp = 0, usr_flg = 0,
		spatialprops =
		{
			pos = { 7.015925, 0, -9.566096 },
			orient = { { -0.557867,  0.000000, -0.829930 },
					   {  0.000000,  1.000000,  0.000000 },
					   {  0.829930,  0.000000, -0.557867 } }
		}
	},

	{
		entity_name = "Zg/NPC/mTable4/01/B/SitLow",
		type = MARKER,
		template_name = "",
		lt_grp = 0, srt_grp = 0, usr_flg = 0,
		spatialprops =
		{
			pos = { -2.284633, 0, -3.070564 },
			orient = { {  0.999988,  0.000000,  0.004798 },
					   {  0.000000,  1.000000,  0.000000 },
					   { -0.004798,  0.000000,  0.999988 } }
		}
	},

	{
		entity_name = "Zg/NPC/mTable4/01/C/SitLow",
		type = MARKER,
		template_name = "",
		lt_grp = 0, srt_grp = 0, usr_flg = 0,
		spatialprops =
		{
			pos = { -3.153904, 0, -5.385173 },
			orient = { { -0.999862,  0.000000, -0.016639 },
					   {  0.000000,  1.000000,  0.000000 },
					   {  0.016639,  0.000000, -0.999862 } }
		}
	},

	{
		entity_name = "Zg/NPC/mTable4/01/D/SitLow",
		type = MARKER,
		template_name = "",
		lt_grp = 0, srt_grp = 0, usr_flg = 0,
		spatialprops =
		{
			pos = { -3.117512, 0, -3.069529 },
			orient = { { 1, 0, 0 }, { 0, 1, 0 }, { 0, 0, 1 } }
		}
	},

	{
		entity_name = "Zg/NPC/mTable4/02/A/SitLow",
		type = MARKER,
		template_name = "",
		lt_grp = 0, srt_grp = 0, usr_flg = 0,
		spatialprops =
		{
			pos = { -2.295026, 0, -2.37394 },
			orient = { { -0.999988,  0.000000,  0.004956 },
					   {  0.000000,  1.000000,  0.000000 },
					   { -0.004956,  0.000000, -0.999988 } }
		}
	},

	{
		entity_name = "Zg/NPC/mTable4/02/B/SitLow",
		type = MARKER,
		template_name = "",
		lt_grp = 0, srt_grp = 0, usr_flg = 0,
		spatialprops =
		{
			pos = { -2.2758, 0, -0.12815 },
			orient = { { 1, 0, 0 }, { 0, 1, 0 }, { 0, 0, 1 } }
		}
	},

	{
		entity_name = "Zg/NPC/mTable4/03/A/SitLow",
		type = MARKER,
		template_name = "",
		lt_grp = 0, srt_grp = 0, usr_flg = 0,
		spatialprops =
		{
			pos = { -2.290348, 0, 0.576254 },
			orient = { { -1.000000,  0.000000, -0.000456 },
					   {  0.000000,  1.000000,  0.000000 },
					   {  0.000456,  0.000000, -1.000000 } }
		}
	},

	{
		entity_name = "Zg/NPC/mTable4/04/A/SitLow",
		type = MARKER,
		template_name = "",
		lt_grp = 0, srt_grp = 0, usr_flg = 0,
		spatialprops =
		{
			pos = { 3.048377, 0, 0.574972 },
			orient = { { -1.000000,  0.000000,  0.001135 },
					   {  0.000000,  1.000000,  0.000000 },
					   { -0.001135,  0.000000, -1.000000 } }
		}
	},

	{
		entity_name = "Zg/NPC/mTable4/05/C/SitLow",
		type = MARKER,
		template_name = "",
		lt_grp = 0, srt_grp = 0, usr_flg = 0,
		spatialprops =
		{
			pos = { 3.087546, 0, -2.432981 },
			orient = { { -0.999912,  0.000000,  0.013303 },
					   {  0.000000,  1.000000,  0.000000 },
					   { -0.013303,  0.000000, -0.999912 } }
		}
	},

	{
		entity_name = "Zg/NPC/mTable4/06/A/SitLow",
		type = MARKER,
		template_name = "",
		lt_grp = 0, srt_grp = 0, usr_flg = 0,
		spatialprops =
		{
			pos = { 3.041712, 0, -5.321756 },
			orient = { { -0.999998,  0.000000, -0.001980 },
					   {  0.000000,  1.000000,  0.000000 },
					   {  0.001980,  0.000000, -0.999998 } }
		}
	},

	{
		entity_name = "Zg/NPC/mTable4/03/B/SitLow",
		type = MARKER,
		template_name = "",
		lt_grp = 0, srt_grp = 0, usr_flg = 0,
		spatialprops =
		{
			pos = { -2.285382, 0, 2.811416 },
			orient = { { 1, 0, 0 }, { 0, 1, 0 }, { 0, 0, 1 } }
		}
	},

	{
		entity_name = "Zg/NPC/mTable4/04/B/SitLow",
		type = MARKER,
		template_name = "",
		lt_grp = 0, srt_grp = 0, usr_flg = 0,
		spatialprops =
		{
			pos = { 3.047379, 0, 2.813134 },
			orient = { { 1, 0, 0 }, { 0, 1, 0 }, { 0, 0, 1 } }
		}
	},

	{
		entity_name = "Zg/NPC/mTable4/05/B/SitLow",
		type = MARKER,
		template_name = "",
		lt_grp = 0, srt_grp = 0, usr_flg = 0,
		spatialprops =
		{
			pos = { 3.09634, 0, -0.120532 },
			orient = { { 1, 0, 0 }, { 0, 1, 0 }, { 0, 0, 1 } }
		}
	},

	{
		entity_name = "Zg/NPC/mTable4/06/B/SitLow",
		type = MARKER,
		template_name = "",
		lt_grp = 0, srt_grp = 0, usr_flg = 0,
		spatialprops =
		{
			pos = { 3.059193, 0, -3.062373 },
			orient = { { 1, 0, 0 }, { 0, 1, 0 }, { 0, 0, 1 } }
		}
	},

	{
		entity_name = "Zg/NPC/mTable4/02/C/SitLow",
		type = MARKER,
		template_name = "",
		lt_grp = 0, srt_grp = 0, usr_flg = 0,
		spatialprops =
		{
			pos = { -3.12678, 0, -2.450089 },
			orient = { { -0.999971,  0.000000, -0.007561 },
					   {  0.000000,  1.000000,  0.000000 },
					   {  0.007561,  0.000000, -0.999971 } }
		}
	},

	{
		entity_name = "Zg/NPC/mTable4/03/C/SitLow",
		type = MARKER,
		template_name = "",
		lt_grp = 0, srt_grp = 0, usr_flg = 0,
		spatialprops =
		{
			pos = { -3.100642, 0, 0.493645 },
			orient = { { -0.999999,  0.000000,  0.001725 },
					   {  0.000000,  1.000000,  0.000000 },
					   { -0.001725,  0.000000, -0.999999 } }
		}
	},

	{
		entity_name = "Zg/NPC/mTable4/04/C/SitLow",
		type = MARKER,
		template_name = "",
		lt_grp = 0, srt_grp = 0, usr_flg = 0,
		spatialprops =
		{
			pos = { 2.210818, 0, 0.483222 },
			orient = { { -0.999977,  0.000000, -0.006739 },
					   {  0.000000,  1.000000,  0.000000 },
					   {  0.006739,  0.000000, -0.999977 } }
		}
	},

	{
		entity_name = "Zg/NPC/mTable4/05/A/SitLow",
		type = MARKER,
		template_name = "",
		lt_grp = 0, srt_grp = 0, usr_flg = 0,
		spatialprops =
		{
			pos = { 2.226249, 0, -2.377907 },
			orient = { { -0.999999,  0.000000,  0.001496 },
					   {  0.000000,  1.000000,  0.000000 },
					   { -0.001496,  0.000000, -0.999999 } }
		}
	},

	{
		entity_name = "Zg/NPC/mTable4/06/C/SitLow",
		type = MARKER,
		template_name = "",
		lt_grp = 0, srt_grp = 0, usr_flg = 0,
		spatialprops =
		{
			pos = { 2.171484, 0, -5.377268 },
			orient = { { -0.999995,  0.000000, -0.003110 },
					   {  0.000000,  1.000000,  0.000000 },
					   {  0.003110,  0.000000, -0.999995 } }
		}
	},

	{
		entity_name = "Zg/NPC/mTable4/02/D/SitLow",
		type = MARKER,
		template_name = "",
		lt_grp = 0, srt_grp = 0, usr_flg = 0,
		spatialprops =
		{
			pos = { -3.088735, 0, -0.128502 },
			orient = { { 1, 0, 0 }, { 0, 1, 0 }, { 0, 0, 1 } }
		}
	},

	{
		entity_name = "Zg/NPC/mTable4/03/D/SitLow",
		type = MARKER,
		template_name = "",
		lt_grp = 0, srt_grp = 0, usr_flg = 0,
		spatialprops =
		{
			pos = { -3.08331, 0, 2.812366 },
			orient = { {  0.999978,  0.000000, -0.006707 },
					   {  0.000000,  1.000000,  0.000000 },
					   {  0.006707,  0.000000,  0.999978 } }
		}
	},

	{
		entity_name = "Zg/NPC/mTable4/04/D/SitLow",
		type = MARKER,
		template_name = "",
		lt_grp = 0, srt_grp = 0, usr_flg = 0,
		spatialprops =
		{
			pos = { 2.234866, 0, 2.808138 },
			orient = { { 1, 0, 0 }, { 0, 1, 0 }, { 0, 0, 1 } }
		}
	},

	{
		entity_name = "Zg/NPC/mTable4/05/D/SitLow",
		type = MARKER,
		template_name = "",
		lt_grp = 0, srt_grp = 0, usr_flg = 0,
		spatialprops =
		{
			pos = { 2.225462, 0, -0.1227 },
			orient = { { 1, 0, 0 }, { 0, 1, 0 }, { 0, 0, 1 } }
		}
	},

	{
		entity_name = "Zg/NPC/mTable4/06/D/SitLow",
		type = MARKER,
		template_name = "",
		lt_grp = 0, srt_grp = 0, usr_flg = 0,
		spatialprops =
		{
			pos = { 2.194765, 0, -3.058402 },
			orient = { { 1, 0, 0 }, { 0, 1, 0 }, { 0, 0, 1 } }
		}
	},

	{
		entity_name = "Zg/NPC/mFloor2/01/B/Stand",
		type = MARKER,
		template_name = "",
		lt_grp = 0, srt_grp = 0, usr_flg = 0,
		spatialprops =
		{
			pos = { 5.695021, 0, -9.551968 },
			orient = { { -0.653358,  0.000000,  0.757049 },
					   {  0.000000,  1.000000,  0.000000 },
					   { -0.757049,  0.000000, -0.653358 } }
		}
	},

	{
		entity_name = "Zs/NPC/mTable4/02/Prop",
		type = MARKER,
		template_name = "",
		lt_grp = 0, srt_grp = 0, usr_flg = 0,
		spatialprops =
		{
			pos = { -2.20004, 0.81432, -1.790324 },
			orient = { {  0.754248,  0.000000, -0.656589 },
					   {  0.000000,  1.000000,  0.000000 },
					   {  0.656589,  0.000000,  0.754248 } }
		}
	},

	{
		entity_name = "Zs/NPC/mTable4/03/Prop",
		type = MARKER,
		template_name = "",
		lt_grp = 0, srt_grp = 0, usr_flg = 0,
		spatialprops =
		{
			pos = { -2.198518, 0.81432, 1.155518 },
			orient = { {  0.757791,  0.000000, -0.652497 },
					   {  0.000000,  1.000000,  0.000000 },
					   {  0.652497,  0.000000,  0.757791 } }
		}
	},

	{
		entity_name = "Zs/NPC/mTable4/05/Prop",
		type = MARKER,
		template_name = "",
		lt_grp = 0, srt_grp = 0, usr_flg = 0,
		spatialprops =
		{
			pos = { 3.225718, 0.746026, -1.816183 },
			orient = { { -0.676517,  0.000000, -0.736427 },
					   {  0.000000,  1.000000,  0.000000 },
					   {  0.736427,  0.000000, -0.676517 } }
		}
	},

	{
		entity_name = "Zs/NPC/mTable4/06/Prop",
		type = MARKER,
		template_name = "",
		lt_grp = 0, srt_grp = 0, usr_flg = 0,
		spatialprops =
		{
			pos = { 3.16772, 0.746026, -4.759605 },
			orient = { { -0.661432,  0.000000, -0.750005 },
					   {  0.000000,  1.000000,  0.000000 },
					   {  0.750005,  0.000000, -0.661432 } }
		}
	},

	{
		entity_name = "Zs/NPC/mTable4/02/AC2/Camera",
		type = CAMERA,
		template_name = "",
		lt_grp = 0, srt_grp = 0, usr_flg = 0,
		flags = HIDDEN,
		spatialprops =
		{
			pos = { -2.645313, 1.702196, 0.179902 },
			orient = { {  0.898545,  0.000000,  0.438881 },
					   {  0.093385,  0.977100, -0.191191 },
					   { -0.428831,  0.212779,  0.877969 } }
		},
		cameraprops =
		{
			fovh = 30,
			hvaspect = 1.85,
			nearplane = 0.3,
			farplane = 4000
		}
	},

	{
		entity_name = "Zs/NPC/mTable4/03/AC2/Camera",
		type = CAMERA,
		template_name = "",
		lt_grp = 0, srt_grp = 0, usr_flg = 0,
		flags = HIDDEN,
		spatialprops =
		{
			pos = { -2.654448, 1.702196, 3.123305 },
			orient = { {  0.890132,  0.000000,  0.455703 },
					   {  0.096959,  0.977103, -0.189392 },
					   { -0.445268,  0.212769,  0.869750 } }
		},
		cameraprops =
		{
			fovh = 30,
			hvaspect = 1.85,
			nearplane = 0.3,
			farplane = 4000
		}
	},

	{
		entity_name = "Zs/NPC/mTable4/04/AC2/Camera",
		type = CAMERA,
		template_name = "",
		lt_grp = 0, srt_grp = 0, usr_flg = 0,
		flags = HIDDEN,
		spatialprops =
		{
			pos = { 3.487938, 1.665489, 3.228029 },
			orient = { {  0.847063,  0.000000, -0.531492 },
					   { -0.117589,  0.975218, -0.187408 },
					   {  0.518321,  0.221244,  0.826072 } }
		},
		cameraprops =
		{
			fovh = 30,
			hvaspect = 1.85,
			nearplane = 0.3,
			farplane = 4000
		}
	},

	{
		entity_name = "Zs/NPC/mTable4/05/AC2/Camera",
		type = CAMERA,
		template_name = "",
		lt_grp = 0, srt_grp = 0, usr_flg = 0,
		flags = HIDDEN,
		spatialprops =
		{
			pos = { 3.444303, 1.702196, 0.194384 },
			orient = { {  0.673841,  0.000000, -0.738877 },
					   { -0.169289,  0.973399, -0.154388 },
					   {  0.719222,  0.229116,  0.655916 } }
		},
		cameraprops =
		{
			fovh = 30,
			hvaspect = 1.85,
			nearplane = 0.3,
			farplane = 4000
		}
	},

	{
		entity_name = "Zs/NPC/mTable4/06/AC2/Camera",
		type = CAMERA,
		template_name = "",
		lt_grp = 0, srt_grp = 0, usr_flg = 0,
		flags = HIDDEN,
		spatialprops =
		{
			pos = { 3.289601, 1.741443, -2.638991 },
			orient = { {  0.879941,  0.000000, -0.475082 },
					   { -0.119192,  0.968016, -0.220766 },
					   {  0.459887,  0.250888,  0.851797 } }
		},
		cameraprops =
		{
			fovh = 30,
			hvaspect = 1.85,
			nearplane = 0.3,
			farplane = 4000
		}
	},

	{
		entity_name = "Zs/NPC/mTable4/02/ACOH/Camera",
		type = CAMERA,
		template_name = "",
		lt_grp = 0, srt_grp = 0, usr_flg = 0,
		flags = HIDDEN,
		spatialprops =
		{
			pos = { -1.404321, 1.951867, -0.278848 },
			orient = { {  0.960909,  0.000000, -0.276866 },
					   { -0.116344,  0.907424, -0.403790 },
					   {  0.251234,  0.420217,  0.871951 } }
		},
		cameraprops =
		{
			fovh = 20,
			hvaspect = 1.85,
			nearplane = 0.3,
			farplane = 4000
		}
	},

	{
		entity_name = "Zs/NPC/mTable4/03/ACOH/Camera",
		type = CAMERA,
		template_name = "",
		lt_grp = 0, srt_grp = 0, usr_flg = 0,
		flags = HIDDEN,
		spatialprops =
		{
			pos = { -1.41791, 1.916752, 2.696403 },
			orient = { {  0.963942,  0.000000, -0.266113 },
					   { -0.104445,  0.919760, -0.378330 },
					   {  0.244760,  0.392482,  0.886595 } }
		},
		cameraprops =
		{
			fovh = 20,
			hvaspect = 1.85,
			nearplane = 0.3,
			farplane = 4000
		}
	},

	{
		entity_name = "Zs/NPC/mTable4/04/ACOH/Camera",
		type = CAMERA,
		template_name = "",
		lt_grp = 0, srt_grp = 0, usr_flg = 0,
		flags = HIDDEN,
		spatialprops =
		{
			pos = { 1.042404, 1.922469, 2.376965 },
			orient = { {  0.751028,  0.000000,  0.660270 },
					   {  0.243938,  0.929250, -0.277468 },
					   { -0.613556,  0.369451,  0.697893 } }
		},
		cameraprops =
		{
			fovh = 20,
			hvaspect = 1.85,
			nearplane = 0.3,
			farplane = 4000
		}
	},

	{
		entity_name = "Zs/NPC/mTable4/05/ACOH/Camera",
		type = CAMERA,
		template_name = "",
		lt_grp = 0, srt_grp = 0, usr_flg = 0,
		flags = HIDDEN,
		spatialprops =
		{
			pos = { 1.533264, 1.9235, 0.125462 },
			orient = { {  0.994678,  0.000000,  0.103030 },
					   {  0.039471,  0.923707, -0.381062 },
					   { -0.095169,  0.383101,  0.918791 } }
		},
		cameraprops =
		{
			fovh = 20,
			hvaspect = 1.85,
			nearplane = 0.3,
			farplane = 4000
		}
	},

	{
		entity_name = "Zs/NPC/mTable4/06/ACOH/Camera",
		type = CAMERA,
		template_name = "",
		lt_grp = 0, srt_grp = 0, usr_flg = 0,
		flags = HIDDEN,
		spatialprops =
		{
			pos = { 1.258483, 1.914657, -3.427599 },
			orient = { {  0.807880,  0.000000,  0.589347 },
					   {  0.220880,  0.927110, -0.302784 },
					   { -0.546390,  0.374788,  0.748994 } }
		},
		cameraprops =
		{
			fovh = 20,
			hvaspect = 1.85,
			nearplane = 0.3,
			farplane = 4000
		}
	},

	{
		entity_name = "Zs/NPC/mTable4/02/ACOL/Camera",
		type = CAMERA,
		template_name = "",
		lt_grp = 0, srt_grp = 0, usr_flg = 0,
		flags = HIDDEN,
		spatialprops =
		{
			pos = { -1.634384, 1.424992, -0.106096 },
			orient = { {  0.990607,  0.000000, -0.136742 },
					   { -0.026302,  0.981327, -0.190542 },
					   {  0.134189,  0.192349,  0.972109 } }
		},
		cameraprops =
		{
			fovh = 20,
			hvaspect = 1.85,
			nearplane = 0.3,
			farplane = 4000
		}
	},

	{
		entity_name = "Zs/NPC/mTable4/03/ACOL/Camera",
		type = CAMERA,
		template_name = "",
		lt_grp = 0, srt_grp = 0, usr_flg = 0,
		flags = HIDDEN,
		spatialprops =
		{
			pos = { -1.641994, 1.438503, 2.854522 },
			orient = { {  0.989501,  0.000000, -0.144529 },
					   { -0.028400,  0.980504, -0.194436 },
					   {  0.141711,  0.196499,  0.970209 } }
		},
		cameraprops =
		{
			fovh = 20,
			hvaspect = 1.85,
			nearplane = 0.3,
			farplane = 4000
		}
	},

	{
		entity_name = "Zs/NPC/mTable4/04/ACOL/Camera",
		type = CAMERA,
		template_name = "",
		lt_grp = 0, srt_grp = 0, usr_flg = 0,
		flags = HIDDEN,
		spatialprops =
		{
			pos = { 1.156078, 1.371047, 2.700379 },
			orient = { {  0.831785,  0.000000,  0.555098 },
					   {  0.098999,  0.983968, -0.148344 },
					   { -0.546199,  0.178345,  0.818450 } }
		},
		cameraprops =
		{
			fovh = 20,
			hvaspect = 1.85,
			nearplane = 0.3,
			farplane = 4000
		}
	},

	{
		entity_name = "Zs/NPC/mTable4/05/ACOL/Camera",
		type = CAMERA,
		template_name = "",
		lt_grp = 0, srt_grp = 0, usr_flg = 0,
		flags = HIDDEN,
		spatialprops =
		{
			pos = { 1.638583, 1.348968, 0.18095 },
			orient = { {  0.998543,  0.000000,  0.053955 },
					   {  0.008264,  0.988199, -0.152950 },
					   { -0.053318,  0.153173,  0.986760 } }
		},
		cameraprops =
		{
			fovh = 20,
			hvaspect = 1.85,
			nearplane = 0.3,
			farplane = 4000
		}
	},

	{
		entity_name = "Zs/NPC/mTable4/06/ACOL/Camera",
		type = CAMERA,
		template_name = "",
		lt_grp = 0, srt_grp = 0, usr_flg = 0,
		flags = HIDDEN,
		spatialprops =
		{
			pos = { 1.354824, 1.335993, -3.197561 },
			orient = { {  0.859287,  0.000000,  0.511495 },
					   {  0.082778,  0.986818, -0.139063 },
					   { -0.504752,  0.161835,  0.847959 } }
		},
		cameraprops =
		{
			fovh = 20,
			hvaspect = 1.85,
			nearplane = 0.3,
			farplane = 4000
		}
	},

	{
		entity_name = "Zs/NPC/mTable4/02/ACS/Camera",
		type = CAMERA,
		template_name = "",
		lt_grp = 0, srt_grp = 0, usr_flg = 0,
		flags = HIDDEN,
		spatialprops =
		{
			pos = { -1.905103, 1.340778, -0.847316 },
			orient = { {  0.989009,  0.000000, -0.147857 },
					   { -0.022268,  0.988594, -0.148949 },
					   {  0.146170,  0.150605,  0.977728 } }
		},
		cameraprops =
		{
			fovh = 20,
			hvaspect = 1.85,
			nearplane = 0.3,
			farplane = 4000
		}
	},

	{
		entity_name = "Zs/NPC/mTable4/03/ACS/Camera",
		type = CAMERA,
		template_name = "",
		lt_grp = 0, srt_grp = 0, usr_flg = 0,
		flags = HIDDEN,
		spatialprops =
		{
			pos = { -1.830705, 1.363747, 2.083648 },
			orient = { {  0.983360,  0.000000, -0.181667 },
					   { -0.029710,  0.986536, -0.160821 },
					   {  0.179222,  0.163542,  0.970120 } }
		},
		cameraprops =
		{
			fovh = 20,
			hvaspect = 1.85,
			nearplane = 0.3,
			farplane = 4000
		}
	},

	{
		entity_name = "Zs/NPC/mTable4/04/ACS/Camera",
		type = CAMERA,
		template_name = "",
		lt_grp = 0, srt_grp = 0, usr_flg = 0,
		flags = HIDDEN,
		spatialprops =
		{
			pos = { 2.062261, 1.396512, 1.939919 },
			orient = { {  0.856832,  0.000000,  0.515595 },
					   {  0.099562,  0.981179, -0.165455 },
					   { -0.505891,  0.193101,  0.840706 } }
		},
		cameraprops =
		{
			fovh = 20,
			hvaspect = 1.85,
			nearplane = 0.3,
			farplane = 4000
		}
	},

	{
		entity_name = "Zs/NPC/mTable4/05/ACS/Camera",
		type = CAMERA,
		template_name = "",
		lt_grp = 0, srt_grp = 0, usr_flg = 0,
		flags = HIDDEN,
		spatialprops =
		{
			pos = { 2.095768, 1.31019, -0.798992 },
			orient = { {  0.998777,  0.000000, -0.049435 },
					   { -0.006313,  0.991812, -0.127547 },
					   {  0.049030,  0.127704,  0.990600 } }
		},
		cameraprops =
		{
			fovh = 20,
			hvaspect = 1.85,
			nearplane = 0.3,
			farplane = 4000
		}
	},

	{
		entity_name = "Zs/NPC/mTable4/06/ACS/Camera",
		type = CAMERA,
		template_name = "",
		lt_grp = 0, srt_grp = 0, usr_flg = 0,
		flags = HIDDEN,
		spatialprops =
		{
			pos = { 2.107251, 1.320102, -4.032334 },
			orient = { {  0.854644,  0.000000,  0.519214 },
					   {  0.064427,  0.992272, -0.106048 },
					   { -0.515201,  0.124085,  0.848039 } }
		},
		cameraprops =
		{
			fovh = 20,
			hvaspect = 1.85,
			nearplane = 0.3,
			farplane = 4000
		}
	},

	{
		entity_name = "Zs/NPC/mTable4/02/ACU/Camera",
		type = CAMERA,
		template_name = "",
		lt_grp = 0, srt_grp = 0, usr_flg = 0,
		flags = HIDDEN,
		spatialprops =
		{
			pos = { -2.037936, 1.349374, -1.408918 },
			orient = { {  0.978904,  0.000000, -0.204319 },
					   { -0.032505,  0.987264, -0.155735 },
					   {  0.201716,  0.159091,  0.966437 } }
		},
		cameraprops =
		{
			fovh = 20,
			hvaspect = 1.85,
			nearplane = 0.3,
			farplane = 4000
		}
	},

	{
		entity_name = "Zs/NPC/mTable4/03/ACU/Camera",
		type = CAMERA,
		template_name = "",
		lt_grp = 0, srt_grp = 0, usr_flg = 0,
		flags = HIDDEN,
		spatialprops =
		{
			pos = { -2.05224, 1.324699, 1.548019 },
			orient = { {  0.983377,  0.000000, -0.181578 },
					   { -0.024174,  0.991098, -0.130922 },
					   {  0.179962,  0.133135,  0.974622 } }
		},
		cameraprops =
		{
			fovh = 20,
			hvaspect = 1.85,
			nearplane = 0.3,
			farplane = 4000
		}
	},

	{
		entity_name = "Zs/NPC/mTable4/04/ACU/Camera",
		type = CAMERA,
		template_name = "",
		lt_grp = 0, srt_grp = 0, usr_flg = 0,
		flags = HIDDEN,
		spatialprops =
		{
			pos = { 2.4577, 1.284908, 1.363305 },
			orient = { {  0.805166,  0.000000,  0.593050 },
					   {  0.050180,  0.996414, -0.068129 },
					   { -0.590923,  0.084614,  0.802279 } }
		},
		cameraprops =
		{
			fovh = 20,
			hvaspect = 1.85,
			nearplane = 0.3,
			farplane = 4000
		}
	},

	{
		entity_name = "Zs/NPC/mTable4/06/ACU/Camera",
		type = CAMERA,
		template_name = "",
		lt_grp = 0, srt_grp = 0, usr_flg = 0,
		flags = HIDDEN,
		spatialprops =
		{
			pos = { 2.507607, 1.347546, -4.461014 },
			orient = { {  0.859106,  0.000000,  0.511798 },
					   {  0.080945,  0.987414, -0.135874 },
					   { -0.505357,  0.158157,  0.848293 } }
		},
		cameraprops =
		{
			fovh = 20,
			hvaspect = 1.85,
			nearplane = 0.3,
			farplane = 4000
		}
	},

	{
		entity_name = "Zs/NPC/mTable4/02/P/Stand",
		type = MARKER,
		template_name = "",
		lt_grp = 0, srt_grp = 0, usr_flg = 0,
		spatialprops =
		{
			pos = { -1.027447, -0.0054, -0.548439 },
			orient = { {  0.751906,  0.000000, -0.659270 },
					   {  0.000000,  1.000000,  0.000000 },
					   {  0.659270,  0.000000,  0.751906 } }
		}
	},

	{
		entity_name = "Zs/NPC/mTable4/03/P/Stand",
		type = MARKER,
		template_name = "",
		lt_grp = 0, srt_grp = 0, usr_flg = 0,
		spatialprops =
		{
			pos = { -1.032663, -0.0054, 2.40373 },
			orient = { {  0.755463,  0.000000, -0.655191 },
					   {  0.000000,  1.000000,  0.000000 },
					   {  0.655191,  0.000000,  0.755463 } }
		}
	},

	{
		entity_name = "Zs/NPC/mTable4/04/P/Stand",
		type = MARKER,
		template_name = "",
		lt_grp = 0, srt_grp = 0, usr_flg = 0,
		spatialprops =
		{
			pos = { 0.887888, -0.0054, 2.110165 },
			orient = { {  0.516479,  0.000000,  0.856300 },
					   {  0.000000,  1.000000,  0.000000 },
					   { -0.856300,  0.000000,  0.516479 } }
		}
	},

	{
		entity_name = "Zs/NPC/mTable4/05/P/Stand",
		type = MARKER,
		template_name = "",
		lt_grp = 0, srt_grp = 0, usr_flg = 0,
		spatialprops =
		{
			pos = { 1.03914, -0.0054, -0.176495 },
			orient = { {  0.620004,  0.000000,  0.784598 },
					   {  0.000000,  1.000000,  0.000000 },
					   { -0.784598,  0.000000,  0.620004 } }
		}
	},

	{
		entity_name = "Zs/NPC/mTable4/06/P/Stand",
		type = MARKER,
		template_name = "",
		lt_grp = 0, srt_grp = 0, usr_flg = 0,
		spatialprops =
		{
			pos = { 1.063087, -0.0054, -3.683396 },
			orient = { {  0.575954,  0.000000,  0.817482 },
					   {  0.000000,  1.000000,  0.000000 },
					   { -0.817482,  0.000000,  0.575954 } }
		}
	},

	{
		entity_name = "Zs/NPC/mTable4/02/P2/Stand",
		type = MARKER,
		template_name = "",
		lt_grp = 0, srt_grp = 0, usr_flg = 0,
		spatialprops =
		{
			pos = { -1.395568, 0, -0.907006 },
			orient = { {  0.751906,  0.000000, -0.659270 },
					   {  0.000000,  1.000000,  0.000000 },
