duration = 299.997;

entities =
{

	{
		entity_name = "ambi_Layer_Li_03_Equip_ambient_int",
		type = SCENE,
		template_name = "",
		lt_grp = 0, srt_grp = 0, usr_flg = 0,
		spatialprops =
		{
			pos = { 0, 0, 0 },
			orient = { { 1, 0, 0 }, { 0, 1, 0 }, { 0, 0, 1 } }
		},
		up = Y_AXIS,
		front = Z_AXIS,
		ambient = { 160, 160, 160 }
	},

	{
		entity_name = "ambi_gf_rtc_shipcushion",
		type = PSYS,
		template_name = "gf_rtc_shipcushion",
		lt_grp = 0, srt_grp = 0, usr_flg = 0,
		flags = LIT_DYNAMIC + LIT_AMBIENT,
		spatialprops =
		{
			pos = { 0, 1.441, 0 },
			orient = { { 1, 0, 0 }, { 0, 1, 0 }, { 0, 0, 1 } }
		},
		psysprops =
		{
			sparam = 0
		}
	},

	{
		entity_name = "X/Shipcentre/01",
		type = MARKER,
		template_name = "",
		lt_grp = 0, srt_grp = 0, usr_flg = 0,
		flags = REFERENCE,
		spatialprops =
		{
			pos = { 0, 0, 0 },
			orient = { { 1, 0, 0 }, { 0, 1, 0 }, { 0, 0, 1 } }
		}
	},

	{
		entity_name = "ambi_gf_rtc_shipcushion_MKR",
		type = MARKER,
		template_name = "",
		lt_grp = 0, srt_grp = 0, usr_flg = 0,
		spatialprops =
		{
			pos = { 0, 0, 0 },
			orient = { { 1, 0, 0 }, { 0, 1, 0 }, { 0, 0, 1 } }
		}
	},

	{
		entity_name = "ambi_LtG09_SET_Amb",
		type = LIGHT,
		template_name = "",
		lt_grp = 9, srt_grp = 0, usr_flg = 0,
		spatialprops =
		{
			pos = { 0, 0, 0 },
			orient = { { 1, 0, 0 }, { 0, 1, 0 }, { 0, 0, 1 } }
		},
		lightprops =
		{
			on = Y,
			color = { 255, 255, 255 },
			diffuse = { 0, 0, 0 },
			specular = { 0, 0, 0 },
			ambient = { 0.952941, 0.952941, 0.952941 },
			direction = { 0, 0, 1 },
			range = 2000,
			cutoff = 98.99998,
			type = L_DIRECT,
			theta = 90,
			atten = { 1, 0, 0 }
		}
	},

	{
		entity_name = "ambi_LtG03_2oc",
		type = LIGHT,
		template_name = "",
		lt_grp = 3, srt_grp = 0, usr_flg = 0,
		spatialprops =
		{
			pos = { -8.917394, 1, 10.71573 },
			orient = { {  0.001815,  0.000000, -0.999998 },
					   { -0.249385,  0.968404, -0.000453 },
					   {  0.968403,  0.249386,  0.001758 } }
		},
		lightprops =
		{
			on = Y,
			color = { 255, 255, 255 },
			diffuse = { 0.835294, 0.666667, 0.501961 },
			specular = { 0, 0, 0 },
			ambient = { 0.12549, 0.015686, 0 },
			direction = { 0, 0, 1 },
			range = 2000,
			cutoff = 98.99998,
			type = L_DIRECT,
			theta = 90,
			atten = { 1, 0, 0 }
		}
	},

	{
		entity_name = "ambi_LtG03_10oc",
		type = LIGHT,
		template_name = "",
		lt_grp = 3, srt_grp = 0, usr_flg = 0,
		spatialprops =
		{
			pos = { -8.917394, 1, 10.71573 },
			orient = { {  0.042910,  0.000000,  0.999079 },
					   {  0.249156,  0.968404, -0.010701 },
					   { -0.967512,  0.249386,  0.041554 } }
		},
		lightprops =
		{
			on = Y,
			color = { 255, 255, 255 },
			diffuse = { 0.835294, 0.666667, 0.501961 },
			specular = { 0, 0, 0 },
			ambient = { 0, 0, 0 },
			direction = { 0, 0, 1 },
			range = 2000,
			cutoff = 98.99998,
			type = L_DIRECT,
			theta = 90,
			atten = { 1, 0, 0 }
		}
	},

	{
		entity_name = "ambi_LtG03_12oc",
		type = LIGHT,
		template_name = "",
		lt_grp = 3, srt_grp = 0, usr_flg = 0,
		spatialprops =
		{
			pos = { -8.561312, 1, 11.70537 },
			orient = { { -0.999198,  0.000000,  0.040048 },
					   { -0.023067,  0.817472, -0.575506 },
					   { -0.032738, -0.575968, -0.816816 } }
		},
		lightprops =
		{
			on = Y,
			color = { 255, 255, 255 },
			diffuse = { 0.25098, 0.105882, 0.082353 },
			specular = { 0, 0, 0 },
			ambient = { 0, 0, 0 },
			direction = { 0, 0, 1 },
			range = 2000,
			cutoff = 98.99998,
			type = L_DIRECT,
			theta = 90,
			atten = { 1, 0, 0 }
		}
	},

	{
		entity_name = "ambi_LtG00_10oc",
		type = LIGHT,
		template_name = "",
		lt_grp = 0, srt_grp = 0, usr_flg = 0,
		spatialprops =
		{
			pos = { -8.917394, 1, 10.71573 },
			orient = { {  0.042910,  0.000000,  0.999079 },
					   {  0.249156,  0.968404, -0.010701 },
					   { -0.967512,  0.249386,  0.041554 } }
		},
		lightprops =
		{
			on = Y,
			color = { 255, 255, 255 },
			diffuse = { 0.792157, 0.666667, 0.541176 },
			specular = { 0, 0, 0 },
			ambient = { 0, 0, 0 },
			direction = { 0, 0, 1 },
			range = 2000,
			cutoff = 98.99998,
			type = L_DIRECT,
			theta = 90,
			atten = { 1, 0, 0 }
		}
	},

	{
		entity_name = "ambi_LtG00_2oc",
		type = LIGHT,
		template_name = "",
		lt_grp = 0, srt_grp = 0, usr_flg = 0,
		spatialprops =
		{
			pos = { -8.917394, 1, 10.71573 },
			orient = { {  0.001815,  0.000000, -0.999998 },
					   { -0.249385,  0.968404, -0.000453 },
					   {  0.968403,  0.249386,  0.001758 } }
		},
		lightprops =
		{
			on = Y,
			color = { 255, 255, 255 },
			diffuse = { 0.686275, 0.584314, 0.478431 },
			specular = { 0, 0, 0 },
			ambient = { 0.121569, 0.011765, 0 },
			direction = { 0, 0, 1 },
			range = 2000,
			cutoff = 98.99998,
			type = L_DIRECT,
			theta = 90,
			atten = { 1, 0, 0 }
		}
	},

	{
		entity_name = "ambi_LtG00_12oc",
		type = LIGHT,
		template_name = "",
		lt_grp = 0, srt_grp = 0, usr_flg = 0,
		spatialprops =
		{
			pos = { -8.561312, 1, 11.70537 },
			orient = { { -0.999198,  0.000000,  0.040048 },
					   { -0.023067,  0.817472, -0.575506 },
					   { -0.032738, -0.575968, -0.816816 } }
		},
		lightprops =
		{
			on = Y,
			color = { 255, 255, 255 },
			diffuse = { 0.207843, 0.137255, 0.12549 },
			specular = { 0, 0, 0 },
			ambient = { 0, 0, 0 },
			direction = { 0, 0, 1 },
			range = 2000,
			cutoff = 98.99998,
			type = L_DIRECT,
			theta = 90,
			atten = { 1, 0, 0 }
		}
	}
};

events =
{
	{
		0.000, START_PSYS, { "ambi_gf_rtc_shipcushion" },
		{
			duration = 300.000
		}
	},

	{
		0.000, ATTACH_ENTITY, { "ambi_gf_rtc_shipcushion", "ambi_gf_rtc_shipcushion_MKR" },
		{
			duration = 300.000,
			offset = { 0, 0, 0 },
			up = Y_AXIS,
			front = NEG_Z_AXIS,
			target_part = "",
			target_type = ROOT,
			flags = POSITION + ORIENTATION
		}
	},

	{
		0.000, START_FOG_PROP_ANIM, { "ambi_Layer_Li_03_Equip_ambient_int" },
		{
			duration = 0.000,
			fogprops =
			{
				fogon = Y,
				fogcolor = { 112, 58, 58 },
				fogmode = F_EXP,
				fogdensity = 0.004
			}
		}
	}
};
