duration = 10000.000;

entities =
{

	{
		entity_name = "Layer_li_06_Bar_Hardpoint",
		type = SCENE,
		template_name = "",
		lt_grp = 0, srt_grp = 0, usr_flg = 0,
		spatialprops =
		{
			pos = { 0, 0, 0 },
			orient = { { 1, 0, 0 }, { 0, 1, 0 }, { 0, 0, 1 } }
		},
		up = Y_AXIS,
		front = Z_AXIS,
		ambient = { 0, 0, 0 }
	},

	{
		entity_name = "Zs/NPC/Bartender/01/AC2/Camera",
		type = CAMERA,
		template_name = "",
		lt_grp = 0, srt_grp = 0, usr_flg = 0,
		flags = HIDDEN,
		spatialprops =
		{
			pos = { -0.512526, 1.755711, -8.578692 },
			orient = { {  0.921054,  0.000000, -0.389434 },
					   { -0.092617,  0.971308, -0.219050 },
					   {  0.378260,  0.237825,  0.894627 } }
		},
		cameraprops =
		{
			fovh = 30,
			hvaspect = 1.85,
			nearplane = 0.3,
			farplane = 4000
		}
	},

	{
		entity_name = "Zs/NPC/Bartender/01/ACOH/Camera",
		type = CAMERA,
		template_name = "",
		lt_grp = 0, srt_grp = 0, usr_flg = 0,
		flags = HIDDEN,
		spatialprops =
		{
			pos = { -1.955388, 1.767336, -9.393532 },
			orient = { {  0.928875,  0.000000,  0.370394 },
					   {  0.074106,  0.979781, -0.185842 },
					   { -0.362905,  0.200072,  0.910094 } }
		},
		cameraprops =
		{
			fovh = 25,
			hvaspect = 1.85,
			nearplane = 0.3,
			farplane = 4000
		}
	},

	{
		entity_name = "Zs/NPC/Bartender/01/ACS/Camera",
		type = CAMERA,
		template_name = "",
		lt_grp = 0, srt_grp = 0, usr_flg = 0,
		flags = HIDDEN,
		spatialprops =
		{
			pos = { -1.222774, 1.670434, -10.0724 },
			orient = { {  0.951090,  0.000000,  0.308913 },
					   {  0.031022,  0.994945, -0.095511 },
					   { -0.307351,  0.100423,  0.946282 } }
		},
		cameraprops =
		{
			fovh = 25,
			hvaspect = 1.85,
			nearplane = 0.3,
			farplane = 4000
		}
	},

	{
		entity_name = "Zs/NPC/Bartender/01/P/Stand",
		type = MARKER,
		template_name = "",
		lt_grp = 0, srt_grp = 0, usr_flg = 0,
		spatialprops =
		{
			pos = { -2.359125, -0.0054, -9.615128 },
			orient = { {  0.483784,  0.000000,  0.875188 },
					   {  0.000000,  1.000000,  0.000000 },
					   { -0.875188,  0.000000,  0.483784 } }
		}
	},

	{
		entity_name = "Zs/NPC/Bartender/01/P2/Stand",
		type = MARKER,
		template_name = "",
		lt_grp = 0, srt_grp = 0, usr_flg = 0,
		spatialprops =
		{
			pos = { -1.930311, 0, -9.898328 },
			orient = { {  0.483784,  0.000000,  0.875188 },
					   {  0.000000,  1.000000,  0.000000 },
					   { -0.875188,  0.000000,  0.483784 } }
		}
	},

	{
		entity_name = "Zs/NPC/Bartender/01/PC2/Camera",
		type = CAMERA,
		template_name = "",
		lt_grp = 0, srt_grp = 0, usr_flg = 0,
		flags = HIDDEN,
		spatialprops =
		{
			pos = { 0.772361, 1.791878, -10.38932 },
			orient = { {  0.233065,  0.000000, -0.972461 },
					   { -0.245301,  0.967663, -0.058790 },
					   {  0.941014,  0.252248,  0.225529 } }
		},
		cameraprops =
		{
			fovh = 30,
			hvaspect = 1.85,
			nearplane = 0.3,
			farplane = 4000
		}
	},

	{
		entity_name = "Zs/NPC/Bartender/01/PCO/Camera",
		type = CAMERA,
		template_name = "",
		lt_grp = 0, srt_grp = 0, usr_flg = 0,
		flags = HIDDEN,
		spatialprops =
		{
			pos = { -0.007859, 1.802033, -11.42983 },
			orient = { { -0.410519,  0.000000, -0.911852 },
					   { -0.204026,  0.974647,  0.091854 },
					   {  0.888733,  0.223750, -0.400111 } }
		},
		cameraprops =
		{
			fovh = 25,
			hvaspect = 1.85,
			nearplane = 0.3,
			farplane = 4000
		}
	},

	{
		entity_name = "Zs/NPC/Bartender/01/PCS/Camera",
		type = CAMERA,
		template_name = "",
		lt_grp = 0, srt_grp = 0, usr_flg = 0,
		flags = HIDDEN,
		spatialprops =
		{
			pos = { -0.798253, 1.694015, -10.55576 },
			orient = { { -0.334477,  0.000000, -0.942404 },
					   { -0.118878,  0.992012,  0.042192 },
					   {  0.934876,  0.126143, -0.331805 } }
		},
		cameraprops =
		{
			fovh = 25,
			hvaspect = 1.85,
			nearplane = 0.3,
			farplane = 4000
		}
	},

	{
		entity_name = "Zs/NPC/Bartender/01/WFC/Camera",
		type = CAMERA,
		template_name = "",
		lt_grp = 0, srt_grp = 0, usr_flg = 0,
		flags = HIDDEN,
		spatialprops =
		{
			pos = { -0.080925, 5.208168, 3.423872 },
			orient = { {  0.999985,  0.000000,  0.005539 },
					   {  0.000232,  0.999123, -0.041868 },
					   { -0.005534,  0.041868,  0.999108 } }
		},
		cameraprops =
		{
			fovh = 30,
			hvaspect = 1.85,
			nearplane = 0.3,
			farplane = 4000
		}
	},

	{
		entity_name = "Camera_Mission",
		type = CAMERA,
		template_name = "",
		lt_grp = 0, srt_grp = 0, usr_flg = 0,
		flags = HIDDEN,
		spatialprops =
		{
			pos = { -6.211596, 1.611502, -9.232746 },
			orient = { {  0.036542,  0.000000, -0.999332 },
					   { -0.049282,  0.998783, -0.001802 },
					   {  0.998116,  0.049315,  0.036497 } }
		},
		cameraprops =
		{
			fovh = 30,
			hvaspect = 1.333333,
			nearplane = 0.5,
			farplane = 200
		}
	},

	{
		entity_name = "Camera_News",
		type = CAMERA,
		template_name = "",
		lt_grp = 0, srt_grp = 0, usr_flg = 0,
		flags = HIDDEN,
		spatialprops =
		{
			pos = { -0.879628, 6.617478, 7.07718 },
			orient = { { -0.048478,  0.000000, -0.998824 },
					   {  0.020911,  0.999781, -0.001015 },
					   {  0.998605, -0.020936, -0.048467 } }
		},
		cameraprops =
		{
			fovh = 30,
			hvaspect = 1.333333,
			nearplane = 1,
			farplane = 200
		}
	},

	{
		entity_name = "Zg/PC/Player/01/A/Stand",
		type = MARKER,
		template_name = "",
		lt_grp = 0, srt_grp = 0, usr_flg = 0,
		spatialprops =
		{
			pos = { -10.65662, 0, -1.290998 },
			orient = { { -0.026734,  0.000000,  0.999643 },
					   {  0.000000,  1.000000,  0.000000 },
					   { -0.999643,  0.000000, -0.026734 } }
		}
	},

	{
		entity_name = "Zs/NPC/Bartender/01/A/Stand",
		type = MARKER,
		template_name = "",
		lt_grp = 0, srt_grp = 0, usr_flg = 0,
		spatialprops =
		{
			pos = { -0.503374, 0, -11.39443 },
			orient = { { -0.878390,  0.000000, -0.477944 },
					   {  0.000000,  1.000000,  0.000000 },
					   {  0.477944,  0.000000, -0.878390 } }
		}
	},

	{
		entity_name = "Zs/NPC/mTable4/01/P2/Stand",
		type = MARKER,
		template_name = "",
		lt_grp = 0, srt_grp = 0, usr_flg = 0,
		spatialprops =
		{
			pos = { -1.406139, 0, -3.841695 },
			orient = { {  0.750668,  0.000000, -0.660680 },
					   {  0.000000,  1.000000,  0.000000 },
					   {  0.660680,  0.000000,  0.750668 } }
		}
	},

	{
		entity_name = "Zs/NPC/mTable4/01/P/Stand",
		type = MARKER,
		template_name = "",
		lt_grp = 0, srt_grp = 0, usr_flg = 0,
		spatialprops =
		{
			pos = { -1.037346, -0.0054, -3.483819 },
			orient = { {  0.750668,  0.000000, -0.660680 },
					   {  0.000000,  1.000000,  0.000000 },
					   {  0.660680,  0.000000,  0.750668 } }
		}
	},

	{
		entity_name = "Zs/NPC/mTable4/01/Prop",
		type = MARKER,
		template_name = "",
		lt_grp = 0, srt_grp = 0, usr_flg = 0,
		spatialprops =
		{
			pos = { -2.212266, 0.81432, -4.723502 },
			orient = { {  0.753015,  0.000000, -0.658003 },
					   {  0.000000,  1.000000,  0.000000 },
					   {  0.658003,  0.000000,  0.753015 } }
		}
	},

	{
		entity_name = "Zs/NPC/mTable4/01/AC2/Camera",
		type = CAMERA,
		template_name = "",
		lt_grp = 0, srt_grp = 0, usr_flg = 0,
		flags = HIDDEN,
		spatialprops =
		{
			pos = { -2.653843, 1.702196, -2.752445 },
			orient = { {  0.885293,  0.000000,  0.465034 },
					   {  0.096958,  0.978023, -0.184580 },
					   { -0.454814,  0.208496,  0.865837 } }
		},
		cameraprops =
		{
			fovh = 30,
			hvaspect = 1.85,
			nearplane = 0.3,
			farplane = 4000
		}
	},

	{
		entity_name = "Zs/NPC/mTable4/01/WFC/Camera",
		type = CAMERA,
		template_name = "",
		lt_grp = 0, srt_grp = 0, usr_flg = 0,
		flags = HIDDEN,
		spatialprops =
		{
			pos = { -10.16984, 4.967832, 4.67482 },
			orient = { {  0.908197,  0.000000,  0.418543 },
					   {  0.050069,  0.992819, -0.108645 },
					   { -0.415537,  0.119627,  0.901675 } }
		},
		cameraprops =
		{
			fovh = 30,
			hvaspect = 1.85,
			nearplane = 0.3,
			farplane = 4000
		}
	},

	{
		entity_name = "Zs/NPC/mFloor2/01/AC2/Camera",
		type = CAMERA,
		template_name = "",
		lt_grp = 0, srt_grp = 0, usr_flg = 0,
		flags = HIDDEN,
		spatialprops =
		{
			pos = { 3.342876, 1.73527, -24.3798 },
			orient = { {  0.999655,  0.000000, -0.026282 },
					   { -0.005678,  0.976382, -0.215976 },
					   {  0.025661,  0.216051,  0.976045 } }
		},
		cameraprops =
		{
			fovh = 30,
			hvaspect = 1.85,
			nearplane = 0.3,
			farplane = 4000
		}
	},

	{
		entity_name = "Zs/NPC/mFloor2/01/WFC/Camera",
		type = CAMERA,
		template_name = "",
		lt_grp = 0, srt_grp = 0, usr_flg = 0,
		flags = HIDDEN,
		spatialprops =
		{
			pos = { 12.21135, 0.223436, -14.70007 },
			orient = { {  0.881984,  0.000000, -0.471280 },
					   {  0.086156,  0.983148,  0.161238 },
					   {  0.463338, -0.182813,  0.867120 } }
		},
		cameraprops =
		{
			fovh = 30,
			hvaspect = 1.85,
			nearplane = 0.3,
			farplane = 4000
		}
	},

	{
		entity_name = "Zs/NPC/mTable4/01/PC2/Camera",
		type = CAMERA,
		template_name = "",
		lt_grp = 0, srt_grp = 0, usr_flg = 0,
		flags = HIDDEN,
		spatialprops =
		{
			pos = { -4.040283, 1.68243, -4.225163 },
			orient = { {  0.204850,  0.000000,  0.978793 },
					   {  0.222224,  0.973886, -0.046509 },
					   { -0.953233,  0.227038,  0.199501 } }
		},
		cameraprops =
		{
			fovh = 30,
			hvaspect = 1.85,
			nearplane = 0.3,
			farplane = 4000
		}
	},

	{
		entity_name = "Zs/NPC/mFloor2/01/PC2/Camera",
		type = CAMERA,
		template_name = "",
		lt_grp = 0, srt_grp = 0, usr_flg = 0,
		flags = HIDDEN,
		spatialprops =
		{
			pos = { 4.670189, 1.742214, -25.14412 },
			orient = { {  0.594412,  0.000000, -0.804161 },
					   { -0.174724,  0.976110, -0.129151 },
					   {  0.784950,  0.217275,  0.580212 } }
		},
		cameraprops =
		{
			fovh = 30,
			hvaspect = 1.85,
			nearplane = 0.3,
			farplane = 4000
		}
	},

	{
		entity_name = "Zs/NPC/mFloor2/01/P/Stand",
		type = MARKER,
		template_name = "",
		lt_grp = 0, srt_grp = 0, usr_flg = 0,
		spatialprops =
		{
			pos = { 2.305861, -0.0054, -25.54179 },
			orient = { {  0.204669,  0.000000,  0.978831 },
					   {  0.000000,  1.000000,  0.000000 },
					   { -0.978831,  0.000000,  0.204669 } }
		}
	},

	{
		entity_name = "Zs/NPC/mFloor2/01/P2/Stand",
		type = MARKER,
		template_name = "",
		lt_grp = 0, srt_grp = 0, usr_flg = 0,
		spatialprops =
		{
			pos = { 2.799048, 0, -25.68618 },
			orient = { {  0.204669,  0.000000,  0.978831 },
					   {  0.000000,  1.000000,  0.000000 },
					   { -0.978831,  0.000000,  0.204669 } }
		}
	},

	{
		entity_name = "Zs/NPC/mTable4/01/ACOH/Camera",
		type = CAMERA,
		template_name = "",
		lt_grp = 0, srt_grp = 0, usr_flg = 0,
		flags = HIDDEN,
		spatialprops =
		{
			pos = { -1.434248, 1.904002, -3.19218 },
			orient = { {  0.970471,  0.000000, -0.241217 },
					   { -0.091769,  0.924805, -0.369208 },
					   {  0.223079,  0.380442,  0.897496 } }
		},
		cameraprops =
		{
			fovh = 20,
			hvaspect = 1.85,
			nearplane = 0.3,
			farplane = 4000
		}
	},

	{
		entity_name = "Zs/NPC/mFloor2/01/ACOH/Camera",
		type = CAMERA,
		template_name = "",
		lt_grp = 0, srt_grp = 0, usr_flg = 0,
		flags = HIDDEN,
		spatialprops =
		{
			pos = { 2.647428, 1.738812, -25.17264 },
			orient = { {  0.805820,  0.000000,  0.592161 },
					   {  0.103398,  0.984638, -0.140705 },
					   { -0.583064,  0.174610,  0.793440 } }
		},
		cameraprops =
		{
			fovh = 25,
			hvaspect = 1.85,
			nearplane = 0.3,
			farplane = 4000
		}
	},

	{
		entity_name = "Zs/NPC/mTable4/01/TCI/Camera",
		type = CAMERA,
		template_name = "",
		lt_grp = 0, srt_grp = 0, usr_flg = 0,
		flags = HIDDEN,
		spatialprops =
		{
			pos = { -1.839471, 1.848408, -3.590234 },
			orient = { {  0.978719,  0.000000, -0.205207 },
					   { -0.134609,  0.754789, -0.642008 },
					   {  0.154888,  0.655968,  0.738726 } }
		},
		cameraprops =
		{
			fovh = 15,
			hvaspect = 1.85,
			nearplane = 0.3,
			farplane = 4000
		}
	},

	{
		entity_name = "Zs/NPC/mFloor2/01/TCI/Camera",
		type = CAMERA,
		template_name = "",
		lt_grp = 0, srt_grp = 0, usr_flg = 0,
		flags = HIDDEN,
		spatialprops =
		{
			pos = { 3.109712, 1.903228, -25.27665 },
			orient = { {  0.851135,  0.000000,  0.524946 },
					   {  0.322813,  0.788569, -0.523402 },
					   { -0.413957,  0.614946,  0.671179 } }
		},
		cameraprops =
		{
			fovh = 15,
			hvaspect = 1.85,
			nearplane = 0.3,
			farplane = 4000
		}
	},

	{
		entity_name = "Zs/NPC/mTable4/01/ACS/Camera",
		type = CAMERA,
		template_name = "",
		lt_grp = 0, srt_grp = 0, usr_flg = 0,
		flags = HIDDEN,
		spatialprops =
		{
			pos = { -1.927626, 1.34524, -3.844465 },
			orient = { {  0.990015,  0.000000, -0.140960 },
					   { -0.021229,  0.988594, -0.149098 },
					   {  0.139353,  0.150602,  0.978724 } }
		},
		cameraprops =
		{
			fovh = 20,
			hvaspect = 1.85,
			nearplane = 0.3,
			farplane = 4000
		}
	},

	{
		entity_name = "Zs/NPC/mFloor2/01/ACS/Camera",
		type = CAMERA,
		template_name = "",
		lt_grp = 0, srt_grp = 0, usr_flg = 0,
		flags = HIDDEN,
		spatialprops =
		{
			pos = { 3.077458, 1.594347, -25.41859 },
			orient = { {  0.809161,  0.000000,  0.587588 },
					   {  0.022102,  0.999292, -0.030436 },
					   { -0.587172,  0.037614,  0.808588 } }
		},
		cameraprops =
		{
			fovh = 25,
			hvaspect = 1.85,
			nearplane = 0.3,
			farplane = 4000
		}
	},

	{
		entity_name = "Zs/NPC/mFloor2/01/PCS/Camera",
		type = CAMERA,
		template_name = "",
		lt_grp = 0, srt_grp = 0, usr_flg = 0,
		flags = HIDDEN,
		spatialprops =
		{
			pos = { 3.995434, 1.614689, -25.94161 },
			orient = { { -0.044944,  0.000000, -0.998990 },
					   { -0.064635,  0.997905,  0.002908 },
					   {  0.996896,  0.064700, -0.044849 } }
		},
		cameraprops =
		{
			fovh = 25,
			hvaspect = 1.85,
			nearplane = 0.3,
			farplane = 4000
		}
	},

	{
		entity_name = "Zs/NPC/mTable4/01/PCS/Camera",
		type = CAMERA,
		template_name = "",
		lt_grp = 0, srt_grp = 0, usr_flg = 0,
		flags = HIDDEN,
		spatialprops =
		{
			pos = { -2.515007, 1.397937, -5.011323 },
			orient = { { -0.628146,  0.000000,  0.778095 },
					   { -0.064584,  0.996549, -0.052138 },
					   { -0.775411, -0.083002, -0.625979 } }
		},
		cameraprops =
		{
			fovh = 20,
			hvaspect = 1.85,
			nearplane = 0.3,
			farplane = 4000
		}
	},

	{
		entity_name = "Zs/NPC/mTable4/01/ACU/Camera",
		type = CAMERA,
		template_name = "",
		lt_grp = 0, srt_grp = 0, usr_flg = 0,
		flags = HIDDEN,
		spatialprops =
		{
			pos = { -2.048429, 1.356386, -4.446185 },
			orient = { {  0.975692,  0.000000, -0.219145 },
					   { -0.034866,  0.987263, -0.155232 },
					   {  0.216354,  0.159099,  0.963265 } }
		},
		cameraprops =
		{
			fovh = 20,
			hvaspect = 1.85,
			nearplane = 0.3,
			farplane = 4000
		}
	},

	{
		entity_name = "Zs/NPC/mFloor2/01/ACU/Camera",
		type = CAMERA,
		template_name = "",
		lt_grp = 0, srt_grp = 0, usr_flg = 0,
		flags = HIDDEN,
		spatialprops =
		{
			pos = { 3.366961, 1.683033, -25.71104 },
			orient = { {  0.775690,  0.000000,  0.631114 },
					   {  0.031914,  0.998721, -0.039225 },
					   { -0.630306,  0.050568,  0.774698 } }
		},
		cameraprops =
		{
			fovh = 25,
			hvaspect = 1.85,
			nearplane = 0.3,
			farplane = 4000
		}
	},

	{
		entity_name = "Zs/NPC/mFloor2/01/PCO/Camera",
		type = CAMERA,
		template_name = "",
		lt_grp = 0, srt_grp = 0, usr_flg = 0,
		flags = HIDDEN,
		spatialprops =
		{
			pos = { 4.510571, 1.768006, -26.0819 },
			orient = { { -0.001404,  0.000000, -0.999999 },
					   { -0.200455,  0.979703,  0.000281 },
					   {  0.979702,  0.200455, -0.001375 } }
		},
		cameraprops =
		{
			fovh = 25,
			hvaspect = 1.85,
			nearplane = 0.3,
			farplane = 4000
		}
	},

	{
		entity_name = "Zs/NPC/mTable4/01/PCO/Camera",
		type = CAMERA,
		template_name = "",
		lt_grp = 0, srt_grp = 0, usr_flg = 0,
		flags = HIDDEN,
		spatialprops =
		{
			pos = { -2.914401, 1.19339, -5.597987 },
			orient = { { -0.628215,  0.000000,  0.778040 },
					   { -0.069540,  0.995998, -0.056149 },
					   { -0.774926, -0.089379, -0.625701 } }
		},
		cameraprops =
		{
			fovh = 20,
			hvaspect = 1.85,
			nearplane = 0.3,
			farplane = 4000
		}
	},

	{
		entity_name = "Zs/NPC/mTable4/01/PCU/Camera",
		type = CAMERA,
		template_name = "",
		lt_grp = 0, srt_grp = 0, usr_flg = 0,
		flags = HIDDEN,
		spatialprops =
		{
			pos = { -2.079645, 1.501936, -4.494107 },
			orient = { { -0.617812,  0.000000,  0.786325 },
					   { -0.126410,  0.986994, -0.099319 },
					   { -0.776098, -0.160760, -0.609777 } }
		},
		cameraprops =
		{
			fovh = 20,
			hvaspect = 1.85,
			nearplane = 0.3,
			farplane = 4000
		}
	},

	{
		entity_name = "Zs/NPC/mFloor2/01/PCU/Camera",
		type = CAMERA,
		template_name = "",
		lt_grp = 0, srt_grp = 0, usr_flg = 0,
		flags = HIDDEN,
		spatialprops =
		{
			pos = { 3.532121, 1.70269, -25.82732 },
			orient = { { -0.066027,  0.000000, -0.997818 },
					   { -0.068806,  0.997620,  0.004553 },
					   {  0.995443,  0.068956, -0.065870 } }
		},
		cameraprops =
		{
			fovh = 25,
			hvaspect = 1.85,
			nearplane = 0.3,
			farplane = 4000
		}
	},

	{
		entity_name = "Zs/NPC/mTable4/01/ACOL/Camera",
		type = CAMERA,
		template_name = "",
		lt_grp = 0, srt_grp = 0, usr_flg = 0,
		flags = HIDDEN,
		spatialprops =
		{
			pos = { -1.697597, 1.439178, -3.038217 },
			orient = { {  0.993702,  0.000000, -0.112057 },
					   { -0.021557,  0.981322, -0.191161 },
					   {  0.109964,  0.192373,  0.975141 } }
		},
		cameraprops =
		{
			fovh = 20,
			hvaspect = 1.85,
			nearplane = 0.3,
			farplane = 4000
		}
	},

	{
		entity_name = "Camera_0_anj",
		type = CAMERA,
		template_name = "",
		lt_grp = 0, srt_grp = 0, usr_flg = 0,
		spatialprops =
		{
			pos = { 12.87797, 9.109118, 18.37667 },
			orient = { {  0.756539,  0.000000, -0.653949 },
					   { -0.199284,  0.952436, -0.230547 },
					   {  0.622844,  0.304739,  0.720555 } }
		},
		cameraprops =
		{
			fovh = 20,
			hvaspect = 1.333333,
			nearplane = 1,
			farplane = 200
		}
	},

	{
		entity_name = "Zg/NPC/mTable4/01/A/SitLow",
		type = MARKER,
		template_name = "",
		lt_grp = 0, srt_grp = 0, usr_flg = 0,
		spatialprops =
		{
			pos = { -2.308901, 0, -5.387771 },
			orient = { { -0.999977,  0.000000,  0.006832 },
					   {  0.000000,  1.000000,  0.000000 },
					   { -0.006832,  0.000000, -0.999977 } }
		}
	},

	{
		entity_name = "Zg/NPC/mFloor2/01/A/Stand",
		type = MARKER,
		template_name = "",
		lt_grp = 0, srt_grp = 0, usr_flg = 0,
		spatialprops =
		{
			pos = { 3.969424, 0, -26.29558 },
			orient = { { -0.557867,  0.000000, -0.829930 },
					   {  0.000000,  1.000000,  0.000000 },
					   {  0.829930,  0.000000, -0.557867 } }
		}
	},

	{
		entity_name = "Zg/NPC/mTable4/01/B/SitLow",
		type = MARKER,
		template_name = "",
		lt_grp = 0, srt_grp = 0, usr_flg = 0,
		spatialprops =
		{
			pos = { -2.284633, 0, -3.070564 },
			orient = { {  0.999988,  0.000000,  0.004798 },
					   {  0.000000,  1.000000,  0.000000 },
					   { -0.004798,  0.000000,  0.999988 } }
		}
	},

	{
		entity_name = "Zg/NPC/mTable4/01/C/SitLow",
		type = MARKER,
		template_name = "",
		lt_grp = 0, srt_grp = 0, usr_flg = 0,
		spatialprops =
		{
			pos = { -3.153904, 0, -5.385173 },
			orient = { { -0.999862,  0.000000, -0.016639 },
					   {  0.000000,  1.000000,  0.000000 },
					   {  0.016639,  0.000000, -0.999862 } }
		}
	},

	{
		entity_name = "Zg/NPC/mTable4/01/D/SitLow",
		type = MARKER,
		template_name = "",
		lt_grp = 0, srt_grp = 0, usr_flg = 0,
		spatialprops =
		{
			pos = { -3.117512, 0, -3.069529 },
			orient = { { 1, 0, 0 }, { 0, 1, 0 }, { 0, 0, 1 } }
		}
	},

	{
		entity_name = "Zg/NPC/mTable4/02/A/SitLow",
		type = MARKER,
		template_name = "",
		lt_grp = 0, srt_grp = 0, usr_flg = 0,
		spatialprops =
		{
			pos = { -2.295428, 0, -2.454773 },
			orient = { { -0.999988,  0.000000,  0.004956 },
					   {  0.000000,  1.000000,  0.000000 },
					   { -0.004956,  0.000000, -0.999988 } }
		}
	},

	{
		entity_name = "Zg/NPC/mTable4/02/B/SitLow",
		type = MARKER,
		template_name = "",
		lt_grp = 0, srt_grp = 0, usr_flg = 0,
		spatialprops =
		{
			pos = { -2.2758, 0, -0.12815 },
			orient = { { 1, 0, 0 }, { 0, 1, 0 }, { 0, 0, 1 } }
		}
	},

	{
		entity_name = "Zg/NPC/mTable4/03/A/SitLow",
		type = MARKER,
		template_name = "",
		lt_grp = 0, srt_grp = 0, usr_flg = 0,
		spatialprops =
		{
			pos = { -2.290309, 0, 0.490562 },
			orient = { { -1.000000,  0.000000, -0.000456 },
					   {  0.000000,  1.000000,  0.000000 },
					   {  0.000456,  0.000000, -1.000000 } }
		}
	},

	{
		entity_name = "Zg/NPC/mTable4/04/A/SitLow",
		type = MARKER,
		template_name = "",
		lt_grp = 0, srt_grp = 0, usr_flg = 0,
		spatialprops =
		{
			pos = { 3.047149, 0, 0.485131 },
			orient = { { -0.999906,  0.000000,  0.013678 },
					   {  0.000000,  1.000000,  0.000000 },
					   { -0.013678,  0.000000, -0.999906 } }
		}
	},

	{
		entity_name = "Zg/NPC/mTable4/05/C/SitLow",
		type = MARKER,
		template_name = "",
		lt_grp = 0, srt_grp = 0, usr_flg = 0,
		spatialprops =
		{
			pos = { 3.087546, 0, -2.432981 },
			orient = { { -0.999912,  0.000000,  0.013303 },
					   {  0.000000,  1.000000,  0.000000 },
					   { -0.013303,  0.000000, -0.999912 } }
		}
	},

	{
		entity_name = "Zg/NPC/mTable4/06/A/SitLow",
		type = MARKER,
		template_name = "",
		lt_grp = 0, srt_grp = 0, usr_flg = 0,
		spatialprops =
		{
			pos = { 3.042095, 0, -5.379081 },
			orient = { { -0.999976,  0.000000, -0.006993 },
					   {  0.000000,  1.000000,  0.000000 },
					   {  0.006993,  0.000000, -0.999976 } }
		}
	},

	{
		entity_name = "Zg/NPC/mTable4/03/B/SitLow",
		type = MARKER,
		template_name = "",
		lt_grp = 0, srt_grp = 0, usr_flg = 0,
		spatialprops =
		{
			pos = { -2.285382, 0, 2.811416 },
			orient = { { 1, 0, 0 }, { 0, 1, 0 }, { 0, 0, 1 } }
		}
	},

	{
		entity_name = "Zg/NPC/mTable4/04/B/SitLow",
		type = MARKER,
		template_name = "",
		lt_grp = 0, srt_grp = 0, usr_flg = 0,
		spatialprops =
		{
			pos = { 3.047379, 0, 2.813134 },
			orient = { { 1, 0, 0 }, { 0, 1, 0 }, { 0, 0, 1 } }
		}
	},

	{
		entity_name = "Zg/NPC/mTable4/05/B/SitLow",
		type = MARKER,
		template_name = "",
		lt_grp = 0, srt_grp = 0, usr_flg = 0,
		spatialprops =
		{
			pos = { 3.09634, 0, -0.120532 },
			orient = { { 1, 0, 0 }, { 0, 1, 0 }, { 0, 0, 1 } }
		}
	},

	{
		entity_name = "Zg/NPC/mTable4/06/B/SitLow",
		type = MARKER,
		template_name = "",
		lt_grp = 0, srt_grp = 0, usr_flg = 0,
		spatialprops =
		{
			pos = { 3.059193, 0, -3.062373 },
			orient = { { 1, 0, 0 }, { 0, 1, 0 }, { 0, 0, 1 } }
		}
	},

	{
		entity_name = "Zg/NPC/mTable4/02/C/SitLow",
		type = MARKER,
		template_name = "",
		lt_grp = 0, srt_grp = 0, usr_flg = 0,
		spatialprops =
		{
			pos = { -3.12678, 0, -2.450089 },
			orient = { { -0.999971,  0.000000, -0.007561 },
					   {  0.000000,  1.000000,  0.000000 },
					   {  0.007561,  0.000000, -0.999971 } }
		}
	},

	{
		entity_name = "Zg/NPC/mTable4/03/C/SitLow",
		type = MARKER,
		template_name = "",
		lt_grp = 0, srt_grp = 0, usr_flg = 0,
		spatialprops =
		{
			pos = { -3.100642, 0, 0.493645 },
			orient = { { -0.999999,  0.000000,  0.001725 },
					   {  0.000000,  1.000000,  0.000000 },
					   { -0.001725,  0.000000, -0.999999 } }
		}
	},

	{
		entity_name = "Zg/NPC/mTable4/04/C/SitLow",
		type = MARKER,
		template_name = "",
		lt_grp = 0, srt_grp = 0, usr_flg = 0,
		spatialprops =
		{
			pos = { 2.210818, 0, 0.483222 },
			orient = { { -0.999977,  0.000000, -0.006739 },
					   {  0.000000,  1.000000,  0.000000 },
					   {  0.006739,  0.000000, -0.999977 } }
		}
	},

	{
		entity_name = "Zg/NPC/mTable4/05/A/SitLow",
		type = MARKER,
		template_name = "",
		lt_grp = 0, srt_grp = 0, usr_flg = 0,
		spatialprops =
		{
			pos = { 2.226173, 0, -2.429463 },
			orient = { { -0.999999,  0.000000,  0.001496 },
					   {  0.000000,  1.000000,  0.000000 },
					   { -0.001496,  0.000000, -0.999999 } }
		}
	},

	{
		entity_name = "Zg/NPC/mTable4/06/C/SitLow",
		type = MARKER,
		template_name = "",
		lt_grp = 0, srt_grp = 0, usr_flg = 0,
		spatialprops =
		{
			pos = { 2.171484, 0, -5.377268 },
			orient = { { -0.999995,  0.000000, -0.003110 },
					   {  0.000000,  1.000000,  0.000000 },
					   {  0.003110,  0.000000, -0.999995 } }
		}
	},

	{
		entity_name = "Zg/NPC/mTable4/02/D/SitLow",
		type = MARKER,
		template_name = "",
		lt_grp = 0, srt_grp = 0, usr_flg = 0,
		spatialprops =
		{
			pos = { -3.088735, 0, -0.128502 },
			orient = { { 1, 0, 0 }, { 0, 1, 0 }, { 0, 0, 1 } }
		}
	},

	{
		entity_name = "Zg/NPC/mTable4/03/D/SitLow",
		type = MARKER,
		template_name = "",
		lt_grp = 0, srt_grp = 0, usr_flg = 0,
		spatialprops =
		{
			pos = { -3.08331, 0, 2.812366 },
			orient = { {  0.999978,  0.000000, -0.006707 },
					   {  0.000000,  1.000000,  0.000000 },
					   {  0.006707,  0.000000,  0.999978 } }
		}
	},

	{
		entity_name = "Zg/NPC/mTable4/04/D/SitLow",
		type = MARKER,
		template_name = "",
		lt_grp = 0, srt_grp = 0, usr_flg = 0,
		spatialprops =
		{
			pos = { 2.234866, 0, 2.808138 },
			orient = { { 1, 0, 0 }, { 0, 1, 0 }, { 0, 0, 1 } }
		}
	},

	{
		entity_name = "Zg/NPC/mTable4/05/D/SitLow",
		type = MARKER,
		template_name = "",
		lt_grp = 0, srt_grp = 0, usr_flg = 0,
		spatialprops =
		{
			pos = { 2.225462, 0, -0.1227 },
			orient = { { 1, 0, 0 }, { 0, 1, 0 }, { 0, 0, 1 } }
		}
	},

	{
		entity_name = "Zg/NPC/mTable4/06/D/SitLow",
		type = MARKER,
		template_name = "",
		lt_grp = 0, srt_grp = 0, usr_flg = 0,
		spatialprops =
		{
			pos = { 2.194765, 0, -3.058402 },
			orient = { { 1, 0, 0 }, { 0, 1, 0 }, { 0, 0, 1 } }
		}
	},

	{
		entity_name = "Zg/NPC/mFloor2/01/B/Stand",
		type = MARKER,
		template_name = "",
		lt_grp = 0, srt_grp = 0, usr_flg = 0,
		spatialprops =
		{
			pos = { 2.962353, 0, -26.26119 },
			orient = { { -0.702636,  0.000000,  0.711550 },
					   {  0.000000,  1.000000,  0.000000 },
					   { -0.711550,  0.000000, -0.702636 } }
		}
	},

	{
		entity_name = "Zs/NPC/mTable4/02/Prop",
		type = MARKER,
		template_name = "",
		lt_grp = 0, srt_grp = 0, usr_flg = 0,
		spatialprops =
		{
			pos = { -2.20004, 0.81432, -1.790324 },
			orient = { {  0.754248,  0.000000, -0.656589 },
					   {  0.000000,  1.000000,  0.000000 },
					   {  0.656589,  0.000000,  0.754248 } }
		}
	},

	{
		entity_name = "Zs/NPC/mTable4/03/Prop",
		type = MARKER,
		template_name = "",
		lt_grp = 0, srt_grp = 0, usr_flg = 0,
		spatialprops =
		{
			pos = { -2.198518, 0.81432, 1.155518 },
			orient = { {  0.757791,  0.000000, -0.652497 },
					   {  0.000000,  1.000000,  0.000000 },
					   {  0.652497,  0.000000,  0.757791 } }
		}
	},

	{
		entity_name = "Zs/NPC/mTable4/05/Prop",
		type = MARKER,
		template_name = "",
		lt_grp = 0, srt_grp = 0, usr_flg = 0,
		spatialprops =
		{
			pos = { 2.143597, 0.798477, -1.805083 },
			orient = { { -0.676517,  0.000000, -0.736427 },
					   {  0.000000,  1.000000,  0.000000 },
					   {  0.736427,  0.000000, -0.676517 } }
		}
	},

	{
		entity_name = "Zs/NPC/mTable4/06/Prop",
		type = MARKER,
		template_name = "",
		lt_grp = 0, srt_grp = 0, usr_flg = 0,
		spatialprops =
		{
			pos = { 2.962697, 0.802335, -4.737864 },
			orient = { { -0.661432,  0.000000, -0.750005 },
					   {  0.000000,  1.000000,  0.000000 },
					   {  0.750005,  0.000000, -0.661432 } }
		}
	},

	{
		entity_name = "Zs/NPC/mTable4/02/AC2/Camera",
		type = CAMERA,
		template_name = "",
		lt_grp = 0, srt_grp = 0, usr_flg = 0,
		flags = HIDDEN,
		spatialprops =
		{
			pos = { -2.645313, 1.702196, 0.179902 },
			orient = { {  0.888523,  0.000000,  0.458833 },
					   {  0.097625,  0.977103, -0.189050 },
					   { -0.448327,  0.212769,  0.868178 } }
		},
		cameraprops =
		{
			fovh = 30,
			hvaspect = 1.85,
			nearplane = 0.3,
			farplane = 4000
		}
	},

	{
		entity_name = "Zs/NPC/mTable4/03/AC2/Camera",
		type = CAMERA,
		template_name = "",
		lt_grp = 0, srt_grp = 0, usr_flg = 0,
		flags = HIDDEN,
		spatialprops =
		{
			pos = { -2.654448, 1.702196, 3.123305 },
			orient = { {  0.890132,  0.000000,  0.455703 },
					   {  0.096959,  0.977103, -0.189392 },
					   { -0.445268,  0.212769,  0.869750 } }
		},
		cameraprops =
		{
			fovh = 30,
			hvaspect = 1.85,
			nearplane = 0.3,
			farplane = 4000
		}
	},

	{
		entity_name = "Zs/NPC/mTable4/04/AC2/Camera",
		type = CAMERA,
		template_name = "",
		lt_grp = 0, srt_grp = 0, usr_flg = 0,
		flags = HIDDEN,
		spatialprops =
		{
			pos = { 3.487938, 1.665489, 3.228029 },
			orient = { {  0.847063,  0.000000, -0.531492 },
					   { -0.117589,  0.975218, -0.187408 },
					   {  0.518321,  0.221244,  0.826072 } }
		},
		cameraprops =
		{
			fovh = 30,
			hvaspect = 1.85,
			nearplane = 0.3,
			farplane = 4000
		}
	},

	{
		entity_name = "Zs/NPC/mTable4/05/AC2/Camera",
		type = CAMERA,
		template_name = "",
		lt_grp = 0, srt_grp = 0, usr_flg = 0,
		flags = HIDDEN,
		spatialprops =
		{
			pos = { 3.444303, 1.702196, 0.194384 },
			orient = { {  0.673841,  0.000000, -0.738877 },
					   { -0.169289,  0.973399, -0.154388 },
					   {  0.719222,  0.229116,  0.655916 } }
		},
		cameraprops =
		{
			fovh = 30,
			hvaspect = 1.85,
			nearplane = 0.3,
			farplane = 4000
		}
	},

	{
		entity_name = "Zs/NPC/mTable4/06/AC2/Camera",
		type = CAMERA,
		template_name = "",
		lt_grp = 0, srt_grp = 0, usr_flg = 0,
		flags = HIDDEN,
		spatialprops =
		{
			pos = { 3.377594, 1.716449, -2.687981 },
			orient = { {  0.859988,  0.000000, -0.510315 },
					   { -0.121572,  0.971209, -0.204875 },
					   {  0.495622,  0.238230,  0.835228 } }
		},
		cameraprops =
		{
			fovh = 30,
			hvaspect = 1.85,
			nearplane = 0.3,
			farplane = 4000
		}
	},

	{
		entity_name = "Zs/NPC/mTable4/02/ACOH/Camera",
		type = CAMERA,
		template_name = "",
		lt_grp = 0, srt_grp = 0, usr_flg = 0,
		flags = HIDDEN,
		spatialprops =
		{
			pos = { -1.424895, 1.904002, -0.257545 },
			orient = { {  0.970922,  0.000000, -0.239396 },
					   { -0.091076,  0.924805, -0.369379 },
					   {  0.221395,  0.380442,  0.897913 } }
		},
		cameraprops =
		{
			fovh = 20,
			hvaspect = 1.85,
			nearplane = 0.3,
			farplane = 4000
		}
	},

	{
		entity_name = "Zs/NPC/mTable4/03/ACOH/Camera",
		type = CAMERA,
		template_name = "",
		lt_grp = 0, srt_grp = 0, usr_flg = 0,
		flags = HIDDEN,
		spatialprops =
		{
			pos = { -1.43168, 1.904002, 2.692469 },
			orient = { {  0.972203,  0.000000, -0.234138 },
					   { -0.089076,  0.924805, -0.369867 },
					   {  0.216532,  0.380442,  0.899098 } }
		},
		cameraprops =
		{
			fovh = 20,
			hvaspect = 1.85,
			nearplane = 0.3,
			farplane = 4000
		}
	},

	{
		entity_name = "Zs/NPC/mTable4/04/ACOH/Camera",
		type = CAMERA,
		template_name = "",
		lt_grp = 0, srt_grp = 0, usr_flg = 0,
		flags = HIDDEN,
		spatialprops =
		{
			pos = { 1.112446, 1.895302, 2.341922 },
			orient = { {  0.817878,  0.000000,  0.575392 },
					   {  0.215095,  0.927500, -0.305741 },
					   { -0.533676,  0.373823,  0.758582 } }
		},
		cameraprops =
		{
			fovh = 20,
			hvaspect = 1.85,
			nearplane = 0.3,
			farplane = 4000
		}
	},

	{
		entity_name = "Zs/NPC/mTable4/05/ACOH/Camera",
		type = CAMERA,
		template_name = "",
		lt_grp = 0, srt_grp = 0, usr_flg = 0,
		flags = HIDDEN,
		spatialprops =
		{
			pos = { 1.544896, 1.901965, 0.074202 },
			orient = { {  0.997861,  0.000000,  0.065376 },
					   {  0.025051,  0.923673, -0.382362 },
					   { -0.060386,  0.383181,  0.921697 } }
		},
		cameraprops =
		{
			fovh = 20,
			hvaspect = 1.85,
			nearplane = 0.3,
			farplane = 4000
		}
	},

	{
		entity_name = "Zs/NPC/mTable4/06/ACOH/Camera",
		type = CAMERA,
		template_name = "",
		lt_grp = 0, srt_grp = 0, usr_flg = 0,
		flags = HIDDEN,
		spatialprops =
		{
			pos = { 1.293604, 1.889259, -3.510023 },
			orient = { {  0.844931,  0.000000,  0.534875 },
					   {  0.200541,  0.927053, -0.316791 },
					   { -0.495857,  0.374931,  0.783296 } }
		},
		cameraprops =
		{
			fovh = 20,
			hvaspect = 1.85,
			nearplane = 0.3,
			farplane = 4000
		}
	},

	{
		entity_name = "Zs/NPC/mTable4/02/ACOL/Camera",
		type = CAMERA,
		template_name = "",
		lt_grp = 0, srt_grp = 0, usr_flg = 0,
		flags = HIDDEN,
		spatialprops =
		{
			pos = { -1.694219, 1.441187, -0.090919 },
			orient = { {  0.996849,  0.000000, -0.079328 },
					   { -0.015587,  0.980507, -0.195865 },
					   {  0.077782,  0.196484,  0.977417 } }
		},
		cameraprops =
		{
			fovh = 20,
			hvaspect = 1.85,
			nearplane = 0.3,
			farplane = 4000
		}
	},

	{
		entity_name = "Zs/NPC/mTable4/03/ACOL/Camera",
		type = CAMERA,
		template_name = "",
		lt_grp = 0, srt_grp = 0, usr_flg = 0,
		flags = HIDDEN,
		spatialprops =
		{
			pos = { -1.702001, 1.428512, 2.84998 },
			orient = { {  0.996579,  0.000000, -0.082641 },
					   { -0.015890,  0.981340, -0.191624 },
					   {  0.081099,  0.192282,  0.977983 } }
		},
		cameraprops =
		{
			fovh = 20,
			hvaspect = 1.85,
			nearplane = 0.3,
			farplane = 4000
		}
	},

	{
		entity_name = "Zs/NPC/mTable4/04/ACOL/Camera",
		type = CAMERA,
		template_name = "",
		lt_grp = 0, srt_grp = 0, usr_flg = 0,
		flags = HIDDEN,
		spatialprops =
		{
			pos = { 1.200202, 1.371047, 2.72576 },
			orient = { {  0.866826,  0.000000,  0.498610 },
					   {  0.086814,  0.984726, -0.150924 },
					   { -0.490995,  0.174111,  0.853586 } }
		},
		cameraprops =
		{
			fovh = 20,
			hvaspect = 1.85,
			nearplane = 0.3,
			farplane = 4000
		}
	},

	{
		entity_name = "Zs/NPC/mTable4/05/ACOL/Camera",
		type = CAMERA,
		template_name = "",
		lt_grp = 0, srt_grp = 0, usr_flg = 0,
		flags = HIDDEN,
		spatialprops =
		{
			pos = { 1.720206, 1.330759, 0.098404 },
			orient = { {  0.999994,  0.000000, -0.003382 },
					   { -0.000504,  0.988832, -0.149033 },
					   {  0.003344,  0.149034,  0.988826 } }
		},
		cameraprops =
		{
			fovh = 20,
			hvaspect = 1.85,
			nearplane = 0.3,
			farplane = 4000
		}
	},

	{
		entity_name = "Zs/NPC/mTable4/06/ACOL/Camera",
		type = CAMERA,
		template_name = "",
		lt_grp = 0, srt_grp = 0, usr_flg = 0,
		flags = HIDDEN,
		spatialprops =
		{
			pos = { 1.415307, 1.335993, -3.167462 },
			orient = { {  0.895272,  0.000000,  0.445520 },
					   {  0.072152,  0.986799, -0.144990 },
					   { -0.439639,  0.161951,  0.883453 } }
		},
		cameraprops =
		{
			fovh = 20,
			hvaspect = 1.85,
			nearplane = 0.3,
			farplane = 4000
		}
	},

	{
		entity_name = "Zs/NPC/mTable4/02/ACS/Camera",
		type = CAMERA,
		template_name = "",
		lt_grp = 0, srt_grp = 0, usr_flg = 0,
		flags = HIDDEN,
		spatialprops =
		{
			pos = { -1.92173, 1.339101, -0.950827 },
			orient = { {  0.989654,  0.000000, -0.143473 },
					   { -0.021603,  0.988599, -0.149015 },
					   {  0.141837,  0.150573,  0.978371 } }
		},
		cameraprops =
		{
			fovh = 20,
			hvaspect = 1.85,
			nearplane = 0.3,
			farplane = 4000
		}
	},

	{
		entity_name = "Zs/NPC/mTable4/03/ACS/Camera",
		type = CAMERA,
		template_name = "",
		lt_grp = 0, srt_grp = 0, usr_flg = 0,
		flags = HIDDEN,
		spatialprops =
		{
			pos = { -1.839128, 1.356465, 2.03685 },
			orient = { {  0.983360,  0.000000, -0.181667 },
					   { -0.029710,  0.986536, -0.160821 },
					   {  0.179222,  0.163542,  0.970120 } }
		},
		cameraprops =
		{
			fovh = 20,
			hvaspect = 1.85,
			nearplane = 0.3,
			farplane = 4000
		}
	},

	{
		entity_name = "Zs/NPC/mTable4/04/ACS/Camera",
		type = CAMERA,
		template_name = "",
		lt_grp = 0, srt_grp = 0, usr_flg = 0,
		flags = HIDDEN,
		spatialprops =
		{
			pos = { 2.062261, 1.396512, 1.939919 },
			orient = { {  0.883114,  0.000000,  0.469159 },
					   {  0.088618,  0.981999, -0.166809 },
					   { -0.460713,  0.188887,  0.867217 } }
		},
		cameraprops =
		{
			fovh = 20,
			hvaspect = 1.85,
			nearplane = 0.3,
			farplane = 4000
		}
	},

	{
		entity_name = "Zs/NPC/mTable4/05/ACS/Camera",
		type = CAMERA,
		template_name = "",
		lt_grp = 0, srt_grp = 0, usr_flg = 0,
		flags = HIDDEN,
		spatialprops =
		{
			pos = { 2.093106, 1.304303, -0.844637 },
			orient = { {  0.998304,  0.000000, -0.058221 },
					   { -0.007435,  0.991812, -0.127489 },
					   {  0.057744,  0.127706,  0.990130 } }
		},
		cameraprops =
		{
			fovh = 20,
			hvaspect = 1.85,
			nearplane = 0.3,
			farplane = 4000
		}
	},

	{
		entity_name = "Zs/NPC/mTable4/06/ACS/Camera",
		type = CAMERA,
		template_name = "",
		lt_grp = 0, srt_grp = 0, usr_flg = 0,
		flags = HIDDEN,
		spatialprops =
		{
			pos = { 2.181791, 1.306309, -4.155425 },
			orient = { {  0.882963,  0.000000,  0.469442 },
					   {  0.060401,  0.991688, -0.113607 },
					   { -0.465541,  0.128665,  0.875624 } }
		},
		cameraprops =
		{
			fovh = 20,
			hvaspect = 1.85,
			nearplane = 0.3,
			farplane = 4000
		}
	},

	{
		entity_name = "Zs/NPC/mTable4/02/ACU/Camera",
		type = CAMERA,
		template_name = "",
		lt_grp = 0, srt_grp = 0, usr_flg = 0,
		flags = HIDDEN,
		spatialprops =
		{
			pos = { -2.063137, 1.359405, -1.498937 },
			orient = { {  0.982360,  0.000000, -0.187000 },
					   { -0.029752,  0.987262, -0.156297 },
					   {  0.184618,  0.159103,  0.969847 } }
		},
		cameraprops =
		{
			fovh = 20,
			hvaspect = 1.85,
			nearplane = 0.3,
			farplane = 4000
		}
	},

	{
		entity_name = "Zs/NPC/mTable4/03/ACU/Camera",
		type = CAMERA,
		template_name = "",
		lt_grp = 0, srt_grp = 0, usr_flg = 0,
		flags = HIDDEN,
		spatialprops =
		{
			pos = { -2.092691, 1.363765, 1.472239 },
			orient = { {  0.989809,  0.000000, -0.142402 },
					   { -0.023267,  0.986562, -0.161721 },
					   {  0.140489,  0.163386,  0.976508 } }
		},
		cameraprops =
		{
			fovh = 20,
			hvaspect = 1.85,
			nearplane = 0.3,
			farplane = 4000
		}
	},

	{
		entity_name = "Zs/NPC/mTable4/04/ACU/Camera",
		type = CAMERA,
		template_name = "",
		lt_grp = 0, srt_grp = 0, usr_flg = 0,
		flags = HIDDEN,
		spatialprops =
		{
			pos = { 2.496084, 1.279458, 1.309652 },
			orient = { {  0.869465,  0.000000,  0.493995 },
					   {  0.035421,  0.997426, -0.062344 },
					   { -0.492723,  0.071704,  0.867227 } }
		},
		cameraprops =
		{
			fovh = 20,
			hvaspect = 1.85,
			nearplane = 0.3,
			farplane = 4000
		}
	},

	{
		entity_name = "Zs/NPC/mTable4/06/ACU/Camera",
		type = CAMERA,
		template_name = "",
		lt_grp = 0, srt_grp = 0, usr_flg = 0,
		flags = HIDDEN,
		spatialprops =
		{
			pos = { 2.530702, 1.340318, -4.499782 },
			orient = { {  0.900904,  0.000000,  0.434019 },
					   {  0.059323,  0.990615, -0.123137 },
					   { -0.429945,  0.136682,  0.892449 } }
		},
		cameraprops =
		{
			fovh = 20,
			hvaspect = 1.85,
			nearplane = 0.3,
			farplane = 4000
		}
	},

	{
		entity_name = "Zs/NPC/mTable4/02/P/Stand",
		type = MARKER,
		template_name = "",
		lt_grp = 0, srt_grp = 0, usr_flg = 0,
		spatialprops =
		{
			pos = { -1.027447, -0.0054, -0.548439 },
			orient = { {  0.751906,  0.000000, -0.659270 },
					   {  0.000000,  1.000000,  0.000000 },
					   {  0.659270,  0.000000,  0.751906 } }
		}
	},

	{
		entity_name = "Zs/NPC/mTable4/03/P/Stand",
		type = MARKER,
		template_name = "",
		lt_grp = 0, srt_grp = 0, usr_flg = 0,
		spatialprops =
		{
			pos = { -1.032663, -0.0054, 2.40373 },
			orient = { {  0.755463,  0.000000, -0.655191 },
					   {  0.000000,  1.000000,  0.000000 },
					   {  0.655191,  0.000000,  0.755463 } }
		}
	},

	{
		entity_name = "Zs/NPC/mTable4/04/P/Stand",
		type = MARKER,
		template_name = "",
		lt_grp = 0, srt_grp = 0, usr_flg = 0,
		spatialprops =
		{
			pos = { 0.887888, -0.0054, 2.110165 },
			orient = { {  0.516479,  0.000000,  0.856300 },
					   {  0.000000,  1.000000,  0.000000 },
					   { -0.856300,  0.000000,  0.516479 } }
		}
	},

	{
		entity_name = "Zs/NPC/mTable4/05/P/Stand",
		type = MARKER,
		template_name = "",
		lt_grp = 0, srt_grp = 0, usr_flg = 0,
		spatialprops =
		{
			pos = { 1.03914, -0.0054, -0.176495 },
			orient = { {  0.620004,  0.000000,  0.784598 },
					   {  0.000000,  1.000000,  0.000000 },
					   { -0.784598,  0.000000,  0.620004 } }
		}
	},

	{
		entity_name = "Zs/NPC/mTable4/06/P/Stand",
		type = MARKER,
		template_name = "",
		lt_grp = 0, srt_grp = 0, usr_flg = 0,
		spatialprops =
		{
			pos = { 1.063087, -0.0054, -3.683396 },
			orient = { {  0.575954,  0.000000,  0.817482 },
					   {  0.000000,  1.000000,  0.000000 },
					   { -0.817482,  0.000000,  0.575954 } }
		}
	},

	{
		entity_name = "Zs/NPC/mTable4/02/P2/Stand",
		type = MARKER,
		template_name = "",
		lt_grp = 0, srt_grp = 0, usr_flg = 0,
		spatialprops =
		{
			pos = { -1.395568, 0, -0.907006 },
			orient = { {  0.751906,  0.000000, -0.659270 },
					   {  0.000000,  1.000000,  0.000000 },
