duration = 10000.000;

entities =
{

	{
		entity_name = "Layer_LI_05_Bar_Hardpoint",
		type = SCENE,
		template_name = "",
		lt_grp = 0, srt_grp = 0, usr_flg = 0,
		spatialprops =
		{
			pos = { 0, 0, 0 },
			orient = { { 1, 0, 0 }, { 0, 1, 0 }, { 0, 0, 1 } }
		},
		up = Y_AXIS,
		front = Z_AXIS,
		ambient = { 0, 0, 0 }
	},

	{
		entity_name = "Zs/NPC/Bartender/01/AC2/Camera",
		type = CAMERA,
		template_name = "",
		lt_grp = 0, srt_grp = 0, usr_flg = 0,
		flags = HIDDEN,
		spatialprops =
		{
			pos = { -0.518446, 1.735628, 3.077618 },
			orient = { { -0.455220,  0.000000, -0.890379 },
					   { -0.184492,  0.978297,  0.094324 },
					   {  0.871056,  0.207206, -0.445340 } }
		},
		cameraprops =
		{
			fovh = 30,
			hvaspect = 1.85,
			nearplane = 0.3,
			farplane = 4000
		}
	},

	{
		entity_name = "Zs/NPC/Bartender/01/ACOH/Camera",
		type = CAMERA,
		template_name = "",
		lt_grp = 0, srt_grp = 0, usr_flg = 0,
		flags = HIDDEN,
		spatialprops =
		{
			pos = { -0.898369, 1.763555, 3.811212 },
			orient = { { -0.119609,  0.000000, -0.992821 },
					   { -0.195515,  0.980418,  0.023554 },
					   {  0.973379,  0.196929, -0.117267 } }
		},
		cameraprops =
		{
			fovh = 25,
			hvaspect = 1.85,
			nearplane = 0.3,
			farplane = 4000
		}
	},

	{
		entity_name = "Zs/NPC/Bartender/01/ACS/Camera",
		type = CAMERA,
		template_name = "",
		lt_grp = 0, srt_grp = 0, usr_flg = 0,
		flags = HIDDEN,
		spatialprops =
		{
			pos = { -2.358753, 1.656469, 3.345447 },
			orient = { { -0.261149,  0.000000, -0.965298 },
					   { -0.097261,  0.994911,  0.026313 },
					   {  0.960386,  0.100758, -0.259820 } }
		},
		cameraprops =
		{
			fovh = 25,
			hvaspect = 1.85,
			nearplane = 0.3,
			farplane = 4000
		}
	},

	{
		entity_name = "Zs/NPC/Bartender/01/P/Stand",
		type = MARKER,
		template_name = "",
		lt_grp = 0, srt_grp = 0, usr_flg = 0,
		spatialprops =
		{
			pos = { -1.00454, 0, 4.372966 },
			orient = { {  0.587918,  0.000000, -0.808921 },
					   {  0.000000,  1.000000,  0.000000 },
					   {  0.808921,  0.000000,  0.587918 } }
		}
	},

	{
		entity_name = "Zs/NPC/Bartender/01/P2/Stand",
		type = MARKER,
		template_name = "",
		lt_grp = 0, srt_grp = 0, usr_flg = 0,
		spatialprops =
		{
			pos = { -1.436878, 0, 4.098785 },
			orient = { {  0.587918,  0.000000, -0.808921 },
					   {  0.000000,  1.000000,  0.000000 },
					   {  0.808921,  0.000000,  0.587918 } }
		}
	},

	{
		entity_name = "Zs/NPC/Bartender/01/PC2/Camera",
		type = CAMERA,
		template_name = "",
		lt_grp = 0, srt_grp = 0, usr_flg = 0,
		flags = HIDDEN,
		spatialprops =
		{
			pos = { -4.323616, 1.777549, 2.084887 },
			orient = { { -0.779592,  0.000000,  0.626288 },
					   {  0.146118,  0.972403,  0.181885 },
					   { -0.609005,  0.233308, -0.758077 } }
		},
		cameraprops =
		{
			fovh = 30,
			hvaspect = 1.85,
			nearplane = 0.3,
			farplane = 4000
		}
	},

	{
		entity_name = "Zs/NPC/Bartender/01/PCO/Camera",
		type = CAMERA,
		template_name = "",
		lt_grp = 0, srt_grp = 0, usr_flg = 0,
		flags = HIDDEN,
		spatialprops =
		{
			pos = { -4.265799, 1.789655, 3.067197 },
			orient = { { -0.526538,  0.000000,  0.850152 },
					   {  0.175271,  0.978517,  0.108554 },
					   { -0.831888,  0.206165, -0.515226 } }
		},
		cameraprops =
		{
			fovh = 25,
			hvaspect = 1.85,
			nearplane = 0.3,
			farplane = 4000
		}
	},

	{
		entity_name = "Zs/NPC/Bartender/01/PCS/Camera",
		type = CAMERA,
		template_name = "",
		lt_grp = 0, srt_grp = 0, usr_flg = 0,
		flags = HIDDEN,
		spatialprops =
		{
			pos = { -2.673692, 1.654759, 3.379328 },
			orient = { { -0.637388,  0.000000,  0.770543 },
					   {  0.081059,  0.994451,  0.067051 },
					   { -0.766267,  0.105197, -0.633852 } }
		},
		cameraprops =
		{
			fovh = 25,
			hvaspect = 1.85,
			nearplane = 0.3,
			farplane = 4000
		}
	},

	{
		entity_name = "Zs/NPC/Bartender/01/WFC/Camera",
		type = CAMERA,
		template_name = "",
		lt_grp = 0, srt_grp = 0, usr_flg = 0,
		flags = HIDDEN,
		spatialprops =
		{
			pos = { -2.638025, 1.416069, -4.938291 },
			orient = { { -0.999989,  0.000000,  0.004680 },
					   {  0.000086,  0.999832,  0.018310 },
					   { -0.004679,  0.018310, -0.999821 } }
		},
		cameraprops =
		{
			fovh = 30,
			hvaspect = 1.85,
			nearplane = 0.3,
			farplane = 4000
		}
	},

	{
		entity_name = "SET_li_05_Bar",
		type = COMPOUND,
		template_name = "li_05_bar",
		lt_grp = 9, srt_grp = 0, usr_flg = 0,
		flags = LIT_DYNAMIC,
		spatialprops =
		{
			pos = { 0, 0, 0 },
			orient = { { 1, 0, 0 }, { 0, 1, 0 }, { 0, 0, 1 } }
		},
		userprops =
		{
			category = "Room",
		}
	},

	{
		entity_name = "Camera_News",
		type = CAMERA,
		template_name = "",
		lt_grp = 0, srt_grp = 0, usr_flg = 0,
		spatialprops =
		{
			pos = { 0.584029, 5.002603, -0.137421 },
			orient = { {  0.004755,  0.000000, -0.999989 },
					   {  0.016752,  0.999860,  0.000080 },
					   {  0.999848, -0.016752,  0.004754 } }
		},
		cameraprops =
		{
			fovh = 30,
			hvaspect = 1.333333,
			nearplane = 1,
			farplane = 200
		}
	},

	{
		entity_name = "Camera_Mission",
		type = CAMERA,
		template_name = "",
		lt_grp = 0, srt_grp = 0, usr_flg = 0,
		spatialprops =
		{
			pos = { 0.204441, 4.967383, 3.754387 },
			orient = { {  0.007893,  0.000000, -0.999969 },
					   {  0.013021,  0.999915,  0.000103 },
					   {  0.999884, -0.013021,  0.007892 } }
		},
		cameraprops =
		{
			fovh = 30,
			hvaspect = 1.333333,
			nearplane = 1,
			farplane = 200
		}
	},

	{
		entity_name = "Camera_0",
		type = CAMERA,
		template_name = "",
		lt_grp = 0, srt_grp = 0, usr_flg = 0,
		spatialprops =
		{
			pos = { -3.344459, 6.372115, -12.52624 },
			orient = { { -0.947352,  0.000000,  0.320193 },
					   {  0.089891,  0.959783,  0.265961 },
					   { -0.307316,  0.280741, -0.909253 } }
		},
		cameraprops =
		{
			fovh = 25,
			hvaspect = 1.333333,
			nearplane = 5,
			farplane = 200
		}
	},

	{
		entity_name = "Zs/NPC/Bartender/01/A/Stand",
		type = MARKER,
		template_name = "",
		lt_grp = 0, srt_grp = 0, usr_flg = 0,
		spatialprops =
		{
			pos = { -3.911953, 0, 3.524476 },
			orient = { {  0.079391,  0.000000,  0.996844 },
					   {  0.000000,  1.000000,  0.000000 },
					   { -0.996844,  0.000000,  0.079391 } }
		}
	},

	{
		entity_name = "Zg/NPC/mTable2/01/A/SitLow",
		type = MARKER,
		template_name = "",
		lt_grp = 0, srt_grp = 0, usr_flg = 0,
		spatialprops =
		{
			pos = { 7.050183, 0, -0.453171 },
			orient = { {  0.040276,  0.000000, -0.999189 },
					   {  0.000000,  1.000000,  0.000000 },
					   {  0.999189,  0.000000,  0.040276 } }
		}
	},

	{
		entity_name = "Zg/PC/Player/01/A/Stand",
		type = MARKER,
		template_name = "",
		lt_grp = 0, srt_grp = 0, usr_flg = 0,
		spatialprops =
		{
			pos = { 0.039773, 0, 9.985318 },
			orient = { {  0.999278,  0.000000, -0.037995 },
					   {  0.000000,  1.000000,  0.000000 },
					   {  0.037995,  0.000000,  0.999278 } }
		}
	},

	{
		entity_name = "Zg/NPC/mFloor2/01/A/Stand",
		type = MARKER,
		template_name = "",
		lt_grp = 0, srt_grp = 0, usr_flg = 0,
		spatialprops =
		{
			pos = { -3.73542, 0, 7.107317 },
			orient = { {  0.799576,  0.000000,  0.600564 },
					   {  0.000000,  1.000000,  0.000000 },
					   { -0.600564,  0.000000,  0.799576 } }
		}
	},

	{
		entity_name = "Zg/NPC/mFloor2/01/B/Stand",
		type = MARKER,
		template_name = "",
		lt_grp = 0, srt_grp = 0, usr_flg = 0,
		spatialprops =
		{
			pos = { -2.572749, 0, 6.917243 },
			orient = { {  0.552716,  0.000000, -0.833369 },
					   {  0.000000,  1.000000,  0.000000 },
					   {  0.833369,  0.000000,  0.552716 } }
		}
	},

	{
		entity_name = "Zg/NPC/mTable2/01/B/SitLow",
		type = MARKER,
		template_name = "",
		lt_grp = 0, srt_grp = 0, usr_flg = 0,
		spatialprops =
		{
			pos = { 6.426536, 0, 0.831796 },
			orient = { {  0.816422,  0.000000, -0.577456 },
					   {  0.000000,  1.000000,  0.000000 },
					   {  0.577456,  0.000000,  0.816422 } }
		}
	},

	{
		entity_name = "Zg/NPC/mTable2/02/A/SitLow",
		type = MARKER,
		template_name = "",
		lt_grp = 0, srt_grp = 0, usr_flg = 0,
		spatialprops =
		{
			pos = { 6.403519, 0, 6.023866 },
			orient = { {  0.816422,  0.000000, -0.577456 },
					   {  0.000000,  1.000000,  0.000000 },
					   {  0.577456,  0.000000,  0.816422 } }
		}
	},

	{
		entity_name = "Zg/NPC/mTable2/02/B/SitLow",
		type = MARKER,
		template_name = "",
		lt_grp = 0, srt_grp = 0, usr_flg = 0,
		spatialprops =
		{
			pos = { 7.045731, 0, 4.740181 },
			orient = { {  0.040276,  0.000000, -0.999189 },
					   {  0.000000,  1.000000,  0.000000 },
					   {  0.999189,  0.000000,  0.040276 } }
		}
	},

	{
		entity_name = "Zs/NPC/mTable4/05/AC2/Camera",
		type = CAMERA,
		template_name = "",
		lt_grp = 0, srt_grp = 0, usr_flg = 0,
		flags = HIDDEN,
		spatialprops =
		{
			pos = { 2.195513, 1.690785, -4.42775 },
			orient = { { -0.994394,  0.000000,  0.105741 },
					   {  0.021576,  0.978962,  0.202900 },
					   { -0.103517,  0.204044, -0.973473 } }
		},
		cameraprops =
		{
			fovh = 30,
			hvaspect = 1.85,
			nearplane = 0.3,
			farplane = 4000
		}
	},

	{
		entity_name = "Zs/NPC/mTable4/05/ACS/Camera",
		type = CAMERA,
		template_name = "",
		lt_grp = 0, srt_grp = 0, usr_flg = 0,
		flags = HIDDEN,
		spatialprops =
		{
			pos = { 2.124791, 1.431512, -3.087646 },
			orient = { { -0.688085,  0.000000,  0.725630 },
					   {  0.143481,  0.980256,  0.136057 },
					   { -0.711303,  0.197733, -0.674499 } }
		},
		cameraprops =
		{
			fovh = 20,
			hvaspect = 1.85,
			nearplane = 0.3,
			farplane = 4000
		}
	},

	{
		entity_name = "Zs/NPC/mTable4/05/ACU/Camera",
		type = CAMERA,
		template_name = "",
		lt_grp = 0, srt_grp = 0, usr_flg = 0,
		flags = HIDDEN,
		spatialprops =
		{
			pos = { 2.614006, 1.367603, -2.758306 },
			orient = { { -0.671420,  0.000000,  0.741077 },
					   {  0.124162,  0.985865,  0.112492 },
					   { -0.730602,  0.167543, -0.661930 } }
		},
		cameraprops =
		{
			fovh = 20,
			hvaspect = 1.85,
			nearplane = 0.3,
			farplane = 4000
		}
	},

	{
		entity_name = "Zs/NPC/mTable4/05/PC2/Camera",
		type = CAMERA,
		template_name = "",
		lt_grp = 0, srt_grp = 0, usr_flg = 0,
		flags = HIDDEN,
		spatialprops =
		{
			pos = { 4.017687, 1.68243, -4.028113 },
			orient = { { -0.741910,  0.000000, -0.670499 },
					   { -0.152164,  0.973908,  0.168370 },
					   {  0.653005,  0.226942, -0.722552 } }
		},
		cameraprops =
		{
			fovh = 30,
			hvaspect = 1.85,
			nearplane = 0.3,
			farplane = 4000
		}
	},

	{
		entity_name = "Zs/NPC/mTable4/05/PCO/Camera",
		type = CAMERA,
		template_name = "",
		lt_grp = 0, srt_grp = 0, usr_flg = 0,
		flags = HIDDEN,
		spatialprops =
		{
			pos = { 4.057287, 1.136413, -2.342832 },
			orient = { {  0.030125,  0.000000, -0.999546 },
					   {  0.106633,  0.994293,  0.003214 },
					   {  0.993842, -0.106682,  0.029953 } }
		},
		cameraprops =
		{
			fovh = 20,
			hvaspect = 1.85,
			nearplane = 0.3,
			farplane = 4000
		}
	},

	{
		entity_name = "Zs/NPC/mTable4/05/PCS/Camera",
		type = CAMERA,
		template_name = "",
		lt_grp = 0, srt_grp = 0, usr_flg = 0,
		flags = HIDDEN,
		spatialprops =
		{
			pos = { 3.316251, 1.436729, -2.660653 },
			orient = { { -0.014844,  0.000000, -0.999890 },
					   {  0.061227,  0.998123, -0.000909 },
					   {  0.998013, -0.061234, -0.014817 } }
		},
		cameraprops =
		{
			fovh = 20,
			hvaspect = 1.85,
			nearplane = 0.3,
			farplane = 4000
		}
	},

	{
		entity_name = "Zs/NPC/mTable4/05/PCU/Camera",
		type = CAMERA,
		template_name = "",
		lt_grp = 0, srt_grp = 0, usr_flg = 0,
		flags = HIDDEN,
		spatialprops =
		{
			pos = { 2.68028, 1.524723, -2.783519 },
			orient = { { -0.032135,  0.000000, -0.999484 },
					   {  0.134955,  0.990842, -0.004339 },
					   {  0.990330, -0.135025, -0.031841 } }
		},
		cameraprops =
		{
			fovh = 20,
			hvaspect = 1.85,
			nearplane = 0.3,
			farplane = 4000
		}
	},

	{
		entity_name = "Zs/NPC/mTable4/05/TCI/Camera",
		type = CAMERA,
		template_name = "",
		lt_grp = 0, srt_grp = 0, usr_flg = 0,
		flags = HIDDEN,
		spatialprops =
		{
			pos = { 1.871501, 1.773897, -2.94956 },
			orient = { { -0.541074,  0.000000,  0.840975 },
					   {  0.556342,  0.749906,  0.357945 },
					   { -0.630652,  0.661545, -0.405755 } }
		},
		cameraprops =
		{
			fovh = 15,
			hvaspect = 1.85,
			nearplane = 0.3,
			farplane = 4000
		}
	},

	{
		entity_name = "Zs/NPC/mTable4/05/WFC/Camera",
		type = CAMERA,
		template_name = "",
		lt_grp = 0, srt_grp = 0, usr_flg = 0,
		flags = HIDDEN,
		spatialprops =
		{
			pos = { 2.263454, 5.193625, -9.985008 },
			orient = { { -0.950397,  0.024484,  0.310074 },
					   {  0.140463,  0.923241,  0.357627 },
					   { -0.277517,  0.383441, -0.880884 } }
		},
		cameraprops =
		{
			fovh = 30,
			hvaspect = 1.85,
			nearplane = 0.3,
			farplane = 4000
		}
	},

	{
		entity_name = "Zs/NPC/mTable4/03/AC2/Camera",
		type = CAMERA,
		template_name = "",
		lt_grp = 0, srt_grp = 0, usr_flg = 0,
		flags = HIDDEN,
		spatialprops =
		{
			pos = { 2.011013, 1.697978, 3.114535 },
			orient = { { -0.975349,  0.000000,  0.220667 },
					   {  0.046937,  0.977117,  0.207461 },
					   { -0.215617,  0.212704, -0.953030 } }
		},
		cameraprops =
		{
			fovh = 30,
			hvaspect = 1.85,
			nearplane = 0.3,
			farplane = 4000
		}
	},

	{
		entity_name = "Zs/NPC/mTable4/05/ACOH/Camera",
		type = CAMERA,
		template_name = "",
		lt_grp = 0, srt_grp = 0, usr_flg = 0,
		flags = HIDDEN,
		spatialprops =
		{
			pos = { 1.413571, 1.922133, -3.365432 },
			orient = { { -0.662887,  0.000000,  0.748720 },
					   {  0.302725,  0.914616,  0.268021 },
					   { -0.684791,  0.404323, -0.606287 } }
		},
		cameraprops =
		{
			fovh = 20,
			hvaspect = 1.85,
			nearplane = 0.3,
			farplane = 4000
		}
	},

	{
		entity_name = "Zs/NPC/mTable4/03/ACOH/Camera",
		type = CAMERA,
		template_name = "",
		lt_grp = 0, srt_grp = 0, usr_flg = 0,
		flags = HIDDEN,
		spatialprops =
		{
			pos = { 1.322994, 1.919636, 4.253553 },
			orient = { { -0.611651,  0.000000,  0.791128 },
					   {  0.319950,  0.914572,  0.247365 },
					   { -0.723544,  0.404422, -0.559399 } }
		},
		cameraprops =
		{
			fovh = 20,
			hvaspect = 1.85,
			nearplane = 0.3,
			farplane = 4000
		}
	},

	{
		entity_name = "Zs/NPC/mTable4/03/ACS/Camera",
		type = CAMERA,
		template_name = "",
		lt_grp = 0, srt_grp = 0, usr_flg = 0,
		flags = HIDDEN,
		spatialprops =
		{
			pos = { 1.930425, 1.421506, 4.402899 },
			orient = { { -0.617258,  0.000000,  0.786760 },
					   {  0.148922,  0.981922,  0.116838 },
					   { -0.772538,  0.189285, -0.606100 } }
		},
		cameraprops =
		{
			fovh = 20,
			hvaspect = 1.85,
			nearplane = 0.3,
			farplane = 4000
		}
	},

	{
		entity_name = "Zs/NPC/mTable4/03/ACU/Camera",
		type = CAMERA,
		template_name = "",
		lt_grp = 0, srt_grp = 0, usr_flg = 0,
		flags = HIDDEN,
		spatialprops =
		{
			pos = { 2.58072, 1.365332, 4.767779 },
			orient = { { -0.614210,  0.000000,  0.789143 },
					   {  0.132180,  0.985872,  0.102879 },
					   { -0.777994,  0.167499, -0.605533 } }
		},
		cameraprops =
		{
			fovh = 20,
			hvaspect = 1.85,
			nearplane = 0.3,
			farplane = 4000
		}
	},

	{
		entity_name = "Zs/NPC/mTable4/03/PC2/Camera",
		type = CAMERA,
		template_name = "",
		lt_grp = 0, srt_grp = 0, usr_flg = 0,
		flags = HIDDEN,
		spatialprops =
		{
			pos = { 4.122585, 1.616168, 3.489489 },
			orient = { { -0.714060,  0.000000, -0.700084 },
					   { -0.137964,  0.980390,  0.140718 },
					   {  0.686356,  0.197068, -0.700057 } }
		},
		cameraprops =
		{
			fovh = 30,
			hvaspect = 1.85,
			nearplane = 0.3,
			farplane = 4000
		}
	},

	{
		entity_name = "Zs/NPC/mTable4/03/PCO/Camera",
		type = CAMERA,
		template_name = "",
		lt_grp = 0, srt_grp = 0, usr_flg = 0,
		flags = HIDDEN,
		spatialprops =
		{
			pos = { 3.990183, 1.159934, 5.121787 },
			orient = { { -0.005750,  0.000000, -0.999983 },
					   {  0.097995,  0.995187, -0.000564 },
					   {  0.995170, -0.097997, -0.005723 } }
		},
		cameraprops =
		{
			fovh = 20,
			hvaspect = 1.85,
			nearplane = 0.3,
			farplane = 4000
		}
	},

	{
		entity_name = "Zs/NPC/mTable4/03/PCS/Camera",
		type = CAMERA,
		template_name = "",
		lt_grp = 0, srt_grp = 0, usr_flg = 0,
		flags = HIDDEN,
		spatialprops =
		{
			pos = { 3.305978, 1.436171, 4.810916 },
			orient = { { -0.076170,  0.000000, -0.997095 },
					   {  0.052341,  0.998621, -0.003998 },
					   {  0.995720, -0.052494, -0.076065 } }
		},
		cameraprops =
		{
			fovh = 20,
			hvaspect = 1.85,
			nearplane = 0.3,
			farplane = 4000
		}
	},

	{
		entity_name = "Zs/NPC/mTable4/03/PCU/Camera",
		type = CAMERA,
		template_name = "",
		lt_grp = 0, srt_grp = 0, usr_flg = 0,
		flags = HIDDEN,
		spatialprops =
		{
			pos = { 2.627376, 1.537575, 4.745042 },
			orient = { { -0.067284,  0.000000, -0.997734 },
					   {  0.112989,  0.993567, -0.007620 },
					   {  0.991315, -0.113246, -0.066852 } }
		},
		cameraprops =
		{
			fovh = 20,
			hvaspect = 1.85,
			nearplane = 0.3,
			farplane = 4000
		}
	},

	{
		entity_name = "Zs/NPC/mTable4/03/TCI/Camera",
		type = CAMERA,
		template_name = "",
		lt_grp = 0, srt_grp = 0, usr_flg = 0,
		flags = HIDDEN,
		spatialprops =
		{
			pos = { 1.765688, 1.924698, 4.627536 },
			orient = { { -0.443382,  0.000000,  0.896333 },
					   {  0.621470,  0.720604,  0.307418 },
					   { -0.645901,  0.693347, -0.319503 } }
		},
		cameraprops =
		{
			fovh = 15,
			hvaspect = 1.85,
			nearplane = 0.3,
			farplane = 4000
		}
	},

	{
		entity_name = "Zs/NPC/mTable4/03/WFC/Camera",
		type = CAMERA,
		template_name = "",
		lt_grp = 0, srt_grp = 0, usr_flg = 0,
		flags = HIDDEN,
		spatialprops =
		{
			pos = { 6.469412, 5.139484, -5.733651 },
			orient = { { -0.935817,  0.000000, -0.352485 },
					   { -0.140806,  0.916747,  0.373829 },
					   {  0.323140,  0.399467, -0.857908 } }
		},
		cameraprops =
		{
			fovh = 30,
			hvaspect = 1.85,
			nearplane = 0.3,
			farplane = 4000
		}
	},

	{
		entity_name = "Zs/NPC/mTable4/04/AC2/Camera",
		type = CAMERA,
		template_name = "",
		lt_grp = 0, srt_grp = 0, usr_flg = 0,
		flags = HIDDEN,
		spatialprops =
		{
			pos = { 2.11544, 1.663977, 0.432637 },
			orient = { { -0.988676,  0.000000,  0.150066 },
					   {  0.028055,  0.982369,  0.184833 },
					   { -0.147420,  0.186950, -0.971245 } }
		},
		cameraprops =
		{
			fovh = 30,
			hvaspect = 1.85,
			nearplane = 0.3,
			farplane = 4000
		}
	},

	{
		entity_name = "Zs/NPC/mTable4/04/ACOH/Camera",
		type = CAMERA,
		template_name = "",
		lt_grp = 0, srt_grp = 0, usr_flg = 0,
		flags = HIDDEN,
		spatialprops =
		{
			pos = { 1.441546, 1.922521, 1.523154 },
			orient = { { -0.688752,  0.000000,  0.724997 },
					   {  0.293015,  0.914688,  0.278366 },
					   { -0.663146,  0.404160, -0.629993 } }
		},
		cameraprops =
		{
			fovh = 20,
			hvaspect = 1.85,
			nearplane = 0.3,
			farplane = 4000
		}
	},

	{
		entity_name = "Zs/NPC/mTable4/04/ACS/Camera",
		type = CAMERA,
		template_name = "",
		lt_grp = 0, srt_grp = 0, usr_flg = 0,
		flags = HIDDEN,
		spatialprops =
		{
			pos = { 2.060526, 1.4172, 1.901905 },
			orient = { { -0.651545,  0.000000,  0.758610 },
					   {  0.150068,  0.980238,  0.128889 },
					   { -0.743619,  0.197820, -0.638669 } }
		},
		cameraprops =
		{
			fovh = 20,
			hvaspect = 1.85,
			nearplane = 0.3,
			farplane = 4000
		}
	},

	{
		entity_name = "Zs/NPC/mTable4/04/ACU/Camera",
		type = CAMERA,
		template_name = "",
		lt_grp = 0, srt_grp = 0, usr_flg = 0,
		flags = HIDDEN,
		spatialprops =
		{
			pos = { 2.634429, 1.361917, 2.202435 },
			orient = { { -0.675013,  0.000000,  0.737806 },
					   {  0.120434,  0.986588,  0.110184 },
					   { -0.727910,  0.163233, -0.665959 } }
		},
		cameraprops =
		{
			fovh = 20,
			hvaspect = 1.85,
			nearplane = 0.3,
			farplane = 4000
		}
	},

	{
		entity_name = "Zs/NPC/mTable4/04/PC2/Camera",
		type = CAMERA,
		template_name = "",
		lt_grp = 0, srt_grp = 0, usr_flg = 0,
		flags = HIDDEN,
		spatialprops =
		{
			pos = { 3.833233, 1.68243, 0.79004 },
			orient = { { -0.804259,  0.000000, -0.594278 },
					   { -0.132389,  0.974871,  0.179167 },
					   {  0.579345,  0.222772, -0.784049 } }
		},
		cameraprops =
		{
			fovh = 30,
			hvaspect = 1.85,
			nearplane = 0.3,
			farplane = 4000
		}
	},

	{
		entity_name = "Zs/NPC/mTable4/04/PCO/Camera",
		type = CAMERA,
		template_name = "",
		lt_grp = 0, srt_grp = 0, usr_flg = 0,
		flags = HIDDEN,
		spatialprops =
		{
			pos = { 3.97749, 1.142488, 2.672291 },
			orient = { {  0.087340,  0.000000, -0.996179 },
					   {  0.114776,  0.993340,  0.010063 },
					   {  0.989544, -0.115216,  0.086758 } }
		},
		cameraprops =
		{
			fovh = 20,
			hvaspect = 1.85,
			nearplane = 0.3,
			farplane = 4000
		}
	},

	{
		entity_name = "Zs/NPC/mTable4/04/PCS/Camera",
		type = CAMERA,
		template_name = "",
		lt_grp = 0, srt_grp = 0, usr_flg = 0,
		flags = HIDDEN,
		spatialprops =
		{
			pos = { 3.287359, 1.39181, 2.298669 },
			orient = { {  0.015823,  0.000000, -0.999875 },
					   {  0.100276,  0.994958,  0.001587 },
					   {  0.994834, -0.100288,  0.015743 } }
		},
		cameraprops =
		{
			fovh = 20,
			hvaspect = 1.85,
			nearplane = 0.3,
			farplane = 4000
		}
	},

	{
		entity_name = "Zs/NPC/mTable4/04/PCU/Camera",
		type = CAMERA,
		template_name = "",
		lt_grp = 0, srt_grp = 0, usr_flg = 0,
		flags = HIDDEN,
		spatialprops =
		{
			pos = { 2.694545, 1.503182, 2.190655 },
			orient = { {  0.033530,  0.000000, -0.999438 },
					   {  0.152092,  0.988353,  0.005102 },
					   {  0.987797, -0.152178,  0.033139 } }
		},
		cameraprops =
		{
			fovh = 20,
			hvaspect = 1.85,
			nearplane = 0.3,
			farplane = 4000
		}
	},

	{
		entity_name = "Zs/NPC/mTable4/04/TCI/Camera",
		type = CAMERA,
		template_name = "",
		lt_grp = 0, srt_grp = 0, usr_flg = 0,
		flags = HIDDEN,
		spatialprops =
		{
			pos = { 1.948859, 1.767592, 2.012161 },
			orient = { { -0.551487,  0.000000,  0.834184 },
					   {  0.564514,  0.736234,  0.373206 },
					   { -0.614155,  0.676727, -0.406023 } }
		},
		cameraprops =
		{
			fovh = 15,
			hvaspect = 1.85,
			nearplane = 0.3,
			farplane = 4000
		}
	},

	{
		entity_name = "Zs/NPC/mTable4/04/WFC/Camera",
		type = CAMERA,
		template_name = "",
		lt_grp = 0, srt_grp = 0, usr_flg = 0,
		flags = HIDDEN,
		spatialprops =
		{
			pos = { 3.409745, 7.049004, 0.663983 },
			orient = { { -0.717768, -0.200197, -0.666880 },
					   { -0.689266,  0.339920,  0.639818 },
					   {  0.098597,  0.918899, -0.381973 } }
		},
		cameraprops =
		{
			fovh = 30,
			hvaspect = 1.85,
			nearplane = 0.3,
			farplane = 4000
		}
	},

	{
		entity_name = "Zs/NPC/mFloor2/01/AC2/Camera",
		type = CAMERA,
		template_name = "",
		lt_grp = 0, srt_grp = 0, usr_flg = 0,
		flags = HIDDEN,
		spatialprops =
		{
			pos = { -3.595041, 1.682107, 5.144666 },
			orient = { { -0.965250,  0.000000,  0.261327 },
					   {  0.049680,  0.981764,  0.183500 },
					   { -0.256562,  0.190106, -0.947648 } }
		},
		cameraprops =
		{
			fovh = 30,
			hvaspect = 1.85,
			nearplane = 0.3,
			farplane = 4000
		}
	},

	{
		entity_name = "Zs/NPC/mFloor2/01/ACOH/Camera",
		type = CAMERA,
		template_name = "",
		lt_grp = 0, srt_grp = 0, usr_flg = 0,
		flags = HIDDEN,
		spatialprops =
		{
			pos = { -2.656811, 1.74003, 5.888529 },
			orient = { { -0.880133,  0.000000, -0.474727 },
					   { -0.082579,  0.984754,  0.153100 },
					   {  0.467490,  0.173951, -0.866715 } }
		},
		cameraprops =
		{
			fovh = 25,
			hvaspect = 1.85,
			nearplane = 0.3,
			farplane = 4000
		}
	},

	{
		entity_name = "Zs/NPC/mFloor2/01/ACS/Camera",
		type = CAMERA,
		template_name = "",
		lt_grp = 0, srt_grp = 0, usr_flg = 0,
		flags = HIDDEN,
		spatialprops =
		{
			pos = { -2.870062, 1.680077, 6.170918 },
			orient = { { -0.829956,  0.000000, -0.557829 },
					   { -0.062169,  0.993770,  0.092497 },
					   {  0.554354,  0.111449, -0.824785 } }
		},
		cameraprops =
		{
			fovh = 25,
			hvaspect = 1.85,
			nearplane = 0.3,
			farplane = 4000
		}
	},

	{
		entity_name = "Zs/NPC/mFloor2/01/ACU/Camera",
		type = CAMERA,
		template_name = "",
		lt_grp = 0, srt_grp = 0, usr_flg = 0,
		flags = HIDDEN,
		spatialprops =
		{
			pos = { -3.199607, 1.672585, 6.476607 },
			orient = { { -0.826883,  0.000000, -0.562374 },
					   { -0.021014,  0.999302,  0.030898 },
					   {  0.561981,  0.037366, -0.826306 } }
		},
		cameraprops =
		{
			fovh = 25,
			hvaspect = 1.85,
			nearplane = 0.3,
			farplane = 4000
		}
	},

	{
		entity_name = "Zs/NPC/mFloor2/01/PC2/Camera",
		type = CAMERA,
		template_name = "",
		lt_grp = 0, srt_grp = 0, usr_flg = 0,
		flags = HIDDEN,
		spatialprops =
		{
			pos = { -4.606051, 1.826693, 6.164626 },
			orient = { { -0.449526,  0.000000,  0.893267 },
					   {  0.243150,  0.962240,  0.122362 },
					   { -0.859537,  0.272203, -0.432552 } }
		},
		cameraprops =
		{
			fovh = 30,
			hvaspect = 1.85,
			nearplane = 0.3,
			farplane = 4000
		}
	},

	{
		entity_name = "Zs/NPC/mFloor2/01/PCO/Camera",
		type = CAMERA,
		template_name = "",
		lt_grp = 0, srt_grp = 0, usr_flg = 0,
		flags = HIDDEN,
		spatialprops =
		{
			pos = { -4.224778, 1.740337, 6.997961 },
			orient = { {  0.153877,  0.000000,  0.988090 },
					   {  0.176835,  0.983855, -0.027539 },
					   { -0.972138,  0.178966,  0.151392 } }
		},
		cameraprops =
		{
			fovh = 25,
			hvaspect = 1.85,
			nearplane = 0.3,
			farplane = 4000
		}
	},

	{
		entity_name = "Zs/NPC/mFloor2/01/PCS/Camera",
		type = CAMERA,
		template_name = "",
		lt_grp = 0, srt_grp = 0, usr_flg = 0,
		flags = HIDDEN,
		spatialprops =
		{
			pos = { -3.830308, 1.656958, 6.895103 },
			orient = { {  0.262859,  0.000000,  0.964834 },
					   {  0.083379,  0.996259, -0.022716 },
					   { -0.961225,  0.086418,  0.261876 } }
		},
		cameraprops =
		{
			fovh = 25,
			hvaspect = 1.85,
			nearplane = 0.3,
			farplane = 4000
		}
	},

	{
		entity_name = "Zs/NPC/mFloor2/01/PCU/Camera",
		type = CAMERA,
		template_name = "",
		lt_grp = 0, srt_grp = 0, usr_flg = 0,
		flags = HIDDEN,
		spatialprops =
		{
			pos = { -3.49587, 1.717637, 6.685935 },
			orient = { {  0.226835,  0.000000,  0.973933 },
					   {  0.101023,  0.994606, -0.023529 },
					   { -0.968680,  0.103727,  0.225612 } }
		},
		cameraprops =
		{
			fovh = 25,
			hvaspect = 1.85,
			nearplane = 0.3,
			farplane = 4000
		}
	},

	{
		entity_name = "Zs/NPC/mFloor2/01/TCI/Camera",
		type = CAMERA,
		template_name = "",
		lt_grp = 0, srt_grp = 0, usr_flg = 0,
		flags = HIDDEN,
		spatialprops =
		{
			pos = { -2.960315, 1.647598, 5.973683 },
			orient = { { -0.885185,  0.000000, -0.465238 },
					   { -0.229445,  0.869929,  0.436554 },
					   {  0.404724,  0.493177, -0.770048 } }
		},
		cameraprops =
		{
			fovh = 15,
			hvaspect = 1.85,
			nearplane = 0.3,
			farplane = 4000
		}
	},

	{
		entity_name = "Zs/NPC/mFloor2/01/WFC/Camera",
		type = CAMERA,
		template_name = "",
		lt_grp = 0, srt_grp = 0, usr_flg = 0,
		flags = HIDDEN,
		spatialprops =
		{
			pos = { -3.25331, 1.487665, -3.491117 },
			orient = { { -0.982741,  0.184485,  0.013646 },
					   {  0.184814,  0.982346,  0.028987 },
					   { -0.008057,  0.031008, -0.999487 } }
		},
		cameraprops =
		{
			fovh = 30,
			hvaspect = 1.85,
			nearplane = 0.3,
			farplane = 4000
		}
	},

	{
		entity_name = "Zs/NPC/mTable2/01/AC2/Camera",
		type = CAMERA,
		template_name = "",
		lt_grp = 0, srt_grp = 0, usr_flg = 0,
		flags = HIDDEN,
		spatialprops =
		{
			pos = { 4.888348, 1.721212, -2.210121 },
			orient = { { -0.862178,  0.000000,  0.506606 },
					   {  0.116272,  0.973306,  0.197880 },
					   { -0.493082,  0.229512, -0.839163 } }
		},
		cameraprops =
		{
			fovh = 30,
			hvaspect = 1.85,
			nearplane = 0.3,
			farplane = 4000
		}
	},

	{
		entity_name = "Zs/NPC/mTable2/01/ACOH/Camera",
		type = CAMERA,
		template_name = "",
		lt_grp = 0, srt_grp = 0, usr_flg = 0,
		flags = HIDDEN,
		spatialprops =
		{
			pos = { 4.734365, 1.903514, -0.185371 },
			orient = { { -0.070397,  0.000000,  0.997519 },
					   {  0.396450,  0.917630,  0.027978 },
					   { -0.915353,  0.397436, -0.064598 } }
		},
		cameraprops =
		{
			fovh = 20,
			hvaspect = 1.85,
			nearplane = 0.3,
			farplane = 4000
		}
	},

	{
		entity_name = "Zs/NPC/mTable2/01/ACOL/Camera",
		type = CAMERA,
		template_name = "",
		lt_grp = 0, srt_grp = 0, usr_flg = 0,
		flags = HIDDEN,
		spatialprops =
		{
			pos = { 4.491073, 1.443012, -0.518419 },
			orient = { { -0.205709,  0.000000,  0.978613 },
					   {  0.190772,  0.980815,  0.040101 },
					   { -0.959838,  0.194941, -0.201763 } }
		},
		cameraprops =
		{
			fovh = 20,
			hvaspect = 1.85,
			nearplane = 0.3,
			farplane = 4000
		}
	},

	{
		entity_name = "Zs/NPC/mTable2/01/ACS/Camera",
		type = CAMERA,
		template_name = "",
		lt_grp = 0, srt_grp = 0, usr_flg = 0,
		flags = HIDDEN,
		spatialprops =
		{
			pos = { 5.310473, 1.379745, -0.553317 },
			orient = { { -0.167995,  0.000000,  0.985788 },
					   {  0.167635,  0.985435,  0.028568 },
					   { -0.971430,  0.170052, -0.165549 } }
		},
		cameraprops =
		{
			fovh = 20,
			hvaspect = 1.85,
			nearplane = 0.3,
			farplane = 4000
		}
	},

	{
		entity_name = "Zs/NPC/mTable2/01/ACU/Camera",
		type = CAMERA,
		template_name = "",
		lt_grp = 0, srt_grp = 0, usr_flg = 0,
		flags = HIDDEN,
		spatialprops =
		{
			pos = { 5.960603, 1.427618, -0.488139 },
			orient = { { -0.085064,  0.000000,  0.996376 },
					   {  0.211945,  0.977114,  0.018094 },
					   { -0.973572,  0.212716, -0.083117 } }
		},
		cameraprops =
		{
			fovh = 20,
			hvaspect = 1.85,
			nearplane = 0.3,
			farplane = 4000
		}
	},

	{
		entity_name = "Zs/NPC/mTable2/01/PC2/Camera",
		type = CAMERA,
		template_name = "",
		lt_grp = 0, srt_grp = 0, usr_flg = 0,
		flags = HIDDEN,
		spatialprops =
		{
			pos = { 7.068968, 1.351269, -1.859877 },
			orient = { { -0.905213,  0.000000, -0.424957 },
					   { -0.032530,  0.997066,  0.069294 },
					   {  0.423710,  0.076550, -0.902557 } }
		},
		cameraprops =
		{
			fovh = 30,
			hvaspect = 1.85,
			nearplane = 0.3,
			farplane = 4000
		}
	},

	{
		entity_name = "Zs/NPC/mTable2/01/PCO/Camera",
		type = CAMERA,
		template_name = "",
		lt_grp = 0, srt_grp = 0, usr_flg = 0,
		flags = HIDDEN,
		spatialprops =
		{
			pos = { 7.391409, 1.205673, -0.949338 },
			orient = { { -0.584800,  0.000000, -0.811177 },
					   {  0.066756,  0.996608, -0.048127 },
					   {  0.808426, -0.082296, -0.582817 } }
		},
		cameraprops =
		{
			fovh = 20,
			hvaspect = 1.85,
			nearplane = 0.3,
			farplane = 4000
		}
	},

	{
		entity_name = "Zs/NPC/mTable2/01/PCS/Camera",
		type = CAMERA,
		template_name = "",
		lt_grp = 0, srt_grp = 0, usr_flg = 0,
		flags = HIDDEN,
		spatialprops =
		{
			pos = { 6.612519, 1.537964, -0.906796 },
			orient = { { -0.649016,  0.000000, -0.760775 },
					   { -0.010025,  0.999913,  0.008552 },
					   {  0.760709,  0.013177, -0.648960 } }
		},
		cameraprops =
		{
			fovh = 20,
			hvaspect = 1.85,
			nearplane = 0.3,
			farplane = 4000
		}
	},

	{
		entity_name = "Zs/NPC/mTable2/01/PCU/Camera",
		type = CAMERA,
		template_name = "",
		lt_grp = 0, srt_grp = 0, usr_flg = 0,
		flags = HIDDEN,
		spatialprops =
		{
			pos = { 6.097773, 1.593033, -0.523229 },
			orient = { { -0.615636,  0.000000, -0.788031 },
					   {  0.037712,  0.998854, -0.029462 },
					   {  0.787128, -0.047856, -0.614930 } }
		},
		cameraprops =
		{
			fovh = 20,
			hvaspect = 1.85,
			nearplane = 0.3,
			farplane = 4000
		}
	},

	{
		entity_name = "Zs/NPC/mTable2/01/TCI/Camera",
		type = CAMERA,
		template_name = "",
		lt_grp = 0, srt_grp = 0, usr_flg = 0,
		flags = HIDDEN,
		spatialprops =
		{
			pos = { 5.085952, 1.784869, -0.217155 },
			orient = { { -0.005809,  0.000000,  0.999983 },
					   {  0.593477,  0.804843,  0.003448 },
					   { -0.804830,  0.593487, -0.004675 } }
		},
		cameraprops =
		{
			fovh = 15,
			hvaspect = 1.85,
			nearplane = 0.3,
			farplane = 4000
		}
	},

	{
		entity_name = "Zs/NPC/mTable2/01/WFC/Camera",
		type = CAMERA,
		template_name = "",
		lt_grp = 0, srt_grp = 0, usr_flg = 0,
		flags = HIDDEN,
		spatialprops =
		{
			pos = { 5.761634, 7.283486, -1.796266 },
			orient = { { -0.883093,  0.000000,  0.469198 },
					   {  0.447044,  0.303649,  0.841397 },
					   { -0.142471,  0.952784, -0.268150 } }
		},
		cameraprops =
		{
			fovh = 30,
			hvaspect = 1.85,
			nearplane = 0.3,
			farplane = 4000
		}
	},

	{
		entity_name = "Zs/NPC/mTable2/02/AC2/Camera",
		type = CAMERA,
		template_name = "",
		lt_grp = 0, srt_grp = 0, usr_flg = 0,
		flags = HIDDEN,
		spatialprops =
		{
			pos = { 6.957241, 1.849853, 3.639904 },
			orient = { { -0.841661,  0.000000, -0.540006 },
					   { -0.152516,  0.959287,  0.237714 },
					   {  0.518021,  0.282434, -0.807394 } }
		},
		cameraprops =
		{
			fovh = 30,
			hvaspect = 1.85,
			nearplane = 0.3,
			farplane = 4000
		}
	},

	{
		entity_name = "Zs/NPC/mTable2/02/ACOH/Camera",
		type = CAMERA,
		template_name = "",
		lt_grp = 0, srt_grp = 0, usr_flg = 0,
		flags = HIDDEN,
		spatialprops =
		{
			pos = { 5.051679, 1.953892, 4.35822 },
			orient = { { -0.881691,  0.000000,  0.471827 },
					   {  0.208700,  0.896856,  0.389993 },
					   { -0.423160,  0.442323, -0.790750 } }
		},
		cameraprops =
		{
			fovh = 20,
			hvaspect = 1.85,
			nearplane = 0.3,
			farplane = 4000
		}
	},

	{
		entity_name = "Zs/NPC/mTable2/02/ACOL/Camera",
		type = CAMERA,
		template_name = "",
		lt_grp = 0, srt_grp = 0, usr_flg = 0,
		flags = HIDDEN,
		spatialprops =
		{
			pos = { 5.240648, 1.406989, 3.837642 },
			orient = { { -0.948302,  0.000000,  0.317371 },
					   {  0.059440,  0.982305,  0.177607 },
					   { -0.311755,  0.187290, -0.931521 } }
		},
		cameraprops =
		{
			fovh = 20,
			hvaspect = 1.85,
			nearplane = 0.3,
			farplane = 4000
		}
	},

	{
		entity_name = "Zs/NPC/mTable2/02/ACS/Camera",
		type = CAMERA,
		template_name = "",
		lt_grp = 0, srt_grp = 0, usr_flg = 0,
		flags = HIDDEN,
		spatialprops =
		{
			pos = { 5.581077, 1.416329, 4.63129 },
			orient = { { -0.913362,  0.000000,  0.407149 },
					   {  0.078647,  0.981166,  0.176429 },
					   { -0.399481,  0.193165, -0.896160 } }
		},
		cameraprops =
		{
			fovh = 20,
			hvaspect = 1.85,
			nearplane = 0.3,
			farplane = 4000
		}
	},

	{
		entity_name = "Zs/NPC/mTable2/02/ACU/Camera",
		type = CAMERA,
		template_name = "",
		lt_grp = 0, srt_grp = 0, usr_flg = 0,
		flags = HIDDEN,
		spatialprops =
		{
			pos = { 5.909571, 1.396982, 5.182949 },
			orient = { { -0.894614,  0.000000,  0.446839 },
					   {  0.090120,  0.979451,  0.180429 },
					   { -0.437657,  0.201683, -0.876231 } }
		},
		cameraprops =
		{
			fovh = 20,
			hvaspect = 1.85,
			nearplane = 0.3,
			farplane = 4000
		}
	},

	{
		entity_name = "Zs/NPC/mTable2/02/PC2/Camera",
		type = CAMERA,
		template_name = "",
		lt_grp = 0, srt_grp = 0, usr_flg = 0,
		flags = HIDDEN,
		spatialprops =
		{
			pos = { 7.556315, 1.307113, 5.171459 },
			orient = { { -0.227601,  0.000000, -0.973754 },
					   { -0.057170,  0.998275,  0.013363 },
					   {  0.972075,  0.058711, -0.227209 } }
		},
		cameraprops =
		{
			fovh = 30,
			hvaspect = 1.85,
			nearplane = 0.3,
			farplane = 4000
		}
	},

	{
		entity_name = "Zs/NPC/mTable2/02/PCO/Camera",
		type = CAMERA,
		template_name = "",
		lt_grp = 0, srt_grp = 0, usr_flg = 0,
		flags = HIDDEN,
		spatialprops =
		{
			pos = { 7.027568, 1.17758, 6.035353 },
			orient = { {  0.364358,  0.000000, -0.931259 },
					   {  0.104084,  0.993734,  0.040723 },
					   {  0.925424, -0.111767,  0.362075 } }
		},
		cameraprops =
		{
			fovh = 20,
			hvaspect = 1.85,
			nearplane = 0.3,
			farplane = 4000
		}
	},

	{
		entity_name = "Zs/NPC/mTable2/02/PCS/Camera",
		type = CAMERA,
		template_name = "",
		lt_grp = 0, srt_grp = 0, usr_flg = 0,
		flags = HIDDEN,
		spatialprops =
		{
			pos = { 6.55118, 1.540167, 5.585483 },
			orient = { {  0.341452,  0.000000, -0.939899 },
					   { -0.000308,  1.000000, -0.000112 },
					   {  0.939899,  0.000327,  0.341452 } }
		},
		cameraprops =
		{
			fovh = 20,
			hvaspect = 1.85,
			nearplane = 0.3,
			farplane = 4000
		}
	},

	{
		entity_name = "Zs/NPC/mTable2/02/PCU/Camera",
		type = CAMERA,
		template_name = "",
		lt_grp = 0, srt_grp = 0, usr_flg = 0,
		flags = HIDDEN,
		spatialprops =
		{
			pos = { 6.043588, 1.562549, 5.270724 },
			orient = { {  0.295225,  0.000000, -0.955428 },
					   {  0.081467,  0.996358,  0.025173 },
					   {  0.951948, -0.085268,  0.294149 } }
		},
		cameraprops =
		{
			fovh = 20,
			hvaspect = 1.85,
			nearplane = 0.3,
			farplane = 4000
		}
	},

	{
		entity_name = "Zs/NPC/mTable2/02/TCI/Camera",
		type = CAMERA,
		template_name = "",
		lt_grp = 0, srt_grp = 0, usr_flg = 0,
		flags = HIDDEN,
		spatialprops =
		{
			pos = { 5.049551, 1.659274, 5.063624 },
			orient = { { -0.611849,  0.000000,  0.790975 },
					   {  0.486625,  0.788353,  0.376423 },
					   { -0.623568,  0.615223, -0.482353 } }
		},
		cameraprops =
		{
			fovh = 15,
			hvaspect = 1.85,
			nearplane = 0.3,
			farplane = 4000
		}
	},

	{
		entity_name = "Zs/NPC/mTable2/02/WFC/Camera",
		type = CAMERA,
		template_name = "",
		lt_grp = 0, srt_grp = 0, usr_flg = 0,
		flags = HIDDEN,
		spatialprops =
		{
			pos = { 3.291407, 10.91134, 1.147097 },
			orient = { { -0.999946,  0.000000, -0.010418 },
					   { -0.008942,  0.513095,  0.858285 },
					   {  0.005345,  0.858332, -0.513067 } }
		},
		cameraprops =
		{
			fovh = 30,
			hvaspect = 1.85,
			nearplane = 0.3,
			farplane = 4000
		}
	},

	{
		entity_name = "Zs/NPC/mTable2/01/P2/Stand",
		type = MARKER,
		template_name = "",
		lt_grp = 0, srt_grp = 0, usr_flg = 0,
		spatialprops =
		{
			pos = { 5.27542, 0, 0.008077 },
			orient = { {  0.491286,  0.000000,  0.870998 },
					   {  0.000000,  1.000000,  0.000000 },
					   { -0.870998,  0.000000,  0.491286 } }
		}
	},

	{
		entity_name = "Zs/NPC/mTable2/01/P/Stand",
		type = MARKER,
		template_name = "",
		lt_grp = 0, srt_grp = 0, usr_flg = 0,
		spatialprops =
		{
			pos = { 4.849056, -0.0054, 0.294951 },
			orient = { {  0.491286,  0.000000,  0.870998 },
					   {  0.000000,  1.000000,  0.000000 },
					   { -0.870998,  0.000000,  0.491286 } }
		}
	},

	{
		entity_name = "Zs/NPC/mTable2/02/P2/Stand",
		type = MARKER,
		template_name = "",
		lt_grp = 0, srt_grp = 0, usr_flg = 0,
		spatialprops =
		{
			pos = { 5.164001, 0, 4.887124 },
			orient = { { -0.802767,  0.000000,  0.596293 },
					   {  0.000000,  1.000000,  0.000000 },
					   { -0.596293,  0.000000, -0.802767 } }
		}
	},

	{
		entity_name = "Zs/NPC/mTable2/02/P/Stand",
		type = MARKER,
		template_name = "",
		lt_grp = 0, srt_grp = 0, usr_flg = 0,
		spatialprops =
		{
			pos = { 4.826088, -0.0054, 4.499957 },
			orient = { { -0.802767,  0.000000,  0.596293 },
					   {  0.000000,  1.000000,  0.000000 },
					   { -0.596293,  0.000000, -0.802767 } }
		}
	},

	{
		entity_name = "Zs/NPC/mTable4/05/P2/Stand",
		type = MARKER,
		template_name = "",
		lt_grp = 0, srt_grp = 0, usr_flg = 0,
		spatialprops =
		{
			pos = { 1.740296, 0, -2.844397 },
			orient = { { -0.141020,  0.000000,  0.990007 },
					   {  0.000000,  1.000000,  0.000000 },
					   { -0.990007,  0.000000, -0.141020 } }
		}
	},

	{
		entity_name = "Zs/NPC/mTable4/05/P/Stand",
		type = MARKER,
		template_name = "",
		lt_grp = 0, srt_grp = 0, usr_flg = 0,
		spatialprops =
		{
			pos = { 1.227418, -0.0054, -2.876646 },
			orient = { { -0.141020,  0.000000,  0.990007 },
					   {  0.000000,  1.000000,  0.000000 },
					   { -0.990007,  0.000000, -0.141020 } }
		}
	},

	{
		entity_name = "Zs/NPC/mTable4/03/P2/Stand",
		type = MARKER,
		template_name = "",
		lt_grp = 0, srt_grp = 0, usr_flg = 0,
		spatialprops =
		{
			pos = { 1.671464, 0, 4.712431 },
			orient = { { -0.299825,  0.000000,  0.953994 },
					   {  0.000000,  1.000000,  0.000000 },
					   { -0.953994,  0.000000, -0.299825 } }
		}
	},

	{
		entity_name = "Zs/NPC/mTable4/03/P/Stand",
		type = MARKER,
		template_name = "",
		lt_grp = 0, srt_grp = 0, usr_flg = 0,
		spatialprops =
		{
			pos = { 1.17062, -0.0054, 4.597372 },
			orient = { { -0.299825,  0.000000,  0.953994 },
					   {  0.000000,  1.000000,  0.000000 },
					   { -0.953994,  0.000000, -0.299825 } }
		}
	},

	{
		entity_name = "Zs/NPC/mTable4/04/P2/Stand",
		type = MARKER,
		template_name = "",
		lt_grp = 0, srt_grp = 0, usr_flg = 0,
		spatialprops =
		{
