duration = 9000.000;

entities =
{

	{
		entity_name = "Layer_Li_02_Cityscape_Hardpoint",
		type = SCENE,
		template_name = "",
		lt_grp = 0, srt_grp = 0, usr_flg = 0,
		spatialprops =
		{
			pos = { 0, 0, 0 },
			orient = { { 1, 0, 0 }, { 0, 1, 0 }, { 0, 0, 1 } }
		},
		up = Y_AXIS,
		front = Z_AXIS,
		ambient = { 0, 0, 0 }
	},

	{
		entity_name = "SET_li_02_Cityscape",
		type = COMPOUND,
		template_name = "li_02_cityscape",
		lt_grp = 9, srt_grp = 0, usr_flg = 0,
		flags = LIT_DYNAMIC,
		spatialprops =
		{
			pos = { 0, 0, 0 },
			orient = { { 1, 0, 0 }, { 0, 1, 0 }, { 0, 0, 1 } }
		},
		userprops =
		{
			category = "Room",
		}
	},

	{
		entity_name = "Camera_0_RF",
		type = CAMERA,
		template_name = "",
		lt_grp = 0, srt_grp = 0, usr_flg = 0,
		spatialprops =
		{
			pos = { 11.0871, 24.37771, 180.6319 },
			orient = { {  0.999820,  0.000000, -0.018978 },
					   {  0.001793,  0.995527,  0.094462 },
					   {  0.018893, -0.094479,  0.995348 } }
		},
		cameraprops =
		{
			fovh = 25,
			hvaspect = 1.333333,
			nearplane = 10,
			farplane = 4000
		}
	},

	{
		entity_name = "X/Shipcentre/01",
		type = MARKER,
		template_name = "",
		lt_grp = 0, srt_grp = 0, usr_flg = 0,
		spatialprops =
		{
			pos = { -0.606587, 0.892085, -10.25865 },
			orient = { { -0.925058,  0.000000, -0.379827 },
					   {  0.000000,  1.000000,  0.000000 },
					   {  0.379827,  0.000000, -0.925058 } }
		}
	},

	{
		entity_name = "Zg/PC/Player/01/A/Stand",
		type = MARKER,
		template_name = "",
		lt_grp = 0, srt_grp = 0, usr_flg = 0,
		spatialprops =
		{
			pos = { 8.602575, 0.887631, -35.70018 },
			orient = { { -0.867768,  0.000000, -0.496970 },
					   {  0.000000,  1.000000,  0.000000 },
					   {  0.496970,  0.000000, -0.867768 } }
		}
	},

	{
		entity_name = "Cam_Ex_Trade_Zin",
		type = CAMERA,
		template_name = "",
		lt_grp = 0, srt_grp = 0, usr_flg = 0,
		spatialprops =
		{
			pos = { 10.37994, 10.8312, 51.66255 },
			orient = { {  0.999965,  0.000000,  0.008399 },
					   { -0.001168,  0.990283,  0.139065 },
					   { -0.008317, -0.139070,  0.990248 } }
		},
		cameraprops =
		{
			fovh = 22,
			hvaspect = 1.85,
			nearplane = 30,
			farplane = 4000
		}
	},

	{
		entity_name = "Cam_Ex_Bar_Zin",
		type = CAMERA,
		template_name = "",
		lt_grp = 0, srt_grp = 0, usr_flg = 0,
		spatialprops =
		{
			pos = { -36.5, 46.43316, 25.38686 },
			orient = { {  0.999896,  0.000000, -0.014456 },
					   {  0.001573,  0.994063,  0.108795 },
					   {  0.014370, -0.108807,  0.993959 } }
		},
		cameraprops =
		{
			fovh = 22,
			hvaspect = 1.333333,
			nearplane = 30,
			farplane = 4000
		}
	},

	{
		entity_name = "Cam_Ex_Equip_Zin",
		type = CAMERA,
		template_name = "",
		lt_grp = 0, srt_grp = 0, usr_flg = 0,
		spatialprops =
		{
			pos = { 33.1478, 36.7411, 80.26021 },
			orient = { {  0.999988,  0.000000, -0.004961 },
					   {  0.000242,  0.998812,  0.048721 },
					   {  0.004955, -0.048721,  0.998800 } }
		},
		cameraprops =
		{
			fovh = 22,
			hvaspect = 1.85,
			nearplane = 30,
			farplane = 4000
		}
	},

	{
		entity_name = "SET_li_02_Mountains",
		type = COMPOUND,
		template_name = "li_02_cityscape_bg",
		lt_grp = 11, srt_grp = -80, usr_flg = 2,
		flags = LIT_DYNAMIC,
		spatialprops =
		{
			pos = { 582.2894, -347.4932, -13573.6 },
			orient = { {  0.999930,  0.000000, -0.011851 },
					   {  0.000000,  1.000000,  0.000000 },
					   {  0.011851,  0.000000,  0.999930 } }
		},
		userprops =
		{
			category = "Prop",
		}
	},

	{
		entity_name = "LtShadowSource",
		type = LIGHT,
		template_name = "",
		lt_grp = 0, srt_grp = 0, usr_flg = 0,
		spatialprops =
		{
			pos = { 0, 0, 0 },
			orient = { {  0.999255,  0.038163, -0.005743 },
					   {  0.005666,  0.002120,  0.999982 },
					   {  0.038175, -0.999269,  0.001902 } }
		},
		lightprops =
		{
			on = N,
			color = { 255, 255, 255 },
			diffuse = { 0, 0, 0 },
			specular = { 0, 0, 0 },
			ambient = { 0, 0, 0 },
			direction = { 0, 0, 1 },
			range = 2000,
			cutoff = 90,
			type = L_DIRECT,
			theta = 90,
			atten = { 1, 0, 4e-006 }
		}
	},

	{
		entity_name = "LtGlareSource",
		type = LIGHT,
		template_name = "",
		lt_grp = 0, srt_grp = 0, usr_flg = 0,
		spatialprops =
		{
			pos = { 6.855228, 54.10957, 204.4352 },
			orient = { {  1.000000,  0.000000, -0.000102 },
					   {  0.000003,  0.999532,  0.030602 },
					   {  0.000102, -0.030602,  0.999532 } }
		},
		lightprops =
		{
			on = Y,
			color = { 255, 255, 255 },
			diffuse = { 0.082353, 0.082353, 0.082353 },
			specular = { 0, 0, 0 },
			ambient = { 0, 0, 0 },
			direction = { 0, 0, 1 },
			range = 2000,
			cutoff = 98.99998,
			type = L_POINT,
			theta = 90,
			atten = { 1, 0, 4e-006 }
		}
	},

	{
		entity_name = "X/Marker_Weather",
		type = MARKER,
		template_name = "",
		lt_grp = 0, srt_grp = 0, usr_flg = 0,
		spatialprops =
		{
			pos = { 6.855228, 44.10957, 204.4352 },
			orient = { {  1.000000,  0.000000, -0.000102 },
					   {  0.000003,  0.999532,  0.030602 },
					   {  0.000102, -0.030602,  0.999532 } }
		}
	},

	{
		entity_name = "Camera_0_rc",
		type = CAMERA,
		template_name = "",
		lt_grp = 0, srt_grp = 0, usr_flg = 0,
		spatialprops =
		{
			pos = { -1.922241, 38.77131, 146.8837 },
			orient = { {  0.999713,  0.000000,  0.023939 },
					   {  0.001195,  0.998753, -0.049908 },
					   { -0.023909,  0.049923,  0.998467 } }
		},
		cameraprops =
		{
			fovh = 22,
			hvaspect = 1.333333,
			nearplane = 30,
			farplane = 4000
		}
	},

	{
		entity_name = "Camera_0_AdamJ.",
		type = CAMERA,
		template_name = "",
		lt_grp = 0, srt_grp = 0, usr_flg = 0,
		spatialprops =
		{
			pos = { -6.023951, 11.54069, 146.366 },
			orient = { {  0.999690,  0.000000,  0.024898 },
					   { -0.003873,  0.987829,  0.155494 },
					   { -0.024595, -0.155542,  0.987523 } }
		},
		cameraprops =
		{
			fovh = 25,
			hvaspect = 1.333333,
			nearplane = 10,
			farplane = 4000
		}
	},

	{
		entity_name = "Camera_0",
		type = CAMERA,
		template_name = "",
		lt_grp = 0, srt_grp = 0, usr_flg = 0,
		spatialprops =
		{
			pos = { 11.05153, 26.56649, 174.1194 },
			orient = { {  0.999893,  0.000000, -0.014596 },
					   {  0.001061,  0.997352,  0.072715 },
					   {  0.014558, -0.072723,  0.997246 } }
		},
		cameraprops =
		{
			fovh = 25,
			hvaspect = 1.333333,
			nearplane = 10,
			farplane = 4000
		}
	}
};

events =
{
	{
		0.000, START_MOTION, { "SET_li_02_Cityscape" },
		{
			animation = "Sc_loop",
			duration = 60.000,
			time_scale = 1,
			weight = 1,
			trans_scale = 1,
			event_flags = 2
		}
	},

	{
		0.000, START_MOTION, { "SET_li_02_Cityscape" },
		{
			animation = "Sc_californio_cityscape",
			duration = 60.000,
			time_scale = 1,
			weight = 1,
			trans_scale = 1,
			event_flags = 2
		}
	}
};
