duration = 10000.000;

entities =
{

	{
		entity_name = "Layer_Li_02_Bar_Hardpoint",
		type = SCENE,
		template_name = "",
		lt_grp = 0, srt_grp = 0, usr_flg = 0,
		spatialprops =
		{
			pos = { 0, 0, 0 },
			orient = { { 1, 0, 0 }, { 0, 1, 0 }, { 0, 0, 1 } }
		},
		up = Y_AXIS,
		front = Z_AXIS,
		ambient = { 0, 0, 0 }
	},

	{
		entity_name = "Zs/NPC/Bartender/01/AC2/Camera",
		type = CAMERA,
		template_name = "",
		lt_grp = 0, srt_grp = 0, usr_flg = 0,
		flags = HIDDEN,
		spatialprops =
		{
			pos = { -3.634603, 1.722844, -1.00428 },
			orient = { { -0.908371,  0.000000,  0.418164 },
					   {  0.086741,  0.978249,  0.188426 },
					   { -0.409069,  0.207433, -0.888614 } }
		},
		cameraprops =
		{
			fovh = 30,
			hvaspect = 1.85,
			nearplane = 0.3,
			farplane = 4000
		}
	},

	{
		entity_name = "Zs/NPC/Bartender/01/ACOH/Camera",
		type = CAMERA,
		template_name = "",
		lt_grp = 0, srt_grp = 0, usr_flg = 0,
		flags = HIDDEN,
		spatialprops =
		{
			pos = { -2.23586, 1.747798, -0.347395 },
			orient = { { -0.989201,  0.000000, -0.146568 },
					   { -0.025431,  0.984832,  0.171640 },
					   {  0.144344,  0.173513, -0.974196 } }
		},
		cameraprops =
		{
			fovh = 25,
			hvaspect = 1.85,
			nearplane = 0.3,
			farplane = 4000
		}
	},

	{
		entity_name = "Zs/NPC/Bartender/01/ACS/Camera",
		type = CAMERA,
		template_name = "",
		lt_grp = 0, srt_grp = 0, usr_flg = 0,
		flags = HIDDEN,
		spatialprops =
		{
			pos = { -2.681486, 1.620041, 0.709912 },
			orient = { { -0.965200,  0.000000, -0.261513 },
					   { -0.019357,  0.997257,  0.071443 },
					   {  0.260796,  0.074019, -0.962552 } }
		},
		cameraprops =
		{
			fovh = 25,
			hvaspect = 1.85,
			nearplane = 0.3,
			farplane = 4000
		}
	},

	{
		entity_name = "Zs/NPC/Bartender/01/P/Stand",
		type = MARKER,
		template_name = "",
		lt_grp = 0, srt_grp = 0, usr_flg = 0,
		spatialprops =
		{
			pos = { -1.849277, 0, -0.060963 },
			orient = { { -0.775359,  0.000000, -0.631520 },
					   {  0.000000,  1.000000,  0.000000 },
					   {  0.631520,  0.000000, -0.775359 } }
		}
	},

	{
		entity_name = "Zs/NPC/Bartender/01/P2/Stand",
		type = MARKER,
		template_name = "",
		lt_grp = 0, srt_grp = 0, usr_flg = 0,
		spatialprops =
		{
			pos = { -2.14148, 0, 0.361766 },
			orient = { { -0.775359,  0.000000, -0.631520 },
					   {  0.000000,  1.000000,  0.000000 },
					   {  0.631520,  0.000000, -0.775359 } }
		}
	},

	{
		entity_name = "Zs/NPC/Bartender/01/PC2/Camera",
		type = CAMERA,
		template_name = "",
		lt_grp = 0, srt_grp = 0, usr_flg = 0,
		flags = HIDDEN,
		spatialprops =
		{
			pos = { -4.843677, 1.759834, 1.071697 },
			orient = { { -0.086627,  0.000000,  0.996241 },
					   {  0.230089,  0.972964,  0.020007 },
					   { -0.969306,  0.230957, -0.084285 } }
		},
		cameraprops =
		{
			fovh = 30,
			hvaspect = 1.85,
			nearplane = 0.5,
			farplane = 4000
		}
	},

	{
		entity_name = "Zs/NPC/Bartender/01/PCO/Camera",
		type = CAMERA,
		template_name = "",
		lt_grp = 0, srt_grp = 0, usr_flg = 0,
		flags = HIDDEN,
		spatialprops =
		{
			pos = { -3.909088, 1.756215, 2.126189 },
			orient = { {  0.504935,  0.000000,  0.863157 },
					   {  0.166427,  0.981236, -0.097357 },
					   { -0.846961,  0.192812,  0.495460 } }
		},
		cameraprops =
		{
			fovh = 25,
			hvaspect = 1.85,
			nearplane = 0.3,
			farplane = 4000
		}
	},

	{
		entity_name = "Zs/NPC/Bartender/01/PCS/Camera",
		type = CAMERA,
		template_name = "",
		lt_grp = 0, srt_grp = 0, usr_flg = 0,
		flags = HIDDEN,
		spatialprops =
		{
			pos = { -3.123784, 1.709804, 1.191926 },
			orient = { {  0.504271,  0.000000,  0.863546 },
					   {  0.117383,  0.990718, -0.068546 },
					   { -0.855530,  0.135932,  0.499590 } }
		},
		cameraprops =
		{
			fovh = 25,
			hvaspect = 1.85,
			nearplane = 0.3,
			farplane = 4000
		}
	},

	{
		entity_name = "Zs/NPC/Bartender/01/WFC/Camera",
		type = CAMERA,
		template_name = "",
		lt_grp = 0, srt_grp = 0, usr_flg = 0,
		flags = HIDDEN,
		spatialprops =
		{
			pos = { -6.245618, 4.622136, -2.950808 },
			orient = { { -0.936854,  0.000000,  0.349722 },
					   {  0.157246,  0.893214,  0.421239 },
					   { -0.312376,  0.449632, -0.836811 } }
		},
		cameraprops =
		{
			fovh = 30,
			hvaspect = 1.33,
			nearplane = 0.3,
			farplane = 4000
		}
	},

	{
		entity_name = "SET_li_02_bar",
		type = COMPOUND,
		template_name = "li_02_bar",
		lt_grp = 9, srt_grp = 0, usr_flg = 0,
		flags = LIT_DYNAMIC,
		spatialprops =
		{
			pos = { 0, 0, 0 },
			orient = { { 1, 0, 0 }, { 0, 1, 0 }, { 0, 0, 1 } }
		},
		userprops =
		{
			category = "Room",
		}
	},

	{
		entity_name = "Camera_0",
		type = CAMERA,
		template_name = "",
		lt_grp = 0, srt_grp = 0, usr_flg = 0,
		flags = HIDDEN,
		spatialprops =
		{
			pos = { -2.910354, 3.350452, -6.17444 },
			orient = { { -0.945891,  0.000000,  0.324485 },
					   {  0.085828,  0.964384,  0.250193 },
					   { -0.312928,  0.264505, -0.912202 } }
		},
		cameraprops =
		{
			fovh = 37,
			hvaspect = 1.333333,
			nearplane = 0.5,
			farplane = 200
		}
	},

	{
		entity_name = "Zg/NPC/mTable3/02/A/SitLow",
		type = MARKER,
		template_name = "",
		lt_grp = 0, srt_grp = 0, usr_flg = 0,
		spatialprops =
		{
			pos = { 4.016053, 0, -0.766553 },
			orient = { { -0.528938,  0.000000, -0.848661 },
					   {  0.000000,  1.000000,  0.000000 },
					   {  0.848661,  0.000000, -0.528938 } }
		}
	},

	{
		entity_name = "Zg/NPC/mTable3/02/B/SitLow",
		type = MARKER,
		template_name = "",
		lt_grp = 0, srt_grp = 0, usr_flg = 0,
		spatialprops =
		{
			pos = { 3.93125, 0, 0.751438 },
			orient = { {  0.853223,  0.000000, -0.521546 },
					   {  0.000000,  1.000000,  0.000000 },
					   {  0.521546,  0.000000,  0.853223 } }
		}
	},

	{
		entity_name = "Zs/NPC/mTable3/02/P/Stand",
		type = MARKER,
		template_name = "",
		lt_grp = 0, srt_grp = 0, usr_flg = 0,
		spatialprops =
		{
			pos = { 2.932757, 0, 1.364646 },
			orient = { {  0.952413,  0.000000,  0.304811 },
					   {  0.000000,  1.000000,  0.000000 },
					   { -0.304811,  0.000000,  0.952413 } }
		}
	},

	{
		entity_name = "Zs/NPC/mTable3/02/P2/Stand",
		type = MARKER,
		template_name = "",
		lt_grp = 0, srt_grp = 0, usr_flg = 0,
		spatialprops =
		{
			pos = { 3.050434, 0, 0.864411 },
			orient = { {  0.952413,  0.000000,  0.304811 },
					   {  0.000000,  1.000000,  0.000000 },
					   { -0.304811,  0.000000,  0.952413 } }
		}
	},

	{
		entity_name = "Zg/NPC/mTable3/01/B/SitLow",
		type = MARKER,
		template_name = "",
		lt_grp = 0, srt_grp = 0, usr_flg = 0,
		spatialprops =
		{
			pos = { 5.083029, 0, 4.820119 },
			orient = { {  0.984548,  0.000000, -0.175115 },
					   {  0.000000,  1.000000,  0.000000 },
					   {  0.175115,  0.000000,  0.984548 } }
		}
	},

	{
		entity_name = "Zg/NPC/mTable3/01/A/SitLow",
		type = MARKER,
		template_name = "",
		lt_grp = 0, srt_grp = 0, usr_flg = 0,
		spatialprops =
		{
			pos = { 5.752048, 0, 3.483791 },
			orient = { { -0.175127,  0.000000, -0.984546 },
					   {  0.000000,  1.000000,  0.000000 },
					   {  0.984546,  0.000000, -0.175127 } }
		}
	},

	{
		entity_name = "Zg/NPC/mTable3/01/C/SitLow",
		type = MARKER,
		template_name = "",
		lt_grp = 0, srt_grp = 0, usr_flg = 0,
		spatialprops =
		{
			pos = { 4.815536, 0, 2.392057 },
			orient = { { -0.984646,  0.000000,  0.174562 },
					   {  0.000000,  1.000000,  0.000000 },
					   { -0.174562,  0.000000, -0.984646 } }
		}
	},

	{
		entity_name = "Zs/NPC/mTable3/01/P/Stand",
		type = MARKER,
		template_name = "",
		lt_grp = 0, srt_grp = 0, usr_flg = 0,
		spatialprops =
		{
			pos = { 3.766015, 0, 4.82207 },
			orient = { {  0.598346,  0.000000,  0.801238 },
					   {  0.000000,  1.000000,  0.000000 },
					   { -0.801238,  0.000000,  0.598346 } }
		}
	},

	{
		entity_name = "Zs/NPC/mTable3/01/P2/Stand",
		type = MARKER,
		template_name = "",
		lt_grp = 0, srt_grp = 0, usr_flg = 0,
		spatialprops =
		{
			pos = { 4.152316, 0, 4.483167 },
			orient = { {  0.598346,  0.000000,  0.801238 },
					   {  0.000000,  1.000000,  0.000000 },
					   { -0.801238,  0.000000,  0.598346 } }
		}
	},

	{
		entity_name = "Zg/NPC/mTable3/02/C/SitLow",
		type = MARKER,
		template_name = "",
		lt_grp = 0, srt_grp = 0, usr_flg = 0,
		spatialprops =
		{
			pos = { 2.683099, 0, -1.361936 },
			orient = { { -0.834957,  0.000000,  0.550315 },
					   {  0.000000,  1.000000,  0.000000 },
					   { -0.550315,  0.000000, -0.834957 } }
		}
	},

	{
		entity_name = "Zg/NPC/mTable3/03/B/SitLow",
		type = MARKER,
		template_name = "",
		lt_grp = 0, srt_grp = 0, usr_flg = 0,
		spatialprops =
		{
			pos = { 1.094219, 0, -3.789034 },
			orient = { { -0.822091,  0.000000, -0.569357 },
					   {  0.000000,  1.000000,  0.000000 },
					   {  0.569357,  0.000000, -0.822091 } }
		}
	},

	{
		entity_name = "Zg/NPC/mTable3/03/C/SitLow",
		type = MARKER,
		template_name = "",
		lt_grp = 0, srt_grp = 0, usr_flg = 0,
		spatialprops =
		{
			pos = { 1.310075, 0, -2.592736 },
			orient = { {  0.583402,  0.000000, -0.812184 },
					   {  0.000000,  1.000000,  0.000000 },
					   {  0.812184,  0.000000,  0.583402 } }
		}
	},

	{
		entity_name = "Zg/NPC/mTable3/03/A/SitLow",
		type = MARKER,
		template_name = "",
		lt_grp = 0, srt_grp = 0, usr_flg = 0,
		spatialprops =
		{
			pos = { -0.667646, 0, -3.977218 },
			orient = { { -0.583297,  0.000000,  0.812259 },
					   {  0.000000,  1.000000,  0.000000 },
					   { -0.812259,  0.000000, -0.583297 } }
		}
	},

	{
		entity_name = "Zs/NPC/Bartender/01/A/Stand",
		type = MARKER,
		template_name = "",
		lt_grp = 0, srt_grp = 0, usr_flg = 0,
		spatialprops =
		{
			pos = { -3.198575, 0, 1.95184 },
			orient = { {  0.844328,  0.000000,  0.535827 },
					   {  0.000000,  1.000000,  0.000000 },
					   { -0.535827,  0.000000,  0.844328 } }
		}
	},

	{
		entity_name = "Zg/NPC/mFloor2/02/A/Stand",
		type = MARKER,
		template_name = "",
		lt_grp = 0, srt_grp = 0, usr_flg = 0,
		spatialprops =
		{
			pos = { -3.845041, 0, -2.149955 },
			orient = { {  0.442581,  0.000000,  0.896728 },
					   {  0.000000,  1.000000,  0.000000 },
					   { -0.896728,  0.000000,  0.442581 } }
		}
	},

	{
		entity_name = "Zg/NPC/mFloor2/02/B/Stand",
		type = MARKER,
		template_name = "",
		lt_grp = 0, srt_grp = 0, usr_flg = 0,
		spatialprops =
		{
			pos = { -2.788141, 0, -2.595045 },
			orient = { {  0.366885,  0.000000, -0.930266 },
					   {  0.000000,  1.000000,  0.000000 },
					   {  0.930266,  0.000000,  0.366885 } }
		}
	},

	{
		entity_name = "Zs/NPC/mFloor2/02/P2/Stand",
		type = MARKER,
		template_name = "",
		lt_grp = 0, srt_grp = 0, usr_flg = 0,
		spatialprops =
		{
			pos = { -2.407598, 0, -2.127439 },
			orient = { {  0.129099,  0.000000, -0.991632 },
					   {  0.000000,  1.000000,  0.000000 },
					   {  0.991632,  0.000000,  0.129099 } }
		}
	},

	{
		entity_name = "Zs/NPC/mFloor2/02/P/Stand",
		type = MARKER,
		template_name = "",
		lt_grp = 0, srt_grp = 0, usr_flg = 0,
		spatialprops =
		{
			pos = { -1.894356, 0, -2.101371 },
			orient = { {  0.129099,  0.000000, -0.991632 },
					   {  0.000000,  1.000000,  0.000000 },
					   {  0.991632,  0.000000,  0.129099 } }
		}
	},

	{
		entity_name = "Zg/NPC/mFloor2/01/A/Stand",
		type = MARKER,
		template_name = "",
		lt_grp = 0, srt_grp = 0, usr_flg = 0,
		spatialprops =
		{
			pos = { -0.933697, 0, 1.530293 },
			orient = { {  0.625422,  0.000000,  0.780286 },
					   {  0.000000,  1.000000,  0.000000 },
					   { -0.780286,  0.000000,  0.625422 } }
		}
	},

	{
		entity_name = "Zg/NPC/mFloor2/01/B/Stand",
		type = MARKER,
		template_name = "",
		lt_grp = 0, srt_grp = 0, usr_flg = 0,
		spatialprops =
		{
			pos = { 0.058546, 0, 1.398529 },
			orient = { {  0.373721,  0.000000, -0.927541 },
					   {  0.000000,  1.000000,  0.000000 },
					   {  0.927541,  0.000000,  0.373721 } }
		}
	},

	{
		entity_name = "Zg/PC/Player/01/A/Stand",
		type = MARKER,
		template_name = "",
		lt_grp = 0, srt_grp = 0, usr_flg = 0,
		spatialprops =
		{
			pos = { 1.041345, 0, 5.560028 },
			orient = { {  0.999869,  0.000000, -0.016165 },
					   {  0.000000,  1.000000,  0.000000 },
					   {  0.016165,  0.000000,  0.999869 } }
		}
	},

	{
		entity_name = "Zs/NPC/mTable3/03/P2/Stand",
		type = MARKER,
		template_name = "",
		lt_grp = 0, srt_grp = 0, usr_flg = 0,
		spatialprops =
		{
			pos = { 0.012592, 0, -2.24123 },
			orient = { {  0.945272,  0.000000, -0.326283 },
					   {  0.000000,  1.000000,  0.000000 },
					   {  0.326283,  0.000000,  0.945272 } }
		}
	},

	{
		entity_name = "Zs/NPC/mTable3/03/P/Stand",
		type = MARKER,
		template_name = "",
		lt_grp = 0, srt_grp = 0, usr_flg = 0,
		spatialprops =
		{
			pos = { 0.217936, 0, -1.770149 },
			orient = { {  0.945272,  0.000000, -0.326283 },
					   {  0.000000,  1.000000,  0.000000 },
					   {  0.326283,  0.000000,  0.945272 } }
		}
	},

	{
		entity_name = "Zs/NPC/mFloor2/01/P/Stand",
		type = MARKER,
		template_name = "",
		lt_grp = 0, srt_grp = 0, usr_flg = 0,
		spatialprops =
		{
			pos = { 0.660964, 0, 1.30659 },
			orient = { {  0.062038,  0.000000, -0.998074 },
					   {  0.000000,  1.000000,  0.000000 },
					   {  0.998074,  0.000000,  0.062038 } }
		}
	},

	{
		entity_name = "Zs/NPC/mFloor2/01/P2/Stand",
		type = MARKER,
		template_name = "",
		lt_grp = 0, srt_grp = 0, usr_flg = 0,
		spatialprops =
		{
			pos = { 0.147145, 0, 1.31513 },
			orient = { {  0.062038,  0.000000, -0.998074 },
					   {  0.000000,  1.000000,  0.000000 },
					   {  0.998074,  0.000000,  0.062038 } }
		}
	},

	{
		entity_name = "Camera_Mission",
		type = CAMERA,
		template_name = "",
		lt_grp = 0, srt_grp = 0, usr_flg = 0,
		spatialprops =
		{
			pos = { 2.630914, 1.936517, 1.758342 },
			orient = { { -0.999983,  0.000000,  0.005876 },
					   {  0.001350,  0.973237,  0.229799 },
					   { -0.005719,  0.229803, -0.973220 } }
		},
		cameraprops =
		{
			fovh = 30,
			hvaspect = 1.333333,
			nearplane = 0.5,
			farplane = 200
		}
	},

	{
		entity_name = "Zs/NPC/mTable3/02/Prop",
		type = MARKER,
		template_name = "",
		lt_grp = 0, srt_grp = 0, usr_flg = 0,
		spatialprops =
		{
			pos = { 3.615931, 0.797152, -0.155668 },
			orient = { {  0.933357,  0.000000,  0.358950 },
					   {  0.000000,  1.000000,  0.000000 },
					   { -0.358950,  0.000000,  0.933357 } }
		}
	},

	{
		entity_name = "Zs/NPC/mTable3/01/Prop",
		type = MARKER,
		template_name = "",
		lt_grp = 0, srt_grp = 0, usr_flg = 0,
		spatialprops =
		{
			pos = { 5.17515, 0.801237, 3.923072 },
			orient = { {  0.529036,  0.000000,  0.848600 },
					   {  0.000000,  1.000000,  0.000000 },
					   { -0.848600,  0.000000,  0.529036 } }
		}
	},

	{
		entity_name = "Zs/NPC/mTable3/03/Prop",
		type = MARKER,
		template_name = "",
		lt_grp = 0, srt_grp = 0, usr_flg = 0,
		spatialprops =
		{
			pos = { -0.155923, 0.833481, -3.54907 },
			orient = { {  0.994695,  0.000000, -0.102870 },
					   {  0.000000,  1.000000,  0.000000 },
					   {  0.102870,  0.000000,  0.994695 } }
		}
	},

	{
		entity_name = "Zs/NPC/mTable3/02/AC2/Camera",
		type = CAMERA,
		template_name = "",
		lt_grp = 0, srt_grp = 0, usr_flg = 0,
		flags = HIDDEN,
		spatialprops =
		{
			pos = { 1.32644, 1.761115, -0.058042 },
			orient = { { -0.082073,  0.000000,  0.996626 },
					   {  0.253845,  0.967019,  0.020904 },
					   { -0.963757,  0.254704, -0.079367 } }
		},
		cameraprops =
		{
			fovh = 30,
			hvaspect = 1.85,
			nearplane = 0.3,
			farplane = 4000
		}
	},

	{
		entity_name = "Zs/NPC/mTable3/02/ACS/Camera",
		type = CAMERA,
		template_name = "",
		lt_grp = 0, srt_grp = 0, usr_flg = 0,
		flags = HIDDEN,
		spatialprops =
		{
			pos = { 2.910048, 1.35249, 0.297457 },
			orient = { {  0.618663,  0.000000,  0.785656 },
					   {  0.124916,  0.987279, -0.098365 },
					   { -0.775662,  0.158996,  0.610793 } }
		},
		cameraprops =
		{
			fovh = 20,
			hvaspect = 1.85,
			nearplane = 0.3,
			farplane = 4000
		}
	},

	{
		entity_name = "Zs/NPC/mTable3/02/PCU/Camera",
		type = CAMERA,
		template_name = "",
		lt_grp = 0, srt_grp = 0, usr_flg = 0,
		flags = HIDDEN,
		spatialprops =
		{
			pos = { 3.258461, 1.525006, -0.112235 },
			orient = { { -0.994540,  0.000000, -0.104358 },
					   {  0.012268,  0.993066, -0.116920 },
					   {  0.103634, -0.117562, -0.987643 } }
		},
		cameraprops =
		{
			fovh = 20,
			hvaspect = 1.85,
			nearplane = 0.3,
			farplane = 4000
		}
	},

	{
		entity_name = "Zs/NPC/mTable3/02/PC2/Camera",
		type = CAMERA,
		template_name = "",
		lt_grp = 0, srt_grp = 0, usr_flg = 0,
		flags = HIDDEN,
		spatialprops =
		{
			pos = { 2.026669, 1.68243, -1.592755 },
			orient = { { -0.716140,  0.000000,  0.697956 },
					   {  0.161412,  0.972891,  0.165618 },
					   { -0.679036,  0.231264, -0.696726 } }
		},
		cameraprops =
		{
			fovh = 30,
			hvaspect = 1.85,
			nearplane = 0.3,
			farplane = 4000
		}
	},

	{
		entity_name = "Zs/NPC/mTable3/02/ACOL/Camera",
		type = CAMERA,
		template_name = "",
		lt_grp = 0, srt_grp = 0, usr_flg = 0,
		flags = HIDDEN,
		spatialprops =
		{
			pos = { 2.191267, 1.44259, 0.999868 },
			orient = { {  0.563082,  0.000000,  0.826401 },
					   {  0.166010,  0.979615, -0.113114 },
					   { -0.809555,  0.200883,  0.551604 } }
		},
		cameraprops =
		{
			fovh = 20,
			hvaspect = 1.85,
			nearplane = 0.3,
			farplane = 4000
		}
	},

	{
		entity_name = "Zs/NPC/mTable3/02/WFC/Camera",
		type = CAMERA,
		template_name = "",
		lt_grp = 0, srt_grp = 0, usr_flg = 0,
		flags = HIDDEN,
		spatialprops =
		{
			pos = { 1.544995, 2.908109, -3.626631 },
			orient = { { -0.882905,  0.000000,  0.469551 },
					   {  0.138493,  0.955513,  0.260411 },
					   { -0.448663,  0.294948, -0.843628 } }
		},
		cameraprops =
		{
			fovh = 30,
			hvaspect = 1.85,
			nearplane = 0.3,
			farplane = 4000
		}
	},

	{
		entity_name = "Zs/NPC/mTable3/02/ACOH/Camera",
		type = CAMERA,
		template_name = "",
		lt_grp = 0, srt_grp = 0, usr_flg = 0,
		flags = HIDDEN,
		spatialprops =
		{
			pos = { 2.443206, 1.91127, 1.13357 },
			orient = { {  0.647064,  0.000000,  0.762435 },
					   {  0.292972,  0.923226, -0.248640 },
					   { -0.703900,  0.384259,  0.597386 } }
		},
		cameraprops =
		{
			fovh = 20,
			hvaspect = 1.85,
			nearplane = 0.3,
			farplane = 4000
		}
	},

	{
		entity_name = "Zs/NPC/mTable3/02/TCI/Camera",
		type = CAMERA,
		template_name = "",
		lt_grp = 0, srt_grp = 0, usr_flg = 0,
		flags = HIDDEN,
		spatialprops =
		{
			pos = { 2.776947, 1.827796, 0.786351 },
			orient = { {  0.746766,  0.000000,  0.665087 },
					   {  0.420819,  0.774374, -0.472499 },
					   { -0.515027,  0.632728,  0.578276 } }
		},
		cameraprops =
		{
			fovh = 15,
			hvaspect = 1.85,
			nearplane = 0.3,
			farplane = 4000
		}
	},

	{
		entity_name = "Zs/NPC/mTable3/02/PCS/Camera",
		type = CAMERA,
		template_name = "",
		lt_grp = 0, srt_grp = 0, usr_flg = 0,
		flags = HIDDEN,
		spatialprops =
		{
			pos = { 3.440058, 1.472018, -0.737372 },
			orient = { { -0.993544,  0.000000, -0.113447 },
					   {  0.003487,  0.999528, -0.030537 },
					   {  0.113394, -0.030735, -0.993075 } }
		},
		cameraprops =
		{
			fovh = 20,
			hvaspect = 1.85,
			nearplane = 0.3,
			farplane = 4000
		}
	},

	{
		entity_name = "Zs/NPC/mTable3/02/ACU/Camera",
		type = CAMERA,
		template_name = "",
		lt_grp = 0, srt_grp = 0, usr_flg = 0,
		flags = HIDDEN,
		spatialprops =
		{
			pos = { 3.269962, 1.349782, -0.095539 },
			orient = { {  0.615507,  0.000000,  0.788131 },
					   {  0.128733,  0.986570, -0.100537 },
					   { -0.777546,  0.163340,  0.607241 } }
		},
		cameraprops =
		{
			fovh = 20,
			hvaspect = 1.85,
			nearplane = 0.3,
			farplane = 4000
		}
	},

	{
		entity_name = "Zs/NPC/mTable3/02/PCO/Camera",
		type = CAMERA,
		template_name = "",
		lt_grp = 0, srt_grp = 0, usr_flg = 0,
		flags = HIDDEN,
		spatialprops =
		{
			pos = { 3.866069, 1.162585, -1.394994 },
			orient = { { -0.984000,  0.000000, -0.178167 },
					   {  0.018240,  0.994746, -0.100738 },
					   {  0.177231, -0.102376, -0.978830 } }
		},
		cameraprops =
		{
			fovh = 20,
			hvaspect = 1.85,
			nearplane = 0.3,
			farplane = 4000
		}
	},

	{
		entity_name = "Zs/NPC/mTable3/01/AC2/Camera",
		type = CAMERA,
		template_name = "",
		lt_grp = 0, srt_grp = 0, usr_flg = 0,
		flags = HIDDEN,
		spatialprops =
		{
			pos = { 3.065813, 1.804655, 2.865152 },
			orient = { { -0.536306,  0.000000,  0.844024 },
					   {  0.236017,  0.960107,  0.149969 },
					   { -0.810353,  0.279633, -0.514911 } }
		},
		cameraprops =
		{
			fovh = 30,
			hvaspect = 1.85,
			nearplane = 0.3,
			farplane = 4000
		}
	},

	{
		entity_name = "Zs/NPC/mTable3/01/ACOH/Camera",
		type = CAMERA,
		template_name = "",
		lt_grp = 0, srt_grp = 0, usr_flg = 0,
		flags = HIDDEN,
		spatialprops =
		{
			pos = { 3.456689, 1.950141, 4.424065 },
			orient = { {  0.214694,  0.000000,  0.976681 },
					   {  0.387662,  0.917854, -0.085216 },
					   { -0.896451,  0.396918,  0.197058 } }
		},
		cameraprops =
		{
			fovh = 20,
			hvaspect = 1.85,
			nearplane = 0.3,
			farplane = 4000
		}
	},

	{
		entity_name = "Zs/NPC/mTable3/01/TCI/Camera",
		type = CAMERA,
		template_name = "",
		lt_grp = 0, srt_grp = 0, usr_flg = 0,
		flags = HIDDEN,
		spatialprops =
		{
			pos = { 4.021998, 1.667197, 4.31592 },
			orient = { {  0.322505,  0.000000,  0.946568 },
					   {  0.548891,  0.814705, -0.187013 },
					   { -0.771174,  0.579875,  0.262747 } }
		},
		cameraprops =
		{
			fovh = 15,
			hvaspect = 1.85,
			nearplane = 0.3,
			farplane = 4000
		}
	},

	{
		entity_name = "Zs/NPC/mTable3/01/ACS/Camera",
		type = CAMERA,
		template_name = "",
		lt_grp = 0, srt_grp = 0, usr_flg = 0,
		flags = HIDDEN,
		spatialprops =
		{
			pos = { 4.288719, 1.354161, 3.953321 },
			orient = { {  0.214538,  0.000000,  0.976716 },
					   {  0.152870,  0.987676, -0.033578 },
					   { -0.964678,  0.156514,  0.211894 } }
		},
		cameraprops =
		{
			fovh = 20,
			hvaspect = 1.85,
			nearplane = 0.3,
			farplane = 4000
		}
	},

	{
		entity_name = "Zs/NPC/mTable3/01/PCS/Camera",
		type = CAMERA,
		template_name = "",
		lt_grp = 0, srt_grp = 0, usr_flg = 0,
		flags = HIDDEN,
		spatialprops =
		{
			pos = { 5.232942, 1.471979, 3.372678 },
			orient = { { -0.801184,  0.000000, -0.598419 },
					   {  0.028326,  0.998879, -0.037924 },
					   {  0.597748, -0.047336, -0.800286 } }
		},
		cameraprops =
		{
			fovh = 20,
			hvaspect = 1.85,
			nearplane = 0.3,
			farplane = 4000
		}
	},

	{
		entity_name = "Zs/NPC/mTable3/01/ACU/Camera",
		type = CAMERA,
		template_name = "",
		lt_grp = 0, srt_grp = 0, usr_flg = 0,
		flags = HIDDEN,
		spatialprops =
		{
			pos = { 4.797971, 1.293242, 3.761687 },
			orient = { {  0.218412,  0.000000,  0.975857 },
					   {  0.098736,  0.994868, -0.022099 },
					   { -0.970849,  0.101179,  0.217291 } }
		},
		cameraprops =
		{
			fovh = 20,
			hvaspect = 1.85,
			nearplane = 0.3,
			farplane = 4000
		}
	},

	{
		entity_name = "Zs/NPC/mTable3/01/PCO/Camera",
		type = CAMERA,
		template_name = "",
		lt_grp = 0, srt_grp = 0, usr_flg = 0,
		flags = HIDDEN,
		spatialprops =
		{
			pos = { 5.904971, 1.164225, 2.855414 },
			orient = { { -0.789918,  0.000000, -0.613213 },
					   {  0.062590,  0.994777, -0.080626 },
					   {  0.610010, -0.102069, -0.785792 } }
		},
		cameraprops =
		{
			fovh = 20,
			hvaspect = 1.85,
			nearplane = 0.3,
			farplane = 4000
		}
	},

	{
		entity_name = "Zs/NPC/mTable3/01/WFC/Camera",
		type = CAMERA,
		template_name = "",
		lt_grp = 0, srt_grp = 0, usr_flg = 0,
		flags = HIDDEN,
		spatialprops =
		{
			pos = { -3.604288, 5.926704, 0.864703 },
			orient = { { -0.431128,  0.000000,  0.902291 },
					   {  0.554287,  0.789064,  0.264847 },
					   { -0.711966,  0.614310, -0.340188 } }
		},
		cameraprops =
		{
			fovh = 30,
			hvaspect = 1.85,
			nearplane = 0.3,
			farplane = 4000
		}
	},

	{
		entity_name = "Zs/NPC/mTable3/01/PCU/Camera",
		type = CAMERA,
		template_name = "",
		lt_grp = 0, srt_grp = 0, usr_flg = 0,
		flags = HIDDEN,
		spatialprops =
		{
			pos = { 4.803362, 1.495788, 3.787414 },
			orient = { { -0.793433,  0.000000, -0.608658 },
					   {  0.101263,  0.986063, -0.132004 },
					   {  0.600175, -0.166371, -0.782375 } }
		},
		cameraprops =
		{
			fovh = 20,
			hvaspect = 1.85,
			nearplane = 0.3,
			farplane = 4000
		}
	},

	{
		entity_name = "Zs/NPC/mTable3/01/ACOL/Camera",
		type = CAMERA,
		template_name = "",
		lt_grp = 0, srt_grp = 0, usr_flg = 0,
		flags = HIDDEN,
		spatialprops =
		{
			pos = { 3.383349, 1.337528, 4.230873 },
			orient = { {  0.143141,  0.000000,  0.989702 },
					   {  0.154913,  0.987674, -0.022405 },
					   { -0.977503,  0.156525,  0.141377 } }
		},
		cameraprops =
		{
			fovh = 20,
			hvaspect = 1.85,
			nearplane = 0.3,
			farplane = 4000
		}
	},

	{
		entity_name = "Zs/NPC/mTable3/01/PC2/Camera",
		type = CAMERA,
		template_name = "",
		lt_grp = 0, srt_grp = 0, usr_flg = 0,
		flags = HIDDEN,
		spatialprops =
		{
			pos = { 4.993905, 1.346106, 1.803224 },
			orient = { { -0.999376,  0.000000,  0.035309 },
					   {  0.003739,  0.994376,  0.105842 },
					   { -0.035110,  0.105908, -0.993756 } }
		},
		cameraprops =
		{
			fovh = 30,
			hvaspect = 1.85,
			nearplane = 0.3,
			farplane = 4000
		}
	},

	{
		entity_name = "Zs/NPC/mTable3/03/AC2/Camera",
		type = CAMERA,
		template_name = "",
		lt_grp = 0, srt_grp = 0, usr_flg = 0,
		flags = HIDDEN,
		spatialprops =
		{
			pos = { -1.243536, 1.833745, -1.458288 },
			orient = { {  0.795394,  0.000000,  0.606093 },
					   {  0.172630,  0.958580, -0.226548 },
					   { -0.580988,  0.284825,  0.762449 } }
		},
		cameraprops =
		{
			fovh = 30,
			hvaspect = 1.85,
			nearplane = 0.3,
			farplane = 4000
		}
	},

	{
		entity_name = "Zs/NPC/mTable3/03/ACOH/Camera",
		type = CAMERA,
		template_name = "",
		lt_grp = 0, srt_grp = 0, usr_flg = 0,
		flags = HIDDEN,
		spatialprops =
		{
			pos = { -0.182945, 1.945518, -1.629473 },
			orient = { {  0.999992,  0.000000,  0.004070 },
					   {  0.001620,  0.917419, -0.397920 },
					   { -0.003734,  0.397924,  0.917411 } }
		},
		cameraprops =
		{
			fovh = 20,
			hvaspect = 1.85,
			nearplane = 0.3,
			farplane = 4000
		}
	},

	{
		entity_name = "Zs/NPC/mTable3/03/TCI/Camera",
		type = CAMERA,
		template_name = "",
		lt_grp = 0, srt_grp = 0, usr_flg = 0,
		flags = HIDDEN,
		spatialprops =
		{
			pos = { -0.42425, 1.893533, -1.982588 },
			orient = { {  0.985644,  0.000000,  0.168834 },
					   {  0.093684,  0.831924, -0.546923 },
					   { -0.140457,  0.554889,  0.819982 } }
		},
		cameraprops =
		{
			fovh = 15,
			hvaspect = 1.85,
			nearplane = 0.3,
			farplane = 4000
		}
	},

	{
		entity_name = "Zs/NPC/mTable3/03/ACS/Camera",
		type = CAMERA,
		template_name = "",
		lt_grp = 0, srt_grp = 0, usr_flg = 0,
		flags = HIDDEN,
		spatialprops =
		{
			pos = { -0.347524, 1.57065, -2.317635 },
			orient = { {  0.999637,  0.000000, -0.026957 },
					   { -0.007760,  0.957671, -0.287759 },
					   {  0.025816,  0.287864,  0.957323 } }
		},
		cameraprops =
		{
			fovh = 20,
			hvaspect = 1.85,
			nearplane = 0.3,
			farplane = 4000
		}
	},

	{
		entity_name = "Zs/NPC/mTable3/03/PCS/Camera",
		type = CAMERA,
		template_name = "",
		lt_grp = 0, srt_grp = 0, usr_flg = 0,
		flags = HIDDEN,
		spatialprops =
		{
			pos = { -0.921039, 1.516378, -3.477371 },
			orient = { { -0.709184,  0.000000,  0.705024 },
					   { -0.012156,  0.999851, -0.012228 },
					   { -0.704919, -0.017242, -0.709078 } }
		},
		cameraprops =
		{
			fovh = 20,
			hvaspect = 1.85,
			nearplane = 0.3,
			farplane = 4000
		}
	},

	{
		entity_name = "Zs/NPC/mTable3/03/ACU/Camera",
		type = CAMERA,
		template_name = "",
		lt_grp = 0, srt_grp = 0, usr_flg = 0,
		flags = HIDDEN,
		spatialprops =
		{
			pos = { -0.505196, 1.355847, -2.98637 },
			orient = { {  0.999026,  0.000000,  0.044136 },
					   {  0.007186,  0.986656, -0.162660 },
					   { -0.043547,  0.162819,  0.985695 } }
		},
		cameraprops =
		{
			fovh = 20,
			hvaspect = 1.85,
			nearplane = 0.3,
			farplane = 4000
		}
	},

	{
		entity_name = "Zs/NPC/mTable3/03/PCO/Camera",
		type = CAMERA,
		template_name = "",
		lt_grp = 0, srt_grp = 0, usr_flg = 0,
		flags = HIDDEN,
		spatialprops =
		{
			pos = { -1.141165, 1.194471, -4.28739 },
			orient = { { -0.773482,  0.000000,  0.633819 },
					   { -0.055852,  0.996110, -0.068159 },
					   { -0.631353, -0.088120, -0.770473 } }
		},
		cameraprops =
		{
			fovh = 20,
			hvaspect = 1.85,
			nearplane = 0.3,
			farplane = 4000
		}
	},

	{
		entity_name = "Zs/NPC/mTable3/03/WFC/Camera",
		type = CAMERA,
		template_name = "",
		lt_grp = 0, srt_grp = 0, usr_flg = 0,
		flags = HIDDEN,
		spatialprops =
		{
			pos = { -3.667067, 2.637264, -2.026428 },
			orient = { {  0.224782,  0.000000,  0.974409 },
					   {  0.386134,  0.918132, -0.089076 },
					   { -0.894636,  0.396275,  0.206380 } }
		},
		cameraprops =
		{
			fovh = 30,
			hvaspect = 1.85,
			nearplane = 1,
			farplane = 4000
		}
	},

	{
		entity_name = "Zs/NPC/mTable3/03/PCU/Camera",
		type = CAMERA,
		template_name = "",
		lt_grp = 0, srt_grp = 0, usr_flg = 0,
		flags = HIDDEN,
		spatialprops =
		{
			pos = { -0.590496, 1.554363, -3.108048 },
			orient = { { -0.766086,  0.000000,  0.642738 },
					   { -0.051598,  0.996772, -0.061500 },
					   { -0.640664, -0.080279, -0.763613 } }
		},
		cameraprops =
		{
			fovh = 20,
			hvaspect = 1.85,
			nearplane = 0.3,
			farplane = 4000
		}
	},

	{
		entity_name = "Zs/NPC/mTable3/03/ACOL/Camera",
		type = CAMERA,
		template_name = "",
		lt_grp = 0, srt_grp = 0, usr_flg = 0,
		flags = HIDDEN,
		spatialprops =
		{
			pos = { -0.431625, 1.447516, -1.583139 },
			orient = { {  0.995802,  0.000000,  0.091531 },
					   {  0.018556,  0.979234, -0.201881 },
					   { -0.089631,  0.202732,  0.975124 } }
		},
		cameraprops =
		{
			fovh = 20,
			hvaspect = 1.85,
			nearplane = 0.3,
			farplane = 4000
		}
	},

	{
		entity_name = "Zs/NPC/mTable3/03/PC2/Camera",
		type = CAMERA,
		template_name = "",
		lt_grp = 0, srt_grp = 0, usr_flg = 0,
		flags = HIDDEN,
		spatialprops =
		{
			pos = { -2.419232, 1.221449, -3.090656 },
			orient = { {  0.048830,  0.000000,  0.998807 },
					   {  0.033614,  0.999434, -0.001643 },
					   { -0.998241,  0.033655,  0.048802 } }
		},
		cameraprops =
		{
			fovh = 30,
			hvaspect = 1.85,
			nearplane = 0.3,
			farplane = 4000
		}
	},

	{
		entity_name = "Zs/NPC/mFloor2/01/AC2/Camera",
		type = CAMERA,
		template_name = "",
		lt_grp = 0, srt_grp = 0, usr_flg = 0,
		flags = HIDDEN,
		spatialprops =
		{
			pos = { 0.009006, 1.697553, -0.003664 },
			orient = { { -0.977411,  0.000000, -0.211346 },
					   { -0.040255,  0.981693,  0.186168 },
					   {  0.207477,  0.190471, -0.959518 } }
		},
		cameraprops =
		{
			fovh = 30,
			hvaspect = 1.85,
			nearplane = 0.3,
			farplane = 4000
		}
	},

	{
		entity_name = "Zs/NPC/mFloor2/01/PCO/Camera",
		type = CAMERA,
		template_name = "",
		lt_grp = 0, srt_grp = 0, usr_flg = 0,
		flags = HIDDEN,
		spatialprops =
		{
			pos = { -1.349989, 1.758822, 1.201242 },
			orient = { { -0.270163,  0.000000,  0.962815 },
					   {  0.171246,  0.984056,  0.048051 },
					   { -0.947463,  0.177860, -0.265855 } }
		},
		cameraprops =
		{
			fovh = 25,
			hvaspect = 1.85,
			nearplane = 0.3,
			farplane = 4000
		}
	},

	{
		entity_name = "Zs/NPC/mFloor2/01/ACS/Camera",
		type = CAMERA,
		template_name = "",
		lt_grp = 0, srt_grp = 0, usr_flg = 0,
		flags = HIDDEN,
		spatialprops =
		{
			pos = { 0.131812, 1.633599, 0.857388 },
			orient = { { -0.658784,  0.000000, -0.752332 },
					   { -0.056625,  0.997164,  0.049584 },
					   {  0.750198,  0.075266, -0.656916 } }
		},
		cameraprops =
		{
			fovh = 25,
			hvaspect = 1.85,
			nearplane = 0.3,
			farplane = 4000
		}
	},

	{
		entity_name = "Zs/NPC/mFloor2/01/PCU/Camera",
		type = CAMERA,
		template_name = "",
		lt_grp = 0, srt_grp = 0, usr_flg = 0,
		flags = HIDDEN,
		spatialprops =
		{
			pos = { -0.624849, 1.712149, 1.217081 },
			orient = { { -0.245282,  0.000000,  0.969452 },
					   {  0.079042,  0.996671,  0.019999 },
					   { -0.966224,  0.081533, -0.244465 } }
		},
		cameraprops =
		{
			fovh = 25,
			hvaspect = 1.85,
			nearplane = 0.3,
			farplane = 4000
		}
	},

	{
		entity_name = "Zs/NPC/mFloor2/01/WFC/Camera",
		type = CAMERA,
		template_name = "",
		lt_grp = 0, srt_grp = 0, usr_flg = 0,
		flags = HIDDEN,
		spatialprops =
		{
			pos = { -6.69987, 6.651091, -0.774528 },
			orient = { { -0.187656,  0.000000,  0.982235 },
					   {  0.628390,  0.768579,  0.120054 },
					   { -0.754925,  0.639755, -0.144229 } }
		},
		cameraprops =
		{
			fovh = 30,
			hvaspect = 1.85,
			nearplane = 0.3,
			farplane = 4000
		}
	},

	{
		entity_name = "Zs/NPC/mFloor2/01/ACOH/Camera",
		type = CAMERA,
		template_name = "",
		lt_grp = 0, srt_grp = 0, usr_flg = 0,
		flags = HIDDEN,
		spatialprops =
		{
			pos = { 0.453087, 1.760144, 0.771921 },
			orient = { { -0.662877,  0.000000, -0.748729 },
					   { -0.143728,  0.981402,  0.127247 },
					   {  0.734804,  0.191962, -0.650549 } }
		},
		cameraprops =
		{
			fovh = 25,
			hvaspect = 1.85,
			nearplane = 0.3,
			farplane = 4000
		}
	},

	{
		entity_name = "Zs/NPC/mFloor2/01/TCI/Camera",
		type = CAMERA,
		template_name = "",
		lt_grp = 0, srt_grp = 0, usr_flg = 0,
		flags = HIDDEN,
		spatialprops =
		{
			pos = { -0.396954, 1.917323, 0.403461 },
			orient = { { -0.965623,  0.000000, -0.259946 },
					   { -0.181977,  0.714085,  0.675993 },
					   {  0.185623,  0.700059, -0.689537 } }
		},
		cameraprops =
		{
			fovh = 15,
			hvaspect = 1.85,
			nearplane = 0.3,
			farplane = 4000
		}
	},

	{
		entity_name = "Zs/NPC/mFloor2/01/PCS/Camera",
		type = CAMERA,
		template_name = "",
		lt_grp = 0, srt_grp = 0, usr_flg = 0,
		flags = HIDDEN,
		spatialprops =
		{
			pos = { -1.059859, 1.659418, 1.162812 },
			orient = { { -0.295882,  0.000000,  0.955225 },
					   {  0.082010,  0.996308,  0.025403 },
					   { -0.951698,  0.085855, -0.294789 } }
		},
		cameraprops =
		{
			fovh = 25,
			hvaspect = 1.85,
			nearplane = 0.3,
			farplane = 4000
		}
	},

	{
		entity_name = "Zs/NPC/mFloor2/01/ACU/Camera",
		type = CAMERA,
		template_name = "",
		lt_grp = 0, srt_grp = 0, usr_flg = 0,
		flags = HIDDEN,
		spatialprops =
		{
			pos = { -0.207498, 1.656843, 1.133742 },
			orient = { { -0.568582,  0.000000, -0.822627 },
					   { -0.009261,  0.999937,  0.006401 },
					   {  0.822575,  0.011258, -0.568546 } }
		},
		cameraprops =
		{
			fovh = 25,
			hvaspect = 1.85,
			nearplane = 0.3,
			farplane = 4000
		}
	},

	{
		entity_name = "Zs/NPC/mFloor2/01/PC2/Camera",
		type = CAMERA,
		template_name = "",
		lt_grp = 0, srt_grp = 0, usr_flg = 0,
		flags = HIDDEN,
		spatialprops =
		{
			pos = { -1.380509, 1.700538, 0.251049 },
			orient = { { -0.781466,  0.000000,  0.623948 },
					   {  0.116633,  0.982374,  0.146077 },
					   { -0.612950,  0.186927, -0.767691 } }
		},
		cameraprops =
		{
			fovh = 30,
			hvaspect = 1.85,
			nearplane = 0.3,
			farplane = 4000
		}
	},

	{
		entity_name = "Zs/NPC/mFloor2/02/PC2/Camera",
		type = CAMERA,
		template_name = "",
		lt_grp = 0, srt_grp = 0, usr_flg = 0,
		flags = HIDDEN,
		spatialprops =
		{
			pos = { -3.815269, 1.697222, -3.831703 },
			orient = { { -0.933055,  0.000000,  0.359733 },
					   {  0.071523,  0.980036,  0.185512 },
					   { -0.352551,  0.198822, -0.914428 } }
		},
		cameraprops =
		{
			fovh = 30,
			hvaspect = 1.85,
			nearplane = 0.3,
			farplane = 4000
		}
	},

	{
		entity_name = "Zs/NPC/mFloor2/02/ACU/Camera",
		type = CAMERA,
		template_name = "",
		lt_grp = 0, srt_grp = 0, usr_flg = 0,
		flags = HIDDEN,
		spatialprops =
		{
			pos = { -3.014228, 1.677601, -2.357063 },
			orient = { { -0.345406,  0.000000, -0.938453 },
					   { -0.035117,  0.999300,  0.012925 },
					   {  0.937796,  0.037420, -0.345165 } }
		},
		cameraprops =
		{
			fovh = 25,
			hvaspect = 1.85,
			nearplane = 0.3,
			farplane = 4000
		}
	},

	{
		entity_name = "Zs/NPC/mFloor2/02/PCS/Camera",
		type = CAMERA,
		template_name = "",
		lt_grp = 0, srt_grp = 0, usr_flg = 0,
		flags = HIDDEN,
		spatialprops =
		{
			pos = { -3.707173, 1.706183, -2.447819 },
			orient = { { -0.387431,  0.000000,  0.921899 },
					   {  0.119835,  0.991516,  0.050361 },
					   { -0.914077,  0.129987, -0.384144 } }
		},
		cameraprops =
		{
			fovh = 25,
			hvaspect = 1.85,
			nearplane = 0.3,
			farplane = 4000
		}
	},

	{
		entity_name = "Zs/NPC/mFloor2/02/TCI/Camera",
		type = CAMERA,
		template_name = "",
		lt_grp = 0, srt_grp = 0, usr_flg = 0,
		flags = HIDDEN,
		spatialprops =
		{
			pos = { -2.825401, 2.031595, -2.933458 },
			orient = { { -0.730897,  0.000000, -0.682487 },
					   { -0.480982,  0.709457,  0.515099 },
					   {  0.484195,  0.704749, -0.518540 } }
		},
		cameraprops =
		{
			fovh = 15,
			hvaspect = 1.85,
			nearplane = 0.3,
			farplane = 4000
		}
	},

	{
		entity_name = "Zs/NPC/mFloor2/02/ACOH/Camera",
		type = CAMERA,
		template_name = "",
		lt_grp = 0, srt_grp = 0, usr_flg = 0,
		flags = HIDDEN,
		spatialprops =
		{
			pos = { -1.962316, 1.751132, -2.494942 },
			orient = { { -0.355360,  0.000000, -0.934730 },
					   { -0.168692,  0.983580,  0.064132 },
					   {  0.919382,  0.180472, -0.349525 } }
		},
		cameraprops =
		{
			fovh = 25,
			hvaspect = 1.85,
			nearplane = 0.3,
			farplane = 4000
		}
	},

	{
		entity_name = "Zs/NPC/mFloor2/02/AC2/Camera",
		type = CAMERA,
		template_name = "",
		lt_grp = 0, srt_grp = 0, usr_flg = 0,
		flags = HIDDEN,
		spatialprops =
		{
			pos = { -2.310526, 1.717129, -3.741873 },
			orient = { { -0.909261,  0.000000, -0.416226 },
					   { -0.091517,  0.975528,  0.199922 },
					   {  0.406040,  0.219873, -0.887010 } }
		},
		cameraprops =
		{
			fovh = 30,
			hvaspect = 1.85,
			nearplane = 0.3,
			farplane = 4000
		}
	},

	{
		entity_name = "Zs/NPC/mFloor2/02/WFC/Camera",
		type = CAMERA,
		template_name = "",
		lt_grp = 0, srt_grp = 0, usr_flg = 0,
		flags = HIDDEN,
		spatialprops =
		{
			pos = { -4.728534, 5.031183, -6.327511 },
			orient = { { -0.929008,  0.000000,  0.370061 },
					   {  0.187711,  0.861803,  0.471233 },
					   { -0.318919,  0.507244, -0.800621 } }
		},
		cameraprops =
		{
			fovh = 30,
			hvaspect = 1.33,
			nearplane = 0.3,
			farplane = 4000
		}
	},

	{
		entity_name = "Zs/NPC/mFloor2/02/PCU/Camera",
		type = CAMERA,
		template_name = "",
		lt_grp = 0, srt_grp = 0, usr_flg = 0,
		flags = HIDDEN,
		spatialprops =
		{
			pos = { -3.176648, 1.719417, -2.26979 },
			orient = { { -0.297817,  0.000000,  0.954623 },
					   {  0.082283,  0.996278,  0.025670 },
					   { -0.951070,  0.086194, -0.296708 } }
		},
		cameraprops =
		{
			fovh = 25,
			hvaspect = 1.85,
			nearplane = 0.3,
			farplane = 4000
		}
	},

	{
		entity_name = "Zs/NPC/mFloor2/02/ACS/Camera",
		type = CAMERA,
		template_name = "",
		lt_grp = 0, srt_grp = 0, usr_flg = 0,
		flags = HIDDEN,
		spatialprops =
		{
			pos = { -2.448901, 1.574584, -2.485616 },
			orient = { { -0.383544,  0.000000, -0.923523 },
					   { -0.038342,  0.999138,  0.015924 },
					   {  0.922726,  0.041517, -0.383213 } }
		},
		cameraprops =
		{
			fovh = 25,
			hvaspect = 1.85,
			nearplane = 0.3,
			farplane = 4000
		}
	},

	{
		entity_name = "Zs/NPC/mFloor2/02/PCO/Camera",
		type = CAMERA,
		template_name = "",
		lt_grp = 0, srt_grp = 0, usr_flg = 0,
		flags = HIDDEN,
		spatialprops =
		{
			pos = { -4.190079, 1.75942, -2.49604 },
			orient = { { -0.375675,  0.000000,  0.926751 },
					   {  0.168482,  0.983336,  0.068297 },
					   { -0.911308,  0.181799, -0.369415 } }
		},
		cameraprops =
		{
			fovh = 25,
			hvaspect = 1.85,
			nearplane = 0.3,
			farplane = 4000
		}
	},

	{
		entity_name = "Prop_Ashtray_3_01",
		type = COMPOUND,
		template_name = "Ashtray_3",
		lt_grp = 0, srt_grp = 0, usr_flg = 0,
		flags = LIT_DYNAMIC,
		spatialprops =
		{
			pos = { -1.783034, 1.203425, 2.11874 },
			orient = { { 1, 0, 0 }, { 0, 1, 0 }, { 0, 0, 1 } }
		},
		userprops =
		{
			category = "Prop",
			Priority = "Room_Prop_1",
		}
	},

	{
		entity_name = "Prop_Glass_2_01",
		type = COMPOUND,
		template_name = "Glass_2",
		lt_grp = 0, srt_grp = 0, usr_flg = 0,
		flags = LIT_DYNAMIC,
		spatialprops =
		{
			pos = { -2.781087, 1.35004, 4.793587 },
			orient = { { 1, 0, 0 }, { 0, 1, 0 }, { 0, 0, 1 } }
		},
		userprops =
		{
			category = "Prop",
