duration = 10000.000;

entities =
{

	{
		entity_name = "Layer_li_01_Bar_Hardpoint",
		type = SCENE,
		template_name = "",
		lt_grp = 0, srt_grp = 0, usr_flg = 0,
		spatialprops =
		{
			pos = { 0, 0, 0 },
			orient = { { 1, 0, 0 }, { 0, 1, 0 }, { 0, 0, 1 } }
		},
		up = Y_AXIS,
		front = Z_AXIS,
		ambient = { 0, 0, 0 }
	},

	{
		entity_name = "Zs/NPC/Bartender/01/AC2/Camera",
		type = CAMERA,
		template_name = "",
		lt_grp = 0, srt_grp = 0, usr_flg = 0,
		flags = HIDDEN,
		spatialprops =
		{
			pos = { 0.665363, 1.728324, 0.11109 },
			orient = { {  0.527706,  0.000000, -0.849427 },
					   { -0.182280,  0.976704, -0.113241 },
					   {  0.829639,  0.214592,  0.515412 } }
		},
		cameraprops =
		{
			fovh = 30,
			hvaspect = 1.85,
			nearplane = 0.2,
			farplane = 5000
		}
	},

	{
		entity_name = "Zs/NPC/Bartender/01/ACOH/Camera",
		type = CAMERA,
		template_name = "",
		lt_grp = 0, srt_grp = 0, usr_flg = 0,
		flags = HIDDEN,
		spatialprops =
		{
			pos = { -0.440354, 1.763658, 0.27286 },
			orient = { {  0.939442,  0.000000, -0.342707 },
					   { -0.067405,  0.980467, -0.184773 },
					   {  0.336013,  0.196684,  0.921092 } }
		},
		cameraprops =
		{
			fovh = 25,
			hvaspect = 1.85,
			nearplane = 0.2,
			farplane = 5000
		}
	},

	{
		entity_name = "Zs/NPC/Bartender/01/ACS/Camera",
		type = CAMERA,
		template_name = "",
		lt_grp = 0, srt_grp = 0, usr_flg = 0,
		flags = HIDDEN,
		spatialprops =
		{
			pos = { -0.259034, 1.580299, -0.287345 },
			orient = { {  0.900570,  0.000000, -0.434712 },
					   { -0.023742,  0.998507, -0.049185 },
					   {  0.434063,  0.054616,  0.899226 } }
		},
		cameraprops =
		{
			fovh = 25,
			hvaspect = 1.85,
			nearplane = 0.2,
			farplane = 5000
		}
	},

	{
		entity_name = "Zs/NPC/Bartender/01/P/Stand",
		type = MARKER,
		template_name = "",
		lt_grp = 0, srt_grp = 0, usr_flg = 0,
		spatialprops =
		{
			pos = { -0.950318, 0, 0.348136 },
			orient = { {  0.901528,  0.000000,  0.432720 },
					   {  0.000000,  1.000000,  0.000000 },
					   { -0.432720,  0.000000,  0.901528 } }
		}
	},

	{
		entity_name = "Zs/NPC/Bartender/01/P2/Stand",
		type = MARKER,
		template_name = "",
		lt_grp = 0, srt_grp = 0, usr_flg = 0,
		spatialprops =
		{
			pos = { -0.765057, 0, -0.131199 },
			orient = { {  0.901528,  0.000000,  0.432720 },
					   {  0.000000,  1.000000,  0.000000 },
					   { -0.432720,  0.000000,  0.901528 } }
		}
	},

	{
		entity_name = "Zs/NPC/Bartender/01/PC2/Camera",
		type = CAMERA,
		template_name = "",
		lt_grp = 0, srt_grp = 0, usr_flg = 0,
		flags = HIDDEN,
		spatialprops =
		{
			pos = { 0.865857, 1.735898, -1.819909 },
			orient = { { -0.426493,  0.000000, -0.904491 },
					   { -0.194352,  0.976642,  0.091642 },
					   {  0.883363,  0.214874, -0.416531 } }
		},
		cameraprops =
		{
			fovh = 30,
			hvaspect = 1.85,
			nearplane = 0.2,
			farplane = 5000
		}
	},

	{
		entity_name = "Zs/NPC/Bartender/01/PCO/Camera",
		type = CAMERA,
		template_name = "",
		lt_grp = 0, srt_grp = 0, usr_flg = 0,
		flags = HIDDEN,
		spatialprops =
		{
			pos = { -0.348761, 1.774567, -2.080593 },
			orient = { { -0.924478,  0.000000, -0.381235 },
					   { -0.077337,  0.979208,  0.187540 },
					   {  0.373308,  0.202860, -0.905256 } }
		},
		cameraprops =
		{
			fovh = 25,
			hvaspect = 1.85,
			nearplane = 0.2,
			farplane = 5000
		}
	},

	{
		entity_name = "Zs/NPC/Bartender/01/PCS/Camera",
		type = CAMERA,
		template_name = "",
		lt_grp = 0, srt_grp = 0, usr_flg = 0,
		flags = HIDDEN,
		spatialprops =
		{
			pos = { -0.334939, 1.683608, -1.446368 },
			orient = { { -0.891676,  0.000000, -0.452674 },
					   { -0.051388,  0.993536,  0.101224 },
					   {  0.449747,  0.113521, -0.885912 } }
		},
		cameraprops =
		{
			fovh = 25,
			hvaspect = 1.85,
			nearplane = 0.2,
			farplane = 5000
		}
	},

	{
		entity_name = "Zs/NPC/Bartender/01/WFC/Camera",
		type = CAMERA,
		template_name = "",
		lt_grp = 0, srt_grp = 0, usr_flg = 0,
		flags = HIDDEN,
		spatialprops =
		{
			pos = { 10.29425, 3.25273, 0.597333 },
			orient = { {  0.261519,  0.000000, -0.965198 },
					   { -0.086241,  0.996000, -0.023367 },
					   {  0.961338,  0.089350,  0.260473 } }
		},
		cameraprops =
		{
			fovh = 30,
			hvaspect = 1.85,
			nearplane = 0.2,
			farplane = 5000
		}
	},

	{
		entity_name = "Zg/NPC/mTable3/02/A/SitLow",
		type = MARKER,
		template_name = "",
		lt_grp = 0, srt_grp = 0, usr_flg = 0,
		spatialprops =
		{
			pos = { -1.087451, 0, 6.069497 },
			orient = { {  0.000502,  0.000000,  1.000000 },
					   {  0.000000,  1.000000,  0.000000 },
					   { -1.000000,  0.000000,  0.000502 } }
		}
	},

	{
		entity_name = "Zg/NPC/mTable3/02/B/SitLow",
		type = MARKER,
		template_name = "",
		lt_grp = 0, srt_grp = 0, usr_flg = 0,
		spatialprops =
		{
			pos = { -0.167074, 0, 6.981045 },
			orient = { {  0.999990,  0.000000, -0.004450 },
					   {  0.000000,  1.000000,  0.000000 },
					   {  0.004450,  0.000000,  0.999990 } }
		}
	},

	{
		entity_name = "Zg/NPC/mTable3/02/C/SitLow",
		type = MARKER,
		template_name = "",
		lt_grp = 0, srt_grp = 0, usr_flg = 0,
		spatialprops =
		{
			pos = { 1.084486, 0, 6.443867 },
			orient = { {  0.008801,  0.000000, -0.999961 },
					   {  0.000000,  1.000000,  0.000000 },
					   {  0.999961,  0.000000,  0.008801 } }
		}
	},

	{
		entity_name = "Camera_Mission",
		type = CAMERA,
		template_name = "",
		lt_grp = 0, srt_grp = 0, usr_flg = 0,
		flags = HIDDEN,
		spatialprops =
		{
			pos = { -1.361648, 3.018216, 0.93955 },
			orient = { {  0.804218,  0.000000, -0.594334 },
					   { -0.056614,  0.995453, -0.076606 },
					   {  0.591632,  0.095256,  0.800561 } }
		},
		cameraprops =
		{
			fovh = 30,
			hvaspect = 1.85,
			nearplane = 0.5,
			farplane = 100
		}
	},

	{
		entity_name = "Zg/NPC/mTable3/01/B/SitLow",
		type = MARKER,
		template_name = "",
		lt_grp = 0, srt_grp = 0, usr_flg = 0,
		spatialprops =
		{
			pos = { -4.795795, 0, 6.125414 },
			orient = { {  0.012742,  0.000000,  0.999919 },
					   {  0.000000,  1.000000,  0.000000 },
					   { -0.999919,  0.000000,  0.012742 } }
		}
	},

	{
		entity_name = "Zg/NPC/mTable3/01/A/SitLow",
		type = MARKER,
		template_name = "",
		lt_grp = 0, srt_grp = 0, usr_flg = 0,
		spatialprops =
		{
			pos = { -4.036946, 0, 6.972219 },
			orient = { {  0.999990,  0.000000, -0.004450 },
					   {  0.000000,  1.000000,  0.000000 },
					   {  0.004450,  0.000000,  0.999990 } }
		}
	},

	{
		entity_name = "Zg/NPC/mTable3/01/C/SitLow",
		type = MARKER,
		template_name = "",
		lt_grp = 0, srt_grp = 0, usr_flg = 0,
		spatialprops =
		{
			pos = { -2.67485, 0, 6.296648 },
			orient = { {  0.008801,  0.000000, -0.999961 },
					   {  0.000000,  1.000000,  0.000000 },
					   {  0.999961,  0.000000,  0.008801 } }
		}
	},

	{
		entity_name = "Zg/NPC/mFloor3/01/A/Stand",
		type = MARKER,
		template_name = "",
		lt_grp = 0, srt_grp = 0, usr_flg = 0,
		spatialprops =
		{
			pos = { -3.876644, 0, 2.741321 },
			orient = { { -0.828364,  0.000000, -0.560191 },
					   {  0.000000,  1.000000,  0.000000 },
					   {  0.560191,  0.000000, -0.828364 } }
		}
	},

	{
		entity_name = "Zg/NPC/mFloor3/01/B/Stand",
		type = MARKER,
		template_name = "",
		lt_grp = 0, srt_grp = 0, usr_flg = 0,
		spatialprops =
		{
			pos = { -3.214922, 0, 4.032933 },
			orient = { {  0.710049,  0.000000, -0.704152 },
					   {  0.000000,  1.000000,  0.000000 },
					   {  0.704152,  0.000000,  0.710049 } }
		}
	},

	{
		entity_name = "Zg/NPC/mFloor3/01/C/Stand",
		type = MARKER,
		template_name = "",
		lt_grp = 0, srt_grp = 0, usr_flg = 0,
		spatialprops =
		{
			pos = { -4.281355, 0, 3.363951 },
			orient = { {  0.025871,  0.000000,  0.999665 },
					   {  0.000000,  1.000000,  0.000000 },
					   { -0.999665,  0.000000,  0.025871 } }
		}
	},

	{
		entity_name = "Zg/NPC/mFloor3/02/B/Stand",
		type = MARKER,
		template_name = "",
		lt_grp = 0, srt_grp = 0, usr_flg = 0,
		spatialprops =
		{
			pos = { 0.507033, 0, 3.997618 },
			orient = { {  0.710049,  0.000000, -0.704152 },
					   {  0.000000,  1.000000,  0.000000 },
					   {  0.704152,  0.000000,  0.710049 } }
		}
	},

	{
		entity_name = "Zg/NPC/mFloor3/02/C/Stand",
		type = MARKER,
		template_name = "",
		lt_grp = 0, srt_grp = 0, usr_flg = 0,
		spatialprops =
		{
			pos = { -0.525437, 0, 2.814744 },
			orient = { { -0.998271,  0.000000,  0.058778 },
					   {  0.000000,  1.000000,  0.000000 },
					   { -0.058778,  0.000000, -0.998271 } }
		}
	},

	{
		entity_name = "Zg/NPC/mFloor3/02/A/Stand",
		type = MARKER,
		template_name = "",
		lt_grp = 0, srt_grp = 0, usr_flg = 0,
		spatialprops =
		{
			pos = { -0.558868, 0, 2.688253 },
			orient = { { -0.800613,  0.000000,  0.599181 },
					   {  0.000000,  1.000000,  0.000000 },
					   { -0.599181,  0.000000, -0.800613 } }
		}
	},

	{
		entity_name = "Camera_0",
		type = CAMERA,
		template_name = "",
		lt_grp = 0, srt_grp = 0, usr_flg = 0,
		flags = HIDDEN,
		spatialprops =
		{
			pos = { 5.588439, 3.274659, 6.748697 },
			orient = { {  0.448589,  0.000000, -0.893738 },
					   { -0.217777,  0.969858, -0.109307 },
					   {  0.866799,  0.243669,  0.435068 } }
		},
		cameraprops =
		{
			fovh = 35,
			hvaspect = 1.333333,
			nearplane = 0.5,
			farplane = 100
		}
	},

	{
		entity_name = "Zg/PC/Player/01/A/Stand",
		type = MARKER,
		template_name = "",
		lt_grp = 0, srt_grp = 0, usr_flg = 0,
		spatialprops =
		{
			pos = { -6.825219, 0, 3.603484 },
			orient = { {  0.067779,  0.000000,  0.997700 },
					   {  0.000000,  1.000000,  0.000000 },
					   { -0.997700,  0.000000,  0.067779 } }
		}
	},

	{
		entity_name = "Zs/NPC/Bartender/01/A/Stand",
		type = MARKER,
		template_name = "",
		lt_grp = 0, srt_grp = 0, usr_flg = 0,
		spatialprops =
		{
			pos = { -0.691456, 0, -1.747461 },
			orient = { { -0.995981,  0.000000,  0.089560 },
					   {  0.000000,  1.000000,  0.000000 },
					   { -0.089560,  0.000000, -0.995981 } }
		}
	},

	{
		entity_name = "Zg/NPC/rFloor2/01/A/Stand",
		type = MARKER,
		template_name = "",
		lt_grp = 0, srt_grp = 0, usr_flg = 0,
		spatialprops =
		{
			pos = { 3.417638, 0, 2.818853 },
			orient = { { -0.974136,  0.000000, -0.225962 },
					   {  0.000000,  1.000000,  0.000000 },
					   {  0.225962,  0.000000, -0.974136 } }
		}
	},

	{
		entity_name = "Zg/NPC/mFloor2/01/A/Stand",
		type = MARKER,
		template_name = "",
		lt_grp = 0, srt_grp = 0, usr_flg = 0,
		spatialprops =
		{
			pos = { -2.427035, 0, 0.309625 },
			orient = { { -0.980152,  0.000000,  0.198249 },
					   {  0.000000,  1.000000,  0.000000 },
					   { -0.198249,  0.000000, -0.980152 } }
		}
	},

	{
		entity_name = "Zs/NPC/mTable3/01/AC2/Camera",
		type = CAMERA,
		template_name = "",
		lt_grp = 0, srt_grp = 0, usr_flg = 0,
		flags = HIDDEN,
		spatialprops =
		{
			pos = { -3.685728, 1.702196, 4.337722 },
			orient = { { -0.886216,  0.000000, -0.463273 },
					   { -0.094711,  0.978879,  0.181177 },
					   {  0.453488,  0.204438, -0.867499 } }
		},
		cameraprops =
		{
			fovh = 30,
			hvaspect = 1.85,
			nearplane = 0.2,
			farplane = 5000
		}
	},

	{
		entity_name = "Zs/NPC/mTable3/01/ACOH/Camera",
		type = CAMERA,
		template_name = "",
		lt_grp = 0, srt_grp = 0, usr_flg = 0,
		flags = HIDDEN,
		spatialprops =
		{
			pos = { -4.827402, 1.951378, 4.739693 },
			orient = { { -0.988505,  0.000000,  0.151186 },
					   {  0.062238,  0.911334,  0.406936 },
					   { -0.137781,  0.411668, -0.900859 } }
		},
		cameraprops =
		{
			fovh = 20,
			hvaspect = 1.85,
			nearplane = 0.2,
			farplane = 5000
		}
	},

	{
		entity_name = "Zs/NPC/mTable3/01/PC2/Camera",
		type = CAMERA,
		template_name = "",
		lt_grp = 0, srt_grp = 0, usr_flg = 0,
		flags = HIDDEN,
		spatialprops =
		{
			pos = { -2.222245, 1.68985, 6.403424 },
			orient = { {  0.011168,  0.000000, -0.999938 },
					   { -0.231177,  0.972908, -0.002582 },
					   {  0.972848,  0.231192,  0.010866 } }
		},
		cameraprops =
		{
			fovh = 30,
			hvaspect = 1.85,
			nearplane = 0.2,
			farplane = 5000
		}
	},

	{
		entity_name = "Zs/NPC/mTable3/01/ACOL/Camera",
		type = CAMERA,
		template_name = "",
		lt_grp = 0, srt_grp = 0, usr_flg = 0,
		flags = HIDDEN,
		spatialprops =
		{
			pos = { -4.636515, 1.416938, 4.617265 },
			orient = { { -0.997207,  0.000000,  0.074682 },
					   {  0.013769,  0.982857,  0.183853 },
					   { -0.073401,  0.184368, -0.980113 } }
		},
		cameraprops =
		{
			fovh = 20,
			hvaspect = 1.85,
			nearplane = 0.2,
			farplane = 5000
		}
	},

	{
		entity_name = "Zs/NPC/mTable3/01/PCU/Camera",
		type = CAMERA,
		template_name = "",
		lt_grp = 0, srt_grp = 0, usr_flg = 0,
		flags = HIDDEN,
		spatialprops =
		{
			pos = { -4.199567, 1.531307, 6.092894 },
			orient = { {  0.591113,  0.000000, -0.806589 },
					   {  0.091284,  0.993575,  0.066898 },
					   {  0.801407, -0.113173,  0.587315 } }
		},
		cameraprops =
		{
			fovh = 20,
			hvaspect = 1.85,
			nearplane = 0.2,
			farplane = 5000
		}
	},

	{
		entity_name = "Zs/NPC/mTable3/01/WFC/Camera",
		type = CAMERA,
		template_name = "",
		lt_grp = 0, srt_grp = 0, usr_flg = 0,
		flags = HIDDEN,
		spatialprops =
		{
			pos = { -2.253217, 3.505772, 6.543272 },
			orient = { { -0.049307,  0.000000, -0.998784 },
					   { -0.733052,  0.679209,  0.036189 },
					   {  0.678383,  0.733945, -0.033490 } }
		},
		cameraprops =
		{
			fovh = 30,
			hvaspect = 1.85,
			nearplane = 0.2,
			farplane = 5000
		}
	},

	{
		entity_name = "Zs/NPC/mTable3/01/PCO/Camera",
		type = CAMERA,
		template_name = "",
		lt_grp = 0, srt_grp = 0, usr_flg = 0,
		flags = HIDDEN,
		spatialprops =
		{
			pos = { -3.353607, 1.15645, 7.164669 },
			orient = { {  0.616372,  0.000000, -0.787455 },
					   {  0.077217,  0.995181,  0.060441 },
					   {  0.783660, -0.098059,  0.613401 } }
		},
		cameraprops =
		{
			fovh = 20,
			hvaspect = 1.85,
			nearplane = 0.2,
			farplane = 5000
		}
	},

	{
		entity_name = "Zs/NPC/mTable3/01/ACU/Camera",
		type = CAMERA,
		template_name = "",
		lt_grp = 0, srt_grp = 0, usr_flg = 0,
		flags = HIDDEN,
		spatialprops =
		{
			pos = { -4.267264, 1.36248, 6.001842 },
			orient = { { -0.984838,  0.000000,  0.173476 },
					   {  0.029943,  0.984991,  0.169988 },
					   { -0.170872,  0.172605, -0.970057 } }
		},
		cameraprops =
		{
			fovh = 20,
			hvaspect = 1.85,
			nearplane = 0.2,
			farplane = 5000
		}
	},

	{
		entity_name = "Zs/NPC/mTable3/01/PCS/Camera",
		type = CAMERA,
		template_name = "",
		lt_grp = 0, srt_grp = 0, usr_flg = 0,
		flags = HIDDEN,
		spatialprops =
		{
			pos = { -3.815809, 1.418913, 6.512878 },
			orient = { {  0.598916,  0.000000, -0.800812 },
					   {  0.062982,  0.996903,  0.047103 },
					   {  0.798331, -0.078647,  0.597061 } }
		},
		cameraprops =
		{
			fovh = 20,
			hvaspect = 1.85,
			nearplane = 0.2,
			farplane = 5000
		}
	},

	{
		entity_name = "Zs/NPC/mTable3/01/ACS/Camera",
		type = CAMERA,
		template_name = "",
		lt_grp = 0, srt_grp = 0, usr_flg = 0,
		flags = HIDDEN,
		spatialprops =
		{
			pos = { -4.468184, 1.347021, 5.436107 },
			orient = { { -0.984062,  0.000000,  0.177827 },
					   {  0.027904,  0.987612,  0.154414 },
					   { -0.175624,  0.156914, -0.971871 } }
		},
		cameraprops =
		{
			fovh = 20,
			hvaspect = 1.85,
			nearplane = 0.2,
			farplane = 5000
		}
	},

	{
		entity_name = "Zs/NPC/mTable3/01/TCI/Camera",
		type = CAMERA,
		template_name = "",
		lt_grp = 0, srt_grp = 0, usr_flg = 0,
		flags = HIDDEN,
		spatialprops =
		{
			pos = { -4.910463, 1.833047, 5.12951 },
			orient = { { -0.835146,  0.000000,  0.550029 },
					   {  0.323718,  0.808463,  0.491523 },
					   { -0.444678,  0.588547, -0.675184 } }
		},
		cameraprops =
		{
			fovh = 15,
			hvaspect = 1.85,
			nearplane = 0.2,
			farplane = 5000
		}
	},

	{
		entity_name = "Zs/NPC/mTable3/02/AC2/Camera",
		type = CAMERA,
		template_name = "",
		lt_grp = 0, srt_grp = 0, usr_flg = 0,
		flags = HIDDEN,
		spatialprops =
		{
			pos = { 1.549868, 1.702196, 6.398858 },
			orient = { {  0.427840,  0.000000, -0.903855 },
					   { -0.192323,  0.977100, -0.091036 },
					   {  0.883156,  0.212781,  0.418042 } }
		},
		cameraprops =
		{
			fovh = 30,
			hvaspect = 1.85,
			nearplane = 0.2,
			farplane = 5000
		}
	},

	{
		entity_name = "Zs/NPC/mTable3/02/ACOH/Camera",
		type = CAMERA,
		template_name = "",
		lt_grp = 0, srt_grp = 0, usr_flg = 0,
		flags = HIDDEN,
		spatialprops =
		{
			pos = { 1.095221, 1.941713, 5.214443 },
			orient = { { -0.214480,  0.000000, -0.976728 },
					   { -0.402860,  0.910976,  0.088464 },
					   {  0.889776,  0.412459, -0.195386 } }
		},
		cameraprops =
		{
			fovh = 20,
			hvaspect = 1.85,
			nearplane = 0.2,
			farplane = 5000
		}
	},

	{
		entity_name = "Zs/NPC/mTable3/02/ACOL/Camera",
		type = CAMERA,
		template_name = "",
		lt_grp = 0, srt_grp = 0, usr_flg = 0,
		flags = HIDDEN,
		spatialprops =
		{
			pos = { 1.259373, 1.440774, 5.452405 },
			orient = { { -0.091498,  0.000000, -0.995805 },
					   { -0.200066,  0.979610,  0.018383 },
					   {  0.975501,  0.200909, -0.089633 } }
		},
		cameraprops =
		{
			fovh = 20,
			hvaspect = 1.85,
			nearplane = 0.2,
			farplane = 5000
		}
	},

	{
		entity_name = "Zs/NPC/mTable3/02/ACS/Camera",
		type = CAMERA,
		template_name = "",
		lt_grp = 0, srt_grp = 0, usr_flg = 0,
		flags = HIDDEN,
		spatialprops =
		{
			pos = { 0.557844, 1.316438, 5.838069 },
			orient = { { -0.046417,  0.000000, -0.998922 },
					   { -0.141585,  0.989904,  0.006579 },
					   {  0.988837,  0.141738, -0.045949 } }
		},
		cameraprops =
		{
			fovh = 20,
			hvaspect = 1.85,
			nearplane = 0.2,
			farplane = 5000
		}
	},

	{
		entity_name = "Zs/NPC/mTable3/02/ACU/Camera",
		type = CAMERA,
		template_name = "",
		lt_grp = 0, srt_grp = 0, usr_flg = 0,
		flags = HIDDEN,
		spatialprops =
		{
			pos = { -0.11594, 1.359131, 5.907802 },
			orient = { { -0.094209,  0.000000, -0.995552 },
					   { -0.166874,  0.985852,  0.015791 },
					   {  0.981467,  0.167620, -0.092876 } }
		},
		cameraprops =
		{
			fovh = 20,
			hvaspect = 1.85,
			nearplane = 0.2,
			farplane = 5000
		}
	},

	{
		entity_name = "Zs/NPC/mTable3/02/PC2/Camera",
		type = CAMERA,
		template_name = "",
		lt_grp = 0, srt_grp = 0, usr_flg = 0,
		flags = HIDDEN,
		spatialprops =
		{
			pos = { 0.085369, 1.68243, 7.793978 },
			orient = { {  0.978499,  0.000000, -0.206250 },
					   { -0.046827,  0.973885, -0.222159 },
					   {  0.200864,  0.227041,  0.952946 } }
		},
		cameraprops =
		{
			fovh = 30,
			hvaspect = 1.85,
			nearplane = 0.2,
			farplane = 5000
		}
	},

	{
		entity_name = "Zs/NPC/mTable3/02/PCO/Camera",
		type = CAMERA,
		template_name = "",
		lt_grp = 0, srt_grp = 0, usr_flg = 0,
		flags = HIDDEN,
		spatialprops =
		{
			pos = { -1.270389, 1.153015, 6.697911 },
			orient = { {  0.776267,  0.000000,  0.630404 },
					   { -0.070005,  0.993815,  0.086203 },
					   { -0.626505, -0.111047,  0.771466 } }
		},
		cameraprops =
		{
			fovh = 20,
			hvaspect = 1.85,
			nearplane = 0.2,
			farplane = 5000
		}
	},

	{
		entity_name = "Zs/NPC/mTable3/02/PCS/Camera",
		type = CAMERA,
		template_name = "",
		lt_grp = 0, srt_grp = 0, usr_flg = 0,
		flags = HIDDEN,
		spatialprops =
		{
			pos = { -0.676611, 1.396456, 6.375049 },
			orient = { {  0.803121,  0.000000,  0.595816 },
					   { -0.044268,  0.997236,  0.059671 },
					   { -0.594170, -0.074298,  0.800901 } }
		},
		cameraprops =
		{
			fovh = 20,
			hvaspect = 1.85,
			nearplane = 0.2,
			farplane = 5000
		}
	},

	{
		entity_name = "Zs/NPC/mTable3/02/PCU/Camera",
		type = CAMERA,
		template_name = "",
		lt_grp = 0, srt_grp = 0, usr_flg = 0,
		flags = HIDDEN,
		spatialprops =
		{
			pos = { -0.217692, 1.48249, 5.898937 },
			orient = { {  0.805917,  0.000000,  0.592029 },
					   { -0.097754,  0.986274,  0.133071 },
					   { -0.583903, -0.165118,  0.794855 } }
		},
		cameraprops =
		{
			fovh = 20,
			hvaspect = 1.85,
			nearplane = 0.2,
			farplane = 5000
		}
	},

	{
		entity_name = "Zs/NPC/mTable3/02/TCI/Camera",
		type = CAMERA,
		template_name = "",
		lt_grp = 0, srt_grp = 0, usr_flg = 0,
		flags = HIDDEN,
		spatialprops =
		{
			pos = { 0.820128, 1.934624, 5.408638 },
			orient = { { -0.339846,  0.000000, -0.940481 },
					   { -0.585079,  0.782933,  0.211421 },
					   {  0.736333,  0.622106, -0.266077 } }
		},
		cameraprops =
		{
			fovh = 15,
			hvaspect = 1.85,
			nearplane = 0.2,
			farplane = 5000
		}
	},

	{
		entity_name = "Zs/NPC/mTable3/02/WFC/Camera",
		type = CAMERA,
		template_name = "",
		lt_grp = 0, srt_grp = 0, usr_flg = 0,
		flags = HIDDEN,
		spatialprops =
		{
			pos = { 6.291057, 3.682008, 5.840061 },
			orient = { { -0.134608,  0.000000, -0.990899 },
					   { -0.252872,  0.966890,  0.034351 },
					   {  0.958090,  0.255194, -0.130151 } }
		},
		cameraprops =
		{
			fovh = 30,
			hvaspect = 1.85,
			nearplane = 0.2,
			farplane = 5000
		}
	},

	{
		entity_name = "Zs/NPC/mFloor3/01/AC2/Camera",
		type = CAMERA,
		template_name = "",
		lt_grp = 0, srt_grp = 0, usr_flg = 0,
		flags = HIDDEN,
		spatialprops =
		{
			pos = { -3.694951, 1.642146, 4.451154 },
			orient = { {  0.921827,  0.000000, -0.387602 },
					   { -0.050435,  0.991498, -0.119948 },
					   {  0.384307,  0.130120,  0.913990 } }
		},
		cameraprops =
		{
			fovh = 30,
			hvaspect = 1.85,
			nearplane = 0.2,
			farplane = 5000
		}
	},

	{
		entity_name = "Zs/NPC/mFloor3/01/ACOH/Camera",
		type = CAMERA,
		template_name = "",
		lt_grp = 0, srt_grp = 0, usr_flg = 0,
		flags = HIDDEN,
		spatialprops =
		{
			pos = { -4.304553, 1.760927, 4.101599 },
			orient = { {  0.995557,  0.000000,  0.094166 },
					   {  0.017239,  0.983099, -0.182260 },
					   { -0.092575,  0.183073,  0.978731 } }
		},
		cameraprops =
		{
			fovh = 25,
			hvaspect = 1.85,
			nearplane = 0.2,
			farplane = 5000
		}
	},

	{
		entity_name = "Zs/NPC/mFloor3/01/ACS/Camera",
		type = CAMERA,
		template_name = "",
		lt_grp = 0, srt_grp = 0, usr_flg = 0,
		flags = HIDDEN,
		spatialprops =
		{
			pos = { -4.156519, 1.644717, 3.813471 },
			orient = { {  0.997619,  0.000000,  0.068969 },
					   {  0.004388,  0.997974, -0.063467 },
					   { -0.068830,  0.063619,  0.995598 } }
		},
		cameraprops =
		{
			fovh = 25,
			hvaspect = 1.85,
			nearplane = 0.2,
			farplane = 5000
		}
	},

	{
		entity_name = "Zs/NPC/mFloor3/01/ACU/Camera",
		type = CAMERA,
		template_name = "",
		lt_grp = 0, srt_grp = 0, usr_flg = 0,
		flags = HIDDEN,
		spatialprops =
		{
			pos = { -4.123268, 1.689358, 3.551566 },
			orient = { {  0.984514,  0.000000,  0.175308 },
					   {  0.010388,  0.998243, -0.058337 },
					   { -0.175000,  0.059255,  0.982784 } }
		},
		cameraprops =
		{
			fovh = 25,
			hvaspect = 1.85,
			nearplane = 0.2,
			farplane = 5000
		}
	},

	{
		entity_name = "Zs/NPC/mFloor3/01/PC2/Camera",
		type = CAMERA,
		template_name = "",
		lt_grp = 0, srt_grp = 0, usr_flg = 0,
		flags = HIDDEN,
		spatialprops =
		{
			pos = { -2.771208, 1.641902, 3.525643 },
			orient = { {  0.253710,  0.000000, -0.967280 },
					   { -0.143783,  0.988890, -0.037713 },
					   {  0.956534,  0.148646,  0.250892 } }
		},
		cameraprops =
		{
			fovh = 30,
			hvaspect = 1.85,
			nearplane = 0.2,
			farplane = 5000
		}
	},

	{
		entity_name = "Zs/NPC/mFloor3/01/PCO/Camera",
		type = CAMERA,
		template_name = "",
		lt_grp = 0, srt_grp = 0, usr_flg = 0,
		flags = HIDDEN,
		spatialprops =
		{
			pos = { -3.293703, 1.753202, 2.727094 },
			orient = { { -0.401177,  0.000000, -0.916000 },
					   { -0.160180,  0.984592,  0.070153 },
					   {  0.901887,  0.174868, -0.394996 } }
		},
		cameraprops =
		{
			fovh = 25,
			hvaspect = 1.85,
			nearplane = 0.2,
			farplane = 5000
		}
	},

	{
		entity_name = "Zs/NPC/mFloor3/01/PCS/Camera",
		type = CAMERA,
		template_name = "",
		lt_grp = 0, srt_grp = 0, usr_flg = 0,
		flags = HIDDEN,
		spatialprops =
		{
			pos = { -3.466843, 1.69055, 2.945816 },
			orient = { { -0.372093,  0.000000, -0.928195 },
					   { -0.096392,  0.994593,  0.038641 },
					   {  0.923177,  0.103849, -0.370081 } }
		},
		cameraprops =
		{
			fovh = 25,
			hvaspect = 1.85,
			nearplane = 0.2,
			farplane = 5000
		}
	},

	{
		entity_name = "Zs/NPC/mFloor3/01/PCU/Camera",
		type = CAMERA,
		template_name = "",
		lt_grp = 0, srt_grp = 0, usr_flg = 0,
		flags = HIDDEN,
		spatialprops =
		{
			pos = { -3.799501, 1.717465, 3.098361 },
			orient = { { -0.458225,  0.000000, -0.888836 },
					   { -0.080772,  0.995862,  0.041640 },
					   {  0.885159,  0.090873, -0.456329 } }
		},
		cameraprops =
		{
			fovh = 25,
			hvaspect = 1.85,
			nearplane = 0.2,
			farplane = 5000
		}
	},

	{
		entity_name = "Zs/NPC/mFloor3/01/TCI/Camera",
		type = CAMERA,
		template_name = "",
		lt_grp = 0, srt_grp = 0, usr_flg = 0,
		flags = HIDDEN,
		spatialprops =
		{
			pos = { -4.262884, 1.795991, 3.699324 },
			orient = { {  0.979997,  0.000000,  0.199010 },
					   {  0.136036,  0.729891, -0.669891 },
					   { -0.145256,  0.683564,  0.715291 } }
		},
		cameraprops =
		{
			fovh = 15,
			hvaspect = 1.85,
			nearplane = 0.2,
			farplane = 5000
		}
	},

	{
		entity_name = "Zs/NPC/mFloor3/01/WFC/Camera",
		type = CAMERA,
		template_name = "",
		lt_grp = 0, srt_grp = 0, usr_flg = 0,
		flags = HIDDEN,
		spatialprops =
		{
			pos = { -1.465337, 3.247953, 7.447592 },
			orient = { {  0.673269,  0.000000, -0.739398 },
					   { -0.274364,  0.928607, -0.249826 },
					   {  0.686610,  0.371064,  0.625202 } }
		},
		cameraprops =
		{
			fovh = 30,
			hvaspect = 1.85,
			nearplane = 0.2,
			farplane = 5000
		}
	},

	{
		entity_name = "Zs/NPC/mFloor3/01/P2/Stand",
		type = MARKER,
		template_name = "",
		lt_grp = 0, srt_grp = 0, usr_flg = 0,
		spatialprops =
		{
			pos = { -4.450296, 0, 3.559328 },
			orient = { {  0.556770,  0.000000,  0.830667 },
					   {  0.000000,  1.000000,  0.000000 },
					   { -0.830667,  0.000000,  0.556770 } }
		}
	},

	{
		entity_name = "Zs/NPC/mFloor3/01/P/Stand",
		type = MARKER,
		template_name = "",
		lt_grp = 0, srt_grp = 0, usr_flg = 0,
		spatialprops =
		{
			pos = { -4.853353, 0, 3.87812 },
			orient = { {  0.556770,  0.000000,  0.830667 },
					   {  0.000000,  1.000000,  0.000000 },
					   { -0.830667,  0.000000,  0.556770 } }
		}
	},

	{
		entity_name = "Camera_News",
		type = CAMERA,
		template_name = "",
		lt_grp = 0, srt_grp = 0, usr_flg = 0,
		flags = HIDDEN,
		spatialprops =
		{
			pos = { -1.146217, 3.578985, 0.3575 },
			orient = { {  0.924463,  0.000000, -0.381271 },
					   { -0.083702,  0.975605, -0.202950 },
					   {  0.371970,  0.219533,  0.901911 } }
		},
		cameraprops =
		{
			fovh = 30,
			hvaspect = 1.85,
			nearplane = 0.5,
			farplane = 100
		}
	},

	{
		entity_name = "Zs/NPC/mFloor3/02/P2/Stand",
		type = MARKER,
		template_name = "",
		lt_grp = 0, srt_grp = 0, usr_flg = 0,
		spatialprops =
		{
			pos = { -0.673733, -0.0054, 4.164171 },
			orient = { {  0.890789,  0.000000,  0.454416 },
					   {  0.000000,  1.000000,  0.000000 },
					   { -0.454416,  0.000000,  0.890789 } }
		}
	},

	{
		entity_name = "Zs/NPC/mFloor3/02/P/Stand",
		type = MARKER,
		template_name = "",
		lt_grp = 0, srt_grp = 0, usr_flg = 0,
		spatialprops =
		{
			pos = { -0.877053, -0.0054, 4.634014 },
			orient = { {  0.890789,  0.000000,  0.454416 },
					   {  0.000000,  1.000000,  0.000000 },
					   { -0.454416,  0.000000,  0.890789 } }
		}
	},

	{
		entity_name = "Zs/NPC/mFloor3/02/AC2/Camera",
		type = CAMERA,
		template_name = "",
		lt_grp = 0, srt_grp = 0, usr_flg = 0,
		flags = HIDDEN,
		spatialprops =
		{
			pos = { 0.471426, 1.724994, 4.661947 },
			orient = { {  0.712866,  0.000000, -0.701300 },
					   { -0.138279,  0.980368, -0.140560 },
					   {  0.687532,  0.197175,  0.698871 } }
		},
		cameraprops =
		{
			fovh = 30,
			hvaspect = 1.85,
			nearplane = 0.2,
			farplane = 5000
		}
	},

	{
		entity_name = "Zs/NPC/mFloor3/02/ACOH/Camera",
		type = CAMERA,
		template_name = "",
		lt_grp = 0, srt_grp = 0, usr_flg = 0,
		flags = HIDDEN,
		spatialprops =
		{
			pos = { -0.272293, 1.771656, 4.655132 },
			orient = { {  0.945786,  0.000000, -0.324789 },
					   { -0.064707,  0.979953, -0.188428 },
					   {  0.318278,  0.199229,  0.926826 } }
		},
		cameraprops =
		{
			fovh = 25,
			hvaspect = 1.85,
			nearplane = 0.2,
			farplane = 5000
		}
	},

	{
		entity_name = "Zs/NPC/mFloor3/02/ACS/Camera",
		type = CAMERA,
		template_name = "",
		lt_grp = 0, srt_grp = 0, usr_flg = 0,
		flags = HIDDEN,
		spatialprops =
		{
			pos = { -0.120024, 1.688927, 3.957911 },
			orient = { {  0.887216,  0.000000, -0.461354 },
					   { -0.058561,  0.991911, -0.112616 },
					   {  0.457623,  0.126932,  0.880040 } }
		},
		cameraprops =
		{
			fovh = 25,
			hvaspect = 1.85,
			nearplane = 0.2,
			farplane = 5000
		}
	},

	{
		entity_name = "Zs/NPC/mFloor3/02/ACU/Camera",
		type = CAMERA,
		template_name = "",
		lt_grp = 0, srt_grp = 0, usr_flg = 0,
		flags = HIDDEN,
		spatialprops =
		{
			pos = { -0.377468, 1.704529, 3.47401 },
			orient = { {  0.951826,  0.000000, -0.306640 },
					   { -0.024690,  0.996753, -0.076639 },
					   {  0.305644,  0.080518,  0.948735 } }
		},
		cameraprops =
		{
			fovh = 25,
			hvaspect = 1.85,
			nearplane = 0.2,
			farplane = 5000
		}
	},

	{
		entity_name = "Zs/NPC/mFloor3/02/PC2/Camera",
		type = CAMERA,
		template_name = "",
		lt_grp = 0, srt_grp = 0, usr_flg = 0,
		flags = HIDDEN,
		spatialprops =
		{
			pos = { 0.763422, 1.731001, 2.414551 },
			orient = { { -0.534266,  0.000000, -0.845316 },
					   { -0.178283,  0.977506,  0.112681 },
					   {  0.826302,  0.210907, -0.522248 } }
		},
		cameraprops =
		{
			fovh = 30,
			hvaspect = 1.85,
			nearplane = 0.2,
			farplane = 5000
		}
	},

	{
		entity_name = "Zs/NPC/mFloor3/02/PCO/Camera",
		type = CAMERA,
		template_name = "",
		lt_grp = 0, srt_grp = 0, usr_flg = 0,
		flags = HIDDEN,
		spatialprops =
		{
			pos = { -0.072762, 1.770619, 2.285731 },
			orient = { { -0.873284,  0.000000, -0.487211 },
					   { -0.094448,  0.981030,  0.169290 },
					   {  0.477968,  0.193855, -0.856718 } }
		},
		cameraprops =
		{
			fovh = 25,
			hvaspect = 1.85,
			nearplane = 0.2,
			farplane = 5000
		}
	},

	{
		entity_name = "Zs/NPC/mFloor3/02/PCS/Camera",
		type = CAMERA,
		template_name = "",
		lt_grp = 0, srt_grp = 0, usr_flg = 0,
		flags = HIDDEN,
		spatialprops =
		{
			pos = { -0.186362, 1.71928, 2.951446 },
			orient = { { -0.859706,  0.000000, -0.510790 },
					   { -0.074635,  0.989267,  0.125617 },
					   {  0.505308,  0.146117, -0.850479 } }
		},
		cameraprops =
		{
			fovh = 25,
			hvaspect = 1.85,
			nearplane = 0.2,
			farplane = 5000
		}
	},

	{
		entity_name = "Zs/NPC/mFloor3/02/PCU/Camera",
		type = CAMERA,
		template_name = "",
		lt_grp = 0, srt_grp = 0, usr_flg = 0,
		flags = HIDDEN,
		spatialprops =
		{
			pos = { -0.389853, 1.718206, 3.384354 },
			orient = { { -0.891454,  0.000000, -0.453111 },
					   { -0.044414,  0.995185,  0.087380 },
					   {  0.450929,  0.098019, -0.887161 } }
		},
		cameraprops =
		{
			fovh = 25,
			hvaspect = 1.85,
			nearplane = 0.2,
			farplane = 5000
		}
	},

	{
		entity_name = "Zs/NPC/mFloor3/02/TCI/Camera",
		type = CAMERA,
		template_name = "",
		lt_grp = 0, srt_grp = 0, usr_flg = 0,
		flags = HIDDEN,
		spatialprops =
		{
			pos = { 0.304054, 1.915467, 3.216634 },
			orient = { {  0.405563,  0.000000, -0.914067 },
					   { -0.700265,  0.642723, -0.310702 },
					   {  0.587492,  0.766099,  0.260665 } }
		},
		cameraprops =
		{
			fovh = 15,
			hvaspect = 1.85,
			nearplane = 0.2,
			farplane = 5000
		}
	},

	{
		entity_name = "Zs/NPC/mFloor3/02/WFC/Camera",
		type = CAMERA,
		template_name = "",
		lt_grp = 0, srt_grp = 0, usr_flg = 0,
		flags = HIDDEN,
		spatialprops =
		{
			pos = { 1.385956, 5.12634, 4.248868 },
			orient = { {  0.454616, -0.101476, -0.884887 },
					   { -0.769004,  0.456543, -0.447435 },
					   {  0.449394,  0.883894,  0.129516 } }
		},
		cameraprops =
		{
			fovh = 30,
			hvaspect = 1.85,
			nearplane = 0.2,
			farplane = 5000
		}
	},

	{
		entity_name = "Zs/NPC/mFloor2/01/P2/Stand",
		type = MARKER,
		template_name = "",
		lt_grp = 0, srt_grp = 0, usr_flg = 0,
		spatialprops =
		{
			pos = { -2.317102, 0, 1.622018 },
			orient = { {  0.977489,  0.000000,  0.210987 },
					   {  0.000000,  1.000000,  0.000000 },
					   { -0.210987,  0.000000,  0.977489 } }
		}
	},

	{
		entity_name = "Zs/NPC/mFloor2/01/P/Stand",
		type = MARKER,
		template_name = "",
		lt_grp = 0, srt_grp = 0, usr_flg = 0,
		spatialprops =
		{
			pos = { -2.393241, 0, 2.128274 },
			orient = { {  0.977489,  0.000000,  0.210987 },
					   {  0.000000,  1.000000,  0.000000 },
					   { -0.210987,  0.000000,  0.977489 } }
		}
	},

	{
		entity_name = "Zs/NPC/mFloor2/01/AC2/Camera",
		type = CAMERA,
		template_name = "",
		lt_grp = 0, srt_grp = 0, usr_flg = 0,
		flags = HIDDEN,
		spatialprops =
		{
			pos = { -0.915171, 1.690829, 1.717741 },
			orient = { {  0.394710,  0.000000, -0.918806 },
					   { -0.170951,  0.982539, -0.073438 },
					   {  0.902762,  0.186057,  0.387818 } }
		},
		cameraprops =
		{
			fovh = 30,
			hvaspect = 1.85,
			nearplane = 0.2,
			farplane = 5000
		}
	},

	{
		entity_name = "Zs/NPC/mFloor2/01/ACOH/Camera",
		type = CAMERA,
		template_name = "",
		lt_grp = 0, srt_grp = 0, usr_flg = 0,
		flags = HIDDEN,
		spatialprops =
		{
			pos = { -1.910567, 1.767698, 1.97078 },
			orient = { {  0.857471,  0.000000, -0.514532 },
					   { -0.098620,  0.981459, -0.164352 },
					   {  0.504992,  0.191670,  0.841573 } }
		},
		cameraprops =
		{
			fovh = 25,
			hvaspect = 1.85,
			nearplane = 0.2,
			farplane = 5000
		}
	},

	{
		entity_name = "Zs/NPC/mFloor2/01/ACS/Camera",
		type = CAMERA,
		template_name = "",
		lt_grp = 0, srt_grp = 0, usr_flg = 0,
		flags = HIDDEN,
		spatialprops =
		{
			pos = { -2.005364, 1.635393, 1.503087 },
			orient = { {  0.867854,  0.000000, -0.496819 },
					   { -0.033839,  0.997678, -0.059110 },
					   {  0.495665,  0.068111,  0.865839 } }
		},
		cameraprops =
		{
			fovh = 25,
			hvaspect = 1.85,
			nearplane = 0.2,
			farplane = 5000
		}
	},

	{
		entity_name = "Zs/NPC/mFloor2/01/ACU/Camera",
		type = CAMERA,
		template_name = "",
		lt_grp = 0, srt_grp = 0, usr_flg = 0,
		flags = HIDDEN,
		spatialprops =
		{
			pos = { -2.119034, 1.676433, 1.085702 },
			orient = { {  0.885855,  0.000000, -0.463962 },
					   { -0.013346,  0.999586, -0.025482 },
					   {  0.463771,  0.028766,  0.885488 } }
		},
		cameraprops =
		{
			fovh = 25,
			hvaspect = 1.85,
			nearplane = 0.2,
			farplane = 5000
		}
	},

	{
		entity_name = "Zs/NPC/mFloor2/01/PC2/Camera",
		type = CAMERA,
		template_name = "",
		lt_grp = 0, srt_grp = 0, usr_flg = 0,
		flags = HIDDEN,
		spatialprops =
		{
			pos = { -1.093578, 1.731246, 0.101271 },
			orient = { { -0.527303,  0.000000, -0.849677 },
					   { -0.177365,  0.977970,  0.110071 },
					   {  0.830959,  0.208743, -0.515687 } }
		},
		cameraprops =
		{
			fovh = 30,
			hvaspect = 1.85,
			nearplane = 0.2,
			farplane = 5000
		}
	},

	{
		entity_name = "Zs/NPC/mFloor2/01/PCO/Camera",
		type = CAMERA,
		template_name = "",
		lt_grp = 0, srt_grp = 0, usr_flg = 0,
		flags = HIDDEN,
		spatialprops =
		{
			pos = { -2.06934, 1.763487, -0.107018 },
			orient = { { -0.934516,  0.000000, -0.355920 },
					   { -0.066721,  0.982272,  0.175185 },
					   {  0.349610,  0.187460, -0.917950 } }
		},
		cameraprops =
		{
			fovh = 25,
			hvaspect = 1.85,
			nearplane = 0.2,
			farplane = 5000
		}
	},

	{
		entity_name = "Zs/NPC/mFloor2/01/PCS/Camera",
		type = CAMERA,
		template_name = "",
		lt_grp = 0, srt_grp = 0, usr_flg = 0,
		flags = HIDDEN,
		spatialprops =
		{
			pos = { -2.082153, 1.679143, 0.427642 },
			orient = { { -0.921144,  0.000000, -0.389221 },
					   { -0.043747,  0.993663,  0.103533 },
					   {  0.386755,  0.112396, -0.915307 } }
		},
		cameraprops =
		{
			fovh = 25,
			hvaspect = 1.85,
			nearplane = 0.2,
			farplane = 5000
		}
	},

	{
		entity_name = "Zs/NPC/mFloor2/01/PCU/Camera",
		type = CAMERA,
		template_name = "",
		lt_grp = 0, srt_grp = 0, usr_flg = 0,
		flags = HIDDEN,
		spatialprops =
		{
			pos = { -2.142443, 1.707833, 0.849932 },
			orient = { { -0.941646,  0.000000, -0.336604 },
					   { -0.026106,  0.996988,  0.073030 },
					   {  0.335590,  0.077556, -0.938810 } }
		},
		cameraprops =
		{
			fovh = 25,
			hvaspect = 1.85,
			nearplane = 0.2,
			farplane = 5000
		}
	},

	{
		entity_name = "Zs/NPC/mFloor2/01/TCI/Camera",
		type = CAMERA,
		template_name = "",
		lt_grp = 0, srt_grp = 0, usr_flg = 0,
		flags = HIDDEN,
		spatialprops =
		{
			pos = { -1.54843, 1.940002, 1.269192 },
			orient = { {  0.632866,  0.000000, -0.774262 },
					   { -0.537586,  0.719666, -0.439412 },
					   {  0.557209,  0.694321,  0.455452 } }
		},
		cameraprops =
		{
			fovh = 15,
			hvaspect = 1.85,
			nearplane = 0.2,
			farplane = 5000
		}
	},

	{
		entity_name = "Zs/NPC/mFloor2/01/WFC/Camera",
		type = CAMERA,
		template_name = "",
		lt_grp = 0, srt_grp = 0, usr_flg = 0,
		flags = HIDDEN,
		spatialprops =
		{
			pos = { -0.378437, 5.024409, 4.133144 },
			orient = { {  0.836527,  0.161758, -0.523505 },
					   { -0.460069,  0.726273, -0.510748 },
					   {  0.297590,  0.668103,  0.681967 } }
		},
		cameraprops =
		{
			fovh = 30,
			hvaspect = 1.85,
			nearplane = 0.2,
			farplane = 5000
		}
	},

	{
		entity_name = "Zs/NPC/mTable3/01/P2/Stand",
		type = MARKER,
		template_name = "",
		lt_grp = 0, srt_grp = 0, usr_flg = 0,
		spatialprops =
		{
			pos = { -4.936024, 0, 5.423997 },
			orient = { { -0.752240,  0.000000,  0.658890 },
					   {  0.000000,  1.000000,  0.000000 },
					   { -0.658890,  0.000000, -0.752240 } }
		}
	},

	{
		entity_name = "Zs/NPC/mTable3/01/P/Stand",
		type = MARKER,
		template_name = "",
		lt_grp = 0, srt_grp = 0, usr_flg = 0,
		spatialprops =
		{
			pos = { -5.303964, 0, 5.065244 },
			orient = { { -0.752239,  0.000000,  0.658890 },
					   {  0.000000,  1.000000,  0.000000 },
					   { -0.658890,  0.000000, -0.752239 } }
		}
	},

	{
		entity_name = "Zs/NPC/mTable3/02/P2/Stand",
		type = MARKER,
		template_name = "",
		lt_grp = 0, srt_grp = 0, usr_flg = 0,
		spatialprops =
		{
			pos = { 0.453263, 0, 5.157613 },
			orient = { { -0.665104,  0.000000, -0.746750 },
					   {  0.000000,  1.000000,  0.000000 },
					   {  0.746750,  0.000000, -0.665104 } }
		}
	},

	{
		entity_name = "Zs/NPC/mTable3/02/P/Stand",
		type = MARKER,
		template_name = "",
		lt_grp = 0, srt_grp = 0, usr_flg = 0,
		spatialprops =
		{
			pos = { 0.808953, 0, 4.786711 },
			orient = { { -0.665105,  0.000000, -0.746750 },
					   {  0.000000,  1.000000,  0.000000 },
					   {  0.746750,  0.000000, -0.665105 } }
		}
	},

	{
		entity_name = "Zs/NPC/mTable3/02/Prop",
		type = MARKER,
		template_name = "",
		lt_grp = 0, srt_grp = 0, usr_flg = 0,
		spatialprops =
		{
			pos = { -0.527486, 0.796067, 5.895602 },
			orient = { { -0.633267,  0.000000, -0.773933 },
					   {  0.000000,  1.000000,  0.000000 },
					   {  0.773933,  0.000000, -0.633267 } }
		}
	},

	{
		entity_name = "Zs/NPC/mTable3/01/Prop",
		type = MARKER,
		template_name = "",
		lt_grp = 0, srt_grp = 0, usr_flg = 0,
		spatialprops =
		{
			pos = { -4.128013, 0.797252, 6.314881 },
			orient = { { -0.747323,  0.000000,  0.664461 },
					   {  0.000000,  1.000000,  0.000000 },
					   { -0.664461,  0.000000, -0.747323 } }
		}
	},

	{
		entity_name = "Zg/NPC/mFloor2/01/B/Stand",
		type = MARKER,
		template_name = "",
		lt_grp = 0, srt_grp = 0, usr_flg = 0,
		spatialprops =
		{
			pos = { -3.134951, 0, 1.393756 },
			orient = { {  0.404198,  0.000000,  0.914672 },
					   {  0.000000,  1.000000,  0.000000 },
					   { -0.914672,  0.000000,  0.404198 } }
		}
	},

	{
		entity_name = "SET_li_01_bar",
		type = COMPOUND,
		template_name = "li_01_bar",
		lt_grp = 9, srt_grp = 0, usr_flg = 0,
		flags = LIT_DYNAMIC,
		spatialprops =
		{
			pos = { 0, 0, 0 },
			orient = { { 1, 0, 0 }, { 0, 1, 0 }, { 0, 0, 1 } }
		},
		userprops =
		{
			category = "Room",
		}
	},

	{
		entity_name = "Prop_ashtray_2_01",
		type = COMPOUND,
		template_name = "ashtray_2",
		lt_grp = 0, srt_grp = 0, usr_flg = 0,
		flags = LIT_DYNAMIC,
		spatialprops =
		{
			pos = { -1.812682, 1.189776, -0.769323 },
			orient = { {  0.861352,  0.000000,  0.508009 },
					   {  0.000000,  1.000000,  0.000000 },
