duration = 60.187;

entities =
{

	{
		entity_name = "Camera_Equip_Desk",
		type = CAMERA,
		template_name = "",
		lt_grp = 0, srt_grp = 0, usr_flg = 0,
		spatialprops =
		{
			pos = { -156.4802, 3.272926, -17.73331 },
			orient = { { -0.005048,  0.000000,  0.999987 },
					   {  0.060522,  0.998167,  0.000306 },
					   { -0.998154,  0.060523, -0.005039 } }
		},
		cameraprops =
		{
			fovh = 30,
			hvaspect = 1.333333,
			nearplane = 0.1,
			farplane = 100000
		}
	},

	{
		entity_name = "Zs/NPC/Equipment/01/A/Stand",
		type = MARKER,
		template_name = "",
		lt_grp = 0, srt_grp = 0, usr_flg = 0,
		spatialprops =
		{
			pos = { -148.9229, 0.1, -16.67563 },
			orient = { { -0.172028,  0.000000, -0.985092 },
					   {  0.000000,  1.000000,  0.000000 },
					   {  0.985092,  0.000000, -0.172028 } }
		}
	},

	{
		entity_name = "Player_Equip",
		type = MARKER,
		template_name = "",
		lt_grp = 0, srt_grp = 0, usr_flg = 0,
		spatialprops =
		{
			pos = { -149.9146, 0.1, -16.18738 },
			orient = { {  0.420548,  0.000000,  0.907270 },
					   {  0.000000,  1.000000,  0.000000 },
					   { -0.907270,  0.000000,  0.420548 } }
		}
	},

	{
		entity_name = "Layer_Pl_07_Pad_Hardpoint",
		type = SCENE,
		template_name = "",
		lt_grp = 0, srt_grp = 0, usr_flg = 0,
		spatialprops =
		{
			pos = { 0, 0, 0 },
			orient = { { 1, 0, 0 }, { 0, 1, 0 }, { 0, 0, 1 } }
		},
		up = Y_AXIS,
		front = Z_AXIS,
		ambient = { 0, 0, 0 }
	},

	{
		entity_name = "LtGlareSource",
		type = LIGHT,
		template_name = "",
		lt_grp = 0, srt_grp = 0, usr_flg = 0,
		spatialprops =
		{
			pos = { 454.5449, 131.1139, 4.296326 },
			orient = { {  0.047754,  0.000000, -0.998859 },
					   { -0.206509,  0.978395, -0.009873 },
					   {  0.977279,  0.206744,  0.046722 } }
		},
		lightprops =
		{
			on = N,
			color = { 255, 255, 255 },
			diffuse = { 0.164706, 0.164706, 0.164706 },
			specular = { 0, 0, 0 },
			ambient = { 0, 0, 0 },
			direction = { 0, 0, 1 },
			range = 2000,
			cutoff = 98.99998,
			type = L_POINT,
			theta = 90,
			atten = { 1, 0, 4e-006 }
		}
	},

	{
		entity_name = "Zg/NPC/mFloor1/01/A/Stand",
		type = MARKER,
		template_name = "",
		lt_grp = 0, srt_grp = 0, usr_flg = 0,
		spatialprops =
		{
			pos = { -136.4522, 0.1, -8.494078 },
			orient = { {  0.950608,  0.000000, -0.310394 },
					   {  0.000000,  1.000000,  0.000000 },
					   {  0.310394,  0.000000,  0.950608 } }
		}
	},

	{
		entity_name = "Zs/NPC/Shipdealer/01/A/Stand",
		type = MARKER,
		template_name = "",
		lt_grp = 0, srt_grp = 0, usr_flg = 0,
		spatialprops =
		{
			pos = { -134.2802, 0.1, -44.18875 },
			orient = { { -0.837564,  0.000000, -0.546339 },
					   {  0.000000,  1.000000,  0.000000 },
					   {  0.546339,  0.000000, -0.837564 } }
		}
	},

	{
		entity_name = "Zg/NPC/mFloor1/02/A/Stand",
		type = MARKER,
		template_name = "",
		lt_grp = 0, srt_grp = 0, usr_flg = 0,
		spatialprops =
		{
			pos = { -54.9228, 0.1, -5.026081 },
			orient = { {  0.552509,  0.000000, -0.833507 },
					   {  0.000000,  1.000000,  0.000000 },
					   {  0.833507,  0.000000,  0.552509 } }
		}
	},

	{
		entity_name = "Zs/NPC/mFloor1/01/P/Stand",
		type = MARKER,
		template_name = "",
		lt_grp = 0, srt_grp = 0, usr_flg = 0,
		spatialprops =
		{
			pos = { -136.7238, 0.0946, -10.30015 },
			orient = { { -0.997545,  0.000000, -0.070023 },
					   {  0.000000,  1.000000,  0.000000 },
					   {  0.070023,  0.000000, -0.997545 } }
		}
	},

	{
		entity_name = "Zs/NPC/mFloor1/01/P2/Stand",
		type = MARKER,
		template_name = "",
		lt_grp = 0, srt_grp = 0, usr_flg = 0,
		spatialprops =
		{
			pos = { -136.7193, 0.1, -9.78628 },
			orient = { { -0.997545,  0.000000, -0.070023 },
					   {  0.000000,  1.000000,  0.000000 },
					   {  0.070023,  0.000000, -0.997545 } }
		}
	},

	{
		entity_name = "Zs/NPC/mFloor1/02/P/Stand",
		type = MARKER,
		template_name = "",
		lt_grp = 0, srt_grp = 0, usr_flg = 0,
		spatialprops =
		{
			pos = { -56.47507, 0.1, -5.476583 },
			orient = { { -0.318560,  0.000000,  0.947903 },
					   {  0.000000,  1.000000,  0.000000 },
					   { -0.947903,  0.000000, -0.318560 } }
		}
	},

	{
		entity_name = "Zs/NPC/mFloor1/02/P2/Stand",
		type = MARKER,
		template_name = "",
		lt_grp = 0, srt_grp = 0, usr_flg = 0,
		spatialprops =
		{
			pos = { -55.98046, 0.1, -5.344527 },
			orient = { { -0.318560,  0.000000,  0.947903 },
					   {  0.000000,  1.000000,  0.000000 },
					   { -0.947903,  0.000000, -0.318560 } }
		}
	},

	{
		entity_name = "Zs/NPC/Trader/01/A/Stand",
		type = MARKER,
		template_name = "",
		lt_grp = 0, srt_grp = 0, usr_flg = 0,
		spatialprops =
		{
			pos = { -64.36897, 0.1, -18.19864 },
			orient = { {  0.525246,  0.000000, -0.850951 },
					   {  0.000000,  1.000000,  0.000000 },
					   {  0.850951,  0.000000,  0.525246 } }
		}
	},

	{
		entity_name = "Camera_Track_1",
		type = CAMERA,
		template_name = "",
		lt_grp = 0, srt_grp = 0, usr_flg = 0,
		spatialprops =
		{
			pos = { -132.674, 17, -43.96871 },
			orient = { { -0.997730,  0.000000, -0.067339 },
					   { -0.019501,  0.957148,  0.288942 },
					   {  0.064453,  0.289599, -0.954975 } }
		},
		cameraprops =
		{
			fovh = 40,
			hvaspect = 1.333333,
			nearplane = 0.1,
			farplane = 100000
		}
	},

	{
		entity_name = "Camera_Track_2",
		type = CAMERA,
		template_name = "",
		lt_grp = 0, srt_grp = 0, usr_flg = 0,
		spatialprops =
		{
			pos = { -127.4215, 17, -8.041808 },
			orient = { {  0.998181,  0.000000,  0.060295 },
					   {  0.018111,  0.953824, -0.299821 },
					   { -0.057510,  0.300367,  0.952088 } }
		},
		cameraprops =
		{
			fovh = 40,
			hvaspect = 1.333333,
			nearplane = 0.1,
			farplane = 100000
		}
	},

	{
		entity_name = "Cart_pl_booth02_Marker",
		type = MARKER,
		template_name = "",
		lt_grp = 0, srt_grp = 0, usr_flg = 0,
		spatialprops =
		{
			pos = { 1.558241, 0.768267, -7.282153 },
			orient = { {  0.231570,  0.000000, -0.972818 },
					   {  0.000000,  1.000000,  0.000000 },
					   {  0.972818,  0.000000,  0.231570 } }
		}
	},

	{
		entity_name = "Cart_Pl_booth01_Marker",
		type = MARKER,
		template_name = "",
		lt_grp = 0, srt_grp = 0, usr_flg = 0,
		spatialprops =
		{
			pos = { 0.256111, 0.562958, 10.23654 },
			orient = { {  0.611074,  0.000000, -0.791574 },
					   {  0.000000,  1.000000,  0.000000 },
					   {  0.791574,  0.000000,  0.611074 } }
		}
	},

	{
		entity_name = "Zs/NPC/mFloor1/01/AC2/Camera",
		type = CAMERA,
		template_name = "",
		lt_grp = 0, srt_grp = 0, usr_flg = 0,
		flags = HIDDEN,
		spatialprops =
		{
			pos = { -138.1644, 1.777214, -9.442159 },
			orient = { { -0.156180,  0.000000,  0.987729 },
					   {  0.166935,  0.985614,  0.026396 },
					   { -0.973520,  0.169009, -0.153933 } }
		},
		cameraprops =
		{
			fovh = 30,
			hvaspect = 1.85,
			nearplane = 0.2,
			farplane = 25000
		}
	},

	{
		entity_name = "Zs/NPC/mFloor1/01/ACOH/Camera",
		type = CAMERA,
		template_name = "",
		lt_grp = 0, srt_grp = 0, usr_flg = 0,
		flags = HIDDEN,
		spatialprops =
		{
			pos = { -137.1714, 1.846935, -10.07112 },
			orient = { { -0.789371,  0.000000,  0.613917 },
					   {  0.109829,  0.983868,  0.141217 },
					   { -0.604013,  0.178898, -0.776636 } }
		},
		cameraprops =
		{
			fovh = 25,
			hvaspect = 1.85,
			nearplane = 0.2,
			farplane = 25000
		}
	},

	{
		entity_name = "Zs/NPC/mFloor1/01/ACS/Camera",
		type = CAMERA,
		template_name = "",
		lt_grp = 0, srt_grp = 0, usr_flg = 0,
		flags = HIDDEN,
		spatialprops =
		{
			pos = { -137.0527, 1.694347, -9.591397 },
			orient = { { -0.780548,  0.000000,  0.625095 },
					   {  0.020786,  0.999447,  0.025955 },
					   { -0.624750,  0.033253, -0.780117 } }
		},
		cameraprops =
		{
			fovh = 25,
			hvaspect = 1.85,
			nearplane = 0.2,
			farplane = 25000
		}
	},

	{
		entity_name = "Zs/NPC/mFloor1/01/ACU/Camera",
		type = CAMERA,
		template_name = "",
		lt_grp = 0, srt_grp = 0, usr_flg = 0,
		flags = HIDDEN,
		spatialprops =
		{
			pos = { -136.8419, 1.768712, -9.22785 },
			orient = { { -0.831074,  0.000000,  0.556163 },
					   {  0.018436,  0.999450,  0.027548 },
					   { -0.555857,  0.033148, -0.830617 } }
		},
		cameraprops =
		{
			fovh = 25,
			hvaspect = 1.85,
			nearplane = 0.2,
			farplane = 25000
		}
	},

	{
		entity_name = "Zs/NPC/mFloor1/01/PC2/Camera",
		type = CAMERA,
		template_name = "",
		lt_grp = 0, srt_grp = 0, usr_flg = 0,
		flags = HIDDEN,
		spatialprops =
		{
			pos = { -137.7526, 1.831246, -8.132741 },
			orient = { {  0.622129,  0.000000,  0.782915 },
					   {  0.163428,  0.977970, -0.129865 },
					   { -0.765668,  0.208743,  0.608423 } }
		},
		cameraprops =
		{
			fovh = 30,
			hvaspect = 1.85,
			nearplane = 0.2,
			farplane = 25000
		}
	},

	{
		entity_name = "Zs/NPC/mFloor1/01/PCO/Camera",
		type = CAMERA,
		template_name = "",
		lt_grp = 0, srt_grp = 0, usr_flg = 0,
		flags = HIDDEN,
		spatialprops =
		{
			pos = { -136.7924, 1.876642, -8.034898 },
			orient = { {  0.962522,  0.000000,  0.271202 },
					   {  0.055536,  0.978808, -0.197103 },
					   { -0.265455,  0.204778,  0.942125 } }
		},
		cameraprops =
		{
			fovh = 25,
			hvaspect = 1.85,
			nearplane = 0.2,
			farplane = 25000
		}
	},

	{
		entity_name = "Zs/NPC/mFloor1/01/PCS/Camera",
		type = CAMERA,
		template_name = "",
		lt_grp = 0, srt_grp = 0, usr_flg = 0,
		flags = HIDDEN,
		spatialprops =
		{
			pos = { -136.7999, 1.714689, -8.565583 },
			orient = { {  0.970289,  0.000000,  0.241949 },
					   {  0.013525,  0.998436, -0.054240 },
					   { -0.241571,  0.055901,  0.968772 } }
		},
		cameraprops =
		{
			fovh = 25,
			hvaspect = 1.85,
			nearplane = 0.2,
			farplane = 25000
		}
	},

	{
		entity_name = "Zs/NPC/mFloor1/01/PCU/Camera",
		type = CAMERA,
		template_name = "",
		lt_grp = 0, srt_grp = 0, usr_flg = 0,
		flags = HIDDEN,
		spatialprops =
		{
			pos = { -136.7522, 1.79836, -9.0407 },
			orient = { {  0.985464,  0.000000,  0.169882 },
					   {  0.010982,  0.997908, -0.063704 },
					   { -0.169527,  0.064644,  0.983403 } }
		},
		cameraprops =
		{
			fovh = 25,
			hvaspect = 1.85,
			nearplane = 0.2,
			farplane = 25000
		}
	},

	{
		entity_name = "Zs/NPC/mFloor1/01/WFC/Camera",
		type = CAMERA,
		template_name = "",
		lt_grp = 0, srt_grp = 0, usr_flg = 0,
		flags = HIDDEN,
		spatialprops =
		{
			pos = { -157.6959, 2.171576, -10.31956 },
			orient = { { -0.328277,  0.060847,  0.942620 },
					   { -0.103862,  0.989547, -0.100047 },
					   { -0.938854, -0.130746, -0.318526 } }
		},
		cameraprops =
		{
			fovh = 30,
			hvaspect = 1.85,
			nearplane = 0.2,
			farplane = 25000
		}
	},

	{
		entity_name = "Zs/NPC/mFloor1/02/AC2/Camera",
		type = CAMERA,
		template_name = "",
		lt_grp = 0, srt_grp = 0, usr_flg = 0,
		flags = HIDDEN,
		spatialprops =
		{
			pos = { -55.48474, 1.782559, -6.726383 },
			orient = { { -1.000000,  0.000000, -0.000380 },
					   { -0.000071,  0.982560,  0.185948 },
					   {  0.000373,  0.185948, -0.982560 } }
		},
		cameraprops =
		{
			fovh = 30,
			hvaspect = 1.85,
			nearplane = 0.2,
			farplane = 25000
		}
	},

	{
		entity_name = "Zs/NPC/mFloor1/02/ACOH/Camera",
		type = CAMERA,
		template_name = "",
		lt_grp = 0, srt_grp = 0, usr_flg = 0,
		flags = HIDDEN,
		spatialprops =
		{
			pos = { -56.23009, 1.863286, -5.946822 },
			orient = { { -0.746331,  0.000000,  0.665575 },
					   {  0.120590,  0.983450,  0.135221 },
					   { -0.654559,  0.181182, -0.733979 } }
		},
		cameraprops =
		{
			fovh = 25,
			hvaspect = 1.85,
			nearplane = 0.2,
			farplane = 25000
		}
	},

	{
		entity_name = "Zs/NPC/mFloor1/02/ACS/Camera",
		type = CAMERA,
		template_name = "",
		lt_grp = 0, srt_grp = 0, usr_flg = 0,
		flags = HIDDEN,
		spatialprops =
		{
			pos = { -55.93356, 1.78258, -5.733025 },
			orient = { { -0.712104,  0.000000,  0.702074 },
					   {  0.067668,  0.995344,  0.068636 },
					   { -0.698805,  0.096384, -0.708789 } }
		},
		cameraprops =
		{
			fovh = 25,
			hvaspect = 1.85,
			nearplane = 0.2,
			farplane = 25000
		}
	},

	{
		entity_name = "Zs/NPC/mFloor1/02/ACU/Camera",
		type = CAMERA,
		template_name = "",
		lt_grp = 0, srt_grp = 0, usr_flg = 0,
		flags = HIDDEN,
		spatialprops =
		{
			pos = { -55.61998, 1.811661, -5.456429 },
			orient = { { -0.613943,  0.000000,  0.789350 },
					   {  0.056983,  0.997391,  0.044320 },
					   { -0.787291,  0.072189, -0.612341 } }
		},
		cameraprops =
		{
			fovh = 25,
			hvaspect = 1.85,
			nearplane = 0.2,
			farplane = 25000
		}
	},

	{
		entity_name = "Zs/NPC/mFloor1/02/PC2/Camera",
		type = CAMERA,
		template_name = "",
		lt_grp = 0, srt_grp = 0, usr_flg = 0,
		flags = HIDDEN,
		spatialprops =
		{
			pos = { -54.34232, 1.824887, -6.128417 },
			orient = { { -0.667700,  0.000000, -0.744431 },
					   { -0.142893,  0.981405,  0.128165 },
					   {  0.730588,  0.191950, -0.655284 } }
		},
		cameraprops =
		{
			fovh = 30,
			hvaspect = 1.85,
			nearplane = 0.2,
			farplane = 25000
		}
	},

	{
		entity_name = "Zs/NPC/mFloor1/02/PCO/Camera",
		type = CAMERA,
		template_name = "",
		lt_grp = 0, srt_grp = 0, usr_flg = 0,
		flags = HIDDEN,
		spatialprops =
		{
			pos = { -54.44997, 1.8789, -5.282238 },
			orient = { { -0.173865,  0.000000, -0.984770 },
					   { -0.196215,  0.979949,  0.034642 },
					   {  0.965024,  0.199249, -0.170379 } }
		},
		cameraprops =
		{
			fovh = 25,
			hvaspect = 1.85,
			nearplane = 0.2,
			farplane = 25000
		}
	},

	{
		entity_name = "Zs/NPC/mFloor1/02/PCS/Camera",
		type = CAMERA,
		template_name = "",
		lt_grp = 0, srt_grp = 0, usr_flg = 0,
		flags = HIDDEN,
		spatialprops =
		{
			pos = { -54.7691, 1.80081, -5.299385 },
			orient = { { -0.127478, -0.000001, -0.991841 },
					   { -0.127311,  0.991728,  0.016362 },
					   {  0.983637,  0.128358, -0.126423 } }
		},
		cameraprops =
		{
			fovh = 25,
			hvaspect = 1.85,
			nearplane = 0.2,
			farplane = 25000
		}
	},

	{
		entity_name = "Zs/NPC/mFloor1/02/PCU/Camera",
		type = CAMERA,
		template_name = "",
		lt_grp = 0, srt_grp = 0, usr_flg = 0,
		flags = HIDDEN,
		spatialprops =
		{
			pos = { -55.22243, 1.793426, -5.314508 },
			orient = { { -0.075816,  0.000000, -0.997122 },
					   { -0.049687,  0.998758,  0.003778 },
					   {  0.995883,  0.049830, -0.075721 } }
		},
		cameraprops =
		{
			fovh = 25,
			hvaspect = 1.85,
			nearplane = 0.2,
			farplane = 25000
		}
	},

	{
		entity_name = "Zs/NPC/mFloor1/01/TCI/Camera",
		type = CAMERA,
		template_name = "",
		lt_grp = 0, srt_grp = 0, usr_flg = 0,
		flags = HIDDEN,
		spatialprops =
		{
			pos = { -137.1981, 2.003228, -9.599075 },
			orient = { { -0.737160,  0.000000,  0.675718 },
					   {  0.415530,  0.788569,  0.453314 },
					   { -0.532850,  0.614946, -0.581302 } }
		},
		cameraprops =
		{
			fovh = 15,
			hvaspect = 1.85,
			nearplane = 0.2,
			farplane = 25000
		}
	},

	{
		entity_name = "Zs/NPC/mFloor1/02/TCI/Camera",
		type = CAMERA,
		template_name = "",
		lt_grp = 0, srt_grp = 0, usr_flg = 0,
		flags = HIDDEN,
		spatialprops =
		{
			pos = { -54.65936, 2.003228, -6.332961 },
			orient = { { -0.998714,  0.000000, -0.050696 },
					   { -0.031175,  0.788569,  0.614155 },
					   {  0.039977,  0.614946, -0.787556 } }
		},
		cameraprops =
		{
			fovh = 15,
			hvaspect = 1.85,
			nearplane = 0.2,
			farplane = 25000
		}
	},

	{
		entity_name = "Zs/NPC/mFloor1/02/WFC/Camera",
		type = CAMERA,
		template_name = "",
		lt_grp = 0, srt_grp = 0, usr_flg = 0,
		flags = HIDDEN,
		spatialprops =
		{
			pos = { -55.11032, 0.276757, -7.730159 },
			orient = { { -0.983596, -0.079015,  0.162157 },
					   { -0.141444,  0.895737, -0.421485 },
					   { -0.111946, -0.437507, -0.892219 } }
		},
		cameraprops =
		{
			fovh = 29.99999,
			hvaspect = 1.85,
			nearplane = 0.2,
			farplane = 25000
		}
	},

	{
		entity_name = "Camera_Trader_Desk",
		type = CAMERA,
		template_name = "",
		lt_grp = 0, srt_grp = 0, usr_flg = 0,
		spatialprops =
		{
			pos = { -67.43018, 2.988657, -27.94577 },
			orient = { { -0.954054,  0.000000,  0.299633 },
					   { -0.024507,  0.996650, -0.078032 },
					   { -0.298629, -0.081790, -0.950858 } }
		},
		cameraprops =
		{
			fovh = 30,
			hvaspect = 1.333333,
			nearplane = 0.1,
			farplane = 100000
		}
	},

	{
		entity_name = "Camera_Trader_Wide",
		type = CAMERA,
		template_name = "",
		lt_grp = 0, srt_grp = 0, usr_flg = 0,
		spatialprops =
		{
			pos = { -55.80888, 10.44729, -33.78642 },
			orient = { { -0.994229,  0.000000, -0.107277 },
					   { -0.014857,  0.990364,  0.137691 },
					   {  0.106243,  0.138491, -0.984649 } }
		},
		cameraprops =
		{
			fovh = 35,
			hvaspect = 1.333333,
			nearplane = 0.1,
			farplane = 100000
		}
	},

	{
		entity_name = "Zs/NPC/mFloor1/03/ACU/Camera",
		type = CAMERA,
		template_name = "",
		lt_grp = 0, srt_grp = 0, usr_flg = 0,
		flags = HIDDEN,
		spatialprops =
		{
			pos = { -116.0549, 1.801269, -40.84068 },
			orient = { {  0.529449,  0.000000,  0.848342 },
					   {  0.061241,  0.997391, -0.038220 },
					   { -0.846128,  0.072189,  0.528068 } }
		},
		cameraprops =
		{
			fovh = 25,
			hvaspect = 1.85,
			nearplane = 0.2,
			farplane = 25000
		}
	},

	{
		entity_name = "Zs/NPC/mFloor1/03/AC2/Camera",
		type = CAMERA,
		template_name = "",
		lt_grp = 0, srt_grp = 0, usr_flg = 0,
		flags = HIDDEN,
		spatialprops =
		{
			pos = { -117.2049, 1.782559, -41.41376 },
			orient = { { -0.328217,  0.000000,  0.944602 },
					   {  0.175654,  0.982558,  0.061034 },
					   { -0.928127,  0.185955, -0.322493 } }
		},
		cameraprops =
		{
			fovh = 30,
			hvaspect = 1.85,
			nearplane = 0.2,
			farplane = 25000
		}
	},

	{
		entity_name = "Zs/NPC/mFloor1/03/ACOH/Camera",
		type = CAMERA,
		template_name = "",
		lt_grp = 0, srt_grp = 0, usr_flg = 0,
		flags = HIDDEN,
		spatialprops =
		{
			pos = { -116.5441, 1.874352, -40.39379 },
			orient = { {  0.464216,  0.000000,  0.885722 },
					   {  0.171968,  0.980971, -0.090130 },
					   { -0.868867,  0.194156,  0.455382 } }
		},
		cameraprops =
		{
			fovh = 25,
			hvaspect = 1.85,
			nearplane = 0.2,
			farplane = 25000
		}
	},

	{
		entity_name = "Zs/NPC/mFloor1/03/ACS/Camera",
		type = CAMERA,
		template_name = "",
		lt_grp = 0, srt_grp = 0, usr_flg = 0,
		flags = HIDDEN,
		spatialprops =
		{
			pos = { -116.3652, 1.770566, -40.6799 },
			orient = { {  0.429587,  0.000000,  0.903025 },
					   {  0.083119,  0.995755, -0.039541 },
					   { -0.899192,  0.092045,  0.427764 } }
		},
		cameraprops =
		{
			fovh = 25,
			hvaspect = 1.85,
			nearplane = 0.2,
			farplane = 25000
		}
	},

	{
		entity_name = "Zs/NPC/mFloor1/03/P/Stand",
		type = MARKER,
		template_name = "",
		lt_grp = 0, srt_grp = 0, usr_flg = 0,
		spatialprops =
		{
			pos = { -116.3754, 0.0946, -40.05221 },
			orient = { {  0.780076,  0.000000,  0.625685 },
					   {  0.000000,  1.000000,  0.000000 },
					   { -0.625685,  0.000000,  0.780076 } }
		}
	},

	{
		entity_name = "Zs/NPC/mFloor1/03/P2/Stand",
		type = MARKER,
		template_name = "",
		lt_grp = 0, srt_grp = 0, usr_flg = 0,
		spatialprops =
		{
			pos = { -116.0863, 0.1, -40.47712 },
			orient = { {  0.780076,  0.000000,  0.625685 },
					   {  0.000000,  1.000000,  0.000000 },
					   { -0.625685,  0.000000,  0.780076 } }
		}
	},

	{
		entity_name = "Zs/NPC/mFloor1/03/PC2/Camera",
		type = CAMERA,
		template_name = "",
		lt_grp = 0, srt_grp = 0, usr_flg = 0,
		flags = HIDDEN,
		spatialprops =
		{
			pos = { -116.2454, 1.792124, -42.28852 },
			orient = { { -0.922196,  0.000000,  0.386722 },
					   {  0.069271,  0.983827,  0.165187 },
					   { -0.380468,  0.179123, -0.907281 } }
		},
		cameraprops =
		{
			fovh = 30,
			hvaspect = 1.85,
			nearplane = 0.2,
			farplane = 25000
		}
	},

	{
		entity_name = "Zs/NPC/mFloor1/03/PCO/Camera",
		type = CAMERA,
		template_name = "",
		lt_grp = 0, srt_grp = 0, usr_flg = 0,
		flags = HIDDEN,
		spatialprops =
		{
			pos = { -115.4956, 1.862225, -41.86204 },
			orient = { { -0.981913,  0.000000, -0.189332 },
					   { -0.036936,  0.980786,  0.191557 },
					   {  0.185694,  0.195085, -0.963047 } }
		},
		cameraprops =
		{
			fovh = 25,
			hvaspect = 1.85,
			nearplane = 0.2,
			farplane = 25000
		}
	},

	{
		entity_name = "Zs/NPC/mFloor1/03/PCS/Camera",
		type = CAMERA,
		template_name = "",
		lt_grp = 0, srt_grp = 0, usr_flg = 0,
		flags = HIDDEN,
		spatialprops =
		{
			pos = { -115.6837, 1.794538, -41.58581 },
			orient = { { -0.983041,  0.000000, -0.183385 },
					   { -0.021957,  0.992806,  0.117699 },
					   {  0.182066,  0.119730, -0.975970 } }
		},
		cameraprops =
		{
			fovh = 25,
			hvaspect = 1.85,
			nearplane = 0.2,
			farplane = 25000
		}
	},

	{
		entity_name = "Zs/NPC/mFloor1/03/PCU/Camera",
		type = CAMERA,
		template_name = "",
		lt_grp = 0, srt_grp = 0, usr_flg = 0,
		flags = HIDDEN,
		spatialprops =
		{
			pos = { -115.8152, 1.813666, -41.16732 },
			orient = { { -0.967834,  0.000000, -0.251591 },
					   { -0.022435,  0.996016,  0.086305 },
					   {  0.250588,  0.089173, -0.963978 } }
		},
		cameraprops =
		{
			fovh = 25,
			hvaspect = 1.85,
			nearplane = 0.2,
			farplane = 25000
		}
	},

	{
		entity_name = "Zs/NPC/mFloor1/03/TCI/Camera",
		type = CAMERA,
		template_name = "",
		lt_grp = 0, srt_grp = 0, usr_flg = 0,
		flags = HIDDEN,
		spatialprops =
		{
			pos = { -116.4152, 2.148316, -40.5507 },
			orient = { {  0.515866,  0.000000,  0.856669 },
					   {  0.592032,  0.722773, -0.356507 },
					   { -0.619178,  0.691085,  0.372854 } }
		},
		cameraprops =
		{
			fovh = 15,
			hvaspect = 1.85,
			nearplane = 0.2,
			farplane = 25000
		}
	},

	{
		entity_name = "Zs/NPC/mFloor1/03/WFC/Camera",
		type = CAMERA,
		template_name = "",
		lt_grp = 0, srt_grp = 0, usr_flg = 0,
		spatialprops =
		{
			pos = { -121.2285, 0.176045, -40.70726 },
			orient = { { -0.025326, -0.150948,  0.988217 },
					   { -0.335127,  0.932614,  0.133866 },
					   { -0.941832, -0.327788, -0.074206 } }
		},
		cameraprops =
		{
			fovh = 30,
			hvaspect = 1.85,
			nearplane = 0.2,
			farplane = 25000
		}
	},

	{
		entity_name = "X/Shipcentre/02",
		type = MARKER,
		template_name = "",
		lt_grp = 0, srt_grp = 0, usr_flg = 0,
		spatialprops =
		{
			pos = { -123.3898, 0.1, -55.42485 },
			orient = { { -0.245512,  0.000000,  0.969393 },
					   {  0.000000,  1.000000,  0.000000 },
					   { -0.969393,  0.000000, -0.245512 } }
		}
	},

	{
		entity_name = "Prop_Ship02_L_Elite_Mkr",
		type = MARKER,
		template_name = "",
		lt_grp = 0, srt_grp = 0, usr_flg = 0,
		spatialprops =
		{
			pos = { 134.0184, 0.1, -26.68131 },
			orient = { { -0.245512,  0.000000,  0.969393 },
					   {  0.000000,  1.000000,  0.000000 },
					   { -0.969393,  0.000000, -0.245512 } }
		}
	},

	{
		entity_name = "Player_Trader",
		type = MARKER,
		template_name = "",
		lt_grp = 0, srt_grp = 0, usr_flg = 0,
		spatialprops =
		{
			pos = { -65.43478, 0.1, -18.49178 },
			orient = { { -0.287717,  0.000000,  0.957715 },
					   {  0.000000,  1.000000,  0.000000 },
					   { -0.957715,  0.000000, -0.287717 } }
		}
	},

	{
		entity_name = "Zg/PC/Player/01/A/Stand",
		type = MARKER,
		template_name = "",
		lt_grp = 0, srt_grp = 0, usr_flg = 0,
		spatialprops =
		{
			pos = { -119.6853, 0.1, -35.78933 },
			orient = { { -0.239936,  0.000000, -0.970789 },
					   {  0.000000,  1.000000,  0.000000 },
					   {  0.970789,  0.000000, -0.239936 } }
		}
	},

	{
		entity_name = "Zg/NPC/mFloor1/03/A/Stand",
		type = MARKER,
		template_name = "",
		lt_grp = 0, srt_grp = 0, usr_flg = 0,
		spatialprops =
		{
			pos = { -115.4151, 0.1, -41.35538 },
			orient = { { -0.592071,  0.000000, -0.805886 },
					   {  0.000000,  1.000000,  0.000000 },
					   {  0.805886,  0.000000, -0.592071 } }
		}
	},

	{
		entity_name = "Bin_artifacts_1_1",
		type = COMPOUND,
		template_name = "StackGrey_hivalue",
		lt_grp = 3, srt_grp = 0, usr_flg = 0,
		flags = LIT_DYNAMIC,
		spatialprops =
		{
			pos = { -64.38276, 0.478393, 6.406336 },
			orient = { { -0.870248,  0.000000,  0.492614 },
					   {  0.000000,  1.000000,  0.000000 },
					   { -0.492614,  0.000000, -0.870248 } }
		},
		userprops =
		{
			category = "Equipment",
			Priority = "Bin_1",
		}
	},

	{
		entity_name = "Bin_machines_1_1",
		type = COMPOUND,
		template_name = "StackBlue_manufgoods",
		lt_grp = 3, srt_grp = 0, usr_flg = 0,
		flags = LIT_DYNAMIC,
		spatialprops =
		{
			pos = { -68.16129, 0.45214, 7.296888 },
			orient = { {  0.898714,  0.000000, -0.438534 },
					   {  0.000000,  1.000000,  0.000000 },
					   {  0.438534,  0.000000,  0.898714 } }
		},
		userprops =
		{
			category = "Equipment",
			Priority = "Bin_1",
		}
	},

	{
		entity_name = "Prop_PlayerShip_Mkr",
		type = MARKER,
		template_name = "",
		lt_grp = 0, srt_grp = 0, usr_flg = 0,
		spatialprops =
		{
			pos = { -123.3898, 0.1, -55.42485 },
			orient = { { -0.245512,  0.000000,  0.969394 },
					   {  0.000000,  1.000000,  0.000000 },
					   { -0.969394,  0.000000, -0.245512 } }
		}
	},

	{
		entity_name = "Cart_li_cart_3",
		type = COMPOUND,
		template_name = "li_cart",
		lt_grp = 3, srt_grp = 0, usr_flg = 0,
		flags = LIT_DYNAMIC,
		spatialprops =
		{
			pos = { -145.3454, 0.562958, -18.82598 },
			orient = { {  0.912315,  0.000000, -0.409488 },
					   {  0.000000,  1.000000,  0.000000 },
					   {  0.409488,  0.000000,  0.912315 } }
		},
		userprops =
		{
			category = "Equipment Cart",
			Priority = "Equip_2",
		}
	},

	{
		entity_name = "Cart_li_flat_5",
		type = COMPOUND,
		template_name = "li_flat",
		lt_grp = 3, srt_grp = 0, usr_flg = 0,
		flags = LIT_DYNAMIC,
		spatialprops =
		{
			pos = { -137.6182, 0.768267, -35.12121 },
			orient = { { -0.488046,  0.000000, -0.872818 },
					   {  0.000000,  1.000000,  0.000000 },
					   {  0.872818,  0.000000, -0.488046 } }
		},
		userprops =
		{
			category = "Equipment Cart",
			Priority = "Equip_2",
		}
	},

	{
		entity_name = "rtcprop_hardware_li_free_flow_ion_drive_6",
		type = COMPOUND,
		template_name = "rtcprop_hardware_li_free_flow_ion_drive",
		lt_grp = 3, srt_grp = 0, usr_flg = 0,
		flags = LIT_DYNAMIC,
		spatialprops =
		{
			pos = { -144.1765, 1.823698, -16.2331 },
			orient = { { -0.409488,  0.000000, -0.912315 },
					   {  0.000000,  1.000000,  0.000000 },
					   {  0.912315,  0.000000, -0.409488 } }
		},
		userprops =
		{
			category = "Equipment",
			Priority = "Equip_1",
		}
	},

	{
		entity_name = "rtcprop_hardware_li_fusion_reactor_7",
		type = COMPOUND,
		template_name = "rtcprop_hardware_li_fusion_reactor",
		lt_grp = 3, srt_grp = 0, usr_flg = 0,
		flags = LIT_DYNAMIC,
		spatialprops =
		{
			pos = { -146.7063, 1.567455, -21.86938 },
			orient = { { -0.409488,  0.000000, -0.912315 },
					   {  0.000000,  1.000000,  0.000000 },
					   {  0.912315,  0.000000, -0.409488 } }
		},
		userprops =
		{
			category = "Equipment",
			Priority = "Equip_1",
		}
	},

	{
		entity_name = "rtcprop_hardware_li_policing_armor_8",
		type = COMPOUND,
		template_name = "rtcprop_hardware_li_policing_armor",
		lt_grp = 3, srt_grp = 0, usr_flg = 0,
		flags = LIT_DYNAMIC,
		spatialprops =
		{
			pos = { -145.3518, 1.972692, -18.85148 },
			orient = { { -0.409488,  0.000000, -0.912315 },
					   {  0.000000,  1.000000,  0.000000 },
					   {  0.912315,  0.000000, -0.409488 } }
		},
		userprops =
		{
			category = "Equipment",
			Priority = "Equip_1",
		}
	},

	{
		entity_name = "rtcprop_weapons_li_auto_cannon_9",
		type = COMPOUND,
		template_name = "rtcprop_weapons_li_auto_cannon",
		lt_grp = 3, srt_grp = 0, usr_flg = 0,
		flags = LIT_DYNAMIC,
		spatialprops =
		{
			pos = { -134.6917, 1.215853, -36.42707 },
			orient = { {  0.791057,  0.000000, -0.611742 },
					   {  0.000000,  1.000000,  0.000000 },
					   {  0.611742,  0.000000,  0.791057 } }
		},
		userprops =
		{
			category = "Equipment",
			Priority = "Equip_1",
		}
	},

	{
		entity_name = "rtcprop_weapons_li_heavy_ion_blaster_10",
		type = COMPOUND,
		template_name = "rtcprop_weapons_li_heavy_ion_blaster",
		lt_grp = 3, srt_grp = 0, usr_flg = 0,
		flags = LIT_DYNAMIC,
		spatialprops =
		{
			pos = { -136.8492, 1.207164, -34.92583 },
			orient = { {  0.851209,  0.000000, -0.524827 },
					   {  0.000000,  1.000000,  0.000000 },
					   {  0.524827,  0.000000,  0.851209 } }
		},
		userprops =
		{
			category = "Equipment",
			Priority = "Equip_1",
		}
	},

	{
		entity_name = "rtcprop_weapons_li_laser_beam_11",
		type = COMPOUND,
		template_name = "rtcprop_weapons_li_laser_beam",
		lt_grp = 3, srt_grp = 0, usr_flg = 0,
		flags = LIT_DYNAMIC,
		spatialprops =
		{
			pos = { -138.7254, 1.203012, -34.28777 },
			orient = { {  0.867824,  0.000000, -0.496872 },
					   {  0.000000,  1.000000,  0.000000 },
					   {  0.496872,  0.000000,  0.867824 } }
		},
		userprops =
		{
			category = "Equipment",
			Priority = "Equip_1",
		}
	},

	{
		entity_name = "rtcprop_weapons_li_plasma_blaster_12",
		type = COMPOUND,
		template_name = "rtcprop_weapons_li_plasma_blaster",
		lt_grp = 3, srt_grp = 0, usr_flg = 0,
		flags = LIT_DYNAMIC,
		spatialprops =
		{
			pos = { -140.4558, 1.224646, -33.26233 },
			orient = { {  0.875305,  0.000000, -0.483571 },
					   {  0.000000,  1.000000,  0.000000 },
					   {  0.483571,  0.000000,  0.875305 } }
		},
		userprops =
		{
			category = "Equipment",
			Priority = "Equip_1",
		}
	},

	{
		entity_name = "X/Marker_Weather",
		type = MARKER,
		template_name = "",
		lt_grp = 0, srt_grp = 0, usr_flg = 0,
		spatialprops =
		{
			pos = { 454.5449, 121.1139, 4.296326 },
			orient = { {  0.047754,  0.000000, -0.998859 },
					   { -0.206509,  0.978395, -0.009873 },
					   {  0.977279,  0.206744,  0.046722 } }
		}
	},

	{
		entity_name = "Camera_0",
		type = CAMERA,
		template_name = "",
		lt_grp = 0, srt_grp = 0, usr_flg = 0,
		spatialprops =
		{
			pos = { -553.8446, 129.3026, 1.422262 },
			orient = { {  0.140446,  0.000000,  0.990088 },
					   {  0.170262,  0.985103, -0.024152 },
					   { -0.975339,  0.171966,  0.138353 } }
		},
		cameraprops =
		{
			fovh = 29.99999,
			hvaspect = 1.333333,
			nearplane = 1,
			farplane = 100000
		}
	},

	{
		entity_name = "X/Shipcentre/01",
		type = MARKER,
		template_name = "",
		lt_grp = 0, srt_grp = 0, usr_flg = 0,
		spatialprops =
		{
			pos = { -131.0239, 0.1, -26.70978 },
			orient = { { -0.371714, -0.000051,  0.928347 },
					   {  0.000100,  1.000000,  0.000095 },
					   { -0.928347,  0.000128, -0.371714 } }
		}
	},

	{
		entity_name = "Set_pl_07_ku_sigma_waterscape_1",
		type = COMPOUND,
		template_name = "ku_sigma_waterscape",
		lt_grp = 9, srt_grp = 0, usr_flg = 0,
		flags = LIT_DYNAMIC,
		spatialprops =
		{
			pos = { 0, 0, 0 },
			orient = { { 1, 0, 0 }, { 0, 1, 0 }, { 0, 0, 1 } }
		},
		userprops =
		{
			category = "Room",
		}
	},

	{
		entity_name = "Bin_machines_1_2",
		type = COMPOUND,
		template_name = "Stackred_lightgoods",
		lt_grp = 3, srt_grp = 0, usr_flg = 0,
		flags = LIT_DYNAMIC,
		spatialprops =
		{
			pos = { -71.0882, 0.459163, 1.298641 },
			orient = { {  0.898714,  0.000000, -0.438534 },
					   {  0.000000,  1.000000,  0.000000 },
					   {  0.438534,  0.000000,  0.898714 } }
		},
		userprops =
		{
			category = "Equipment",
			Priority = "Bin_1",
		}
	},

	{
		entity_name = "Bin_machines_1_3",
		type = COMPOUND,
		template_name = "Stackred_lightgoods",
		lt_grp = 3, srt_grp = 0, usr_flg = 0,
		flags = LIT_DYNAMIC,
		spatialprops =
		{
			pos = { -61.88794, 0.448361, 11.40286 },
			orient = { {  0.898714,  0.000000, -0.438534 },
					   {  0.000000,  1.000000,  0.000000 },
					   {  0.438534,  0.000000,  0.898714 } }
		},
		userprops =
		{
			category = "Equipment",
			Priority = "Bin_1",
		}
	},

	{
		entity_name = "Bin_machines_1_4",
		type = COMPOUND,
		template_name = "StackBlue_manufgoods",
		lt_grp = 3, srt_grp = 0, usr_flg = 0,
		flags = LIT_DYNAMIC,
		spatialprops =
		{
			pos = { -64.52895, 0.428103, 23.12255 },
			orient = { {  0.898714,  0.000000, -0.438534 },
					   {  0.000000,  1.000000,  0.000000 },
					   {  0.438534,  0.000000,  0.898714 } }
		},
		userprops =
		{
			category = "Equipment",
			Priority = "Bin_1",
		}
	},

	{
		entity_name = "Player_Ship",
		type = MARKER,
		template_name = "",
		lt_grp = 0, srt_grp = 0, usr_flg = 0,
		spatialprops =
		{
			pos = { -134.5999, 0.1, -43.13058 },
			orient = { {  0.950229,  0.000000,  0.311552 },
					   {  0.000000,  1.000000,  0.000000 },
					   { -0.311552,  0.000000,  0.950229 } }
		}
	},

	{
		entity_name = "Camera_Ship_Desk",
		type = CAMERA,
		template_name = "",
		lt_grp = 0, srt_grp = 0, usr_flg = 0,
		spatialprops =
		{
			pos = { -145.2615, 3.493387, -42.28024 },
			orient = { {  0.309035,  0.000000,  0.951051 },
					   {  0.011743,  0.999924, -0.003816 },
					   { -0.950978,  0.012347,  0.309011 } }
		},
		cameraprops =
		{
			fovh = 30,
			hvaspect = 1.333333,
			nearplane = 0.1,
			farplane = 100000
		}
	},

	{
		entity_name = "Camera_Ship_Wide",
		type = CAMERA,
		template_name = "",
		lt_grp = 0, srt_grp = 0, usr_flg = 0,
		spatialprops =
		{
			pos = { -151.6064, 10.66355, -40.34742 },
			orient = { {  0.456058,  0.000000,  0.889950 },
					   {  0.187699,  0.977505, -0.096187 },
					   { -0.869931,  0.210910,  0.445799 } }
		},
		cameraprops =
		{
			fovh = 30,
			hvaspect = 1.333333,
			nearplane = 0.1,
			farplane = 100000
		}
	},

	{
		entity_name = "Set_pl_07_used_to_be_pl_10_bar_facade_1",
		type = COMPOUND,
		template_name = "pl_08_bar_facade",
		lt_grp = 9, srt_grp = 0, usr_flg = 0,
		flags = LIT_DYNAMIC,
		spatialprops =
		{
			pos = { 0, 0, 0 },
			orient = { { 1, 0, 0 }, { 0, 1, 0 }, { 0, 0, 1 } }
		},
		userprops =
		{
			category = "Prop",
		}
	},

	{
		entity_name = "Zs/NPC/Equipment/01/AC2/Camera",
		type = CAMERA,
		template_name = "",
		lt_grp = 0, srt_grp = 0, usr_flg = 0,
		flags = HIDDEN,
		spatialprops =
		{
			pos = { -150.5001, 1.782559, -17.52368 },
			orient = { { -0.713971,  0.000000,  0.700175 },
					   {  0.130201,  0.982558,  0.132766 },
					   { -0.687963,  0.185955, -0.701518 } }
		},
		cameraprops =
		{
			fovh = 30,
			hvaspect = 1.85,
			nearplane = 0.2,
			farplane = 25000
		}
	},

	{
		entity_name = "Zs/NPC/Equipment/01/ACOH/Camera",
		type = CAMERA,
		template_name = "",
		lt_grp = 0, srt_grp = 0, usr_flg = 0,
		flags = HIDDEN,
		spatialprops =
		{
			pos = { -150.5069, 1.847494, -16.45928 },
			orient = { { -0.084174,  0.000000,  0.996451 },
					   {  0.180539,  0.983450,  0.015250 },
					   { -0.979959,  0.181182, -0.082781 } }
		},
		cameraprops =
		{
			fovh = 25,
			hvaspect = 1.85,
			nearplane = 0.2,
			farplane = 25000
		}
	},

	{
		entity_name = "Zs/NPC/Equipment/01/ACS/Camera",
		type = CAMERA,
		template_name = "",
		lt_grp = 0, srt_grp = 0, usr_flg = 0,
		flags = HIDDEN,
		spatialprops =
		{
			pos = { -150.0742, 1.770566, -16.49299 },
			orient = { { -0.016702,  0.000000,  0.999861 },
					   {  0.092032,  0.995755,  0.001537 },
					   { -0.995616,  0.092045, -0.016631 } }
		},
		cameraprops =
		{
			fovh = 25,
			hvaspect = 1.85,
			nearplane = 0.2,
			farplane = 25000
		}
	},

	{
		entity_name = "Zs/NPC/Equipment/01/P/Stand",
		type = MARKER,
		template_name = "",
		lt_grp = 0, srt_grp = 0, usr_flg = 0,
		spatialprops =
		{
			pos = { -150.3624, 0.0946, -15.93528 },
			orient = { {  0.420548,  0.000000,  0.907270 },
					   {  0.000000,  1.000000,  0.000000 },
					   { -0.907270,  0.000000,  0.420548 } }
		}
	},

	{
		entity_name = "Zs/NPC/Equipment/01/P2/Stand",
		type = MARKER,
		template_name = "",
		lt_grp = 0, srt_grp = 0, usr_flg = 0,
		spatialprops =
		{
			pos = { -149.9146, 0.1, -16.18738 },
			orient = { {  0.420548,  0.000000,  0.907270 },
					   {  0.000000,  1.000000,  0.000000 },
					   { -0.907270,  0.000000,  0.420548 } }
		}
	},

	{
		entity_name = "Zs/NPC/Equipment/01/PC2/Camera",
		type = CAMERA,
		template_name = "",
		lt_grp = 0, srt_grp = 0, usr_flg = 0,
		flags = HIDDEN,
		spatialprops =
		{
			pos = { -149.2517, 1.792124, -17.88061 },
			orient = { { -0.997974,  0.000000, -0.063621 },
					   { -0.011396,  0.983827,  0.178760 },
					   {  0.062592,  0.179123, -0.981834 } }
		},
		cameraprops =
		{
			fovh = 30,
			hvaspect = 1.85,
			nearplane = 0.2,
			farplane = 25000
		}
	},

	{
		entity_name = "Zs/NPC/Equipment/01/PCO/Camera",
		type = CAMERA,
		template_name = "",
		lt_grp = 0, srt_grp = 0, usr_flg = 0,
		flags = HIDDEN,
		spatialprops =
		{
			pos = { -148.7698, 1.862225, -17.16524 },
			orient = { { -0.795345,  0.000000, -0.606157 },
					   { -0.118252,  0.980786,  0.155160 },
					   {  0.594510,  0.195085, -0.780063 } }
		},
		cameraprops =
		{
			fovh = 25,
			hvaspect = 1.85,
			nearplane = 0.2,
			farplane = 25000
		}
	},

	{
		entity_name = "Zs/NPC/Equipment/01/PCS/Camera",
		type = CAMERA,
		template_name = "",
		lt_grp = 0, srt_grp = 0, usr_flg = 0,
		flags = HIDDEN,
		spatialprops =
		{
			pos = { -149.0611, 1.794538, -17.00146 },
			orient = { { -0.760502,  0.000000, -0.649335 },
					   { -0.083356,  0.991726,  0.097626 },
					   {  0.643963,  0.128371, -0.754210 } }
		},
		cameraprops =
		{
			fovh = 25,
			hvaspect = 1.85,
			nearplane = 0.2,
			farplane = 25000
		}
	},

	{
		entity_name = "Zs/NPC/Shipdealer/01/AC2/Camera",
		type = CAMERA,
		template_name = "",
		lt_grp = 0, srt_grp = 0, usr_flg = 0,
		flags = HIDDEN,
		spatialprops =
		{
			pos = { -135.9763, 1.782559, -43.61427 },
			orient = { {  0.024765,  0.000000,  0.999693 },
					   {  0.185898,  0.982558, -0.004605 },
					   { -0.982257,  0.185955,  0.024333 } }
		},
		cameraprops =
		{
			fovh = 30,
			hvaspect = 1.85,
			nearplane = 0.2,
			farplane = 25000
		}
	},

	{
		entity_name = "Zs/NPC/Shipdealer/01/ACOH/Camera",
		type = CAMERA,
		template_name = "",
		lt_grp = 0, srt_grp = 0, usr_flg = 0,
		flags = HIDDEN,
		spatialprops =
		{
			pos = { -135.2028, 1.847494, -42.88307 },
			orient = { {  0.671068,  0.000000,  0.741396 },
					   {  0.134327,  0.983450, -0.121586 },
					   { -0.729126,  0.181182,  0.659961 } }
		},
		cameraprops =
		{
			fovh = 25,
			hvaspect = 1.85,
			nearplane = 0.2,
			farplane = 25000
		}
	},

	{
		entity_name = "Zs/NPC/Shipdealer/01/ACS/Camera",
		type = CAMERA,
		template_name = "",
		lt_grp = 0, srt_grp = 0, usr_flg = 0,
		flags = HIDDEN,
		spatialprops =
		{
			pos = { -134.9322, 1.770566, -43.22241 },
			orient = { {  0.719595,  0.000000,  0.694394 },
					   {  0.063916,  0.995755, -0.066235 },
					   { -0.691446,  0.092045,  0.716540 } }
		},
		cameraprops =
		{
			fovh = 25,
			hvaspect = 1.85,
			nearplane = 0.2,
			farplane = 25000
		}
	},

	{
		entity_name = "Zs/NPC/Shipdealer/01/P/Stand",
		type = MARKER,
		template_name = "",
		lt_grp = 0, srt_grp = 0, usr_flg = 0,
		flags = HIDDEN,
		spatialprops =
		{
			pos = { -134.7211, 0.0946, -42.6312 },
			orient = { {  0.950229,  0.000000,  0.311552 },
					   {  0.000000,  1.000000,  0.000000 },
					   { -0.311552,  0.000000,  0.950229 } }
		}
	},

	{
		entity_name = "Zs/NPC/Shipdealer/01/P2/Stand",
		type = MARKER,
		template_name = "",
		lt_grp = 0, srt_grp = 0, usr_flg = 0,
		flags = HIDDEN,
		spatialprops =
		{
			pos = { -134.5999, 0.1, -43.13058 },
			orient = { {  0.950229,  0.000000,  0.311552 },
					   {  0.000000,  1.000000,  0.000000 },
					   { -0.311552,  0.000000,  0.950229 } }
		}
	},

	{
		entity_name = "Zs/NPC/Shipdealer/01/PC2/Camera",
		type = CAMERA,
		template_name = "",
		lt_grp = 0, srt_grp = 0, usr_flg = 0,
		flags = HIDDEN,
		spatialprops =
		{
			pos = { -135.3855, 1.792124, -44.77047 },
			orient = { { -0.727409,  0.000000,  0.686204 },
					   {  0.122915,  0.983827,  0.130296 },
					   { -0.675106,  0.179123, -0.715645 } }
		},
		cameraprops =
		{
			fovh = 30,
			hvaspect = 1.85,
			nearplane = 0.2,
			farplane = 25000
		}
	},

	{
		entity_name = "Zs/NPC/Shipdealer/01/PCO/Camera",
		type = CAMERA,
		template_name = "",
		lt_grp = 0, srt_grp = 0, usr_flg = 0,
		flags = HIDDEN,
		spatialprops =
		{
			pos = { -134.5337, 1.862225, -44.63478 },
			orient = { { -0.985804,  0.000000,  0.167902 },
					   {  0.032755,  0.980786,  0.192315 },
					   { -0.164676,  0.195085, -0.966863 } }
		},
		cameraprops =
		{
			fovh = 25,
			hvaspect = 1.85,
			nearplane = 0.2,
			farplane = 25000
		}
	},

	{
		entity_name = "Zs/NPC/Shipdealer/01/PCS/Camera",
		type = CAMERA,
		template_name = "",
		lt_grp = 0, srt_grp = 0, usr_flg = 0,
		flags = HIDDEN,
