duration = 60.187;

entities =
{

	{
		entity_name = "LtShadowSource",
		type = LIGHT,
		template_name = "",
		lt_grp = 0, srt_grp = 0, usr_flg = 0,
		spatialprops =
		{
			pos = { 0.441345, -1.622984, 1.088021 },
			orient = { {  0.965904,  0.000000,  0.258902 },
					   { -0.152279,  0.808733,  0.568121 },
					   { -0.209382, -0.588176,  0.781159 } }
		},
		lightprops =
		{
			on = N,
			color = { 0, 0, 0 },
			diffuse = { 0, 0, 0 },
			specular = { 0, 0, 0 },
			ambient = { 0, 0, 0 },
			direction = { 0, 0, 1 },
			range = 2000,
			cutoff = 90,
			type = L_DIRECT,
			theta = 90,
			atten = { 1, 0, 4e-006 }
		}
	},

	{
		entity_name = "X/Shipcentre/01",
		type = MARKER,
		template_name = "",
		lt_grp = 0, srt_grp = 0, usr_flg = 0,
		spatialprops =
		{
			pos = { 0.012363, 0, 0.010679 },
			orient = { { -0.371334,  0.000000,  0.928500 },
					   {  0.000000,  1.000000,  0.000000 },
					   { -0.928500,  0.000000, -0.371334 } }
		}
	},

	{
		entity_name = "Layer_Pl_04_Pad_Hardpoint",
		type = SCENE,
		template_name = "",
		lt_grp = 0, srt_grp = 0, usr_flg = 0,
		spatialprops =
		{
			pos = { 0, 0, 0 },
			orient = { { 1, 0, 0 }, { 0, 1, 0 }, { 0, 0, 1 } }
		},
		up = Y_AXIS,
		front = Z_AXIS,
		ambient = { 71, 71, 120 }
	},

	{
		entity_name = "LtGlareSource",
		type = LIGHT,
		template_name = "",
		lt_grp = 0, srt_grp = 0, usr_flg = 0,
		spatialprops =
		{
			pos = { 36.0134, 31.65279, 48.75302 },
			orient = { {  0.727025,  0.000000, -0.686611 },
					   { -0.019799,  0.999584, -0.020964 },
					   {  0.686325,  0.028835,  0.726723 } }
		},
		lightprops =
		{
			on = N,
			color = { 255, 255, 255 },
			diffuse = { 0.164706, 0.164706, 0.164706 },
			specular = { 0, 0, 0 },
			ambient = { 0, 0, 0 },
			direction = { 0, 0, 1 },
			range = 2000,
			cutoff = 98.99998,
			type = L_POINT,
			theta = 90,
			atten = { 1, 0, 4e-006 }
		}
	},

	{
		entity_name = "Zg/PC/Player/01/A/Stand",
		type = MARKER,
		template_name = "",
		lt_grp = 0, srt_grp = 0, usr_flg = 0,
		spatialprops =
		{
			pos = { 400.0153, 0, -46.91021 },
			orient = { { -0.938999,  0.000000, -0.343921 },
					   {  0.000000,  1.000000,  0.000000 },
					   {  0.343921,  0.000000, -0.938999 } }
		}
	},

	{
		entity_name = "Camera_0",
		type = CAMERA,
		template_name = "",
		lt_grp = 0, srt_grp = 0, usr_flg = 0,
		spatialprops =
		{
			pos = { 36.0134, 21.65279, 48.75302 },
			orient = { {  0.727025,  0.000000, -0.686611 },
					   { -0.019799,  0.999584, -0.020964 },
					   {  0.686325,  0.028835,  0.726723 } }
		},
		cameraprops =
		{
			fovh = 35,
			hvaspect = 1.333333,
			nearplane = 2,
			farplane = 4000
		}
	},

	{
		entity_name = "LtGlareSource_g3",
		type = LIGHT,
		template_name = "",
		lt_grp = 3, srt_grp = 0, usr_flg = 0,
		spatialprops =
		{
			pos = { 36.0134, 31.65279, 48.75302 },
			orient = { {  0.727025,  0.000000, -0.686611 },
					   { -0.019799,  0.999584, -0.020964 },
					   {  0.686325,  0.028835,  0.726723 } }
		},
		lightprops =
		{
			on = N,
			color = { 255, 255, 255 },
			diffuse = { 0.164706, 0.164706, 0.164706 },
			specular = { 0, 0, 0 },
			ambient = { 0, 0, 0 },
			direction = { 0, 0, 1 },
			range = 2000,
			cutoff = 98.99998,
			type = L_POINT,
			theta = 90,
			atten = { 1, 0, 4e-006 }
		}
	},

	{
		entity_name = "LtShadowSource_g3",
		type = LIGHT,
		template_name = "",
		lt_grp = 3, srt_grp = 0, usr_flg = 0,
		spatialprops =
		{
			pos = { 0.441345, -1.622984, 1.088021 },
			orient = { {  0.965904,  0.000000,  0.258901 },
					   { -0.152279,  0.808733,  0.568121 },
					   { -0.209382, -0.588176,  0.781158 } }
		},
		lightprops =
		{
			on = N,
			color = { 0, 0, 0 },
			diffuse = { 0, 0, 0 },
			specular = { 0, 0, 0 },
			ambient = { 0, 0, 0 },
			direction = { 0, 0, 1 },
			range = 2000,
			cutoff = 90,
			type = L_DIRECT,
			theta = 90,
			atten = { 1, 0, 4e-006 }
		}
	}
};

events =
{
};
