duration = 60.187;

entities =
{

	{
		entity_name = "Camera_Equip_Desk",
		type = CAMERA,
		template_name = "",
		lt_grp = 0, srt_grp = 0, usr_flg = 0,
		spatialprops =
		{
			pos = { -146.2139, 3.467114, 71.86396 },
			orient = { {  0.055931,  0.000000,  0.998435 },
					   { -0.000419,  1.000000,  0.000023 },
					   { -0.998435, -0.000420,  0.055931 } }
		},
		cameraprops =
		{
			fovh = 30,
			hvaspect = 1.333333,
			nearplane = 0.3,
			farplane = 4000
		}
	},

	{
		entity_name = "Zs/NPC/Equipment/01/A/Stand",
		type = MARKER,
		template_name = "",
		lt_grp = 0, srt_grp = 0, usr_flg = 0,
		spatialprops =
		{
			pos = { -129.4863, 0, 70.13684 },
			orient = { {  0.277256,  0.000000, -0.960796 },
					   {  0.000000,  1.000000,  0.000000 },
					   {  0.960796,  0.000000,  0.277256 } }
		}
	},

	{
		entity_name = "Player_Equip",
		type = MARKER,
		template_name = "",
		lt_grp = 0, srt_grp = 0, usr_flg = 0,
		spatialprops =
		{
			pos = { -130.7009, 0, 69.62769 },
			orient = { { -0.638920,  0.000000,  0.769274 },
					   {  0.000000,  1.000000,  0.000000 },
					   { -0.769274,  0.000000, -0.638920 } }
		}
	},

	{
		entity_name = "Layer_Pl_10_Pad_Hardpoint",
		type = SCENE,
		template_name = "",
		lt_grp = 0, srt_grp = 0, usr_flg = 0,
		spatialprops =
		{
			pos = { 0, 0, 0 },
			orient = { { 1, 0, 0 }, { 0, 1, 0 }, { 0, 0, 1 } }
		},
		up = Y_AXIS,
		front = Z_AXIS,
		ambient = { 0, 0, 0 }
	},

	{
		entity_name = "LtGlareSource",
		type = LIGHT,
		template_name = "",
		lt_grp = 0, srt_grp = 0, usr_flg = 0,
		spatialprops =
		{
			pos = { -420.0422, 164.5627, 107.1117 },
			orient = { {  0.202546,  0.000000,  0.979273 },
					   {  0.300181,  0.951860, -0.062087 },
					   { -0.932130,  0.306534,  0.192795 } }
		},
		lightprops =
		{
			on = N,
			color = { 255, 255, 255 },
			diffuse = { 0.164706, 0.164706, 0.164706 },
			specular = { 0, 0, 0 },
			ambient = { 0, 0, 0 },
			direction = { 0, 0, 1 },
			range = 2000,
			cutoff = 98.99998,
			type = L_POINT,
			theta = 90,
			atten = { 1, 0, 4e-006 }
		}
	},

	{
		entity_name = "Zg/NPC/mFloor1/01/A/Stand",
		type = MARKER,
		template_name = "",
		lt_grp = 0, srt_grp = 0, usr_flg = 0,
		spatialprops =
		{
			pos = { -112.6991, 0, 71.41257 },
			orient = { {  0.765109,  0.000000, -0.643900 },
					   {  0.000000,  1.000000,  0.000000 },
					   {  0.643900,  0.000000,  0.765109 } }
		}
	},

	{
		entity_name = "Zs/NPC/Shipdealer/01/A/Stand",
		type = MARKER,
		template_name = "",
		lt_grp = 0, srt_grp = 0, usr_flg = 0,
		spatialprops =
		{
			pos = { -144.8111, 0, 18.03053 },
			orient = { {  0.463080,  0.000000, -0.886317 },
					   {  0.000000,  1.000000,  0.000000 },
					   {  0.886317,  0.000000,  0.463080 } }
		}
	},

	{
		entity_name = "Zg/NPC/mFloor1/02/A/Stand",
		type = MARKER,
		template_name = "",
		lt_grp = 0, srt_grp = 0, usr_flg = 0,
		spatialprops =
		{
			pos = { -47.71467, 0, -21.15019 },
			orient = { { -0.238826,  0.000000, -0.971062 },
					   {  0.000000,  1.000000,  0.000000 },
					   {  0.971062,  0.000000, -0.238826 } }
		}
	},

	{
		entity_name = "Zs/NPC/mFloor1/01/P/Stand",
		type = MARKER,
		template_name = "",
		lt_grp = 0, srt_grp = 0, usr_flg = 0,
		spatialprops =
		{
			pos = { -113.6007, 0, 69.83277 },
			orient = { { -0.958976,  0.000000,  0.283487 },
					   {  0.000000,  1.000000,  0.000000 },
					   { -0.283487,  0.000000, -0.958976 } }
		}
	},

	{
		entity_name = "Zs/NPC/mFloor1/01/P2/Stand",
		type = MARKER,
		template_name = "",
		lt_grp = 0, srt_grp = 0, usr_flg = 0,
		spatialprops =
		{
			pos = { -113.4248, 0, 70.31355 },
			orient = { { -0.958976,  0.000000,  0.283487 },
					   {  0.000000,  1.000000,  0.000000 },
					   { -0.283487,  0.000000, -0.958976 } }
		}
	},

	{
		entity_name = "Zs/NPC/mFloor1/02/P/Stand",
		type = MARKER,
		template_name = "",
		lt_grp = 0, srt_grp = 0, usr_flg = 0,
		spatialprops =
		{
			pos = { -49.53034, 0, -21.04082 },
			orient = { { -0.170168,  0.000000,  0.985415 },
					   {  0.000000,  1.000000,  0.000000 },
					   { -0.985415,  0.000000, -0.170168 } }
		}
	},

	{
		entity_name = "Zs/NPC/mFloor1/02/P2/Stand",
		type = MARKER,
		template_name = "",
		lt_grp = 0, srt_grp = 0, usr_flg = 0,
		spatialprops =
		{
			pos = { -49.02136, 0, -20.9858 },
			orient = { { -0.170168,  0.000000,  0.985415 },
					   {  0.000000,  1.000000,  0.000000 },
					   { -0.985415,  0.000000, -0.170168 } }
		}
	},

	{
		entity_name = "Zs/NPC/Trader/01/A/Stand",
		type = MARKER,
		template_name = "",
		lt_grp = 0, srt_grp = 0, usr_flg = 0,
		spatialprops =
		{
			pos = { -63.47565, 0, 3.540974 },
			orient = { { -0.735703,  0.000000, -0.677304 },
					   {  0.000000,  1.000000,  0.000000 },
					   {  0.677304,  0.000000, -0.735703 } }
		}
	},

	{
		entity_name = "Camera_Track_1",
		type = CAMERA,
		template_name = "",
		lt_grp = 0, srt_grp = 0, usr_flg = 0,
		spatialprops =
		{
			pos = { -151.5965, 21.53974, 40.90816 },
			orient = { { -0.433654,  0.000000,  0.901080 },
					   {  0.142288,  0.987454,  0.068477 },
					   { -0.889774,  0.157908, -0.428213 } }
		},
		cameraprops =
		{
			fovh = 40,
			hvaspect = 1.333333,
			nearplane = 0.3,
			farplane = 4000
		}
	},

	{
		entity_name = "Camera_Track_2",
		type = CAMERA,
		template_name = "",
		lt_grp = 0, srt_grp = 0, usr_flg = 0,
		spatialprops =
		{
			pos = { -141.6099, 23.24572, 86.15365 },
			orient = { {  0.799415,  0.000000,  0.600779 },
					   {  0.183315,  0.952311, -0.243924 },
					   { -0.572129,  0.305128,  0.761292 } }
		},
		cameraprops =
		{
			fovh = 40,
			hvaspect = 1.333333,
			nearplane = 0.3,
			farplane = 4000
		}
	},

	{
		entity_name = "Cart_pl_booth02_Marker",
		type = MARKER,
		template_name = "",
		lt_grp = 3, srt_grp = 0, usr_flg = 0,
		spatialprops =
		{
			pos = { 1.558241, 0.768267, -7.282153 },
			orient = { {  0.231570,  0.000000, -0.972818 },
					   {  0.000000,  1.000000,  0.000000 },
					   {  0.972818,  0.000000,  0.231570 } }
		}
	},

	{
		entity_name = "Cart_Pl_booth01_Marker",
		type = MARKER,
		template_name = "",
		lt_grp = 3, srt_grp = 0, usr_flg = 0,
		spatialprops =
		{
			pos = { 0.256111, 0.562958, 10.23654 },
			orient = { {  0.611074,  0.000000, -0.791574 },
					   {  0.000000,  1.000000,  0.000000 },
					   {  0.791574,  0.000000,  0.611074 } }
		}
	},

	{
		entity_name = "Zs/NPC/mFloor1/01/AC2/Camera",
		type = CAMERA,
		template_name = "",
		lt_grp = 0, srt_grp = 0, usr_flg = 0,
		flags = HIDDEN,
		spatialprops =
		{
			pos = { -114.701, 1.690829, 70.90169 },
			orient = { {  0.094122,  0.000000,  0.995561 },
					   {  0.185231,  0.982539, -0.017512 },
					   { -0.978177,  0.186057,  0.092478 } }
		},
		cameraprops =
		{
			fovh = 30,
			hvaspect = 1.85,
			nearplane = 0.3,
			farplane = 4000
		}
	},

	{
		entity_name = "Zs/NPC/mFloor1/01/ACOH/Camera",
		type = CAMERA,
		template_name = "",
		lt_grp = 0, srt_grp = 0, usr_flg = 0,
		flags = HIDDEN,
		spatialprops =
		{
			pos = { -113.9488, 1.767698, 70.2024 },
			orient = { { -0.505811,  0.000000,  0.862645 },
					   {  0.165343,  0.981459,  0.096949 },
					   { -0.846651,  0.191670, -0.496433 } }
		},
		cameraprops =
		{
			fovh = 25,
			hvaspect = 1.85,
			nearplane = 0.3,
			farplane = 4000
		}
	},

	{
		entity_name = "Zs/NPC/mFloor1/01/ACS/Camera",
		type = CAMERA,
		template_name = "",
		lt_grp = 0, srt_grp = 0, usr_flg = 0,
		flags = HIDDEN,
		spatialprops =
		{
			pos = { -113.6414, 1.635393, 70.56739 },
			orient = { { -0.523414,  0.000000,  0.852078 },
					   {  0.058036,  0.997678,  0.035650 },
					   { -0.850100,  0.068111, -0.522199 } }
		},
		cameraprops =
		{
			fovh = 25,
			hvaspect = 1.85,
			nearplane = 0.3,
			farplane = 4000
		}
	},

	{
		entity_name = "Zs/NPC/mFloor1/01/ACU/Camera",
		type = CAMERA,
		template_name = "",
		lt_grp = 0, srt_grp = 0, usr_flg = 0,
		flags = HIDDEN,
		spatialprops =
		{
			pos = { -113.3415, 1.676433, 70.87917 },
			orient = { { -0.554964,  0.000000,  0.831875 },
					   {  0.023929,  0.999586,  0.015964 },
					   { -0.831530,  0.028766, -0.554734 } }
		},
		cameraprops =
		{
			fovh = 25,
			hvaspect = 1.85,
			nearplane = 0.3,
			farplane = 4000
		}
	},

	{
		entity_name = "Zs/NPC/mFloor1/01/PC2/Camera",
		type = CAMERA,
		template_name = "",
		lt_grp = 0, srt_grp = 0, usr_flg = 0,
		flags = HIDDEN,
		spatialprops =
		{
			pos = { -113.7695, 1.731246, 72.23473 },
			orient = { {  0.870116,  0.000000,  0.492848 },
					   {  0.102879,  0.977970, -0.181631 },
					   { -0.481991,  0.208743,  0.850947 } }
		},
		cameraprops =
		{
			fovh = 30,
			hvaspect = 1.85,
			nearplane = 0.3,
			farplane = 4000
		}
	},

	{
		entity_name = "Zs/NPC/mFloor1/01/PCO/Camera",
		type = CAMERA,
		template_name = "",
		lt_grp = 0, srt_grp = 0, usr_flg = 0,
		flags = HIDDEN,
		spatialprops =
		{
			pos = { -112.8133, 1.763487, 71.94971 },
			orient = { {  0.991917,  0.000000, -0.126888 },
					   { -0.023787,  0.982271, -0.185949 },
					   {  0.124639,  0.187464,  0.974332 } }
		},
		cameraprops =
		{
			fovh = 25,
			hvaspect = 1.85,
			nearplane = 0.3,
			farplane = 4000
		}
	},

	{
		entity_name = "Zs/NPC/mFloor1/01/PCS/Camera",
		type = CAMERA,
		template_name = "",
		lt_grp = 0, srt_grp = 0, usr_flg = 0,
		flags = HIDDEN,
		spatialprops =
		{
			pos = { -113.0584, 1.679143, 71.47436 },
			orient = { {  0.994981,  0.000000, -0.100060 },
					   { -0.011246,  0.993663, -0.111832 },
					   {  0.099426,  0.112396,  0.988677 } }
		},
		cameraprops =
		{
			fovh = 25,
			hvaspect = 1.85,
			nearplane = 0.3,
			farplane = 4000
		}
	},

	{
		entity_name = "Zs/NPC/mFloor1/01/PCU/Camera",
		type = CAMERA,
		template_name = "",
		lt_grp = 0, srt_grp = 0, usr_flg = 0,
		flags = HIDDEN,
		spatialprops =
		{
			pos = { -113.2079, 1.707833, 71.07488 },
			orient = { {  0.987747,  0.000000, -0.156065 },
					   { -0.012104,  0.996988, -0.076606 },
					   {  0.155595,  0.077556,  0.984772 } }
		},
		cameraprops =
		{
			fovh = 25,
			hvaspect = 1.85,
			nearplane = 0.3,
			farplane = 4000
		}
	},

	{
		entity_name = "Zs/NPC/mFloor1/01/WFC/Camera",
		type = CAMERA,
		template_name = "",
		lt_grp = 0, srt_grp = 0, usr_flg = 0,
		flags = HIDDEN,
		spatialprops =
		{
			pos = { -136.1799, 0.744657, 64.71468 },
			orient = { { -0.378887,  0.000000,  0.925443 },
					   { -0.092813,  0.994958, -0.037999 },
					   { -0.920777, -0.100291, -0.376976 } }
		},
		cameraprops =
		{
			fovh = 30,
			hvaspect = 1.85,
			nearplane = 0.3,
			farplane = 4000
		}
	},

	{
		entity_name = "Zs/NPC/mFloor1/02/AC2/Camera",
		type = CAMERA,
		template_name = "",
		lt_grp = 0, srt_grp = 0, usr_flg = 0,
		flags = HIDDEN,
		spatialprops =
		{
			pos = { -49.05872, 1.690829, -19.5811 },
			orient = { {  0.934421,  0.000000,  0.356171 },
					   {  0.066268,  0.982539, -0.173856 },
					   { -0.349952,  0.186057,  0.918105 } }
		},
		cameraprops =
		{
			fovh = 30,
			hvaspect = 1.85,
			nearplane = 0.3,
			farplane = 4000
		}
	},

	{
		entity_name = "Zs/NPC/mFloor1/02/ACOH/Camera",
		type = CAMERA,
		template_name = "",
		lt_grp = 0, srt_grp = 0, usr_flg = 0,
		flags = HIDDEN,
		spatialprops =
		{
			pos = { -49.35292, 1.767698, -20.56511 },
			orient = { {  0.549734,  0.000000,  0.835340 },
					   {  0.160110,  0.981459, -0.105367 },
					   { -0.819852,  0.191670,  0.539542 } }
		},
		cameraprops =
		{
			fovh = 25,
			hvaspect = 1.85,
			nearplane = 0.3,
			farplane = 4000
		}
	},

	{
		entity_name = "Zs/NPC/mFloor1/02/ACS/Camera",
		type = CAMERA,
		template_name = "",
		lt_grp = 0, srt_grp = 0, usr_flg = 0,
		flags = HIDDEN,
		spatialprops =
		{
			pos = { -48.88957, 1.635393, -20.67927 },
			orient = { {  0.532469,  0.000000,  0.846450 },
					   {  0.057653,  0.997678, -0.036267 },
					   { -0.844484,  0.068111,  0.531232 } }
		},
		cameraprops =
		{
			fovh = 25,
			hvaspect = 1.85,
			nearplane = 0.3,
			farplane = 4000
		}
	},

	{
		entity_name = "Zs/NPC/mFloor1/02/ACU/Camera",
		type = CAMERA,
		template_name = "",
		lt_grp = 0, srt_grp = 0, usr_flg = 0,
		flags = HIDDEN,
		spatialprops =
		{
			pos = { -48.47727, 1.676433, -20.81019 },
			orient = { {  0.500389,  0.000000,  0.865801 },
					   {  0.024905,  0.999586, -0.014394 },
					   { -0.865443,  0.028766,  0.500182 } }
		},
		cameraprops =
		{
			fovh = 25,
			hvaspect = 1.85,
			nearplane = 0.3,
			farplane = 4000
		}
	},

	{
		entity_name = "Zs/NPC/mFloor1/02/PC2/Camera",
		type = CAMERA,
		template_name = "",
		lt_grp = 0, srt_grp = 0, usr_flg = 0,
		flags = HIDDEN,
		spatialprops =
		{
			pos = { -47.45106, 1.731246, -19.82655 },
			orient = { {  0.827021,  0.000000, -0.562171 },
					   { -0.117349,  0.977970, -0.172635 },
					   {  0.549786,  0.208743,  0.808802 } }
		},
		cameraprops =
		{
			fovh = 30,
			hvaspect = 1.85,
			nearplane = 0.3,
			farplane = 4000
		}
	},

	{
		entity_name = "Zs/NPC/mFloor1/02/PCO/Camera",
		type = CAMERA,
		template_name = "",
		lt_grp = 0, srt_grp = 0, usr_flg = 0,
		flags = HIDDEN,
		spatialprops =
		{
			pos = { -47.28352, 1.763487, -20.81013 },
			orient = { {  0.325175,  0.000000, -0.945654 },
					   { -0.177276,  0.982271, -0.060959 },
					   {  0.928889,  0.187464,  0.319410 } }
		},
		cameraprops =
		{
			fovh = 25,
			hvaspect = 1.85,
			nearplane = 0.3,
			farplane = 4000
		}
	},

	{
		entity_name = "Zs/NPC/mFloor1/02/PCS/Camera",
		type = CAMERA,
		template_name = "",
		lt_grp = 0, srt_grp = 0, usr_flg = 0,
		flags = HIDDEN,
		spatialprops =
		{
			pos = { -47.81825, 1.679143, -20.8007 },
			orient = { {  0.350590,  0.000000, -0.936529 },
					   { -0.105262,  0.993663, -0.039405 },
					   {  0.930595,  0.112396,  0.348369 } }
		},
		cameraprops =
		{
			fovh = 25,
			hvaspect = 1.85,
			nearplane = 0.3,
			farplane = 4000
		}
	},

	{
		entity_name = "Zs/NPC/mFloor1/02/PCU/Camera",
		type = CAMERA,
		template_name = "",
		lt_grp = 0, srt_grp = 0, usr_flg = 0,
		flags = HIDDEN,
		spatialprops =
		{
			pos = { -48.24268, 1.707833, -20.84338 },
			orient = { {  0.297166,  0.000000, -0.954826 },
					   { -0.074052,  0.996988, -0.023047 },
					   {  0.951950,  0.077556,  0.296270 } }
		},
		cameraprops =
		{
			fovh = 25,
			hvaspect = 1.85,
			nearplane = 0.3,
			farplane = 4000
		}
	},

	{
		entity_name = "Zs/NPC/mFloor1/01/TCI/Camera",
		type = CAMERA,
		template_name = "",
		lt_grp = 0, srt_grp = 0, usr_flg = 0,
		flags = HIDDEN,
		spatialprops =
		{
			pos = { -114.1656, 1.981782, 70.88181 },
			orient = { { -0.182738,  0.000000,  0.983162 },
					   {  0.615468,  0.779816,  0.114395 },
					   { -0.766685,  0.626009, -0.142502 } }
		},
		cameraprops =
		{
			fovh = 15,
			hvaspect = 1.85,
			nearplane = 0.3,
			farplane = 4000
		}
	},

	{
		entity_name = "Zs/NPC/mFloor1/02/TCI/Camera",
		type = CAMERA,
		template_name = "",
		lt_grp = 0, srt_grp = 0, usr_flg = 0,
		flags = HIDDEN,
		spatialprops =
		{
			pos = { -48.80525, 1.807606, -20.2073 },
			orient = { {  0.727053,  0.000000,  0.686581 },
					   {  0.406369,  0.806031, -0.430323 },
					   { -0.553406,  0.591873,  0.586028 } }
		},
		cameraprops =
		{
			fovh = 15,
			hvaspect = 1.85,
			nearplane = 0.3,
			farplane = 4000
		}
	},

	{
		entity_name = "Zs/NPC/mFloor1/02/WFC/Camera",
		type = CAMERA,
		template_name = "",
		lt_grp = 0, srt_grp = 0, usr_flg = 0,
		flags = HIDDEN,
		spatialprops =
		{
			pos = { -47.82341, 0.740041, -17.31266 },
			orient = { {  0.989548,  0.098562,  0.105263 },
					   { -0.119881,  0.967965,  0.220618 },
					   { -0.080146, -0.230931,  0.969664 } }
		},
		cameraprops =
		{
			fovh = 29.99999,
			hvaspect = 1.85,
			nearplane = 0.3,
			farplane = 4000
		}
	},

	{
		entity_name = "Camera_Trader_Desk",
		type = CAMERA,
		template_name = "",
		lt_grp = 0, srt_grp = 0, usr_flg = 0,
		spatialprops =
		{
			pos = { -64.96817, 2.542819, 8.929963 },
			orient = { {  0.957689,  0.000000,  0.287806 },
					   {  0.003148,  0.999940, -0.010475 },
					   { -0.287789,  0.010938,  0.957632 } }
		},
		cameraprops =
		{
			fovh = 30,
			hvaspect = 1.333333,
			nearplane = 0.3,
			farplane = 4000
		}
	},

	{
		entity_name = "Camera_Trader_Wide",
		type = CAMERA,
		template_name = "",
		lt_grp = 0, srt_grp = 0, usr_flg = 0,
		spatialprops =
		{
			pos = { -65.97476, 8.504508, 22.10638 },
			orient = { {  0.966871,  0.000000,  0.255265 },
					   { -0.010820,  0.999101,  0.040984 },
					   { -0.255036, -0.042388,  0.966002 } }
		},
		cameraprops =
		{
			fovh = 35,
			hvaspect = 1.333333,
			nearplane = 0.3,
			farplane = 4000
		}
	},

	{
		entity_name = "Zs/NPC/mFloor1/03/ACU/Camera",
		type = CAMERA,
		template_name = "",
		lt_grp = 0, srt_grp = 0, usr_flg = 0,
		flags = HIDDEN,
		spatialprops =
		{
			pos = { -132.8772, 1.711661, 9.773533 },
			orient = { {  0.835934,  0.000000,  0.548831 },
					   {  0.039620,  0.997391, -0.060345 },
					   { -0.547399,  0.072189,  0.833753 } }
		},
		cameraprops =
		{
			fovh = 25,
			hvaspect = 1.85,
			nearplane = 0.3,
			farplane = 4000
		}
	},

	{
		entity_name = "Zs/NPC/mFloor1/03/AC2/Camera",
		type = CAMERA,
		template_name = "",
		lt_grp = 0, srt_grp = 0, usr_flg = 0,
		flags = HIDDEN,
		spatialprops =
		{
			pos = { -134.1539, 1.682559, 9.740318 },
			orient = { {  0.088468,  0.000000,  0.996079 },
					   {  0.185215,  0.982560, -0.016450 },
					   { -0.978708,  0.185944,  0.086925 } }
		},
		cameraprops =
		{
			fovh = 30,
			hvaspect = 1.85,
			nearplane = 0.3,
			farplane = 4000
		}
	},

	{
		entity_name = "Zs/NPC/mFloor1/03/ACOH/Camera",
		type = CAMERA,
		template_name = "",
		lt_grp = 0, srt_grp = 0, usr_flg = 0,
		flags = HIDDEN,
		spatialprops =
		{
			pos = { -133.3172, 1.763286, 10.42092 },
			orient = { {  0.723145,  0.000000,  0.690696 },
					   {  0.125141,  0.983450, -0.131021 },
					   { -0.679265,  0.181182,  0.711177 } }
		},
		cameraprops =
		{
			fovh = 25,
			hvaspect = 1.85,
			nearplane = 0.3,
			farplane = 4000
		}
	},

	{
		entity_name = "Zs/NPC/mFloor1/03/ACS/Camera",
		type = CAMERA,
		template_name = "",
		lt_grp = 0, srt_grp = 0, usr_flg = 0,
		flags = HIDDEN,
		spatialprops =
		{
			pos = { -133.1278, 1.68258, 10.10823 },
			orient = { {  0.756789,  0.000000,  0.653659 },
					   {  0.063002,  0.995344, -0.072942 },
					   { -0.650616,  0.096384,  0.753266 } }
		},
		cameraprops =
		{
			fovh = 25,
			hvaspect = 1.85,
			nearplane = 0.3,
			farplane = 4000
		}
	},

	{
		entity_name = "Zs/NPC/mFloor1/03/P/Stand",
		type = MARKER,
		template_name = "",
		lt_grp = 0, srt_grp = 0, usr_flg = 0,
		spatialprops =
		{
			pos = { -132.8288, 0, 10.6275 },
			orient = { {  0.970348,  0.000000,  0.241711 },
					   {  0.000000,  1.000000,  0.000000 },
					   { -0.241711,  0.000000,  0.970348 } }
		}
	},

	{
		entity_name = "Zs/NPC/mFloor1/03/P2/Stand",
		type = MARKER,
		template_name = "",
		lt_grp = 0, srt_grp = 0, usr_flg = 0,
		spatialprops =
		{
			pos = { -132.7368, 0, 10.1239 },
			orient = { {  0.970348,  0.000000,  0.241711 },
					   {  0.000000,  1.000000,  0.000000 },
					   { -0.241711,  0.000000,  0.970348 } }
		}
	},

	{
		entity_name = "Zs/NPC/mFloor1/03/PC2/Camera",
		type = CAMERA,
		template_name = "",
		lt_grp = 0, srt_grp = 0, usr_flg = 0,
		flags = HIDDEN,
		spatialprops =
		{
			pos = { -133.6492, 1.724887, 8.553726 },
			orient = { { -0.688631,  0.000000,  0.725112 },
					   {  0.139185,  0.981405,  0.132183 },
					   { -0.711628,  0.191950, -0.675826 } }
		},
		cameraprops =
		{
			fovh = 30,
			hvaspect = 1.85,
			nearplane = 0.3,
			farplane = 4000
		}
	},

	{
		entity_name = "Zs/NPC/mFloor1/03/PCO/Camera",
		type = CAMERA,
		template_name = "",
		lt_grp = 0, srt_grp = 0, usr_flg = 0,
		flags = HIDDEN,
		spatialprops =
		{
			pos = { -132.7971, 1.7789, 8.593336 },
			orient = { { -0.967705,  0.000000,  0.252086 },
					   {  0.050228,  0.979949,  0.192814 },
					   { -0.247031,  0.199249, -0.948301 } }
		},
		cameraprops =
		{
			fovh = 25,
			hvaspect = 1.85,
			nearplane = 0.3,
			farplane = 4000
		}
	},

	{
		entity_name = "Zs/NPC/mFloor1/03/PCS/Camera",
		type = CAMERA,
		template_name = "",
		lt_grp = 0, srt_grp = 0, usr_flg = 0,
		flags = HIDDEN,
		spatialprops =
		{
			pos = { -132.7887, 1.70081, 8.912819 },
			orient = { { -0.978465,  0.000000,  0.206412 },
					   {  0.026494,  0.991728,  0.125594 },
					   { -0.204705,  0.128358, -0.970371 } }
		},
		cameraprops =
		{
			fovh = 25,
			hvaspect = 1.85,
			nearplane = 0.3,
			farplane = 4000
		}
	},

	{
		entity_name = "Zs/NPC/mFloor1/03/PCU/Camera",
		type = CAMERA,
		template_name = "",
		lt_grp = 0, srt_grp = 0, usr_flg = 0,
		flags = HIDDEN,
		spatialprops =
		{
			pos = { -132.7675, 1.693426, 9.365908 },
			orient = { { -0.987861,  0.000000,  0.155338 },
					   {  0.007740,  0.998758,  0.049225 },
					   { -0.155145,  0.049830, -0.986634 } }
		},
		cameraprops =
		{
			fovh = 25,
			hvaspect = 1.85,
			nearplane = 0.3,
			farplane = 4000
		}
	},

	{
		entity_name = "Zs/NPC/mFloor1/03/TCI/Camera",
		type = CAMERA,
		template_name = "",
		lt_grp = 0, srt_grp = 0, usr_flg = 0,
		flags = HIDDEN,
		spatialprops =
		{
			pos = { -133.557, 1.970594, 9.698826 },
			orient = { {  0.429089,  0.000000,  0.903262 },
					   {  0.647435,  0.697306, -0.307560 },
					   { -0.629850,  0.716774,  0.299206 } }
		},
		cameraprops =
		{
			fovh = 15,
			hvaspect = 1.85,
			nearplane = 0.3,
			farplane = 4000
		}
	},

	{
		entity_name = "Zs/NPC/mFloor1/03/WFC/Camera",
		type = CAMERA,
		template_name = "",
		lt_grp = 0, srt_grp = 0, usr_flg = 0,
		flags = HIDDEN,
		spatialprops =
		{
			pos = { -137.3826, 0.179979, 7.409824 },
			orient = { { -0.418090,  0.000000,  0.908406 },
					   { -0.203825,  0.974503, -0.093809 },
					   { -0.885244, -0.224376, -0.407430 } }
		},
		cameraprops =
		{
			fovh = 30,
			hvaspect = 1.85,
			nearplane = 0.3,
			farplane = 4000
		}
	},

	{
		entity_name = "X/Shipcentre/02",
		type = MARKER,
		template_name = "",
		lt_grp = 0, srt_grp = 0, usr_flg = 0,
		spatialprops =
		{
			pos = { -131.4462, 0.1, 26.44556 },
			orient = { {  0.555425,  0.000000, -0.831567 },
					   {  0.000000,  1.000000,  0.000000 },
					   {  0.831567,  0.000000,  0.555425 } }
		}
	},

	{
		entity_name = "Prop_Ship02_L_Elite_Mkr",
		type = MARKER,
		template_name = "",
		lt_grp = 0, srt_grp = 0, usr_flg = 0,
		spatialprops =
		{
			pos = { 134.0184, 0.1, -26.68131 },
			orient = { { -0.245512,  0.000000,  0.969393 },
					   {  0.000000,  1.000000,  0.000000 },
					   { -0.969393,  0.000000, -0.245512 } }
		}
	},

	{
		entity_name = "Player_Trader",
		type = MARKER,
		template_name = "",
		lt_grp = 0, srt_grp = 0, usr_flg = 0,
		spatialprops =
		{
			pos = { -64.47379, 0, 4.400134 },
			orient = { {  0.402776,  0.000000,  0.915299 },
					   {  0.000000,  1.000000,  0.000000 },
					   { -0.915299,  0.000000,  0.402776 } }
		}
	},

	{
		entity_name = "Zg/PC/Player/01/A/Stand",
		type = MARKER,
		template_name = "",
		lt_grp = 0, srt_grp = 0, usr_flg = 0,
		spatialprops =
		{
			pos = { -120.7867, 0, 37.67157 },
			orient = { { -0.975177,  0.000000, -0.221426 },
					   {  0.000000,  1.000000,  0.000000 },
					   {  0.221426,  0.000000, -0.975177 } }
		}
	},

	{
		entity_name = "Zg/NPC/mFloor1/03/A/Stand",
		type = MARKER,
		template_name = "",
		lt_grp = 0, srt_grp = 0, usr_flg = 0,
		spatialprops =
		{
			pos = { -132.504, 0, 9.044157 },
			orient = { { -0.875034,  0.000000, -0.484061 },
					   {  0.000000,  1.000000,  0.000000 },
					   {  0.484061,  0.000000, -0.875034 } }
		}
	},

	{
		entity_name = "Bin_artifacts_1_1",
		type = COMPOUND,
		template_name = "StackBlue_manufgoods",
		lt_grp = 3, srt_grp = 1, usr_flg = 0,
		flags = LIT_DYNAMIC,
		spatialprops =
		{
			pos = { -67.26472, 0.481876, -4.290575 },
			orient = { { -0.870248,  0.000000,  0.492614 },
					   {  0.000000,  1.000000,  0.000000 },
					   { -0.492614,  0.000000, -0.870248 } }
		},
		userprops =
		{
			category = "Equipment",
			Priority = "Bin_1",
		}
	},

	{
		entity_name = "Bin_machines_1_1",
		type = COMPOUND,
		template_name = "Stackdrab_oremetals",
		lt_grp = 3, srt_grp = 1, usr_flg = 0,
		flags = LIT_DYNAMIC,
		spatialprops =
		{
			pos = { -63.83121, 0.415246, -5.524126 },
			orient = { {  0.553729,  0.000000,  0.832697 },
					   {  0.000000,  1.000000,  0.000000 },
					   { -0.832697,  0.000000,  0.553729 } }
		},
		userprops =
		{
			category = "Equipment",
			Priority = "Bin_1",
		}
	},

	{
		entity_name = "Prop_PlayerShip_Mkr",
		type = MARKER,
		template_name = "",
		lt_grp = 0, srt_grp = 0, usr_flg = 0,
		spatialprops =
		{
			pos = { -131.4462, 0.1, 26.44556 },
			orient = { { -0.905304,  0.000000, -0.424764 },
					   {  0.000000,  1.000000,  0.000000 },
					   {  0.424764,  0.000000, -0.905304 } }
		}
	},

	{
		entity_name = "Cart_li_cart_3",
		type = COMPOUND,
		template_name = "li_cart",
		lt_grp = 3, srt_grp = 1, usr_flg = 0,
		flags = LIT_DYNAMIC,
		spatialprops =
		{
			pos = { -129.5206, 0.644459, 62.43072 },
			orient = { {  0.734831,  0.000000, -0.678250 },
					   {  0.000000,  1.000000,  0.000000 },
					   {  0.678250,  0.000000,  0.734831 } }
		},
		userprops =
		{
			category = "Equipment Cart",
			Priority = "Equip_2",
		}
	},

	{
		entity_name = "Cart_li_flat_5",
		type = COMPOUND,
		template_name = "li_flat",
		lt_grp = 3, srt_grp = 1, usr_flg = 0,
		flags = LIT_DYNAMIC,
		spatialprops =
		{
			pos = { -123.1902, 0.768267, 43.85559 },
			orient = { { -0.488046,  0.000000, -0.872818 },
					   {  0.000000,  1.000000,  0.000000 },
					   {  0.872818,  0.000000, -0.488046 } }
		},
		userprops =
		{
			category = "Equipment Cart",
			Priority = "Equip_2",
		}
	},

	{
		entity_name = "rtcprop_hardware_li_free_flow_ion_drive_6",
		type = COMPOUND,
		template_name = "rtcprop_hardware_li_free_flow_ion_drive",
		lt_grp = 3, srt_grp = 0, usr_flg = 0,
		flags = LIT_DYNAMIC,
		spatialprops =
		{
			pos = { -127.8472, 1.824003, 64.43945 },
			orient = { { -0.628259,  0.000000, -0.778004 },
					   {  0.000000,  1.000000,  0.000000 },
					   {  0.778004,  0.000000, -0.628259 } }
		},
		userprops =
		{
			category = "Equipment",
			Priority = "Equip_1",
		}
	},

	{
		entity_name = "rtcprop_hardware_li_fusion_reactor_7",
		type = COMPOUND,
		template_name = "rtcprop_hardware_li_fusion_reactor",
		lt_grp = 3, srt_grp = 0, usr_flg = 0,
		flags = LIT_DYNAMIC,
		spatialprops =
		{
			pos = { -129.6687, 1.567455, 62.32318 },
			orient = { { -0.620294,  0.000000, -0.784369 },
					   {  0.000000,  1.000000,  0.000000 },
					   {  0.784369,  0.000000, -0.620294 } }
		},
		userprops =
		{
			category = "Equipment",
			Priority = "Equip_1",
		}
	},

	{
		entity_name = "rtcprop_hardware_li_policing_armor_8",
		type = COMPOUND,
		template_name = "rtcprop_hardware_li_policing_armor",
		lt_grp = 3, srt_grp = 0, usr_flg = 0,
		flags = LIT_DYNAMIC,
		spatialprops =
		{
			pos = { -132.0471, 1.972692, 60.01505 },
			orient = { { -0.719361,  0.000000, -0.694637 },
					   {  0.000000,  1.000000,  0.000000 },
					   {  0.694637,  0.000000, -0.719361 } }
		},
		userprops =
		{
			category = "Equipment",
			Priority = "Equip_1",
		}
	},

	{
		entity_name = "rtcprop_weapons_li_auto_cannon_9",
		type = COMPOUND,
		template_name = "rtcprop_weapons_li_auto_cannon",
		lt_grp = 3, srt_grp = 0, usr_flg = 0,
		flags = LIT_DYNAMIC,
		spatialprops =
		{
			pos = { -126.0536, 1.215853, 45.62258 },
			orient = { {  0.818451,  0.000000, -0.574577 },
					   {  0.000000,  1.000000,  0.000000 },
					   {  0.574577,  0.000000,  0.818451 } }
		},
		userprops =
		{
			category = "Equipment",
			Priority = "Equip_1",
		}
	},

	{
		entity_name = "rtcprop_weapons_li_heavy_ion_blaster_10",
		type = COMPOUND,
		template_name = "rtcprop_weapons_li_heavy_ion_blaster",
		lt_grp = 3, srt_grp = 0, usr_flg = 0,
		flags = LIT_DYNAMIC,
		spatialprops =
		{
			pos = { -124.3023, 1.207164, 44.65292 },
			orient = { {  0.851209,  0.000000, -0.524827 },
					   {  0.000000,  1.000000,  0.000000 },
					   {  0.524827,  0.000000,  0.851209 } }
		},
		userprops =
		{
			category = "Equipment",
			Priority = "Equip_1",
		}
	},

	{
		entity_name = "rtcprop_weapons_li_laser_beam_11",
		type = COMPOUND,
		template_name = "rtcprop_weapons_li_laser_beam",
		lt_grp = 3, srt_grp = 0, usr_flg = 0,
		flags = LIT_DYNAMIC,
		spatialprops =
		{
			pos = { -122.4823, 1.203012, 43.64115 },
			orient = { {  0.867824,  0.000000, -0.496872 },
					   {  0.000000,  1.000000,  0.000000 },
					   {  0.496872,  0.000000,  0.867824 } }
		},
		userprops =
		{
			category = "Equipment",
			Priority = "Equip_1",
		}
	},

	{
		entity_name = "rtcprop_weapons_li_plasma_blaster_12",
		type = COMPOUND,
		template_name = "rtcprop_weapons_li_plasma_blaster",
		lt_grp = 3, srt_grp = 0, usr_flg = 0,
		flags = LIT_DYNAMIC,
		spatialprops =
		{
			pos = { -120.5876, 1.224646, 42.64318 },
			orient = { {  0.856622,  0.000000, -0.515944 },
					   {  0.000000,  1.000000,  0.000000 },
					   {  0.515944,  0.000000,  0.856622 } }
		},
		userprops =
		{
			category = "Equipment",
			Priority = "Equip_1",
		}
	},

	{
		entity_name = "X/Marker_Weather",
		type = MARKER,
		template_name = "",
		lt_grp = 0, srt_grp = 0, usr_flg = 0,
		spatialprops =
		{
			pos = { -420.0422, 154.5627, 107.1117 },
			orient = { {  0.202546,  0.000000,  0.979273 },
					   {  0.300181,  0.951860, -0.062087 },
					   { -0.932130,  0.306534,  0.192795 } }
		}
	},

	{
		entity_name = "Camera_0",
		type = CAMERA,
		template_name = "",
		lt_grp = 0, srt_grp = 0, usr_flg = 0,
		spatialprops =
		{
			pos = { -420.0422, 154.5627, 107.1117 },
			orient = { {  0.202546,  0.000000,  0.979273 },
					   {  0.300181,  0.951860, -0.062087 },
					   { -0.932130,  0.306534,  0.192795 } }
		},
		cameraprops =
		{
			fovh = 29.99999,
			hvaspect = 1.333333,
			nearplane = 1,
			farplane = 4000
		}
	},

	{
		entity_name = "X/Shipcentre/01",
		type = MARKER,
		template_name = "",
		lt_grp = 0, srt_grp = 0, usr_flg = 0,
		spatialprops =
		{
			pos = { -121.561, 0.091147, 56.51731 },
			orient = { { -0.371714, -0.000051,  0.928347 },
					   {  0.000100,  1.000000,  0.000095 },
					   { -0.928347,  0.000128, -0.371714 } }
		}
	},

	{
		entity_name = "Bin_machines_1_2",
		type = COMPOUND,
		template_name = "StackGreen_Refgoods",
		lt_grp = 3, srt_grp = 1, usr_flg = 0,
		flags = LIT_DYNAMIC,
		spatialprops =
		{
			pos = { -66.38399, 0.446801, -12.57674 },
			orient = { {  0.898714,  0.000000, -0.438534 },
					   {  0.000000,  1.000000,  0.000000 },
					   {  0.438534,  0.000000,  0.898714 } }
		},
		userprops =
		{
			category = "Equipment",
			Priority = "Bin_1",
		}
	},

	{
		entity_name = "Bin_machines_1_3",
		type = COMPOUND,
		template_name = "Stackred_lightgoods",
		lt_grp = 3, srt_grp = 1, usr_flg = 0,
		flags = LIT_DYNAMIC,
		spatialprops =
		{
			pos = { -53.93187, 0.446095, -2.813363 },
			orient = { { -0.033206,  0.000000,  0.999449 },
					   {  0.000000,  1.000000,  0.000000 },
					   { -0.999449,  0.000000, -0.033206 } }
		},
		userprops =
		{
			category = "Equipment",
			Priority = "Bin_1",
		}
	},

	{
		entity_name = "Player_Ship",
		type = MARKER,
		template_name = "",
		lt_grp = 0, srt_grp = 0, usr_flg = 0,
		spatialprops =
		{
			pos = { -145.8999, 0, 17.28965 },
			orient = { { -0.779347,  0.000000,  0.626593 },
					   {  0.000000,  1.000000,  0.000000 },
					   { -0.626593,  0.000000, -0.779347 } }
		}
	},

	{
		entity_name = "Camera_Ship_Desk",
		type = CAMERA,
		template_name = "",
		lt_grp = 0, srt_grp = 0, usr_flg = 0,
		spatialprops =
		{
			pos = { -152.7371, 2.679421, 19.87264 },
			orient = { {  0.052105,  0.000000,  0.998642 },
					   {  0.012167,  0.999926, -0.000635 },
					   { -0.998567,  0.012183,  0.052101 } }
		},
		cameraprops =
		{
			fovh = 30,
			hvaspect = 1.333333,
			nearplane = 0.3,
			farplane = 4000
		}
	},

	{
		entity_name = "Camera_Ship_Wide",
		type = CAMERA,
		template_name = "",
		lt_grp = 0, srt_grp = 0, usr_flg = 0,
		spatialprops =
		{
			pos = { -164.2336, 11.69636, 23.0175 },
			orient = { {  0.137796,  0.000000,  0.990461 },
					   {  0.147768,  0.988808, -0.020558 },
					   { -0.979376,  0.149191,  0.136254 } }
		},
		cameraprops =
		{
			fovh = 30,
			hvaspect = 1.333333,
			nearplane = 0.3,
			farplane = 4000
		}
	},

	{
		entity_name = "set_pl_10_ku_junyo_waterscape_1",
		type = COMPOUND,
		template_name = "ku_junyo_waterscape",
		lt_grp = 9, srt_grp = 0, usr_flg = 0,
		flags = LIT_DYNAMIC + LIT_AMBIENT,
		spatialprops =
		{
			pos = { 0, 0, 0 },
			orient = { { 1, 0, 0 }, { 0, 1, 0 }, { 0, 0, 1 } }
		},
		userprops =
		{
			category = "Room",
		}
	},

	{
		entity_name = "Bin_artifacts_1_2",
		type = COMPOUND,
		template_name = "Stackwhite_liquidgas",
		lt_grp = 3, srt_grp = 1, usr_flg = 0,
		flags = LIT_DYNAMIC,
		spatialprops =
		{
			pos = { -50.14236, 0.433011, -10.1491 },
			orient = { { -0.273921,  0.000000, -0.961752 },
					   {  0.000000,  1.000000,  0.000000 },
					   {  0.961752,  0.000000, -0.273921 } }
		},
		userprops =
		{
			category = "Equipment",
			Priority = "Bin_1",
		}
	},

	{
		entity_name = "set_pl_10_used_to_be_pl_07_bar_facade_1",
		type = COMPOUND,
		template_name = "pl_07_bar_facade",
		lt_grp = 9, srt_grp = 0, usr_flg = 0,
		flags = LIT_DYNAMIC + LIT_AMBIENT,
		spatialprops =
		{
			pos = { -4e-006, -0.074995, 8e-006 },
			orient = { { 1, 0, 0 }, { 0, 1, 0 }, { 0, 0, 1 } }
		},
		userprops =
		{
			category = "Prop",
		}
	},

	{
		entity_name = "Zs/NPC/Equipment/01/AC2/Camera",
		type = CAMERA,
		template_name = "",
		lt_grp = 0, srt_grp = 0, usr_flg = 0,
		flags = HIDDEN,
		spatialprops =
		{
			pos = { -131.4337, 1.690829, 70.82663 },
			orient = { {  0.632313,  0.000000,  0.774713 },
					   {  0.144141,  0.982539, -0.117647 },
					   { -0.761185,  0.186057,  0.621272 } }
		},
		cameraprops =
		{
			fovh = 30,
			hvaspect = 1.85,
			nearplane = 0.3,
			farplane = 4000
		}
	},

	{
		entity_name = "Zs/NPC/Equipment/01/ACOH/Camera",
		type = CAMERA,
		template_name = "",
		lt_grp = 0, srt_grp = 0, usr_flg = 0,
		flags = HIDDEN,
		spatialprops =
		{
			pos = { -131.198, 1.767698, 69.82697 },
			orient = { {  0.059917,  0.000000,  0.998203 },
					   {  0.191326,  0.981459, -0.011484 },
					   { -0.979696,  0.191670,  0.058806 } }
		},
		cameraprops =
		{
			fovh = 25,
			hvaspect = 1.85,
			nearplane = 0.3,
			farplane = 4000
		}
	},

	{
		entity_name = "Zs/NPC/Equipment/01/ACS/Camera",
		type = CAMERA,
		template_name = "",
		lt_grp = 0, srt_grp = 0, usr_flg = 0,
		flags = HIDDEN,
		spatialprops =
		{
			pos = { -130.7395, 1.635393, 69.95912 },
			orient = { {  0.039411,  0.000000,  0.999223 },
					   {  0.068058,  0.997678, -0.002684 },
					   { -0.996903,  0.068111,  0.039319 } }
		},
		cameraprops =
		{
			fovh = 25,
			hvaspect = 1.85,
			nearplane = 0.3,
			farplane = 4000
		}
	},

	{
		entity_name = "Zs/NPC/Equipment/01/P/Stand",
		type = MARKER,
		template_name = "",
		lt_grp = 0, srt_grp = 0, usr_flg = 0,
		spatialprops =
		{
			pos = { -130.7009, 0, 69.62769 },
			orient = { { -0.638919,  0.000000,  0.769274 },
					   {  0.000000,  1.000000,  0.000000 },
					   { -0.769274,  0.000000, -0.638919 } }
		}
	},

	{
		entity_name = "Zs/NPC/Equipment/01/P2/Stand",
		type = MARKER,
		template_name = "",
		lt_grp = 0, srt_grp = 0, usr_flg = 0,
		spatialprops =
		{
			pos = { -130.7009, 0, 69.62769 },
			orient = { { -0.638920,  0.000000,  0.769274 },
					   {  0.000000,  1.000000,  0.000000 },
					   { -0.769274,  0.000000, -0.638920 } }
		}
	},

	{
		entity_name = "Zs/NPC/Equipment/01/PC2/Camera",
		type = CAMERA,
		template_name = "",
		lt_grp = 0, srt_grp = 0, usr_flg = 0,
		flags = HIDDEN,
		spatialprops =
		{
			pos = { -129.9179, 1.731246, 71.4156 },
			orient = { {  0.997195,  0.000000, -0.074845 },
					   { -0.015623,  0.977970, -0.208158 },
					   {  0.073196,  0.208743,  0.975227 } }
		},
		cameraprops =
		{
			fovh = 30,
			hvaspect = 1.85,
			nearplane = 0.3,
			farplane = 4000
		}
	},

	{
		entity_name = "Zs/NPC/Equipment/01/PCO/Camera",
		type = CAMERA,
		template_name = "",
		lt_grp = 0, srt_grp = 0, usr_flg = 0,
		flags = HIDDEN,
		spatialprops =
		{
			pos = { -129.2821, 1.763487, 70.64661 },
			orient = { {  0.753448,  0.000000, -0.657507 },
					   { -0.123259,  0.982271, -0.141244 },
					   {  0.645851,  0.187464,  0.740090 } }
		},
		cameraprops =
		{
			fovh = 25,
			hvaspect = 1.85,
			nearplane = 0.3,
			farplane = 4000
		}
	},

	{
		entity_name = "Zs/NPC/Equipment/01/PCS/Camera",
		type = CAMERA,
		template_name = "",
		lt_grp = 0, srt_grp = 0, usr_flg = 0,
		flags = HIDDEN,
		spatialprops =
		{
			pos = { -129.7503, 1.679143, 70.38812 },
			orient = { {  0.770927,  0.000000, -0.636924 },
					   { -0.071588,  0.993663, -0.086649 },
					   {  0.632888,  0.112396,  0.766042 } }
		},
		cameraprops =
		{
			fovh = 25,
			hvaspect = 1.85,
			nearplane = 0.3,
			farplane = 4000
		}
	},

	{
		entity_name = "Zs/NPC/Shipdealer/01/AC2/Camera",
		type = CAMERA,
		template_name = "",
		lt_grp = 0, srt_grp = 0, usr_flg = 0,
		flags = HIDDEN,
		spatialprops =
		{
			pos = { -146.8569, 1.690829, 18.31858 },
			orient = { {  0.465329,  0.000000,  0.885138 },
					   {  0.164686,  0.982539, -0.086578 },
					   { -0.869682,  0.186057,  0.457204 } }
		},
		cameraprops =
		{
			fovh = 30,
			hvaspect = 1.85,
			nearplane = 0.3,
			farplane = 4000
		}
	},

	{
		entity_name = "Zs/NPC/Shipdealer/01/ACOH/Camera",
		type = CAMERA,
		template_name = "",
		lt_grp = 0, srt_grp = 0, usr_flg = 0,
		flags = HIDDEN,
		spatialprops =
		{
			pos = { -146.4268, 1.767698, 17.38592 },
			orient = { { -0.140114,  0.000000,  0.990135 },
					   {  0.189779,  0.981459,  0.026856 },
					   { -0.971778,  0.191670, -0.137517 } }
		},
		cameraprops =
		{
			fovh = 25,
			hvaspect = 1.85,
			nearplane = 0.3,
			farplane = 4000
		}
	},

	{
		entity_name = "Zs/NPC/Shipdealer/01/ACS/Camera",
		type = CAMERA,
		template_name = "",
		lt_grp = 0, srt_grp = 0, usr_flg = 0,
		flags = HIDDEN,
		spatialprops =
		{
			pos = { -146.0037, 1.635393, 17.60673 },
			orient = { { -0.160413,  0.000000,  0.987050 },
					   {  0.067229,  0.997678,  0.010926 },
					   { -0.984758,  0.068111, -0.160040 } }
		},
		cameraprops =
		{
			fovh = 25,
			hvaspect = 1.85,
			nearplane = 0.3,
			farplane = 4000
		}
	},

	{
		entity_name = "Zs/NPC/Shipdealer/01/P/Stand",
		type = MARKER,
		template_name = "",
		lt_grp = 0, srt_grp = 0, usr_flg = 0,
		spatialprops =
		{
			pos = { -145.8999, 0, 17.28965 },
			orient = { { -0.779347,  0.000000,  0.626593 },
					   {  0.000000,  1.000000,  0.000000 },
					   { -0.626593,  0.000000, -0.779347 } }
		}
	},

	{
		entity_name = "Zs/NPC/Shipdealer/01/P2/Stand",
		type = MARKER,
		template_name = "",
		lt_grp = 0, srt_grp = 0, usr_flg = 0,
		spatialprops =
		{
			pos = { -145.8999, 0, 17.28965 },
			orient = { { -0.779347,  0.000000,  0.626593 },
					   {  0.000000,  1.000000,  0.000000 },
					   { -0.626593,  0.000000, -0.779347 } }
		}
	},

	{
		entity_name = "Zs/NPC/Shipdealer/01/PC2/Camera",
		type = CAMERA,
		template_name = "",
		lt_grp = 0, srt_grp = 0, usr_flg = 0,
		flags = HIDDEN,
		spatialprops =
		{
			pos = { -145.4887, 1.731246, 19.1977 },
			orient = { {  0.992121,  0.000000,  0.125285 },
					   {  0.026153,  0.977970, -0.207099 },
					   { -0.122525,  0.208743,  0.970265 } }
		},
		cameraprops =
		{
			fovh = 30,
			hvaspect = 1.85,
			nearplane = 0.3,
			farplane = 4000
		}
	},

	{
		entity_name = "Zs/NPC/Shipdealer/01/PCO/Camera",
		type = CAMERA,
		template_name = "",
		lt_grp = 0, srt_grp = 0, usr_flg = 0,
		flags = HIDDEN,
		spatialprops =
		{
			pos = { -144.7125, 1.763487, 18.57074 },
			orient = { {  0.869318,  0.000000, -0.494254 },
					   { -0.092655,  0.982271, -0.162966 },
					   {  0.485491,  0.187464,  0.853906 } }
		},
		cameraprops =
		{
			fovh = 25,
			hvaspect = 1.85,
			nearplane = 0.3,
			farplane = 4000
		}
	},

	{
		entity_name = "Zs/NPC/Shipdealer/01/PCS/Camera",
		type = CAMERA,
		template_name = "",
		lt_grp = 0, srt_grp = 0, usr_flg = 0,
		flags = HIDDEN,
		spatialprops =
		{
			pos = { -145.1199, 1.679143, 18.22417 },
			orient = { {  0.882346,  0.000000, -0.470601 },
