duration = 9997.938;

entities =
{

	{
		entity_name = "Zg/NPC/mFloor2/01/A/Stand",
		type = MARKER,
		template_name = "",
		lt_grp = 0, srt_grp = 0, usr_flg = 0,
		spatialprops =
		{
			pos = { 2.78389, 0, -6.324572 },
			orient = { { -0.589120,  0.000000, -0.808046 },
					   {  0.000000,  1.000000,  0.000000 },
					   {  0.808046,  0.000000, -0.589120 } }
		}
	},

	{
		entity_name = "Zg/NPC/mFloor2/01/B/Stand",
		type = MARKER,
		template_name = "",
		lt_grp = 0, srt_grp = 0, usr_flg = 0,
		spatialprops =
		{
			pos = { 1.868907, 0, -6.561842 },
			orient = { { -0.848653,  0.000000,  0.528949 },
					   {  0.000000,  1.000000,  0.000000 },
					   { -0.528949,  0.000000, -0.848653 } }
		}
	},

	{
		entity_name = "Zg/PC/Player/01/A/Stand",
		type = MARKER,
		template_name = "",
		lt_grp = 0, srt_grp = 0, usr_flg = 0,
		spatialprops =
		{
			pos = { -5.143666, 0, 1.08894 },
			orient = { {  0.002291,  0.000000,  0.999997 },
					   {  0.000000,  1.000000,  0.000000 },
					   { -0.999997,  0.000000,  0.002291 } }
		}
	},

	{
		entity_name = "Zg/NPC/mTable2/01/A/SitLow",
		type = MARKER,
		template_name = "",
		lt_grp = 0, srt_grp = 0, usr_flg = 0,
		spatialprops =
		{
			pos = { -0.934421, 0, 8.108411 },
			orient = { {  0.008872,  0.000000, -0.999961 },
					   {  0.000000,  1.000000,  0.000000 },
					   {  0.999961,  0.000000,  0.008872 } }
		}
	},

	{
		entity_name = "Zs/NPC/Bartender/01/A/Stand",
		type = MARKER,
		template_name = "",
		lt_grp = 0, srt_grp = 0, usr_flg = 0,
		spatialprops =
		{
			pos = { -0.007804, 0, -5.748434 },
			orient = { { -0.900501,  0.000000, -0.434855 },
					   {  0.000000,  1.000000,  0.000000 },
					   {  0.434855,  0.000000, -0.900501 } }
		}
	},

	{
		entity_name = "Layer_Rh_06_Commons_Hardpoint",
		type = SCENE,
		template_name = "",
		lt_grp = 0, srt_grp = 0, usr_flg = 0,
		spatialprops =
		{
			pos = { 0, 0, 0 },
			orient = { { 1, 0, 0 }, { 0, 1, 0 }, { 0, 0, 1 } }
		},
		up = Y_AXIS,
		front = Z_AXIS,
		ambient = { 0, 0, 0 }
	},

	{
		entity_name = "Zg/NPC/mTable2/01/B/SitLow",
		type = MARKER,
		template_name = "",
		lt_grp = 0, srt_grp = 0, usr_flg = 0,
		spatialprops =
		{
			pos = { -2.691156, 0, 8.079412 },
			orient = { { -0.005724,  0.000000,  0.999984 },
					   {  0.000000,  1.000000,  0.000000 },
					   { -0.999984,  0.000000, -0.005724 } }
		}
	},

	{
		entity_name = "Zg/NPC/mTable2/02/A/SitLow",
		type = MARKER,
		template_name = "",
		lt_grp = 0, srt_grp = 0, usr_flg = 0,
		spatialprops =
		{
			pos = { 0.995037, 0, 7.397131 },
			orient = { { -0.001073,  0.000000, -0.999999 },
					   {  0.000000,  1.000000,  0.000000 },
					   {  0.999999,  0.000000, -0.001073 } }
		}
	},

	{
		entity_name = "Zg/NPC/mTable2/02/B/SitLow",
		type = MARKER,
		template_name = "",
		lt_grp = 0, srt_grp = 0, usr_flg = 0,
		spatialprops =
		{
			pos = { -0.728669, 0, 7.407117 },
			orient = { {  0.009986,  0.000000,  0.999950 },
					   {  0.000000,  1.000000,  0.000000 },
					   { -0.999950,  0.000000,  0.009986 } }
		}
	},

	{
		entity_name = "Zg/NPC/mTable2/03/A/SitLow",
		type = MARKER,
		template_name = "",
		lt_grp = 0, srt_grp = 0, usr_flg = 0,
		spatialprops =
		{
			pos = { -2.689442, 0, 5.761328 },
			orient = { {  0.003202,  0.000000,  0.999995 },
					   {  0.000000,  1.000000,  0.000000 },
					   { -0.999995,  0.000000,  0.003202 } }
		}
	},

	{
		entity_name = "Zg/NPC/mTable2/03/B/SitLow",
		type = MARKER,
		template_name = "",
		lt_grp = 0, srt_grp = 0, usr_flg = 0,
		spatialprops =
		{
			pos = { -0.938681, 0, 5.682736 },
			orient = { {  0.002009,  0.000000, -0.999998 },
					   {  0.000000,  1.000000,  0.000000 },
					   {  0.999998,  0.000000,  0.002009 } }
		}
	},

	{
		entity_name = "Zg/NPC/mTable2/04/A/SitLow",
		type = MARKER,
		template_name = "",
		lt_grp = 0, srt_grp = 0, usr_flg = 0,
		spatialprops =
		{
			pos = { 0.990637, 0, 3.944617 },
			orient = { {  0.023942,  0.000000, -0.999713 },
					   {  0.000000,  1.000000,  0.000000 },
					   {  0.999713,  0.000000,  0.023942 } }
		}
	},

	{
		entity_name = "Zg/NPC/mTable2/04/B/SitLow",
		type = MARKER,
		template_name = "",
		lt_grp = 0, srt_grp = 0, usr_flg = 0,
		spatialprops =
		{
			pos = { -0.739166, 0, 3.998751 },
			orient = { { -0.003183,  0.000000,  0.999995 },
					   {  0.000000,  1.000000,  0.000000 },
					   { -0.999995,  0.000000, -0.003183 } }
		}
	},

	{
		entity_name = "Zg/NPC/mTable2/05/A/SitLow",
		type = MARKER,
		template_name = "",
		lt_grp = 0, srt_grp = 0, usr_flg = 0,
		spatialprops =
		{
			pos = { -2.686327, 0, 3.465196 },
			orient = { {  0.001413,  0.000000,  0.999999 },
					   {  0.000000,  1.000000,  0.000000 },
					   { -0.999999,  0.000000,  0.001413 } }
		}
	},

	{
		entity_name = "Zs/NPC/mTable2/05/P/Stand",
		type = MARKER,
		template_name = "",
		lt_grp = 0, srt_grp = 0, usr_flg = 0,
		spatialprops =
		{
			pos = { -0.681474, -0.0054, 2.203977 },
			orient = { { -0.656602,  0.000000, -0.754237 },
					   {  0.000000,  1.000000,  0.000000 },
					   {  0.754237,  0.000000, -0.656602 } }
		}
	},

	{
		entity_name = "Zs/NPC/mFloor2/02/AC2/Camera",
		type = CAMERA,
		template_name = "",
		lt_grp = 0, srt_grp = 0, usr_flg = 0,
		flags = HIDDEN,
		spatialprops =
		{
			pos = { -2.318348, 1.677214, -3.970384 },
			orient = { {  0.951167,  0.000000, -0.308678 },
					   { -0.052170,  0.985614, -0.160756 },
					   {  0.304237,  0.169009,  0.937484 } }
		},
		cameraprops =
		{
			fovh = 30,
			hvaspect = 1.85,
			nearplane = 0.2,
			farplane = 5000
		}
	},

	{
		entity_name = "Zs/NPC/mFloor2/02/P2/Stand",
		type = MARKER,
		template_name = "",
		lt_grp = 0, srt_grp = 0, usr_flg = 0,
		spatialprops =
		{
			pos = { -3.280314, 0, -5.102318 },
			orient = { {  0.389918,  0.000000,  0.920850 },
					   {  0.000000,  1.000000,  0.000000 },
					   { -0.920850,  0.000000,  0.389918 } }
		}
	},

	{
		entity_name = "Zs/NPC/mFloor2/02/ACOH/Camera",
		type = CAMERA,
		template_name = "",
		lt_grp = 0, srt_grp = 0, usr_flg = 0,
		flags = HIDDEN,
		spatialprops =
		{
			pos = { -3.3292, 1.746935, -4.570242 },
			orient = { {  0.905109,  0.000000,  0.425180 },
					   {  0.076064,  0.983868, -0.161922 },
					   { -0.418320,  0.178898,  0.890507 } }
		},
		cameraprops =
		{
			fovh = 25,
			hvaspect = 1.85,
			nearplane = 0.2,
			farplane = 5000
		}
	},

	{
		entity_name = "Zs/NPC/mFloor2/02/TCI/Camera",
		type = CAMERA,
		template_name = "",
		lt_grp = 0, srt_grp = 0, usr_flg = 0,
		flags = HIDDEN,
		spatialprops =
		{
			pos = { -2.896384, 1.903228, -4.760515 },
			orient = { {  0.936517,  0.000000,  0.350622 },
					   {  0.215613,  0.788569, -0.575907 },
					   { -0.276490,  0.614946,  0.738509 } }
		},
		cameraprops =
		{
			fovh = 15,
			hvaspect = 1.85,
			nearplane = 0.2,
			farplane = 5000
		}
	},

	{
		entity_name = "Zs/NPC/mFloor2/02/ACS/Camera",
		type = CAMERA,
		template_name = "",
		lt_grp = 0, srt_grp = 0, usr_flg = 0,
		flags = HIDDEN,
		spatialprops =
		{
			pos = { -2.955452, 1.594347, -4.893552 },
			orient = { {  0.911072,  0.000000,  0.412248 },
					   {  0.013708,  0.999447, -0.030296 },
					   { -0.412020,  0.033253,  0.910568 } }
		},
		cameraprops =
		{
			fovh = 25,
			hvaspect = 1.85,
			nearplane = 0.2,
			farplane = 5000
		}
	},

	{
		entity_name = "Zs/NPC/mFloor2/02/PCS/Camera",
		type = CAMERA,
		template_name = "",
		lt_grp = 0, srt_grp = 0, usr_flg = 0,
		flags = HIDDEN,
		spatialprops =
		{
			pos = { -2.155815, 1.614689, -5.58407 },
			orient = { { -0.224325,  0.000000, -0.974514 },
					   { -0.054476,  0.998436,  0.012540 },
					   {  0.972991,  0.055901, -0.223974 } }
		},
		cameraprops =
		{
			fovh = 25,
			hvaspect = 1.85,
			nearplane = 0.2,
			farplane = 5000
		}
	},

	{
		entity_name = "Zs/NPC/mFloor2/02/ACU/Camera",
		type = CAMERA,
		template_name = "",
		lt_grp = 0, srt_grp = 0, usr_flg = 0,
		flags = HIDDEN,
		spatialprops =
		{
			pos = { -2.726991, 1.668712, -5.246241 },
			orient = { {  0.872543,  0.000000,  0.488537 },
					   {  0.016194,  0.999450, -0.028923 },
					   { -0.488269,  0.033148,  0.872064 } }
		},
		cameraprops =
		{
			fovh = 25,
			hvaspect = 1.85,
			nearplane = 0.2,
			farplane = 5000
		}
	},

	{
		entity_name = "Zs/NPC/mFloor2/02/PCO/Camera",
		type = CAMERA,
		template_name = "",
		lt_grp = 0, srt_grp = 0, usr_flg = 0,
		flags = HIDDEN,
		spatialprops =
		{
			pos = { -1.686218, 1.776642, -5.831379 },
			orient = { { -0.194731,  0.000000, -0.980857 },
					   { -0.200858,  0.978808,  0.039877 },
					   {  0.960071,  0.204778, -0.190604 } }
		},
		cameraprops =
		{
			fovh = 25,
			hvaspect = 1.85,
			nearplane = 0.2,
			farplane = 5000
		}
	},

	{
		entity_name = "Zs/NPC/mFloor2/02/WFC/Camera",
		type = CAMERA,
		template_name = "",
		lt_grp = 0, srt_grp = 0, usr_flg = 0,
		flags = HIDDEN,
		spatialprops =
		{
			pos = { 1.871182, 0.011752, 0.306232 },
			orient = { {  0.941646,  0.000000, -0.336604 },
					   {  0.036179,  0.994207,  0.101211 },
					   {  0.334654, -0.107483,  0.936191 } }
		},
		cameraprops =
		{
			fovh = 30,
			hvaspect = 1.85,
			nearplane = 0.2,
			farplane = 5000
		}
	},

	{
		entity_name = "Zs/NPC/mFloor2/02/PCU/Camera",
		type = CAMERA,
		template_name = "",
		lt_grp = 0, srt_grp = 0, usr_flg = 0,
		flags = HIDDEN,
		spatialprops =
		{
			pos = { -2.60091, 1.69836, -5.411147 },
			orient = { { -0.295439,  0.000000, -0.955361 },
					   { -0.061758,  0.997908,  0.019099 },
					   {  0.953363,  0.064644, -0.294821 } }
		},
		cameraprops =
		{
			fovh = 25,
			hvaspect = 1.85,
			nearplane = 0.2,
			farplane = 5000
		}
	},

	{
		entity_name = "Zs/NPC/mFloor2/02/PC2/Camera",
		type = CAMERA,
		template_name = "",
		lt_grp = 0, srt_grp = 0, usr_flg = 0,
		flags = HIDDEN,
		spatialprops =
		{
			pos = { -1.338025, 1.731246, -4.93119 },
			orient = { {  0.415701,  0.000000, -0.909501 },
					   { -0.189852,  0.977970, -0.086775 },
					   {  0.889465,  0.208743,  0.406543 } }
		},
		cameraprops =
		{
			fovh = 30,
			hvaspect = 1.85,
			nearplane = 0.2,
			farplane = 5000
		}
	},

	{
		entity_name = "Zs/NPC/mFloor2/01/P2/Stand",
		type = MARKER,
		template_name = "",
		lt_grp = 0, srt_grp = 0, usr_flg = 0,
		spatialprops =
		{
			pos = { 1.637612, 0, -5.670973 },
			orient = { {  0.241858,  0.000000,  0.970312 },
					   {  0.000000,  1.000000,  0.000000 },
					   { -0.970312,  0.000000,  0.241858 } }
		}
	},

	{
		entity_name = "Zs/NPC/mFloor2/01/AC2/Camera",
		type = CAMERA,
		template_name = "",
		lt_grp = 0, srt_grp = 0, usr_flg = 0,
		flags = HIDDEN,
		spatialprops =
		{
			pos = { 2.411699, 1.677214, -4.403123 },
			orient = { {  0.987616,  0.000000, -0.156890 },
					   { -0.026516,  0.985614, -0.166916 },
					   {  0.154633,  0.169009,  0.973409 } }
		},
		cameraprops =
		{
			fovh = 30,
			hvaspect = 1.85,
			nearplane = 0.2,
			farplane = 5000
		}
	},

	{
		entity_name = "Zs/NPC/mFloor2/01/ACOH/Camera",
		type = CAMERA,
		template_name = "",
		lt_grp = 0, srt_grp = 0, usr_flg = 0,
		flags = HIDDEN,
		spatialprops =
		{
			pos = { 1.506517, 1.746935, -5.152987 },
			orient = { {  0.827912,  0.000000,  0.560858 },
					   {  0.100337,  0.983868, -0.148112 },
					   { -0.551810,  0.178898,  0.814556 } }
		},
		cameraprops =
		{
			fovh = 25,
			hvaspect = 1.85,
			nearplane = 0.2,
			farplane = 5000
		}
	},

	{
		entity_name = "Zs/NPC/mFloor2/01/TCI/Camera",
		type = CAMERA,
		template_name = "",
		lt_grp = 0, srt_grp = 0, usr_flg = 0,
		flags = HIDDEN,
		spatialprops =
		{
			pos = { 1.963672, 1.903228, -5.273584 },
			orient = { {  0.870540,  0.000000,  0.492097 },
					   {  0.302613,  0.788569, -0.535335 },
					   { -0.388053,  0.614946,  0.686482 } }
		},
		cameraprops =
		{
			fovh = 15,
			hvaspect = 1.85,
			nearplane = 0.2,
			farplane = 5000
		}
	},

	{
		entity_name = "Zs/NPC/mFloor2/01/ACS/Camera",
		type = CAMERA,
		template_name = "",
		lt_grp = 0, srt_grp = 0, usr_flg = 0,
		flags = HIDDEN,
		spatialprops =
		{
			pos = { 1.926027, 1.594347, -5.414194 },
			orient = { {  0.835815,  0.000000,  0.549012 },
					   {  0.018256,  0.999447, -0.027793 },
					   { -0.548708,  0.033253,  0.835352 } }
		},
		cameraprops =
		{
			fovh = 25,
			hvaspect = 1.85,
			nearplane = 0.2,
			farplane = 5000
		}
	},

	{
		entity_name = "Zs/NPC/mFloor2/01/PCS/Camera",
		type = CAMERA,
		template_name = "",
		lt_grp = 0, srt_grp = 0, usr_flg = 0,
		flags = HIDDEN,
		spatialprops =
		{
			pos = { 2.823384, 1.614689, -5.971854 },
			orient = { { -0.069932,  0.000000, -0.997552 },
					   { -0.055764,  0.998436,  0.003909 },
					   {  0.995992,  0.055901, -0.069822 } }
		},
		cameraprops =
		{
			fovh = 25,
			hvaspect = 1.85,
			nearplane = 0.2,
			farplane = 5000
		}
	},

	{
		entity_name = "Zs/NPC/mFloor2/01/ACU/Camera",
		type = CAMERA,
		template_name = "",
		lt_grp = 0, srt_grp = 0, usr_flg = 0,
		flags = HIDDEN,
		spatialprops =
		{
			pos = { 2.206592, 1.668712, -5.72703 },
			orient = { {  0.785883,  0.000000,  0.618376 },
					   {  0.020498,  0.999450, -0.026051 },
					   { -0.618036,  0.033148,  0.785451 } }
		},
		cameraprops =
		{
			fovh = 25,
			hvaspect = 1.85,
			nearplane = 0.2,
			farplane = 5000
		}
	},

	{
		entity_name = "Zs/NPC/mFloor2/01/PCO/Camera",
		type = CAMERA,
		template_name = "",
		lt_grp = 0, srt_grp = 0, usr_flg = 0,
		flags = HIDDEN,
		spatialprops =
		{
			pos = { 3.325747, 1.776642, -6.143067 },
			orient = { { -0.039711,  0.000000, -0.999211 },
					   { -0.204617,  0.978808,  0.008132 },
					   {  0.978036,  0.204778, -0.038869 } }
		},
		cameraprops =
		{
			fovh = 25,
			hvaspect = 1.85,
			nearplane = 0.2,
			farplane = 5000
		}
	},

	{
		entity_name = "Zs/NPC/mFloor2/01/WFC/Camera",
		type = CAMERA,
		template_name = "",
		lt_grp = 0, srt_grp = 0, usr_flg = 0,
		flags = HIDDEN,
		spatialprops =
		{
			pos = { 3.574686, 3.724591, 1.081968 },
			orient = { {  0.998450,  0.000000, -0.055648 },
					   { -0.013758,  0.968955, -0.246852 },
					   {  0.053921,  0.247235,  0.967454 } }
		},
		cameraprops =
		{
			fovh = 30,
			hvaspect = 1.85,
			nearplane = 0.2,
			farplane = 5000
		}
	},

	{
		entity_name = "Zs/NPC/mFloor2/01/PCU/Camera",
		type = CAMERA,
		template_name = "",
		lt_grp = 0, srt_grp = 0, usr_flg = 0,
		flags = HIDDEN,
		spatialprops =
		{
			pos = { 2.356801, 1.69836, -5.870306 },
			orient = { { -0.143160,  0.000000, -0.989700 },
					   { -0.063978,  0.997908,  0.009255 },
					   {  0.987630,  0.064644, -0.142860 } }
		},
		cameraprops =
		{
			fovh = 25,
			hvaspect = 1.85,
			nearplane = 0.2,
			farplane = 5000
		}
	},

	{
		entity_name = "Zs/NPC/mFloor2/01/PC2/Camera",
		type = CAMERA,
		template_name = "",
		lt_grp = 0, srt_grp = 0, usr_flg = 0,
		flags = HIDDEN,
		spatialprops =
		{
			pos = { 3.529605, 1.731246, -5.199658 },
			orient = { {  0.552179,  0.000000, -0.833726 },
					   { -0.174035,  0.977970, -0.115264 },
					   {  0.815359,  0.208743,  0.540014 } }
		},
		cameraprops =
		{
			fovh = 30,
			hvaspect = 1.85,
			nearplane = 0.2,
			farplane = 5000
		}
	},

	{
		entity_name = "Zs/NPC/mTable2/05/P2/Stand",
		type = MARKER,
		template_name = "",
		lt_grp = 0, srt_grp = 0, usr_flg = 0,
		spatialprops =
		{
			pos = { -1.041343, 0, 2.570825 },
			orient = { { -0.656602,  0.000000, -0.754237 },
					   {  0.000000,  1.000000,  0.000000 },
					   {  0.754237,  0.000000, -0.656602 } }
		}
	},

	{
		entity_name = "Zs/NPC/mTable2/01/AC2/Camera",
		type = CAMERA,
		template_name = "",
		lt_grp = 0, srt_grp = 0, usr_flg = 0,
		flags = HIDDEN,
		spatialprops =
		{
			pos = { -3.379621, 1.762815, 8.788071 },
			orient = { {  0.588177,  0.000000,  0.808732 },
					   {  0.202730,  0.968071, -0.147442 },
					   { -0.782910,  0.250676,  0.569397 } }
		},
		cameraprops =
		{
			fovh = 30,
			hvaspect = 1.85,
			nearplane = 0.2,
			farplane = 5000
		}
	},

	{
		entity_name = "Zs/NPC/mTable2/01/ACOH/Camera",
		type = CAMERA,
		template_name = "",
		lt_grp = 0, srt_grp = 0, usr_flg = 0,
		flags = HIDDEN,
		spatialprops =
		{
			pos = { -3.128118, 1.967586, 7.638147 },
			orient = { { -0.013899,  0.000000,  0.999903 },
					   {  0.439349,  0.898295,  0.006107 },
					   { -0.898209,  0.439392, -0.012486 } }
		},
		cameraprops =
		{
			fovh = 20,
			hvaspect = 1.85,
			nearplane = 0.2,
			farplane = 5000
		}
	},

	{
		entity_name = "Zs/NPC/mTable2/01/TCI/Camera",
		type = CAMERA,
		template_name = "",
		lt_grp = 0, srt_grp = 0, usr_flg = 0,
		flags = HIDDEN,
		spatialprops =
		{
			pos = { -2.689182, 1.85579, 7.631222 },
			orient = { { -0.253713,  0.000000,  0.967279 },
					   {  0.649754,  0.740793,  0.170428 },
					   { -0.716554,  0.671733, -0.187949 } }
		},
		cameraprops =
		{
			fovh = 15,
			hvaspect = 1.85,
			nearplane = 0.2,
			farplane = 5000
		}
	},

	{
		entity_name = "Zs/NPC/mTable2/01/ACS/Camera",
		type = CAMERA,
		template_name = "",
		lt_grp = 0, srt_grp = 0, usr_flg = 0,
		flags = HIDDEN,
		spatialprops =
		{
			pos = { -2.512498, 1.418979, 7.907491 },
			orient = { {  0.014819,  0.000000,  0.999890 },
					   {  0.201831,  0.979416, -0.002991 },
					   { -0.979308,  0.201853,  0.014514 } }
		},
		cameraprops =
		{
			fovh = 20,
			hvaspect = 1.85,
			nearplane = 0.2,
			farplane = 5000
		}
	},

	{
		entity_name = "Zs/NPC/mTable2/01/PCS/Camera",
		type = CAMERA,
		template_name = "",
		lt_grp = 0, srt_grp = 0, usr_flg = 0,
		flags = HIDDEN,
		spatialprops =
		{
			pos = { -1.179989, 1.375785, 8.465183 },
			orient = { {  0.697123,  0.000000, -0.716951 },
					   {  0.065186,  0.995858,  0.063384 },
					   {  0.713982, -0.090922,  0.694236 } }
		},
		cameraprops =
		{
			fovh = 20,
			hvaspect = 1.85,
			nearplane = 0.2,
			farplane = 5000
		}
	},

	{
		entity_name = "Zs/NPC/mTable2/01/ACU/Camera",
		type = CAMERA,
		template_name = "",
		lt_grp = 0, srt_grp = 0, usr_flg = 0,
		flags = HIDDEN,
		spatialprops =
		{
			pos = { -1.912955, 1.344028, 8.039316 },
			orient = { {  0.036042,  0.000000,  0.999350 },
					   {  0.141430,  0.989935, -0.005101 },
					   { -0.989292,  0.141522,  0.035679 } }
		},
		cameraprops =
		{
			fovh = 20,
			hvaspect = 1.85,
			nearplane = 0.2,
			farplane = 5000
		}
	},

	{
		entity_name = "Zs/NPC/mTable2/01/PCO/Camera",
		type = CAMERA,
		template_name = "",
		lt_grp = 0, srt_grp = 0, usr_flg = 0,
		flags = HIDDEN,
		spatialprops =
		{
			pos = { -0.619301, 1.18512, 8.602654 },
			orient = { {  0.649383,  0.000000, -0.760462 },
					   {  0.077633,  0.994776,  0.066293 },
					   {  0.756489, -0.102087,  0.645990 } }
		},
		cameraprops =
		{
			fovh = 20,
			hvaspect = 1.85,
			nearplane = 0.2,
			farplane = 5000
		}
	},

	{
		entity_name = "Zs/NPC/mTable2/01/WFC/Camera",
		type = CAMERA,
		template_name = "",
		lt_grp = 0, srt_grp = 0, usr_flg = 0,
		flags = HIDDEN,
		spatialprops =
		{
			pos = { -6.173424, 0.442386, 9.094826 },
			orient = { {  0.482318,  0.000000,  0.875996 },
					   { -0.159472,  0.983290,  0.087804 },
					   { -0.861358, -0.182046,  0.474258 } }
		},
		cameraprops =
		{
			fovh = 30,
			hvaspect = 1.85,
			nearplane = 0.2,
			farplane = 5000
		}
	},

	{
		entity_name = "Zs/NPC/mTable2/01/PCU/Camera",
		type = CAMERA,
		template_name = "",
		lt_grp = 0, srt_grp = 0, usr_flg = 0,
		flags = HIDDEN,
		spatialprops =
		{
			pos = { -1.782601, 1.53132, 8.04943 },
			orient = { {  0.676789,  0.000000, -0.736177 },
					   {  0.088988,  0.992667,  0.081809 },
					   {  0.730779, -0.120878,  0.671826 } }
		},
		cameraprops =
		{
			fovh = 20,
			hvaspect = 1.85,
			nearplane = 0.2,
			farplane = 5000
		}
	},

	{
		entity_name = "Zs/NPC/mTable2/01/PC2/Camera",
		type = CAMERA,
		template_name = "",
		lt_grp = 0, srt_grp = 0, usr_flg = 0,
		flags = HIDDEN,
		spatialprops =
		{
			pos = { -1.681528, 1.666606, 9.818638 },
			orient = { {  0.999886,  0.000000,  0.015086 },
					   {  0.003486,  0.972935, -0.231051 },
					   { -0.014678,  0.231078,  0.972825 } }
		},
		cameraprops =
		{
			fovh = 30,
			hvaspect = 1.85,
			nearplane = 0.2,
			farplane = 5000
		}
	},

	{
		entity_name = "Zs/NPC/mTable2/03/P2/Stand",
		type = MARKER,
		template_name = "",
		lt_grp = 0, srt_grp = 0, usr_flg = 0,
		spatialprops =
		{
			pos = { -1.033381, 0, 4.882407 },
			orient = { { -0.649077,  0.000000, -0.760722 },
					   {  0.000000,  1.000000,  0.000000 },
					   {  0.760722,  0.000000, -0.649077 } }
		}
	},

	{
		entity_name = "Zs/NPC/mTable2/02/AC2/Camera",
		type = CAMERA,
		template_name = "",
		lt_grp = 0, srt_grp = 0, usr_flg = 0,
		flags = HIDDEN,
		spatialprops =
		{
			pos = { -1.636495, 1.702196, 7.721727 },
			orient = { {  0.458707,  0.000000,  0.888588 },
					   {  0.189074,  0.977100, -0.097604 },
					   { -0.868239,  0.212781,  0.448202 } }
		},
		cameraprops =
		{
			fovh = 30,
			hvaspect = 1.85,
			nearplane = 0.2,
			farplane = 5000
		}
	},

	{
		entity_name = "Zs/NPC/mTable2/02/ACOH/Camera",
		type = CAMERA,
		template_name = "",
		lt_grp = 0, srt_grp = 0, usr_flg = 0,
		flags = HIDDEN,
		spatialprops =
		{
			pos = { -1.152902, 1.941528, 6.564662 },
			orient = { { -0.166306,  0.000000,  0.986074 },
					   {  0.414334,  0.907438,  0.069879 },
					   { -0.894802,  0.420185, -0.150913 } }
		},
		cameraprops =
		{
			fovh = 20,
			hvaspect = 1.85,
			nearplane = 0.2,
			farplane = 5000
		}
	},

	{
		entity_name = "Zs/NPC/mTable2/01/ACOL/Camera",
		type = CAMERA,
		template_name = "",
		lt_grp = 0, srt_grp = 0, usr_flg = 0,
		flags = HIDDEN,
		spatialprops =
		{
			pos = { -3.303372, 1.43903, 7.855125 },
			orient = { {  0.065064,  0.000000,  0.997881 },
					   {  0.195875,  0.980546, -0.012771 },
					   { -0.978468,  0.196291,  0.063798 } }
		},
		cameraprops =
		{
			fovh = 20,
			hvaspect = 1.85,
			nearplane = 0.2,
			farplane = 5000
		}
	},

	{
		entity_name = "Zs/NPC/mTable2/02/TCI/Camera",
		type = CAMERA,
		template_name = "",
		lt_grp = 0, srt_grp = 0, usr_flg = 0,
		flags = HIDDEN,
		spatialprops =
		{
			pos = { -0.789089, 1.821711, 6.815073 },
			orient = { { -0.447134,  0.000000,  0.894467 },
					   {  0.557183,  0.782284,  0.278530 },
					   { -0.699727,  0.622922, -0.349786 } }
		},
		cameraprops =
		{
			fovh = 15,
			hvaspect = 1.85,
			nearplane = 0.2,
			farplane = 5000
		}
	},

	{
		entity_name = "Zs/NPC/mTable2/02/ACS/Camera",
		type = CAMERA,
		template_name = "",
		lt_grp = 0, srt_grp = 0, usr_flg = 0,
		flags = HIDDEN,
		spatialprops =
		{
			pos = { -0.679962, 1.36929, 7.099514 },
			orient = { { -0.034193,  0.000000,  0.999415 },
					   {  0.171925,  0.985092,  0.005882 },
					   { -0.984516,  0.172026, -0.033683 } }
		},
		cameraprops =
		{
			fovh = 20,
			hvaspect = 1.85,
			nearplane = 0.2,
			farplane = 5000
		}
	},

	{
		entity_name = "Zs/NPC/mTable2/02/PCS/Camera",
		type = CAMERA,
		template_name = "",
		lt_grp = 0, srt_grp = 0, usr_flg = 0,
		flags = HIDDEN,
		spatialprops =
		{
			pos = { 0.581902, 1.401634, 7.594469 },
			orient = { {  0.799877,  0.000000, -0.600164 },
					   {  0.049783,  0.996554,  0.066349 },
					   {  0.598095, -0.082949,  0.797121 } }
		},
		cameraprops =
		{
			fovh = 20,
			hvaspect = 1.85,
			nearplane = 0.2,
			farplane = 5000
		}
	},

	{
		entity_name = "Zs/NPC/mTable2/02/ACU/Camera",
		type = CAMERA,
		template_name = "",
		lt_grp = 0, srt_grp = 0, usr_flg = 0,
		flags = HIDDEN,
		spatialprops =
		{
			pos = { 0.043616, 1.340292, 7.233711 },
			orient = { { -0.068763,  0.000000,  0.997633 },
					   {  0.141357,  0.989911,  0.009743 },
					   { -0.987568,  0.141693, -0.068069 } }
		},
		cameraprops =
		{
			fovh = 20,
			hvaspect = 1.85,
			nearplane = 0.2,
			farplane = 5000
		}
	},

	{
		entity_name = "Zs/NPC/mTable2/02/PCO/Camera",
		type = CAMERA,
		template_name = "",
		lt_grp = 0, srt_grp = 0, usr_flg = 0,
		flags = HIDDEN,
		spatialprops =
		{
			pos = { 1.206362, 1.195726, 7.937901 },
			orient = { {  0.773918,  0.000000, -0.633286 },
					   {  0.059328,  0.995602,  0.072502 },
					   {  0.630501, -0.093682,  0.770514 } }
		},
		cameraprops =
		{
			fovh = 20,
			hvaspect = 1.85,
			nearplane = 0.2,
			farplane = 5000
		}
	},

	{
		entity_name = "Zs/NPC/mTable2/02/WFC/Camera",
		type = CAMERA,
		template_name = "",
		lt_grp = 0, srt_grp = 0, usr_flg = 0,
		flags = HIDDEN,
		spatialprops =
		{
			pos = { -3.714815, -0.528908, 17.04211 },
			orient = { {  0.964804,  0.000000,  0.262971 },
					   { -0.026902,  0.994754,  0.098700 },
					   { -0.261591, -0.102300,  0.959742 } }
		},
		cameraprops =
		{
			fovh = 30,
			hvaspect = 1.85,
			nearplane = 0.2,
			farplane = 5000
		}
	},

	{
		entity_name = "Zs/NPC/mTable2/02/PCU/Camera",
		type = CAMERA,
		template_name = "",
		lt_grp = 0, srt_grp = 0, usr_flg = 0,
		flags = HIDDEN,
		spatialprops =
		{
			pos = { 0.166729, 1.566628, 7.136448 },
			orient = { {  0.734937,  0.000000, -0.678136 },
					   {  0.052559,  0.996992,  0.056961 },
					   {  0.676096, -0.077505,  0.732726 } }
		},
		cameraprops =
		{
			fovh = 20,
			hvaspect = 1.85,
			nearplane = 0.2,
			farplane = 5000
		}
	},

	{
		entity_name = "Zs/NPC/mTable2/02/ACOL/Camera",
		type = CAMERA,
		template_name = "",
		lt_grp = 0, srt_grp = 0, usr_flg = 0,
		flags = HIDDEN,
		spatialprops =
		{
			pos = { -1.447393, 1.446293, 6.778052 },
			orient = { { -0.071224,  0.000000,  0.997460 },
					   {  0.191790,  0.981341,  0.013695 },
					   { -0.978848,  0.192278, -0.069895 } }
		},
		cameraprops =
		{
			fovh = 20,
			hvaspect = 1.85,
			nearplane = 0.2,
			farplane = 5000
		}
	},

	{
		entity_name = "Zs/NPC/mTable2/02/PC2/Camera",
		type = CAMERA,
		template_name = "",
		lt_grp = 0, srt_grp = 0, usr_flg = 0,
		flags = HIDDEN,
		spatialprops =
		{
			pos = { -0.148482, 1.68243, 9.074299 },
			orient = { {  0.983864,  0.000000,  0.178918 },
					   {  0.040623,  0.973884, -0.223384 },
					   { -0.174245,  0.227048,  0.958169 } }
		},
		cameraprops =
		{
			fovh = 30,
			hvaspect = 1.85,
			nearplane = 0.2,
			farplane = 5000
		}
	},

	{
		entity_name = "Zs/NPC/mTable2/04/P2/Stand",
		type = MARKER,
		template_name = "",
		lt_grp = 0, srt_grp = 0, usr_flg = 0,
		spatialprops =
		{
			pos = { -0.542277, 0, 2.996493 },
			orient = { { -0.656584,  0.000000,  0.754253 },
					   {  0.000000,  1.000000,  0.000000 },
					   { -0.754253,  0.000000, -0.656584 } }
		}
	},

	{
		entity_name = "Zs/NPC/mTable2/03/AC2/Camera",
		type = CAMERA,
		template_name = "",
		lt_grp = 0, srt_grp = 0, usr_flg = 0,
		flags = HIDDEN,
		spatialprops =
		{
			pos = { 0.036587, 1.702196, 6.146686 },
			orient = { {  0.446960,  0.000000, -0.894554 },
					   { -0.190344,  0.977100, -0.095105 },
					   {  0.874069,  0.212781,  0.436724 } }
		},
		cameraprops =
		{
			fovh = 30,
			hvaspect = 1.85,
			nearplane = 0.2,
			farplane = 5000
		}
	},

	{
		entity_name = "Zs/NPC/mTable2/03/ACOH/Camera",
		type = CAMERA,
		template_name = "",
		lt_grp = 0, srt_grp = 0, usr_flg = 0,
		flags = HIDDEN,
		spatialprops =
		{
			pos = { -0.417626, 1.934942, 4.960922 },
			orient = { { -0.158143,  0.000000, -0.987416 },
					   { -0.402551,  0.913124,  0.064472 },
					   {  0.901634,  0.407681, -0.144404 } }
		},
		cameraprops =
		{
			fovh = 20,
			hvaspect = 1.85,
			nearplane = 0.2,
			farplane = 5000
		}
	},

	{
		entity_name = "Zs/NPC/mTable2/03/TCI/Camera",
		type = CAMERA,
		template_name = "",
		lt_grp = 0, srt_grp = 0, usr_flg = 0,
		flags = HIDDEN,
		spatialprops =
		{
			pos = { -0.671936, 1.934624, 5.141176 },
			orient = { { -0.319775,  0.000000, -0.947494 },
					   { -0.589442,  0.782933,  0.198934 },
					   {  0.741824,  0.622106, -0.250362 } }
		},
		cameraprops =
		{
			fovh = 15,
			hvaspect = 1.85,
			nearplane = 0.2,
			farplane = 5000
		}
	},

	{
		entity_name = "Zs/NPC/mTable2/03/ACS/Camera",
		type = CAMERA,
		template_name = "",
		lt_grp = 0, srt_grp = 0, usr_flg = 0,
		flags = HIDDEN,
		spatialprops =
		{
			pos = { -1.132747, 1.297729, 5.560808 },
			orient = { { -0.011788,  0.000000, -0.999931 },
					   { -0.124354,  0.992237,  0.001466 },
					   {  0.992168,  0.124363, -0.011697 } }
		},
		cameraprops =
		{
			fovh = 20,
			hvaspect = 1.85,
			nearplane = 0.2,
			farplane = 5000
		}
	},

	{
		entity_name = "Zs/NPC/mTable2/03/PCS/Camera",
		type = CAMERA,
		template_name = "",
		lt_grp = 0, srt_grp = 0, usr_flg = 0,
		flags = HIDDEN,
		spatialprops =
		{
			pos = { -2.311846, 1.386174, 6.105272 },
			orient = { {  0.782180,  0.000000,  0.623052 },
					   { -0.043577,  0.997551,  0.054707 },
					   { -0.621526, -0.069941,  0.780265 } }
		},
		cameraprops =
		{
			fovh = 20,
			hvaspect = 1.85,
			nearplane = 0.2,
			farplane = 5000
		}
	},

	{
		entity_name = "Zs/NPC/mTable2/03/ACU/Camera",
		type = CAMERA,
		template_name = "",
		lt_grp = 0, srt_grp = 0, usr_flg = 0,
		flags = HIDDEN,
		spatialprops =
		{
			pos = { -1.728207, 1.355528, 5.603031 },
			orient = { { -0.112562,  0.000000, -0.993645 },
					   { -0.153708,  0.987963,  0.017412 },
					   {  0.981684,  0.154691, -0.111207 } }
		},
		cameraprops =
		{
			fovh = 20,
			hvaspect = 1.85,
			nearplane = 0.2,
			farplane = 5000
		}
	},

	{
		entity_name = "Zs/NPC/mTable2/03/PCO/Camera",
		type = CAMERA,
		template_name = "",
		lt_grp = 0, srt_grp = 0, usr_flg = 0,
		flags = HIDDEN,
		spatialprops =
		{
			pos = { -2.946426, 1.184045, 6.360096 },
			orient = { {  0.739571,  0.000000,  0.673078 },
					   { -0.054215,  0.996751,  0.059571 },
					   { -0.670891, -0.080548,  0.737168 } }
		},
		cameraprops =
		{
			fovh = 20,
			hvaspect = 1.85,
			nearplane = 0.2,
			farplane = 5000
		}
	},

	{
		entity_name = "Zs/NPC/mTable2/03/WFC/Camera",
		type = CAMERA,
		template_name = "",
		lt_grp = 0, srt_grp = 0, usr_flg = 0,
		flags = HIDDEN,
		spatialprops =
		{
			pos = { -1.582703, 7.619621, 10.33944 },
			orient = { {  0.801935,  0.340853, -0.490631 },
					   { -0.596433,  0.503772, -0.624885 },
					   {  0.034173,  0.793746,  0.607289 } }
		},
		cameraprops =
		{
			fovh = 30,
			hvaspect = 1.85,
			nearplane = 0.2,
			farplane = 5000
		}
	},

	{
		entity_name = "Zs/NPC/mTable2/03/PCU/Camera",
		type = CAMERA,
		template_name = "",
		lt_grp = 0, srt_grp = 0, usr_flg = 0,
		flags = HIDDEN,
		spatialprops =
		{
			pos = { -1.701079, 1.503466, 5.552341 },
			orient = { {  0.773990,  0.000000,  0.633197 },
					   { -0.101849,  0.986979,  0.124495 },
					   { -0.624953, -0.160848,  0.763912 } }
		},
		cameraprops =
		{
			fovh = 20,
			hvaspect = 1.85,
			nearplane = 0.2,
			farplane = 5000
		}
	},

	{
		entity_name = "Zs/NPC/mTable2/03/ACOL/Camera",
		type = CAMERA,
		template_name = "",
		lt_grp = 0, srt_grp = 0, usr_flg = 0,
		flags = HIDDEN,
		spatialprops =
		{
			pos = { -0.046954, 1.492492, 5.246222 },
			orient = { { -0.008268,  0.000000, -0.999966 },
					   { -0.209241,  0.977863,  0.001730 },
					   {  0.977829,  0.209248, -0.008085 } }
		},
		cameraprops =
		{
			fovh = 20,
			hvaspect = 1.85,
			nearplane = 0.2,
			farplane = 5000
		}
	},

	{
		entity_name = "Zs/NPC/mTable2/03/PC2/Camera",
		type = CAMERA,
		template_name = "",
		lt_grp = 0, srt_grp = 0, usr_flg = 0,
		flags = HIDDEN,
		spatialprops =
		{
			pos = { -1.457243, 1.68243, 7.510355 },
			orient = { {  0.978264,  0.000000, -0.207364 },
					   { -0.047075,  0.973891, -0.222082 },
					   {  0.201950,  0.227017,  0.952722 } }
		},
		cameraprops =
		{
			fovh = 30,
			hvaspect = 1.85,
			nearplane = 0.2,
			farplane = 5000
		}
	},

	{
		entity_name = "Zs/NPC/mTable2/01/Prop",
		type = MARKER,
		template_name = "",
		lt_grp = 0, srt_grp = 0, usr_flg = 0,
		spatialprops =
		{
			pos = { -1.822668, 0.863512, 7.880422 },
			orient = { {  0.936728,  0.000000, -0.350058 },
					   {  0.000000,  1.000000,  0.000000 },
					   {  0.350058,  0.000000,  0.936728 } }
		}
	},

	{
		entity_name = "Zs/NPC/mTable2/02/Prop",
		type = MARKER,
		template_name = "",
		lt_grp = 0, srt_grp = 0, usr_flg = 0,
		spatialprops =
		{
			pos = { 0.14752, 0.842786, 7.416946 },
			orient = { { -0.004320,  0.000000, -0.999991 },
					   {  0.000000,  1.000000,  0.000000 },
					   {  0.999991,  0.000000, -0.004320 } }
		}
	},

	{
		entity_name = "Zs/NPC/mTable2/03/Prop",
		type = MARKER,
		template_name = "",
		lt_grp = 0, srt_grp = 0, usr_flg = 0,
		spatialprops =
		{
			pos = { -1.757034, 0.874383, 5.69011 },
			orient = { { -0.850066,  0.000000, -0.526676 },
					   {  0.000000,  1.000000,  0.000000 },
					   {  0.526676,  0.000000, -0.850066 } }
		}
	},

	{
		entity_name = "Zs/NPC/mFloor2/01/P/Stand",
		type = MARKER,
		template_name = "",
		lt_grp = 0, srt_grp = 0, usr_flg = 0,
		spatialprops =
		{
			pos = { 1.150292, -0.0054, -5.507869 },
			orient = { {  0.241858,  0.000000,  0.970312 },
					   {  0.000000,  1.000000,  0.000000 },
					   { -0.970312,  0.000000,  0.241858 } }
		}
	},

	{
		entity_name = "Zs/NPC/mFloor2/02/P/Stand",
		type = MARKER,
		template_name = "",
		lt_grp = 0, srt_grp = 0, usr_flg = 0,
		spatialprops =
		{
			pos = { -3.736313, -0.0054, -4.865361 },
			orient = { {  0.389918,  0.000000,  0.920850 },
					   {  0.000000,  1.000000,  0.000000 },
					   { -0.920850,  0.000000,  0.389918 } }
		}
	},

	{
		entity_name = "Zs/NPC/mTable2/03/P/Stand",
		type = MARKER,
		template_name = "",
		lt_grp = 0, srt_grp = 0, usr_flg = 0,
		spatialprops =
		{
			pos = { -0.669886, -0.0054, 4.519152 },
			orient = { { -0.649078,  0.000000, -0.760722 },
					   {  0.000000,  1.000000,  0.000000 },
					   {  0.760722,  0.000000, -0.649078 } }
		}
	},

	{
		entity_name = "LtGlareSource",
		type = LIGHT,
		template_name = "",
		lt_grp = 0, srt_grp = 0, usr_flg = 0,
		spatialprops =
		{
			pos = { 2.267205, 13.94035, 17.40031 },
			orient = { {  0.983079,  0.000000, -0.183182 },
					   { -0.038108,  0.978122, -0.204514 },
					   {  0.179175,  0.208034,  0.961571 } }
		},
		lightprops =
		{
			on = N,
			color = { 255, 255, 255 },
			diffuse = { 0.164706, 0.164706, 0.164706 },
			specular = { 0, 0, 0 },
			ambient = { 0, 0, 0 },
			direction = { 0, 0, 1 },
			range = 2000,
			cutoff = 98.99998,
			type = L_POINT,
			theta = 90,
			atten = { 1, 0, 4e-006 }
		}
	},

	{
		entity_name = "LtShadowSource",
		type = LIGHT,
		template_name = "",
		lt_grp = 0, srt_grp = 0, usr_flg = 0,
		spatialprops =
		{
			pos = { 0, 0, 0 },
			orient = { {  1.000000,  0.000000,  0.000000 },
					   {  0.000000,  0.000000,  1.000000 },
					   {  0.000000, -1.000000,  0.000000 } }
		},
		lightprops =
		{
			on = N,
			color = { 255, 255, 255 },
			diffuse = { 0, 0, 0 },
			specular = { 0, 0, 0 },
			ambient = { 0, 0, 0 },
			direction = { 0, 0, 1 },
			range = 2000,
			cutoff = 98.99998,
			type = L_DIRECT,
			theta = 90,
			atten = { 1, 0, 4e-006 }
		}
	},

	{
		entity_name = "Camera_Mission",
		type = CAMERA,
		template_name = "",
		lt_grp = 0, srt_grp = 0, usr_flg = 0,
		spatialprops =
		{
			pos = { -0.728889, 2.459209, 9.423413 },
			orient = { {  0.492059,  0.000000,  0.870562 },
					   {  0.211091,  0.970157, -0.119313 },
					   { -0.844582,  0.242476,  0.477374 } }
		},
		cameraprops =
		{
			fovh = 30,
			hvaspect = 1.333333,
			nearplane = 0.1,
			farplane = 100000
		}
	},

	{
		entity_name = "Camera_News",
		type = CAMERA,
		template_name = "",
		lt_grp = 0, srt_grp = 0, usr_flg = 0,
		spatialprops =
		{
			pos = { -2.916671, 2.432959, 11.37125 },
			orient = { {  0.901505,  0.000000, -0.432769 },
					   { -0.148292,  0.939460, -0.308908 },
					   {  0.406569,  0.342658,  0.846928 } }
		},
		cameraprops =
		{
			fovh = 30,
			hvaspect = 1.333333,
			nearplane = 0.1,
			farplane = 100000
		}
	},

	{
		entity_name = "Zg/NPC/mTable2/05/B/SitLow",
		type = MARKER,
		template_name = "",
		lt_grp = 0, srt_grp = 0, usr_flg = 0,
		spatialprops =
		{
			pos = { -0.945847, 0, 3.285973 },
			orient = { {  0.011000,  0.000000, -0.999940 },
					   {  0.000000,  1.000000,  0.000000 },
					   {  0.999940,  0.000000,  0.011000 } }
		}
	},

	{
		entity_name = "Zs/NPC/mTable2/04/P/Stand",
		type = MARKER,
		template_name = "",
		lt_grp = 0, srt_grp = 0, usr_flg = 0,
		spatialprops =
		{
			pos = { -0.955207, -0.0054, 2.690597 },
			orient = { { -0.656584,  0.000000,  0.754253 },
					   {  0.000000,  1.000000,  0.000000 },
					   { -0.754253,  0.000000, -0.656584 } }
		}
	},

	{
		entity_name = "Zs/NPC/mTable2/02/P/Stand",
		type = MARKER,
		template_name = "",
		lt_grp = 0, srt_grp = 0, usr_flg = 0,
		spatialprops =
		{
			pos = { -0.981566, -0.0054, 6.192178 },
			orient = { { -0.637511,  0.000000,  0.770441 },
					   {  0.000000,  1.000000,  0.000000 },
					   { -0.770441,  0.000000, -0.637511 } }
		}
	},

	{
		entity_name = "Zs/NPC/mTable2/02/P2/Stand",
		type = MARKER,
		template_name = "",
		lt_grp = 0, srt_grp = 0, usr_flg = 0,
		spatialprops =
		{
			pos = { -0.561114, 0, 6.487649 },
			orient = { { -0.637511,  0.000000,  0.770441 },
					   {  0.000000,  1.000000,  0.000000 },
					   { -0.770441,  0.000000, -0.637511 } }
		}
	},

	{
		entity_name = "Zs/NPC/mTable2/01/P2/Stand",
		type = MARKER,
		template_name = "",
		lt_grp = 0, srt_grp = 0, usr_flg = 0,
		spatialprops =
		{
			pos = { -2.554231, 0, 7.475825 },
			orient = { { -0.533844,  0.000000,  0.845583 },
					   {  0.000000,  1.000000,  0.000000 },
					   { -0.845583,  0.000000, -0.533844 } }
		}
	},

	{
		entity_name = "Zs/NPC/mTable2/01/P/Stand",
		type = MARKER,
		template_name = "",
		lt_grp = 0, srt_grp = 0, usr_flg = 0,
		spatialprops =
		{
			pos = { -3.00899, -0.0054, 7.236498 },
			orient = { { -0.533844,  0.000000,  0.845583 },
					   {  0.000000,  1.000000,  0.000000 },
					   { -0.845583,  0.000000, -0.533844 } }
		}
	},

	{
		entity_name = "Camera_Wide",
		type = CAMERA,
		template_name = "",
		lt_grp = 0, srt_grp = 0, usr_flg = 0,
		spatialprops =
		{
			pos = { -5.024631, 5.367832, -8.288657 },
			orient = { { -0.905969,  0.000000,  0.423343 },
					   {  0.174635,  0.910951,  0.373726 },
					   { -0.385645,  0.412515, -0.825294 } }
		},
		cameraprops =
		{
			fovh = 35,
			hvaspect = 1.333333,
			nearplane = 0.1,
			farplane = 100000
		}
	},

	{
		entity_name = "Zg/NPC/mFloor2/02/B/Stand",
		type = MARKER,
		template_name = "",
		lt_grp = 0, srt_grp = 0, usr_flg = 0,
		spatialprops =
		{
			pos = { -3.119713, 0, -5.68459 },
			orient = { { -0.834228,  0.000000,  0.551420 },
					   {  0.000000,  1.000000,  0.000000 },
					   { -0.551420,  0.000000, -0.834228 } }
		}
	},

	{
		entity_name = "Zg/NPC/mFloor2/02/A/Stand",
		type = MARKER,
		template_name = "",
		lt_grp = 0, srt_grp = 0, usr_flg = 0,
		spatialprops =
		{
			pos = { -2.24972, 0, -5.926345 },
			orient = { { -0.707695,  0.000000, -0.706518 },
					   {  0.000000,  1.000000,  0.000000 },
					   {  0.706518,  0.000000, -0.707695 } }
		}
	},

	{
		entity_name = "Zs/NPC/mTable2/04/AC2/Camera",
		type = CAMERA,
		template_name = "",
		lt_grp = 0, srt_grp = 0, usr_flg = 0,
		flags = HIDDEN,
		spatialprops =
		{
			pos = { -1.648191, 1.702196, 4.203285 },
			orient = { {  0.436336,  0.000000,  0.899784 },
					   {  0.191457,  0.977100, -0.092844 },
					   { -0.879179,  0.212781,  0.426344 } }
		},
		cameraprops =
		{
			fovh = 30,
			hvaspect = 1.85,
			nearplane = 0.2,
			farplane = 5000
		}
	},

	{
		entity_name = "Zs/NPC/mTable2/04/ACOH/Camera",
		type = CAMERA,
		template_name = "",
		lt_grp = 0, srt_grp = 0, usr_flg = 0,
		flags = HIDDEN,
		spatialprops =
		{
			pos = { -1.113911, 1.952711, 3.035476 },
			orient = { { -0.209553,  0.000000,  0.977797 },
					   {  0.417359,  0.904329,  0.089445 },
					   { -0.884251,  0.426836, -0.189505 } }
		},
		cameraprops =
		{
			fovh = 20,
			hvaspect = 1.85,
			nearplane = 0.2,
			farplane = 5000
		}
	},

	{
		entity_name = "Zs/NPC/mTable2/04/ACOL/Camera",
		type = CAMERA,
		template_name = "",
		lt_grp = 0, srt_grp = 0, usr_flg = 0,
		flags = HIDDEN,
		spatialprops =
		{
			pos = { -1.476185, 1.426984, 3.253983 },
			orient = { { -0.087746,  0.000000,  0.996143 },
					   {  0.178640,  0.983789,  0.015736 },
					   { -0.979994,  0.179332, -0.086324 } }
		},
		cameraprops =
		{
			fovh = 20,
			hvaspect = 1.85,
			nearplane = 0.2,
			farplane = 5000
		}
	},

	{
		entity_name = "Zs/NPC/mTable2/04/ACS/Camera",
		type = CAMERA,
		template_name = "",
		lt_grp = 0, srt_grp = 0, usr_flg = 0,
