duration = 116.152;

entities =
{

	{
		entity_name = "Scene_Untitled_2",
		type = SCENE,
		template_name = "",
		lt_grp = 0, srt_grp = 0, usr_flg = 0,
		spatialprops =
		{
			pos = { 0, 0, 0 },
			orient = { { 1, 0, 0 }, { 0, 1, 0 }, { 0, 0, 1 } }
		},
		up = Y_AXIS,
		front = Z_AXIS,
		ambient = { 128, 128, 128 }
	},

	{
		entity_name = "Marker_DockRing_exit",
		type = MARKER,
		template_name = "",
		lt_grp = 0, srt_grp = 0, usr_flg = 0,
		spatialprops =
		{
			pos = { -34348.73, -2.08852, -25877.69 },
			orient = { {  0.814000,  0.000000,  0.580864 },
					   {  0.084204,  0.989437, -0.118000 },
					   { -0.574729,  0.144963,  0.805402 } }
		}
	},

	{
		entity_name = "Marker_Station_view",
		type = MARKER,
		template_name = "",
		lt_grp = 0, srt_grp = 0, usr_flg = 0,
		spatialprops =
		{
			pos = { -36106.54, 429.9506, -26355.84 },
			orient = { { -0.140299,  0.000000,  0.990109 },
					   {  0.218790,  0.975279,  0.031003 },
					   { -0.965633,  0.220975, -0.136831 } }
		}
	},

	{
		entity_name = "_Monitor_1",
		type = MONITOR,
		template_name = "",
		lt_grp = 0, srt_grp = 0, usr_flg = 0
	},

	{
		entity_name = "aa_main_object",
		type = MARKER,
		template_name = "",
		lt_grp = 0, srt_grp = 0, usr_flg = 0,
		spatialprops =
		{
			pos = { -34758.48, -28.21723, -26011.68 },
			orient = { { 1, 0, 0 }, { 0, 1, 0 }, { 0, 0, 1 } }
		},
		userprops =
		{
			main_object = "main_object",
		}
	},

	{
		entity_name = "aa_main_Camera_1",
		type = CAMERA,
		template_name = "",
		lt_grp = 0, srt_grp = 0, usr_flg = 0,
		spatialprops =
		{
			pos = { -33364.59, 1.992956, -28725.5 },
			orient = { {  0.939661,  0.341961, -0.010025 },
					   { -0.342086,  0.939530, -0.016123 },
					   {  0.003906,  0.018579,  0.999820 } }
		},
		cameraprops =
		{
			fovh = 45,
			hvaspect = 1.333333,
			nearplane = 0.1,
			farplane = 100000
		}
	},

	{
		entity_name = "aa_marker_wing",
		type = MARKER,
		template_name = "",
		lt_grp = 0, srt_grp = 0, usr_flg = 0,
		spatialprops =
		{
			pos = { -34767, -22.20724, -25986.48 },
			orient = { { 1, 0, 0 }, { 0, 1, 0 }, { 0, 0, 1 } }
		}
	},

	{
		entity_name = "aa_marker_nose1",
		type = MARKER,
		template_name = "",
		lt_grp = 0, srt_grp = 0, usr_flg = 0,
		spatialprops =
		{
			pos = { -34735.02, -23.582, -26024.38 },
			orient = { { -0.619899,  0.000000, -0.784682 },
					   {  0.065210,  0.996541, -0.051516 },
					   {  0.781968, -0.083103, -0.617754 } }
		}
	},

	{
		entity_name = "Marker_BLH",
		type = MARKER,
		template_name = "",
		lt_grp = 0, srt_grp = 0, usr_flg = 0,
		spatialprops =
		{
			pos = { -9918, 0, 74917 },
			orient = { { 1, 0, 0 }, { 0, 1, 0 }, { 0, 0, 1 } }
		}
	},

	{
		entity_name = "CnB_Camera_00",
		type = CAMERA,
		template_name = "",
		lt_grp = 0, srt_grp = 0, usr_flg = 0,
		spatialprops =
		{
			pos = { -34738.92, 59.89013, -26152.58 },
			orient = { { -0.983311,  0.000000,  0.181934 },
					   {  0.078781,  0.901386,  0.425790 },
					   { -0.163993,  0.433017, -0.886342 } }
		},
		cameraprops =
		{
			fovh = 35,
			hvaspect = 1.333333,
			nearplane = 0.1,
			farplane = 100000
		}
	},

	{
		entity_name = "CnB_Camera_00_copy_1",
		type = CAMERA,
		template_name = "",
		lt_grp = 0, srt_grp = 0, usr_flg = 0,
		spatialprops =
		{
			pos = { -33364.59, 1.992956, -28725.5 },
			orient = { {  0.939661,  0.341961, -0.010025 },
					   { -0.342086,  0.939530, -0.016123 },
					   {  0.003906,  0.018579,  0.999820 } }
		},
		cameraprops =
		{
			fovh = 35,
			hvaspect = 1.333333,
			nearplane = 0.1,
			farplane = 100000
		}
	},

	{
		entity_name = "CnB_Camera_00_copy_2",
		type = CAMERA,
		template_name = "",
		lt_grp = 0, srt_grp = 0, usr_flg = 0,
		spatialprops =
		{
			pos = { -33364.19, 4.591259, -28585.72 },
			orient = { {  0.870385, -0.492338,  0.005749 },
					   {  0.492356,  0.870206, -0.018094 },
					   {  0.003906,  0.018579,  0.999820 } }
		},
		cameraprops =
		{
			fovh = 35,
			hvaspect = 1.333333,
			nearplane = 0.1,
			farplane = 100000
		}
	},

	{
		entity_name = "CnB_Camera_00_copy_3",
		type = CAMERA,
		template_name = "",
		lt_grp = 0, srt_grp = 0, usr_flg = 0,
		spatialprops =
		{
			pos = { -33339.25, -5.967768, -28500.75 },
			orient = { {  0.953642,  0.000000, -0.300944 },
					   {  0.016701,  0.998459,  0.052923 },
					   {  0.300481, -0.055496,  0.952172 } }
		},
		cameraprops =
		{
			fovh = 35,
			hvaspect = 1.333333,
			nearplane = 0.1,
			farplane = 100000
		}
	},

	{
		entity_name = "actor_player_ship_prop",
		type = COMPOUND,
		template_name = "ge_fighter",
		lt_grp = 0, srt_grp = 0, usr_flg = 0,
		flags = LIT_DYNAMIC + LIT_AMBIENT,
		spatialprops =
		{
			pos = { -33365.41, 1.335963, -28892.9 },
			orient = { { -0.999992,  0.000000,  0.003906 },
					   {  0.000009,  0.999997,  0.002247 },
					   { -0.003906,  0.002247, -0.999990 } }
		},
		userprops =
		{
			category = "Spaceship",
		}
	},

	{
		entity_name = "a_Marker_1",
		type = MARKER,
		template_name = "",
		lt_grp = 0, srt_grp = 0, usr_flg = 0,
		spatialprops =
		{
			pos = { -33363.45, 5.778931, -28684.73 },
			orient = { { -0.979975,  0.000000,  0.199119 },
					   { -0.003433,  0.999851, -0.016896 },
					   { -0.199089, -0.017241, -0.979830 } }
		}
	},

	{
		entity_name = "a_Marker_1_copy_1",
		type = MARKER,
		template_name = "",
		lt_grp = 0, srt_grp = 0, usr_flg = 0,
		spatialprops =
		{
			pos = { -33328.56, 0.783257, -28555.93 },
			orient = { { -0.993097,  0.000000,  0.117295 },
					   { -0.003380,  0.999585, -0.028619 },
					   { -0.117246, -0.028818, -0.992685 } }
		}
	},

	{
		entity_name = "actor_king_prop",
		type = COMPOUND,
		template_name = "li_elite",
		lt_grp = 0, srt_grp = 0, usr_flg = 0,
		flags = LIT_DYNAMIC + LIT_AMBIENT,
		spatialprops =
		{
			pos = { -34736.37, -28.21723, -26011.68 },
			orient = { { 1, 0, 0 }, { 0, 1, 0 }, { 0, 0, 1 } }
		},
		userprops =
		{
			category = "Spaceship",
		}
	},

	{
		entity_name = "CnB_Camera_00_copy_4",
		type = CAMERA,
		template_name = "",
		lt_grp = 0, srt_grp = 0, usr_flg = 0,
		spatialprops =
		{
			pos = { -34767, -22.20724, -25986.48 },
			orient = { { 1, 0, 0 }, { 0, 1, 0 }, { 0, 0, 1 } }
		},
		cameraprops =
		{
			fovh = 35,
			hvaspect = 1.333333,
			nearplane = 0.1,
			farplane = 100000
		}
	},

	{
		entity_name = "a_Marker_1_copy_2",
		type = MARKER,
		template_name = "",
		lt_grp = 0, srt_grp = 0, usr_flg = 0,
		spatialprops =
		{
			pos = { -32815.01, 50.28063, -26796.92 },
			orient = { { -0.821700,  0.000000,  0.569920 },
					   { -0.003446,  0.999982, -0.004968 },
					   { -0.569910, -0.006046, -0.821685 } }
		}
	},

	{
		entity_name = "aa_marker_profile_left",
		type = MARKER,
		template_name = "",
		lt_grp = 0, srt_grp = 0, usr_flg = 0,
		spatialprops =
		{
			pos = { -34783.06, -26.78852, -26011.17 },
			orient = { {  0.028471,  0.000000,  0.999595 },
					   {  0.057864,  0.998323, -0.001648 },
					   { -0.997918,  0.057887,  0.028423 } }
		}
	},

	{
		entity_name = "aa_marker_profile_right",
		type = MARKER,
		template_name = "",
		lt_grp = 0, srt_grp = 0, usr_flg = 0,
		spatialprops =
		{
			pos = { -34741.22, -26.82933, -26012.17 },
			orient = { { -0.072359,  0.000000, -0.997379 },
					   { -0.043168,  0.999063,  0.003132 },
					   {  0.996444,  0.043282, -0.072291 } }
		}
	},

	{
		entity_name = "actor_r_cruiser_m11_1",
		type = COMPOUND,
		template_name = "r_cruiser_m11",
		lt_grp = 0, srt_grp = 0, usr_flg = 0,
		flags = LIT_DYNAMIC + LIT_AMBIENT,
		spatialprops =
		{
			pos = { -35016.5, -0.33, -26684.72 },
			orient = { { -0.541811,  0.009219, -0.840450 },
					   { -0.006535,  0.999863,  0.015180 },
					   {  0.840475,  0.013717, -0.541676 } }
		},
		userprops =
		{
			category = "Spaceship",
		}
	},

	{
		entity_name = "actor_r_elite_m11_2",
		type = COMPOUND,
		template_name = "r_elite_m11",
		lt_grp = 0, srt_grp = 0, usr_flg = 0,
		flags = LIT_DYNAMIC + LIT_AMBIENT,
		spatialprops =
		{
			pos = { -37151.13, 217.3051, -24822.04 },
			orient = { {  0.594280,  0.000000,  0.804258 },
					   {  0.139711,  0.984796, -0.103235 },
					   { -0.792031,  0.173714,  0.585244 } }
		},
		userprops =
		{
			category = "Spaceship",
		}
	},

	{
		entity_name = "actor_ge_fighter_3",
		type = COMPOUND,
		template_name = "ge_fighter",
		lt_grp = 0, srt_grp = 0, usr_flg = 0,
		flags = LIT_DYNAMIC + LIT_AMBIENT,
		spatialprops =
		{
			pos = { -37066.02, 189.3726, -24931.66 },
			orient = { { -0.672673,  0.000000, -0.739940 },
					   {  0.118977,  0.986988, -0.108161 },
					   {  0.730312, -0.160793, -0.663920 } }
		},
		userprops =
		{
			category = "Spaceship",
		}
	},

	{
		entity_name = "actor_l_elite_m11_4",
		type = COMPOUND,
		template_name = "l_elite_m11",
		lt_grp = 0, srt_grp = 0, usr_flg = 0,
		flags = LIT_DYNAMIC + LIT_AMBIENT,
		spatialprops =
		{
			pos = { -37069.55, 187.9303, -24948.86 },
			orient = { { -0.672673,  0.000000, -0.739940 },
					   {  0.118977,  0.986988, -0.108161 },
					   {  0.730312, -0.160793, -0.663920 } }
		},
		userprops =
		{
			category = "Spaceship",
		}
	},

	{
		entity_name = "CnB_Camera_00_copy_5",
		type = CAMERA,
		template_name = "",
		lt_grp = 0, srt_grp = 0, usr_flg = 0,
		spatialprops =
		{
			pos = { -32735, 13, -27983 },
			orient = { {  0.106348, -0.072825,  0.991659 },
					   {  0.182339,  0.981831,  0.052549 },
					   { -0.977468,  0.175229,  0.117694 } }
		},
		cameraprops =
		{
			fovh = 35,
			hvaspect = 1.333333,
			nearplane = 0.1,
			farplane = 100000
		}
	},

	{
		entity_name = "CnB_Camera_00_copy_6",
		type = CAMERA,
		template_name = "",
		lt_grp = 0, srt_grp = 0, usr_flg = 0,
		spatialprops =
		{
			pos = { -36666.97, -319.599, -24676.58 },
			orient = { {  0.371873,  0.000000, -0.928284 },
					   {  0.664030,  0.698786,  0.266012 },
					   {  0.648672, -0.715331,  0.259859 } }
		},
		cameraprops =
		{
			fovh = 35,
			hvaspect = 1.333333,
			nearplane = 0.1,
			farplane = 100000
		}
	},

	{
		entity_name = "CnB_Camera_00_copy_7",
		type = CAMERA,
		template_name = "",
		lt_grp = 0, srt_grp = 0, usr_flg = 0,
		spatialprops =
		{
			pos = { -37057.47, 110.7262, -24832.83 },
			orient = { {  0.371873,  0.000000, -0.928284 },
					   {  0.664030,  0.698786,  0.266012 },
					   {  0.648672, -0.715331,  0.259859 } }
		},
		cameraprops =
		{
			fovh = 35,
			hvaspect = 1.333333,
			nearplane = 0.1,
			farplane = 100000
		}
	},

	{
		entity_name = "actor2_r_cruiser_m11_5",
		type = COMPOUND,
		template_name = "r_cruiser_m11",
		lt_grp = 0, srt_grp = 0, usr_flg = 0,
		flags = LIT_DYNAMIC + LIT_AMBIENT,
		spatialprops =
		{
			pos = { -33240, 0, -28140 },
			orient = { { -0.534344,  0.004969, -0.845253 },
					   { -0.058882,  0.997335,  0.043086 },
					   {  0.843214,  0.072793, -0.532627 } }
		},
		userprops =
		{
			category = "Spaceship",
		}
	},

	{
		entity_name = "CnB_Camera_00_copy_8",
		type = CAMERA,
		template_name = "",
		lt_grp = 0, srt_grp = 0, usr_flg = 0,
		spatialprops =
		{
			pos = { -35956.35, 631.2625, -25783.69 },
			orient = { { -0.672774,  0.000000,  0.739848 },
					   {  0.201528,  0.962187,  0.183258 },
					   { -0.711872,  0.272391, -0.647334 } }
		},
		cameraprops =
		{
			fovh = 35,
			hvaspect = 1.333333,
			nearplane = 0.1,
			farplane = 100000
		}
	},

	{
		entity_name = "CnB_Camera_00_copy_9",
		type = CAMERA,
		template_name = "",
		lt_grp = 0, srt_grp = 0, usr_flg = 0,
		spatialprops =
		{
			pos = { -35956.35, 631.2625, -25783.69 },
			orient = { {  0.697141,  0.000000,  0.716934 },
					   {  0.328674,  0.888723, -0.319600 },
					   { -0.637156,  0.458444,  0.619566 } }
		},
		cameraprops =
		{
			fovh = 35,
			hvaspect = 1.333333,
			nearplane = 0.1,
			farplane = 100000
		}
	},

	{
		entity_name = "CnB_Camera_00_copy_10",
		type = CAMERA,
		template_name = "",
		lt_grp = 0, srt_grp = 0, usr_flg = 0,
		spatialprops =
		{
			pos = { -35069.64, -41.54675, -26547.06 },
			orient = { {  0.963845,  0.000000,  0.266463 },
					   { -0.092080,  0.938396,  0.333069 },
					   { -0.250047, -0.345563,  0.904468 } }
		},
		cameraprops =
		{
			fovh = 35,
			hvaspect = 1.333333,
			nearplane = 0.1,
			farplane = 100000
		}
	},

	{
		entity_name = "CnB_Camera_00_copy_11",
		type = CAMERA,
		template_name = "",
		lt_grp = 0, srt_grp = 0, usr_flg = 0,
		spatialprops =
		{
			pos = { -34711, 15, -26749 },
			orient = { { -0.365652,  0.000000, -0.930752 },
					   { -0.053635,  0.998338,  0.021071 },
					   {  0.929205,  0.057625, -0.365045 } }
		},
		cameraprops =
		{
			fovh = 35,
			hvaspect = 1.333333,
			nearplane = 0.1,
			farplane = 100000
		}
	},

	{
		entity_name = "actor_ku_elite_6",
		type = COMPOUND,
		template_name = "ku_elite",
		lt_grp = 0, srt_grp = 0, usr_flg = 0,
		flags = LIT_DYNAMIC + LIT_AMBIENT,
		spatialprops =
		{
			pos = { -35963.89, -549.7384, -18856.09 },
			orient = { {  0.999992,  0.000000,  0.003929 },
					   { -0.000448,  0.993467,  0.114118 },
					   { -0.003904, -0.114119,  0.993459 } }
		},
		userprops =
		{
			category = "Spaceship",
		}
	},

	{
		entity_name = "CnB_Camera_00_copy_13",
		type = CAMERA,
		template_name = "",
		lt_grp = 0, srt_grp = 0, usr_flg = 0,
		spatialprops =
		{
			pos = { -35957.6, -549.6401, -18839.92 },
			orient = { {  0.995909,  0.000000, -0.090359 },
					   {  0.010272,  0.993517,  0.113215 },
					   {  0.089773, -0.113680,  0.989453 } }
		},
		cameraprops =
		{
			fovh = 35,
			hvaspect = 1.333333,
			nearplane = 0.1,
			farplane = 100000
		}
	},

	{
		entity_name = "CnB_Camera_00_copy_12",
		type = CAMERA,
		template_name = "",
		lt_grp = 0, srt_grp = 0, usr_flg = 0,
		spatialprops =
		{
			pos = { -28147.93, -927.8566, -20946.34 },
			orient = { {  0.639990,  0.000000, -0.768383 },
					   {  0.111593,  0.989398,  0.092947 },
					   {  0.760237, -0.145232,  0.633205 } }
		},
		cameraprops =
		{
			fovh = 35,
			hvaspect = 1.333333,
			nearplane = 0.1,
			farplane = 100000
		}
	},

	{
		entity_name = "a_Marker_1_copy_3",
		type = MARKER,
		template_name = "",
		lt_grp = 0, srt_grp = 0, usr_flg = 0,
		spatialprops =
		{
			pos = { -31919.96, 43.46209, -27748.98 },
			orient = { {  0.716805,  0.000000,  0.697274 },
					   { -0.001495,  0.999998,  0.001537 },
					   { -0.697272, -0.002144,  0.716803 } }
		}
	},

	{
		entity_name = "aa_Path_1",
		type = MOTION_PATH,
		template_name = "",
		lt_grp = 0, srt_grp = 0, usr_flg = 0,
		spatialprops =
		{
			pos = { -33898.03, 156.7357, -26894.22 },
			orient = { { -0.984155,  0.086235, -0.154928 },
					   {  0.176470,  0.391336, -0.903169 },
					   { -0.017255, -0.916198, -0.400353 } }
		},
		pathprops =
		{
			path_type = "CV_CROrientationSplinePath",
			path_data = "OPEN,{-2.000000,0.000000,0.000000}, {1.000000,0.000000,0.000000,0.000000}, {-1.000000,2.000000,0.000000}, {1.000000,0.000000,0.000000,0.000000}, {1.000000,2.000000,0.000000}, {1.000000,0.000000,0.000000,0.000000}, {2.000000,0.000000,0.000000}, {1.000000,0.000000,0.000000,0.000000}, "
		}
	},

	{
		entity_name = "aa_Path_2",
		type = MOTION_PATH,
		template_name = "",
		lt_grp = 0, srt_grp = 0, usr_flg = 0,
		spatialprops =
		{
			pos = { -34711, 15, -26749 },
			orient = { { -0.984155,  0.086235, -0.154929 },
					   {  0.176470,  0.391336, -0.903169 },
					   { -0.017256, -0.916198, -0.400353 } }
		},
		pathprops =
		{
			path_type = "CV_CROrientationSplinePath",
			path_data = "OPEN,{0.001308,0.000038,-0.000155}, {0.691613,-0.644443,-0.310959,0.098333}, {1.725992,7.826685,-18.323946}, {0.659302,-0.588202,0.411587,-0.223462}, "
		}
	},

	{
		entity_name = "a_Marker_1_copy_4",
		type = MARKER,
		template_name = "",
		lt_grp = 0, srt_grp = 0, usr_flg = 0,
		spatialprops =
		{
			pos = { -35406.42, 480.3059, -26055.7 },
			orient = { {  0.224264,  0.000000,  0.974528 },
					   {  0.275450,  0.959223, -0.063388 },
					   { -0.934790,  0.282649,  0.215119 } }
		}
	},

	{
		entity_name = "aa_wing_Path_1",
		type = MOTION_PATH,
		template_name = "",
		lt_grp = 0, srt_grp = 0, usr_flg = 0,
		spatialprops =
		{
			pos = { -33314.24, 1.610322, -28558.06 },
			orient = { {  0.056339, -0.998371, -0.008989 },
					   { -0.147252,  0.000596, -0.989099 },
					   {  0.987493,  0.057048, -0.146979 } }
		},
		pathprops =
		{
			path_type = "CV_CROrientationSplinePath",
			path_data = "OPEN,{-2.006174,1.397222,-0.092139}, {1.000000,0.000000,0.000000,0.000000}, {-2.006174,-1.597897,-0.263216}, {1.000000,0.000000,0.000000,0.000000}, "
		}
	},

	{
		entity_name = "aa_Path_flyby_1",
		type = MOTION_PATH,
		template_name = "",
		lt_grp = 0, srt_grp = 0, usr_flg = 0,
		spatialprops =
		{
			pos = { -32735, 13, -27983 },
			orient = { {  0.106348, -0.072825,  0.991659 },
					   {  0.182339,  0.981831,  0.052549 },
					   { -0.977468,  0.175229,  0.117694 } }
		},
		pathprops =
		{
			path_type = "CV_CROrientationSplinePath",
			path_data = "OPEN,{-0.000423,-0.000120,-0.000535}, {1.000000,0.000000,0.000000,0.000000}, {-68.505684,47.076820,-311.607147}, {0.997278,-0.022037,0.069611,0.010279}, "
		}
	},

	{
		entity_name = "aa_r_cruiser_exp_marker",
		type = MARKER,
		template_name = "",
		lt_grp = 0, srt_grp = 0, usr_flg = 0,
		spatialprops =
		{
			pos = { -35030.67, 3.888949, -26663.89 },
			orient = { { -0.373561,  0.000000,  0.927606 },
					   { -0.341475,  0.929776, -0.137517 },
					   { -0.862466, -0.368125, -0.347328 } }
		}
	},

	{
		entity_name = "aa_r_cruiser_exp_Path_1",
		type = MOTION_PATH,
		template_name = "",
		lt_grp = 0, srt_grp = 0, usr_flg = 0,
		spatialprops =
		{
			pos = { -35119.53, -34.09129, -26699.7 },
			orient = { {  0.788172,  0.228659,  0.571402 },
					   { -0.070747, -0.888606,  0.453182 },
					   {  0.611375, -0.397610, -0.684197 } }
		},
		pathprops =
		{
			path_type = "CV_CROrientationSplinePath",
			path_data = "OPEN,{0.001266,-0.000050,-0.000065}, {1.000000,0.000000,0.000000,0.000000}, {-9.603600,12.805802,-0.013332}, {1.000000,0.000000,0.000000,0.000000}, {-35.111805,35.824764,0.924261}, {1.000000,0.000000,0.000000,0.000000}, {-51.702995,17.620905,-11.241299}, {1.000000,0.000000,0.000000,0.000000}, "
		}
	},

	{
		entity_name = "CnB_Camera_00_copy_14",
		type = CAMERA,
		template_name = "",
		lt_grp = 0, srt_grp = 0, usr_flg = 0,
		spatialprops =
		{
			pos = { -33268.86, 48.8629, -28277.7 },
			orient = { { -0.959365,  0.000000,  0.282166 },
					   {  0.070484,  0.968299,  0.239645 },
					   { -0.273221,  0.249795, -0.928952 } }
		},
		cameraprops =
		{
			fovh = 35,
			hvaspect = 1.333333,
			nearplane = 0.1,
			farplane = 100000
		}
	},

	{
		entity_name = "aa_r_cruiser_exp_marker_Path",
		type = MOTION_PATH,
		template_name = "",
		lt_grp = 0, srt_grp = 0, usr_flg = 0,
		spatialprops =
		{
			pos = { -35030.67, 3.888949, -26663.89 },
			orient = { { 1, 0, 0 }, { 0, 1, 0 }, { 0, 0, 1 } }
		},
		pathprops =
		{
			path_type = "CV_CROrientationSplinePath",
			path_data = "OPEN,{0.000000,0.000000,0.000000}, {1.000000,0.000000,0.000000,0.000000}, {0.000000,-33.888950,0.000000}, {1.000000,0.000000,0.000000,0.000000}, "
		}
	},

	{
		entity_name = "aa_wing_Path_2",
		type = MOTION_PATH,
		template_name = "",
		lt_grp = 0, srt_grp = 0, usr_flg = 0,
		spatialprops =
		{
			pos = { -34783.06, -26.78852, -26011.17 },
			orient = { {  0.028471,  0.000000,  0.999595 },
					   {  0.057864,  0.998323, -0.001648 },
					   { -0.997918,  0.057887,  0.028423 } }
		},
		pathprops =
		{
			path_type = "CV_CROrientationSplinePath",
			path_data = "OPEN,{-2.000000,0.000000,0.000000}, {1.000000,0.000000,0.000000,0.000000}, {-60.938076,-5.993692,-52.326523}, {1.000000,0.000000,0.000000,0.000000}, {44.123241,31.921242,-87.617241}, {1.000000,0.000000,-0.000000,-0.000000}, {60.110325,35.392014,2.734599}, {1.000000,0.000000,-0.000000,-0.000000}, "
		}
	}
};

events =
{
	{
		0.000, SET_CAMERA, { "_Monitor_1", "aa_main_Camera_1" }
	},

	{
		0.000, START_SPATIAL_PROP_ANIM, { "aa_main_Camera_1", "CnB_Camera_00_copy_2" },
		{
			duration = 5.000,
			target_part = "",
			target_type = ROOT,
			spatialprops =
			{
				q_orient = { 0.870385, -0.492338, 0.005749, 0.492356 }
			}
		}
	},

	{
		0.000, START_SPATIAL_PROP_ANIM, { "aa_main_Camera_1", "CnB_Camera_00_copy_2" },
		{
			duration = 5.000,
			target_part = "",
			target_type = ROOT,
			spatialprops =
			{
				pos = { -33364.19, 4.591259, -28585.72 }
			}
		}
	},

	{
		0.000, ATTACH_ENTITY, { "aa_marker_nose1", "aa_main_object" },
		{
			duration = 45.000,
			offset = { 23.4609, 4.6352, -12.7051 },
			up = Y_AXIS,
			front = NEG_Z_AXIS,
			target_part = "",
			target_type = ROOT,
			flags = POSITION + ORIENTATION + ENTITY_RELATIVE
		}
	},

	{
		0.000, START_SPATIAL_PROP_ANIM, { "actor_player_ship_prop", "a_Marker_1" },
		{
			duration = 5.000,
			target_part = "",
			target_type = ROOT,
			spatialprops =
			{
				pos = { -33363.45, 5.778931, -28684.73 },
				q_orient = { -0.979975, 0, 0.199119, -0.003433 }
			},
			param_curve =
			{
				CLSID = "FreeFormPCurve",
				points =
				{
					{  0.000000,  0.000000,  0.000000,  0.000000 },
					{  1.000000,  1.000000,  0.000000,  0.000000 },
				}
			},
			pcurve_period = -1000
		}
	},

	{
		0.000, ATTACH_ENTITY, { "aa_marker_profile_right", "aa_main_object" },
		{
			duration = 45.000,
			offset = { 17.2617, 1.3879, -0.4941 },
			up = Y_AXIS,
			front = NEG_Z_AXIS,
			target_part = "",
			target_type = ROOT,
			flags = POSITION + ORIENTATION + ENTITY_RELATIVE
		}
	},

	{
		0.000, ATTACH_ENTITY, { "CnB_Camera_00_copy_3", "aa_main_object" },
		{
			duration = 10.000,
			offset = { 0, 0, 0 },
			up = Y_AXIS,
			front = NEG_Z_AXIS,
			target_part = "",
			target_type = ROOT,
			flags = LOOK_AT
		}
	},

	{
		0.000, ATTACH_ENTITY, { "CnB_Camera_00_copy_4", "aa_main_object" },
		{
			duration = 50.000,
			offset = { 0, 0, 0 },
			up = Y_AXIS,
			front = NEG_Z_AXIS,
			target_part = "",
			target_type = ROOT,
			flags = LOOK_AT
		}
	},

	{
		0.000, START_PATH_ANIMATION, { "CnB_Camera_00_copy_4", "aa_wing_Path_1" },
		{
			duration = 50.000,
			start_percent = 0,
			stop_percent = 1,
			offset = { 0, 0, 0 },
			up = Y_AXIS,
			front = NEG_Z_AXIS,
			flags = POSITION,
			param_curve =
			{
				CLSID = "FreeFormPCurve",
				points =
				{
					{  0.000000,  0.000000,  0.000000,  0.000000 },
					{  0.243590,  0.548077,  0.000000,  0.000000 },
					{  0.346154,  0.323718,  0.000000,  0.000000 },
					{  0.493590,  0.644231,  0.000000,  0.000000 },
					{  0.621795,  0.419872,  0.000000,  0.000000 },
					{  0.673077,  0.714744,  0.000000,  0.000000 },
					{  0.826923,  0.567308,  0.000000,  0.000000 },
					{  1.000000,  1.000000,  0.000000,  0.000000 },
				}
			},
			pcurve_period = -1000
		}
	},

	{
		0.000, ATTACH_ENTITY, { "aa_marker_wing", "aa_main_object" },
		{
			duration = 45.000,
			offset = { -8.5117, 6.01, 45.3953 },
			up = Y_AXIS,
			front = NEG_Z_AXIS,
			target_part = "",
			target_type = ROOT,
			flags = POSITION + ORIENTATION + ENTITY_RELATIVE
		}
	},

	{
		0.000, ATTACH_ENTITY, { "aa_wing_Path_2", "aa_marker_profile_left" },
		{
			duration = 35.000,
			offset = { 0, 0, 0 },
			up = Y_AXIS,
			front = NEG_Z_AXIS,
			target_part = "",
			target_type = ROOT,
			flags = POSITION + ORIENTATION
		}
	},

	{
		0.750, ATTACH_ENTITY, { "aa_main_object", "actor_player_ship_prop" },
		{
			duration = 45.000,
			offset = { 0, 0, 0 },
			up = Y_AXIS,
			front = NEG_Z_AXIS,
			target_part = "",
			target_type = ROOT,
			flags = POSITION + ORIENTATION
		}
	},

	{
		1.875, ATTACH_ENTITY, { "aa_marker_profile_left", "aa_main_object" },
		{
			duration = 45.000,
			offset = { 0, 0, 0 },
			up = Y_AXIS,
			front = NEG_Z_AXIS,
			target_part = "",
			target_type = ROOT,
			flags = LOOK_AT
		}
	},

	{
		1.875, ATTACH_ENTITY, { "aa_marker_profile_left", "aa_main_object" },
		{
			duration = 45.000,
			offset = { -24.5742, 1.4287, 0.5059 },
			up = Y_AXIS,
			front = NEG_Z_AXIS,
			target_part = "",
			target_type = ROOT,
			flags = POSITION + ORIENTATION + ENTITY_RELATIVE
		}
	},

	{
		5.000, START_SPATIAL_PROP_ANIM, { "actor_player_ship_prop", "a_Marker_1_copy_1" },
		{
			duration = 3.000,
			target_part = "",
			target_type = ROOT,
			spatialprops =
			{
				pos = { -33328.56, 0.783257, -28555.93 },
				q_orient = { 0.972461, 0.006713, 0.232968, -0.006713 }
			}
		}
	},

	{
		5.000, SET_CAMERA, { "_Monitor_1", "CnB_Camera_00_copy_4" }
	},

	{
		5.000, START_PATH_ANIMATION, { "aa_wing_Path_1", "aa_wing_Path_2" },
		{
			duration = 30.000,
			start_percent = 0,
			stop_percent = 1,
			offset = { 0, 0, 0 },
			up = Y_AXIS,
			front = NEG_Z_AXIS,
			flags = POSITION,
			param_curve =
			{
				CLSID = "FreeFormPCurve",
				points =
				{
					{  0.000000,  0.000000,  0.000000,  0.000000 },
					{  0.692308,  0.977564,  0.000000,  0.277778 },
					{  1.000000,  1.000000,  0.000000,  0.000000 },
				}
			},
			pcurve_period = -1000
		}
	},

	{
		8.000, START_SPATIAL_PROP_ANIM, { "actor_player_ship_prop", "a_Marker_1_copy_2" },
		{
			duration = 25.000,
			target_part = "",
			target_type = ROOT,
			spatialprops =
			{
				pos = { -32815.01, 50.28063, -26796.92 },
				q_orient = { 0.350366, 0.005663, 0.936596, -0.005663 }
			}
		}
	},

	{
		10.000, ATTACH_ENTITY, { "actor_king_prop", "aa_main_object" },
		{
			duration = 50.000,
			offset = { 15, 5, -5 },
			up = Y_AXIS,
			front = NEG_Z_AXIS,
			target_part = "",
			target_type = ROOT,
			flags = POSITION + ORIENTATION + ENTITY_RELATIVE
		}
	},

	{
		33.000, START_SPATIAL_PROP_ANIM, { "actor_player_ship_prop", "a_Marker_1_copy_3" },
		{
			duration = 10.000,
			target_part = "",
			target_type = ROOT,
			spatialprops =
			{
				pos = { -31919.96, 43.46209, -27748.98 },
				q_orient = { 0.027616, -0.002143, -0.999616, 0.002143 }
			}
		}
	},

	{
		35.000, SET_CAMERA, { "_Monitor_1", "CnB_Camera_00_copy_5" }
	},

	{
		41.000, START_PATH_ANIMATION, { "CnB_Camera_00_copy_5", "aa_Path_flyby_1" },
		{
			duration = 10.000,
			start_percent = 0,
			stop_percent = 1,
			offset = { 0, 0, 0 },
			up = Y_AXIS,
			front = NEG_Z_AXIS,
			flags = POSITION,
			param_curve =
			{
				CLSID = "FreeFormPCurve",
				points =
				{
					{  0.000000,  0.000000,  0.000000,  0.000000 },
					{  1.000000,  1.000000,  1.000000,  0.000000 },
				}
			},
			pcurve_period = -1000
		}
	},

	{
		50.000, SET_CAMERA, { "_Monitor_1", "CnB_Camera_00_copy_8" }
	},

	{
		50.000, START_SPATIAL_PROP_ANIM, { "CnB_Camera_00_copy_8", "CnB_Camera_00_copy_9" },
		{
			duration = 10.000,
			target_part = "",
			target_type = ROOT,
			spatialprops =
			{
				q_orient = { 0.008311, 0.995706, 0.092198, -0.300335 }
			}
		}
	},

	{
		58.000, START_PATH_ANIMATION, { "CnB_Camera_00_copy_11", "aa_Path_2" },
		{
			duration = 11.000,
			start_percent = 0,
			stop_percent = 1,
			offset = { 0, 0, 0 },
			up = Y_AXIS,
			front = NEG_Z_AXIS,
			flags = POSITION
		}
	},

	{
		61.000, SET_CAMERA, { "_Monitor_1", "CnB_Camera_00_copy_11" }
	},

	{
		69.000, SET_CAMERA, { "_Monitor_1", "CnB_Camera_00_copy_10" }
	},

	{
		78.500, SET_CAMERA, { "_Monitor_1", "CnB_Camera_00_copy_12" }
	},

	{
		87.000, ATTACH_ENTITY, { "CnB_Camera_00_copy_14", "aa_r_cruiser_exp_marker" },
		{
			duration = 35.000,
			offset = { 0, 0, 0 },
			up = Y_AXIS,
			front = NEG_Z_AXIS,
			target_part = "",
			target_type = ROOT,
			flags = LOOK_AT
		}
	},

	{
		88.000, SET_CAMERA, { "_Monitor_1", "CnB_Camera_00_copy_14" }
	},

	{
		88.000, START_PATH_ANIMATION, { "CnB_Camera_00_copy_14", "aa_r_cruiser_exp_Path_1" },
		{
			duration = 22.000,
			start_percent = 0,
			stop_percent = 1,
			offset = { 0, 0, 0 },
			up = Y_AXIS,
			front = NEG_Z_AXIS,
			flags = POSITION,
			param_curve =
			{
				CLSID = "FreeFormPCurve",
				points =
				{
					{  0.000000,  0.000000,  0.000000,  0.000000 },
					{  1.000000,  1.000000,  0.000000,  0.000000 },
				}
			},
			pcurve_period = -1000
		}
	},

	{
		88.000, START_PATH_ANIMATION, { "aa_r_cruiser_exp_marker", "aa_r_cruiser_exp_marker_Path" },
		{
			duration = 20.000,
			start_percent = 0,
			stop_percent = 1,
			offset = { 0, 0, 0 },
			up = Y_AXIS,
			front = NEG_Z_AXIS,
			flags = POSITION,
			param_curve =
			{
				CLSID = "FreeFormPCurve",
				points =
				{
					{  0.000000,  0.000000,  0.000000,  0.000000 },
					{  0.701923,  1.000000,  0.000000,  0.000000 },
					{  1.000000,  0.000000,  0.000000,  0.000000 },
				}
			},
			pcurve_period = -1000
		}
	}
};
