duration = 2.549;

entities =
{

	{
		entity_name = "Layer_GCS_F08bR_02",
		type = SCENE,
		template_name = "",
		lt_grp = 0, srt_grp = 0, usr_flg = 0,
		spatialprops =
		{
			pos = { 0, 0, 0 },
			orient = { { 1, 0, 0 }, { 0, 1, 0 }, { 0, 0, 1 } }
		},
		up = Y_AXIS,
		front = Z_AXIS,
		ambient = { 128, 128, 128 }
	},

	{
		entity_name = "Special/A",
		type = MARKER,
		template_name = "",
		lt_grp = 0, srt_grp = 0, usr_flg = 0,
		spatialprops =
		{
			pos = { 0, 0, 0 },
			orient = { {  0.156777,  0.000000,  0.987634 },
					   {  0.000000,  1.000000,  0.000000 },
					   { -0.987634,  0.000000,  0.156777 } }
		}
	},

	{
		entity_name = "Monitor",
		type = MONITOR,
		template_name = "",
		lt_grp = 0, srt_grp = 0, usr_flg = 0
	},

	{
		entity_name = "Camera/ACS",
		type = CAMERA,
		template_name = "",
		lt_grp = 0, srt_grp = 0, usr_flg = 0,
		flags = HIDDEN,
		spatialprops =
		{
			pos = { 1.265135, 1.642393, -0.163832 },
			orient = { {  0.054120,  0.000000, -0.998534 },
					   { -0.091915,  0.995754, -0.004982 },
					   {  0.994295,  0.092049,  0.053890 } }
		},
		cameraprops =
		{
			fovh = 25,
			hvaspect = 1.85,
			nearplane = 0.2,
			farplane = 5000
		}
	},

	{
		entity_name = "Camera/PCO",
		type = CAMERA,
		template_name = "",
		lt_grp = 0, srt_grp = 0, usr_flg = 0,
		flags = HIDDEN,
		spatialprops =
		{
			pos = { 0.125497, 1.637064, 0.353281 },
			orient = { {  0.787900,  0.000000,  0.615803 },
					   {  0.049748,  0.996731, -0.063651 },
					   { -0.613790,  0.080786,  0.785325 } }
		},
		cameraprops =
		{
			fovh = 25,
			hvaspect = 1.85,
			nearplane = 0.2,
			farplane = 5000
		}
	},

	{
		entity_name = "Player_Character_P",
		type = DEFORMABLE,
		template_name = "trent",
		lt_grp = 0, srt_grp = 0, usr_flg = 0,
		flags = LIT_DYNAMIC,
		spatialprops =
		{
			pos = { 0.986868, 0, -0.501136 },
			orient = { { -0.612436,  0.000000, -0.790520 },
					   {  0.000000,  1.000000,  0.000000 },
					   {  0.790520,  0.000000, -0.612436 } }
		},
		compoundprops =
		{
			floor_height = 0
		},
		userprops =
		{
			actor = "player",
			category = "Character",
		}
	},

	{
		entity_name = "Offer_Character_A",
		type = DEFORMABLE,
		template_name = "king",
		lt_grp = 0, srt_grp = 0, usr_flg = 0,
		flags = LIT_DYNAMIC,
		spatialprops =
		{
			pos = { 0, 0, 0 },
			orient = { {  0.156777,  0.000000,  0.987634 },
					   {  0.000000,  1.000000,  0.000000 },
					   { -0.987634,  0.000000,  0.156777 } }
		},
		compoundprops =
		{
			floor_height = 0
		},
		userprops =
		{
			actor = "NPC",
			category = "Character",
		}
	},

	{
		entity_name = "Special/P2",
		type = MARKER,
		template_name = "",
		lt_grp = 0, srt_grp = 0, usr_flg = 0,
		spatialprops =
		{
			pos = { 0.987223, 0, -0.501587 },
			orient = { { -0.611142,  0.000000, -0.791521 },
					   {  0.000000,  1.000000,  0.000000 },
					   {  0.791521,  0.000000, -0.611142 } }
		}
	},

	{
		entity_name = "Special/P",
		type = MARKER,
		template_name = "",
		lt_grp = 0, srt_grp = 0, usr_flg = 0,
		spatialprops =
		{
			pos = { 1.368029, -0.0054, -0.846653 },
			orient = { { -0.611142,  0.000000, -0.791521 },
					   {  0.000000,  1.000000,  0.000000 },
					   {  0.791521,  0.000000, -0.611142 } }
		}
	},

	{
		entity_name = "VoiceProfile_GCS_ML_F08bR02",
		type = SOUND,
		template_name = "VoiceProfile_GCS_ML_F08bR02",
		lt_grp = 0, srt_grp = 0, usr_flg = 0,
		spatialprops =
		{
			pos = { 0, 0, 0 },
			orient = { { 1, 0, 0 }, { 0, 1, 0 }, { 0, 0, 1 } }
		},
		audioprops =
		{
			attenuation = 0,
			pan = 0,
			dmin = 50,
			dmax = 300,
			ain = 360,
			aout = 360,
			atout = 0,
			rmix = 0,
		},
		userprops =
		{
			category = "Audio",
			speaker = "Offer_Character_A",
		}
	},

	{
		entity_name = "Offer_Character_A_Mrk_LookAround",
		type = MARKER,
		template_name = "",
		lt_grp = 0, srt_grp = 0, usr_flg = 0,
		spatialprops =
		{
			pos = { 0.521577, 1.692426, 0.48716 },
			orient = { { 1, 0, 0 }, { 0, 1, 0 }, { 0, 0, 1 } }
		}
	}
};

events =
{
	{
		0.000, SET_CAMERA, { "Monitor", "Camera/PCO" }
	},

	{
		0.000, START_MOTION, { "Offer_Character_A" },
		{
			animation = "Sc_dx_GCS_F08bR02_RVP01",
			duration = 2.665,
			trans_time = 0.500,
			time_scale = 1,
			weight = 1,
			heading = -1
		}
	},

	{
		0.000, START_MOTION, { "Offer_Character_A" },
		{
			animation = "Sc_MLBODY_STND_IDLE_000LV_xa_04",
			duration = 7.466,
			trans_time = 1.000,
			time_scale = 1,
			weight = 1,
			heading = -1
		}
	},

	{
		0.000, ATTACH_ENTITY, { "Offer_Character_A_Mrk_LookAround", "Special/A" },
		{
			duration = 2.549,
			offset = { 0.5629, 1.6924, -0.4388 },
			up = Y_AXIS,
			front = NEG_Z_AXIS,
			target_part = "",
			target_type = ROOT,
			flags = POSITION + ENTITY_RELATIVE + ORIENTATION_RELATIVE
		}
	},

	{
		0.000, START_MOTION, { "Player_Character_P" },
		{
			animation = "Sc_MLBODY_STND_IDLE_BRTH_000LV_xa_05",
			duration = 5.000,
			trans_time = 1.000,
			time_scale = 1,
			weight = 1,
			heading = -1
		}
	},

	{
		0.001, START_IK, { "Offer_Character_A", "Player_Character_P" },
		{
			duration = 0.300,
			end_effector = "Body_Head",
			count_to_root = 1,
			target_part = "Body_Head",
			target_type = PART,
			damping = 10,
			up = NEG_Y_AXIS,
			front = Z_AXIS,
			point_at = 1,
			move_to = 0,
			transition_duration = 0.000
		}
	},

	{
		0.001, START_IK, { "Player_Character_P", "Offer_Character_A" },
		{
			duration = 2.551,
			end_effector = "Body_Head",
			count_to_root = 1,
			target_part = "Body_Head",
			target_type = PART,
			damping = 10,
			up = NEG_Y_AXIS,
			front = Z_AXIS,
			point_at = 1,
			move_to = 0,
			transition_duration = 0.000
		}
	},

	{
		0.273, START_MOTION, { "Offer_Character_A" },
		{
			animation = "Sc_MLBODY_STND_GESTL_180LV_XA_02",
			duration = 2.400,
			trans_time = 1.000,
			time_scale = 0.4,
			weight = 1,
			heading = -1
		}
	},

	{
		0.300, START_IK, { "Offer_Character_A", "Player_Character_P" },
		{
			duration = 0.597,
			end_effector = "Eye IK Left",
			count_to_root = 1,
			target_part = "Body_Head",
			target_type = PART,
			damping = 1,
			up = Y_AXIS,
			front = Z_AXIS,
			point_at = 1,
			move_to = 0,
			transition_duration = 0.500,
			event_flags = 128
		}
	},

	{
		0.500, START_SOUND, { "VoiceProfile_GCS_ML_F08bR02" },
		{
			duration = 2.049
		}
	},

	{
		0.898, START_IK, { "Offer_Character_A", "Offer_Character_A_Mrk_LookAround" },
		{
			duration = 0.550,
			end_effector = "Eye IK Left",
			count_to_root = 1,
			target_part = "Body_Head",
			target_type = ROOT,
			damping = 1,
			up = Y_AXIS,
			front = Z_AXIS,
			point_at = 1,
			move_to = 0,
			transition_duration = 0.500,
			event_flags = 128
		}
	},

	{
		0.925, START_IK, { "Offer_Character_A", "Offer_Character_A_Mrk_LookAround" },
		{
			duration = 0.685,
			end_effector = "Body_Head",
			count_to_root = 1,
			target_part = "Body_Head",
			target_type = ROOT,
			damping = 1,
			up = NEG_Y_AXIS,
			front = Z_AXIS,
			point_at = 1,
			move_to = 0,
			transition_duration = 0.688,
			event_flags = 128
		}
	},

	{
		1.006, START_MOTION, { "Offer_Character_A" },
		{
			animation = "Sc_MLHAND_HNEUT_GESTL_CASL_000LV_00",
			duration = 2.500,
			trans_time = 1.000,
			time_scale = 1,
			weight = 1,
			heading = -1
		}
	},

	{
		1.250, SET_CAMERA, { "Monitor", "Camera/ACS" }
	},

	{
		1.549, START_SPATIAL_PROP_ANIM, { "Player_Character_P", "Special/P2" },
		{
			duration = 1.000,
			target_part = "",
			target_type = ROOT,
			spatialprops =
			{
				pos = { 0.987223, 0, -0.501587 },
				q_orient = { -0.253011, 0, -0.967463, 0 }
			}
		}
	},

	{
		1.549, START_SPATIAL_PROP_ANIM, { "Offer_Character_A", "Special/A" },
		{
			duration = 1.000,
			target_part = "",
			target_type = ROOT,
			spatialprops =
			{
				pos = { 0, 0, 0 },
				q_orient = { -0.950842, 0, -0.309677, 0 }
			}
		}
	},

	{
		1.552, START_IK, { "Offer_Character_A", "Player_Character_P" },
		{
			duration = 0.745,
			end_effector = "Eye IK Left",
			count_to_root = 1,
			target_part = "Body_Head",
			target_type = PART,
			damping = 1,
			up = Y_AXIS,
			front = Z_AXIS,
			point_at = 1,
			move_to = 0,
			transition_duration = 0.700,
			event_flags = 128
		}
	},

	{
		1.615, START_IK, { "Offer_Character_A", "Player_Character_P" },
		{
			duration = 0.935,
			end_effector = "Body_Head",
			count_to_root = 1,
			target_part = "Body_Head",
			target_type = PART,
			damping = 1,
			up = NEG_Y_AXIS,
			front = Z_AXIS,
			point_at = 1,
			move_to = 0,
			transition_duration = 0.770,
			event_flags = 128
		}
	},

	{
		2.012, START_MOTION, { "Offer_Character_A" },
		{
			animation = "Sc_MLHAND_NEUT_LEFT_000LV_A_00",
			duration = 4.000,
			trans_time = 0.100,
			time_scale = 1,
			weight = 1,
			heading = -1
		}
	}
};
