duration = 3.108;

entities =
{

	{
		entity_name = "Layer_GCS_D04aG02",
		type = SCENE,
		template_name = "",
		lt_grp = 0, srt_grp = 0, usr_flg = 0,
		spatialprops =
		{
			pos = { 0, 0, 0 },
			orient = { { 1, 0, 0 }, { 0, 1, 0 }, { 0, 0, 1 } }
		},
		up = Y_AXIS,
		front = Z_AXIS,
		ambient = { 128, 128, 128 }
	},

	{
		entity_name = "Special/A",
		type = MARKER,
		template_name = "",
		lt_grp = 0, srt_grp = 0, usr_flg = 0,
		spatialprops =
		{
			pos = { 0, 0, 0 },
			orient = { {  0.156777,  0.000000,  0.987634 },
					   {  0.000000,  1.000000,  0.000000 },
					   { -0.987634,  0.000000,  0.156777 } }
		}
	},

	{
		entity_name = "Monitor_1",
		type = MONITOR,
		template_name = "",
		lt_grp = 0, srt_grp = 0, usr_flg = 0
	},

	{
		entity_name = "Camera/AC2",
		type = CAMERA,
		template_name = "",
		lt_grp = 0, srt_grp = 0, usr_flg = 0,
		flags = HIDDEN,
		spatialprops =
		{
			pos = { 1.543222, 1.664226, 0.977124 },
			orient = { {  0.770921,  0.000000, -0.636930 },
					   { -0.111649,  0.984517, -0.135136 },
					   {  0.627069,  0.175292,  0.758985 } }
		},
		cameraprops =
		{
			fovh = 30,
			hvaspect = 1.85,
			nearplane = 0.2,
			farplane = 5000
		}
	},

	{
		entity_name = "Player_Character_P",
		type = DEFORMABLE,
		template_name = "trent",
		lt_grp = 0, srt_grp = 0, usr_flg = 0,
		flags = LIT_DYNAMIC,
		spatialprops =
		{
			pos = { 0.986868, 0, -0.501136 },
			orient = { { -0.612436,  0.000000, -0.790520 },
					   {  0.000000,  1.000000,  0.000000 },
					   {  0.790520,  0.000000, -0.612436 } }
		},
		compoundprops =
		{
			floor_height = 0
		},
		userprops =
		{
			actor = "player",
			category = "Character",
		}
	},

	{
		entity_name = "Offer_Character_A",
		type = DEFORMABLE,
		template_name = "king",
		lt_grp = 0, srt_grp = 0, usr_flg = 0,
		flags = LIT_DYNAMIC,
		spatialprops =
		{
			pos = { 0, 0, 0 },
			orient = { {  0.156777,  0.000000,  0.987634 },
					   {  0.000000,  1.000000,  0.000000 },
					   { -0.987634,  0.000000,  0.156777 } }
		},
		compoundprops =
		{
			floor_height = 0
		},
		userprops =
		{
			actor = "NPC",
			category = "Character",
		}
	},

	{
		entity_name = "Special/P2",
		type = MARKER,
		template_name = "",
		lt_grp = 0, srt_grp = 0, usr_flg = 0,
		spatialprops =
		{
			pos = { 0.987223, 0, -0.501587 },
			orient = { { -0.611142,  0.000000, -0.791521 },
					   {  0.000000,  1.000000,  0.000000 },
					   {  0.791521,  0.000000, -0.611142 } }
		}
	},

	{
		entity_name = "Special/P",
		type = MARKER,
		template_name = "",
		lt_grp = 0, srt_grp = 0, usr_flg = 0,
		spatialprops =
		{
			pos = { 1.647586, -0.005351, -0.759586 },
			orient = { { -0.537004,  0.000000, -0.843580 },
					   {  0.000000,  1.000000,  0.000000 },
					   {  0.843580,  0.000000, -0.537004 } }
		}
	},

	{
		entity_name = "VoiceProfile_GCS_ML_D04aG02",
		type = SOUND,
		template_name = "VoiceProfile_GCS_ML_D04aG02",
		lt_grp = 0, srt_grp = 0, usr_flg = 0,
		spatialprops =
		{
			pos = { 0, 0, 0 },
			orient = { { 1, 0, 0 }, { 0, 1, 0 }, { 0, 0, 1 } }
		},
		audioprops =
		{
			attenuation = 0,
			pan = 0,
			dmin = 50,
			dmax = 300,
			ain = 360,
			aout = 360,
			atout = 0,
			rmix = 0,
		},
		userprops =
		{
			category = "Audio",
			speaker = "Offer_Character_A",
		}
	}
};

events =
{
	{
		0.000, SET_CAMERA, { "Monitor_1", "Camera/AC2" }
	},

	{
		0.000, START_MOTION, { "Player_Character_P" },
		{
			animation = "Sc_MLBODY_STND_IDLE_SMALL_000LV_xa_05",
			duration = 5.000,
			trans_time = 0.600,
			time_scale = 0.5,
			weight = 1,
			heading = -1
		}
	},

	{
		0.000, START_MOTION, { "Offer_Character_A" },
		{
			animation = "Sc_dx_GCS_D04aG02_RVP01",
			duration = 3.099,
			trans_time = 0.500,
			time_scale = 1,
			weight = 1,
			heading = -1
		}
	},

	{
		0.000, START_MOTION, { "Offer_Character_A" },
		{
			animation = "Sc_MLBODY_STND_IDLE_MED_000LV_xa_05",
			duration = 5.000,
			trans_time = 1.000,
			time_scale = 0.5,
			weight = 1,
			heading = -1
		}
	},

	{
		0.001, START_IK, { "Offer_Character_A", "Player_Character_P" },
		{
			duration = 0.300,
			end_effector = "Body_Head",
			count_to_root = 1,
			target_part = "Body_Head",
			target_type = PART,
			damping = 100,
			up = NEG_Y_AXIS,
			front = Z_AXIS,
			point_at = 1,
			move_to = 0,
			transition_duration = 0.000
		}
	},

	{
		0.001, START_IK, { "Player_Character_P", "Offer_Character_A" },
		{
			duration = 0.483,
			end_effector = "Body_Head",
			count_to_root = 1,
			target_part = "Body_Head",
			target_type = PART,
			damping = 1,
			up = NEG_Y_AXIS,
			front = Z_AXIS,
			point_at = 1,
			move_to = 0,
			transition_duration = 0.400,
			event_flags = 128
		}
	},

	{
		0.359, START_IK, { "Offer_Character_A", "Player_Character_P" },
		{
			duration = 0.671,
			end_effector = "Eye IK Left",
			count_to_root = 1,
			target_part = "LCollarBone",
			target_type = PART,
			damping = 1,
			up = Y_AXIS,
			front = Z_AXIS,
			point_at = 1,
			move_to = 0,
			transition_duration = 0.500,
			event_flags = 128
		}
	},

	{
		0.500, START_SOUND, { "VoiceProfile_GCS_ML_D04aG02" },
		{
			duration = 2.605
		}
	},

	{
		0.546, START_MOTION, { "Offer_Character_A" },
		{
			animation = "Sc_MLBODY_STND_FSTHIPB_HSEC_RLEASE_000LV_XA_01",
			duration = 1.809,
			trans_time = 1.000,
			time_scale = 0.7,
			weight = 1,
			heading = -1
		}
	},

	{
		0.671, START_MOTION, { "Player_Character_P" },
		{
			animation = "Sc_MLBODY_STND_TILT_HEAD_QUZZCLLY_000LV_XA_03",
			duration = 6.065,
			trans_time = 0.700,
			time_scale = 0.5,
			weight = 1,
			heading = -1
		}
	},

	{
		0.812, START_MOTION, { "Offer_Character_A" },
		{
			animation = "Sc_MLHAND_HNEUT_GESTL_FIST_000LV_00",
			duration = 10.000,
			time_scale = 1,
			weight = 1,
			heading = -1
		}
	},

	{
		0.937, START_MOTION, { "Offer_Character_A" },
		{
			animation = "Sc_MLHAND_HNEUT_GESTR_FIST_000LV_00",
			duration = 10.000,
			time_scale = 1,
			weight = 1,
			heading = -1
		}
	},

	{
		1.343, START_MOTION, { "Player_Character_P" },
		{
			animation = "Sc_MLBODY_STND_IDLE_MED_000LV_xa_05",
			duration = 4.933,
			trans_time = 1.000,
			time_scale = 0.5,
			weight = 1,
			heading = -1
		}
	},

	{
		1.765, START_IK, { "Offer_Character_A", "Player_Character_P" },
		{
			duration = 0.699,
			end_effector = "Eye IK Left",
			count_to_root = 1,
			target_part = "Body_Head",
			target_type = PART,
			damping = 1,
			up = Y_AXIS,
			front = Z_AXIS,
			point_at = 1,
			move_to = 0,
			transition_duration = 0.500,
			event_flags = 128
		}
	},

	{
		1.856, START_MOTION, { "Offer_Character_A" },
		{
			animation = "Sc_MLBODY_STND_FSTHIPB_HOLD_000LV_XA_02",
			duration = 2.500,
			trans_time = 0.500,
			time_scale = 1,
			weight = 1,
			heading = -1
		}
	},

	{
		2.000, START_IK, { "Offer_Character_A", "Player_Character_P" },
		{
			duration = 1.110,
			end_effector = "Body_Head",
			count_to_root = 1,
			target_part = "Body_Head",
			target_type = PART,
			damping = 1,
			up = NEG_Y_AXIS,
			front = Z_AXIS,
			point_at = 1,
			move_to = 0,
			transition_duration = 1.000,
			event_flags = 128
		}
	},

	{
		2.000, START_IK, { "Player_Character_P", "Offer_Character_A" },
		{
			duration = 1.110,
			end_effector = "Body_Head",
			count_to_root = 1,
			target_part = "Body_Head",
			target_type = PART,
			damping = 1,
			up = NEG_Y_AXIS,
			front = Z_AXIS,
			point_at = 1,
			move_to = 0,
			transition_duration = 1.000,
			event_flags = 128
		}
	},

	{
		2.109, START_SPATIAL_PROP_ANIM, { "Player_Character_P", "Special/P2" },
		{
			duration = 1.000,
			target_part = "",
			target_type = ROOT,
			spatialprops =
			{
				pos = { 0.987223, 0, -0.501587 },
				q_orient = { -0.611142, 0, -0.791521, 0 }
			}
		}
	},

	{
		2.109, START_SPATIAL_PROP_ANIM, { "Offer_Character_A", "Special/A" },
		{
			duration = 1.000,
			target_part = "",
			target_type = ROOT,
			spatialprops =
			{
				pos = { 0, 0, 0 },
				q_orient = { 0.156777, 0, 0.987634, 0 }
			}
		}
	}
};
