duration = 1.827;

entities =
{

	{
		entity_name = "Layer_GCS_F07aP02",
		type = SCENE,
		template_name = "",
		lt_grp = 0, srt_grp = 0, usr_flg = 0,
		spatialprops =
		{
			pos = { 0, 0, 0 },
			orient = { { 1, 0, 0 }, { 0, 1, 0 }, { 0, 0, 1 } }
		},
		up = Y_AXIS,
		front = Z_AXIS,
		ambient = { 0, 0, 0 }
	},

	{
		entity_name = "Special/A",
		type = MARKER,
		template_name = "",
		lt_grp = 0, srt_grp = 0, usr_flg = 0,
		spatialprops =
		{
			pos = { 0, 0, 0 },
			orient = { {  0.156777,  0.000000,  0.987634 },
					   {  0.000000,  1.000000,  0.000000 },
					   { -0.987634,  0.000000,  0.156777 } }
		}
	},

	{
		entity_name = "Monitor_1",
		type = MONITOR,
		template_name = "",
		lt_grp = 0, srt_grp = 0, usr_flg = 0
	},

	{
		entity_name = "Camera/PCS",
		type = CAMERA,
		template_name = "",
		lt_grp = 0, srt_grp = 0, usr_flg = 0,
		flags = HIDDEN,
		spatialprops =
		{
			pos = { 0.125497, 1.637064, 0.353281 },
			orient = { {  0.787900,  0.000000,  0.615803 },
					   {  0.049748,  0.996731, -0.063651 },
					   { -0.613790,  0.080786,  0.785325 } }
		},
		cameraprops =
		{
			fovh = 25,
			hvaspect = 1.85,
			nearplane = 0.2,
			farplane = 5000
		}
	},

	{
		entity_name = "Player_Character_P",
		type = DEFORMABLE,
		template_name = "trent",
		lt_grp = 0, srt_grp = 0, usr_flg = 0,
		flags = LIT_DYNAMIC,
		spatialprops =
		{
			pos = { 0.986868, 0, -0.501136 },
			orient = { { -0.612436,  0.000000, -0.790520 },
					   {  0.000000,  1.000000,  0.000000 },
					   {  0.790520,  0.000000, -0.612436 } }
		},
		compoundprops =
		{
			floor_height = 0
		},
		userprops =
		{
			actor = "player",
			category = "Character",
		}
	},

	{
		entity_name = "Offer_Character_A",
		type = DEFORMABLE,
		template_name = "jacobi",
		lt_grp = 0, srt_grp = 0, usr_flg = 0,
		flags = LIT_DYNAMIC,
		spatialprops =
		{
			pos = { 0, 0, 0 },
			orient = { {  0.156777,  0.000000,  0.987634 },
					   {  0.000000,  1.000000,  0.000000 },
					   { -0.987634,  0.000000,  0.156777 } }
		},
		compoundprops =
		{
			floor_height = 0
		},
		userprops =
		{
			actor = "NPC",
			category = "Character",
		}
	},

	{
		entity_name = "Special/P2",
		type = MARKER,
		template_name = "",
		lt_grp = 0, srt_grp = 0, usr_flg = 0,
		spatialprops =
		{
			pos = { 0.987223, 0, -0.501587 },
			orient = { { -0.611142,  0.000000, -0.791521 },
					   {  0.000000,  1.000000,  0.000000 },
					   {  0.791521,  0.000000, -0.611142 } }
		}
	},

	{
		entity_name = "Special/P",
		type = MARKER,
		template_name = "",
		lt_grp = 0, srt_grp = 0, usr_flg = 0,
		spatialprops =
		{
			pos = { 1.647586, -0.005351, -0.759586 },
			orient = { { -0.537004,  0.000000, -0.843580 },
					   {  0.000000,  1.000000,  0.000000 },
					   {  0.843580,  0.000000, -0.537004 } }
		}
	},

	{
		entity_name = "VoiceProfile_GCS_Trent_F07aP02",
		type = SOUND,
		template_name = "VoiceProfile_$BGCS_Trent_F07aP02_2",
		lt_grp = 0, srt_grp = 0, usr_flg = 0,
		spatialprops =
		{
			pos = { 0, 0, 0 },
			orient = { { 1, 0, 0 }, { 0, 1, 0 }, { 0, 0, 1 } }
		},
		audioprops =
		{
			attenuation = 0,
			pan = 0,
			dmin = 50,
			dmax = 300,
			ain = 360,
			aout = 360,
			atout = 0,
			rmix = 0,
		},
		userprops =
		{
			category = "Audio",
			speaker = "Player_Character_P",
		}
	}
};

events =
{
	{
		0.000, SET_CAMERA, { "Monitor_1", "Camera/PCS" }
	},

	{
		0.000, START_MOTION, { "Offer_Character_A" },
		{
			animation = "Sc_FMBODY_STND_IDLE_SMALL_000LV_xa_05",
			duration = 5.000,
			trans_time = 1.000,
			time_scale = 1,
			weight = 1,
			heading = -1
		}
	},

	{
		0.000, START_MOTION, { "Player_Character_P" },
		{
			animation = "Sc_MLBODY_STND_CONV_RHND_CASL_000LV_xa_01",
			duration = 1.600,
			start_time = 0.200,
			trans_time = 1.000,
			time_scale = 0.7,
			weight = 1,
			heading = -1
		}
	},

	{
		0.001, START_IK, { "Offer_Character_A", "Player_Character_P" },
		{
			duration = 2.578,
			end_effector = "Body_Head",
			count_to_root = 1,
			target_part = "Body_Head",
			target_type = PART,
			damping = 1,
			up = NEG_Y_AXIS,
			front = Z_AXIS,
			point_at = 1,
			move_to = 0,
			transition_duration = 0.700,
			event_flags = 128
		}
	},

	{
		0.001, START_IK, { "Player_Character_P", "Offer_Character_A" },
		{
			duration = 2.578,
			end_effector = "Body_Head",
			count_to_root = 1,
			target_part = "Body_Head",
			target_type = PART,
			damping = 1,
			up = NEG_Y_AXIS,
			front = Z_AXIS,
			point_at = 1,
			move_to = 0,
			transition_duration = 1.000,
			event_flags = 128
		}
	},

	{
		0.500, START_MOTION, { "Player_Character_P" },
		{
			animation = "Sc_dx_GCS_F07aP02_Trent",
			duration = 1.666,
			trans_time = 0.500,
			time_scale = 1,
			weight = 1,
			heading = -1
		}
	},

	{
		0.600, START_MOTION, { "Player_Character_P" },
		{
			animation = "Sc_MLBODY_STND_IDLE_SMALL_000LV_xa_05",
			duration = 5.000,
			trans_time = 1.000,
			time_scale = 1,
			weight = 1,
			heading = -1
		}
	},

	{
		0.828, START_SPATIAL_PROP_ANIM, { "Offer_Character_A", "Special/A" },
		{
			duration = 1.000,
			target_part = "",
			target_type = ROOT,
			spatialprops =
			{
				pos = { 0, 0, 0 },
				q_orient = { 0.156777, 0, 0.987634, 0 }
			}
		}
	},

	{
		0.828, START_SPATIAL_PROP_ANIM, { "Player_Character_P", "Special/P2" },
		{
			duration = 1.000,
			target_part = "",
			target_type = ROOT,
			spatialprops =
			{
				pos = { 0.987223, 0, -0.501587 },
				q_orient = { -0.611142, 0, -0.791521, 0 }
			}
		}
	},

	{
		0.859, START_IK, { "Player_Character_P", "Offer_Character_A" },
		{
			duration = 0.769,
			end_effector = "Eye IK Left",
			count_to_root = 1,
			target_part = "Body_Head",
			target_type = PART,
			damping = 1,
			up = NEG_Y_AXIS,
			front = Z_AXIS,
			point_at = 1,
			move_to = 0,
			transition_duration = 0.550,
			event_flags = 128
		}
	},

	{
		1.000, START_SOUND, { "VoiceProfile_GCS_Trent_F07aP02" },
		{
			duration = 0.828
		}
	},

	{
		1.171, START_MOTION, { "Player_Character_P" },
		{
			animation = "Sc_MLHEAD_NEUT_BLINK_EYES_000LV_A_00",
			duration = 0.266,
			time_scale = 1,
			weight = 1,
			heading = -1
		}
	}
};
