duration = 14.062;

entities =
{

	{
		entity_name = "Zg/PC/Player/01/A/Stand",
		type = MARKER,
		template_name = "",
		lt_grp = 0, srt_grp = 0, usr_flg = 0,
		spatialprops =
		{
			pos = { -7.257969, 0, -9.711236 },
			orient = { { -0.999925,  0.000000,  0.012219 },
					   {  0.000000,  1.000000,  0.000000 },
					   { -0.012219,  0.000000, -0.999925 } }
		}
	},

	{
		entity_name = "Zs/NPC/Bartender/01/A/Stand",
		type = MARKER,
		template_name = "",
		lt_grp = 0, srt_grp = 0, usr_flg = 0,
		spatialprops =
		{
			pos = { -0.073629, 0, -3.850881 },
			orient = { { -1.000000,  0.000000, -0.000235 },
					   {  0.000000,  1.000000,  0.000000 },
					   {  0.000235,  0.000000, -1.000000 } }
		}
	},

	{
		entity_name = "Layer_Rh_03_Bar_Hardpoint",
		type = SCENE,
		template_name = "",
		lt_grp = 0, srt_grp = 0, usr_flg = 0,
		spatialprops =
		{
			pos = { 0, 0, 0 },
			orient = { { 1, 0, 0 }, { 0, 1, 0 }, { 0, 0, 1 } }
		},
		up = Y_AXIS,
		front = Z_AXIS,
		ambient = { 0, 0, 0 }
	},

	{
		entity_name = "Set_Rh_03_Bar",
		type = COMPOUND,
		template_name = "rh_03_bar",
		lt_grp = 9, srt_grp = 0, usr_flg = 0,
		flags = LIT_DYNAMIC,
		spatialprops =
		{
			pos = { 0, 0, 0 },
			orient = { { 1, 0, 0 }, { 0, 1, 0 }, { 0, 0, 1 } }
		},
		userprops =
		{
			category = "Room",
		}
	},

	{
		entity_name = "Camera_Mission",
		type = CAMERA,
		template_name = "",
		lt_grp = 0, srt_grp = 0, usr_flg = 0,
		spatialprops =
		{
			pos = { -0.815438, 1.956337, 2.033067 },
			orient = { {  0.624582,  0.000000,  0.780959 },
					   {  0.018492,  0.999720, -0.014789 },
					   { -0.780740,  0.023679,  0.624407 } }
		},
		cameraprops =
		{
			fovh = 30,
			hvaspect = 1.333333,
			nearplane = 0.3,
			farplane = 4000
		}
	},

	{
		entity_name = "Zg/NPC/rTable4/01/A/SitLow",
		type = MARKER,
		template_name = "",
		lt_grp = 0, srt_grp = 0, usr_flg = 0,
		spatialprops =
		{
			pos = { -8.210797, -1.046038, 1.22804 },
			orient = { { -0.003766,  0.000000,  0.999993 },
					   {  0.000000,  1.000000,  0.000000 },
					   { -0.999993,  0.000000, -0.003766 } }
		}
	},

	{
		entity_name = "Zg/NPC/mFloor2/01/A/Stand",
		type = MARKER,
		template_name = "",
		lt_grp = 0, srt_grp = 0, usr_flg = 0,
		spatialprops =
		{
			pos = { -2.534732, 0, -1.719527 },
			orient = { { -0.772172,  0.000000, -0.635413 },
					   {  0.000000,  1.000000,  0.000000 },
					   {  0.635413,  0.000000, -0.772172 } }
		}
	},

	{
		entity_name = "Camera_0",
		type = CAMERA,
		template_name = "",
		lt_grp = 0, srt_grp = 0, usr_flg = 0,
		spatialprops =
		{
			pos = { -8.456129, 5.368371, 8.05759 },
			orient = { {  0.838868,  0.000000,  0.544334 },
					   {  0.215127,  0.918590, -0.331531 },
					   { -0.500020,  0.395212,  0.770576 } }
		},
		cameraprops =
		{
			fovh = 33,
			hvaspect = 1.333333,
			nearplane = 0.3,
			farplane = 4000
		}
	},

	{
		entity_name = "Camera_News",
		type = CAMERA,
		template_name = "",
		lt_grp = 0, srt_grp = 0, usr_flg = 0,
		spatialprops =
		{
			pos = { -3.225314, 6.362481, 1.944151 },
			orient = { {  0.867304,  0.000000,  0.497778 },
					   {  0.169210,  0.940451, -0.294823 },
					   { -0.468136,  0.339930,  0.815657 } }
		},
		cameraprops =
		{
			fovh = 30,
			hvaspect = 1.333333,
			nearplane = 0.3,
			farplane = 4000
		}
	},

	{
		entity_name = "Zg/NPC/rTable4/01/B/SitLow",
		type = MARKER,
		template_name = "",
		lt_grp = 0, srt_grp = 0, usr_flg = 0,
		spatialprops =
		{
			pos = { -6.291412, -1.046038, 1.22804 },
			orient = { {  0.005073,  0.000000, -0.999987 },
					   {  0.000000,  1.000000,  0.000000 },
					   {  0.999987,  0.000000,  0.005073 } }
		}
	},

	{
		entity_name = "Zg/NPC/rTable4/01/C/SitLow",
		type = MARKER,
		template_name = "",
		lt_grp = 0, srt_grp = 0, usr_flg = 0,
		spatialprops =
		{
			pos = { -8.210797, -1.046038, 0.588394 },
			orient = { { -0.003766,  0.000000,  0.999993 },
					   {  0.000000,  1.000000,  0.000000 },
					   { -0.999993,  0.000000, -0.003766 } }
		}
	},

	{
		entity_name = "Zg/NPC/rTable4/01/D/SitLow",
		type = MARKER,
		template_name = "",
		lt_grp = 0, srt_grp = 0, usr_flg = 0,
		spatialprops =
		{
			pos = { -6.291412, -1.046038, 0.588394 },
			orient = { {  0.005073,  0.000000, -0.999987 },
					   {  0.000000,  1.000000,  0.000000 },
					   {  0.999987,  0.000000,  0.005073 } }
		}
	},

	{
		entity_name = "Zg/NPC/mTable4/01/A/SitLow",
		type = MARKER,
		template_name = "",
		lt_grp = 0, srt_grp = 0, usr_flg = 0,
		spatialprops =
		{
			pos = { -3.981853, -1.046038, 1.22804 },
			orient = { {  0.005073,  0.000000, -0.999987 },
					   {  0.000000,  1.000000,  0.000000 },
					   {  0.999987,  0.000000,  0.005073 } }
		}
	},

	{
		entity_name = "Zg/NPC/mTable4/01/B/SitLow",
		type = MARKER,
		template_name = "",
		lt_grp = 0, srt_grp = 0, usr_flg = 0,
		spatialprops =
		{
			pos = { -5.898709, -1.046038, 1.22804 },
			orient = { { -0.003766,  0.000000,  0.999993 },
					   {  0.000000,  1.000000,  0.000000 },
					   { -0.999993,  0.000000, -0.003766 } }
		}
	},

	{
		entity_name = "Zg/NPC/mTable4/01/C/SitLow",
		type = MARKER,
		template_name = "",
		lt_grp = 0, srt_grp = 0, usr_flg = 0,
		spatialprops =
		{
			pos = { -5.898709, -1.046038, 0.588394 },
			orient = { { -0.003766,  0.000000,  0.999993 },
					   {  0.000000,  1.000000,  0.000000 },
					   { -0.999993,  0.000000, -0.003766 } }
		}
	},

	{
		entity_name = "Zg/NPC/mTable4/01/D/SitLow",
		type = MARKER,
		template_name = "",
		lt_grp = 0, srt_grp = 0, usr_flg = 0,
		spatialprops =
		{
			pos = { -3.981853, -1.046038, 0.588394 },
			orient = { {  0.005073,  0.000000, -0.999987 },
					   {  0.000000,  1.000000,  0.000000 },
					   {  0.999987,  0.000000,  0.005073 } }
		}
	},

	{
		entity_name = "Zg/NPC/mTable4/02/D/SitLow",
		type = MARKER,
		template_name = "",
		lt_grp = 0, srt_grp = 0, usr_flg = 0,
		spatialprops =
		{
			pos = { -1.575689, -1.046038, 1.22804 },
			orient = { {  0.005073,  0.000000, -0.999987 },
					   {  0.000000,  1.000000,  0.000000 },
					   {  0.999987,  0.000000,  0.005073 } }
		}
	},

	{
		entity_name = "Zg/NPC/mTable4/02/B/SitLow",
		type = MARKER,
		template_name = "",
		lt_grp = 0, srt_grp = 0, usr_flg = 0,
		spatialprops =
		{
			pos = { -3.493441, -1.046038, 1.22804 },
			orient = { { -0.003766,  0.000000,  0.999993 },
					   {  0.000000,  1.000000,  0.000000 },
					   { -0.999993,  0.000000, -0.003766 } }
		}
	},

	{
		entity_name = "Zg/NPC/mTable4/02/C/SitLow",
		type = MARKER,
		template_name = "",
		lt_grp = 0, srt_grp = 0, usr_flg = 0,
		spatialprops =
		{
			pos = { -3.493087, -1.046038, 0.588394 },
			orient = { { -0.003766,  0.000000,  0.999993 },
					   {  0.000000,  1.000000,  0.000000 },
					   { -0.999993,  0.000000, -0.003766 } }
		}
	},

	{
		entity_name = "Zg/NPC/mTable4/02/A/SitLow",
		type = MARKER,
		template_name = "",
		lt_grp = 0, srt_grp = 0, usr_flg = 0,
		spatialprops =
		{
			pos = { -1.575689, -1.046038, 0.588394 },
			orient = { {  0.005073,  0.000000, -0.999987 },
					   {  0.000000,  1.000000,  0.000000 },
					   {  0.999987,  0.000000,  0.005073 } }
		}
	},

	{
		entity_name = "Zg/NPC/mTable4/03/A/SitLow",
		type = MARKER,
		template_name = "",
		lt_grp = 0, srt_grp = 0, usr_flg = 0,
		spatialprops =
		{
			pos = { 3.399539, -1.046038, 1.22804 },
			orient = { {  0.005073,  0.000000, -0.999987 },
					   {  0.000000,  1.000000,  0.000000 },
					   {  0.999987,  0.000000,  0.005073 } }
		}
	},

	{
		entity_name = "Zg/NPC/mTable4/03/B/SitLow",
		type = MARKER,
		template_name = "",
		lt_grp = 0, srt_grp = 0, usr_flg = 0,
		spatialprops =
		{
			pos = { 1.482275, -1.046038, 1.22804 },
			orient = { { -0.003766,  0.000000,  0.999993 },
					   {  0.000000,  1.000000,  0.000000 },
					   { -0.999993,  0.000000, -0.003766 } }
		}
	},

	{
		entity_name = "Zg/NPC/mTable4/03/C/SitLow",
		type = MARKER,
		template_name = "",
		lt_grp = 0, srt_grp = 0, usr_flg = 0,
		spatialprops =
		{
			pos = { 1.482275, -1.046038, 0.588394 },
			orient = { { -0.003766,  0.000000,  0.999993 },
					   {  0.000000,  1.000000,  0.000000 },
					   { -0.999993,  0.000000, -0.003766 } }
		}
	},

	{
		entity_name = "Zg/NPC/mTable4/03/D/SitLow",
		type = MARKER,
		template_name = "",
		lt_grp = 0, srt_grp = 0, usr_flg = 0,
		spatialprops =
		{
			pos = { 3.399539, -1.046038, 0.588394 },
			orient = { {  0.005073,  0.000000, -0.999987 },
					   {  0.000000,  1.000000,  0.000000 },
					   {  0.999987,  0.000000,  0.005073 } }
		}
	},

	{
		entity_name = "Zg/NPC/mTable4/04/D/SitLow",
		type = MARKER,
		template_name = "",
		lt_grp = 0, srt_grp = 0, usr_flg = 0,
		spatialprops =
		{
			pos = { 5.753011, -1.046038, 1.22804 },
			orient = { {  0.005073,  0.000000, -0.999987 },
					   {  0.000000,  1.000000,  0.000000 },
					   {  0.999987,  0.000000,  0.005073 } }
		}
	},

	{
		entity_name = "Zg/NPC/mTable4/04/B/SitLow",
		type = MARKER,
		template_name = "",
		lt_grp = 0, srt_grp = 0, usr_flg = 0,
		spatialprops =
		{
			pos = { 3.835839, -1.046038, 1.22804 },
			orient = { { -0.003766,  0.000000,  0.999993 },
					   {  0.000000,  1.000000,  0.000000 },
					   { -0.999993,  0.000000, -0.003766 } }
		}
	},

	{
		entity_name = "Zg/NPC/mTable4/04/C/SitLow",
		type = MARKER,
		template_name = "",
		lt_grp = 0, srt_grp = 0, usr_flg = 0,
		spatialprops =
		{
			pos = { 3.835839, -1.046038, 0.588394 },
			orient = { { -0.003766,  0.000000,  0.999993 },
					   {  0.000000,  1.000000,  0.000000 },
					   { -0.999993,  0.000000, -0.003766 } }
		}
	},

	{
		entity_name = "Zg/NPC/mTable4/04/A/SitLow",
		type = MARKER,
		template_name = "",
		lt_grp = 0, srt_grp = 0, usr_flg = 0,
		spatialprops =
		{
			pos = { 5.753011, -1.046037, 0.588394 },
			orient = { {  0.005073,  0.000000, -0.999987 },
					   {  0.000000,  1.000000,  0.000000 },
					   {  0.999987,  0.000000,  0.005073 } }
		}
	},

	{
		entity_name = "Zg/NPC/mFloor2/01/B/Stand",
		type = MARKER,
		template_name = "",
		lt_grp = 0, srt_grp = 0, usr_flg = 0,
		spatialprops =
		{
			pos = { -3.438117, 0, -1.885018 },
			orient = { { -0.878791,  0.000000,  0.477206 },
					   {  0.000000,  1.000000,  0.000000 },
					   { -0.477206,  0.000000, -0.878791 } }
		}
	},

	{
		entity_name = "Zs/NPC/mTable4/01/P2/Stand",
		type = MARKER,
		template_name = "",
		lt_grp = 0, srt_grp = 0, usr_flg = 0,
		spatialprops =
		{
			pos = { -5.593441, -1.046038, 1.946203 },
			orient = { {  0.441978,  0.000000,  0.897026 },
					   {  0.000000,  1.000000,  0.000000 },
					   { -0.897026,  0.000000,  0.441978 } }
		}
	},

	{
		entity_name = "Zs/NPC/mTable4/01/AC2/Camera",
		type = CAMERA,
		template_name = "",
		lt_grp = 0, srt_grp = 0, usr_flg = 0,
		flags = HIDDEN,
		spatialprops =
		{
			pos = { -4.784085, 0.652589, 3.397864 },
			orient = { {  0.995371,  0.000000, -0.096108 },
					   { -0.021090,  0.975626, -0.218425 },
					   {  0.093765,  0.219441,  0.971110 } }
		},
		cameraprops =
		{
			fovh = 30,
			hvaspect = 1.85,
			nearplane = 0.3,
			farplane = 4000
		}
	},

	{
		entity_name = "Zs/NPC/mTable4/01/ACOH/Camera",
		type = CAMERA,
		template_name = "",
		lt_grp = 0, srt_grp = 0, usr_flg = 0,
		flags = HIDDEN,
		spatialprops =
		{
			pos = { -5.861414, 0.874148, 2.436993 },
			orient = { {  0.715734,  0.000000,  0.698372 },
					   {  0.288170,  0.910898, -0.295334 },
					   { -0.636146,  0.412631,  0.651961 } }
		},
		cameraprops =
		{
			fovh = 20,
			hvaspect = 1.85,
			nearplane = 0.3,
			farplane = 4000
		}
	},

	{
		entity_name = "Zs/NPC/mTable4/01/ACOL/Camera",
		type = CAMERA,
		template_name = "",
		lt_grp = 0, srt_grp = 0, usr_flg = 0,
		flags = HIDDEN,
		spatialprops =
		{
			pos = { -5.772362, 0.429144, 2.756016 },
			orient = { {  0.785567,  0.000000,  0.618777 },
					   {  0.130538,  0.977495, -0.165724 },
					   { -0.604851,  0.210961,  0.767887 } }
		},
		cameraprops =
		{
			fovh = 20,
			hvaspect = 1.85,
			nearplane = 0.3,
			farplane = 4000
		}
	},

	{
		entity_name = "Zs/NPC/mTable4/01/ACS/Camera",
		type = CAMERA,
		template_name = "",
		lt_grp = 0, srt_grp = 0, usr_flg = 0,
		flags = HIDDEN,
		spatialprops =
		{
			pos = { -5.32405, 0.331615, 2.134063 },
			orient = { {  0.681674,  0.000000,  0.731656 },
					   {  0.130381,  0.983994, -0.121475 },
					   { -0.719945,  0.178201,  0.670764 } }
		},
		cameraprops =
		{
			fovh = 20,
			hvaspect = 1.85,
			nearplane = 0.3,
			farplane = 4000
		}
	},

	{
		entity_name = "Zs/NPC/mTable4/01/PC2/Camera",
		type = CAMERA,
		template_name = "",
		lt_grp = 0, srt_grp = 0, usr_flg = 0,
		flags = HIDDEN,
		spatialprops =
		{
			pos = { -3.534001, 0.263545, 3.055198 },
			orient = { {  0.779344,  0.000000, -0.626596 },
					   { -0.035786,  0.998368, -0.044509 },
					   {  0.625573,  0.057111,  0.778072 } }
		},
		cameraprops =
		{
			fovh = 30,
			hvaspect = 1.85,
			nearplane = 0.3,
			farplane = 4000
		}
	},

	{
		entity_name = "Zs/NPC/mTable4/01/PCO/Camera",
		type = CAMERA,
		template_name = "",
		lt_grp = 0, srt_grp = 0, usr_flg = 0,
		flags = HIDDEN,
		spatialprops =
		{
			pos = { -3.426207, 0.108249, 1.299541 },
			orient = { { -0.117392,  0.000000, -0.993086 },
					   {  0.115447,  0.993220, -0.013647 },
					   {  0.986352, -0.116251, -0.116596 } }
		},
		cameraprops =
		{
			fovh = 20,
			hvaspect = 1.85,
			nearplane = 0.3,
			farplane = 4000
		}
	},

	{
		entity_name = "Zs/NPC/mTable4/01/PCS/Camera",
		type = CAMERA,
		template_name = "",
		lt_grp = 0, srt_grp = 0, usr_flg = 0,
		flags = HIDDEN,
		spatialprops =
		{
			pos = { -4.063877, 0.398046, 1.6603 },
			orient = { { -0.040558,  0.000000, -0.999177 },
					   {  0.061599,  0.998098, -0.002500 },
					   {  0.997277, -0.061650, -0.040481 } }
		},
		cameraprops =
		{
			fovh = 20,
			hvaspect = 1.85,
			nearplane = 0.3,
			farplane = 4000
		}
	},

	{
		entity_name = "Zs/NPC/mTable4/01/PCU/Camera",
		type = CAMERA,
		template_name = "",
		lt_grp = 0, srt_grp = 0, usr_flg = 0,
		flags = HIDDEN,
		spatialprops =
		{
			pos = { -4.62063, 0.526181, 1.715748 },
			orient = { { -0.129917,  0.000000, -0.991525 },
					   {  0.064212,  0.997901, -0.008414 },
					   {  0.989443, -0.064761, -0.129645 } }
		},
		cameraprops =
		{
			fovh = 20,
			hvaspect = 1.85,
			nearplane = 0.3,
			farplane = 4000
		}
	},

	{
		entity_name = "Zs/NPC/mTable4/01/TCI/Camera",
		type = CAMERA,
		template_name = "",
		lt_grp = 0, srt_grp = 0, usr_flg = 0,
		flags = HIDDEN,
		spatialprops =
		{
			pos = { -5.396625, 0.865958, 2.249177 },
			orient = { {  0.808263,  0.000000,  0.588822 },
					   {  0.393372,  0.744102, -0.539973 },
					   { -0.438144,  0.668066,  0.601430 } }
		},
		cameraprops =
		{
			fovh = 15,
			hvaspect = 1.85,
			nearplane = 0.3,
			farplane = 4000
		}
	},

	{
		entity_name = "Zs/NPC/mTable4/01/WFC/Camera",
		type = CAMERA,
		template_name = "",
		lt_grp = 0, srt_grp = 0, usr_flg = 0,
		flags = HIDDEN,
		spatialprops =
		{
			pos = { -3.356699, -0.126347, 3.452339 },
			orient = { {  0.761362, -0.037859, -0.647221 },
					   {  0.155679,  0.979761,  0.125824 },
					   {  0.629359, -0.196556,  0.751847 } }
		},
		cameraprops =
		{
			fovh = 30,
			hvaspect = 1.85,
			nearplane = 0.3,
			farplane = 4000
		}
	},

	{
		entity_name = "Zs/NPC/mTable4/03/AC2/Camera",
		type = CAMERA,
		template_name = "",
		lt_grp = 0, srt_grp = 0, usr_flg = 0,
		flags = HIDDEN,
		spatialprops =
		{
			pos = { 3.10447, 0.687868, 3.445331 },
			orient = { {  0.955321,  0.000000, -0.295569 },
					   { -0.068706,  0.972607, -0.222068 },
					   {  0.287472,  0.232454,  0.929153 } }
		},
		cameraprops =
		{
			fovh = 30,
			hvaspect = 1.85,
			nearplane = 0.3,
			farplane = 4000
		}
	},

	{
		entity_name = "Zs/NPC/mTable4/03/P2/Stand",
		type = MARKER,
		template_name = "",
		lt_grp = 0, srt_grp = 0, usr_flg = 0,
		spatialprops =
		{
			pos = { 1.73437, -1.046395, 1.954444 },
			orient = { {  0.485360,  0.000000,  0.874314 },
					   {  0.000000,  1.000000,  0.000000 },
					   { -0.874314,  0.000000,  0.485360 } }
		}
	},

	{
		entity_name = "Zs/NPC/mTable4/03/ACOH/Camera",
		type = CAMERA,
		template_name = "",
		lt_grp = 0, srt_grp = 0, usr_flg = 0,
		flags = HIDDEN,
		spatialprops =
		{
			pos = { 1.443226, 0.875375, 2.434303 },
			orient = { {  0.689036,  0.000000,  0.724727 },
					   {  0.296211,  0.912659, -0.281624 },
					   { -0.661429,  0.408721,  0.628856 } }
		},
		cameraprops =
		{
			fovh = 20,
			hvaspect = 1.85,
			nearplane = 0.3,
			farplane = 4000
		}
	},

	{
		entity_name = "Zs/NPC/mTable4/03/ACOL/Camera",
		type = CAMERA,
		template_name = "",
		lt_grp = 0, srt_grp = 0, usr_flg = 0,
		flags = HIDDEN,
		spatialprops =
		{
			pos = { 1.571326, 0.411805, 2.733685 },
			orient = { {  0.777302,  0.000000,  0.629128 },
					   {  0.124670,  0.980169, -0.154032 },
					   { -0.616651,  0.198163,  0.761887 } }
		},
		cameraprops =
		{
			fovh = 20,
			hvaspect = 1.85,
			nearplane = 0.3,
			farplane = 4000
		}
	},

	{
		entity_name = "Zs/NPC/mTable4/03/ACS/Camera",
		type = CAMERA,
		template_name = "",
		lt_grp = 0, srt_grp = 0, usr_flg = 0,
		flags = HIDDEN,
		spatialprops =
		{
			pos = { 1.851674, 0.348629, 2.128899 },
			orient = { {  0.634905,  0.000000,  0.772590 },
					   {  0.144340,  0.982393, -0.118617 },
					   { -0.758987,  0.186826,  0.623726 } }
		},
		cameraprops =
		{
			fovh = 20,
			hvaspect = 1.85,
			nearplane = 0.3,
			farplane = 4000
		}
	},

	{
		entity_name = "Zs/NPC/mTable4/03/PC2/Camera",
		type = CAMERA,
		template_name = "",
		lt_grp = 0, srt_grp = 0, usr_flg = 0,
		flags = HIDDEN,
		spatialprops =
		{
			pos = { 3.884353, 0.293337, 3.129201 },
			orient = { {  0.785178,  0.000000, -0.619270 },
					   { -0.051453,  0.996542, -0.065238 },
					   {  0.617129,  0.083087,  0.782463 } }
		},
		cameraprops =
		{
			fovh = 30,
			hvaspect = 1.85,
			nearplane = 0.3,
			farplane = 4000
		}
	},

	{
		entity_name = "Zs/NPC/mTable4/03/PCO/Camera",
		type = CAMERA,
		template_name = "",
		lt_grp = 0, srt_grp = 0, usr_flg = 0,
		flags = HIDDEN,
		spatialprops =
		{
			pos = { 3.911829, 0.118248, 1.305397 },
			orient = { { -0.108631,  0.000000, -0.994082 },
					   {  0.115566,  0.993219, -0.012629 },
					   {  0.987342, -0.116254, -0.107894 } }
		},
		cameraprops =
		{
			fovh = 20,
			hvaspect = 1.85,
			nearplane = 0.3,
			farplane = 4000
		}
	},

	{
		entity_name = "Zs/NPC/mTable4/03/PCS/Camera",
		type = CAMERA,
		template_name = "",
		lt_grp = 0, srt_grp = 0, usr_flg = 0,
		flags = HIDDEN,
		spatialprops =
		{
			pos = { 3.258843, 0.454853, 1.574737 },
			orient = { { -0.097169,  0.000000, -0.995268 },
					   {  0.022313,  0.999749, -0.002178 },
					   {  0.995018, -0.022419, -0.097144 } }
		},
		cameraprops =
		{
			fovh = 20,
			hvaspect = 1.85,
			nearplane = 0.3,
			farplane = 4000
		}
	},

	{
		entity_name = "Zs/NPC/mTable4/03/PCU/Camera",
		type = CAMERA,
		template_name = "",
		lt_grp = 0, srt_grp = 0, usr_flg = 0,
		flags = HIDDEN,
		spatialprops =
		{
			pos = { 2.730361, 0.552207, 1.695422 },
			orient = { { -0.151508,  0.000000, -0.988456 },
					   {  0.029548,  0.999553, -0.004529 },
					   {  0.988014, -0.029893, -0.151440 } }
		},
		cameraprops =
		{
			fovh = 20,
			hvaspect = 1.85,
			nearplane = 0.3,
			farplane = 4000
		}
	},

	{
		entity_name = "Zs/NPC/mTable4/03/TCI/Camera",
		type = CAMERA,
		template_name = "",
		lt_grp = 0, srt_grp = 0, usr_flg = 0,
		flags = HIDDEN,
		spatialprops =
		{
			pos = { 2.095461, 0.653236, 2.505063 },
			orient = { {  0.909755,  0.000000,  0.415146 },
					   {  0.229180,  0.833813, -0.502228 },
					   { -0.346154,  0.552047,  0.758565 } }
		},
		cameraprops =
		{
			fovh = 15,
			hvaspect = 1.85,
			nearplane = 0.3,
			farplane = 4000
		}
	},

	{
		entity_name = "Zs/NPC/mTable4/03/WFC/Camera",
		type = CAMERA,
		template_name = "",
		lt_grp = 0, srt_grp = 0, usr_flg = 0,
		flags = HIDDEN,
		spatialprops =
		{
			pos = { 5.549259, 0.281183, 6.658348 },
			orient = { {  0.691611,  0.000000, -0.722270 },
					   {  0.004302,  0.999982,  0.004119 },
					   {  0.722258, -0.005956,  0.691598 } }
		},
		cameraprops =
		{
			fovh = 30,
			hvaspect = 1.85,
			nearplane = 0.3,
			farplane = 4000
		}
	},

	{
		entity_name = "Zs/NPC/mTable4/02/P2/Stand",
		type = MARKER,
		template_name = "",
		lt_grp = 0, srt_grp = 0, usr_flg = 0,
		spatialprops =
		{
			pos = { -3.100161, -1.046395, 1.954444 },
			orient = { {  0.485360,  0.000000,  0.874314 },
					   {  0.000000,  1.000000,  0.000000 },
					   { -0.874314,  0.000000,  0.485360 } }
		}
	},

	{
		entity_name = "Zs/NPC/mTable4/02/AC2/Camera",
		type = CAMERA,
		template_name = "",
		lt_grp = 0, srt_grp = 0, usr_flg = 0,
		flags = HIDDEN,
		spatialprops =
		{
			pos = { -2.106231, 0.691332, 3.365725 },
			orient = { {  0.975055,  0.000000, -0.221964 },
					   { -0.051357,  0.972865, -0.225603 },
					   {  0.215941,  0.231375,  0.948596 } }
		},
		cameraprops =
		{
			fovh = 30,
			hvaspect = 1.85,
			nearplane = 0.3,
			farplane = 4000
		}
	},

	{
		entity_name = "Zs/NPC/mTable4/02/ACOL/Camera",
		type = CAMERA,
		template_name = "",
		lt_grp = 0, srt_grp = 0, usr_flg = 0,
		flags = HIDDEN,
		spatialprops =
		{
			pos = { -3.084368, 0.365198, 2.808925 },
			orient = { {  0.922071,  0.000000,  0.387021 },
					   {  0.069713,  0.983643, -0.166090 },
					   { -0.380691,  0.180127,  0.906989 } }
		},
		cameraprops =
		{
			fovh = 20,
			hvaspect = 1.85,
			nearplane = 0.3,
			farplane = 4000
		}
	},

	{
		entity_name = "Zs/NPC/mTable4/02/ACS/Camera",
		type = CAMERA,
		template_name = "",
		lt_grp = 0, srt_grp = 0, usr_flg = 0,
		flags = HIDDEN,
		spatialprops =
		{
			pos = { -2.582498, 0.305119, 1.819272 },
			orient = { {  0.869936,  0.000000,  0.493164 },
					   {  0.080482,  0.986594, -0.141970 },
					   { -0.486553,  0.163196,  0.858274 } }
		},
		cameraprops =
		{
			fovh = 20,
			hvaspect = 1.85,
			nearplane = 0.3,
			farplane = 4000
		}
	},

	{
		entity_name = "Zs/NPC/mTable4/02/PC2/Camera",
		type = CAMERA,
		template_name = "",
		lt_grp = 0, srt_grp = 0, usr_flg = 0,
		flags = HIDDEN,
		spatialprops =
		{
			pos = { -0.352096, 0.419931, 2.41567 },
			orient = { {  0.526827,  0.000000, -0.849973 },
					   { -0.123079,  0.989461, -0.076286 },
					   {  0.841015,  0.144803,  0.521274 } }
		},
		cameraprops =
		{
			fovh = 30,
			hvaspect = 1.85,
			nearplane = 0.3,
			farplane = 4000
		}
	},

	{
		entity_name = "Zs/NPC/mTable4/02/PCO/Camera",
		type = CAMERA,
		template_name = "",
		lt_grp = 0, srt_grp = 0, usr_flg = 0,
		flags = HIDDEN,
		spatialprops =
		{
			pos = { -1.046329, 0.148435, 0.428887 },
			orient = { { -0.450941,  0.000000, -0.892554 },
					   {  0.060632,  0.997690, -0.030633 },
					   {  0.890492, -0.067930, -0.449899 } }
		},
		cameraprops =
		{
			fovh = 20,
			hvaspect = 1.85,
			nearplane = 0.3,
			farplane = 4000
		}
	},

	{
		entity_name = "Zs/NPC/mTable4/02/PCS/Camera",
		type = CAMERA,
		template_name = "",
		lt_grp = 0, srt_grp = 0, usr_flg = 0,
		flags = HIDDEN,
		spatialprops =
		{
			pos = { -1.574119, 0.434391, 1.156623 },
			orient = { { -0.339429,  0.000000, -0.940632 },
					   {  0.021162,  0.999747, -0.007636 },
					   {  0.940394, -0.022497, -0.339343 } }
		},
		cameraprops =
		{
			fovh = 20,
			hvaspect = 1.85,
			nearplane = 0.3,
			farplane = 4000
		}
	},

	{
		entity_name = "Zs/NPC/mTable4/02/PCU/Camera",
		type = CAMERA,
		template_name = "",
		lt_grp = 0, srt_grp = 0, usr_flg = 0,
		flags = HIDDEN,
		spatialprops =
		{
			pos = { -2.216925, 0.526842, 1.493826 },
			orient = { { -0.366203,  0.000000, -0.930535 },
					   {  0.064407,  0.997602, -0.025347 },
					   {  0.928304, -0.069215, -0.365324 } }
		},
		cameraprops =
		{
			fovh = 20,
			hvaspect = 1.85,
			nearplane = 0.3,
			farplane = 4000
		}
	},

	{
		entity_name = "Zs/NPC/mTable4/02/TCI/Camera",
		type = CAMERA,
		template_name = "",
		lt_grp = 0, srt_grp = 0, usr_flg = 0,
		flags = HIDDEN,
		spatialprops =
		{
			pos = { -2.905352, 1.007561, 2.258039 },
			orient = { {  0.952125,  0.000000,  0.305708 },
					   {  0.185670,  0.794439, -0.578268 },
					   { -0.242867,  0.607345,  0.756405 } }
		},
		cameraprops =
		{
			fovh = 15,
			hvaspect = 1.85,
			nearplane = 0.3,
			farplane = 4000
		}
	},

	{
		entity_name = "Zs/NPC/mTable4/02/WFC/Camera",
		type = CAMERA,
		template_name = "",
		lt_grp = 0, srt_grp = 0, usr_flg = 0,
		flags = HIDDEN,
		spatialprops =
		{
			pos = { 0.86262, 3.918845, 2.394884 },
			orient = { {  0.028197,  0.000000, -0.999602 },
					   { -0.710797,  0.703111, -0.020051 },
					   {  0.702832,  0.711080,  0.019826 } }
		},
		cameraprops =
		{
			fovh = 30,
			hvaspect = 1.85,
			nearplane = 0.3,
			farplane = 4000
		}
	},

	{
		entity_name = "Zs/NPC/mTable4/02/ACOH/Camera",
		type = CAMERA,
		template_name = "",
		lt_grp = 0, srt_grp = 0, usr_flg = 0,
		flags = HIDDEN,
		spatialprops =
		{
			pos = { -3.230622, 0.856404, 2.526619 },
			orient = { {  0.877266,  0.000000,  0.480005 },
					   {  0.183256,  0.924254, -0.334922 },
					   { -0.443646,  0.381779,  0.810816 } }
		},
		cameraprops =
		{
			fovh = 20,
			hvaspect = 1.85,
			nearplane = 0.3,
			farplane = 4000
		}
	},

	{
		entity_name = "Zs/NPC/mTable4/04/P2/Stand",
		type = MARKER,
		template_name = "",
		lt_grp = 0, srt_grp = 0, usr_flg = 0,
		spatialprops =
		{
			pos = { 4.042285, -1.046395, 1.954444 },
			orient = { {  0.485360,  0.000000,  0.874314 },
					   {  0.000000,  1.000000,  0.000000 },
					   { -0.874314,  0.000000,  0.485360 } }
		}
	},

	{
		entity_name = "Zs/NPC/mTable4/04/AC2/Camera",
		type = CAMERA,
		template_name = "",
		lt_grp = 0, srt_grp = 0, usr_flg = 0,
		flags = HIDDEN,
		spatialprops =
		{
			pos = { 5.16935, 0.694876, 3.49515 },
			orient = { {  0.974164,  0.000000, -0.225841 },
					   { -0.054145,  0.970835, -0.233555 },
					   {  0.219255,  0.239749,  0.945752 } }
		},
		cameraprops =
		{
			fovh = 30,
			hvaspect = 1.85,
			nearplane = 0.3,
			farplane = 4000
		}
	},

	{
		entity_name = "Zs/NPC/mTable4/04/ACOH/Camera",
		type = CAMERA,
		template_name = "",
		lt_grp = 0, srt_grp = 0, usr_flg = 0,
		flags = HIDDEN,
		spatialprops =
		{
			pos = { 3.890965, 0.8726, 2.57058 },
			orient = { {  0.863247,  0.000000,  0.504782 },
					   {  0.186553,  0.929202, -0.319031 },
					   { -0.469045,  0.369571,  0.802131 } }
		},
		cameraprops =
		{
			fovh = 20,
			hvaspect = 1.85,
			nearplane = 0.3,
			farplane = 4000
		}
	},

	{
		entity_name = "Zs/NPC/mTable4/04/ACOL/Camera",
		type = CAMERA,
		template_name = "",
		lt_grp = 0, srt_grp = 0, usr_flg = 0,
		flags = HIDDEN,
		spatialprops =
		{
			pos = { 4.006032, 0.348329, 2.791912 },
			orient = { {  0.890298,  0.000000,  0.455379 },
					   {  0.082025,  0.983644, -0.160366 },
					   { -0.447931,  0.180126,  0.875736 } }
		},
		cameraprops =
		{
			fovh = 20,
			hvaspect = 1.85,
			nearplane = 0.3,
			farplane = 4000
		}
	},

	{
		entity_name = "Zs/NPC/mTable4/04/ACS/Camera",
		type = CAMERA,
		template_name = "",
		lt_grp = 0, srt_grp = 0, usr_flg = 0,
		flags = HIDDEN,
		spatialprops =
		{
			pos = { 4.785705, 0.330058, 1.892449 },
			orient = { {  0.895500,  0.000000,  0.445062 },
					   {  0.078483,  0.984329, -0.157914 },
					   { -0.438087,  0.176342,  0.881466 } }
		},
		cameraprops =
		{
			fovh = 20,
			hvaspect = 1.85,
			nearplane = 0.3,
			farplane = 4000
		}
	},

	{
		entity_name = "Zs/NPC/mTable4/04/PC2/Camera",
		type = CAMERA,
		template_name = "",
		lt_grp = 0, srt_grp = 0, usr_flg = 0,
		flags = HIDDEN,
		spatialprops =
		{
			pos = { 7.046509, 0.466697, 2.511786 },
			orient = { {  0.534381,  0.000000, -0.845244 },
					   { -0.140645,  0.986059, -0.088918 },
					   {  0.833460,  0.166395,  0.526931 } }
		},
		cameraprops =
		{
			fovh = 30,
			hvaspect = 1.85,
			nearplane = 0.3,
			farplane = 4000
		}
	},

	{
		entity_name = "Zs/NPC/mTable4/04/PCO/Camera",
		type = CAMERA,
		template_name = "",
		lt_grp = 0, srt_grp = 0, usr_flg = 0,
		flags = HIDDEN,
		spatialprops =
		{
			pos = { 6.289285, 0.156287, 0.47402 },
			orient = { { -0.403583,  0.000000, -0.914943 },
					   {  0.046218,  0.998723, -0.020387 },
					   {  0.913775, -0.050514, -0.403067 } }
		},
		cameraprops =
		{
			fovh = 20,
			hvaspect = 1.85,
			nearplane = 0.3,
			farplane = 4000
		}
	},

	{
		entity_name = "Zs/NPC/mTable4/04/PCS/Camera",
		type = CAMERA,
		template_name = "",
		lt_grp = 0, srt_grp = 0, usr_flg = 0,
		flags = HIDDEN,
		spatialprops =
		{
			pos = { 5.487599, 0.426304, 1.310135 },
			orient = { { -0.277197,  0.000000, -0.960813 },
					   {  0.042560,  0.999018, -0.012279 },
					   {  0.959870, -0.044295, -0.276924 } }
		},
		cameraprops =
		{
			fovh = 20,
			hvaspect = 1.85,
			nearplane = 0.3,
			farplane = 4000
		}
	},

	{
		entity_name = "Zs/NPC/mTable4/04/PCU/Camera",
		type = CAMERA,
		template_name = "",
		lt_grp = 0, srt_grp = 0, usr_flg = 0,
		flags = HIDDEN,
		spatialprops =
		{
			pos = { 4.956823, 0.527647, 1.495704 },
			orient = { { -0.349907,  0.000000, -0.936784 },
					   {  0.056679,  0.998168, -0.021171 },
					   {  0.935068, -0.060504, -0.349266 } }
		},
		cameraprops =
		{
			fovh = 20,
			hvaspect = 1.85,
			nearplane = 0.3,
			farplane = 4000
		}
	},

	{
		entity_name = "Zs/NPC/mTable4/04/TCI/Camera",
		type = CAMERA,
		template_name = "",
		lt_grp = 0, srt_grp = 0, usr_flg = 0,
		flags = HIDDEN,
		spatialprops =
		{
			pos = { 4.273439, 1.046211, 1.955408 },
			orient = { {  0.886458,  0.000000,  0.462809 },
					   {  0.300090,  0.761291, -0.574789 },
					   { -0.352333,  0.648410,  0.674852 } }
		},
		cameraprops =
		{
			fovh = 15,
			hvaspect = 1.85,
			nearplane = 0.3,
			farplane = 4000
		}
	},

	{
		entity_name = "Zs/NPC/mTable4/04/WFC/Camera",
		type = CAMERA,
		template_name = "",
		lt_grp = 0, srt_grp = 0, usr_flg = 0,
		flags = HIDDEN,
		spatialprops =
		{
			pos = { 8.552332, 1.211444, 4.810847 },
			orient = { {  0.496881,  0.000000, -0.867819 },
					   { -0.295054,  0.940427, -0.168937 },
					   {  0.816120,  0.339995,  0.467280 } }
		},
		cameraprops =
		{
			fovh = 30,
			hvaspect = 1.85,
			nearplane = 0.3,
			farplane = 4000
		}
	},

	{
		entity_name = "Zs/NPC/mFloor2/01/AC2/Camera",
		type = CAMERA,
		template_name = "",
		lt_grp = 0, srt_grp = 0, usr_flg = 0,
		flags = HIDDEN,
		spatialprops =
		{
			pos = { -2.673468, 1.690829, 0.34185 },
			orient = { {  0.961900,  0.000000, -0.273403 },
					   { -0.050869,  0.982539, -0.178968 },
					   {  0.268629,  0.186057,  0.945104 } }
		},
		cameraprops =
		{
			fovh = 30,
			hvaspect = 1.85,
			nearplane = 0.3,
			farplane = 4000
		}
	},

	{
		entity_name = "Zs/NPC/mFloor2/01/ACOH/Camera",
		type = CAMERA,
		template_name = "",
		lt_grp = 0, srt_grp = 0, usr_flg = 0,
		flags = HIDDEN,
		spatialprops =
		{
			pos = { -3.497768, 1.767698, -0.270825 },
			orient = { {  0.940175,  0.000000,  0.340693 },
					   {  0.065301,  0.981459, -0.180203 },
					   { -0.334376,  0.191670,  0.922743 } }
		},
		cameraprops =
		{
			fovh = 25,
			hvaspect = 1.85,
			nearplane = 0.3,
			farplane = 4000
		}
	},

	{
		entity_name = "Zs/NPC/mFloor2/01/ACS/Camera",
		type = CAMERA,
		template_name = "",
		lt_grp = 0, srt_grp = 0, usr_flg = 0,
		flags = HIDDEN,
		spatialprops =
		{
			pos = { -3.194697, 1.635393, -0.639434 },
			orient = { {  0.932982,  0.000000,  0.359923 },
					   {  0.024515,  0.997678, -0.063546 },
					   { -0.359087,  0.068111,  0.930815 } }
		},
		cameraprops =
		{
			fovh = 25,
			hvaspect = 1.85,
			nearplane = 0.3,
			farplane = 4000
		}
	},

	{
		entity_name = "Zs/NPC/mFloor2/01/ACU/Camera",
		type = CAMERA,
		template_name = "",
		lt_grp = 0, srt_grp = 0, usr_flg = 0,
		flags = HIDDEN,
		spatialprops =
		{
			pos = { -2.942567, 1.676433, -0.990946 },
			orient = { {  0.918845,  0.000000,  0.394618 },
					   {  0.011351,  0.999586, -0.026431 },
					   { -0.394455,  0.028766,  0.918465 } }
		},
		cameraprops =
		{
			fovh = 25,
			hvaspect = 1.85,
			nearplane = 0.3,
			farplane = 4000
		}
	},

	{
		entity_name = "Zs/NPC/mFloor2/01/PC2/Camera",
		type = CAMERA,
		template_name = "",
		lt_grp = 0, srt_grp = 0, usr_flg = 0,
		flags = HIDDEN,
		spatialprops =
		{
			pos = { -1.531828, 1.731246, -0.816365 },
			orient = { {  0.326589,  0.000000, -0.945167 },
					   { -0.197297,  0.977970, -0.068173 },
					   {  0.924345,  0.208743,  0.319394 } }
		},
		cameraprops =
		{
			fovh = 30,
			hvaspect = 1.85,
			nearplane = 0.3,
			farplane = 4000
		}
	},

	{
		entity_name = "Zs/NPC/mFloor2/01/PCO/Camera",
		type = CAMERA,
		template_name = "",
		lt_grp = 0, srt_grp = 0, usr_flg = 0,
		flags = HIDDEN,
		spatialprops =
		{
			pos = { -1.985804, 1.763487, -1.704847 },
			orient = { { -0.304963,  0.000000, -0.952364 },
					   { -0.178534,  0.982271,  0.057170 },
					   {  0.935480,  0.187464, -0.299556 } }
		},
		cameraprops =
		{
			fovh = 25,
			hvaspect = 1.85,
			nearplane = 0.3,
			farplane = 4000
		}
	},

	{
		entity_name = "Zs/NPC/mFloor2/01/PCS/Camera",
		type = CAMERA,
		template_name = "",
		lt_grp = 0, srt_grp = 0, usr_flg = 0,
		flags = HIDDEN,
		spatialprops =
		{
			pos = { -2.408722, 1.679143, -1.377485 },
			orient = { { -0.279137,  0.000000, -0.960251 },
					   { -0.107928,  0.993663,  0.031374 },
					   {  0.954167,  0.112396, -0.277368 } }
		},
		cameraprops =
		{
			fovh = 25,
			hvaspect = 1.85,
			nearplane = 0.3,
			farplane = 4000
		}
	},

	{
		entity_name = "Zs/NPC/mFloor2/01/PCU/Camera",
		type = CAMERA,
		template_name = "",
		lt_grp = 0, srt_grp = 0, usr_flg = 0,
		flags = HIDDEN,
		spatialprops =
		{
			pos = { -2.774405, 1.707833, -1.15785 },
			orient = { { -0.332896,  0.000000, -0.942963 },
					   { -0.073132,  0.996988,  0.025818 },
					   {  0.940123,  0.077556, -0.331894 } }
		},
		cameraprops =
		{
			fovh = 25,
			hvaspect = 1.85,
			nearplane = 0.3,
			farplane = 4000
		}
	},

	{
		entity_name = "Zs/NPC/mFloor2/01/TCI/Camera",
		type = CAMERA,
		template_name = "",
		lt_grp = 0, srt_grp = 0, usr_flg = 0,
		flags = HIDDEN,
		spatialprops =
		{
			pos = { -2.892091, 1.906189, -0.488134 },
			orient = { {  0.989812,  0.000000,  0.142383 },
					   {  0.095106,  0.744195, -0.661157 },
					   { -0.105960,  0.667962,  0.736613 } }
		},
		cameraprops =
		{
			fovh = 15,
			hvaspect = 1.85,
			nearplane = 0.3,
			farplane = 4000
		}
	},

	{
		entity_name = "Zs/NPC/mFloor2/01/WFC/Camera",
		type = CAMERA,
		template_name = "",
		lt_grp = 0, srt_grp = 0, usr_flg = 0,
		flags = HIDDEN,
		spatialprops =
		{
			pos = { -0.588826, 0.28427, 1.189546 },
			orient = { {  0.709006,  0.000000, -0.705203 },
					   {  0.188823,  0.963486,  0.189841 },
					   {  0.679453, -0.267757,  0.683117 } }
		},
		cameraprops =
		{
			fovh = 30,
			hvaspect = 1.85,
			nearplane = 0.3,
			farplane = 4000
		}
	},

	{
		entity_name = "Zs/NPC/mFloor2/01/P2/Stand",
		type = MARKER,
		template_name = "",
		lt_grp = 0, srt_grp = 0, usr_flg = 0,
		spatialprops =
		{
			pos = { -3.483643, 0, -0.806275 },
			orient = { {  0.452972,  0.000000,  0.891525 },
					   {  0.000000,  1.000000,  0.000000 },
					   { -0.891525,  0.000000,  0.452972 } }
		}
	},

	{
		entity_name = "Zs/NPC/mTable4/01/Prop",
		type = MARKER,
		template_name = "",
		lt_grp = 0, srt_grp = 0, usr_flg = 0,
		spatialprops =
		{
			pos = { -4.662889, -0.252818, 1.241994 },
			orient = { {  0.588577,  0.000000,  0.808441 },
					   {  0.000000,  1.000000,  0.000000 },
					   { -0.808441,  0.000000,  0.588577 } }
		}
	},

	{
		entity_name = "Zs/NPC/mTable4/03/Prop",
		type = MARKER,
		template_name = "",
		lt_grp = 0, srt_grp = 0, usr_flg = 0,
		spatialprops =
		{
			pos = { 2.662469, -0.25103, 1.262517 },
			orient = { {  0.630146,  0.000000,  0.776477 },
					   {  0.000000,  1.000000,  0.000000 },
					   { -0.776477,  0.000000,  0.630146 } }
		}
	},

	{
		entity_name = "Zs/NPC/mTable4/04/Prop",
		type = MARKER,
		template_name = "",
		lt_grp = 0, srt_grp = 0, usr_flg = 0,
		spatialprops =
		{
			pos = { 4.97838, -0.251114, 0.60518 },
			orient = { {  0.837021,  0.000000,  0.547171 },
					   {  0.000000,  1.000000,  0.000000 },
					   { -0.547171,  0.000000,  0.837021 } }
		}
	},

	{
		entity_name = "Zs/NPC/mTable4/02/Prop",
		type = MARKER,
		template_name = "",
		lt_grp = 0, srt_grp = 0, usr_flg = 0,
		spatialprops =
		{
			pos = { -2.402042, -0.251081, 0.690488 },
			orient = { {  0.882425,  0.000000,  0.470453 },
					   {  0.000000,  1.000000,  0.000000 },
					   { -0.470453,  0.000000,  0.882425 } }
		}
	},

	{
		entity_name = "Zs/NPC/mFloor2/01/P/Stand",
		type = MARKER,
		template_name = "",
		lt_grp = 0, srt_grp = 0, usr_flg = 0,
		spatialprops =
		{
			pos = { -3.924472, 0, -0.545966 },
			orient = { {  0.452972,  0.000000,  0.891525 },
					   {  0.000000,  1.000000,  0.000000 },
					   { -0.891525,  0.000000,  0.452972 } }
		}
	},

	{
		entity_name = "Zs/NPC/mTable4/01/P/Stand",
		type = MARKER,
		template_name = "",
		lt_grp = 0, srt_grp = 0, usr_flg = 0,
		spatialprops =
		{
			pos = { -6.035131, -1.051438, 2.208868 },
			orient = { {  0.441978,  0.000000,  0.897026 },
					   {  0.000000,  1.000000,  0.000000 },
					   { -0.897026,  0.000000,  0.441978 } }
		}
	},

	{
		entity_name = "Zs/NPC/mTable4/02/P/Stand",
		type = MARKER,
		template_name = "",
		lt_grp = 0, srt_grp = 0, usr_flg = 0,
		spatialprops =
		{
			pos = { -3.528464, -1.051795, 2.238416 },
			orient = { {  0.485360,  0.000000,  0.874314 },
					   {  0.000000,  1.000000,  0.000000 },
					   { -0.874314,  0.000000,  0.485360 } }
		}
	},

	{
		entity_name = "Zs/NPC/mTable4/03/P/Stand",
		type = MARKER,
		template_name = "",
		lt_grp = 0, srt_grp = 0, usr_flg = 0,
		spatialprops =
		{
			pos = { 1.306067, -1.051795, 2.238416 },
			orient = { {  0.485360,  0.000000,  0.874314 },
					   {  0.000000,  1.000000,  0.000000 },
					   { -0.874314,  0.000000,  0.485360 } }
		}
	},

	{
		entity_name = "Zs/NPC/mTable4/04/P/Stand",
		type = MARKER,
		template_name = "",
		lt_grp = 0, srt_grp = 0, usr_flg = 0,
		spatialprops =
		{
			pos = { 3.613982, -1.051795, 2.238416 },
			orient = { {  0.485360,  0.000000,  0.874314 },
					   {  0.000000,  1.000000,  0.000000 },
					   { -0.874314,  0.000000,  0.485360 } }
		}
	},

	{
		entity_name = "Zs/NPC/mTable4/01/ACU/Camera",
		type = CAMERA,
		template_name = "",
		lt_grp = 0, srt_grp = 0, usr_flg = 0,
		flags = HIDDEN,
		spatialprops =
		{
			pos = { -4.778559, 0.316211, 1.830564 },
			orient = { {  0.760762,  0.000000,  0.649032 },
					   {  0.112680,  0.984814, -0.132078 },
					   { -0.639175,  0.173612,  0.749209 } }
		},
		cameraprops =
		{
			fovh = 20,
			hvaspect = 1.85,
			nearplane = 0.3,
			farplane = 4000
		}
	},

	{
		entity_name = "Zs/NPC/mTable4/03/ACU/Camera",
		type = CAMERA,
		template_name = "",
		lt_grp = 0, srt_grp = 0, usr_flg = 0,
		flags = HIDDEN,
		spatialprops =
		{
			pos = { 2.573832, 0.326342, 1.794989 },
			orient = { {  0.710345,  0.000000,  0.703854 },
					   {  0.131324,  0.982440, -0.132535 },
					   { -0.691494,  0.186578,  0.697871 } }
		},
		cameraprops =
		{
			fovh = 20,
			hvaspect = 1.85,
			nearplane = 0.3,
			farplane = 4000
		}
	},

	{
		entity_name = "Zs/NPC/mTable4/02/ACU/Camera",
		type = CAMERA,
		template_name = "",
		lt_grp = 0, srt_grp = 0, usr_flg = 0,
		flags = HIDDEN,
		spatialprops =
		{
			pos = { -2.190116, 0.261346, 1.343962 },
			orient = { {  0.892755,  0.000000,  0.450542 },
					   {  0.050082,  0.993803, -0.099238 },
					   { -0.447750,  0.111160,  0.887222 } }
		},
		cameraprops =
		{
			fovh = 20,
			hvaspect = 1.85,
			nearplane = 0.3,
			farplane = 4000
		}
	},

	{
		entity_name = "Zs/NPC/mTable4/04/ACU/Camera",
		type = CAMERA,
		template_name = "",
		lt_grp = 0, srt_grp = 0, usr_flg = 0,
		flags = HIDDEN,
		spatialprops =
		{
			pos = { 5.140981, 0.292748, 1.383691 },
			orient = { {  0.908841,  0.000000,  0.417143 },
					   {  0.062609,  0.988672, -0.136408 },
					   { -0.412417,  0.150090,  0.898546 } }
		},
		cameraprops =
		{
			fovh = 20,
			hvaspect = 1.85,
			nearplane = 0.3,
			farplane = 4000
		}
	},

	{
		entity_name = "Zs/NPC/Bartender/01/AC2/Camera",
		type = CAMERA,
		template_name = "",
		lt_grp = 0, srt_grp = 0, usr_flg = 0,
