duration = 3.218;

entities =
{

	{
		entity_name = "Layer_rh_02_bar_enter_01",
		type = SCENE,
		template_name = "",
		lt_grp = 0, srt_grp = 0, usr_flg = 0,
		spatialprops =
		{
			pos = { 0, 0, 0 },
			orient = { { 1, 0, 0 }, { 0, 1, 0 }, { 0, 0, 1 } }
		},
		up = Y_AXIS,
		front = Z_AXIS,
		ambient = { 0, 0, 0 }
	},

	{
		entity_name = "Char_trent",
		type = DEFORMABLE,
		template_name = "trent",
		lt_grp = 0, srt_grp = 0, usr_flg = 0,
		flags = LIT_DYNAMIC,
		spatialprops =
		{
			pos = { -4.814048, 0, 2.173411 },
			orient = { {  0.045786,  0.000000,  0.998951 },
					   {  0.000000,  1.000000,  0.000000 },
					   { -0.998951,  0.000000,  0.045786 } }
		},
		compoundprops =
		{
			floor_height = 0
		},
		userprops =
		{
			actor = "player",
			category = "Character",
		}
	},

	{
		entity_name = "Zg/PC/Player/01/A/Stand",
		type = MARKER,
		template_name = "",
		lt_grp = 0, srt_grp = 0, usr_flg = 0,
		flags = REFERENCE,
		spatialprops =
		{
			pos = { -3.026689, 0, 2.102803 },
			orient = { {  0.056032,  0.000000,  0.998429 },
					   {  0.000000,  1.000000,  0.000000 },
					   { -0.998429,  0.000000,  0.056032 } }
		}
	},

	{
		entity_name = "Cam_Monitor",
		type = MONITOR,
		template_name = "",
		lt_grp = 0, srt_grp = 0, usr_flg = 0
	},

	{
		entity_name = "Char_Trent_Mk_start",
		type = MARKER,
		template_name = "",
		lt_grp = 0, srt_grp = 0, usr_flg = 0,
		spatialprops =
		{
			pos = { -4.814048, 0.94702, 2.173411 },
			orient = { {  0.045786,  0.000000,  0.998951 },
					   {  0.000000,  1.000000,  0.000000 },
					   { -0.998951,  0.000000,  0.045786 } }
		}
	},

	{
		entity_name = "Cam_Enter_A",
		type = CAMERA,
		template_name = "",
		lt_grp = 0, srt_grp = 0, usr_flg = 0,
		spatialprops =
		{
			pos = { -9.531199, 1.004725, 5.70929 },
			orient = { {  0.500292,  0.000000,  0.865857 },
					   { -0.002260,  0.999997,  0.001306 },
					   { -0.865854, -0.002610,  0.500291 } }
		},
		cameraprops =
		{
			fovh = 25,
			hvaspect = 1.85,
			nearplane = 0.3,
			farplane = 4000
		}
	},

	{
		entity_name = "Cam_Enter_B",
		type = CAMERA,
		template_name = "",
		lt_grp = 0, srt_grp = 0, usr_flg = 0,
		spatialprops =
		{
			pos = { -9.601322, 1.020101, 5.328367 },
			orient = { {  0.283430,  0.000000,  0.958993 },
					   { -0.052637,  0.998493,  0.015557 },
					   { -0.957547, -0.054887,  0.283003 } }
		},
		cameraprops =
		{
			fovh = 25,
			hvaspect = 1.85,
			nearplane = 0.3,
			farplane = 4000
		}
	},

	{
		entity_name = "Char_Trent_fs_ml_hard01_1",
		type = SOUND,
		template_name = "fs_ml_hard01",
		lt_grp = 0, srt_grp = 0, usr_flg = 0,
		spatialprops =
		{
			pos = { 0, 0, 0 },
			orient = { { 1, 0, 0 }, { 0, 1, 0 }, { 0, 0, 1 } }
		},
		audioprops =
		{
			attenuation = -20,
			pan = -5,
			dmin = 50,
			dmax = 300,
			ain = 360,
			aout = 360,
			atout = 0,
			rmix = 0,
		},
		userprops =
		{
			category = "Audio",
		}
	},

	{
		entity_name = "Char_Trent_fs_mr_hard01_2",
		type = SOUND,
		template_name = "fs_mr_hard01",
		lt_grp = 0, srt_grp = 0, usr_flg = 0,
		spatialprops =
		{
			pos = { 0, 0, 0 },
			orient = { { 1, 0, 0 }, { 0, 1, 0 }, { 0, 0, 1 } }
		},
		audioprops =
		{
			attenuation = -22,
			dmin = 50,
			dmax = 300,
			ain = 360,
			aout = 360,
			atout = 0,
			rmix = 0,
		},
		userprops =
		{
			category = "Audio",
		}
	},

	{
		entity_name = "Char_Trent_fs_ml_hard02_3",
		type = SOUND,
		template_name = "fs_ml_hard02",
		lt_grp = 0, srt_grp = 0, usr_flg = 0,
		spatialprops =
		{
			pos = { 0, 0, 0 },
			orient = { { 1, 0, 0 }, { 0, 1, 0 }, { 0, 0, 1 } }
		},
		audioprops =
		{
			attenuation = -22,
			pan = -16,
			dmin = 50,
			dmax = 300,
			ain = 360,
			atout = 0,
			rmix = 0,
		},
		userprops =
		{
			category = "Audio",
		}
	},

	{
		entity_name = "Char_Trent_sfx_fstop_male02_4",
		type = SOUND,
		template_name = "sfx_fstop_male02",
		lt_grp = 0, srt_grp = 0, usr_flg = 0,
		spatialprops =
		{
			pos = { 0, 0, 0 },
			orient = { { 1, 0, 0 }, { 0, 1, 0 }, { 0, 0, 1 } }
		},
		audioprops =
		{
			attenuation = -14,
			pan = -14,
			dmin = 50,
			dmax = 300,
			ain = 360,
			aout = 360,
			atout = 0,
			rmix = 0,
		},
		userprops =
		{
			category = "Audio",
		}
	}
};

events =
{
	{
		0.000, ATTACH_ENTITY, { "Char_trent", "Char_Trent_Mk_start" },
		{
			duration = 0.000,
			offset = { 0, 0, 0 },
			up = Y_AXIS,
			front = NEG_Z_AXIS,
			target_part = "",
			target_type = ROOT,
			flags = POSITION + ORIENTATION
		}
	},

	{
		0.000, START_SPATIAL_PROP_ANIM, { "Cam_Enter_A", "Cam_Enter_B" },
		{
			duration = 3.000,
			target_part = "",
			target_type = ROOT,
			spatialprops =
			{
				pos = { -9.601322, 1.020101, 5.328367 },
				q_orient = { 0.28343, 0, 0.958993, -0.052637 }
			},
			param_curve =
			{
				CLSID = "FreeFormPCurve",
				points =
				{
					{  0.000000,  0.000000,  0.000000,  0.000000 },
					{  1.000000,  1.000000,  0.000000,  0.000000 },
				}
			},
			pcurve_period = -1000
		}
	},

	{
		0.000, START_MOTION, { "Char_trent" },
		{
			animation = "Sc_MLBODY_WALK_STND_TRNS_000LV_XA_02",
			duration = 3.000,
			time_scale = 0.8,
			weight = 1,
			heading = -1
		}
	},

	{
		0.000, SET_CAMERA, { "Cam_Monitor", "Cam_Enter_A" }
	},

	{
		0.406, START_SOUND, { "Char_Trent_fs_ml_hard01_1" },
		{
			duration = 0.416
		}
	},

	{
		1.187, START_SOUND, { "Char_Trent_fs_mr_hard01_2" },
		{
			duration = 0.289
		}
	},

	{
		2.093, START_SOUND, { "Char_Trent_fs_ml_hard02_3" },
		{
			duration = 0.208
		}
	},

	{
		2.718, START_SOUND, { "Char_Trent_sfx_fstop_male02_4" },
		{
			duration = 0.104
		}
	}
};
