duration = 120.000;

entities =
{

	{
		entity_name = "Layer_Rh_04_Deck_Ambi",
		type = SCENE,
		template_name = "",
		lt_grp = 0, srt_grp = 0, usr_flg = 0,
		spatialprops =
		{
			pos = { 0, 0, 0 },
			orient = { { 1, 0, 0 }, { 0, 1, 0 }, { 0, 0, 1 } }
		},
		up = Y_AXIS,
		front = Z_AXIS,
		ambient = { 0, 0, 0 }
	},

	{
		entity_name = "gf_rtc_shipcushion_01",
		type = PSYS,
		template_name = "gf_rtc_shipcushion",
		lt_grp = 0, srt_grp = 0, usr_flg = 0,
		flags = LIT_DYNAMIC + LIT_AMBIENT,
		spatialprops =
		{
			pos = { 0, 0, 0 },
			orient = { { 1, 0, 0 }, { 0, 1, 0 }, { 0, 0, 1 } }
		},
		psysprops =
		{
			sparam = 0
		}
	},

	{
		entity_name = "gf_rtc_shipcushion_02",
		type = PSYS,
		template_name = "gf_rtc_shipcushion",
		lt_grp = 0, srt_grp = 0, usr_flg = 0,
		flags = LIT_DYNAMIC + LIT_AMBIENT,
		spatialprops =
		{
			pos = { 0, 0, 0 },
			orient = { { 1, 0, 0 }, { 0, 1, 0 }, { 0, 0, 1 } }
		},
		psysprops =
		{
			sparam = 0
		}
	},

	{
		entity_name = "X/Shipcentre/01",
		type = MARKER,
		template_name = "",
		lt_grp = 0, srt_grp = 0, usr_flg = 0,
		flags = REFERENCE,
		spatialprops =
		{
			pos = { 0, 0, 0 },
			orient = { {  0.768601,  0.000000,  0.639728 },
					   {  0.000000,  1.000000,  0.000000 },
					   { -0.639728,  0.000000,  0.768601 } }
		}
	},

	{
		entity_name = "X/Shipcentre/02",
		type = MARKER,
		template_name = "",
		lt_grp = 0, srt_grp = 0, usr_flg = 0,
		flags = REFERENCE,
		spatialprops =
		{
			pos = { -12.74421, 0, -17.39248 },
			orient = { { -0.455762,  0.000000,  0.890102 },
					   {  0.000000,  1.000000,  0.000000 },
					   { -0.890102,  0.000000, -0.455762 } }
		}
	},

	{
		entity_name = "ambi_ltg03_equip_point_centerwhite",
		type = LIGHT,
		template_name = "",
		lt_grp = 3, srt_grp = 0, usr_flg = 0,
		spatialprops =
		{
			pos = { 8.380911, 0.487937, -6.475883 },
			orient = { {  0.998854,  0.045291, -0.015450 },
					   { -0.045070,  0.998881,  0.014356 },
					   {  0.016083, -0.013643,  0.999778 } }
		},
		lightprops =
		{
			on = Y,
			color = { 234, 242, 255 },
			diffuse = { 1, 1, 1 },
			specular = { 0, 0, 0 },
			ambient = { 0.101961, 0.101961, 0.101961 },
			direction = { 0, 0, 1 },
			range = 20,
			cutoff = 90,
			type = L_POINT,
			theta = 90,
			atten = { 0, 0, 0.03 }
		}
	},

	{
		entity_name = "ambi_ltg09_set_amb",
		type = LIGHT,
		template_name = "",
		lt_grp = 9, srt_grp = 0, usr_flg = 0,
		spatialprops =
		{
			pos = { 0, 0, 0 },
			orient = { { 1, 0, 0 }, { 0, 1, 0 }, { 0, 0, 1 } }
		},
		lightprops =
		{
			on = Y,
			color = { 255, 255, 255 },
			diffuse = { 0, 0, 0 },
			specular = { 0, 0, 0 },
			ambient = { 0.494118, 0.494118, 0.494118 },
			direction = { 0, 0, 1 },
			range = 2000,
			cutoff = 98.99998,
			type = L_DIRECT,
			theta = 90,
			atten = { 1, 0, 4e-006 }
		}
	},

	{
		entity_name = "ambi_ltg09_set_point_01",
		type = LIGHT,
		template_name = "",
		lt_grp = 9, srt_grp = 0, usr_flg = 0,
		spatialprops =
		{
			pos = { 8.536585, 4.410819, -6.422704 },
			orient = { { 1, 0, 0 }, { 0, 1, 0 }, { 0, 0, 1 } }
		},
		lightprops =
		{
			on = Y,
			color = { 255, 255, 255 },
			diffuse = { 1, 1, 1 },
			specular = { 0, 0, 0 },
			ambient = { 0, 0, 0 },
			direction = { 0, 0, 1 },
			range = 20,
			cutoff = 98.99998,
			type = L_POINT,
			theta = 90,
			atten = { 0, 0, 0.03 }
		}
	},

	{
		entity_name = "ambi_ltg09_set_point_01_copy_1",
		type = LIGHT,
		template_name = "",
		lt_grp = 9, srt_grp = 0, usr_flg = 0,
		spatialprops =
		{
			pos = { 8.674115, 4.410819, 6.45689 },
			orient = { { 1, 0, 0 }, { 0, 1, 0 }, { 0, 0, 1 } }
		},
		lightprops =
		{
			on = Y,
			color = { 255, 255, 255 },
			diffuse = { 1, 1, 1 },
			specular = { 0, 0, 0 },
			ambient = { 0, 0, 0 },
			direction = { 0, 0, 1 },
			range = 20,
			cutoff = 98.99998,
			type = L_POINT,
			theta = 90,
			atten = { 0, 0, 0.03 }
		}
	},

	{
		entity_name = "ambi_ltg09_set_point_01_copy_2",
		type = LIGHT,
		template_name = "",
		lt_grp = 9, srt_grp = 0, usr_flg = 0,
		spatialprops =
		{
			pos = { -6.142676, 4.410819, 4.847694 },
			orient = { { 1, 0, 0 }, { 0, 1, 0 }, { 0, 0, 1 } }
		},
		lightprops =
		{
			on = Y,
			color = { 255, 255, 255 },
			diffuse = { 1, 1, 1 },
			specular = { 0, 0, 0 },
			ambient = { 0, 0, 0 },
			direction = { 0, 0, 1 },
			range = 20,
			cutoff = 98.99998,
			type = L_POINT,
			theta = 90,
			atten = { 0, 0, 0.03 }
		}
	},

	{
		entity_name = "ambi_ltg09_set_point_01_copy_3",
		type = LIGHT,
		template_name = "",
		lt_grp = 9, srt_grp = 0, usr_flg = 0,
		spatialprops =
		{
			pos = { -5.89, 4.410819, -4.088379 },
			orient = { { 1, 0, 0 }, { 0, 1, 0 }, { 0, 0, 1 } }
		},
		lightprops =
		{
			on = Y,
			color = { 255, 255, 255 },
			diffuse = { 1, 1, 1 },
			specular = { 0, 0, 0 },
			ambient = { 0, 0, 0 },
			direction = { 0, 0, 1 },
			range = 20,
			cutoff = 98.99998,
			type = L_POINT,
			theta = 90,
			atten = { 0, 0, 0.03 }
		}
	},

	{
		entity_name = "ambi_ltg03_equip_point_centerwhite_copy_1",
		type = LIGHT,
		template_name = "",
		lt_grp = 3, srt_grp = 0, usr_flg = 0,
		spatialprops =
		{
			pos = { -8.513395, 0.294468, 6.865404 },
			orient = { {  0.998854,  0.045291, -0.015450 },
					   { -0.045070,  0.998881,  0.014356 },
					   {  0.016083, -0.013643,  0.999778 } }
		},
		lightprops =
		{
			on = Y,
			color = { 234, 242, 255 },
			diffuse = { 1, 1, 1 },
			specular = { 0, 0, 0 },
			ambient = { 0.101961, 0.101961, 0.101961 },
			direction = { 0, 0, 1 },
			range = 20,
			cutoff = 90,
			type = L_POINT,
			theta = 90,
			atten = { 0, 0, 0.03 }
		}
	},

	{
		entity_name = "ambi_ltg03_equip_point_centerwhite_copy_2",
		type = LIGHT,
		template_name = "",
		lt_grp = 3, srt_grp = 0, usr_flg = 0,
		spatialprops =
		{
			pos = { -8.652903, 0.240335, -6.354391 },
			orient = { {  0.998854,  0.045291, -0.015450 },
					   { -0.045070,  0.998881,  0.014356 },
					   {  0.016083, -0.013643,  0.999778 } }
		},
		lightprops =
		{
			on = Y,
			color = { 234, 242, 255 },
			diffuse = { 1, 1, 1 },
			specular = { 0, 0, 0 },
			ambient = { 0.101961, 0.101961, 0.101961 },
			direction = { 0, 0, 1 },
			range = 20,
			cutoff = 90,
			type = L_POINT,
			theta = 90,
			atten = { 0, 0, 0.03 }
		}
	},

	{
		entity_name = "ambi_ltg03_equip_point_centerwhite_copy_3",
		type = LIGHT,
		template_name = "",
		lt_grp = 3, srt_grp = 0, usr_flg = 0,
		spatialprops =
		{
			pos = { 8.960754, 0.268271, 7.060909 },
			orient = { {  0.998854,  0.045291, -0.015450 },
					   { -0.045070,  0.998881,  0.014356 },
					   {  0.016083, -0.013643,  0.999778 } }
		},
		lightprops =
		{
			on = Y,
			color = { 234, 242, 255 },
			diffuse = { 1, 1, 1 },
			specular = { 0, 0, 0 },
			ambient = { 0.101961, 0.101961, 0.101961 },
			direction = { 0, 0, 1 },
			range = 20,
			cutoff = 90,
			type = L_POINT,
			theta = 90,
			atten = { 0, 0, 0.03 }
		}
	},

	{
		entity_name = "ambi_ltg00_equipdealer_point_fill_green",
		type = LIGHT,
		template_name = "",
		lt_grp = 0, srt_grp = 0, usr_flg = 0,
		spatialprops =
		{
			pos = { 1.411764, 2.016063, -12.98958 },
			orient = { { -0.997542, -0.045773,  0.053059 },
					   { -0.045071,  0.998881,  0.014356 },
					   { -0.053656,  0.011929, -0.998488 } }
		},
		lightprops =
		{
			on = Y,
			color = { 234, 242, 255 },
			diffuse = { 0.290196, 0.54902, 0.454902 },
			specular = { 0, 0, 0 },
			ambient = { 0.101961, 0.101961, 0.101961 },
			direction = { 0, 0, 1 },
			range = 5,
			cutoff = 90,
			type = L_POINT,
			theta = 90,
			atten = { 0, 0, 0.8 }
		}
	},

	{
		entity_name = "ambi_ltg00_equipdealer_point_key_white",
		type = LIGHT,
		template_name = "",
		lt_grp = 0, srt_grp = 0, usr_flg = 0,
		spatialprops =
		{
			pos = { 3.258539, 1.121011, -13.46577 },
			orient = { { -0.997542, -0.045773,  0.053059 },
					   { -0.045071,  0.998881,  0.014356 },
					   { -0.053656,  0.011929, -0.998488 } }
		},
		lightprops =
		{
			on = Y,
			color = { 234, 242, 255 },
			diffuse = { 1, 1, 1 },
			specular = { 0, 0, 0 },
			ambient = { 0.101961, 0.101961, 0.101961 },
			direction = { 0, 0, 1 },
			range = 5,
			cutoff = 90,
			type = L_POINT,
			theta = 90,
			atten = { 0, 0, 0.8 }
		}
	},

	{
		entity_name = "ambi_ltg00_shipdealer_point_fill_green",
		type = LIGHT,
		template_name = "",
		lt_grp = 0, srt_grp = 0, usr_flg = 0,
		spatialprops =
		{
			pos = { -5.409002, 2.4, -19.90996 },
			orient = { { -0.997542, -0.045773,  0.053059 },
					   { -0.045071,  0.998881,  0.014356 },
					   { -0.053656,  0.011929, -0.998488 } }
		},
		lightprops =
		{
			on = Y,
			color = { 234, 242, 255 },
			diffuse = { 0.341176, 0.501961, 0.384314 },
			specular = { 0, 0, 0 },
			ambient = { 0.101961, 0.101961, 0.101961 },
			direction = { 0, 0, 1 },
			range = 5,
			cutoff = 90,
			type = L_POINT,
			theta = 90,
			atten = { 0, 0, 0.8 }
		}
	},

	{
		entity_name = "ambi_ltg00_shipdealer_point_key_yellow",
		type = LIGHT,
		template_name = "",
		lt_grp = 0, srt_grp = 0, usr_flg = 0,
		spatialprops =
		{
			pos = { -4.444753, 0.459781, -21.57311 },
			orient = { { -0.997542, -0.045773,  0.053059 },
					   { -0.045071,  0.998881,  0.014356 },
					   { -0.053656,  0.011929, -0.998488 } }
		},
		lightprops =
		{
			on = Y,
			color = { 234, 242, 255 },
			diffuse = { 1, 0.941177, 0.607843 },
			specular = { 0, 0, 0 },
			ambient = { 0.101961, 0.101961, 0.101961 },
			direction = { 0, 0, 1 },
			range = 5,
			cutoff = 90,
			type = L_POINT,
			theta = 90,
			atten = { 0, 0, 0.8 }
		}
	},

	{
		entity_name = "ambi_ltg00_floor3_point_fill_green",
		type = LIGHT,
		template_name = "",
		lt_grp = 0, srt_grp = 0, usr_flg = 0,
		spatialprops =
		{
			pos = { -6.132721, 1.92289, -15.51285 },
			orient = { { -0.997542, -0.045773,  0.053059 },
					   { -0.045071,  0.998881,  0.014356 },
					   { -0.053656,  0.011929, -0.998488 } }
		},
		lightprops =
		{
			on = Y,
			color = { 234, 242, 255 },
			diffuse = { 0.341176, 0.501961, 0.384314 },
			specular = { 0, 0, 0 },
			ambient = { 0.101961, 0.101961, 0.101961 },
			direction = { 0, 0, 1 },
			range = 5,
			cutoff = 90,
			type = L_POINT,
			theta = 90,
			atten = { 0, 0, 0.8 }
		}
	},

	{
		entity_name = "ambi_ltg00_floor3_point_key_yellow",
		type = LIGHT,
		template_name = "",
		lt_grp = 0, srt_grp = 0, usr_flg = 0,
		spatialprops =
		{
			pos = { -7.122986, 0.521309, -17.6241 },
			orient = { { -0.997542, -0.045773,  0.053059 },
					   { -0.045071,  0.998881,  0.014356 },
					   { -0.053656,  0.011929, -0.998488 } }
		},
		lightprops =
		{
			on = Y,
			color = { 234, 242, 255 },
			diffuse = { 1, 0.941177, 0.607843 },
			specular = { 0, 0, 0 },
			ambient = { 0.101961, 0.101961, 0.101961 },
			direction = { 0, 0, 1 },
			range = 5,
			cutoff = 90,
			type = L_POINT,
			theta = 90,
			atten = { 0.8, 0, 0.8 }
		}
	},

	{
		entity_name = "ambi_ltg00_floor3_point_key_yellow_copy_1",
		type = LIGHT,
		template_name = "",
		lt_grp = 0, srt_grp = 0, usr_flg = 0,
		spatialprops =
		{
			pos = { -5.863572, 0.521309, -18.43572 },
			orient = { { -0.997542, -0.045773,  0.053059 },
					   { -0.045071,  0.998881,  0.014356 },
					   { -0.053656,  0.011929, -0.998488 } }
		},
		lightprops =
		{
			on = Y,
			color = { 234, 242, 255 },
			diffuse = { 1, 0.941177, 0.607843 },
			specular = { 0, 0, 0 },
			ambient = { 0.101961, 0.101961, 0.101961 },
			direction = { 0, 0, 1 },
			range = 5,
			cutoff = 90,
			type = L_POINT,
			theta = 90,
			atten = { 0.8, 0, 0.8 }
		}
	},

	{
		entity_name = "ambi_ltg00_floor2_point_fill_green",
		type = LIGHT,
		template_name = "",
		lt_grp = 0, srt_grp = 0, usr_flg = 0,
		spatialprops =
		{
			pos = { -1.940897, 1.92113, -14.77662 },
			orient = { { -0.997542, -0.045773,  0.053059 },
					   { -0.045071,  0.998881,  0.014356 },
					   { -0.053656,  0.011929, -0.998488 } }
		},
		lightprops =
		{
			on = Y,
			color = { 234, 242, 255 },
			diffuse = { 0.290196, 0.54902, 0.454902 },
			specular = { 0, 0, 0 },
			ambient = { 0.101961, 0.101961, 0.101961 },
			direction = { 0, 0, 1 },
			range = 3,
			cutoff = 90,
			type = L_POINT,
			theta = 90,
			atten = { 0, 0, 2 }
		}
	},

	{
		entity_name = "ambi_ltg00_floor2_point_key_white",
		type = LIGHT,
		template_name = "",
		lt_grp = 0, srt_grp = 0, usr_flg = 0,
		spatialprops =
		{
			pos = { -0.12884, 0.97666, -14.05668 },
			orient = { { -0.997542, -0.045773,  0.053059 },
					   { -0.045071,  0.998881,  0.014356 },
					   { -0.053656,  0.011929, -0.998488 } }
		},
		lightprops =
		{
			on = Y,
			color = { 234, 242, 255 },
			diffuse = { 1, 1, 1 },
			specular = { 0, 0, 0 },
			ambient = { 0.101961, 0.101961, 0.101961 },
			direction = { 0, 0, 1 },
			range = 2.5,
			cutoff = 90,
			type = L_POINT,
			theta = 90,
			atten = { 0, 0, 2 }
		}
	},

	{
		entity_name = "ambi_ltg00_floor2_point_fill_green_copy_1",
		type = LIGHT,
		template_name = "",
		lt_grp = 0, srt_grp = 0, usr_flg = 0,
		spatialprops =
		{
			pos = { -0.28402, 1.92113, -15.65207 },
			orient = { { -0.997542, -0.045773,  0.053059 },
					   { -0.045071,  0.998881,  0.014356 },
					   { -0.053656,  0.011929, -0.998488 } }
		},
		lightprops =
		{
			on = Y,
			color = { 234, 242, 255 },
			diffuse = { 0.290196, 0.54902, 0.454902 },
			specular = { 0, 0, 0 },
			ambient = { 0.101961, 0.101961, 0.101961 },
			direction = { 0, 0, 1 },
			range = 3,
			cutoff = 90,
			type = L_POINT,
			theta = 90,
			atten = { 0, 0, 2 }
		}
	},

	{
		entity_name = "ambi_ltg00_floor1_point_fill_green",
		type = LIGHT,
		template_name = "",
		lt_grp = 0, srt_grp = 0, usr_flg = 0,
		spatialprops =
		{
			pos = { -7.767498, 2.17949, 24.29639 },
			orient = { { -0.997542, -0.045773,  0.053059 },
					   { -0.045071,  0.998881,  0.014356 },
					   { -0.053656,  0.011929, -0.998488 } }
		},
		lightprops =
		{
			on = Y,
			color = { 234, 242, 255 },
			diffuse = { 0.341176, 0.501961, 0.384314 },
			specular = { 0, 0, 0 },
			ambient = { 0.101961, 0.101961, 0.101961 },
			direction = { 0, 0, 1 },
			range = 5,
			cutoff = 90,
			type = L_POINT,
			theta = 90,
			atten = { 0, 0, 0.8 }
		}
	},

	{
		entity_name = "ambi_ltg00_floor1_point_key_yellow",
		type = LIGHT,
		template_name = "",
		lt_grp = 0, srt_grp = 0, usr_flg = 0,
		spatialprops =
		{
			pos = { -8.195518, 0.50822, 22.21742 },
			orient = { { -0.997542, -0.045773,  0.053059 },
					   { -0.045071,  0.998881,  0.014356 },
					   { -0.053656,  0.011929, -0.998488 } }
		},
		lightprops =
		{
			on = Y,
			color = { 234, 242, 255 },
			diffuse = { 1, 0.941177, 0.607843 },
			specular = { 0, 0, 0 },
			ambient = { 0.101961, 0.101961, 0.101961 },
			direction = { 0, 0, 1 },
			range = 5,
			cutoff = 90,
			type = L_POINT,
			theta = 90,
			atten = { 0, 0, 0.8 }
		}
	},

	{
		entity_name = "ambi_ltg00_trader_point_fill_green",
		type = LIGHT,
		template_name = "",
		lt_grp = 0, srt_grp = 0, usr_flg = 0,
		spatialprops =
		{
			pos = { 17.37493, 2.311296, 16.585 },
			orient = { { -0.997542, -0.045773,  0.053059 },
					   { -0.045071,  0.998881,  0.014356 },
					   { -0.053656,  0.011929, -0.998488 } }
		},
		lightprops =
		{
			on = Y,
			color = { 234, 242, 255 },
			diffuse = { 0.290196, 0.54902, 0.454902 },
			specular = { 0, 0, 0 },
			ambient = { 0.101961, 0.101961, 0.101961 },
			direction = { 0, 0, 1 },
			range = 5,
			cutoff = 90,
			type = L_POINT,
			theta = 90,
			atten = { 0, 0, 0.8 }
		}
	},

	{
		entity_name = "ambi_ltg00_trader_point_key_yellow",
		type = LIGHT,
		template_name = "",
		lt_grp = 0, srt_grp = 0, usr_flg = 0,
		spatialprops =
		{
			pos = { 15.17095, 1.22979, 16.36503 },
			orient = { { -0.997542, -0.045773,  0.053059 },
					   { -0.045071,  0.998881,  0.014356 },
					   { -0.053656,  0.011929, -0.998488 } }
		},
		lightprops =
		{
			on = Y,
			color = { 234, 242, 255 },
			diffuse = { 1, 0.976471, 0.807843 },
			specular = { 0, 0, 0 },
			ambient = { 0.101961, 0.101961, 0.101961 },
			direction = { 0, 0, 1 },
			range = 5,
			cutoff = 90,
			type = L_POINT,
			theta = 90,
			atten = { 0, 0, 0.8 }
		}
	},

	{
		entity_name = "ambi_ltg03_equip_point_shipdealer_yellow",
		type = LIGHT,
		template_name = "",
		lt_grp = 3, srt_grp = 0, usr_flg = 0,
		spatialprops =
		{
			pos = { -8.987136, -0.156, -19.82389 },
			orient = { {  0.998854,  0.045291, -0.015450 },
					   { -0.045070,  0.998881,  0.014356 },
					   {  0.016083, -0.013643,  0.999778 } }
		},
		lightprops =
		{
			on = Y,
			color = { 234, 242, 255 },
			diffuse = { 1, 0.972549, 0.74902 },
			specular = { 0, 0, 0 },
			ambient = { 0.101961, 0.101961, 0.101961 },
			direction = { 0, 0, 1 },
			range = 15,
			cutoff = 90,
			type = L_POINT,
			theta = 90,
			atten = { 0, 0, 0.05 }
		}
	},

	{
		entity_name = "ambi_ltg00_entry_point_fill_green",
		type = LIGHT,
		template_name = "",
		lt_grp = 0, srt_grp = 0, usr_flg = 0,
		spatialprops =
		{
			pos = { 1.682684, 2.17949, 26.52878 },
			orient = { { -0.997542, -0.045773,  0.053059 },
					   { -0.045071,  0.998881,  0.014356 },
					   { -0.053656,  0.011929, -0.998488 } }
		},
		lightprops =
		{
			on = Y,
			color = { 234, 242, 255 },
			diffuse = { 0.721569, 0.811765, 0.745098 },
			specular = { 0, 0, 0 },
			ambient = { 0.101961, 0.101961, 0.101961 },
			direction = { 0, 0, 1 },
			range = 5,
			cutoff = 90,
			type = L_POINT,
			theta = 90,
			atten = { 0, 0, 0.8 }
		}
	},

	{
		entity_name = "ambi_ltg00_entry_point_key_yellow",
		type = LIGHT,
		template_name = "",
		lt_grp = 0, srt_grp = 0, usr_flg = 0,
		spatialprops =
		{
			pos = { -0.44381, 0.50822, 24.7187 },
			orient = { { -0.997542, -0.045773,  0.053059 },
					   { -0.045071,  0.998881,  0.014356 },
					   { -0.053656,  0.011929, -0.998488 } }
		},
		lightprops =
		{
			on = Y,
			color = { 234, 242, 255 },
			diffuse = { 1, 0.941177, 0.607843 },
			specular = { 0, 0, 0 },
			ambient = { 0.101961, 0.101961, 0.101961 },
			direction = { 0, 0, 1 },
			range = 5,
			cutoff = 90,
			type = L_POINT,
			theta = 90,
			atten = { 0, 0, 0.8 }
		}
	}
};

events =
{
	{
		0.000, START_PSYS, { "gf_rtc_shipcushion_01" },
		{
			duration = 120.000
		}
	},

	{
		0.000, START_PSYS, { "gf_rtc_shipcushion_02" },
		{
			duration = 120.000
		}
	},

	{
		0.000, ATTACH_ENTITY, { "gf_rtc_shipcushion_01", "X/Shipcentre/01" },
		{
			duration = 0.100,
			offset = { 0, 0, 0 },
			up = Y_AXIS,
			front = NEG_Z_AXIS,
			target_part = "",
			target_type = ROOT,
			flags = POSITION + ORIENTATION
		}
	},

	{
		0.000, ATTACH_ENTITY, { "gf_rtc_shipcushion_02", "X/Shipcentre/02" },
		{
			duration = 0.100,
			offset = { 0, 0, 0 },
			up = Y_AXIS,
			front = NEG_Z_AXIS,
			target_part = "",
			target_type = ROOT,
			flags = POSITION + ORIENTATION
		}
	},

	{
		0.000, START_FOG_PROP_ANIM, { "Layer_Rh_04_Deck_Ambi" },
		{
			duration = 0.008,
			fogprops =
			{
				fogon = N,
				fogtable = N,
				fogcolor = { 68, 64, 45 },
				fogmode = F_LINEAR,
				fogstart = 0,
				fogend = 200,
				fogdensity = 0.0001
			}
		}
	}
};
