duration = 86.500;

entities =
{

	{
		entity_name = "Scene_M13_EndGame",
		type = SCENE,
		template_name = "",
		lt_grp = 0, srt_grp = 0, usr_flg = 0,
		spatialprops =
		{
			pos = { 0, 0, 0 },
			orient = { { 1, 0, 0 }, { 0, 1, 0 }, { 0, 0, 1 } }
		},
		up = Y_AXIS,
		front = Z_AXIS,
		ambient = { 128, 128, 128 }
	},

	{
		entity_name = "dyson_Nomad_city",
		type = COMPOUND,
		template_name = "dyson_city",
		lt_grp = 0, srt_grp = 0, usr_flg = 0,
		flags = LIT_DYNAMIC,
		spatialprops =
		{
			pos = { -18412, 0, 18955 },
			orient = { { 1, 0, 0 }, { 0, 1, 0 }, { 0, 0, 1 } }
		},
		userprops =
		{
			category = "Solar",
		}
	},

	{
		entity_name = "dyson_city_generator_2",
		type = COMPOUND,
		template_name = "dyson_city_generator",
		lt_grp = 0, srt_grp = 0, usr_flg = 0,
		flags = LIT_DYNAMIC,
		spatialprops =
		{
			pos = { -16247, 0, 24563 },
			orient = { { 1, 0, 0 }, { 0, 1, 0 }, { 0, 0, 1 } }
		},
		userprops =
		{
			category = "Solar",
		}
	},

	{
		entity_name = "dyson_city_generator_4",
		type = COMPOUND,
		template_name = "dyson_city_generator",
		lt_grp = 0, srt_grp = 0, usr_flg = 0,
		flags = LIT_DYNAMIC,
		spatialprops =
		{
			pos = { -24787, 0, 17654 },
			orient = { { 1, 0, 0 }, { 0, 1, 0 }, { 0, 0, 1 } }
		},
		userprops =
		{
			category = "Solar",
		}
	},

	{
		entity_name = "dyson_city_generator_5",
		type = COMPOUND,
		template_name = "dyson_city_generator",
		lt_grp = 0, srt_grp = 0, usr_flg = 0,
		flags = LIT_DYNAMIC,
		spatialprops =
		{
			pos = { -18156, 0, 13442 },
			orient = { { 1, 0, 0 }, { 0, 1, 0 }, { 0, 0, 1 } }
		},
		userprops =
		{
			category = "Solar",
		}
	},

	{
		entity_name = "starsphere_St03b_1",
		type = COMPOUND,
		template_name = "starsphere_St03b",
		lt_grp = 0, srt_grp = -100, usr_flg = 1,
		flags = LIT_DYNAMIC,
		spatialprops =
		{
			pos = { 0, 0, 0 },
			orient = { { 1, 0, 0 }, { 0, 1, 0 }, { 0, 0, 1 } }
		},
		userprops =
		{
			category = "Prop",
		}
	},

	{
		entity_name = "FX_dyson_city_shield_1",
		type = PSYS,
		template_name = "dyson_city_shield",
		lt_grp = 0, srt_grp = 0, usr_flg = 0,
		flags = LIT_DYNAMIC + LIT_AMBIENT,
		spatialprops =
		{
			pos = { -18412, 500, 18955 },
			orient = { { 1, 0, 0 }, { 0, 1, 0 }, { 0, 0, 1 } }
		},
		psysprops =
		{
			sparam = 0
		}
	},

	{
		entity_name = "FX_dyson_city_beam_1",
		type = PSYS,
		template_name = "dyson_city_beam",
		lt_grp = 0, srt_grp = 0, usr_flg = 0,
		flags = LIT_DYNAMIC + LIT_AMBIENT,
		spatialprops =
		{
			pos = { -12155.06, 0.661855, 17538.96 },
			orient = { {  0.151039,  0.988528,  0.000000 },
					   { -0.988528,  0.151039,  0.000000 },
					   {  0.000000,  0.000000,  1.000000 } }
		},
		psysprops =
		{
			sparam = 0
		}
	},

	{
		entity_name = "FX_dyson_city_beam_4",
		type = PSYS,
		template_name = "dyson_city_beam",
		lt_grp = 0, srt_grp = 0, usr_flg = 0,
		flags = LIT_DYNAMIC + LIT_AMBIENT,
		spatialprops =
		{
			pos = { -12155.06, 0.661855, 17538.96 },
			orient = { {  0.151039,  0.988528,  0.000000 },
					   { -0.988528,  0.151039,  0.000000 },
					   {  0.000000,  0.000000,  1.000000 } }
		},
		psysprops =
		{
			sparam = 0
		}
	},

	{
		entity_name = "FX_dyson_city_beam_5",
		type = PSYS,
		template_name = "dyson_city_beam",
		lt_grp = 0, srt_grp = 0, usr_flg = 0,
		flags = LIT_DYNAMIC + LIT_AMBIENT,
		spatialprops =
		{
			pos = { -12155.06, 0.661855, 17538.96 },
			orient = { {  0.151039,  0.988528,  0.000000 },
					   { -0.988528,  0.151039,  0.000000 },
					   {  0.000000,  0.000000,  1.000000 } }
		},
		psysprops =
		{
			sparam = 0
		}
	},

	{
		entity_name = "DX_M13_1060_ORILLION_23",
		type = SOUND,
		template_name = "DX_M13_1060_ORILLION",
		lt_grp = 0, srt_grp = 0, usr_flg = 0,
		spatialprops =
		{
			pos = { 0, 0, 0 },
			orient = { { 1, 0, 0 }, { 0, 1, 0 }, { 0, 0, 1 } }
		},
		audioprops =
		{
			attenuation = -3,
			pan = 0,
			dmin = 50,
			dmax = 300,
			ain = 360,
			aout = 360,
			atout = 0,
			rmix = 0,
		},
		userprops =
		{
			category = "Audio",
		}
	},

	{
		entity_name = "DX_M13_1070_JUNI_24",
		type = SOUND,
		template_name = "DX_M13_1070_JUNI",
		lt_grp = 0, srt_grp = 0, usr_flg = 0,
		spatialprops =
		{
			pos = { 0, 0, 0 },
			orient = { { 1, 0, 0 }, { 0, 1, 0 }, { 0, 0, 1 } }
		},
		audioprops =
		{
			attenuation = -1,
			pan = 0,
			dmin = 50,
			dmax = 300,
			ain = 360,
			aout = 360,
			atout = 0,
			rmix = 0,
		},
		userprops =
		{
			category = "Audio",
		}
	},

	{
		entity_name = "DX_M13_1080_ORILLION_25",
		type = SOUND,
		template_name = "DX_M13_1080_ORILLION",
		lt_grp = 0, srt_grp = 0, usr_flg = 0,
		spatialprops =
		{
			pos = { 0, 0, 0 },
			orient = { { 1, 0, 0 }, { 0, 1, 0 }, { 0, 0, 1 } }
		},
		audioprops =
		{
			attenuation = -3,
			pan = 0,
			dmin = 50,
			dmax = 300,
			ain = 360,
			aout = 360,
			atout = 0,
			rmix = 0,
		},
		userprops =
		{
			category = "Audio",
		}
	},

	{
		entity_name = "DX_M13_1090_JUNI_26",
		type = SOUND,
		template_name = "DX_M13_1090_JUNI",
		lt_grp = 0, srt_grp = 0, usr_flg = 0,
		spatialprops =
		{
			pos = { 0, 0, 0 },
			orient = { { 1, 0, 0 }, { 0, 1, 0 }, { 0, 0, 1 } }
		},
		audioprops =
		{
			attenuation = 0,
			pan = 0,
			dmin = 50,
			dmax = 300,
			ain = 360,
			aout = 360,
			atout = 0,
			rmix = 0,
		},
		userprops =
		{
			category = "Audio",
		}
	},

	{
		entity_name = "DX_M13_1100_ORILLION_27",
		type = SOUND,
		template_name = "DX_M13_1100_ORILLION",
		lt_grp = 0, srt_grp = 0, usr_flg = 0,
		spatialprops =
		{
			pos = { 0, 0, 0 },
			orient = { { 1, 0, 0 }, { 0, 1, 0 }, { 0, 0, 1 } }
		},
		audioprops =
		{
			attenuation = -1,
			pan = 0,
			dmin = 50,
			dmax = 300,
			ain = 360,
			aout = 360,
			atout = 0,
			rmix = 0,
		},
		userprops =
		{
			category = "Audio",
		}
	},

	{
		entity_name = "DX_M13_1110_JUNI_28",
		type = SOUND,
		template_name = "DX_M13_1110_JUNI",
		lt_grp = 0, srt_grp = 0, usr_flg = 0,
		spatialprops =
		{
			pos = { 0, 0, 0 },
			orient = { { 1, 0, 0 }, { 0, 1, 0 }, { 0, 0, 1 } }
		},
		audioprops =
		{
			attenuation = 0,
			pan = 0,
			dmin = 50,
			dmax = 300,
			ain = 360,
			aout = 360,
			atout = 0,
			rmix = 0,
		},
		userprops =
		{
			category = "Audio",
		}
	},

	{
		entity_name = "DX_M13_1120_TRENT_29",
		type = SOUND,
		template_name = "DX_M13_1120_TRENT",
		lt_grp = 0, srt_grp = 0, usr_flg = 0,
		spatialprops =
		{
			pos = { 0, 0, 0 },
			orient = { { 1, 0, 0 }, { 0, 1, 0 }, { 0, 0, 1 } }
		},
		audioprops =
		{
			attenuation = -3,
			pan = 0,
			dmin = 50,
			dmax = 300,
			ain = 360,
			aout = 360,
			atout = 0,
			rmix = 0,
		},
		userprops =
		{
			category = "Audio",
		}
	},

	{
		entity_name = "DX_M13_1130_ORILLION_30",
		type = SOUND,
		template_name = "DX_M13_1130_ORILLION",
		lt_grp = 0, srt_grp = 0, usr_flg = 0,
		spatialprops =
		{
			pos = { 0, 0, 0 },
			orient = { { 1, 0, 0 }, { 0, 1, 0 }, { 0, 0, 1 } }
		},
		audioprops =
		{
			attenuation = 0,
			pan = 0,
			dmin = 50,
			dmax = 300,
			ain = 360,
			aout = 360,
			atout = 0,
			rmix = 0,
		},
		userprops =
		{
			category = "Audio",
		}
	},

	{
		entity_name = "DX_M13_1140_VONCLAUSSN_31",
		type = SOUND,
		template_name = "DX_M13_1140_VONCLAUSSN",
		lt_grp = 0, srt_grp = 0, usr_flg = 0,
		spatialprops =
		{
			pos = { 0, 0, 0 },
			orient = { { 1, 0, 0 }, { 0, 1, 0 }, { 0, 0, 1 } }
		},
		audioprops =
		{
			attenuation = 0,
			pan = 0,
			dmin = 50,
			dmax = 300,
			ain = 360,
			aout = 360,
			atout = 0,
			rmix = 0,
		},
		userprops =
		{
			category = "Audio",
		}
	},

	{
		entity_name = "DX_M13_1150_ORILLION_32",
		type = SOUND,
		template_name = "DX_M13_1150_ORILLION",
		lt_grp = 0, srt_grp = 0, usr_flg = 0,
		spatialprops =
		{
			pos = { 0, 0, 0 },
			orient = { { 1, 0, 0 }, { 0, 1, 0 }, { 0, 0, 1 } }
		},
		audioprops =
		{
			attenuation = 0,
			pan = 0,
			dmin = 50,
			dmax = 300,
			ain = 360,
			aout = 360,
			atout = 0,
			rmix = 0,
		},
		userprops =
		{
			category = "Audio",
		}
	},

	{
		entity_name = "DX_M13_1160_KING_33",
		type = SOUND,
		template_name = "DX_M13_1160_KING",
		lt_grp = 0, srt_grp = 0, usr_flg = 0,
		spatialprops =
		{
			pos = { 0, 0, 0 },
			orient = { { 1, 0, 0 }, { 0, 1, 0 }, { 0, 0, 1 } }
		},
		audioprops =
		{
			attenuation = 0,
			pan = 0,
			dmin = 50,
			dmax = 300,
			ain = 360,
			aout = 360,
			atout = 0,
			rmix = 0,
		},
		userprops =
		{
			category = "Audio",
		}
	},

	{
		entity_name = "DX_M13_1170_JUNI_34",
		type = SOUND,
		template_name = "DX_M13_1170_JUNI",
		lt_grp = 0, srt_grp = 0, usr_flg = 0,
		spatialprops =
		{
			pos = { 0, 0, 0 },
			orient = { { 1, 0, 0 }, { 0, 1, 0 }, { 0, 0, 1 } }
		},
		audioprops =
		{
			attenuation = 0,
			pan = 0,
			dmin = 50,
			dmax = 300,
			ain = 360,
			aout = 360,
			atout = 0,
			rmix = 0,
		},
		userprops =
		{
			category = "Audio",
		}
	},

	{
		entity_name = "DX_M13_1200_ORILLION_37",
		type = SOUND,
		template_name = "DX_M13_1200_ORILLION",
		lt_grp = 0, srt_grp = 0, usr_flg = 0,
		spatialprops =
		{
			pos = { 0, 0, 0 },
			orient = { { 1, 0, 0 }, { 0, 1, 0 }, { 0, 0, 1 } }
		},
		audioprops =
		{
			attenuation = 0,
			pan = 0,
			dmin = 50,
			dmax = 300,
			ain = 360,
			aout = 360,
			atout = 0,
			rmix = 0,
		},
		userprops =
		{
			category = "Audio",
		}
	},

	{
		entity_name = "DX_M13_1220_ORILLION_39",
		type = SOUND,
		template_name = "DX_M13_1220_ORILLION",
		lt_grp = 0, srt_grp = 0, usr_flg = 0,
		spatialprops =
		{
			pos = { 0, 0, 0 },
			orient = { { 1, 0, 0 }, { 0, 1, 0 }, { 0, 0, 1 } }
		},
		audioprops =
		{
			attenuation = -3,
			pan = 0,
			dmin = 50,
			dmax = 300,
			ain = 360,
			aout = 360,
			atout = 0,
			rmix = 0,
		},
		userprops =
		{
			category = "Audio",
		}
	},

	{
		entity_name = "DX_M13_1230_TRENT_40",
		type = SOUND,
		template_name = "DX_M13_1230_TRENT",
		lt_grp = 0, srt_grp = 0, usr_flg = 0,
		spatialprops =
		{
			pos = { 0, 0, 0 },
			orient = { { 1, 0, 0 }, { 0, 1, 0 }, { 0, 0, 1 } }
		},
		audioprops =
		{
			attenuation = -3,
			pan = 0,
			dmin = 50,
			dmax = 300,
			ain = 360,
			aout = 360,
			atout = 0,
			rmix = 0,
		},
		userprops =
		{
			category = "Audio",
		}
	},

	{
		entity_name = "DX_M13_1240_JUNI_41",
		type = SOUND,
		template_name = "DX_M13_1240_JUNI",
		lt_grp = 0, srt_grp = 0, usr_flg = 0,
		spatialprops =
		{
			pos = { 0, 0, 0 },
			orient = { { 1, 0, 0 }, { 0, 1, 0 }, { 0, 0, 1 } }
		},
		audioprops =
		{
			attenuation = -3,
			pan = 0,
			dmin = 50,
			dmax = 300,
			ain = 360,
			aout = 360,
			atout = 0,
			rmix = 0,
		},
		userprops =
		{
			category = "Audio",
		}
	},

	{
		entity_name = "DX_M13_1250_TRENT_42",
		type = SOUND,
		template_name = "DX_M13_1250_TRENT",
		lt_grp = 0, srt_grp = 0, usr_flg = 0,
		spatialprops =
		{
			pos = { 0, 0, 0 },
			orient = { { 1, 0, 0 }, { 0, 1, 0 }, { 0, 0, 1 } }
		},
		audioprops =
		{
			attenuation = -3,
			pan = 0,
			dmin = 50,
			dmax = 300,
			ain = 360,
			aout = 360,
			atout = 0,
			rmix = 0,
		},
		userprops =
		{
			category = "Audio",
		}
	},

	{
		entity_name = "FX_rtc_powesource_on_4",
		type = PSYS,
		template_name = "rtc_powesource_on",
		lt_grp = 0, srt_grp = 0, usr_flg = 0,
		flags = LIT_DYNAMIC + LIT_AMBIENT,
		spatialprops =
		{
			pos = { 0, 0, 0 },
			orient = { { 1, 0, 0 }, { 0, 1, 0 }, { 0, 0, 1 } }
		},
		psysprops =
		{
			sparam = 0
		}
	},

	{
		entity_name = "FX_rtc_powesource_on_beam_5",
		type = PSYS,
		template_name = "rtc_powesource_on_beam",
		lt_grp = 0, srt_grp = 0, usr_flg = 0,
		flags = LIT_DYNAMIC + LIT_AMBIENT,
		spatialprops =
		{
			pos = { -13058.93, -5158.587, 8720.63 },
			orient = { { -0.883299, -0.009855, -0.468706 },
					   {  0.185277,  0.911051, -0.368319 },
					   {  0.430645, -0.412176, -0.802904 } }
		},
		psysprops =
		{
			sparam = 0
		}
	},

	{
		entity_name = "FX_dyson_city_creationbeam_Vertical",
		type = PSYS,
		template_name = "dyson_city_creationbeam",
		lt_grp = 0, srt_grp = 0, usr_flg = 0,
		flags = LIT_DYNAMIC + LIT_AMBIENT,
		spatialprops =
		{
			pos = { 0, 0, 0 },
			orient = { { 1, 0, 0 }, { 0, 1, 0 }, { 0, 0, 1 } }
		},
		psysprops =
		{
			sparam = 0
		}
	},

	{
		entity_name = "FX_dyson_city_debris",
		type = PSYS,
		template_name = "dyson_city_debris",
		lt_grp = 0, srt_grp = -1, usr_flg = 0,
		flags = LIT_DYNAMIC + LIT_AMBIENT,
		spatialprops =
		{
			pos = { 0, 0, 0 },
			orient = { { 1, 0, 0 }, { 0, 1, 0 }, { 0, 0, 1 } }
		},
		psysprops =
		{
			sparam = 0
		}
	},

	{
		entity_name = "FX_dyson_city_genexp",
		type = PSYS,
		template_name = "dyson_city_genexp",
		lt_grp = 0, srt_grp = -1, usr_flg = 0,
		flags = LIT_DYNAMIC + LIT_AMBIENT,
		spatialprops =
		{
			pos = { -17686.08, -570.5828, 17788.56 },
			orient = { { 1, 0, 0 }, { 0, 1, 0 }, { 0, 0, 1 } }
		},
		psysprops =
		{
			sparam = 0
		}
	},

	{
		entity_name = "FX_gf_nomadwormhole",
		type = PSYS,
		template_name = "gf_nomadwormhole",
		lt_grp = 0, srt_grp = 0, usr_flg = 0,
		flags = LIT_DYNAMIC + LIT_AMBIENT,
		spatialprops =
		{
			pos = { 0, 0, 0 },
			orient = { { 1, 0, 0 }, { 0, 1, 0 }, { 0, 0, 1 } }
		},
		psysprops =
		{
			sparam = 0
		}
	},

	{
		entity_name = "FX_gf_nomadwormholeopening",
		type = PSYS,
		template_name = "gf_nomadwormholeopening",
		lt_grp = 0, srt_grp = 0, usr_flg = 0,
		flags = LIT_DYNAMIC + LIT_AMBIENT,
		spatialprops =
		{
			pos = { 0, 0, 0 },
			orient = { { 1, 0, 0 }, { 0, 1, 0 }, { 0, 0, 1 } }
		},
		psysprops =
		{
			sparam = 0
		}
	},

	{
		entity_name = "Ship_Juni",
		type = COMPOUND,
		template_name = "or_elite",
		lt_grp = 0, srt_grp = 0, usr_flg = 0,
		flags = LIT_DYNAMIC,
		spatialprops =
		{
			pos = { -12969.18, -5091.926, 8431.247 },
			orient = { { -0.918243, -0.000368, -0.396016 },
					   { -0.000415,  1.000000,  0.000032 },
					   {  0.396016,  0.000194, -0.918243 } }
		},
		userprops =
		{
			category = "Spaceship",
			loadout = "MSN13_Juni",
			running_lights = "true",
		}
	},

	{
		entity_name = "Ship_King",
		type = COMPOUND,
		template_name = "or_elite",
		lt_grp = 0, srt_grp = 0, usr_flg = 0,
		flags = LIT_DYNAMIC,
		spatialprops =
		{
			pos = { -12869.9, -5124.049, 8580.857 },
			orient = { { -0.729374, -0.280241, -0.624082 },
					   { -0.333410,  0.942189, -0.033423 },
					   {  0.597370,  0.183697, -0.780644 } }
		},
		userprops =
		{
			category = "Spaceship",
			loadout = "MSN13_King",
			running_lights = "true",
		}
	},

	{
		entity_name = "Ship_Orillion",
		type = COMPOUND,
		template_name = "or_elite",
		lt_grp = 0, srt_grp = 0, usr_flg = 0,
		flags = LIT_DYNAMIC,
		spatialprops =
		{
			pos = { -12891.63, -5081.432, 8540.423 },
			orient = { { -0.893341,  0.000000, -0.449380 },
					   {  0.000000,  1.000000,  0.000000 },
					   {  0.449380,  0.000000, -0.893341 } }
		},
		userprops =
		{
			category = "Spaceship",
			loadout = "MSN13_Orillian",
			running_lights = "true",
		}
	},

	{
		entity_name = "dyson_city_beam_fizzle_1",
		type = PSYS,
		template_name = "dyson_city_beam_fizzle",
		lt_grp = 0, srt_grp = 0, usr_flg = 0,
		flags = LIT_DYNAMIC + LIT_AMBIENT,
		spatialprops =
		{
			pos = { -17414.64, 0.662041, 21680.11 },
			orient = { { -0.921918,  0.000000,  0.387385 },
					   {  0.000000,  1.000000,  0.000000 },
					   { -0.387385,  0.000000, -0.921918 } }
		},
		psysprops =
		{
			sparam = 0
		}
	},

	{
		entity_name = "dyson_city_beam_fizzle_4",
		type = PSYS,
		template_name = "dyson_city_beam_fizzle",
		lt_grp = 0, srt_grp = 0, usr_flg = 0,
		flags = LIT_DYNAMIC + LIT_AMBIENT,
		spatialprops =
		{
			pos = { -21745.6, 0.661296, 18317.99 },
			orient = { {  0.205193,  0.000000, -0.978722 },
					   {  0.000000,  1.000000,  0.000000 },
					   {  0.978722,  0.000000,  0.205193 } }
		},
		psysprops =
		{
			sparam = 0
		}
	},

	{
		entity_name = "dyson_city_beam_fizzle_5",
		type = PSYS,
		template_name = "dyson_city_beam_fizzle",
		lt_grp = 0, srt_grp = 0, usr_flg = 0,
		flags = LIT_DYNAMIC + LIT_AMBIENT,
		spatialprops =
		{
			pos = { -18403.39, 0.662223, 16568.87 },
			orient = { {  0.996686,  0.000000,  0.081349 },
					   {  0.000000,  1.000000,  0.000000 },
					   { -0.081349,  0.000000,  0.996686 } }
		},
		psysprops =
		{
			sparam = 0
		}
	},

	{
		entity_name = "Cam_Monitor_HJ",
		type = MONITOR,
		template_name = "",
		lt_grp = 0, srt_grp = 0, usr_flg = 0,
		userprops =
		{
			Priority = "Monitor_Moving_1",
		}
	},

	{
		entity_name = "Cam_5",
		type = CAMERA,
		template_name = "",
		lt_grp = 0, srt_grp = 0, usr_flg = 0,
		spatialprops =
		{
			pos = { -14641.57, -6751.527, 13813.77 },
			orient = { { -0.812954,  0.000000, -0.582328 },
					   {  0.501555,  0.508109, -0.700191 },
					   {  0.295886, -0.861293, -0.413069 } }
		},
		cameraprops =
		{
			fovh = 35,
			hvaspect = 1.85,
			nearplane = 5500.001,
			farplane = 35000
		}
	},

	{
		entity_name = "Orillion_fc_or_turret01_mark01_2",
		type = COMPOUND,
		template_name = "fc_or_turret01_mark01",
		lt_grp = 0, srt_grp = 0, usr_flg = 0,
		flags = LIT_DYNAMIC,
		spatialprops =
		{
			pos = { 0, 0, 0 },
			orient = { { 1, 0, 0 }, { 0, 1, 0 }, { 0, 0, 1 } }
		},
		userprops =
		{
			category = "Equipment",
		}
	},

	{
		entity_name = "Ship_Von_Claussen",
		type = COMPOUND,
		template_name = "rh_elite",
		lt_grp = 0, srt_grp = 0, usr_flg = 0,
		flags = LIT_DYNAMIC,
		spatialprops =
		{
			pos = { -12801.44, -5040.525, 8356.817 },
			orient = { { -0.893341,  0.000000, -0.449380 },
					   {  0.000000,  1.000000,  0.000000 },
					   {  0.449380,  0.000000, -0.893341 } }
		},
		userprops =
		{
			category = "Spaceship",
			loadout = "MSN13_Von_Claussen",
			running_lights = "true",
		}
	},

	{
		entity_name = "Von_Claussen_shield01_mark09_hf_2",
		type = COMPOUND,
		template_name = "shield01_mark09_hf",
		lt_grp = 0, srt_grp = 0, usr_flg = 0,
		flags = LIT_DYNAMIC,
		spatialprops =
		{
			pos = { 0, 0, 0 },
			orient = { { 1, 0, 0 }, { 0, 1, 0 }, { 0, 0, 1 } }
		},
		userprops =
		{
			category = "Equipment",
		}
	},

	{
		entity_name = "Von_Claussen_ge_s_thruster_01_3",
		type = COMPOUND,
		template_name = "ge_s_thruster_01",
		lt_grp = 0, srt_grp = 0, usr_flg = 0,
		flags = LIT_DYNAMIC,
		spatialprops =
		{
			pos = { 0, 0, 0 },
			orient = { { 1, 0, 0 }, { 0, 1, 0 }, { 0, 0, 1 } }
		},
		userprops =
		{
			category = "Equipment",
		}
	},

	{
		entity_name = "Von_Claussen_rh_gun01_mark03_4",
		type = COMPOUND,
		template_name = "rh_gun01_mark03",
		lt_grp = 0, srt_grp = 0, usr_flg = 0,
		flags = LIT_DYNAMIC,
		spatialprops =
		{
			pos = { 0, 0, 0 },
			orient = { { 1, 0, 0 }, { 0, 1, 0 }, { 0, 0, 1 } }
		},
		userprops =
		{
			category = "Equipment",
		}
	},

	{
		entity_name = "Von_Claussen_rh_gun01_mark03_2",
		type = COMPOUND,
		template_name = "rh_gun01_mark03",
		lt_grp = 0, srt_grp = 0, usr_flg = 0,
		flags = LIT_DYNAMIC,
		spatialprops =
		{
			pos = { 0, 0, 0 },
			orient = { { 1, 0, 0 }, { 0, 1, 0 }, { 0, 0, 1 } }
		},
		userprops =
		{
			category = "Equipment",
		}
	},

	{
		entity_name = "Von_Claussen_missile01_mark05_5",
		type = COMPOUND,
		template_name = "missile01_mark05",
		lt_grp = 0, srt_grp = 0, usr_flg = 0,
		flags = LIT_DYNAMIC,
		spatialprops =
		{
			pos = { 0, 0, 0 },
			orient = { { 1, 0, 0 }, { 0, 1, 0 }, { 0, 0, 1 } }
		},
		userprops =
		{
			category = "Equipment",
		}
	},

	{
		entity_name = "Von_Claussen_missile01_mark05_6",
		type = COMPOUND,
		template_name = "missile01_mark05",
		lt_grp = 0, srt_grp = 0, usr_flg = 0,
		flags = LIT_DYNAMIC,
		spatialprops =
		{
			pos = { 0, 0, 0 },
			orient = { { 1, 0, 0 }, { 0, 1, 0 }, { 0, 0, 1 } }
		},
		userprops =
		{
			category = "Equipment",
		}
	},

	{
		entity_name = "Von_Claussen_rh_gun01_mark03_6",
		type = COMPOUND,
		template_name = "rh_gun01_mark03",
		lt_grp = 0, srt_grp = 0, usr_flg = 0,
		flags = LIT_DYNAMIC,
		spatialprops =
		{
			pos = { 0, 0, 0 },
			orient = { { 1, 0, 0 }, { 0, 1, 0 }, { 0, 0, 1 } }
		},
		userprops =
		{
			category = "Equipment",
		}
	},

	{
		entity_name = "Von_Claussen_rh_turret01_mark03_7",
		type = COMPOUND,
		template_name = "rh_turret01_mark03",
		lt_grp = 0, srt_grp = 0, usr_flg = 0,
		flags = LIT_DYNAMIC,
		spatialprops =
		{
			pos = { 0, 0, 0 },
			orient = { { 1, 0, 0 }, { 0, 1, 0 }, { 0, 0, 1 } }
		},
		userprops =
		{
			category = "Equipment",
		}
	},

	{
		entity_name = "Von_Claussen_mine01_mark05_8",
		type = COMPOUND,
		template_name = "mine01_mark05",
		lt_grp = 0, srt_grp = 0, usr_flg = 0,
		flags = LIT_DYNAMIC,
		spatialprops =
		{
			pos = { 0, 0, 0 },
			orient = { { 1, 0, 0 }, { 0, 1, 0 }, { 0, 0, 1 } }
		},
		userprops =
		{
			category = "Equipment",
		}
	},

	{
		entity_name = "Von_Claussen_ge_s_cm_03_9",
		type = COMPOUND,
		template_name = "ge_s_cm_03",
		lt_grp = 0, srt_grp = 0, usr_flg = 0,
		flags = LIT_DYNAMIC,
		spatialprops =
		{
			pos = { 0, 0, 0 },
			orient = { { 1, 0, 0 }, { 0, 1, 0 }, { 0, 0, 1 } }
		},
		userprops =
		{
			category = "Equipment",
		}
	},

	{
		entity_name = "ship_PlayerShip",
		type = COMPOUND,
		template_name = "PlayerShip",
		lt_grp = 0, srt_grp = 0, usr_flg = 0,
		flags = LIT_DYNAMIC,
		spatialprops =
		{
			pos = { -13036.18, -5158.587, 8675.383 },
			orient = { { -0.893341,  0.000000, -0.449380 },
					   {  0.000000,  1.000000,  0.000000 },
					   {  0.449380,  0.000000, -0.893341 } }
		},
		userprops =
		{
			category = "Spaceship",
			running_lights = "true",
		}
	},

	{
		entity_name = "ship_Playership_Mk_nitial_Pos",
		type = MARKER,
		template_name = "",
		lt_grp = 0, srt_grp = 0, usr_flg = 0,
		spatialprops =
		{
			pos = { -13115.5, -5158.587, 8833.07 },
			orient = { { -0.893341,  0.000000, -0.449380 },
					   {  0.000000,  1.000000,  0.000000 },
					   {  0.449380,  0.000000, -0.893341 } }
		}
	},

	{
		entity_name = "ship_Juni_Mk_goto",
		type = MARKER,
		template_name = "",
		lt_grp = 0, srt_grp = 0, usr_flg = 0,
		spatialprops =
		{
			pos = { -13129.49, -5130.26, 8793.018 },
			orient = { { -0.825468, -0.267363, -0.497111 },
					   { -0.158993,  0.955177, -0.249714 },
					   {  0.541594, -0.127094, -0.830977 } }
		}
	},

	{
		entity_name = "ship_Orillion_Mk_goto",
		type = MARKER,
		template_name = "",
		lt_grp = 0, srt_grp = 0, usr_flg = 0,
		spatialprops =
		{
			pos = { -13074.81, -5127.43, 8823.785 },
			orient = { { -0.821390,  0.239662, -0.517571 },
					   {  0.247034,  0.967393,  0.055907 },
					   {  0.514093, -0.081936, -0.853812 } }
		}
	},

	{
		entity_name = "ship_King_Mk_goto",
		type = MARKER,
		template_name = "",
		lt_grp = 0, srt_grp = 0, usr_flg = 0,
		spatialprops =
		{
			pos = { -12988.72, -5158.587, 8661.035 },
			orient = { { -0.893341,  0.000000, -0.449380 },
					   {  0.000000,  1.000000,  0.000000 },
					   {  0.449380,  0.000000, -0.893341 } }
		}
	},

	{
		entity_name = "ship_Von_Claussen_Mk_goto",
		type = MARKER,
		template_name = "",
		lt_grp = 0, srt_grp = 0, usr_flg = 0,
		spatialprops =
		{
			pos = { -12996.68, -5117.957, 8618.944 },
			orient = { { -0.893341,  0.000000, -0.449380 },
					   {  0.000000,  1.000000,  0.000000 },
					   {  0.449380,  0.000000, -0.893341 } }
		}
	},

	{
		entity_name = "Cam_5b",
		type = CAMERA,
		template_name = "",
		lt_grp = 0, srt_grp = 0, usr_flg = 0,
		spatialprops =
		{
			pos = { -13345.91, -6043.457, 11978.93 },
			orient = { { -0.813400,  0.000000, -0.581704 },
					   {  0.467825,  0.594317, -0.654162 },
					   {  0.345717, -0.804231, -0.483418 } }
		},
		cameraprops =
		{
			fovh = 35,
			hvaspect = 1.85,
			nearplane = 0.2,
			farplane = 55000.01
		}
	},

	{
		entity_name = "ship_Playership_Path_End",
		type = MOTION_PATH,
		template_name = "",
		lt_grp = 0, srt_grp = 0, usr_flg = 0,
		spatialprops =
		{
			pos = { -13058.93, -5158.587, 8720.63 },
			orient = { {  0.945232,  0.000000,  0.326400 },
					   {  0.000000,  1.000000,  0.000000 },
					   { -0.326400,  0.000000,  0.945232 } }
		},
		pathprops =
		{
			path_type = "CV_CROrientationSplinePath",
			path_data = "OPEN,{0.001032,0.178223,-71.119995}, {1.000000,0.000000,0.000000,0.000000}, {0.000791,0.000000,-2165.713135}, {1.000000,0.000000,0.000000,0.000000}, "
		}
	},

	{
		entity_name = "ship_Orillion_Path_End",
		type = MOTION_PATH,
		template_name = "",
		lt_grp = 0, srt_grp = 0, usr_flg = 0,
		spatialprops =
		{
			pos = { -13042.09, -5153.587, 8607.879 },
			orient = { {  0.945232,  0.000000,  0.326400 },
					   {  0.000000,  1.000000,  0.000000 },
					   { -0.326400,  0.000000,  0.945232 } }
		},
		pathprops =
		{
			path_type = "CV_CROrientationSplinePath",
			path_data = "OPEN,{0.000767,0.000000,-0.833625}, {1.000000,0.000000,0.000000,0.000000}, {0.000758,0.000000,-125.705772}, {1.000000,0.000000,0.000000,0.000000}, {0.000750,0.000000,-250.577927}, {1.000000,0.000000,0.000000,0.000000}, {0.000741,0.000000,-375.450104}, {1.000000,0.000000,0.000000,0.000000}, {0.000733,0.000000,-500.322296}, {1.000000,0.000000,0.000000,0.000000}, {0.000745,0.000000,-625.194458}, {1.000000,0.000000,0.000000,0.000000}, {0.000716,0.000000,-750.066650}, {1.000000,0.000000,0.000000,0.000000}, {0.000519,0.000000,-874.939087}, {1.000000,0.000000,0.000000,0.000000}, {-0.002026,5.928223,-999.818298}, {1.000000,0.000000,0.000000,0.000000}, {0.000502,0.000000,-1124.683350}, {1.000000,0.000000,0.000000,0.000000}, {0.000681,0.000000,-1249.555664}, {1.000000,0.000000,0.000000,0.000000}, {0.000694,0.000000,-1374.427979}, {1.000000,0.000000,0.000000,0.000000}, {0.000664,0.000000,-1499.300049}, {1.000000,0.000000,0.000000,0.000000}, {0.000656,0.000000,-1624.172363}, {1.000000,0.000000,0.000000,0.000000}, {0.000647,0.000000,-1749.044434}, {1.000000,0.000000,0.000000,0.000000}, {0.000639,0.000000,-1873.916382}, {1.000000,0.000000,0.000000,0.000000}, {0.000630,0.000000,-1998.788696}, {1.000000,0.000000,0.000000,0.000000}, "
		}
	},

	{
		entity_name = "ship_Juni_Path_End",
		type = MOTION_PATH,
		template_name = "",
		lt_grp = 0, srt_grp = 0, usr_flg = 0,
		spatialprops =
		{
			pos = { -13001.05, -5165.587, 8631.456 },
			orient = { {  0.945232,  0.000000,  0.326400 },
					   {  0.000000,  1.000000,  0.000000 },
					   { -0.326400,  0.000000,  0.945232 } }
		},
		pathprops =
		{
			path_type = "CV_CROrientationSplinePath",
			path_data = "OPEN,{0.000495,0.000000,-0.845901}, {1.000000,0.000000,0.000000,0.000000}, {0.000634,0.000000,-127.470787}, {1.000000,0.000000,0.000000,0.000000}, {0.000773,0.000000,-254.095688}, {1.000000,0.000000,0.000000,0.000000}, {0.000913,0.000000,-380.720612}, {1.000000,0.000000,0.000000,0.000000}, {0.001052,0.000000,-507.345520}, {1.000000,0.000000,0.000000,0.000000}, {0.001191,0.000000,-633.970459}, {1.000000,0.000000,0.000000,0.000000}, {0.001330,0.000000,-760.595398}, {1.000000,0.000000,0.000000,0.000000}, {-6.541828,0.000000,-889.502747}, {0.999836,0.000000,0.000000,0.018117}, {0.001609,0.000000,-1013.845154}, {1.000000,0.000000,0.000000,0.000000}, {0.001748,0.000000,-1140.469971}, {1.000000,0.000000,0.000000,0.000000}, {0.001887,0.000000,-1267.094849}, {1.000000,0.000000,0.000000,0.000000}, {0.002026,0.000000,-1393.719849}, {1.000000,0.000000,0.000000,0.000000}, {0.002165,0.000000,-1520.344727}, {1.000000,0.000000,0.000000,0.000000}, {0.002304,0.000000,-1646.969482}, {1.000000,0.000000,0.000000,0.000000}, {0.002444,0.000000,-1773.594360}, {1.000000,0.000000,0.000000,0.000000}, {0.002583,0.000000,-1900.219360}, {1.000000,0.000000,0.000000,0.000000}, {0.002722,0.000000,-2026.844238}, {1.000000,0.000000,0.000000,0.000000}, "
		}
	},

	{
		entity_name = "ship_King_Path_End",
		type = MOTION_PATH,
		template_name = "",
		lt_grp = 0, srt_grp = 0, usr_flg = 0,
		spatialprops =
		{
			pos = { -12988.71, -5158.587, 8656.784 },
			orient = { {  0.945232,  0.000000,  0.326400 },
					   {  0.000000,  1.000000,  0.000000 },
					   { -0.326400,  0.000000,  0.945232 } }
		},
		pathprops =
		{
			path_type = "CV_CROrientationSplinePath",
			path_data = "OPEN,{-0.000280,0.249512,-0.837793}, {1.000000,0.000000,0.000000,0.000000}, {-0.000321,0.233918,-126.365158}, {1.000000,0.000000,0.000000,0.000000}, {-0.000362,0.218323,-251.892517}, {1.000000,0.000000,0.000000,0.000000}, {-0.000404,0.202728,-377.419891}, {1.000000,0.000000,0.000000,0.000000}, {-0.000445,0.187134,-502.947327}, {1.000000,0.000000,0.000000,0.000000}, {-0.000486,0.171539,-628.474731}, {1.000000,0.000000,0.000000,0.000000}, {-0.000528,0.155945,-754.002197}, {1.000000,0.000000,0.000000,0.000000}, {-0.002913,4.865234,-879.536621}, {1.000000,0.000000,0.000000,0.000000}, {-0.000610,0.124756,-1005.056946}, {1.000000,0.000000,0.000000,0.000000}, {-0.000651,0.109161,-1130.584473}, {1.000000,0.000000,0.000000,0.000000}, {-0.000693,0.093567,-1256.111694}, {1.000000,0.000000,0.000000,0.000000}, {-0.000734,0.077972,-1381.639038}, {1.000000,0.000000,0.000000,0.000000}, {-0.000775,0.062378,-1507.166504}, {1.000000,0.000000,0.000000,0.000000}, {-0.000816,0.046784,-1632.693726}, {1.000000,0.000000,0.000000,0.000000}, {-0.000857,0.031189,-1758.221191}, {1.000000,0.000000,0.000000,0.000000}, {-0.000899,0.015594,-1883.748657}, {1.000000,0.000000,0.000000,0.000000}, {-0.000940,0.000000,-2009.276001}, {1.000000,0.000000,0.000000,0.000000}, "
		}
	},

	{
		entity_name = "ship_Von_Claussen_Path_End",
		type = MOTION_PATH,
		template_name = "",
		lt_grp = 0, srt_grp = 0, usr_flg = 0,
		spatialprops =
		{
			pos = { -13074.99, -5158.587, 8623.033 },
			orient = { {  0.945232,  0.000000,  0.326400 },
					   {  0.000000,  1.000000,  0.000000 },
					   { -0.326400,  0.000000,  0.945232 } }
		},
		pathprops =
		{
			path_type = "CV_CROrientationSplinePath",
			path_data = "OPEN,{0.000436,0.284180,-0.833551}, {1.000000,0.000000,0.000000,0.000000}, {0.000551,0.266419,-125.625298}, {1.000000,0.000000,0.000000,0.000000}, {0.000666,0.248657,-250.416992}, {1.000000,0.000000,0.000000,0.000000}, {0.000780,0.230896,-375.208771}, {1.000000,0.000000,0.000000,0.000000}, {0.000895,0.213135,-500.000427}, {1.000000,0.000000,0.000000,0.000000}, {0.001010,0.195374,-624.792114}, {1.000000,0.000000,0.000000,0.000000}, {0.001125,0.177613,-749.583801}, {1.000000,0.000000,0.000000,0.000000}, {0.001239,0.159851,-874.375549}, {1.000000,0.000000,0.000000,0.000000}, {0.001879,8.427246,-999.167480}, {1.000000,0.000000,0.000000,0.000000}, {0.001469,0.124329,-1123.958984}, {1.000000,0.000000,0.000000,0.000000}, {0.001583,0.106568,-1248.750732}, {1.000000,0.000000,0.000000,0.000000}, {0.001698,0.088806,-1373.542358}, {1.000000,0.000000,0.000000,0.000000}, {0.001813,0.071045,-1498.334106}, {1.000000,0.000000,0.000000,0.000000}, {0.001928,0.053284,-1623.126099}, {1.000000,0.000000,0.000000,0.000000}, {0.002043,0.035523,-1747.917725}, {1.000000,0.000000,0.000000,0.000000}, {0.002157,0.017761,-1872.709229}, {1.000000,0.000000,0.000000,0.000000}, {0.002272,0.000000,-1997.501221}, {1.000000,0.000000,0.000000,0.000000}, "
		}
	},

	{
		entity_name = "ship_Von_Claussen_FX_gf_rh_smallengine01_1",
		type = PSYS,
		template_name = "gf_rh_smallengine01",
		lt_grp = 0, srt_grp = 0, usr_flg = 0,
		flags = LIT_DYNAMIC + LIT_AMBIENT,
		spatialprops =
		{
			pos = { 0, 0, 0 },
			orient = { { 1, 0, 0 }, { 0, 1, 0 }, { 0, 0, 1 } }
		},
		psysprops =
		{
			sparam = 0
		}
	},

	{
		entity_name = "SFX_l_missile_launch_4",
		type = SOUND,
		template_name = "l_missile_launch",
		lt_grp = 0, srt_grp = 0, usr_flg = 0,
		spatialprops =
		{
			pos = { 0, 0, 0 },
			orient = { { 1, 0, 0 }, { 0, 1, 0 }, { 0, 0, 1 } }
		},
		audioprops =
		{
			attenuation = 0,
			pan = 0,
			dmin = 30,
			dmax = 500,
			ain = 360,
			aout = 360,
			atout = 0,
			rmix = 0,
		},
		userprops =
		{
			category = "Audio",
		}
	},

	{
		entity_name = "SFX_asteroid_explosion_5",
		type = SOUND,
		template_name = "asteroid_explosion",
		lt_grp = 0, srt_grp = 0, usr_flg = 0,
		spatialprops =
		{
			pos = { 0, 0, 0 },
			orient = { { 1, 0, 0 }, { 0, 1, 0 }, { 0, 0, 1 } }
		},
		audioprops =
		{
			attenuation = 0,
			pan = 0,
			dmin = 100,
			dmax = 1000,
			ain = 360,
			aout = 360,
			atout = 0,
			rmix = 0,
		},
		userprops =
		{
			category = "Audio",
		}
	},

	{
		entity_name = "nebula_discharge_energy01_6",
		type = SOUND,
		template_name = "nebula_discharge_energy01",
		lt_grp = 0, srt_grp = 0, usr_flg = 0,
		spatialprops =
		{
			pos = { 0, 0, 0 },
			orient = { { 1, 0, 0 }, { 0, 1, 0 }, { 0, 0, 1 } }
		},
		audioprops =
		{
			attenuation = 0,
			pan = 0,
			dmin = 300,
			dmax = 8999.999,
			ain = 360,
			aout = 360,
			atout = 0,
			rmix = 0,
		},
		userprops =
		{
			category = "Audio",
		}
	},

	{
		entity_name = "nebula_discharge_energy02_7",
		type = SOUND,
		template_name = "nebula_discharge_energy02",
		lt_grp = 0, srt_grp = 0, usr_flg = 0,
		spatialprops =
		{
			pos = { 0, 0, 0 },
			orient = { { 1, 0, 0 }, { 0, 1, 0 }, { 0, 0, 1 } }
		},
		audioprops =
		{
			attenuation = 0,
			pan = 0,
			dmin = 300,
			dmax = 8999.999,
			ain = 360,
			aout = 360,
			atout = 0,
			rmix = 0,
		},
		userprops =
		{
			category = "Audio",
		}
	},

	{
		entity_name = "ship_Von_Claussen_FX_gf_rh_smallengine01_2",
		type = PSYS,
		template_name = "gf_rh_smallengine01",
		lt_grp = 0, srt_grp = 0, usr_flg = 0,
		flags = LIT_DYNAMIC + LIT_AMBIENT,
		spatialprops =
		{
			pos = { 0, 0, 0 },
			orient = { { 1, 0, 0 }, { 0, 1, 0 }, { 0, 0, 1 } }
		},
		psysprops =
		{
			sparam = 0
		}
	},

	{
		entity_name = "Ship_Playership_FX_Engines_3",
		type = PSYS,
		template_name = "PlayerShipEngines",
		lt_grp = 0, srt_grp = 0, usr_flg = 0,
		flags = LIT_DYNAMIC + LIT_AMBIENT,
		spatialprops =
		{
			pos = { 0, 0, 0 },
			orient = { { 1, 0, 0 }, { 0, 1, 0 }, { 0, 0, 1 } }
		},
		psysprops =
		{
			sparam = 0
		}
	},

	{
		entity_name = "ship_Orillion_FX_gf_co_smallengine02_fire_41",
		type = PSYS,
		template_name = "gf_co_smallengine02_fire",
		lt_grp = 0, srt_grp = 0, usr_flg = 0,
		flags = LIT_DYNAMIC + LIT_AMBIENT,
		spatialprops =
		{
			pos = { 0, 0, 0 },
			orient = { { 1, 0, 0 }, { 0, 1, 0 }, { 0, 0, 1 } }
		},
		psysprops =
		{
			sparam = 0
		}
	},

	{
		entity_name = "ship_Orillion_FX_gf_co_smallengine02_fire_42",
		type = PSYS,
		template_name = "gf_co_smallengine02_fire",
		lt_grp = 0, srt_grp = 0, usr_flg = 0,
		flags = LIT_DYNAMIC + LIT_AMBIENT,
		spatialprops =
		{
			pos = { 0, 0, 0 },
			orient = { { 1, 0, 0 }, { 0, 1, 0 }, { 0, 0, 1 } }
		},
		psysprops =
		{
			sparam = 0
		}
	},

	{
		entity_name = "ship_Orillion_FX_gf_co_smallengine02_fire_43",
		type = PSYS,
		template_name = "gf_co_smallengine02_fire",
		lt_grp = 0, srt_grp = 0, usr_flg = 0,
		flags = LIT_DYNAMIC + LIT_AMBIENT,
		spatialprops =
		{
			pos = { 0, 0, 0 },
			orient = { { 1, 0, 0 }, { 0, 1, 0 }, { 0, 0, 1 } }
		},
		psysprops =
		{
			sparam = 0
		}
	},

	{
		entity_name = "ship_Juni_FX_gf_co_smallengine02_fire_41",
		type = PSYS,
		template_name = "gf_co_smallengine02_fire",
		lt_grp = 0, srt_grp = 0, usr_flg = 0,
		flags = LIT_DYNAMIC + LIT_AMBIENT,
		spatialprops =
		{
			pos = { 0, 0, 0 },
			orient = { { 1, 0, 0 }, { 0, 1, 0 }, { 0, 0, 1 } }
		},
		psysprops =
		{
			sparam = 0
		}
	},

	{
		entity_name = "ship_Juni_FX_gf_co_smallengine02_fire_42",
		type = PSYS,
		template_name = "gf_co_smallengine02_fire",
		lt_grp = 0, srt_grp = 0, usr_flg = 0,
		flags = LIT_DYNAMIC + LIT_AMBIENT,
		spatialprops =
		{
			pos = { 0, 0, 0 },
			orient = { { 1, 0, 0 }, { 0, 1, 0 }, { 0, 0, 1 } }
		},
		psysprops =
		{
			sparam = 0
		}
	},

	{
		entity_name = "ship_Juni_FX_gf_co_smallengine02_fire_43",
		type = PSYS,
		template_name = "gf_co_smallengine02_fire",
		lt_grp = 0, srt_grp = 0, usr_flg = 0,
		flags = LIT_DYNAMIC + LIT_AMBIENT,
		spatialprops =
		{
			pos = { 0, 0, 0 },
			orient = { { 1, 0, 0 }, { 0, 1, 0 }, { 0, 0, 1 } }
		},
		psysprops =
		{
			sparam = 0
		}
	},

	{
		entity_name = "ship_King_FX_gf_co_smallengine02_fire_41",
		type = PSYS,
		template_name = "gf_co_smallengine02_fire",
		lt_grp = 0, srt_grp = 0, usr_flg = 0,
		flags = LIT_DYNAMIC + LIT_AMBIENT,
		spatialprops =
		{
			pos = { 0, 0, 0 },
			orient = { { 1, 0, 0 }, { 0, 1, 0 }, { 0, 0, 1 } }
		},
		psysprops =
		{
			sparam = 0
		}
	},

	{
		entity_name = "ship_King_FX_gf_co_smallengine02_fire_42",
		type = PSYS,
		template_name = "gf_co_smallengine02_fire",
		lt_grp = 0, srt_grp = 0, usr_flg = 0,
		flags = LIT_DYNAMIC + LIT_AMBIENT,
		spatialprops =
		{
			pos = { 0, 0, 0 },
			orient = { { 1, 0, 0 }, { 0, 1, 0 }, { 0, 0, 1 } }
		},
		psysprops =
		{
			sparam = 0
		}
	},

	{
		entity_name = "ship_King_FX_gf_co_smallengine02_fire_43",
		type = PSYS,
		template_name = "gf_co_smallengine02_fire",
		lt_grp = 0, srt_grp = 0, usr_flg = 0,
		flags = LIT_DYNAMIC + LIT_AMBIENT,
		spatialprops =
		{
			pos = { 0, 0, 0 },
			orient = { { 1, 0, 0 }, { 0, 1, 0 }, { 0, 0, 1 } }
		},
		psysprops =
		{
			sparam = 0
		}
	},

	{
		entity_name = "Cam_1_FX_rtc_fadeblack_variable",
		type = PSYS,
		template_name = "rtc_fadeblack_variable",
		lt_grp = 0, srt_grp = 0, usr_flg = 0,
		flags = LIT_DYNAMIC + LIT_AMBIENT,
		spatialprops =
		{
			pos = { 0, 0, 0 },
			orient = { { 1, 0, 0 }, { 0, 1, 0 }, { 0, 0, 1 } }
		},
		psysprops =
		{
			sparam = 0
		}
	},

	{
		entity_name = "ZZ_Mk_asteroids",
		type = MARKER,
		template_name = "",
		lt_grp = 0, srt_grp = 0, usr_flg = 0,
		spatialprops =
		{
			pos = { -9069.386, -6180.391, -3661.58 },
			orient = { { -0.096514,  0.000000,  0.995332 },
					   {  0.000000,  1.000000,  0.000000 },
					   { -0.995332,  0.000000, -0.096514 } }
		}
	},

	{
		entity_name = "ZA_no_fighter_1",
		type = COMPOUND,
		template_name = "no_fighter",
		lt_grp = 0, srt_grp = 0, usr_flg = 0,
		flags = LIT_DYNAMIC,
		spatialprops =
		{
			pos = { 0, -3872.006, 0 },
			orient = { { -0.816870,  0.000001, -0.576822 },
					   {  0.216525,  0.926873, -0.306631 },
					   {  0.534641, -0.375374, -0.757135 } }
		},
		userprops =
		{
			category = "Spaceship",
		}
	},

	{
		entity_name = "ZA_Path_Nomad",
		type = MOTION_PATH,
		template_name = "",
		lt_grp = 0, srt_grp = 0, usr_flg = 0,
		spatialprops =
		{
			pos = { -12476.65, 5101.509, 9258.377 },
			orient = { { -0.895967,  0.312734,  0.315342 },
					   {  0.215325,  0.926888, -0.307430 },
					   { -0.388431, -0.207546, -0.897801 } }
		},
		pathprops =
		{
			path_type = "CV_CROrientationSplinePath",
			path_data = "OPEN,{7.295164,-7.656593,18.995333}, {1.000000,0.000000,0.000000,0.000000}, {9221.215820,940.112427,-8977.366211}, {0.481283,0.214878,0.849291,0.029985}, "
		}
	},

	{
		entity_name = "ZA_FX_gf_explosion_no_fighter_1",
		type = PSYS,
		template_name = "gf_explosion_no_fighter",
		lt_grp = 0, srt_grp = 0, usr_flg = 0,
		flags = LIT_DYNAMIC + LIT_AMBIENT,
		spatialprops =
		{
			pos = { 0, 0, 0 },
			orient = { { 1, 0, 0 }, { 0, 1, 0 }, { 0, 0, 1 } }
		},
		psysprops =
		{
			sparam = 0
		}
	},

	{
		entity_name = "ZA_Mk_Rotate_Nomad1",
		type = MARKER,
		template_name = "",
		lt_grp = 0, srt_grp = 0, usr_flg = 0,
		spatialprops =
		{
			pos = { 0, 0, 0 },
			orient = { {  0.642938,  0.679900, -0.352655 },
					   { -0.519592,  0.725462,  0.451364 },
					   {  0.562720, -0.106962,  0.819698 } }
		}
	},

	{
		entity_name = "ZZ_ast_nomad01_asteroid_small",
		type = COMPOUND,
		template_name = "nomad01_asteroid10",
		lt_grp = 0, srt_grp = 0, usr_flg = 0,
		flags = LIT_DYNAMIC,
		spatialprops =
		{
			pos = { -12879.13, -5300.236, 8327.28 },
			orient = { { -0.096514,  0.000000,  0.995332 },
					   {  0.000000,  1.000000,  0.000000 },
					   { -0.995332,  0.000000, -0.096514 } }
		},
		userprops =
		{
			category = "Asteroid",
		}
	},

	{
		entity_name = "ZZ_ast_nomad01_asteroid60_medium_large",
		type = COMPOUND,
		template_name = "nomad01_asteroid60",
		lt_grp = 0, srt_grp = 0, usr_flg = 0,
		flags = LIT_DYNAMIC,
		spatialprops =
		{
			pos = { -13331.05, -5300.236, 7384.34 },
			orient = { { -0.096514,  0.000000,  0.995332 },
					   {  0.000000,  1.000000,  0.000000 },
					   { -0.995332,  0.000000, -0.096514 } }
		},
		userprops =
		{
			category = "Asteroid",
		}
	},

	{
		entity_name = "ZZ_ast_nomad01_asteroid30_Medium",
		type = COMPOUND,
		template_name = "nomad01_asteroid30",
		lt_grp = 0, srt_grp = 0, usr_flg = 0,
		flags = LIT_DYNAMIC,
		spatialprops =
		{
			pos = { -13063.81, -5300.236, 7068.367 },
			orient = { { -0.096514,  0.000000,  0.995332 },
					   {  0.000000,  1.000000,  0.000000 },
