duration = 90.011;

entities =
{

	{
		entity_name = "Layer_Scene_s003x",
		type = SCENE,
		template_name = "",
		lt_grp = 0, srt_grp = 0, usr_flg = 0,
		spatialprops =
		{
			pos = { 0, 0, 0 },
			orient = { { 1, 0, 0 }, { 0, 1, 0 }, { 0, 0, 1 } }
		},
		up = Y_AXIS,
		front = Z_AXIS,
		ambient = { 128, 128, 128 }
	},

	{
		entity_name = "Char_trent",
		type = DEFORMABLE,
		template_name = "trent",
		lt_grp = 0, srt_grp = 0, usr_flg = 0,
		flags = LIT_DYNAMIC,
		spatialprops =
		{
			pos = { -11.82536, 0, 4.289717 },
			orient = { {  0.138884,  0.000000,  0.990309 },
					   {  0.000000,  1.000000,  0.000000 },
					   { -0.990309,  0.000000,  0.138884 } }
		},
		compoundprops =
		{
			floor_height = 0
		},
		userprops =
		{
			actor = "Player",
			category = "Character",
		}
	},

	{
		entity_name = "Char_bartender",
		type = DEFORMABLE,
		template_name = "li_manhattan_bartender",
		lt_grp = 0, srt_grp = 0, usr_flg = 0,
		flags = LIT_DYNAMIC,
		spatialprops =
		{
			pos = { 5.368643, 0, -0.779677 },
			orient = { {  0.199938, -0.010213, -0.979755 },
					   { -0.031960,  0.999346, -0.016939 },
					   {  0.979287,  0.034700,  0.199481 } }
		},
		compoundprops =
		{
			floor_height = 0
		},
		userprops =
		{
			actor = "story_bartender",
			category = "Character",
		}
	},

	{
		entity_name = "Cam_Monitor_s003x",
		type = MONITOR,
		template_name = "",
		lt_grp = 0, srt_grp = 0, usr_flg = 0,
		userprops =
		{
			Priority = "Monitor_Moving_1",
		}
	},

	{
		entity_name = "Cam_02_Wide_Crane_B",
		type = CAMERA,
		template_name = "",
		lt_grp = 0, srt_grp = 0, usr_flg = 0,
		flags = HIDDEN,
		spatialprops =
		{
			pos = { 1.257294, 1.437169, -0.659346 },
			orient = { {  0.229035, -0.000547, -0.973418 },
					   { -0.028606,  0.999564, -0.007292 },
					   {  0.972998,  0.029515,  0.228920 } }
		},
		cameraprops =
		{
			fovh = 30,
			hvaspect = 1.85,
			nearplane = 0.4,
			farplane = 100
		}
	},

	{
		entity_name = "Cam_03_OTS_Float_Trent_B",
		type = CAMERA,
		template_name = "",
		lt_grp = 0, srt_grp = 0, usr_flg = 0,
		flags = HIDDEN,
		spatialprops =
		{
			pos = { -0.578335, 1.828723, -1.967544 },
			orient = { { -0.959566,  0.000000, -0.281484 },
					   { -0.049681,  0.984301,  0.169359 },
					   {  0.277065,  0.176496, -0.944502 } }
		},
		cameraprops =
		{
			fovh = 20,
			hvaspect = 1.85,
			nearplane = 0.4,
			farplane = 100
		}
	},

	{
		entity_name = "Zg/PC/Player/01/A/Stand",
		type = MARKER,
		template_name = "",
		lt_grp = 0, srt_grp = 0, usr_flg = 0,
		flags = REFERENCE,
		spatialprops =
		{
			pos = { -6.825219, 0, 3.603484 },
			orient = { {  0.067779,  0.000000,  0.997700 },
					   {  0.000000,  1.000000,  0.000000 },
					   { -0.997700,  0.000000,  0.067779 } }
		}
	},

	{
		entity_name = "Cam_11_PCU_Static",
		type = CAMERA,
		template_name = "",
		lt_grp = 0, srt_grp = 0, usr_flg = 0,
		flags = HIDDEN,
		spatialprops =
		{
			pos = { -0.473204, 1.6866, -1.227705 },
			orient = { { -0.886031,  0.000000, -0.463626 },
					   { -0.028636,  0.998091,  0.054726 },
					   {  0.462741,  0.061765, -0.884339 } }
		},
		cameraprops =
		{
			fovh = 20,
			hvaspect = 1.85,
			nearplane = 0.4,
			farplane = 100
		}
	},

	{
		entity_name = "Cam_14_ACU_Static_li_barkeep",
		type = CAMERA,
		template_name = "",
		lt_grp = 0, srt_grp = 0, usr_flg = 0,
		flags = HIDDEN,
		spatialprops =
		{
			pos = { -0.377839, 1.667111, -0.549891 },
			orient = { {  0.883361,  0.000000, -0.468693 },
					   { -0.031500,  0.997739, -0.059370 },
					   {  0.467633,  0.067209,  0.881364 } }
		},
		cameraprops =
		{
			fovh = 20,
			hvaspect = 1.85,
			nearplane = 0.4,
			farplane = 100
		}
	},

	{
		entity_name = "Cam_13_Mdm_Static",
		type = CAMERA,
		template_name = "",
		lt_grp = 0, srt_grp = 0, usr_flg = 0,
		flags = HIDDEN,
		spatialprops =
		{
			pos = { 0.050202, 1.715935, -2.768667 },
			orient = { { -0.872510,  0.000000, -0.488597 },
					   { -0.044278,  0.995885,  0.079070 },
					   {  0.486586,  0.090623, -0.868920 } }
		},
		cameraprops =
		{
			fovh = 15,
			hvaspect = 1.85,
			nearplane = 0.4,
			farplane = 100
		}
	},

	{
		entity_name = "dx_s003x_0101_Trent_1",
		type = SOUND,
		template_name = "dx_s003x_0101_Trent",
		lt_grp = 0, srt_grp = 0, usr_flg = 0,
		spatialprops =
		{
			pos = { 0, 0, 0 },
			orient = { { 1, 0, 0 }, { 0, 1, 0 }, { 0, 0, 1 } }
		},
		audioprops =
		{
			attenuation = -3,
			pan = 0,
			dmin = 50,
			dmax = 1000,
			ain = 360,
			aout = 360,
			atout = 0,
			rmix = 0,
		},
		userprops =
		{
			category = "Audio",
		}
	},

	{
		entity_name = "dx_s003x_0201_manhtn_bar_2",
		type = SOUND,
		template_name = "dx_s003x_0201_manhtn_bar",
		lt_grp = 0, srt_grp = 0, usr_flg = 0,
		spatialprops =
		{
			pos = { 0, 0, 0 },
			orient = { { 1, 0, 0 }, { 0, 1, 0 }, { 0, 0, 1 } }
		},
		audioprops =
		{
			attenuation = -3,
			pan = 0,
			dmin = 50,
			dmax = 1000,
			ain = 360,
			aout = 360,
			atout = 0,
			rmix = 0,
		},
		userprops =
		{
			category = "Audio",
		}
	},

	{
		entity_name = "dx_s003x_0301_Trent_3",
		type = SOUND,
		template_name = "dx_s003x_0301_Trent",
		lt_grp = 0, srt_grp = 0, usr_flg = 0,
		spatialprops =
		{
			pos = { 0, 0, 0 },
			orient = { { 1, 0, 0 }, { 0, 1, 0 }, { 0, 0, 1 } }
		},
		audioprops =
		{
			attenuation = -3,
			pan = 0,
			dmin = 50,
			dmax = 1000,
			ain = 360,
			aout = 360,
			atout = 0,
			rmix = 0,
		},
		userprops =
		{
			category = "Audio",
		}
	},

	{
		entity_name = "dx_s003x_0401_manhtn_bar_4",
		type = SOUND,
		template_name = "dx_s003x_0401_manhtn_bar",
		lt_grp = 0, srt_grp = 0, usr_flg = 0,
		spatialprops =
		{
			pos = { 0, 0, 0 },
			orient = { { 1, 0, 0 }, { 0, 1, 0 }, { 0, 0, 1 } }
		},
		audioprops =
		{
			attenuation = -3,
			pan = 0,
			dmin = 50,
			dmax = 1000,
			ain = 360,
			aout = 360,
			atout = 0,
			rmix = 0,
		},
		userprops =
		{
			category = "Audio",
		}
	},

	{
		entity_name = "dx_s003x_0501_Trent_5",
		type = SOUND,
		template_name = "dx_s003x_0501_Trent",
		lt_grp = 0, srt_grp = 0, usr_flg = 0,
		spatialprops =
		{
			pos = { 0, 0, 0 },
			orient = { { 1, 0, 0 }, { 0, 1, 0 }, { 0, 0, 1 } }
		},
		audioprops =
		{
			attenuation = -3,
			pan = 0,
			dmin = 50,
			dmax = 1000,
			ain = 360,
			aout = 360,
			atout = 0,
			rmix = 0,
		},
		userprops =
		{
			category = "Audio",
		}
	},

	{
		entity_name = "dx_s003x_0601_manhtn_bar_6",
		type = SOUND,
		template_name = "dx_s003x_0601_manhtn_bar",
		lt_grp = 0, srt_grp = 0, usr_flg = 0,
		spatialprops =
		{
			pos = { 0, 0, 0 },
			orient = { { 1, 0, 0 }, { 0, 1, 0 }, { 0, 0, 1 } }
		},
		audioprops =
		{
			attenuation = -3,
			pan = 0,
			dmin = 50,
			dmax = 1000,
			ain = 360,
			aout = 360,
			atout = 0,
			rmix = 0,
		},
		userprops =
		{
			category = "Audio",
		}
	},

	{
		entity_name = "dx_s003x_0602_manhtn_bar_7",
		type = SOUND,
		template_name = "dx_s003x_0602_manhtn_bar",
		lt_grp = 0, srt_grp = 0, usr_flg = 0,
		spatialprops =
		{
			pos = { 0, 0, 0 },
			orient = { { 1, 0, 0 }, { 0, 1, 0 }, { 0, 0, 1 } }
		},
		audioprops =
		{
			attenuation = -3,
			pan = 0,
			dmin = 50,
			dmax = 1000,
			ain = 360,
			aout = 360,
			atout = 0,
			rmix = 0,
		},
		userprops =
		{
			category = "Audio",
		}
	},

	{
		entity_name = "dx_s003x_0701_Trent_8",
		type = SOUND,
		template_name = "dx_s003x_0701_Trent",
		lt_grp = 0, srt_grp = 0, usr_flg = 0,
		spatialprops =
		{
			pos = { 0, 0, 0 },
			orient = { { 1, 0, 0 }, { 0, 1, 0 }, { 0, 0, 1 } }
		},
		audioprops =
		{
			attenuation = -3,
			pan = 0,
			dmin = 50,
			dmax = 1000,
			ain = 360,
			aout = 360,
			atout = 0,
			rmix = 0,
		},
		userprops =
		{
			category = "Audio",
		}
	},

	{
		entity_name = "dx_s003x_1001_manhtn_bar_11",
		type = SOUND,
		template_name = "dx_s003x_1001_manhtn_bar",
		lt_grp = 0, srt_grp = 0, usr_flg = 0,
		spatialprops =
		{
			pos = { 0, 0, 0 },
			orient = { { 1, 0, 0 }, { 0, 1, 0 }, { 0, 0, 1 } }
		},
		audioprops =
		{
			attenuation = -3,
			pan = 0,
			dmin = 50,
			dmax = 1000,
			ain = 360,
			aout = 360,
			atout = 0,
			rmix = 0,
		},
		userprops =
		{
			category = "Audio",
		}
	},

	{
		entity_name = "dx_s003x_1101_Trent_12",
		type = SOUND,
		template_name = "dx_s003x_1101_Trent",
		lt_grp = 0, srt_grp = 0, usr_flg = 0,
		spatialprops =
		{
			pos = { 0, 0, 0 },
			orient = { { 1, 0, 0 }, { 0, 1, 0 }, { 0, 0, 1 } }
		},
		audioprops =
		{
			attenuation = -3,
			pan = 0,
			dmin = 50,
			dmax = 1000,
			ain = 360,
			aout = 360,
			atout = 0,
			rmix = 0,
		},
		userprops =
		{
			category = "Audio",
		}
	},

	{
		entity_name = "dx_s003x_1201_manhtn_bar_13",
		type = SOUND,
		template_name = "dx_s003x_1201_manhtn_bar",
		lt_grp = 0, srt_grp = 0, usr_flg = 0,
		spatialprops =
		{
			pos = { 0, 0, 0 },
			orient = { { 1, 0, 0 }, { 0, 1, 0 }, { 0, 0, 1 } }
		},
		audioprops =
		{
			attenuation = -3,
			pan = 0,
			dmin = 50,
			dmax = 1000,
			ain = 360,
			aout = 360,
			atout = 0,
			rmix = 0,
		},
		userprops =
		{
			category = "Audio",
		}
	},

	{
		entity_name = "dx_s003x_1202_manhtn_bar_14",
		type = SOUND,
		template_name = "dx_s003x_1202_manhtn_bar",
		lt_grp = 0, srt_grp = 0, usr_flg = 0,
		spatialprops =
		{
			pos = { 0, 0, 0 },
			orient = { { 1, 0, 0 }, { 0, 1, 0 }, { 0, 0, 1 } }
		},
		audioprops =
		{
			attenuation = -3,
			pan = 0,
			dmin = 50,
			dmax = 1000,
			ain = 360,
			aout = 360,
			atout = 0,
			rmix = 0,
		},
		userprops =
		{
			category = "Audio",
		}
	},

	{
		entity_name = "dx_s003x_1301_Trent_15",
		type = SOUND,
		template_name = "dx_s003x_1301_Trent",
		lt_grp = 0, srt_grp = 0, usr_flg = 0,
		spatialprops =
		{
			pos = { 0, 0, 0 },
			orient = { { 1, 0, 0 }, { 0, 1, 0 }, { 0, 0, 1 } }
		},
		audioprops =
		{
			attenuation = -3,
			pan = 0,
			dmin = 50,
			dmax = 1000,
			ain = 360,
			aout = 360,
			atout = 0,
			rmix = 0,
		},
		userprops =
		{
			category = "Audio",
		}
	},

	{
		entity_name = "dx_s003x_1401_manhtn_bar_16",
		type = SOUND,
		template_name = "dx_s003x_1401_manhtn_bar",
		lt_grp = 0, srt_grp = 0, usr_flg = 0,
		spatialprops =
		{
			pos = { 0, 0, 0 },
			orient = { { 1, 0, 0 }, { 0, 1, 0 }, { 0, 0, 1 } }
		},
		audioprops =
		{
			attenuation = -3,
			pan = 0,
			dmin = 50,
			dmax = 1000,
			ain = 360,
			aout = 360,
			atout = 0,
			rmix = 0,
		},
		userprops =
		{
			category = "Audio",
		}
	},

	{
		entity_name = "dx_s003x_1402_manhtn_bar_17",
		type = SOUND,
		template_name = "dx_s003x_1402_manhtn_bar",
		lt_grp = 0, srt_grp = 0, usr_flg = 0,
		spatialprops =
		{
			pos = { 0, 0, 0 },
			orient = { { 1, 0, 0 }, { 0, 1, 0 }, { 0, 0, 1 } }
		},
		audioprops =
		{
			attenuation = -3,
			pan = 0,
			dmin = 50,
			dmax = 1000,
			ain = 360,
			aout = 360,
			atout = 0,
			rmix = 0,
		},
		userprops =
		{
			category = "Audio",
		}
	},

	{
		entity_name = "dx_s003x_1501_Trent_18",
		type = SOUND,
		template_name = "dx_s003x_1501_Trent",
		lt_grp = 0, srt_grp = 0, usr_flg = 0,
		spatialprops =
		{
			pos = { 0, 0, 0 },
			orient = { { 1, 0, 0 }, { 0, 1, 0 }, { 0, 0, 1 } }
		},
		audioprops =
		{
			attenuation = -3,
			pan = 0,
			dmin = 50,
			dmax = 1000,
			ain = 360,
			aout = 360,
			atout = 0,
			rmix = 0,
		},
		userprops =
		{
			category = "Audio",
		}
	},

	{
		entity_name = "dx_s003x_1601_manhtn_bar_19",
		type = SOUND,
		template_name = "dx_s003x_1601_manhtn_bar",
		lt_grp = 0, srt_grp = 0, usr_flg = 0,
		spatialprops =
		{
			pos = { 0, 0, 0 },
			orient = { { 1, 0, 0 }, { 0, 1, 0 }, { 0, 0, 1 } }
		},
		audioprops =
		{
			attenuation = -3,
			pan = 0,
			dmin = 50,
			dmax = 1000,
			ain = 360,
			aout = 360,
			atout = 0,
			rmix = 0,
		},
		userprops =
		{
			category = "Audio",
		}
	},

	{
		entity_name = "dx_s003x_1602_manhtn_bar_20",
		type = SOUND,
		template_name = "dx_s003x_1602_manhtn_bar",
		lt_grp = 0, srt_grp = 0, usr_flg = 0,
		spatialprops =
		{
			pos = { 0, 0, 0 },
			orient = { { 1, 0, 0 }, { 0, 1, 0 }, { 0, 0, 1 } }
		},
		audioprops =
		{
			attenuation = -3,
			pan = 0,
			dmin = 50,
			dmax = 1000,
			ain = 360,
			aout = 360,
			atout = 0,
			rmix = 0,
		},
		userprops =
		{
			category = "Audio",
		}
	},

	{
		entity_name = "dx_s003x_1701_Trent_21",
		type = SOUND,
		template_name = "dx_s003x_1701_Trent",
		lt_grp = 0, srt_grp = 0, usr_flg = 0,
		spatialprops =
		{
			pos = { 0, 0, 0 },
			orient = { { 1, 0, 0 }, { 0, 1, 0 }, { 0, 0, 1 } }
		},
		audioprops =
		{
			attenuation = -3,
			pan = 0,
			dmin = 50,
			dmax = 1000,
			ain = 360,
			aout = 360,
			atout = 0,
			rmix = 0,
		},
		userprops =
		{
			category = "Audio",
		}
	},

	{
		entity_name = "dx_s003x_1801_manhtn_bar_22",
		type = SOUND,
		template_name = "dx_s003x_1801_manhtn_bar",
		lt_grp = 0, srt_grp = 0, usr_flg = 0,
		spatialprops =
		{
			pos = { 0, 0, 0 },
			orient = { { 1, 0, 0 }, { 0, 1, 0 }, { 0, 0, 1 } }
		},
		audioprops =
		{
			attenuation = -3,
			pan = 0,
			dmin = 50,
			dmax = 1000,
			ain = 360,
			aout = 360,
			atout = 0,
			rmix = 0,
		},
		userprops =
		{
			category = "Audio",
		}
	},

	{
		entity_name = "dx_s003x_1802_manhtn_bar_23",
		type = SOUND,
		template_name = "dx_s003x_1802_manhtn_bar",
		lt_grp = 0, srt_grp = 0, usr_flg = 0,
		spatialprops =
		{
			pos = { 0, 0, 0 },
			orient = { { 1, 0, 0 }, { 0, 1, 0 }, { 0, 0, 1 } }
		},
		audioprops =
		{
			attenuation = -3,
			pan = 0,
			dmin = 50,
			dmax = 1000,
			ain = 360,
			aout = 360,
			atout = 0,
			rmix = 0,
		},
		userprops =
		{
			category = "Audio",
		}
	},

	{
		entity_name = "dx_s003x_1901_Trent_24",
		type = SOUND,
		template_name = "dx_s003x_1901_Trent",
		lt_grp = 0, srt_grp = 0, usr_flg = 0,
		spatialprops =
		{
			pos = { 0, 0, 0 },
			orient = { { 1, 0, 0 }, { 0, 1, 0 }, { 0, 0, 1 } }
		},
		audioprops =
		{
			attenuation = -3,
			pan = 0,
			dmin = 50,
			dmax = 1000,
			ain = 360,
			aout = 360,
			atout = 0,
			rmix = 0,
		},
		userprops =
		{
			category = "Audio",
		}
	},

	{
		entity_name = "Char_Tr_Mk_IKhead_pan_bar",
		type = MARKER,
		template_name = "",
		lt_grp = 0, srt_grp = 0, usr_flg = 0,
		spatialprops =
		{
			pos = { -4.749959, 1.480703, 3.265462 },
			orient = { {  0.107248, -0.008968,  0.994192 },
					   {  0.020747,  0.999762,  0.006780 },
					   { -0.994016,  0.019899,  0.107408 } }
		}
	},

	{
		entity_name = "Char_Tr_Mk_IKhead_pan_bar_Right",
		type = MARKER,
		template_name = "",
		lt_grp = 0, srt_grp = 0, usr_flg = 0,
		spatialprops =
		{
			pos = { -4.594597, 1.586752, 4.222879 },
			orient = { {  0.107248, -0.008968,  0.994192 },
					   {  0.020747,  0.999762,  0.006780 },
					   { -0.994016,  0.019899,  0.107408 } }
		}
	},

	{
		entity_name = "Char_Tr_Mk_IKhead_pan_bar_Left",
		type = MARKER,
		template_name = "",
		lt_grp = 0, srt_grp = 0, usr_flg = 0,
		spatialprops =
		{
			pos = { -4.598751, 1.664214, 2.789928 },
			orient = { {  0.107248, -0.008968,  0.994192 },
					   {  0.020747,  0.999762,  0.006780 },
					   { -0.994016,  0.019899,  0.107408 } }
		}
	},

	{
		entity_name = "Cam_02_Wide_Crane_A",
		type = CAMERA,
		template_name = "",
		lt_grp = 0, srt_grp = 0, usr_flg = 0,
		flags = HIDDEN,
		spatialprops =
		{
			pos = { 1.599077, 2.180541, -0.433583 },
			orient = { {  0.243247,  0.000000, -0.969964 },
					   { -0.367275,  0.925541, -0.092105 },
					   {  0.897741,  0.378648,  0.225135 } }
		},
		cameraprops =
		{
			fovh = 30,
			hvaspect = 1.85,
			nearplane = 0.4,
			farplane = 100
		}
	},

	{
		entity_name = "Char_Tr_Mk_loc_02_Bar_P",
		type = MARKER,
		template_name = "",
		lt_grp = 0, srt_grp = 0, usr_flg = 0,
		spatialprops =
		{
			pos = { -0.59629, 0, 2.027417 },
			orient = { {  0.998737,  0.000000,  0.050234 },
					   {  0.000000,  1.000000,  0.000000 },
					   { -0.050234,  0.000000,  0.998737 } }
		}
	},

	{
		entity_name = "Char_Tr_Mk_IKhead_bar_lookdown",
		type = MARKER,
		template_name = "",
		lt_grp = 0, srt_grp = 0, usr_flg = 0,
		spatialprops =
		{
			pos = { -0.690707, 1.633513, -1.068598 },
			orient = { { 1, 0, 0 }, { 0, 1, 0 }, { 0, 0, 1 } }
		}
	},

	{
		entity_name = "Char_Tr_Mk_IKhead_bar_lookdown_Shake_No",
		type = MARKER,
		template_name = "",
		lt_grp = 0, srt_grp = 0, usr_flg = 0,
		spatialprops =
		{
			pos = { -0.422166, 1.633513, -1.068787 },
			orient = { { 1, 0, 0 }, { 0, 1, 0 }, { 0, 0, 1 } }
		}
	},

	{
		entity_name = "Cam_03_OTS_Float_Trent_A",
		type = CAMERA,
		template_name = "",
		lt_grp = 0, srt_grp = 0, usr_flg = 0,
		flags = HIDDEN,
		spatialprops =
		{
			pos = { -0.130876, 1.753134, -2.137786 },
			orient = { { -0.891172,  0.000000, -0.453665 },
					   { -0.084223,  0.982616,  0.165446 },
					   {  0.445778,  0.185650, -0.875680 } }
		},
		cameraprops =
		{
			fovh = 25,
			hvaspect = 1.85,
			nearplane = 0.4,
			farplane = 100
		}
	},

	{
		entity_name = "Char_Tr_Mk_IKhead_Shake_No_Offset",
		type = MARKER,
		template_name = "",
		lt_grp = 0, srt_grp = 0, usr_flg = 0,
		spatialprops =
		{
			pos = { -0.339349, 1.625807, -1.625244 },
			orient = { { -0.994183, -0.016060,  0.106501 },
					   { -0.012508,  0.999346,  0.033941 },
					   { -0.106976,  0.032411, -0.993733 } }
		}
	},

	{
		entity_name = "Char_Tr_Mk_IKhead_place_beer_02",
		type = MARKER,
		template_name = "",
		lt_grp = 0, srt_grp = 0, usr_flg = 0,
		spatialprops =
		{
			pos = { 0.028029, 1.662467, -1.265753 },
			orient = { { 1, 0, 0 }, { 0, 1, 0 }, { 0, 0, 1 } }
		}
	},

	{
		entity_name = "Char_Tr_Mk_IKhead_Shake_No",
		type = MARKER,
		template_name = "",
		lt_grp = 0, srt_grp = 0, usr_flg = 0,
		spatialprops =
		{
			pos = { -0.441954, 1.194737, -1.007018 },
			orient = { { 1, 0, 0 }, { 0, 1, 0 }, { 0, 0, 1 } }
		}
	},

	{
		entity_name = "Char_Bart_Mk_loc_02",
		type = MARKER,
		template_name = "",
		lt_grp = 0, srt_grp = 0, usr_flg = 0,
		spatialprops =
		{
			pos = { -0.806604, 1.015245, -1.885437 },
			orient = { { -0.996142,  0.000000,  0.087752 },
					   {  0.000000,  1.000000,  0.000000 },
					   { -0.087752,  0.000000, -0.996142 } }
		}
	},

	{
		entity_name = "Char_Bart_Mk_IKhead_Trent",
		type = MARKER,
		template_name = "",
		lt_grp = 0, srt_grp = 0, usr_flg = 0,
		spatialprops =
		{
			pos = { -0.62115, 0.950555, -0.327751 },
			orient = { {  0.418819, -0.063298, -0.905861 },
					   {  0.044491,  0.997800, -0.049152 },
					   {  0.906979, -0.019717,  0.420714 } }
		}
	},

	{
		entity_name = "Char_Bart_Mk_IKhead_trent_shift",
		type = MARKER,
		template_name = "",
		lt_grp = 0, srt_grp = 0, usr_flg = 0,
		spatialprops =
		{
			pos = { 0.524867, 1.447307, -0.489696 },
			orient = { {  0.418819, -0.063298, -0.905861 },
					   {  0.044491,  0.997800, -0.049152 },
					   {  0.906979, -0.019717,  0.420714 } }
		}
	},

	{
		entity_name = "Char_Tr_Mk_IKhead_DoubleTake_Bart",
		type = MARKER,
		template_name = "",
		lt_grp = 0, srt_grp = 0, usr_flg = 0,
		spatialprops =
		{
			pos = { -0.982077, 1.662467, -1.681593 },
			orient = { { -0.879537,  0.021904,  0.475326 },
					   {  0.021148,  0.999752, -0.006939 },
					   { -0.475360,  0.003949, -0.879782 } }
		}
	},

	{
		entity_name = "Char_Tr_Mk_IKhead_Lookdown_at_bar",
		type = MARKER,
		template_name = "",
		lt_grp = 0, srt_grp = 0, usr_flg = 0,
		spatialprops =
		{
			pos = { -0.804264, 1.406743, -0.88464 },
			orient = { { 1, 0, 0 }, { 0, 1, 0 }, { 0, 0, 1 } }
		}
	},

	{
		entity_name = "Char_juni",
		type = DEFORMABLE,
		template_name = "juni",
		lt_grp = 0, srt_grp = 0, usr_flg = 0,
		flags = LIT_DYNAMIC,
		spatialprops =
		{
			pos = { -4.036946, 0, 6.972219 },
			orient = { {  0.999990,  0.000000, -0.004450 },
					   {  0.000000,  1.000000,  0.000000 },
					   {  0.004450,  0.000000,  0.999990 } }
		},
		compoundprops =
		{
			floor_height = 0
		},
		userprops =
		{
			actor = "Juni",
			category = "Character",
		}
	},

	{
		entity_name = "Char_li_diplomat_1",
		type = DEFORMABLE,
		template_name = "li_male_diplomat_1",
		lt_grp = 0, srt_grp = 0, usr_flg = 0,
		flags = LIT_DYNAMIC,
		spatialprops =
		{
			pos = { -4.795795, 0, 6.125414 },
			orient = { {  0.012742,  0.000000,  0.999919 },
					   {  0.000000,  1.000000,  0.000000 },
					   { -0.999919,  0.000000,  0.012742 } }
		},
		compoundprops =
		{
			floor_height = 0
		},
		userprops =
		{
			actor = "li_diplomat",
			category = "Character",
		}
	},

	{
		entity_name = "Char_Tr_Mk_loc_03_at_bar_Turn1b",
		type = MARKER,
		template_name = "",
		lt_grp = 0, srt_grp = 0, usr_flg = 0,
		spatialprops =
		{
			pos = { -0.645985, 0, -0.202191 },
			orient = { {  0.959949,  0.000000, -0.280175 },
					   {  0.000000,  1.000000,  0.000000 },
					   {  0.280175,  0.000000,  0.959949 } }
		}
	},

	{
		entity_name = "Char_Bart_Mk_loc_05_after_first_drink",
		type = MARKER,
		template_name = "",
		lt_grp = 0, srt_grp = 0, usr_flg = 0,
		spatialprops =
		{
			pos = { -0.880689, 0.971441, -1.721347 },
			orient = { { -0.999084,  0.000000,  0.042794 },
					   {  0.000000,  1.000000,  0.000000 },
					   { -0.042794,  0.000000, -0.999084 } }
		}
	},

	{
		entity_name = "Char_Tr_Mk_IKhead_place_beer_01",
		type = MARKER,
		template_name = "",
		lt_grp = 0, srt_grp = 0, usr_flg = 0,
		spatialprops =
		{
			pos = { -0.76691, 1.336067, -0.574908 },
			orient = { {  0.398492,  0.871895, -0.284611 },
					   {  0.750619, -0.131711,  0.647474 },
					   {  0.527043, -0.471648, -0.706947 } }
		}
	},

	{
		entity_name = "Char_Bart_Mk_IKtorso",
		type = MARKER,
		template_name = "",
		lt_grp = 0, srt_grp = 0, usr_flg = 0,
		spatialprops =
		{
			pos = { -0.772365, 1.146852, -1.3722 },
			orient = { { -0.999498,  0.000000,  0.031666 },
					   {  0.000000,  1.000000,  0.000000 },
					   { -0.031666,  0.000000, -0.999498 } }
		}
	},

	{
		entity_name = "Char_Tr_Mk_IKhead_Juni_01",
		type = MARKER,
		template_name = "",
		lt_grp = 0, srt_grp = 0, usr_flg = 0,
		spatialprops =
		{
			pos = { -6.164717, 1.151214, 4.675358 },
			orient = { {  0.999995,  0.000000, -0.003018 },
					   {  0.000000,  1.000000,  0.000000 },
					   {  0.003018,  0.000000,  0.999995 } }
		}
	},

	{
		entity_name = "Char_Tr_Mk_loc_06_Spin_1st_Drink",
		type = MARKER,
		template_name = "",
		lt_grp = 0, srt_grp = 0, usr_flg = 0,
		spatialprops =
		{
			pos = { -0.683505, 0.975591, -0.364074 },
			orient = { {  0.992557,  0.000130, -0.121781 },
					   { -0.001572,  0.999930, -0.011739 },
					   {  0.121770,  0.011843,  0.992488 } }
		}
	},

	{
		entity_name = "Cam_04_ACS_Bartender",
		type = CAMERA,
		template_name = "",
		lt_grp = 0, srt_grp = 0, usr_flg = 0,
		flags = HIDDEN,
		spatialprops =
		{
			pos = { 0.731681, 1.621297, 1.370891 },
			orient = { {  0.887521,  0.000000, -0.460767 },
					   { -0.010407,  0.999745, -0.020045 },
					   {  0.460649,  0.022586,  0.887295 } }
		},
		cameraprops =
		{
			fovh = 9,
			hvaspect = 1.85,
			nearplane = 2.3,
			farplane = 100
		}
	},

	{
		entity_name = "Cam_05_PCS",
		type = CAMERA,
		template_name = "",
		lt_grp = 0, srt_grp = 0, usr_flg = 0,
		flags = HIDDEN,
		spatialprops =
		{
			pos = { -0.043945, 1.686738, -3.701848 },
			orient = { { -0.973360,  0.000000, -0.229280 },
					   { -0.010407,  0.998969,  0.044182 },
					   {  0.229044,  0.045391, -0.972357 } }
		},
		cameraprops =
		{
			fovh = 10,
			hvaspect = 1.85,
			nearplane = 3,
			farplane = 100
		}
	},

	{
		entity_name = "Cam_06_Mdm_Juni_Endearing_A",
		type = CAMERA,
		template_name = "",
		lt_grp = 0, srt_grp = 0, usr_flg = 0,
		flags = HIDDEN,
		spatialprops =
		{
			pos = { -3.432185, 1.282444, 4.3853 },
			orient = { { -0.981565,  0.000000, -0.191128 },
					   { -0.024743,  0.991585,  0.127071 },
					   {  0.189520,  0.129458, -0.973305 } }
		},
		cameraprops =
		{
			fovh = 15,
			hvaspect = 1.85,
			nearplane = 0.4,
			farplane = 100
		}
	},

	{
		entity_name = "Cam_07_PCS_B",
		type = CAMERA,
		template_name = "",
		lt_grp = 0, srt_grp = 0, usr_flg = 0,
		flags = HIDDEN,
		spatialprops =
		{
			pos = { -0.511058, 1.689481, -1.451902 },
			orient = { { -0.953079,  0.000000, -0.302721 },
					   { -0.039103,  0.991622,  0.123110 },
					   {  0.300185,  0.129170, -0.945095 } }
		},
		cameraprops =
		{
			fovh = 25,
			hvaspect = 1.85,
			nearplane = 0.4,
			farplane = 100
		}
	},

	{
		entity_name = "Cam_07_PC0_A",
		type = CAMERA,
		template_name = "",
		lt_grp = 0, srt_grp = 0, usr_flg = 0,
		flags = HIDDEN,
		spatialprops =
		{
			pos = { -0.154016, 1.716417, -2.503091 },
			orient = { { -0.870329,  0.000000, -0.492471 },
					   { -0.082554,  0.985850,  0.145894 },
					   {  0.485503,  0.167631, -0.858013 } }
		},
		cameraprops =
		{
			fovh = 25,
			hvaspect = 1.85,
			nearplane = 0.4,
			farplane = 100
		}
	},

	{
		entity_name = "Cam_08_ACS_Bartender",
		type = CAMERA,
		template_name = "",
		lt_grp = 0, srt_grp = 0, usr_flg = 0,
		flags = HIDDEN,
		spatialprops =
		{
			pos = { 0.568088, 1.604141, 1.421375 },
			orient = { {  0.887532,  0.000000, -0.460746 },
					   { -0.012413,  0.999637, -0.023911 },
					   {  0.460579,  0.026941,  0.887210 } }
		},
		cameraprops =
		{
			fovh = 10,
			hvaspect = 1.85,
			nearplane = 2.5,
			farplane = 100
		}
	},

	{
		entity_name = "Cam_10_2_Shot_on_Bar_A",
		type = CAMERA,
		template_name = "",
		lt_grp = 0, srt_grp = 0, usr_flg = 0,
		flags = HIDDEN,
		spatialprops =
		{
			pos = { 2.287844, 1.613164, -0.217097 },
			orient = { {  0.276971,  0.000000, -0.960878 },
					   { -0.064570,  0.997740, -0.018612 },
					   {  0.958706,  0.067199,  0.276345 } }
		},
		cameraprops =
		{
			fovh = 20,
			hvaspect = 1.85,
			nearplane = 0.4,
			farplane = 100
		}
	},

	{
		entity_name = "Cam_09_PCS",
		type = CAMERA,
		template_name = "",
		lt_grp = 0, srt_grp = 0, usr_flg = 0,
		flags = HIDDEN,
		spatialprops =
		{
			pos = { 0.185399, 1.701438, -3.619887 },
			orient = { { -0.909827,  0.000000, -0.414988 },
					   { -0.020402,  0.998791,  0.044730 },
					   {  0.414486,  0.049163, -0.908727 } }
		},
		cameraprops =
		{
			fovh = 10,
			hvaspect = 1.85,
			nearplane = 3,
			farplane = 100
		}
	},

	{
		entity_name = "Prop_barcloth_flat_on_bar",
		type = COMPOUND,
		template_name = "barcloth_flat",
		lt_grp = 0, srt_grp = 0, usr_flg = 0,
		flags = LIT_DYNAMIC,
		spatialprops =
		{
			pos = { 0.157736, 1.177955, -1.235853 },
			orient = { { -0.788496, -0.002218,  0.615035 },
					   { -0.615039,  0.003017, -0.788491 },
					   { -0.000107, -0.999993, -0.003743 } }
		},
		userprops =
		{
			category = "Prop",
		}
	},

	{
		entity_name = "Prop_Ashtray_3_on_bar",
		type = COMPOUND,
		template_name = "Ashtray_3",
		lt_grp = 0, srt_grp = 0, usr_flg = 0,
		flags = LIT_DYNAMIC,
		spatialprops =
		{
			pos = { 0.147102, 1.202638, -0.989164 },
			orient = { { 1, 0, 0 }, { 0, 1, 0 }, { 0, 0, 1 } }
		},
		userprops =
		{
			category = "Prop",
		}
	},

	{
		entity_name = "Prop_Bottle_wine_2_on_bar",
		type = COMPOUND,
		template_name = "bottle_wine_2",
		lt_grp = 0, srt_grp = 0, usr_flg = 0,
		flags = LIT_DYNAMIC,
		spatialprops =
		{
			pos = { 0.675452, 1.356516, -1.173708 },
			orient = { {  1.000000,  0.000000,  0.000000 },
					   {  0.000000,  0.011040, -0.999939 },
					   {  0.000000,  0.999939,  0.011040 } }
		},
		userprops =
		{
			category = "Prop",
		}
	},

	{
		entity_name = "Prop_glass_green",
		type = COMPOUND,
		template_name = "glass_green",
		lt_grp = 0, srt_grp = 0, usr_flg = 0,
		flags = LIT_DYNAMIC,
		spatialprops =
		{
			pos = { -0.946763, 1.169426, -0.784648 },
			orient = { { -0.268862, -0.007261, -0.963151 },
					   { -0.962984, -0.018055,  0.268952 },
					   { -0.019342,  0.999811, -0.002138 } }
		},
		userprops =
		{
			category = "Prop",
		}
	},

	{
		entity_name = "Prop_Bottle_wine_3_on_bar",
		type = COMPOUND,
		template_name = "bottle_wine_3",
		lt_grp = 0, srt_grp = 0, usr_flg = 0,
		flags = LIT_DYNAMIC,
		spatialprops =
		{
			pos = { 0.593563, 1.354763, -1.136857 },
			orient = { { -0.936283,  0.013379,  0.350993 },
					   {  0.350833, -0.012900,  0.936349 },
					   {  0.017055,  0.999827,  0.007385 } }
		},
		userprops =
		{
			category = "Prop",
		}
	},

	{
		entity_name = "Cam_10_2_Shot_on_Bar_B",
		type = CAMERA,
		template_name = "",
		lt_grp = 0, srt_grp = 0, usr_flg = 0,
		flags = HIDDEN,
		spatialprops =
		{
			pos = { 1.535135, 1.493796, 0.335877 },
			orient = { {  0.493886,  0.000000, -0.869527 },
					   { -0.037095,  0.999090, -0.021069 },
					   {  0.868735,  0.042661,  0.493436 } }
		},
		cameraprops =
		{
			fovh = 20,
			hvaspect = 1.85,
			nearplane = 0.4,
			farplane = 100
		}
	},

	{
		entity_name = "Cam_12_ACS_Bartender",
		type = CAMERA,
		template_name = "",
		lt_grp = 0, srt_grp = 0, usr_flg = 0,
		flags = HIDDEN,
		spatialprops =
		{
			pos = { 0.423379, 1.59876, 1.384226 },
			orient = { {  0.899292,  0.000000, -0.437349 },
					   { -0.007969,  0.999834, -0.016385 },
					   {  0.437276,  0.018220,  0.899143 } }
		},
		cameraprops =
		{
			fovh = 10,
			hvaspect = 1.85,
			nearplane = 2.5,
			farplane = 100
		}
	},

	{
		entity_name = "Char_Bart_Mk_loc_03_Turn_Around",
		type = MARKER,
		template_name = "",
		lt_grp = 0, srt_grp = 0, usr_flg = 0,
		spatialprops =
		{
			pos = { -0.984402, 0, -1.93771 },
			orient = { { -0.157086,  0.000000, -0.987585 },
					   {  0.000000,  1.000000,  0.000000 },
					   {  0.987585,  0.000000, -0.157086 } }
		}
	},

	{
		entity_name = "Cam_06_Mdm_Juni_Endearing_B",
		type = CAMERA,
		template_name = "",
		lt_grp = 0, srt_grp = 0, usr_flg = 0,
		flags = HIDDEN,
		spatialprops =
		{
			pos = { -3.396935, 1.211447, 4.96397 },
			orient = { { -0.932939,  0.000000, -0.360035 },
					   { -0.038989,  0.994119,  0.101030 },
					   {  0.357917,  0.108292, -0.927452 } }
		},
		cameraprops =
		{
			fovh = 15,
			hvaspect = 1.85,
			nearplane = 0.4,
			farplane = 100
		}
	},

	{
		entity_name = "Cam_14_Mk_AUTOPAN",
		type = MARKER,
		template_name = "",
		lt_grp = 0, srt_grp = 0, usr_flg = 0,
		flags = HIDDEN,
		spatialprops =
		{
			pos = { -1.042226, 1.571625, -1.802084 },
			orient = { {  0.883361,  0.000000, -0.468693 },
					   { -0.031500,  0.997739, -0.059370 },
					   {  0.467633,  0.067209,  0.881364 } }
		}
	},

	{
		entity_name = "Cam_14_Mk_AUTOPAN_Neck",
		type = MARKER,
		template_name = "",
		lt_grp = 0, srt_grp = 0, usr_flg = 0,
		flags = HIDDEN,
		spatialprops =
		{
			pos = { -1.078893, 1.567114, -1.754169 },
			orient = { {  0.864229,  0.000000, -0.503099 },
					   { -0.036010,  0.997435, -0.061859 },
					   {  0.501809,  0.071577,  0.862012 } }
		}
	},

	{
		entity_name = "Cam_14_Mk_AUTOPAN_Spatial",
		type = MARKER,
		template_name = "",
		lt_grp = 0, srt_grp = 0, usr_flg = 0,
		flags = HIDDEN,
		spatialprops =
		{
			pos = { -1.03538, 1.571439, -1.802688 },
			orient = { {  0.883361,  0.000000, -0.468693 },
					   { -0.031500,  0.997739, -0.059370 },
					   {  0.467633,  0.067209,  0.881364 } }
		}
	},

	{
		entity_name = "Char_Bart_Mk_IKarm_Pass_Drink",
		type = MARKER,
		template_name = "",
		lt_grp = 0, srt_grp = 0, usr_flg = 0,
		spatialprops =
		{
			pos = { -1.21743, 1.210809, -1.23713 },
			orient = { { -0.999498,  0.000000,  0.031666 },
					   {  0.000000,  1.000000,  0.000000 },
					   { -0.031666,  0.000000, -0.999498 } }
		}
	},

	{
		entity_name = "Prop_Barcloth_Mk_Spatial",
		type = MARKER,
		template_name = "",
		lt_grp = 0, srt_grp = 0, usr_flg = 0,
		spatialprops =
		{
			pos = { 0.157736, 1.177955, -1.235853 },
			orient = { { 1, 0, 0 }, { 0, 1, 0 }, { 0, 0, 1 } }
		}
	},

	{
		entity_name = "Prop_glass_green_Mk_on_bar_01",
		type = MARKER,
		template_name = "",
		lt_grp = 0, srt_grp = 0, usr_flg = 0,
		spatialprops =
		{
			pos = { -1.126166, 1.169295, -0.741051 },
			orient = { { -0.164424, -0.006125, -0.986371 },
					   { -0.986387, -0.001334,  0.164435 },
					   { -0.002323,  0.999980, -0.005823 } }
		}
	},

	{
		entity_name = "Prop_Barcloth_Mk_Spatial_Last_Wipe",
		type = MARKER,
		template_name = "",
		lt_grp = 0, srt_grp = 0, usr_flg = 0,
		spatialprops =
		{
			pos = { -0.786197, 1.183, -1.212779 },
			orient = { {  0.788475,  0.006195,  0.615035 },
					   {  0.615047,  0.000085, -0.788491 },
					   { -0.004937,  0.999981, -0.003743 } }
		}
	},

	{
		entity_name = "Char_Juni_Mk_IKhead_Nods_At_Diplo",
		type = MARKER,
		template_name = "",
		lt_grp = 0, srt_grp = 0, usr_flg = 0,
		spatialprops =
		{
			pos = { -4.613166, 1.191607, 6.23358 },
			orient = { {  0.012742,  0.000000,  0.999919 },
					   {  0.000000,  1.000000,  0.000000 },
					   { -0.999919,  0.000000,  0.012742 } }
		}
	},

	{
		entity_name = "Cam_08_Mk_AUTOPAN",
		type = MARKER,
		template_name = "",
		lt_grp = 0, srt_grp = 0, usr_flg = 0,
		flags = HIDDEN,
		spatialprops =
		{
			pos = { -1.047232, 1.509655, -1.690205 },
			orient = { {  0.887532,  0.000000, -0.460746 },
					   { -0.012413,  0.999637, -0.023911 },
					   {  0.460579,  0.026941,  0.887210 } }
		}
	},

	{
		entity_name = "Cam_08_Mk_AUTOPAN_Neck",
		type = MARKER,
		template_name = "",
		lt_grp = 0, srt_grp = 0, usr_flg = 0,
		flags = HIDDEN,
		spatialprops =
		{
			pos = { -1.047232, 1.509655, -1.690205 },
			orient = { {  0.887532,  0.000000, -0.460746 },
					   { -0.012413,  0.999637, -0.023911 },
					   {  0.460579,  0.026941,  0.887210 } }
		}
	},

	{
		entity_name = "Cam_08_Mk_AUTOPAN_Spatial",
		type = MARKER,
		template_name = "",
		lt_grp = 0, srt_grp = 0, usr_flg = 0,
		flags = HIDDEN,
		spatialprops =
		{
			pos = { -1.047232, 1.509655, -1.690205 },
			orient = { {  0.887532,  0.000000, -0.460746 },
					   { -0.012413,  0.999637, -0.023911 },
					   {  0.460579,  0.026941,  0.887210 } }
		}
	},

	{
		entity_name = "Cam_09_Mk_AUTOPAN_Spatial",
		type = MARKER,
		template_name = "",
		lt_grp = 0, srt_grp = 0, usr_flg = 0,
		flags = HIDDEN,
		spatialprops =
		{
			pos = { -0.948354, 1.517022, -0.274914 },
			orient = { { -0.909827,  0.000000, -0.414988 },
					   { -0.020402,  0.998791,  0.044730 },
					   {  0.414486,  0.049163, -0.908727 } }
		}
	},

	{
		entity_name = "Cam_01_Dolly_F",
		type = CAMERA,
		template_name = "",
		lt_grp = 0, srt_grp = 0, usr_flg = 0,
		flags = HIDDEN,
		spatialprops =
		{
			pos = { -3.995321, 1.661417, 3.817961 },
			orient = { {  0.245076,  0.000000, -0.969504 },
					   { -0.083131,  0.996317, -0.021014 },
					   {  0.965933,  0.085746,  0.244174 } }
		},
		cameraprops =
		{
			fovh = 20,
			hvaspect = 1.85,
			nearplane = 0.4,
			farplane = 100
		}
	},

	{
		entity_name = "Cam_01_Dolly_B",
		type = CAMERA,
		template_name = "",
		lt_grp = 0, srt_grp = 0, usr_flg = 0,
		flags = HIDDEN,
		spatialprops =
		{
			pos = { -0.253343, 1.779845, -5.787512 },
			orient = { { -0.855919, -0.060369,  0.513574 },
					   {  0.007056,  0.991706,  0.128330 },
					   { -0.517062,  0.113464, -0.848394 } }
		},
		cameraprops =
		{
			fovh = 20,
			hvaspect = 1.85,
			nearplane = 0.4,
			farplane = 100
		}
	},

	{
		entity_name = "Cam_01_Dolly_C",
		type = CAMERA,
		template_name = "",
		lt_grp = 0, srt_grp = 0, usr_flg = 0,
		flags = HIDDEN,
		spatialprops =
		{
			pos = { 2.580939, 1.670714, -2.972352 },
			orient = { { -0.581246,  0.000000, -0.813728 },
					   { -0.053346,  0.997849,  0.038105 },
					   {  0.811977,  0.065557, -0.579996 } }
		},
		cameraprops =
		{
			fovh = 20,
			hvaspect = 1.85,
			nearplane = 0.4,
			farplane = 100
		}
	},

	{
		entity_name = "Cam_01_Dolly_D",
		type = CAMERA,
		template_name = "",
		lt_grp = 0, srt_grp = 0, usr_flg = 0,
		flags = HIDDEN,
		spatialprops =
		{
			pos = { 0.46016, 1.513059, 1.827393 },
			orient = { { -0.404100,  0.000000, -0.914715 },
					   { -0.046552,  0.998704,  0.020565 },
					   {  0.913529,  0.050892, -0.403576 } }
		},
		cameraprops =
		{
			fovh = 20,
			hvaspect = 1.85,
			nearplane = 0.4,
			farplane = 100
		}
	},

	{
		entity_name = "Cam_01_Dolly_E",
		type = CAMERA,
		template_name = "",
		lt_grp = 0, srt_grp = 0, usr_flg = 0,
		flags = HIDDEN,
		spatialprops =
		{
			pos = { -2.446129, 1.65717, 3.866948 },
			orient = { {  0.119496,  0.000000, -0.992835 },
					   { -0.115629,  0.993195, -0.013917 },
					   {  0.986078,  0.116464,  0.118683 } }
		},
		cameraprops =
		{
			fovh = 20,
			hvaspect = 1.85,
			nearplane = 0.4,
			farplane = 100
		}
	},

	{
		entity_name = "Cam_01_Dolly",
		type = CAMERA,
		template_name = "",
		lt_grp = 0, srt_grp = 0, usr_flg = 0,
		flags = HIDDEN,
		spatialprops =
		{
			pos = { -4.703871, 1.858487, -0.494194 },
			orient = { {  0.055654,  0.000000,  0.998450 },
					   {  0.152410,  0.988281, -0.008495 },
					   { -0.986749,  0.152647,  0.055002 } }
		},
		cameraprops =
		{
			fovh = 20,
			hvaspect = 1.85,
			nearplane = 0.4,
			farplane = 100
		}
	},

	{
		entity_name = "Cam_01_Dolly_A",
		type = CAMERA,
		template_name = "",
		lt_grp = 0, srt_grp = 0, usr_flg = 0,
		flags = HIDDEN,
		spatialprops =
		{
			pos = { -4.703871, 1.858487, -0.494194 },
			orient = { {  0.055654,  0.000000,  0.998450 },
					   {  0.152410,  0.988281, -0.008495 },
					   { -0.986749,  0.152647,  0.055002 } }
		},
		cameraprops =
		{
			fovh = 20,
			hvaspect = 1.85,
			nearplane = 0.4,
			farplane = 100
		}
	},

	{
		entity_name = "Char_Tr_Mk_loc_01_Player_enter",
		type = MARKER,
		template_name = "",
		lt_grp = 0, srt_grp = 0, usr_flg = 0,
		spatialprops =
		{
			pos = { -11.82536, 0.948694, 4.289717 },
			orient = { {  0.138884,  0.000000,  0.990309 },
					   {  0.000000,  1.000000,  0.000000 },
					   { -0.990309,  0.000000,  0.138884 } }
		}
	},

	{
		entity_name = "Prop_barcloth_wadded_Bart",
		type = COMPOUND,
		template_name = "barcloth_wadded",
		lt_grp = 0, srt_grp = 0, usr_flg = 0,
		flags = LIT_DYNAMIC + LIT_AMBIENT,
		spatialprops =
		{
			pos = { 0, 0, 0 },
			orient = { { 1, 0, 0 }, { 0, 1, 0 }, { 0, 0, 1 } }
		},
		userprops =
		{
			category = "Prop",
		}
	},

	{
		entity_name = "Char_Tr_Mk_loc_04",
		type = MARKER,
		template_name = "",
		lt_grp = 0, srt_grp = 0, usr_flg = 0,
		spatialprops =
		{
			pos = { -0.788, 0.969909, -0.134 },
			orient = { { -0.218195,  0.000000, -0.975905 },
					   {  0.000000,  1.000000,  0.000000 },
					   {  0.975905,  0.000000, -0.218195 } }
		}
	},

	{
		entity_name = "Char_Bart_Mk_loc_06",
		type = MARKER,
		template_name = "",
		lt_grp = 0, srt_grp = 0, usr_flg = 0,
		spatialprops =
		{
			pos = { -0.900625, 0.975215, -1.719331 },
			orient = { { -0.998987,  0.000000,  0.045009 },
					   {  0.000000,  1.000000,  0.000000 },
					   { -0.045009,  0.000000, -0.998987 } }
		}
	},

	{
		entity_name = "Char_Bart_Mk_loc_07",
		type = MARKER,
		template_name = "",
		lt_grp = 0, srt_grp = 0, usr_flg = 0,
		spatialprops =
		{
			pos = { -0.888007, 0.964499, -1.711385 },
			orient = { { -0.970358,  0.000000,  0.241671 },
					   {  0.000000,  1.000000,  0.000000 },
					   { -0.241671,  0.000000, -0.970358 } }
		}
	},

	{
		entity_name = "Char_Bart_Mk_loc_08",
		type = MARKER,
		template_name = "",
		lt_grp = 0, srt_grp = 0, usr_flg = 0,
		spatialprops =
		{
			pos = { -0.892669, 0.973163, -1.759027 },
			orient = { { -0.975304,  0.000000,  0.220866 },
					   {  0.000000,  1.000000,  0.000000 },
					   { -0.220866,  0.000000, -0.975304 } }
		}
	},

	{
		entity_name = "Char_Tr_Mk_IKhead_Juni_02",
		type = MARKER,
		template_name = "",
		lt_grp = 0, srt_grp = 0, usr_flg = 0,
		spatialprops =
		{
			pos = { -6.090314, 1.189732, 4.686664 },
			orient = { {  0.999990,  0.000000, -0.004450 },
					   {  0.000000,  1.000000,  0.000000 },
					   {  0.004450,  0.000000,  0.999990 } }
		}
	},

	{
		entity_name = "Char_Bart_Mk_loc_09",
		type = MARKER,
		template_name = "",
		lt_grp = 0, srt_grp = 0, usr_flg = 0,
		spatialprops =
		{
			pos = { -0.919119, 0.973156, -1.67838 },
			orient = { { -0.962786,  0.000000,  0.270265 },
					   {  0.000000,  1.000000,  0.000000 },
					   { -0.270265,  0.000000, -0.962786 } }
		}
	},

	{
		entity_name = "Char_Tr_Mk_loc_05",
		type = MARKER,
		template_name = "",
		lt_grp = 0, srt_grp = 0, usr_flg = 0,
		spatialprops =
		{
			pos = { -0.822409, 0.946915, -0.290773 },
			orient = { {  0.999288,  0.000000,  0.037718 },
					   {  0.000000,  1.000000,  0.000000 },
					   { -0.037718,  0.000000,  0.999288 } }
		}
	},

	{
		entity_name = "Char_Tr_Mk_IKhead_Bart_01",
		type = MARKER,
		template_name = "",
		lt_grp = 0, srt_grp = 0, usr_flg = 0,
		spatialprops =
