duration = 52.000;

entities =
{

	{
		entity_name = "Layer_Scene_s005a",
		type = SCENE,
		template_name = "",
		lt_grp = 0, srt_grp = 0, usr_flg = 0,
		spatialprops =
		{
			pos = { 0, 0, 0 },
			orient = { { 1, 0, 0 }, { 0, 1, 0 }, { 0, 0, 1 } }
		},
		up = Y_AXIS,
		front = Z_AXIS,
		ambient = { 0, 0, 0 }
	},

	{
		entity_name = "Cam_Monitor_s005a",
		type = MONITOR,
		template_name = "",
		lt_grp = 0, srt_grp = 0, usr_flg = 0,
		userprops =
		{
			Priority = "Monitor_Moving_1",
		}
	},

	{
		entity_name = "Char_juni",
		type = DEFORMABLE,
		template_name = "juni",
		lt_grp = 0, srt_grp = 0, usr_flg = 0,
		flags = LIT_DYNAMIC,
		spatialprops =
		{
			pos = { -1.921512, 0, -8.87397 },
			orient = { { -0.973749,  0.000000, -0.227625 },
					   {  0.000000,  1.000000,  0.000000 },
					   {  0.227625,  0.000000, -0.973749 } }
		},
		compoundprops =
		{
			floor_height = 0
		},
		userprops =
		{
			actor = "juni",
			category = "Character",
		}
	},

	{
		entity_name = "Char_trent",
		type = DEFORMABLE,
		template_name = "trent",
		lt_grp = 0, srt_grp = 0, usr_flg = 0,
		flags = LIT_DYNAMIC,
		spatialprops =
		{
			pos = { -24.98728, 0, 2.075682 },
			orient = { {  0.172092,  0.000000,  0.985081 },
					   {  0.000000,  1.000000,  0.000000 },
					   { -0.985081,  0.000000,  0.172092 } }
		},
		compoundprops =
		{
			floor_height = 0
		},
		userprops =
		{
			actor = "player",
			category = "Character",
		}
	},

	{
		entity_name = "Cam_B_Mdm_Static_Trent",
		type = CAMERA,
		template_name = "",
		lt_grp = 0, srt_grp = 0, usr_flg = 0,
		spatialprops =
		{
			pos = { -15.75471, 1.512639, -1.866306 },
			orient = { { -0.794285,  0.000000, -0.607545 },
					   {  0.000051,  1.000000, -0.000066 },
					   {  0.607545, -0.000084, -0.794285 } }
		},
		cameraprops =
		{
			fovh = 15,
			hvaspect = 1.85,
			nearplane = 0.4,
			farplane = 200
		}
	},

	{
		entity_name = "Fixture_equipment_dealer",
		type = DEFORMABLE,
		template_name = "li_manhattan_weaponstrader",
		lt_grp = 0, srt_grp = 0, usr_flg = 0,
		spatialprops =
		{
			pos = { 0, -2000, 2000 },
			orient = { { -0.449330,  0.000000, -0.893366 },
					   {  0.000000,  1.000000,  0.000000 },
					   {  0.893366,  0.000000, -0.449330 } }
		},
		compoundprops =
		{
			floor_height = -2000
		},
		userprops =
		{
			Actor = "equipment",
			category = "Character",
		}
	},

	{
		entity_name = "Cam_A_Wide_Crane_Trent_1",
		type = CAMERA,
		template_name = "",
		lt_grp = 0, srt_grp = 0, usr_flg = 0,
		spatialprops =
		{
			pos = { -14.44389, 10.93987, -12.0053 },
			orient = { {  0.028783,  0.000000, -0.999586 },
					   {  0.255280,  0.966839,  0.007351 },
					   {  0.966439, -0.255386,  0.027828 } }
		},
		cameraprops =
		{
			fovh = 25,
			hvaspect = 1.85,
			nearplane = 0.4,
			farplane = 200
		}
	},

	{
		entity_name = "Cam_A_Wide_Crane_Trent_2",
		type = CAMERA,
		template_name = "",
		lt_grp = 0, srt_grp = 0, usr_flg = 0,
		spatialprops =
		{
			pos = { -0.739504, 6.279871, -22.36119 },
			orient = { { -0.736662,  0.000000, -0.676261 },
					   { -0.025654,  0.999280,  0.027945 },
					   {  0.675775,  0.037934, -0.736131 } }
		},
		cameraprops =
		{
			fovh = 25,
			hvaspect = 1.85,
			nearplane = 0.4,
			farplane = 200
		}
	},

	{
		entity_name = "dx_s005a_0201_juni_47",
		type = SOUND,
		template_name = "dx_s005a_0201_juni",
		lt_grp = 0, srt_grp = 0, usr_flg = 0,
		spatialprops =
		{
			pos = { 0, 0, 0 },
			orient = { { 1, 0, 0 }, { 0, 1, 0 }, { 0, 0, 1 } }
		},
		audioprops =
		{
			attenuation = -3,
			pan = 0,
			dmin = 50,
			dmax = 1000,
			ain = 360,
			aout = 360,
			atout = 0,
			rmix = 0,
		},
		userprops =
		{
			category = "Audio",
		}
	},

	{
		entity_name = "dx_s005a_0301_Trent_48",
		type = SOUND,
		template_name = "dx_s005a_0301_Trent",
		lt_grp = 0, srt_grp = 0, usr_flg = 0,
		spatialprops =
		{
			pos = { 0, 0, 0 },
			orient = { { 1, 0, 0 }, { 0, 1, 0 }, { 0, 0, 1 } }
		},
		audioprops =
		{
			attenuation = -3,
			pan = 0,
			dmin = 50,
			dmax = 1000,
			ain = 360,
			aout = 360,
			atout = 0,
			rmix = 0,
		},
		userprops =
		{
			category = "Audio",
		}
	},

	{
		entity_name = "dx_s005a_0401_juni_49",
		type = SOUND,
		template_name = "dx_s005a_0401_juni",
		lt_grp = 0, srt_grp = 0, usr_flg = 0,
		spatialprops =
		{
			pos = { 0, 0, 0 },
			orient = { { 1, 0, 0 }, { 0, 1, 0 }, { 0, 0, 1 } }
		},
		audioprops =
		{
			attenuation = -3,
			pan = 0,
			dmin = 50,
			dmax = 1000,
			ain = 360,
			aout = 360,
			atout = 0,
			rmix = 0,
		},
		userprops =
		{
			category = "Audio",
		}
	},

	{
		entity_name = "dx_s005a_0402_juni_50",
		type = SOUND,
		template_name = "dx_s005a_0402_juni",
		lt_grp = 0, srt_grp = 0, usr_flg = 0,
		spatialprops =
		{
			pos = { 0, 0, 0 },
			orient = { { 1, 0, 0 }, { 0, 1, 0 }, { 0, 0, 1 } }
		},
		audioprops =
		{
			attenuation = -3,
			pan = 0,
			dmin = 50,
			dmax = 1000,
			ain = 360,
			aout = 360,
			atout = 0,
			rmix = 0,
		},
		userprops =
		{
			category = "Audio",
		}
	},

	{
		entity_name = "dx_s005a_0404_juni_52",
		type = SOUND,
		template_name = "dx_s005a_0404_juni",
		lt_grp = 0, srt_grp = 0, usr_flg = 0,
		spatialprops =
		{
			pos = { 0, 0, 0 },
			orient = { { 1, 0, 0 }, { 0, 1, 0 }, { 0, 0, 1 } }
		},
		audioprops =
		{
			attenuation = -3,
			pan = 0,
			dmin = 50,
			dmax = 1000,
			ain = 360,
			aout = 360,
			atout = 0,
			rmix = 0,
		},
		userprops =
		{
			category = "Audio",
		}
	},

	{
		entity_name = "Char_Trent_Mk_loc_02_correction",
		type = MARKER,
		template_name = "",
		lt_grp = 0, srt_grp = 0, usr_flg = 0,
		spatialprops =
		{
			pos = { -23.41751, 0.969072, 0.819885 },
			orient = { {  0.125214,  0.000000,  0.992130 },
					   {  0.000000,  1.000000,  0.000000 },
					   { -0.992130,  0.000000,  0.125214 } }
		}
	},

	{
		entity_name = "dx_s005a_0101_Trent_1",
		type = SOUND,
		template_name = "dx_s005a_0101_Trent",
		lt_grp = 0, srt_grp = 0, usr_flg = 0,
		spatialprops =
		{
			pos = { 0, 0, 0 },
			orient = { { 1, 0, 0 }, { 0, 1, 0 }, { 0, 0, 1 } }
		},
		audioprops =
		{
			attenuation = -6,
			pan = 0,
			dmin = 50,
			dmax = 1000,
			ain = 360,
			aout = 360,
			atout = 0,
			rmix = 0,
		},
		userprops =
		{
			category = "Audio",
		}
	},

	{
		entity_name = "Char_Juni_Mk_loc_Walk_Start",
		type = MARKER,
		template_name = "",
		lt_grp = 0, srt_grp = 0, usr_flg = 0,
		spatialprops =
		{
			pos = { -2.06196, 0.944756, -8.712628 },
			orient = { { -0.956152,  0.000000, -0.292870 },
					   {  0.000000,  1.000000,  0.000000 },
					   {  0.292870,  0.000000, -0.956152 } }
		}
	},

	{
		entity_name = "dx_s005a_0403_juni_1",
		type = SOUND,
		template_name = "dx_s005a_0403_juni",
		lt_grp = 0, srt_grp = 0, usr_flg = 0,
		spatialprops =
		{
			pos = { 0, 0, 0 },
			orient = { { 1, 0, 0 }, { 0, 1, 0 }, { 0, 0, 1 } }
		},
		audioprops =
		{
			attenuation = -3,
			pan = 0,
			dmin = 50,
			dmax = 1000,
			ain = 360,
			aout = 360,
			atout = 0,
			rmix = 0,
		},
		userprops =
		{
			category = "Audio",
		}
	},

	{
		entity_name = "Mk_Offscreen_Location",
		type = MARKER,
		template_name = "",
		lt_grp = 0, srt_grp = 0, usr_flg = 0,
		spatialprops =
		{
			pos = { -25.8983, 0.960122, -31.31309 },
			orient = { { -0.995403,  0.000000, -0.095775 },
					   {  0.000000,  1.000000,  0.000000 },
					   {  0.095775,  0.000000, -0.995403 } }
		}
	},

	{
		entity_name = "Char_Trent_Mk_loc_03_Walk_Start",
		type = MARKER,
		template_name = "",
		lt_grp = 0, srt_grp = 0, usr_flg = 0,
		spatialprops =
		{
			pos = { -7.17415, 0.968785, -4.851984 },
			orient = { { -0.383768,  0.000000,  0.923430 },
					   {  0.000000,  1.000000,  0.000000 },
					   { -0.923430,  0.000000, -0.383768 } }
		}
	},

	{
		entity_name = "Char_Trent_Mk_IKhead_Shot_B_Up",
		type = MARKER,
		template_name = "",
		lt_grp = 0, srt_grp = 0, usr_flg = 0,
		spatialprops =
		{
			pos = { -15.0311, 2.200867, -0.637052 },
			orient = { {  0.271281,  0.000000,  0.962500 },
					   {  0.000000,  1.000000,  0.000000 },
					   { -0.962500,  0.000000,  0.271281 } }
		}
	},

	{
		entity_name = "Char_Trent_Mk_IKhead",
		type = MARKER,
		template_name = "",
		lt_grp = 0, srt_grp = 0, usr_flg = 0,
		spatialprops =
		{
			pos = { -3.855684, 0.936698, 0.044165 },
			orient = { { -0.012966,  0.000000, -0.999916 },
					   {  0.000000,  1.000000,  0.000000 },
					   {  0.999916,  0.000000, -0.012966 } }
		}
	},

	{
		entity_name = "Char_Trent_Mk_IKhead_ShipFront",
		type = MARKER,
		template_name = "",
		lt_grp = 0, srt_grp = 0, usr_flg = 0,
		spatialprops =
		{
			pos = { -3.855684, 0.936698, 0.044165 },
			orient = { { -0.012966,  0.000000, -0.999916 },
					   {  0.000000,  1.000000,  0.000000 },
					   {  0.999916,  0.000000, -0.012966 } }
		}
	},

	{
		entity_name = "Char_Trent_Mk_IKhead_ShipBack",
		type = MARKER,
		template_name = "",
		lt_grp = 0, srt_grp = 0, usr_flg = 0,
		spatialprops =
		{
			pos = { 5.332724, 6.378077, -0.050575 },
			orient = { { -0.012966,  0.000000, -0.999916 },
					   {  0.000000,  1.000000,  0.000000 },
					   {  0.999916,  0.000000, -0.012966 } }
		}
	},

	{
		entity_name = "Char_Trent_Mk_IKhead_Nod_DN",
		type = MARKER,
		template_name = "",
		lt_grp = 0, srt_grp = 0, usr_flg = 0,
		spatialprops =
		{
			pos = { -2.457724, 1.20513, -5.786644 },
			orient = { { -0.945522,  0.026814, -0.324452 },
					   {  0.029755,  0.999549, -0.004106 },
					   {  0.324196, -0.013537, -0.945893 } }
		}
	},

	{
		entity_name = "Char_Trent_Mk_IKhead_Nod_UP",
		type = MARKER,
		template_name = "",
		lt_grp = 0, srt_grp = 0, usr_flg = 0,
		spatialprops =
		{
			pos = { -2.457724, 1.594979, -5.786644 },
			orient = { { -0.945522,  0.026814, -0.324452 },
					   {  0.029755,  0.999549, -0.004106 },
					   {  0.324196, -0.013537, -0.945893 } }
		}
	},

	{
		entity_name = "Char_Trent_Mk_IKhead_ShipCenter",
		type = MARKER,
		template_name = "",
		lt_grp = 0, srt_grp = 0, usr_flg = 0,
		spatialprops =
		{
			pos = { 0, 3, 0 },
			orient = { { -0.012966,  0.000000, -0.999916 },
					   {  0.000000,  1.000000,  0.000000 },
					   {  0.999916,  0.000000, -0.012966 } }
		}
	},

	{
		entity_name = "Char_Trent_Mk_IKhead_Juni",
		type = MARKER,
		template_name = "",
		lt_grp = 0, srt_grp = 0, usr_flg = 0,
		spatialprops =
		{
			pos = { 0.641594, 1.573095, -2.744086 },
			orient = { { -0.811620,  0.009092, -0.584115 },
					   {  0.023631,  0.999571, -0.017276 },
					   {  0.583708, -0.027825, -0.811487 } }
		}
	},

	{
		entity_name = "Char_Juni_Mk_IKelbow_UP",
		type = MARKER,
		template_name = "",
		lt_grp = 0, srt_grp = 0, usr_flg = 0,
		spatialprops =
		{
			pos = { -3.72121, 1.28129, -5.748167 },
			orient = { {  0.988562,  0.123385,  0.086723 },
					   { -0.047076,  0.798759, -0.599806 },
					   { -0.143278,  0.588863,  0.795432 } }
		}
	},

	{
		entity_name = "Char_Juni_Mk_IKhand_UP",
		type = MARKER,
		template_name = "",
		lt_grp = 0, srt_grp = 0, usr_flg = 0,
		spatialprops =
		{
			pos = { -3.754286, 1.42379, -5.554398 },
			orient = { {  0.005131,  0.964057, -0.265645 },
					   { -0.840753, -0.139664, -0.523095 },
					   { -0.541395,  0.226025,  0.809817 } }
		}
	},

	{
		entity_name = "Cam_D_LowWide_Move",
		type = CAMERA,
		template_name = "",
		lt_grp = 0, srt_grp = 0, usr_flg = 0,
		spatialprops =
		{
			pos = { -5.611033, 0.024969, -5.405635 },
			orient = { { -0.888133,  0.000141,  0.459587 },
					   { -0.124878,  0.962303, -0.241615 },
					   { -0.442296, -0.271978, -0.854636 } }
		},
		cameraprops =
		{
			fovh = 35,
			hvaspect = 1.85,
			nearplane = 0.2,
			farplane = 200
		}
	},

	{
		entity_name = "Cam_D_LowWide_Path",
		type = MOTION_PATH,
		template_name = "",
		lt_grp = 0, srt_grp = 0, usr_flg = 0,
		spatialprops =
		{
			pos = { -9.544459, 0.024639, -5.869585 },
			orient = { { -0.584696,  0.000000,  0.811253 },
					   { -0.220572,  0.962328, -0.158973 },
					   { -0.780691, -0.271891, -0.562669 } }
		},
		pathprops =
		{
			path_type = "CV_CROrientationSplinePath",
			path_data = "OPEN,{-1.923476,-0.941043,-3.331932}, {0.972658,0.000028,-0.223470,0.063220}, {-4.548636,0.087424,-0.016815}, {0.991692,0.008268,-0.123790,0.033969}, {-9.974322,-0.281505,-1.463889}, {0.946595,0.003921,-0.309615,0.089897}, {-13.135176,-1.594002,-7.278857}, {0.796515,-0.009891,-0.583170,0.159308}, {-16.143061,-1.437229,-16.495264}, {0.537288,-0.092141,-0.833688,0.088296}, "
		}
	},

	{
		entity_name = "Char_Juni_Mk_Loc_EndSceneA",
		type = MARKER,
		template_name = "",
		lt_grp = 0, srt_grp = 0, usr_flg = 0,
		spatialprops =
		{
			pos = { 1.072578, 0.952482, -3.713531 },
			orient = { { -0.415319,  0.000000,  0.909676 },
					   {  0.000000,  1.000000,  0.000000 },
					   { -0.909676,  0.000000, -0.415319 } }
		}
	},

	{
		entity_name = "Char_Trent_Mk_Loc_EndSceneA",
		type = MARKER,
		template_name = "",
		lt_grp = 0, srt_grp = 0, usr_flg = 0,
		spatialprops =
		{
			pos = { 2.172398, 0.973156, -2.665983 },
			orient = { {  0.117947,  0.000000, -0.993020 },
					   {  0.000000,  1.000000,  0.000000 },
					   {  0.993020,  0.000000,  0.117947 } }
		}
	},

	{
		entity_name = "Char_Trent_Mk_IKhead_Shot_B_LookShip",
		type = MARKER,
		template_name = "",
		lt_grp = 0, srt_grp = 0, usr_flg = 0,
		spatialprops =
		{
			pos = { -16.37299, 1.480644, -2.002784 },
			orient = { {  0.271281,  0.000000,  0.962500 },
					   {  0.000000,  1.000000,  0.000000 },
					   { -0.962500,  0.000000,  0.271281 } }
		}
	},

	{
		entity_name = "Char_Trent_Mk_IKhead_Shot_B_Lt",
		type = MARKER,
		template_name = "",
		lt_grp = 0, srt_grp = 0, usr_flg = 0,
		spatialprops =
		{
			pos = { -18.22094, 1.480644, -2.72502 },
			orient = { {  0.271281,  0.000000,  0.962500 },
					   {  0.000000,  1.000000,  0.000000 },
					   { -0.962500,  0.000000,  0.271281 } }
		}
	},

	{
		entity_name = "Char_Trent_Mk_IKhead_Shot_B_Level",
		type = MARKER,
		template_name = "",
		lt_grp = 0, srt_grp = 0, usr_flg = 0,
		spatialprops =
		{
			pos = { -15.0311, 1.480644, -0.637052 },
			orient = { {  0.271281,  0.000000,  0.962500 },
					   {  0.000000,  1.000000,  0.000000 },
					   { -0.962500,  0.000000,  0.271281 } }
		}
	},

	{
		entity_name = "Char_Trent_Mk_ort_Shot_D",
		type = MARKER,
		template_name = "",
		lt_grp = 0, srt_grp = 0, usr_flg = 0,
		spatialprops =
		{
			pos = { -4.020066, 0.964033, -3.493107 },
			orient = { { -0.067481,  0.000000,  0.997721 },
					   {  0.000000,  1.000000,  0.000000 },
					   { -0.997721,  0.000000, -0.067481 } }
		}
	},

	{
		entity_name = "Char_Trent_Mk_loc_Shot_B",
		type = MARKER,
		template_name = "",
		lt_grp = 0, srt_grp = 0, usr_flg = 0,
		spatialprops =
		{
			pos = { -17.45335, 0.973156, 0.118103 },
			orient = { {  0.136296,  0.000000,  0.990668 },
					   {  0.000000,  1.000000,  0.000000 },
					   { -0.990668,  0.000000,  0.136296 } }
		}
	},

	{
		entity_name = "Char_Trent_Mk_IKeyes",
		type = MARKER,
		template_name = "",
		lt_grp = 0, srt_grp = 0, usr_flg = 0,
		spatialprops =
		{
			pos = { 0, 0, 0 },
			orient = { { 1, 0, 0 }, { 0, 1, 0 }, { 0, 0, 1 } }
		}
	},

	{
		entity_name = "Char_Trent_Mk_IKeyes_Front",
		type = MARKER,
		template_name = "",
		lt_grp = 0, srt_grp = 0, usr_flg = 0,
		spatialprops =
		{
			pos = { -13.98718, 1.745157, -0.610572 },
			orient = { {  0.199811,  0.000000,  0.979834 },
					   {  0.000000,  1.000000,  0.000000 },
					   { -0.979834,  0.000000,  0.199811 } }
		}
	},

	{
		entity_name = "Char_Trent_Mk_IKeyes_Left",
		type = MARKER,
		template_name = "",
		lt_grp = 0, srt_grp = 0, usr_flg = 0,
		spatialprops =
		{
			pos = { -13.98718, 1.745157, -0.610572 },
			orient = { {  0.199811,  0.000000,  0.979834 },
					   {  0.000000,  1.000000,  0.000000 },
					   { -0.979834,  0.000000,  0.199811 } }
		}
	},

	{
		entity_name = "Char_Trent_Mk_IKeyes_Right",
		type = MARKER,
		template_name = "",
		lt_grp = 0, srt_grp = 0, usr_flg = 0,
		spatialprops =
		{
			pos = { -13.98718, 1.745157, -0.610572 },
			orient = { {  0.199811,  0.000000,  0.979834 },
					   {  0.000000,  1.000000,  0.000000 },
					   { -0.979834,  0.000000,  0.199811 } }
		}
	},

	{
		entity_name = "Char_Trent_Mk_IKeyes_Up",
		type = MARKER,
		template_name = "",
		lt_grp = 0, srt_grp = 0, usr_flg = 0,
		spatialprops =
		{
			pos = { -13.98718, 1.745157, -0.610572 },
			orient = { {  0.199811,  0.000000,  0.979834 },
					   {  0.000000,  1.000000,  0.000000 },
					   { -0.979834,  0.000000,  0.199811 } }
		}
	},

	{
		entity_name = "Char_Juni_Mk_IKeyes_Front",
		type = MARKER,
		template_name = "",
		lt_grp = 0, srt_grp = 0, usr_flg = 0,
		spatialprops =
		{
			pos = { -13.98718, 1.745157, -0.610572 },
			orient = { {  0.199811,  0.000000,  0.979834 },
					   {  0.000000,  1.000000,  0.000000 },
					   { -0.979834,  0.000000,  0.199811 } }
		}
	},

	{
		entity_name = "Char_Juni_Mk_IKeyes",
		type = MARKER,
		template_name = "",
		lt_grp = 0, srt_grp = 0, usr_flg = 0,
		spatialprops =
		{
			pos = { -13.98718, 1.745157, -0.610572 },
			orient = { {  0.199811,  0.000000,  0.979834 },
					   {  0.000000,  1.000000,  0.000000 },
					   { -0.979834,  0.000000,  0.199811 } }
		}
	},

	{
		entity_name = "Char_Juni_Mk_IKeyes_Down",
		type = MARKER,
		template_name = "",
		lt_grp = 0, srt_grp = 0, usr_flg = 0,
		spatialprops =
		{
			pos = { -13.98718, 1.745157, -0.610572 },
			orient = { {  0.199811,  0.000000,  0.979834 },
					   {  0.000000,  1.000000,  0.000000 },
					   { -0.979834,  0.000000,  0.199811 } }
		}
	},

	{
		entity_name = "Char_Juni_Mk_IKeyes_Right_Shot_E",
		type = MARKER,
		template_name = "",
		lt_grp = 0, srt_grp = 0, usr_flg = 0,
		spatialprops =
		{
			pos = { 2.060611, 1.640037, -2.450349 },
			orient = { {  0.199811,  0.000000,  0.979834 },
					   {  0.000000,  1.000000,  0.000000 },
					   { -0.979834,  0.000000,  0.199811 } }
		}
	},

	{
		entity_name = "Char_Juni_Mk_IKeyes_Trent",
		type = MARKER,
		template_name = "",
		lt_grp = 0, srt_grp = 0, usr_flg = 0,
		spatialprops =
		{
			pos = { 2.318769, 1.713256, -2.628278 },
			orient = { {  0.199811,  0.000000,  0.979834 },
					   {  0.000000,  1.000000,  0.000000 },
					   { -0.979834,  0.000000,  0.199811 } }
		}
	},

	{
		entity_name = "Char_Juni_Mk_IKeyes_Trent_2",
		type = MARKER,
		template_name = "",
		lt_grp = 0, srt_grp = 0, usr_flg = 0,
		spatialprops =
		{
			pos = { 2.217884, 1.705567, -2.55038 },
			orient = { {  0.199811,  0.000000,  0.979834 },
					   {  0.000000,  1.000000,  0.000000 },
					   { -0.979834,  0.000000,  0.199811 } }
		}
	},

	{
		entity_name = "Char_Juni_Mk_IKeyes_Trent_3",
		type = MARKER,
		template_name = "",
		lt_grp = 0, srt_grp = 0, usr_flg = 0,
		spatialprops =
		{
			pos = { 2.073129, 1.714925, -2.716979 },
			orient = { {  0.199811,  0.000000,  0.979834 },
					   {  0.000000,  1.000000,  0.000000 },
					   { -0.979834,  0.000000,  0.199811 } }
		}
	},

	{
		entity_name = "Cam_A_Wide_Path_UpAndDown",
		type = MOTION_PATH,
		template_name = "",
		lt_grp = 0, srt_grp = 0, usr_flg = 0,
		spatialprops =
		{
			pos = { -14.44389, 10.93987, -12.0053 },
			orient = { {  0.028782,  0.000000, -0.999586 },
					   {  0.255280,  0.966839,  0.007351 },
					   {  0.966439, -0.255386,  0.027828 } }
		},
		pathprops =
		{
			path_type = "CV_CROrientationSplinePath",
			path_data = "OPEN,{0.000000,-1.000000,0.000000}, {1.000000,0.000000,0.000000,0.000000}, {0.000000,1.000000,0.000000}, {1.000000,0.000000,0.000000,0.000000}, "
		}
	},

	{
		entity_name = "Char_Trent_Mk_IKhead_Shot_B_Rt",
		type = MARKER,
		template_name = "",
		lt_grp = 0, srt_grp = 0, usr_flg = 0,
		spatialprops =
		{
			pos = { -16.30578, 1.656983, 0.693879 },
			orient = { {  0.271281,  0.000000,  0.962500 },
					   {  0.000000,  1.000000,  0.000000 },
					   { -0.962500,  0.000000,  0.271281 } }
		}
	},

	{
		entity_name = "Cam_E_Mdm2_1",
		type = CAMERA,
		template_name = "",
		lt_grp = 0, srt_grp = 0, usr_flg = 0,
		spatialprops =
		{
			pos = { 4.022052, 1.831075, -2.415114 },
			orient = { {  0.192826,  0.000000, -0.981233 },
					   { -0.164958,  0.985768, -0.032417 },
					   {  0.967268,  0.168113,  0.190082 } }
		},
		cameraprops =
		{
			fovh = 20,
			hvaspect = 1.85,
			nearplane = 0.4,
			farplane = 200
		}
	},

	{
		entity_name = "Char_Juni_Mk_IKhead_BeforeTrent",
		type = MARKER,
		template_name = "",
		lt_grp = 0, srt_grp = 0, usr_flg = 0,
		spatialprops =
		{
			pos = { -3.754286, 1.42379, -5.554398 },
			orient = { { 1, 0, 0 }, { 0, 1, 0 }, { 0, 0, 1 } }
		}
	},

	{
		entity_name = "Cam_E_Mdm2_2",
		type = CAMERA,
		template_name = "",
		lt_grp = 0, srt_grp = 0, usr_flg = 0,
		spatialprops =
		{
			pos = { 3.994329, 1.936401, -2.375645 },
			orient = { {  0.267353,  0.000000, -0.963599 },
					   { -0.235809,  0.969595, -0.065426 },
					   {  0.934300,  0.244717,  0.259224 } }
		},
		cameraprops =
		{
			fovh = 20,
			hvaspect = 1.85,
			nearplane = 0.4,
			farplane = 200
		}
	},

	{
		entity_name = "Char_Juni_Mk_IKhead_Trent",
		type = MARKER,
		template_name = "",
		lt_grp = 0, srt_grp = 0, usr_flg = 0,
		spatialprops =
		{
			pos = { -3.754286, 1.42379, -5.554398 },
			orient = { { 1, 0, 0 }, { 0, 1, 0 }, { 0, 0, 1 } }
		}
	},

	{
		entity_name = "Char_Juni_Mk_IKhead_DN",
		type = MARKER,
		template_name = "",
		lt_grp = 0, srt_grp = 0, usr_flg = 0,
		spatialprops =
		{
			pos = { 2.207486, 1.23555, -3.435985 },
			orient = { {  0.367530,  0.050303, -0.928650 },
					   { -0.914833,  0.199222, -0.351271 },
					   {  0.167337,  0.978662,  0.119239 } }
		}
	},

	{
		entity_name = "Char_Juni_Mk_IKhead_Follow",
		type = MARKER,
		template_name = "",
		lt_grp = 0, srt_grp = 0, usr_flg = 0,
		spatialprops =
		{
			pos = { -3.754286, 1.42379, -5.554398 },
			orient = { { 1, 0, 0 }, { 0, 1, 0 }, { 0, 0, 1 } }
		}
	},

	{
		entity_name = "Char_Juni_Mk_IKhead",
		type = MARKER,
		template_name = "",
		lt_grp = 0, srt_grp = 0, usr_flg = 0,
		spatialprops =
		{
			pos = { -3.754286, 1.42379, -5.554398 },
			orient = { { 1, 0, 0 }, { 0, 1, 0 }, { 0, 0, 1 } }
		}
	},

	{
		entity_name = "snd_LtInf_Breaker_Sound01",
		type = SOUND,
		template_name = "sfx_breaker",
		lt_grp = 0, srt_grp = 0, usr_flg = 0,
		spatialprops =
		{
			pos = { 17.58411, 20.66017, 21.45756 },
			orient = { { 1, 0, 0 }, { 0, 1, 0 }, { 0, 0, 1 } }
		},
		audioprops =
		{
			attenuation = -15,
			pan = 100,
			dmin = 50,
			dmax = 1000,
			ain = 180,
			aout = 180,
			atout = 0,
			rmix = 0,
		},
		userprops =
		{
			category = "Audio",
			Priority = "Story_Sound_1",
		}
	},

	{
		entity_name = "snd_LtInf_Breaker_Sound_2",
		type = SOUND,
		template_name = "sfx_breaker",
		lt_grp = 0, srt_grp = 0, usr_flg = 0,
		spatialprops =
		{
			pos = { 18.84038, 20.72843, 20.71897 },
			orient = { { 1, 0, 0 }, { 0, 1, 0 }, { 0, 0, 1 } }
		},
		audioprops =
		{
			attenuation = -15,
			pan = -100,
			dmin = 50,
			dmax = 1000,
			ain = 360,
			aout = 360,
			atout = 0,
			rmix = 0,
		},
		userprops =
		{
			category = "Audio",
			Priority = "Story_Sound_1",
		}
	},

	{
		entity_name = "snd_backgroundambient_1",
		type = SOUND,
		template_name = "backgroundambient",
		lt_grp = 0, srt_grp = 0, usr_flg = 0,
		spatialprops =
		{
			pos = { 0, 0, 0 },
			orient = { { 1, 0, 0 }, { 0, 1, 0 }, { 0, 0, 1 } }
		},
		audioprops =
		{
			attenuation = 0,
			pan = 0,
			dmin = 50,
			dmax = 300,
			ain = 360,
			aout = 360,
			atout = 0,
			rmix = 0,
		},
		userprops =
		{
			category = "Audio",
		}
	},

	{
		entity_name = "snd_fs_ml_hard01_1",
		type = SOUND,
		template_name = "fs_ml_hard01",
		lt_grp = 0, srt_grp = 0, usr_flg = 0,
		spatialprops =
		{
			pos = { 0, 0, 0 },
			orient = { { 1, 0, 0 }, { 0, 1, 0 }, { 0, 0, 1 } }
		},
		audioprops =
		{
			attenuation = -23,
			pan = 0,
			dmin = 50,
			dmax = 300,
			ain = 360,
			aout = 360,
			atout = 0,
			rmix = 0,
		},
		userprops =
		{
			category = "Audio",
			Priority = "Steps_4",
		}
	},

	{
		entity_name = "snd_fs_ml_hard02_2",
		type = SOUND,
		template_name = "fs_ml_hard02",
		lt_grp = 0, srt_grp = 0, usr_flg = 0,
		spatialprops =
		{
			pos = { 0, 0, 0 },
			orient = { { 1, 0, 0 }, { 0, 1, 0 }, { 0, 0, 1 } }
		},
		audioprops =
		{
			attenuation = -23,
			pan = 0,
			dmin = 50,
			dmax = 300,
			ain = 360,
			aout = 360,
			atout = 0,
			rmix = 0,
		},
		userprops =
		{
			category = "Audio",
			Priority = "Steps_4",
		}
	},

	{
		entity_name = "snd_fs_ml_hard03_3",
		type = SOUND,
		template_name = "fs_ml_hard03",
		lt_grp = 0, srt_grp = 0, usr_flg = 0,
		spatialprops =
		{
			pos = { 0, 0, 0 },
			orient = { { 1, 0, 0 }, { 0, 1, 0 }, { 0, 0, 1 } }
		},
		audioprops =
		{
			attenuation = -23,
			pan = 0,
			dmin = 50,
			dmax = 300,
			ain = 360,
			aout = 360,
			atout = 0,
			rmix = 0,
		},
		userprops =
		{
			category = "Audio",
			Priority = "Steps_4",
		}
	},

	{
		entity_name = "snd_fs_ml_hard04_4",
		type = SOUND,
		template_name = "fs_ml_hard04",
		lt_grp = 0, srt_grp = 0, usr_flg = 0,
		spatialprops =
		{
			pos = { 0, 0, 0 },
			orient = { { 1, 0, 0 }, { 0, 1, 0 }, { 0, 0, 1 } }
		},
		audioprops =
		{
			attenuation = -23,
			pan = 0,
			dmin = 50,
			dmax = 300,
			ain = 360,
			aout = 360,
			atout = 0,
			rmix = 0,
		},
		userprops =
		{
			category = "Audio",
			Priority = "Steps_4",
		}
	},

	{
		entity_name = "snd_fs_mr_hard01_5",
		type = SOUND,
		template_name = "fs_mr_hard01",
		lt_grp = 0, srt_grp = 0, usr_flg = 0,
		spatialprops =
		{
			pos = { 0, 0, 0 },
			orient = { { 1, 0, 0 }, { 0, 1, 0 }, { 0, 0, 1 } }
		},
		audioprops =
		{
			attenuation = -23,
			pan = 0,
			dmin = 50,
			dmax = 300,
			ain = 360,
			aout = 360,
			atout = 0,
			rmix = 0,
		},
		userprops =
		{
			category = "Audio",
			Priority = "Steps_4",
		}
	},

	{
		entity_name = "snd_fs_mr_hard02_6",
		type = SOUND,
		template_name = "fs_mr_hard02",
		lt_grp = 0, srt_grp = 0, usr_flg = 0,
		spatialprops =
		{
			pos = { 0, 0, 0 },
			orient = { { 1, 0, 0 }, { 0, 1, 0 }, { 0, 0, 1 } }
		},
		audioprops =
		{
			attenuation = -23,
			pan = 0,
			dmin = 50,
			dmax = 300,
			ain = 360,
			aout = 360,
			atout = 0,
			rmix = 0,
		},
		userprops =
		{
			category = "Audio",
			Priority = "Steps_4",
		}
	},

	{
		entity_name = "snd_fs_mr_hard03_7",
		type = SOUND,
		template_name = "fs_mr_hard03",
		lt_grp = 0, srt_grp = 0, usr_flg = 0,
		spatialprops =
		{
			pos = { 0, 0, 0 },
			orient = { { 1, 0, 0 }, { 0, 1, 0 }, { 0, 0, 1 } }
		},
		audioprops =
		{
			attenuation = -23,
			pan = 0,
			dmin = 50,
			dmax = 300,
			ain = 360,
			aout = 360,
			atout = 0,
			rmix = 0,
		},
		userprops =
		{
			category = "Audio",
			Priority = "Steps_4",
		}
	},

	{
		entity_name = "snd_fs_mr_hard04_8",
		type = SOUND,
		template_name = "fs_mr_hard04",
		lt_grp = 0, srt_grp = 0, usr_flg = 0,
		spatialprops =
		{
			pos = { 0, 0, 0 },
			orient = { { 1, 0, 0 }, { 0, 1, 0 }, { 0, 0, 1 } }
		},
		audioprops =
		{
			attenuation = -23,
			pan = 0,
			dmin = 50,
			dmax = 300,
			ain = 360,
			aout = 360,
			atout = 0,
			rmix = 0,
		},
		userprops =
		{
			category = "Audio",
			Priority = "Steps_4",
		}
	},

	{
		entity_name = "snd_fs_fl_hard01_9",
		type = SOUND,
		template_name = "fs_fl_hard01",
		lt_grp = 0, srt_grp = 0, usr_flg = 0,
		spatialprops =
		{
			pos = { 0, 0, 0 },
			orient = { { 1, 0, 0 }, { 0, 1, 0 }, { 0, 0, 1 } }
		},
		audioprops =
		{
			attenuation = -21,
			pan = 0,
			dmin = 50,
			dmax = 300,
			ain = 360,
			aout = 360,
			atout = 0,
			rmix = 0,
		},
		userprops =
		{
			category = "Audio",
			Priority = "Steps_4",
		}
	},

	{
		entity_name = "snd_fs_fl_hard02_10",
		type = SOUND,
		template_name = "fs_fl_hard02",
		lt_grp = 0, srt_grp = 0, usr_flg = 0,
		spatialprops =
		{
			pos = { 0, 0, 0 },
			orient = { { 1, 0, 0 }, { 0, 1, 0 }, { 0, 0, 1 } }
		},
		audioprops =
		{
			attenuation = -21,
			pan = 0,
			dmin = 50,
			dmax = 300,
			ain = 360,
			aout = 360,
			atout = 0,
			rmix = 0,
		},
		userprops =
		{
			category = "Audio",
			Priority = "Steps_4",
		}
	},

	{
		entity_name = "snd_fs_fl_hard03_11",
		type = SOUND,
		template_name = "fs_fl_hard03",
		lt_grp = 0, srt_grp = 0, usr_flg = 0,
		spatialprops =
		{
			pos = { 0, 0, 0 },
			orient = { { 1, 0, 0 }, { 0, 1, 0 }, { 0, 0, 1 } }
		},
		audioprops =
		{
			attenuation = -21,
			pan = 0,
			dmin = 50,
			dmax = 300,
			ain = 360,
			aout = 360,
			atout = 0,
			rmix = 0,
		},
		userprops =
		{
			category = "Audio",
			Priority = "Steps_4",
		}
	},

	{
		entity_name = "snd_fs_fl_hard04_12",
		type = SOUND,
		template_name = "fs_fl_hard04",
		lt_grp = 0, srt_grp = 0, usr_flg = 0,
		spatialprops =
		{
			pos = { 0, 0, 0 },
			orient = { { 1, 0, 0 }, { 0, 1, 0 }, { 0, 0, 1 } }
		},
		audioprops =
		{
			attenuation = -21,
			pan = 0,
			dmin = 50,
			dmax = 300,
			ain = 360,
			aout = 360,
			atout = 0,
			rmix = 0,
		},
		userprops =
		{
			category = "Audio",
			Priority = "Steps_4",
		}
	},

	{
		entity_name = "snd_fs_fr_hard01_13",
		type = SOUND,
		template_name = "fs_fr_hard01",
		lt_grp = 0, srt_grp = 0, usr_flg = 0,
		spatialprops =
		{
			pos = { 0, 0, 0 },
			orient = { { 1, 0, 0 }, { 0, 1, 0 }, { 0, 0, 1 } }
		},
		audioprops =
		{
			attenuation = -21,
			pan = 0,
			dmin = 50,
			dmax = 300,
			ain = 360,
			aout = 360,
			atout = 0,
			rmix = 0,
		},
		userprops =
		{
			category = "Audio",
			Priority = "Steps_4",
		}
	},

	{
		entity_name = "snd_fs_fr_hard02_14",
		type = SOUND,
		template_name = "fs_fr_hard02",
		lt_grp = 0, srt_grp = 0, usr_flg = 0,
		spatialprops =
		{
			pos = { 0, 0, 0 },
			orient = { { 1, 0, 0 }, { 0, 1, 0 }, { 0, 0, 1 } }
		},
		audioprops =
		{
			attenuation = -21,
			pan = 0,
			dmin = 50,
			dmax = 300,
			ain = 360,
			aout = 360,
			atout = 0,
			rmix = 0,
		},
		userprops =
		{
			category = "Audio",
			Priority = "Steps_4",
		}
	},

	{
		entity_name = "snd_fs_fr_hard03_15",
		type = SOUND,
		template_name = "fs_fr_hard03",
		lt_grp = 0, srt_grp = 0, usr_flg = 0,
		spatialprops =
		{
			pos = { 0, 0, 0 },
			orient = { { 1, 0, 0 }, { 0, 1, 0 }, { 0, 0, 1 } }
		},
		audioprops =
		{
			attenuation = -21,
			pan = 0,
			dmin = 50,
			dmax = 300,
			ain = 360,
			aout = 360,
			atout = 0,
			rmix = 0,
		},
		userprops =
		{
			category = "Audio",
			Priority = "Steps_4",
		}
	},

	{
		entity_name = "snd_fs_fr_hard04_16",
		type = SOUND,
		template_name = "fs_fr_hard04",
		lt_grp = 0, srt_grp = 0, usr_flg = 0,
		spatialprops =
		{
			pos = { 0, 0, 0 },
			orient = { { 1, 0, 0 }, { 0, 1, 0 }, { 0, 0, 1 } }
		},
		audioprops =
		{
			attenuation = -21,
			pan = 0,
			dmin = 50,
			dmax = 300,
			ain = 360,
			aout = 360,
			atout = 0,
			rmix = 0,
		},
		userprops =
		{
			category = "Audio",
			Priority = "Steps_4",
		}
	},

	{
		entity_name = "snd_LtInf_Breaker_Sound02",
		type = SOUND,
		template_name = "sfx_breaker",
		lt_grp = 0, srt_grp = 0, usr_flg = 0,
		spatialprops =
		{
			pos = { 17.58411, 20.66017, 21.45756 },
			orient = { { 1, 0, 0 }, { 0, 1, 0 }, { 0, 0, 1 } }
		},
		audioprops =
		{
			attenuation = -14,
			pan = -100,
			dmin = 50,
			dmax = 300,
			ain = 360,
			aout = 360,
			atout = 0,
			rmix = 0,
		},
		userprops =
		{
			category = "Audio",
			Priority = "Story_Sound_1",
		}
	},

	{
		entity_name = "ambi_LtG00_Inf_Fill",
		type = LIGHT,
		template_name = "",
		lt_grp = 0, srt_grp = 0, usr_flg = 0,
		flags = REFERENCE,
		spatialprops =
		{
			pos = { -1.307657, 0.280372, -1.765076 },
			orient = { {  0.923054, -0.041729, -0.382400 },
					   {  0.212383,  0.884130,  0.416181 },
					   {  0.320725, -0.465373,  0.824963 } }
		},
		lightprops =
		{
			on = Y,
			color = { 255, 255, 255 },
			diffuse = { 1, 1, 1 },
			specular = { 0, 0, 0 },
			ambient = { 0, 0, 0 },
			direction = { 0, 0, 1 },
			range = 1000,
			cutoff = 180,
			type = L_SPOT,
			theta = 144,
			atten = { 0, 0, 0.0001 }
		}
	},

	{
		entity_name = "ambi_LtG00_Inf_Key",
		type = LIGHT,
		template_name = "",
		lt_grp = 0, srt_grp = 0, usr_flg = 0,
		flags = REFERENCE,
		spatialprops =
		{
			pos = { -1.330156, 0.140467, -1.124973 },
			orient = { { -0.782882,  0.010692,  0.622078 },
					   { -0.232639,  0.922296, -0.308626 },
					   { -0.577040, -0.386337, -0.719562 } }
		},
		lightprops =
		{
			on = Y,
			color = { 255, 255, 255 },
			diffuse = { 1, 1, 1 },
			specular = { 0, 0, 0 },
			ambient = { 0, 0, 0 },
			direction = { 0, 0, 1 },
			range = 1000,
			cutoff = 180,
			type = L_SPOT,
			theta = 144,
			atten = { 0, 0, 0.0001 }
		}
	},

	{
		entity_name = "ambi_LtG09_Inf_Fill",
		type = LIGHT,
		template_name = "",
		lt_grp = 1, srt_grp = 0, usr_flg = 0,
		flags = REFERENCE,
		spatialprops =
		{
			pos = { -1.307657, 0.280372, -1.765076 },
			orient = { {  0.923054, -0.041729, -0.382400 },
					   {  0.212383,  0.884130,  0.416181 },
					   {  0.320725, -0.465373,  0.824963 } }
		},
		lightprops =
		{
			on = Y,
			color = { 255, 255, 255 },
			diffuse = { 1, 1, 1 },
			specular = { 0, 0, 0 },
			ambient = { 0, 0, 0 },
			direction = { 0, 0, 1 },
			range = 1000,
			cutoff = 180,
			type = L_SPOT,
			theta = 144,
			atten = { 0, 0, 0.0001 }
		}
	},

	{
		entity_name = "ambi_LtG09_Inf_Key",
		type = LIGHT,
		template_name = "",
		lt_grp = 1, srt_grp = 0, usr_flg = 0,
		flags = REFERENCE,
		spatialprops =
		{
			pos = { -1.330156, 0.140467, -1.124973 },
			orient = { { -0.782882,  0.010692,  0.622078 },
					   { -0.232639,  0.922296, -0.308626 },
					   { -0.577040, -0.386337, -0.719562 } }
		},
		lightprops =
		{
			on = Y,
			color = { 255, 255, 255 },
			diffuse = { 1, 1, 1 },
			specular = { 0, 0, 0 },
			ambient = { 0, 0, 0 },
			direction = { 0, 0, 1 },
			range = 1000,
			cutoff = 180,
			type = L_SPOT,
			theta = 144,
			atten = { 0, 0, 0.0001 }
		}
	},

	{
		entity_name = "Cam_Monitor_s005a_static",
		type = MONITOR,
		template_name = "",
		lt_grp = 0, srt_grp = 0, usr_flg = 0,
		userprops =
		{
			Priority = "Monitor_Static_1",
		}
	},

	{
		entity_name = "Char_Trent_Mk_loc_01_start",
		type = MARKER,
		template_name = "",
		lt_grp = 0, srt_grp = 0, usr_flg = 0,
		spatialprops =
		{
			pos = { -27.21311, 1.035228, 1.352952 },
			orient = { {  0.073797,  0.000000,  0.997273 },
					   {  0.000000,  1.000000,  0.000000 },
					   { -0.997273,  0.000000,  0.073797 } }
		}
	},

	{
		entity_name = "Cam_D_LowWide_static_mon_01",
		type = CAMERA,
		template_name = "",
		lt_grp = 0, srt_grp = 0, usr_flg = 0,
		spatialprops =
		{
			pos = { -5.882945, 0.052289, -5.915398 },
			orient = { { -0.888133,  0.000141,  0.459587 },
					   { -0.124878,  0.962303, -0.241615 },
					   { -0.442296, -0.271978, -0.854635 } }
		},
		cameraprops =
		{
			fovh = 35,
			hvaspect = 1.85,
			nearplane = 0.4,
			farplane = 200
		}
	},

	{
		entity_name = "Cam_D_LowWide_static_mon_02",
		type = CAMERA,
		template_name = "",
		lt_grp = 0, srt_grp = 0, usr_flg = 0,
		spatialprops =
		{
			pos = { -6.891046, 0.113341, -9.564116 },
			orient = { { -0.771952, -0.004043,  0.635668 },
					   { -0.185680,  0.957804, -0.219397 },
					   { -0.607958, -0.287395, -0.740129 } }
		},
		cameraprops =
		{
			fovh = 35,
			hvaspect = 1.85,
			nearplane = 0.4,
			farplane = 200
		}
	},

	{
		entity_name = "Cam_D_LowWide_static_mon_03",
		type = CAMERA,
		template_name = "",
		lt_grp = 0, srt_grp = 0, usr_flg = 0,
		spatialprops =
		{
			pos = { 13.08904, 3.126467, -9.455837 },
			orient = { { -0.504314,  0.000000, -0.863521 },
					   { -0.055507,  0.997932,  0.032417 },
					   {  0.861735,  0.064280, -0.503271 } }
		},
		cameraprops =
		{
			fovh = 35,
			hvaspect = 1.85,
			nearplane = 0.4,
			farplane = 200
		}
	},

	{
		entity_name = "Cam_E_Mdm2_static_mon",
		type = CAMERA,
		template_name = "",
		lt_grp = 0, srt_grp = 0, usr_flg = 0,
		spatialprops =
		{
			pos = { 3.994329, 1.936401, -2.375645 },
			orient = { {  0.267353,  0.000000, -0.963599 },
					   { -0.207167,  0.976616, -0.057479 },
					   {  0.941065,  0.214993,  0.261101 } }
		},
		cameraprops =
		{
			fovh = 20,
			hvaspect = 1.85,
			nearplane = 0.4,
			farplane = 200
		}
	},

	{
		entity_name = "Mk_Offscreen_Fixture",
		type = MARKER,
		template_name = "",
		lt_grp = 0, srt_grp = 0, usr_flg = 0,
		spatialprops =
		{
			pos = { 0, -2000, 2000 },
			orient = { { -0.995403,  0.000000, -0.095775 },
					   {  0.000000,  1.000000,  0.000000 },
					   {  0.095775,  0.000000, -0.995403 } }
		}
	},

	{
		entity_name = "X/Shipcentre/01",
		type = MARKER,
		template_name = "",
		lt_grp = 0, srt_grp = 0, usr_flg = 0,
		flags = REFERENCE,
		spatialprops =
		{
			pos = { 0, 0, 0 },
			orient = { { -0.012966,  0.000000, -0.999916 },
					   {  0.000000,  1.000000,  0.000000 },
					   {  0.999916,  0.000000, -0.012966 } }
		}
	},

	{
		entity_name = "snd_sfx_steam01_4",
		type = SOUND,
		template_name = "sfx_steam01",
		lt_grp = 0, srt_grp = 0, usr_flg = 0,
		flags = REFERENCE + SPATIAL,
		spatialprops =
		{
			pos = { -24.84658, -2.37983, -7.267125 },
			orient = { { 1, 0, 0 }, { 0, 1, 0 }, { 0, 0, 1 } }
		},
		audioprops =
		{
			attenuation = 0,
			pan = 0,
			dmin = 1,
			dmax = 1e+009,
			ain = 360,
			aout = 360,
			atout = 0,
			rmix = 0,
		}
	},

	{
		entity_name = "snd_sfx_steam02_5",
		type = SOUND,
		template_name = "sfx_steam02",
		lt_grp = 0, srt_grp = 0, usr_flg = 0,
		flags = REFERENCE + SPATIAL,
		spatialprops =
		{
			pos = { -24.19404, -2.37983, 6.415844 },
			orient = { { 1, 0, 0 }, { 0, 1, 0 }, { 0, 0, 1 } }
		},
		audioprops =
		{
			attenuation = 0,
			pan = 0,
			dmin = 1,
			dmax = 1e+009,
			ain = 360,
			aout = 360,
			atout = 0,
			rmix = 0,
		}
	},

	{
		entity_name = "snd_sfx_ship_levitation_6",
		type = SOUND,
		template_name = "ship_levitation",
		lt_grp = 0, srt_grp = 0, usr_flg = 0,
		flags = REFERENCE + SPATIAL,
		spatialprops =
		{
			pos = { 0, 0, 0 },
			orient = { { 1, 0, 0 }, { 0, 1, 0 }, { 0, 0, 1 } }
		},
		audioprops =
		{
			attenuation = 0,
			pan = 0,
			dmin = 1,
			dmax = 1e+009,
			ain = 360,
			aout = 360,
			atout = 0,
			rmix = 0,
		}
	},

	{
		entity_name = "snd_sfx_ship_levitation_4",
		type = SOUND,
		template_name = "ship_levitation",
		lt_grp = 0, srt_grp = 0, usr_flg = 0,
		flags = SPATIAL,
		spatialprops =
		{
			pos = { 0, 0, 0 },
			orient = { { 1, 0, 0 }, { 0, 1, 0 }, { 0, 0, 1 } }
		},
		audioprops =
		{
			attenuation = -10,
			pan = 0,
			dmin = 50,
			dmax = 1000,
			ain = 360,
			aout = 360,
			atout = 0,
			rmix = 0,
		},
		userprops =
		{
			category = "Audio",
		}
	},

	{
		entity_name = "ambi_LtG00_Spcl_Edger",
		type = LIGHT,
		template_name = "",
		lt_grp = 0, srt_grp = 0, usr_flg = 0,
		spatialprops =
		{
			pos = { -17.98355, 0, 2.501 },
			orient = { { -0.980419,  0.000000, -0.196924 },
					   { -0.086586,  0.898148,  0.431084 },
					   {  0.176867,  0.439693, -0.880561 } }
		},
		lightprops =
		{
			on = Y,
			color = { 255, 255, 255 },
			diffuse = { 1, 1, 1 },
			specular = { 0, 0, 0 },
			ambient = { 0, 0, 0 },
			direction = { 0, 0, 1 },
			range = 2000,
			cutoff = 98.99998,
			type = L_DIRECT,
			theta = 90,
			atten = { 1, 0, 4e-006 }
		}
	},

	{
		entity_name = "snd_music_anticipation_light_2",
		type = SOUND,
		template_name = "rtc_music_anticipation_light",
		lt_grp = 0, srt_grp = 0, usr_flg = 0,
		spatialprops =
		{
			pos = { 0, 0, 0 },
			orient = { { 1, 0, 0 }, { 0, 1, 0 }, { 0, 0, 1 } }
		},
		audioprops =
		{
			attenuation = -100,
			pan = 0,
			dmin = 50,
			dmax = 300,
			ain = 360,
			aout = 360,
			atout = 0,
			rmix = 0,
		},
		userprops =
		{
			category = "Audio",
		}
	},

	{
		entity_name = "ambi_Mrk_equip_grd_larger_copy_1",
		type = MARKER,
		template_name = "",
		lt_grp = 0, srt_grp = 0, usr_flg = 0,
		spatialprops =
		{
			pos = { 38.70279, 0, 0 },
			orient = { { 1, 0, 0 }, { 0, 1, 0 }, { 0, 0, 1 } }
		}
	},

	{
		entity_name = "rtc_music_friendly_encouragement_1",
		type = SOUND,
		template_name = "rtc_music_friendly_encouragement",
		lt_grp = 0, srt_grp = 0, usr_flg = 0,
		flags = REFERENCE,
		spatialprops =
		{
			pos = { 0, 0, 0 },
			orient = { { 1, 0, 0 }, { 0, 1, 0 }, { 0, 0, 1 } }
		},
		audioprops =
		{
			attenuation = 0,
			pan = 0,
			dmin = 1,
			dmax = 1e+009,
			ain = 360,
			aout = 360,
			atout = 0,
			rmix = 0,
		}
	},

	{
		entity_name = "snd_sfx_steam01_2",
