duration = 17.500;

entities =
{

	{
		entity_name = "Layer_Scene_s005b",
		type = SCENE,
		template_name = "",
		lt_grp = 0, srt_grp = 0, usr_flg = 0,
		spatialprops =
		{
			pos = { 0, 0, 0 },
			orient = { { 1, 0, 0 }, { 0, 1, 0 }, { 0, 0, 1 } }
		},
		up = Y_AXIS,
		front = Z_AXIS,
		ambient = { 0, 0, 0 }
	},

	{
		entity_name = "Cam_Monitor_s005b",
		type = MONITOR,
		template_name = "",
		lt_grp = 0, srt_grp = 0, usr_flg = 0,
		userprops =
		{
			Priority = "Monitor_Moving_1",
		}
	},

	{
		entity_name = "Char_juni",
		type = DEFORMABLE,
		template_name = "juni",
		lt_grp = 0, srt_grp = 0, usr_flg = 0,
		flags = LIT_DYNAMIC,
		spatialprops =
		{
			pos = { 0.997719, 0, -3.649951 },
			orient = { { -0.393824,  0.000000,  0.919186 },
					   {  0.000000,  1.000000,  0.000000 },
					   { -0.919186,  0.000000, -0.393824 } }
		},
		compoundprops =
		{
			floor_height = 0
		},
		userprops =
		{
			actor = "juni",
			category = "Character",
		}
	},

	{
		entity_name = "Char_trent",
		type = DEFORMABLE,
		template_name = "trent",
		lt_grp = 0, srt_grp = 0, usr_flg = 0,
		flags = LIT_DYNAMIC,
		spatialprops =
		{
			pos = { 2.123804, 0, -2.855138 },
			orient = { {  0.257879,  0.000000, -0.966177 },
					   {  0.000000,  1.000000,  0.000000 },
					   {  0.966177,  0.000000,  0.257879 } }
		},
		compoundprops =
		{
			floor_height = 0
		},
		userprops =
		{
			actor = "player",
			category = "Character",
		}
	},

	{
		entity_name = "Char_Trent_Mk_Loc_EndSceneA",
		type = MARKER,
		template_name = "",
		lt_grp = 0, srt_grp = 0, usr_flg = 0,
		spatialprops =
		{
			pos = { 2.172398, 0.973156, -2.665983 },
			orient = { {  0.117947,  0.000000, -0.993020 },
					   {  0.000000,  1.000000,  0.000000 },
					   {  0.993020,  0.000000,  0.117947 } }
		}
	},

	{
		entity_name = "Char_Juni_Mk_loc_EndSceneA",
		type = MARKER,
		template_name = "",
		lt_grp = 0, srt_grp = 0, usr_flg = 0,
		spatialprops =
		{
			pos = { 1.072578, 0.952482, -3.713531 },
			orient = { { -0.415319,  0.000000,  0.909676 },
					   {  0.000000,  1.000000,  0.000000 },
					   { -0.909676,  0.000000, -0.415319 } }
		}
	},

	{
		entity_name = "dx_s005b_0201_juni_54",
		type = SOUND,
		template_name = "dx_s005b_0201_juni",
		lt_grp = 0, srt_grp = 0, usr_flg = 0,
		spatialprops =
		{
			pos = { 0, 0, 0 },
			orient = { { 1, 0, 0 }, { 0, 1, 0 }, { 0, 0, 1 } }
		},
		audioprops =
		{
			attenuation = -3,
			pan = 0,
			dmin = 50,
			dmax = 1000,
			ain = 360,
			aout = 360,
			atout = 0,
			rmix = 0,
		},
		userprops =
		{
			category = "Audio",
		}
	},

	{
		entity_name = "dx_s005b_0202_juni_55",
		type = SOUND,
		template_name = "dx_s005b_0202_juni",
		lt_grp = 0, srt_grp = 0, usr_flg = 0,
		spatialprops =
		{
			pos = { 0, 0, 0 },
			orient = { { 1, 0, 0 }, { 0, 1, 0 }, { 0, 0, 1 } }
		},
		audioprops =
		{
			attenuation = -1,
			pan = 0,
			dmin = 50,
			dmax = 1000,
			ain = 360,
			aout = 360,
			atout = 0,
			rmix = 0,
		},
		userprops =
		{
			category = "Audio",
		}
	},

	{
		entity_name = "dx_s005b_0203_juni_56",
		type = SOUND,
		template_name = "dx_s005b_0203_juni",
		lt_grp = 0, srt_grp = 0, usr_flg = 0,
		spatialprops =
		{
			pos = { 0, 0, 0 },
			orient = { { 1, 0, 0 }, { 0, 1, 0 }, { 0, 0, 1 } }
		},
		audioprops =
		{
			attenuation = -1,
			pan = 0,
			dmin = 50,
			dmax = 1000,
			ain = 360,
			aout = 360,
			atout = 0,
			rmix = 0,
		},
		userprops =
		{
			category = "Audio",
		}
	},

	{
		entity_name = "dx_s005b_0101_Trent_2",
		type = SOUND,
		template_name = "dx_s005b_0101_Trent",
		lt_grp = 0, srt_grp = 0, usr_flg = 0,
		spatialprops =
		{
			pos = { 0, 0, 0 },
			orient = { { 1, 0, 0 }, { 0, 1, 0 }, { 0, 0, 1 } }
		},
		audioprops =
		{
			attenuation = -3,
			pan = 0,
			dmin = 50,
			dmax = 1000,
			ain = 360,
			aout = 360,
			atout = 0,
			rmix = 0,
		},
		userprops =
		{
			category = "Audio",
		}
	},

	{
		entity_name = "Char_Juni_Mk_IKhead_Nod",
		type = MARKER,
		template_name = "",
		lt_grp = 0, srt_grp = 0, usr_flg = 0,
		spatialprops =
		{
			pos = { 1.88429, 1.660122, -2.870855 },
			orient = { { -0.962874,  0.000000, -0.269952 },
					   {  0.000000,  1.000000,  0.000000 },
					   {  0.269952,  0.000000, -0.962874 } }
		}
	},

	{
		entity_name = "Char_Juni_Mk_IKhead_Nod_UP",
		type = MARKER,
		template_name = "",
		lt_grp = 0, srt_grp = 0, usr_flg = 0,
		spatialprops =
		{
			pos = { 1.88429, 1.660122, -2.870855 },
			orient = { { -0.962874,  0.000000, -0.269952 },
					   {  0.000000,  1.000000,  0.000000 },
					   {  0.269952,  0.000000, -0.962874 } }
		}
	},

	{
		entity_name = "Char_Juni_Mk_IKhead_Nod_DN",
		type = MARKER,
		template_name = "",
		lt_grp = 0, srt_grp = 0, usr_flg = 0,
		spatialprops =
		{
			pos = { 1.88429, 1.460122, -2.870855 },
			orient = { { -0.962874,  0.000000, -0.269952 },
					   {  0.000000,  1.000000,  0.000000 },
					   {  0.269952,  0.000000, -0.962874 } }
		}
	},

	{
		entity_name = "Char_Trent_Mk_ort",
		type = MARKER,
		template_name = "",
		lt_grp = 0, srt_grp = 0, usr_flg = 0,
		spatialprops =
		{
			pos = { 2.278147, 0.981985, -2.615433 },
			orient = { {  0.024639, -0.000097, -0.999696 },
					   {  0.000008,  1.000000, -0.000097 },
					   {  0.999696, -0.000005,  0.024639 } }
		}
	},

	{
		entity_name = "Char_Trent_Mk_IKhead_LookForward",
		type = MARKER,
		template_name = "",
		lt_grp = 0, srt_grp = 0, usr_flg = 0,
		spatialprops =
		{
			pos = { -25.7272, 1.355379, -2.388974 },
			orient = { {  0.048908,  0.073855, -0.996069 },
					   {  0.005660,  0.997226,  0.074219 },
					   {  0.998787, -0.009267,  0.048354 } }
		}
	},

	{
		entity_name = "Char_Trent_Mk_IKhead",
		type = MARKER,
		template_name = "",
		lt_grp = 0, srt_grp = 0, usr_flg = 0,
		spatialprops =
		{
			pos = { -4.342776, 0.932204, -4.162288 },
			orient = { {  0.048908,  0.073855, -0.996069 },
					   {  0.005660,  0.997226,  0.074219 },
					   {  0.998787, -0.009267,  0.048354 } }
		}
	},

	{
		entity_name = "Char_Trent_Mk_IKhead_Nod_DN",
		type = MARKER,
		template_name = "",
		lt_grp = 0, srt_grp = 0, usr_flg = 0,
		spatialprops =
		{
			pos = { 1.03698, 1.265917, -3.642213 },
			orient = { { 1, 0, 0 }, { 0, 1, 0 }, { 0, 0, 1 } }
		}
	},

	{
		entity_name = "Char_Trent_Mk_IKhead_Nod_UP",
		type = MARKER,
		template_name = "",
		lt_grp = 0, srt_grp = 0, usr_flg = 0,
		spatialprops =
		{
			pos = { 1.03698, 1.581935, -3.642213 },
			orient = { { 1, 0, 0 }, { 0, 1, 0 }, { 0, 0, 1 } }
		}
	},

	{
		entity_name = "Char_Juni_Mk_IKhead_BeforeTrent",
		type = MARKER,
		template_name = "",
		lt_grp = 0, srt_grp = 0, usr_flg = 0,
		spatialprops =
		{
			pos = { 0, 0, 0 },
			orient = { { 1, 0, 0 }, { 0, 1, 0 }, { 0, 0, 1 } }
		}
	},

	{
		entity_name = "Char_Juni_Mk_IKhead",
		type = MARKER,
		template_name = "",
		lt_grp = 0, srt_grp = 0, usr_flg = 0,
		spatialprops =
		{
			pos = { 1.88429, 1.660122, -2.870855 },
			orient = { { -0.962874,  0.000000, -0.269952 },
					   {  0.000000,  1.000000,  0.000000 },
					   {  0.269952,  0.000000, -0.962874 } }
		}
	},

	{
		entity_name = "Char_Trent_Mk_IKhead_BeforeJuni",
		type = MARKER,
		template_name = "",
		lt_grp = 0, srt_grp = 0, usr_flg = 0,
		spatialprops =
		{
			pos = { -4.342776, 0.932204, -4.162288 },
			orient = { {  0.048908,  0.073855, -0.996069 },
					   {  0.005660,  0.997226,  0.074219 },
					   {  0.998787, -0.009267,  0.048354 } }
		}
	},

	{
		entity_name = "Char_Juni_Mk_loc_02",
		type = MARKER,
		template_name = "",
		lt_grp = 0, srt_grp = 0, usr_flg = 0,
		spatialprops =
		{
			pos = { -7.028952, 0.954896, -3.629216 },
			orient = { { -0.015681,  0.000000, -0.999877 },
					   {  0.000000,  1.000000,  0.000000 },
					   {  0.999877,  0.000000, -0.015681 } }
		}
	},

	{
		entity_name = "Char_Trent_Mk_Loc_02",
		type = MARKER,
		template_name = "",
		lt_grp = 0, srt_grp = 0, usr_flg = 0,
		spatialprops =
		{
			pos = { -7.181914, 0.969072, -2.715835 },
			orient = { {  0.031513,  0.000000, -0.999503 },
					   {  0.000000,  1.000000,  0.000000 },
					   {  0.999503,  0.000000,  0.031513 } }
		}
	},

	{
		entity_name = "dx_s011x_0401_Trent_4",
		type = SOUND,
		template_name = "dx_s011x_0401_Trent",
		lt_grp = 0, srt_grp = 0, usr_flg = 0,
		spatialprops =
		{
			pos = { 0, 0, 0 },
			orient = { { 1, 0, 0 }, { 0, 1, 0 }, { 0, 0, 1 } }
		},
		audioprops =
		{
			attenuation = -3,
			pan = 0,
			dmin = 50,
			dmax = 1000,
			ain = 360,
			aout = 360,
			atout = 0,
			rmix = 0,
		},
		userprops =
		{
			category = "Audio",
		}
	},

	{
		entity_name = "Cam_A_Dolly_2Shot_Walk",
		type = CAMERA,
		template_name = "",
		lt_grp = 0, srt_grp = 0, usr_flg = 0,
		spatialprops =
		{
			pos = { 2.444758, 1.426392, -5.677591 },
			orient = { { -0.931828,  0.000000, -0.362900 },
					   { -0.031946,  0.996118,  0.082027 },
					   {  0.361492,  0.088029, -0.928210 } }
		},
		cameraprops =
		{
			fovh = 26,
			hvaspect = 1.85,
			nearplane = 0.4,
			farplane = 200
		}
	},

	{
		entity_name = "Cam_A_Dolly_2Shot_Path",
		type = MOTION_PATH,
		template_name = "",
		lt_grp = 0, srt_grp = 0, usr_flg = 0,
		spatialprops =
		{
			pos = { 3.297285, 1.425495, -5.080523 },
			orient = { { -0.756621,  0.000000, -0.653853 },
					   { -0.046251,  0.997495,  0.053520 },
					   {  0.652216,  0.070735, -0.754726 } }
		},
		pathprops =
		{
			path_type = "CV_CROrientationSplinePath",
			path_data = "OPEN,{1.035436,0.008370,-0.105345}, {0.985439,-0.008548,0.169281,0.013481}, {5.274291,0.110288,-3.164640}, {0.905159,-0.005683,0.424176,0.027018}, {7.286795,0.472112,-7.302805}, {0.618770,-0.002676,0.782228,0.072355}, {8.543745,0.693414,-9.944876}, {0.416858,-0.004628,0.906567,0.065907}, "
		}
	},

	{
		entity_name = "Cam_A_Dolly_2Shot_Path_UpAndDown",
		type = MOTION_PATH,
		template_name = "",
		lt_grp = 0, srt_grp = 0, usr_flg = 0,
		spatialprops =
		{
			pos = { 2.444758, 1.426392, -5.677591 },
			orient = { { -0.931828,  0.000000, -0.362900 },
					   { -0.031946,  0.996118,  0.082027 },
					   {  0.361492,  0.088029, -0.928210 } }
		},
		pathprops =
		{
			path_type = "CV_CROrientationSplinePath",
			path_data = "OPEN,{0.000000,-1.000000,0.000000}, {1.000000,0.000000,0.000000,0.000000}, {0.000000,1.000000,0.000000}, {1.000000,0.000000,0.000000,0.000000}, "
		}
	},

	{
		entity_name = "Char_Trent_Mk_StartWalk_3",
		type = MARKER,
		template_name = "",
		lt_grp = 0, srt_grp = 0, usr_flg = 0,
		spatialprops =
		{
			pos = { -12.91324, 0.975406, -1.514153 },
			orient = { { -0.115092,  0.000000, -0.993355 },
					   {  0.000000,  1.000000,  0.000000 },
					   {  0.993355,  0.000000, -0.115092 } }
		}
	},

	{
		entity_name = "Char_Trent_Mk_IKeyes",
		type = MARKER,
		template_name = "",
		lt_grp = 0, srt_grp = 0, usr_flg = 0,
		spatialprops =
		{
			pos = { -1.759537, 1.576003, -3.889426 },
			orient = { {  0.048908,  0.073855, -0.996069 },
					   {  0.005660,  0.997226,  0.074219 },
					   {  0.998787, -0.009267,  0.048354 } }
		}
	},

	{
		entity_name = "Char_Trent_Mk_IKeyes_Front",
		type = MARKER,
		template_name = "",
		lt_grp = 0, srt_grp = 0, usr_flg = 0,
		spatialprops =
		{
			pos = { -4.342776, 0.932204, -4.162288 },
			orient = { {  0.048908,  0.073855, -0.996069 },
					   {  0.005660,  0.997226,  0.074219 },
					   {  0.998787, -0.009267,  0.048354 } }
		}
	},

	{
		entity_name = "Char_Trent_Mk_IKeyes_Left",
		type = MARKER,
		template_name = "",
		lt_grp = 0, srt_grp = 0, usr_flg = 0,
		spatialprops =
		{
			pos = { -4.342776, 0.932204, -4.162288 },
			orient = { {  0.048908,  0.073855, -0.996069 },
					   {  0.005660,  0.997226,  0.074219 },
					   {  0.998787, -0.009267,  0.048354 } }
		}
	},

	{
		entity_name = "Char_Trent_Mk_IKeyes_Juni_1",
		type = MARKER,
		template_name = "",
		lt_grp = 0, srt_grp = 0, usr_flg = 0,
		spatialprops =
		{
			pos = { 0.962504, 1.49502, -3.617736 },
			orient = { { -0.502170,  0.000000,  0.864769 },
					   {  0.000000,  1.000000,  0.000000 },
					   { -0.864769,  0.000000, -0.502170 } }
		}
	},

	{
		entity_name = "Char_Trent_Mk_IKeyes_Up",
		type = MARKER,
		template_name = "",
		lt_grp = 0, srt_grp = 0, usr_flg = 0,
		spatialprops =
		{
			pos = { 0.962504, 1.360571, -3.617736 },
			orient = { { -0.502170,  0.000000,  0.864769 },
					   {  0.000000,  1.000000,  0.000000 },
					   { -0.864769,  0.000000, -0.502170 } }
		}
	},

	{
		entity_name = "Char_Trent_Mk_IKeyes_Juni_2",
		type = MARKER,
		template_name = "",
		lt_grp = 0, srt_grp = 0, usr_flg = 0,
		spatialprops =
		{
			pos = { -7.617352, 1.543527, -3.427103 },
			orient = { { -0.157100,  0.000000, -0.987583 },
					   {  0.000000,  1.000000,  0.000000 },
					   {  0.987583,  0.000000, -0.157100 } }
		}
	},

	{
		entity_name = "Char_Juni_Mk_IKeyes",
		type = MARKER,
		template_name = "",
		lt_grp = 0, srt_grp = 0, usr_flg = 0,
		spatialprops =
		{
			pos = { 2.123744, 1.716579, -2.647001 },
			orient = { {  0.142602,  0.000000, -0.989780 },
					   {  0.000000,  1.000000,  0.000000 },
					   {  0.989780,  0.000000,  0.142602 } }
		}
	},

	{
		entity_name = "Char_Juni_Mk_IKeyes_Right",
		type = MARKER,
		template_name = "",
		lt_grp = 0, srt_grp = 0, usr_flg = 0,
		spatialprops =
		{
			pos = { 2.123744, 1.716579, -2.647001 },
			orient = { {  0.142602,  0.000000, -0.989780 },
					   {  0.000000,  1.000000,  0.000000 },
					   {  0.989780,  0.000000,  0.142602 } }
		}
	},

	{
		entity_name = "Char_Juni_Mk_IKeyes_Left",
		type = MARKER,
		template_name = "",
		lt_grp = 0, srt_grp = 0, usr_flg = 0,
		spatialprops =
		{
			pos = { 2.123744, 1.716579, -2.647001 },
			orient = { {  0.142602,  0.000000, -0.989780 },
					   {  0.000000,  1.000000,  0.000000 },
					   {  0.989780,  0.000000,  0.142602 } }
		}
	},

	{
		entity_name = "Char_Juni_Mk_IKeyes_Front",
		type = MARKER,
		template_name = "",
		lt_grp = 0, srt_grp = 0, usr_flg = 0,
		spatialprops =
		{
			pos = { 2.123744, 1.716579, -2.647001 },
			orient = { {  0.142602,  0.000000, -0.989780 },
					   {  0.000000,  1.000000,  0.000000 },
					   {  0.989780,  0.000000,  0.142602 } }
		}
	},

	{
		entity_name = "Char_Juni_Mk_IKhead_BeforeTrent_2",
		type = MARKER,
		template_name = "",
		lt_grp = 0, srt_grp = 0, usr_flg = 0,
		spatialprops =
		{
			pos = { -7.814155, 1.604963, -2.750783 },
			orient = { { 1, 0, 0 }, { 0, 1, 0 }, { 0, 0, 1 } }
		}
	},

	{
		entity_name = "Char_Trent_Mk_IKhead_BeforeJuni_2",
		type = MARKER,
		template_name = "",
		lt_grp = 0, srt_grp = 0, usr_flg = 0,
		spatialprops =
		{
			pos = { -7.664128, 1.58794, -3.221065 },
			orient = { {  0.048908,  0.073855, -0.996069 },
					   {  0.005660,  0.997226,  0.074219 },
					   {  0.998787, -0.009267,  0.048354 } }
		}
	},

	{
		entity_name = "Char_Juni_Mk_IKhead_Follow",
		type = MARKER,
		template_name = "",
		lt_grp = 0, srt_grp = 0, usr_flg = 0,
		spatialprops =
		{
			pos = { -7.814155, 1.818511, -2.750783 },
			orient = { { 1, 0, 0 }, { 0, 1, 0 }, { 0, 0, 1 } }
		}
	},

	{
		entity_name = "Mk_Offscreen_location",
		type = MARKER,
		template_name = "",
		lt_grp = 0, srt_grp = 0, usr_flg = 0,
		spatialprops =
		{
			pos = { -20.52261, 0.960122, -23.3019 },
			orient = { {  0.299434,  0.000000, -0.954117 },
					   {  0.000000,  1.000000,  0.000000 },
					   {  0.954117,  0.000000,  0.299434 } }
		}
	},

	{
		entity_name = "Char_Juni_Mk_ort_180_01",
		type = MARKER,
		template_name = "",
		lt_grp = 0, srt_grp = 0, usr_flg = 0,
		spatialprops =
		{
			pos = { 1.068274, 0.95622, -3.77609 },
			orient = { { -0.067892,  0.000000, -0.997693 },
					   {  0.000000,  1.000000,  0.000000 },
					   {  0.997693,  0.000000, -0.067892 } }
		}
	},

	{
		entity_name = "snd_ship_levitation_11",
		type = SOUND,
		template_name = "ship_levitation",
		lt_grp = 0, srt_grp = 0, usr_flg = 0,
		flags = SPATIAL,
		spatialprops =
		{
			pos = { 0, 0, 0 },
			orient = { { 1, 0, 0 }, { 0, 1, 0 }, { 0, 0, 1 } }
		},
		audioprops =
		{
			attenuation = -5,
			pan = 0,
			dmin = 50,
			dmax = 1000,
			ain = 360,
			aout = 360,
			atout = 0,
			rmix = 0,
		},
		userprops =
		{
			category = "Audio",
			Priority = "Story_Sound_1",
		}
	},

	{
		entity_name = "Char_Trent_Mk_IKeyes_Right",
		type = MARKER,
		template_name = "",
		lt_grp = 0, srt_grp = 0, usr_flg = 0,
		spatialprops =
		{
			pos = { -4.342776, 0.932204, -4.162288 },
			orient = { {  0.048908,  0.073855, -0.996069 },
					   {  0.005660,  0.997226,  0.074219 },
					   {  0.998787, -0.009267,  0.048354 } }
		}
	},

	{
		entity_name = "Char_Trent_Mk_IKeyes_Front_2",
		type = MARKER,
		template_name = "",
		lt_grp = 0, srt_grp = 0, usr_flg = 0,
		spatialprops =
		{
			pos = { -4.342776, 0.932204, -4.162288 },
			orient = { {  0.048908,  0.073855, -0.996069 },
					   {  0.005660,  0.997226,  0.074219 },
					   {  0.998787, -0.009267,  0.048354 } }
		}
	},

	{
		entity_name = "snd_fs_fl_hard01_1",
		type = SOUND,
		template_name = "fs_fl_hard01",
		lt_grp = 0, srt_grp = 0, usr_flg = 0,
		spatialprops =
		{
			pos = { 0, 0, 0 },
			orient = { { 1, 0, 0 }, { 0, 1, 0 }, { 0, 0, 1 } }
		},
		audioprops =
		{
			attenuation = -21,
			pan = 0,
			dmin = 50,
			dmax = 300,
			ain = 360,
			aout = 360,
			atout = 0,
			rmix = 0,
		},
		userprops =
		{
			category = "Audio",
			Priority = "Steps_4",
		}
	},

	{
		entity_name = "snd_fs_fl_hard02_2",
		type = SOUND,
		template_name = "fs_fl_hard02",
		lt_grp = 0, srt_grp = 0, usr_flg = 0,
		spatialprops =
		{
			pos = { 0, 0, 0 },
			orient = { { 1, 0, 0 }, { 0, 1, 0 }, { 0, 0, 1 } }
		},
		audioprops =
		{
			attenuation = -21,
			pan = 0,
			dmin = 50,
			dmax = 300,
			ain = 360,
			aout = 360,
			atout = 0,
			rmix = 0,
		},
		userprops =
		{
			category = "Audio",
			Priority = "Steps_4",
		}
	},

	{
		entity_name = "snd_fs_fl_hard03_3",
		type = SOUND,
		template_name = "fs_fl_hard03",
		lt_grp = 0, srt_grp = 0, usr_flg = 0,
		spatialprops =
		{
			pos = { 0, 0, 0 },
			orient = { { 1, 0, 0 }, { 0, 1, 0 }, { 0, 0, 1 } }
		},
		audioprops =
		{
			attenuation = -21,
			pan = 0,
			dmin = 50,
			dmax = 300,
			ain = 360,
			aout = 360,
			atout = 0,
			rmix = 0,
		},
		userprops =
		{
			category = "Audio",
			Priority = "Steps_4",
		}
	},

	{
		entity_name = "snd_fs_fl_hard04_4",
		type = SOUND,
		template_name = "fs_fl_hard04",
		lt_grp = 0, srt_grp = 0, usr_flg = 0,
		spatialprops =
		{
			pos = { 0, 0, 0 },
			orient = { { 1, 0, 0 }, { 0, 1, 0 }, { 0, 0, 1 } }
		},
		audioprops =
		{
			attenuation = -21,
			pan = 0,
			dmin = 50,
			dmax = 300,
			ain = 360,
			aout = 360,
			atout = 0,
			rmix = 0,
		},
		userprops =
		{
			category = "Audio",
			Priority = "Steps_4",
		}
	},

	{
		entity_name = "snd_fs_fr_hard01_5",
		type = SOUND,
		template_name = "fs_fr_hard01",
		lt_grp = 0, srt_grp = 0, usr_flg = 0,
		spatialprops =
		{
			pos = { 0, 0, 0 },
			orient = { { 1, 0, 0 }, { 0, 1, 0 }, { 0, 0, 1 } }
		},
		audioprops =
		{
			attenuation = -21,
			pan = 0,
			dmin = 50,
			dmax = 300,
			ain = 360,
			aout = 360,
			atout = 0,
			rmix = 0,
		},
		userprops =
		{
			category = "Audio",
			Priority = "Steps_4",
		}
	},

	{
		entity_name = "snd_fs_fr_hard02_6",
		type = SOUND,
		template_name = "fs_fr_hard02",
		lt_grp = 0, srt_grp = 0, usr_flg = 0,
		spatialprops =
		{
			pos = { 0, 0, 0 },
			orient = { { 1, 0, 0 }, { 0, 1, 0 }, { 0, 0, 1 } }
		},
		audioprops =
		{
			attenuation = -21,
			pan = 0,
			dmin = 50,
			dmax = 300,
			ain = 360,
			aout = 360,
			atout = 0,
			rmix = 0,
		},
		userprops =
		{
			category = "Audio",
			Priority = "Steps_4",
		}
	},

	{
		entity_name = "snd_fs_fr_hard03_7",
		type = SOUND,
		template_name = "fs_fr_hard03",
		lt_grp = 0, srt_grp = 0, usr_flg = 0,
		spatialprops =
		{
			pos = { 0, 0, 0 },
			orient = { { 1, 0, 0 }, { 0, 1, 0 }, { 0, 0, 1 } }
		},
		audioprops =
		{
			attenuation = -21,
			pan = 0,
			dmin = 50,
			dmax = 300,
			ain = 360,
			aout = 360,
			atout = 0,
			rmix = 0,
		},
		userprops =
		{
			category = "Audio",
			Priority = "Steps_4",
		}
	},

	{
		entity_name = "snd_fs_fr_hard04_8",
		type = SOUND,
		template_name = "fs_fr_hard04",
		lt_grp = 0, srt_grp = 0, usr_flg = 0,
		spatialprops =
		{
			pos = { 0, 0, 0 },
			orient = { { 1, 0, 0 }, { 0, 1, 0 }, { 0, 0, 1 } }
		},
		audioprops =
		{
			attenuation = -21,
			pan = 0,
			dmin = 50,
			dmax = 300,
			ain = 360,
			aout = 360,
			atout = 0,
			rmix = 0,
		},
		userprops =
		{
			category = "Audio",
			Priority = "Steps_4",
		}
	},

	{
		entity_name = "snd_fs_ml_hard01_9",
		type = SOUND,
		template_name = "fs_ml_hard01",
		lt_grp = 0, srt_grp = 0, usr_flg = 0,
		spatialprops =
		{
			pos = { 0, 0, 0 },
			orient = { { 1, 0, 0 }, { 0, 1, 0 }, { 0, 0, 1 } }
		},
		audioprops =
		{
			attenuation = -23,
			pan = 0,
			dmin = 50,
			dmax = 300,
			ain = 360,
			aout = 360,
			atout = 0,
			rmix = 0,
		},
		userprops =
		{
			category = "Audio",
			Priority = "Steps_4",
		}
	},

	{
		entity_name = "snd_fs_ml_hard02_10",
		type = SOUND,
		template_name = "fs_ml_hard02",
		lt_grp = 0, srt_grp = 0, usr_flg = 0,
		spatialprops =
		{
			pos = { 0, 0, 0 },
			orient = { { 1, 0, 0 }, { 0, 1, 0 }, { 0, 0, 1 } }
		},
		audioprops =
		{
			attenuation = -23,
			pan = 0,
			dmin = 50,
			dmax = 300,
			ain = 360,
			aout = 360,
			atout = 0,
			rmix = 0,
		},
		userprops =
		{
			category = "Audio",
			Priority = "Steps_4",
		}
	},

	{
		entity_name = "snd_fs_ml_hard03_11",
		type = SOUND,
		template_name = "fs_ml_hard03",
		lt_grp = 0, srt_grp = 0, usr_flg = 0,
		spatialprops =
		{
			pos = { 0, 0, 0 },
			orient = { { 1, 0, 0 }, { 0, 1, 0 }, { 0, 0, 1 } }
		},
		audioprops =
		{
			attenuation = -23,
			pan = 0,
			dmin = 50,
			dmax = 300,
			ain = 360,
			aout = 360,
			atout = 0,
			rmix = 0,
		},
		userprops =
		{
			category = "Audio",
			Priority = "Steps_4",
		}
	},

	{
		entity_name = "snd_fs_ml_hard04_12",
		type = SOUND,
		template_name = "fs_ml_hard04",
		lt_grp = 0, srt_grp = 0, usr_flg = 0,
		spatialprops =
		{
			pos = { 0, 0, 0 },
			orient = { { 1, 0, 0 }, { 0, 1, 0 }, { 0, 0, 1 } }
		},
		audioprops =
		{
			attenuation = -23,
			pan = 0,
			dmin = 50,
			dmax = 300,
			ain = 360,
			aout = 360,
			atout = 0,
			rmix = 0,
		},
		userprops =
		{
			category = "Audio",
			Priority = "Steps_4",
		}
	},

	{
		entity_name = "snd_fs_mr_hard01_13",
		type = SOUND,
		template_name = "fs_mr_hard01",
		lt_grp = 0, srt_grp = 0, usr_flg = 0,
		spatialprops =
		{
			pos = { 0, 0, 0 },
			orient = { { 1, 0, 0 }, { 0, 1, 0 }, { 0, 0, 1 } }
		},
		audioprops =
		{
			attenuation = -23,
			pan = 0,
			dmin = 50,
			dmax = 300,
			ain = 360,
			aout = 360,
			atout = 0,
			rmix = 0,
		},
		userprops =
		{
			category = "Audio",
			Priority = "Steps_4",
		}
	},

	{
		entity_name = "snd_fs_mr_hard02_14",
		type = SOUND,
		template_name = "fs_mr_hard02",
		lt_grp = 0, srt_grp = 0, usr_flg = 0,
		spatialprops =
		{
			pos = { 0, 0, 0 },
			orient = { { 1, 0, 0 }, { 0, 1, 0 }, { 0, 0, 1 } }
		},
		audioprops =
		{
			attenuation = -23,
			pan = 0,
			dmin = 50,
			dmax = 300,
			ain = 360,
			aout = 360,
			atout = 0,
			rmix = 0,
		},
		userprops =
		{
			category = "Audio",
			Priority = "Steps_4",
		}
	},

	{
		entity_name = "snd_fs_mr_hard03_15",
		type = SOUND,
		template_name = "fs_mr_hard03",
		lt_grp = 0, srt_grp = 0, usr_flg = 0,
		spatialprops =
		{
			pos = { 0, 0, 0 },
			orient = { { 1, 0, 0 }, { 0, 1, 0 }, { 0, 0, 1 } }
		},
		audioprops =
		{
			attenuation = -23,
			pan = 0,
			dmin = 50,
			dmax = 300,
			ain = 360,
			aout = 360,
			atout = 0,
			rmix = 0,
		},
		userprops =
		{
			category = "Audio",
			Priority = "Steps_4",
		}
	},

	{
		entity_name = "snd_fs_mr_hard04_16",
		type = SOUND,
		template_name = "fs_mr_hard04",
		lt_grp = 0, srt_grp = 0, usr_flg = 0,
		spatialprops =
		{
			pos = { 0, 0, 0 },
			orient = { { 1, 0, 0 }, { 0, 1, 0 }, { 0, 0, 1 } }
		},
		audioprops =
		{
			attenuation = -23,
			pan = 0,
			dmin = 50,
			dmax = 300,
			ain = 360,
			aout = 360,
			atout = 0,
			rmix = 0,
		},
		userprops =
		{
			category = "Audio",
			Priority = "Steps_4",
		}
	},

	{
		entity_name = "Cam_Monitor_s005b_static",
		type = MONITOR,
		template_name = "",
		lt_grp = 0, srt_grp = 0, usr_flg = 0,
		userprops =
		{
			Priority = "Monitor_Static_1",
		}
	},

	{
		entity_name = "Cam_A_static_mon_01",
		type = CAMERA,
		template_name = "",
		lt_grp = 0, srt_grp = 0, usr_flg = 0,
		spatialprops =
		{
			pos = { 2.444758, 1.426392, -5.677591 },
			orient = { { -0.920264,  0.000000, -0.391298 },
					   { -0.034440,  0.996119,  0.080996 },
					   {  0.389779,  0.088014, -0.916693 } }
		},
		cameraprops =
		{
			fovh = 26,
			hvaspect = 1.85,
			nearplane = 0.4,
			farplane = 200
		}
	},

	{
		entity_name = "Cam_A_static_mon_02",
		type = CAMERA,
		template_name = "",
		lt_grp = 0, srt_grp = 0, usr_flg = 0,
		spatialprops =
		{
			pos = { -3.648444, 1.187867, -5.709973 },
			orient = { { -0.718808,  0.000000,  0.695209 },
					   {  0.014914,  0.999770,  0.015420 },
					   { -0.695049,  0.021453, -0.718643 } }
		},
		cameraprops =
		{
			fovh = 26,
			hvaspect = 1.85,
			nearplane = 0.4,
			farplane = 200
		}
	},

	{
		entity_name = "Cam_A_static_mon_03",
		type = CAMERA,
		template_name = "",
		lt_grp = 0, srt_grp = 0, usr_flg = 0,
		spatialprops =
		{
			pos = { -9.68537, 1.413721, -3.124109 },
			orient = { { -0.001877, -0.007066,  0.999973 },
					   {  0.077499,  0.996967,  0.007190 },
					   { -0.996991,  0.077510, -0.001324 } }
		},
		cameraprops =
		{
			fovh = 26,
			hvaspect = 1.85,
			nearplane = 0.4,
			farplane = 200
		}
	},

	{
		entity_name = "X/Shipcentre/01",
		type = MARKER,
		template_name = "",
		lt_grp = 0, srt_grp = 0, usr_flg = 0,
		flags = REFERENCE,
		spatialprops =
		{
			pos = { 0, 0, 0 },
			orient = { { -0.012966,  0.000000, -0.999916 },
					   {  0.000000,  1.000000,  0.000000 },
					   {  0.999916,  0.000000, -0.012966 } }
		}
	},

	{
		entity_name = "ambi_Alchemy_Steam_LeftPit_Mk_copy_1",
		type = MARKER,
		template_name = "",
		lt_grp = 0, srt_grp = 0, usr_flg = 0,
		spatialprops =
		{
			pos = { -24.84658, -2.37983, -7.267125 },
			orient = { { 1, 0, 0 }, { 0, 1, 0 }, { 0, 0, 1 } }
		}
	},

	{
		entity_name = "ambi_Alchemy_Steam_RightPit_Mk_copy_1",
		type = MARKER,
		template_name = "",
		lt_grp = 0, srt_grp = 0, usr_flg = 0,
		spatialprops =
		{
			pos = { -24.19404, -2.37983, 6.415844 },
			orient = { { 1, 0, 0 }, { 0, 1, 0 }, { 0, 0, 1 } }
		}
	},

	{
		entity_name = "snd_sfx_ship_levitation_6",
		type = SOUND,
		template_name = "ship_levitation",
		lt_grp = 0, srt_grp = 0, usr_flg = 0,
		flags = REFERENCE + SPATIAL,
		spatialprops =
		{
			pos = { 0, 0, 0 },
			orient = { { 1, 0, 0 }, { 0, 1, 0 }, { 0, 0, 1 } }
		},
		audioprops =
		{
			attenuation = 0,
			pan = 0,
			dmin = 1,
			dmax = 1e+009,
			ain = 360,
			aout = 360,
			atout = 0,
			rmix = 0,
		}
	},

	{
		entity_name = "snd_sfx_steam01_4",
		type = SOUND,
		template_name = "sfx_steam01",
		lt_grp = 0, srt_grp = 0, usr_flg = 0,
		flags = REFERENCE + SPATIAL,
		spatialprops =
		{
			pos = { -24.84658, -2.37983, -7.267125 },
			orient = { { 1, 0, 0 }, { 0, 1, 0 }, { 0, 0, 1 } }
		},
		audioprops =
		{
			attenuation = 0,
			pan = 0,
			dmin = 1,
			dmax = 1e+009,
			ain = 360,
			aout = 360,
			atout = 0,
			rmix = 0,
		}
	},

	{
		entity_name = "snd_sfx_steam02_5",
		type = SOUND,
		template_name = "sfx_steam02",
		lt_grp = 0, srt_grp = 0, usr_flg = 0,
		flags = REFERENCE + SPATIAL,
		spatialprops =
		{
			pos = { -24.19404, -2.37983, 6.415844 },
			orient = { { 1, 0, 0 }, { 0, 1, 0 }, { 0, 0, 1 } }
		},
		audioprops =
		{
			attenuation = 0,
			pan = 0,
			dmin = 1,
			dmax = 1e+009,
			ain = 360,
			aout = 360,
			atout = 0,
			rmix = 0,
		}
	},

	{
		entity_name = "rtc_music_friendly_encouragement_1",
		type = SOUND,
		template_name = "rtc_music_friendly_encouragement",
		lt_grp = 0, srt_grp = 0, usr_flg = 0,
		flags = REFERENCE,
		spatialprops =
		{
			pos = { 0, 0, 0 },
			orient = { { 1, 0, 0 }, { 0, 1, 0 }, { 0, 0, 1 } }
		},
		audioprops =
		{
			attenuation = 0,
			pan = 0,
			dmin = 1,
			dmax = 1e+009,
			ain = 360,
			aout = 360,
			atout = 0,
			rmix = 0,
		}
	},

	{
		entity_name = "snd_music_anticipation_motivated_6",
		type = SOUND,
		template_name = "rtc_music_anticipation_motivated",
		lt_grp = 0, srt_grp = 0, usr_flg = 0,
		spatialprops =
		{
			pos = { 0, 0, 0 },
			orient = { { 1, 0, 0 }, { 0, 1, 0 }, { 0, 0, 1 } }
		},
		audioprops =
		{
			attenuation = -100,
			pan = 0,
			dmin = 50,
			dmax = 300,
			ain = 360,
			aout = 360,
			atout = 0,
			rmix = 0,
		},
		userprops =
		{
			category = "Audio",
		}
	},

	{
		entity_name = "ambi_Mrk_equip_grd_larger_copy_1",
		type = MARKER,
		template_name = "",
		lt_grp = 0, srt_grp = 0, usr_flg = 0,
		spatialprops =
		{
			pos = { 38.70279, 0, 0 },
			orient = { { 1, 0, 0 }, { 0, 1, 0 }, { 0, 0, 1 } }
		}
	},

	{
		entity_name = "snd_backgroundambient_1",
		type = SOUND,
		template_name = "backgroundambient",
		lt_grp = 0, srt_grp = 0, usr_flg = 0,
		spatialprops =
		{
			pos = { 0, 0, 0 },
			orient = { { 1, 0, 0 }, { 0, 1, 0 }, { 0, 0, 1 } }
		},
		audioprops =
		{
			attenuation = 0,
			pan = 0,
			dmin = 50,
			dmax = 300,
			ain = 360,
			aout = 360,
			atout = 0,
			rmix = 0,
		},
		userprops =
		{
			category = "Audio",
		}
	}
};

events =
{
	{
		0.000, START_AUDIO_PROP_ANIM, { "snd_backgroundambient_1" },
		{
			duration = 1.000,
			audioprops =
			{
				attenuation = -10
			}
		}
	},

	{
		0.000, ATTACH_ENTITY, { "snd_ship_levitation_11", "X/Shipcentre/01" },
		{
			duration = 0.000,
			offset = { 0, 0, 0 },
			up = Y_AXIS,
			front = NEG_Z_AXIS,
			target_type = ROOT,
			flags = POSITION + ORIENTATION
		}
	},

	{
		0.000, SET_CAMERA, { "Cam_Monitor_s005b_static", "Cam_A_static_mon_01" }
	},

	{
		0.000, START_MOTION, { "Char_juni" },
		{
			animation = "Sc_FMHEAD_HAPPY_SMILE_SATSFIED_JUNI_000LV_XA_%",
			duration = 4.000,
			trans_time = 0.600,
			time_scale = 1,
			weight = 1,
			heading = -1
		}
	},

	{
		0.000, START_MOTION, { "Char_trent" },
		{
			animation = "Sc_MLBODY_STND_IDLE_SMALL_000LV_xa_05",
			duration = 2.625,
			start_time = 2.375,
			time_scale = 1,
			weight = 1,
			heading = -1
		}
	},

	{
		0.000, SET_CAMERA, { "Cam_Monitor_s005b", "Cam_A_Dolly_2Shot_Walk" }
	},

	{
		0.000, ATTACH_ENTITY, { "Char_Trent_Mk_IKhead", "Char_Trent_Mk_IKhead_Nod_UP" },
		{
			duration = 0.000,
			offset = { 0, 0, 0 },
			up = Y_AXIS,
			front = NEG_Z_AXIS,
			target_part = "",
			target_type = ROOT,
			flags = POSITION
		}
	},

	{
		0.000, ATTACH_ENTITY, { "Char_Juni_Mk_IKhead_BeforeTrent", "Char_trent" },
		{
			duration = 20.000,
			offset = { 0, 0.75, -2 },
			up = Y_AXIS,
			front = NEG_Z_AXIS,
			target_part = "",
			target_type = ROOT,
			flags = POSITION + ENTITY_RELATIVE
		}
	},

	{
		0.000, ATTACH_ENTITY, { "Char_Juni_Mk_IKhead_Nod_UP", "Char_juni" },
		{
			duration = 6.093,
			offset = { 0, 0.7, -1 },
			up = Y_AXIS,
			front = NEG_Z_AXIS,
			target_part = "",
			target_type = ROOT,
			flags = POSITION + ENTITY_RELATIVE
		}
	},

	{
		0.000, ATTACH_ENTITY, { "Char_trent", "Char_Trent_Mk_Loc_EndSceneA" },
		{
			duration = 0.000,
			offset = { 0, 0, 0 },
			up = Y_AXIS,
			front = NEG_Z_AXIS,
			target_part = "",
			target_type = ROOT,
			flags = POSITION + ORIENTATION
		}
	},

	{
		0.000, START_SPATIAL_PROP_ANIM, { "Char_Trent_Mk_IKeyes", "Char_Trent_Mk_IKeyes_Juni_1" },
		{
			duration = 1.312,
			target_part = "",
			target_type = ROOT,
			spatialprops =
			{
				pos = { 0.962504, 1.49502, -3.617736 }
			},
			param_curve =
			{
				CLSID = "FreeFormPCurve",
				points =
				{
					{  0.000000,  0.000000,  0.000000,  0.000000 },
					{  1.000000,  1.000000,  0.000000,  0.000000 },
				}
			},
			pcurve_period = -1
		}
	},

	{
		0.000, START_MOTION, { "Char_juni" },
		{
			animation = "Sc_FMBODY_STND_IDLE_000LV_xa_05",
			duration = 2.000,
			start_time = 3.000,
			time_scale = 1,
			weight = 1,
			heading = -1
		}
	},

	{
		0.000, ATTACH_ENTITY, { "Char_Juni_Mk_IKhead_Nod_DN", "Char_juni" },
		{
			duration = 6.062,
			offset = { 0, 0.5, -1 },
			up = Y_AXIS,
			front = NEG_Z_AXIS,
			target_part = "",
			target_type = ROOT,
			flags = POSITION + ENTITY_RELATIVE
		}
	},

	{
		0.000, ATTACH_ENTITY, { "Char_juni", "Char_Juni_Mk_loc_EndSceneA" },
		{
			duration = 0.000,
			offset = { 0, 0, 0 },
			up = Y_AXIS,
			front = NEG_Z_AXIS,
			target_part = "",
			target_type = ROOT,
			flags = POSITION + ORIENTATION
		}
	},

	{
		0.000, START_AUDIO_PROP_ANIM, { "rtc_music_friendly_encouragement_1" },
		{
			duration = 2.000,
			audioprops =
			{
				attenuation = -100
			}
		}
	},

	{
		0.000, ATTACH_ENTITY, { "Char_Trent_Mk_IKhead_BeforeJuni", "Char_juni" },
		{
			duration = 19.625,
			offset = { 0, 0.5, -0.5 },
			up = Y_AXIS,
			front = NEG_Z_AXIS,
			target_part = "",
			target_type = ROOT,
			flags = POSITION + ENTITY_RELATIVE
		}
	},

	{
		0.000, START_MOTION, { "Char_trent" },
		{
			animation = "Sc_MLHAND_HNEUT_GESTR_SMALL_000LV_00",
			duration = 5.656,
			start_time = 1.000,
			time_scale = 1,
			weight = 1,
			heading = -1
		}
	},

	{
		0.000, ATTACH_ENTITY, { "Char_Juni_Mk_IKeyes_Left", "Char_juni" },
		{
			duration = 20.000,
			offset = { -2, -0.1, 4 },
			up = Y_AXIS,
			front = NEG_Z_AXIS,
			target_part = "Body_Head",
			target_type = PART,
			flags = POSITION + ENTITY_RELATIVE
		}
	},

	{
		0.000, ATTACH_ENTITY, { "Char_Juni_Mk_IKeyes_Right", "Char_juni" },
		{
			duration = 20.000,
			offset = { 2, -0.1, 4 },
			up = Y_AXIS,
			front = NEG_Z_AXIS,
			target_part = "Body_Head",
			target_type = PART,
			flags = POSITION + ENTITY_RELATIVE
		}
	},

	{
		0.000, ATTACH_ENTITY, { "Char_Trent_Mk_IKeyes_Front", "Char_trent" },
		{
			duration = 20.000,
			offset = { 0, 0.4, 4 },
			up = Y_AXIS,
			front = NEG_Z_AXIS,
			target_part = "Body_Head",
			target_type = PART,
			flags = POSITION + ENTITY_RELATIVE
		}
	},

	{
		0.000, ATTACH_ENTITY, { "Char_Trent_Mk_IKeyes_Front_2", "Char_trent" },
		{
			duration = 20.000,
			offset = { 0, 0.1, 4 },
			up = Y_AXIS,
			front = NEG_Z_AXIS,
			target_part = "Body_Head",
			target_type = PART,
			flags = POSITION + ENTITY_RELATIVE
		}
	},

	{
		0.000, ATTACH_ENTITY, { "Char_Trent_Mk_IKeyes_Left", "Char_trent" },
		{
			duration = 20.000,
			offset = { -2, 0.4, 4 },
			up = Y_AXIS,
			front = NEG_Z_AXIS,
			target_part = "Body_Head",
			target_type = PART,
			flags = POSITION + ENTITY_RELATIVE
		}
	},

	{
		0.000, ATTACH_ENTITY, { "Char_Trent_Mk_IKeyes_Right", "Char_trent" },
		{
			duration = 20.000,
			offset = { 2, 0.4, 4 },
			up = Y_AXIS,
			front = NEG_Z_AXIS,
			target_part = "Body_Head",
			target_type = PART,
			flags = POSITION + ENTITY_RELATIVE
		}
	},

	{
		0.000, ATTACH_ENTITY, { "Char_Trent_Mk_IKeyes_Up", "Char_trent" },
		{
			duration = 20.000,
			offset = { 0, 0, 4 },
			up = Y_AXIS,
			front = NEG_Z_AXIS,
			target_part = "Body_Head",
			target_type = PART,
			flags = POSITION + ENTITY_RELATIVE
		}
	},

	{
		0.000, ATTACH_ENTITY, { "Char_Trent_Mk_IKhead_Nod_UP", "Char_trent" },
		{
			duration = 20.000,
			offset = { 0.8301, 0.6129, -1.2176 },
			up = Y_AXIS,
			front = NEG_Z_AXIS,
			target_part = "",
			target_type = ROOT,
			flags = POSITION + ENTITY_RELATIVE
		}
	},

	{
		0.000, ATTACH_ENTITY, { "Char_Juni_Mk_IKeyes_Front", "Char_juni" },
		{
			duration = 30.000,
			offset = { 0, -0.1, 4 },
			up = Y_AXIS,
			front = NEG_Z_AXIS,
			target_part = "Body_Head",
			target_type = PART,
			flags = POSITION + ENTITY_RELATIVE
		}
	},

	{
		0.000, ATTACH_ENTITY, { "Char_Trent_Mk_IKhead_Nod_DN", "Char_trent" },
		{
			duration = 20.000,
			offset = { 0.8301, 0.2968, -1.2176 },
			up = Y_AXIS,
			front = NEG_Z_AXIS,
			target_part = "",
			target_type = ROOT,
			flags = POSITION + ENTITY_RELATIVE
		}
	},

	{
		0.000, START_AUDIO_PROP_ANIM, { "snd_music_anticipation_motivated_6" },
		{
			duration = 2.700,
			audioprops =
			{
				attenuation = -16
			}
		}
	},

	{
		0.000, START_MOTION, { "Char_trent" },
		{
			animation = "Sc_MLHAND_HNEUT_GESTL_SMALL_000LV_00",
			duration = 5.666,
			start_time = 1.000,
			time_scale = 1,
			weight = 1,
			heading = -1
		}
	},

	{
		0.001, START_SOUND, { "snd_music_anticipation_motivated_6" },
		{
			duration = 48.006
		}
	},

	{
		0.100, START_SOUND, { "snd_ship_levitation_11" },
		{
			duration = 26.000,
			flags = LOOP
		}
	},

	{
		0.100, START_IK, { "Char_trent", "Char_Trent_Mk_IKeyes" },
		{
			duration = 19.961,
			end_effector = "Eye IK Left",
			count_to_root = 1,
			target_part = "",
			target_type = ROOT,
			damping = 1,
			up = Y_AXIS,
			front = Z_AXIS,
			point_at = 1,
			move_to = 0,
			transition_duration = 0.200,
			event_flags = 128
		}
	},

	{
		0.125, START_IK, { "Char_juni", "Char_Juni_Mk_IKeyes" },
		{
			duration = 19.937,
			end_effector = "Eye IK Left",
			count_to_root = 1,
			target_part = "",
			target_type = ROOT,
			damping = 1,
			up = Y_AXIS,
			front = Z_AXIS,
			point_at = 1,
			move_to = 0,
			transition_duration = 0.200,
			event_flags = 128
		}
	},

	{
		0.250, START_IK, { "Char_trent", "Char_Trent_Mk_IKhead" },
		{
			duration = 19.812,
			end_effector = "Body_Head",
			count_to_root = 1,
			target_part = "hp_head",
			target_type = ROOT,
			damping = 1,
			up = NEG_Y_AXIS,
			front = Z_AXIS,
			point_at = 1,
			move_to = 0,
			transition_duration = 0.700,
			event_flags = 128
		}
	},

	{
		0.656, START_SOUND, { "dx_s005b_0101_Trent_2" },
		{
			duration = 2.140
		}
	},

	{
		0.656, ATTACH_ENTITY, { "Char_Juni_Mk_IKhead_Nod", "Char_Juni_Mk_IKhead_Nod_UP" },
		{
			duration = 1.000,
			offset = { 0, 0, 0 },
			up = Y_AXIS,
			front = NEG_Z_AXIS,
			target_part = "",
			target_type = ROOT,
			flags = POSITION
		}
	},

	{
		0.656, START_MOTION, { "Char_trent" },
		{
			animation = "Sc_dx_s005b_0101_trent_take1_apply_S02",
			duration = 2.124,
			trans_time = 0.100,
			time_scale = 1,
			weight = 1,
			heading = -1
		}
	},

	{
		1.031, START_PATH_ANIMATION, { "Cam_A_Dolly_2Shot_Walk", "Cam_A_Dolly_2Shot_Path" },
		{
			duration = 11.562,
			start_percent = 0,
			stop_percent = 1,
			offset = { 0, 0, 0 },
			up = Y_AXIS,
			front = NEG_Z_AXIS,
			flags = POSITION + ORIENTATION,
			param_curve =
			{
				CLSID = "FreeFormPCurve",
				points =
				{
					{  0.000000,  0.000000,  0.000000,  0.047619 },
					{  0.278846,  0.086538,  0.909091,  1.416667 },
					{  0.826923,  0.942308,  0.705882,  1.000000 },
					{  1.000000,  1.000000,  0.000000,  0.000000 },
				}
			},
			pcurve_period = -1
		}
	},

	{
		1.312, START_SPATIAL_PROP_ANIM, { "Char_Trent_Mk_IKeyes", "Char_Trent_Mk_IKeyes_Up" },
		{
			duration = 0.531,
			target_part = "",
			target_type = ROOT,
			spatialprops =
			{
				pos = { -0.852297, 1.207118, -5.303189 }
			},
			param_curve =
			{
				CLSID = "FreeFormPCurve",
				points =
				{
					{  0.000000,  0.000000,  0.000000,  0.000000 },
					{  1.000000,  1.000000,  0.000000,  0.000000 },
				}
			},
			pcurve_period = -1
		}
	},

	{
		1.531, START_SPATIAL_PROP_ANIM, { "Char_Trent_Mk_IKhead", "Char_Trent_Mk_IKhead_Nod_DN" },
		{
			duration = 0.781,
			target_part = "",
			target_type = ROOT,
			spatialprops =
			{
				pos = { 1.032451, 1.269728, -3.60588 }
			},
			param_curve =
			{
				CLSID = "FreeFormPCurve",
				points =
				{
					{  0.000000,  0.000000,  0.000000,  0.000000 },
					{  1.000000,  1.000000,  0.000000,  0.000000 },
				}
			},
			pcurve_period = -1
		}
	},

	{
		1.718, START_SPATIAL_PROP_ANIM, { "Char_Juni_Mk_IKeyes", "Char_Juni_Mk_IKeyes_Right" },
		{
			duration = 0.499,
			target_part = "",
			target_type = ROOT,
			spatialprops =
			{
				pos = { 3.664811, 2.17793, -0.130982 }
			},
			param_curve =
			{
				CLSID = "FreeFormPCurve",
				points =
				{
					{  0.000000,  0.000000,  0.000000,  0.000000 },
					{  1.000000,  1.000000,  0.000000,  0.000000 },
				}
			},
			pcurve_period = -1
		}
	},

	{
		1.843, ATTACH_ENTITY, { "Char_Trent_Mk_IKeyes", "Char_Trent_Mk_IKeyes_Up" },
		{
			duration = 0.499,
			offset = { 0, 0, 0 },
			up = Y_AXIS,
			front = NEG_Z_AXIS,
			target_part = "",
			target_type = ROOT,
			flags = POSITION
		}
	},

	{
		2.000, START_MOTION, { "Char_juni" },
		{
