duration = 93.000;

entities =
{

	{
		entity_name = "Layer_Scene_s006x",
		type = SCENE,
		template_name = "",
		lt_grp = 0, srt_grp = 0, usr_flg = 0,
		spatialprops =
		{
			pos = { 0, 0, 0 },
			orient = { { 1, 0, 0 }, { 0, 1, 0 }, { 0, 0, 1 } }
		},
		up = Y_AXIS,
		front = Z_AXIS,
		ambient = { 0, 0, 0 },
		userprops =
		{
			TextStart = "0.75000",
			TextString = "259609.00000",
		}
	},

	{
		entity_name = "Char_king",
		type = DEFORMABLE,
		template_name = "king",
		lt_grp = 0, srt_grp = 0, usr_flg = 0,
		flags = LIT_DYNAMIC,
		spatialprops =
		{
			pos = { -0.156302, 0, -2064.686 },
			orient = { { 1, 0, 0 }, { 0, 1, 0 }, { 0, 0, 1 } }
		},
		compoundprops =
		{
			floor_height = 0
		},
		userprops =
		{
			actor = "King",
			category = "Character",
		}
	},

	{
		entity_name = "Char_Trent",
		type = DEFORMABLE,
		template_name = "trent",
		lt_grp = 0, srt_grp = 0, usr_flg = 0,
		flags = LIT_DYNAMIC,
		spatialprops =
		{
			pos = { 1819.435, 0, -2064.686 },
			orient = { { 1, 0, 0 }, { 0, 1, 0 }, { 0, 0, 1 } }
		},
		compoundprops =
		{
			floor_height = 0
		},
		userprops =
		{
			actor = "Player",
			category = "Character",
		}
	},

	{
		entity_name = "Ship_l_elite",
		type = COMPOUND,
		template_name = "rtcprop_l_fighter",
		lt_grp = 3, srt_grp = 0, usr_flg = 0,
		flags = LIT_DYNAMIC,
		spatialprops =
		{
			pos = { -974.0947, 61.6221, -615.4948 },
			orient = { { -0.582005,  0.236665,  0.777985 },
					   { -0.035480,  0.948411, -0.315051 },
					   { -0.812411, -0.210964, -0.543583 } }
		},
		userprops =
		{
			category = "Spaceship",
			loadout = "MSN01a_King",
			running_lights = "True",
		}
	},

	{
		entity_name = "Mk_OffScreen",
		type = MARKER,
		template_name = "",
		lt_grp = 0, srt_grp = 0, usr_flg = 0,
		spatialprops =
		{
			pos = { 1819.435, 0, -2064.686 },
			orient = { { 1, 0, 0 }, { 0, 1, 0 }, { 0, 0, 1 } }
		}
	},

	{
		entity_name = "Mrk_KingShip_land",
		type = MARKER,
		template_name = "",
		lt_grp = 0, srt_grp = 0, usr_flg = 0,
		spatialprops =
		{
			pos = { 34.9893, 1.725466, -8.330164 },
			orient = { {  0.729537,  0.000000, -0.683941 },
					   {  0.000000,  1.000000,  0.000000 },
					   {  0.683941,  0.000000,  0.729537 } }
		}
	},

	{
		entity_name = "Mrk_TrentShip_Land",
		type = MARKER,
		template_name = "",
		lt_grp = 0, srt_grp = 0, usr_flg = 0,
		spatialprops =
		{
			pos = { -1.055797, 4.202604, -1.12869 },
			orient = { {  0.729537,  0.000000, -0.683941 },
					   {  0.000000,  1.000000,  0.000000 },
					   {  0.683941,  0.000000,  0.729537 } }
		}
	},

	{
		entity_name = "Cam_04_Wide_Dolly_Trent_B",
		type = CAMERA,
		template_name = "",
		lt_grp = 0, srt_grp = 0, usr_flg = 0,
		flags = HIDDEN,
		spatialprops =
		{
			pos = { -0.089071, 1.441246, -6.293955 },
			orient = { { -0.193068,  0.000001,  0.981185 },
					   { -0.033610,  0.999413, -0.006614 },
					   { -0.980610, -0.034255, -0.192955 } }
		},
		cameraprops =
		{
			fovh = 30,
			hvaspect = 1.85,
			nearplane = 0.5,
			farplane = 4000
		}
	},

	{
		entity_name = "Char_Trent_Start_Mk",
		type = MARKER,
		template_name = "",
		lt_grp = 0, srt_grp = 0, usr_flg = 0,
		spatialprops =
		{
			pos = { 4.488561, 0.956263, 2.5611 },
			orient = { {  0.923429,  0.000000, -0.383769 },
					   {  0.000000,  1.000000,  0.000000 },
					   {  0.383769,  0.000000,  0.923429 } }
		}
	},

	{
		entity_name = "Char_King_Stnd_Mk",
		type = MARKER,
		template_name = "",
		lt_grp = 0, srt_grp = 0, usr_flg = 0,
		spatialprops =
		{
			pos = { 2.000822, 0.002236, -6.522974 },
			orient = { { -0.796967,  0.000000, -0.604023 },
					   {  0.000000,  1.000000,  0.000000 },
					   {  0.604023,  0.000000, -0.796967 } }
		}
	},

	{
		entity_name = "Z_dx_s006x_0201_Trent_43",
		type = SOUND,
		template_name = "dx_s006x_0201_Trent",
		lt_grp = 0, srt_grp = 0, usr_flg = 0,
		spatialprops =
		{
			pos = { 2.34465, 0, 0 },
			orient = { { 1, 0, 0 }, { 0, 1, 0 }, { 0, 0, 1 } }
		},
		audioprops =
		{
			attenuation = -1,
			pan = 0,
			dmin = 50,
			dmax = 1000,
			ain = 360,
			aout = 360,
			atout = 0,
			rmix = 0,
		},
		userprops =
		{
			category = "Audio",
		}
	},

	{
		entity_name = "Z_dx_s006x_0401_Trent_44",
		type = SOUND,
		template_name = "dx_s006x_0401_Trent",
		lt_grp = 0, srt_grp = 0, usr_flg = 0,
		spatialprops =
		{
			pos = { 0, 0, 0 },
			orient = { { 1, 0, 0 }, { 0, 1, 0 }, { 0, 0, 1 } }
		},
		audioprops =
		{
			attenuation = -1,
			pan = 0,
			dmin = 50,
			dmax = 1000,
			ain = 360,
			aout = 360,
			atout = 0,
			rmix = 0,
		},
		userprops =
		{
			category = "Audio",
		}
	},

	{
		entity_name = "Z_dx_s006x_0601_Trent_45",
		type = SOUND,
		template_name = "dx_s006x_0601_Trent",
		lt_grp = 0, srt_grp = 0, usr_flg = 0,
		spatialprops =
		{
			pos = { 0, 0, 0 },
			orient = { { 1, 0, 0 }, { 0, 1, 0 }, { 0, 0, 1 } }
		},
		audioprops =
		{
			attenuation = -1,
			pan = 0,
			dmin = 50,
			dmax = 1000,
			ain = 360,
			aout = 360,
			atout = 0,
			rmix = 0,
		},
		userprops =
		{
			category = "Audio",
		}
	},

	{
		entity_name = "Z_dx_s006x_0101_King_2",
		type = SOUND,
		template_name = "dx_s006x_0101_King",
		lt_grp = 0, srt_grp = 0, usr_flg = 0,
		spatialprops =
		{
			pos = { 0, 0, 0 },
			orient = { { 1, 0, 0 }, { 0, 1, 0 }, { 0, 0, 1 } }
		},
		audioprops =
		{
			attenuation = 0,
			pan = 25,
			dmin = 50,
			dmax = 1000,
			ain = 360,
			aout = 360,
			atout = 0,
			rmix = 0,
		},
		userprops =
		{
			category = "Audio",
		}
	},

	{
		entity_name = "Z_dx_s006x_0301_King_3",
		type = SOUND,
		template_name = "dx_s006x_0301_King",
		lt_grp = 0, srt_grp = 0, usr_flg = 0,
		spatialprops =
		{
			pos = { 0, 0, 0 },
			orient = { { 1, 0, 0 }, { 0, 1, 0 }, { 0, 0, 1 } }
		},
		audioprops =
		{
			attenuation = -1,
			pan = 0,
			dmin = 50,
			dmax = 1000,
			ain = 360,
			aout = 360,
			atout = 0,
			rmix = 0,
		},
		userprops =
		{
			category = "Audio",
		}
	},

	{
		entity_name = "Z_dx_s006x_0501_King_4",
		type = SOUND,
		template_name = "dx_s006x_0501_King",
		lt_grp = 0, srt_grp = 0, usr_flg = 0,
		spatialprops =
		{
			pos = { 0, 0, 0 },
			orient = { { 1, 0, 0 }, { 0, 1, 0 }, { 0, 0, 1 } }
		},
		audioprops =
		{
			attenuation = -1,
			pan = 0,
			dmin = 50,
			dmax = 1000,
			ain = 360,
			aout = 360,
			atout = 0,
			rmix = 0,
		},
		userprops =
		{
			category = "Audio",
		}
	},

	{
		entity_name = "Z_dx_s006x_0502_King_5",
		type = SOUND,
		template_name = "dx_s006x_0502_King",
		lt_grp = 0, srt_grp = 0, usr_flg = 0,
		spatialprops =
		{
			pos = { 0, 0, 0 },
			orient = { { 1, 0, 0 }, { 0, 1, 0 }, { 0, 0, 1 } }
		},
		audioprops =
		{
			attenuation = -1,
			pan = 0,
			dmin = 50,
			dmax = 1000,
			ain = 360,
			aout = 360,
			atout = 0,
			rmix = 0,
		},
		userprops =
		{
			category = "Audio",
		}
	},

	{
		entity_name = "Z_dx_s006x_0503_King_6",
		type = SOUND,
		template_name = "dx_s006x_0503_King",
		lt_grp = 0, srt_grp = 0, usr_flg = 0,
		spatialprops =
		{
			pos = { 0, 0, 0 },
			orient = { { 1, 0, 0 }, { 0, 1, 0 }, { 0, 0, 1 } }
		},
		audioprops =
		{
			attenuation = -1,
			pan = 0,
			dmin = 50,
			dmax = 1000,
			ain = 360,
			aout = 360,
			atout = 0,
			rmix = 0,
		},
		userprops =
		{
			category = "Audio",
		}
	},

	{
		entity_name = "Z_dx_s006x_0701_King_7",
		type = SOUND,
		template_name = "dx_s006x_0701_King",
		lt_grp = 0, srt_grp = 0, usr_flg = 0,
		spatialprops =
		{
			pos = { 0, 0, 0 },
			orient = { { 1, 0, 0 }, { 0, 1, 0 }, { 0, 0, 1 } }
		},
		audioprops =
		{
			attenuation = -1,
			pan = 0,
			dmin = 50,
			dmax = 1000,
			ain = 360,
			aout = 360,
			atout = 0,
			rmix = 0,
		},
		userprops =
		{
			category = "Audio",
		}
	},

	{
		entity_name = "Z_dx_s006x_0801_King_8",
		type = SOUND,
		template_name = "dx_s006x_0801_King",
		lt_grp = 0, srt_grp = 0, usr_flg = 0,
		spatialprops =
		{
			pos = { 0, 0, 0 },
			orient = { { 1, 0, 0 }, { 0, 1, 0 }, { 0, 0, 1 } }
		},
		audioprops =
		{
			attenuation = -1,
			pan = 0,
			dmin = 50,
			dmax = 1000,
			ain = 360,
			aout = 360,
			atout = 0,
			rmix = 0,
		},
		userprops =
		{
			category = "Audio",
		}
	},

	{
		entity_name = "Z_dx_s006x_0802_King_9",
		type = SOUND,
		template_name = "dx_s006x_0802_King",
		lt_grp = 0, srt_grp = 0, usr_flg = 0,
		spatialprops =
		{
			pos = { 0, 0, 0 },
			orient = { { 1, 0, 0 }, { 0, 1, 0 }, { 0, 0, 1 } }
		},
		audioprops =
		{
			attenuation = -1,
			pan = 0,
			dmin = 50,
			dmax = 1000,
			ain = 360,
			aout = 360,
			atout = 0,
			rmix = 0,
		},
		userprops =
		{
			category = "Audio",
		}
	},

	{
		entity_name = "Z_dx_s006x_0803_King_10",
		type = SOUND,
		template_name = "dx_s006x_0803_King",
		lt_grp = 0, srt_grp = 0, usr_flg = 0,
		spatialprops =
		{
			pos = { 0, 0, 0 },
			orient = { { 1, 0, 0 }, { 0, 1, 0 }, { 0, 0, 1 } }
		},
		audioprops =
		{
			attenuation = -1,
			pan = 0,
			dmin = 50,
			dmax = 1000,
			ain = 360,
			aout = 360,
			atout = 0,
			rmix = 0,
		},
		userprops =
		{
			category = "Audio",
		}
	},

	{
		entity_name = "Z_dx_s006x_0805_King_12",
		type = SOUND,
		template_name = "dx_s006x_0805_King",
		lt_grp = 0, srt_grp = 0, usr_flg = 0,
		spatialprops =
		{
			pos = { 0, 0, 0 },
			orient = { { 1, 0, 0 }, { 0, 1, 0 }, { 0, 0, 1 } }
		},
		audioprops =
		{
			attenuation = -1,
			pan = 0,
			dmin = 50,
			dmax = 1000,
			ain = 360,
			aout = 360,
			atout = 0,
			rmix = 0,
		},
		userprops =
		{
			category = "Audio",
		}
	},

	{
		entity_name = "Cam_04_Wide_Dolly_Trent_A",
		type = CAMERA,
		template_name = "",
		lt_grp = 0, srt_grp = 0, usr_flg = 0,
		spatialprops =
		{
			pos = { -8.16656, 4.334195, -4.378601 },
			orient = { { -0.387853,  0.000000,  0.921721 },
					   {  0.175792,  0.981644,  0.073972 },
					   { -0.904802,  0.190722, -0.380734 } }
		},
		cameraprops =
		{
			fovh = 20,
			hvaspect = 1.85,
			nearplane = 0.7,
			farplane = 4000
		}
	},

	{
		entity_name = "Char_Trent_Stnd_Mk",
		type = MARKER,
		template_name = "",
		lt_grp = 0, srt_grp = 0, usr_flg = 0,
		spatialprops =
		{
			pos = { 1.074545, 0.002436, -5.643025 },
			orient = { {  0.921140,  0.000000, -0.389232 },
					   {  0.000000,  1.000000,  0.000000 },
					   {  0.389232,  0.000000,  0.921140 } }
		}
	},

	{
		entity_name = "Ship_PlayerShip",
		type = COMPOUND,
		template_name = "PlayerShip",
		lt_grp = 3, srt_grp = 0, usr_flg = 0,
		flags = HIDDEN + LIT_DYNAMIC,
		spatialprops =
		{
			pos = { -990.9005, 53.24867, -612.854 },
			orient = { { -0.465203, -0.516845,  0.718649 },
					   {  0.007339,  0.809566,  0.586983 },
					   { -0.885173,  0.278340, -0.372820 } }
		},
		userprops =
		{
			category = "Spaceship",
			running_lights = "True",
		}
	},

	{
		entity_name = "Ship_l_elite_X/Landing_Mk",
		type = MARKER,
		template_name = "",
		lt_grp = 0, srt_grp = 0, usr_flg = 0,
		spatialprops =
		{
			pos = { 34.9893, 1.725466, -8.330164 },
			orient = { {  0.729537,  0.000000, -0.683941 },
					   {  0.000000,  1.000000,  0.000000 },
					   {  0.683941,  0.000000,  0.729537 } }
		}
	},

	{
		entity_name = "Cam_02_Wide_Aerial_Zoom",
		type = CAMERA,
		template_name = "",
		lt_grp = 0, srt_grp = 0, usr_flg = 0,
		spatialprops =
		{
			pos = { -1057.173, 50.38208, -665.4414 },
			orient = { { -0.447803,  0.000000,  0.894132 },
					   {  0.095232,  0.994312,  0.047695 },
					   { -0.889046,  0.106508, -0.445256 } }
		},
		cameraprops =
		{
			fovh = 30,
			hvaspect = 1.85,
			nearplane = 1,
			farplane = 4000
		}
	},

	{
		entity_name = "Cam_02_Aerial_Path",
		type = MOTION_PATH,
		template_name = "",
		lt_grp = 0, srt_grp = 0, usr_flg = 0,
		spatialprops =
		{
			pos = { 0, 0, 0 },
			orient = { { 1, 0, 0 }, { 0, 1, 0 }, { 0, 0, 1 } }
		},
		pathprops =
		{
			path_type = "CV_CROrientationSplinePath",
			path_data = "OPEN,{-1057.173340,50.382076,-665.441406}, {0.524703,-0.028022,-0.849613,-0.045374}, {-761.171936,44.303429,-472.991119}, {0.541385,-0.040076,-0.837504,-0.062324}, {-537.755981,38.224747,-326.548492}, {0.557784,0.026282,-0.828670,0.038621}, {-314.340057,32.146065,-180.105865}, {0.572649,0.035464,-0.817486,0.050317}, {-90.924202,26.067389,-33.663261}, {0.587455,-0.037940,-0.806686,-0.052099}, "
		}
	},

	{
		entity_name = "Ships_Land_Path_2",
		type = MOTION_PATH,
		template_name = "",
		lt_grp = 0, srt_grp = 0, usr_flg = 0,
		spatialprops =
		{
			pos = { 0, 0, 0 },
			orient = { { 1, 0, 0 }, { 0, 1, 0 }, { 0, 0, 1 } }
		},
		pathprops =
		{
			path_type = "CV_CROrientationSplinePath",
			path_data = "OPEN,{-1065.878418,55.788704,-661.302246}, {-0.486005,-0.210864,0.824632,0.198288}, {-757.482239,7.929970,-507.303986}, {0.511073,0.079035,-0.847487,-0.119678}, {-465.711731,1.901664,-395.158630}, {0.519728,0.002927,-0.851160,-0.073493}, {-223.896606,49.437794,-200.136795}, {-0.290581,-0.186079,0.860974,-0.373713}, {-88.228149,72.173546,-59.058670}, {-0.442832,-0.137627,0.885845,0.015412}, "
		}
	},

	{
		entity_name = "Ship_PlayerShip_Follow_Mk",
		type = MARKER,
		template_name = "",
		lt_grp = 0, srt_grp = 0, usr_flg = 0,
		spatialprops =
		{
			pos = { -985.9784, 55.7887, -615.4948 },
			orient = { {  0.061481, -0.997585, -0.032312 },
					   { -0.363165, -0.052513,  0.930244 },
					   { -0.929694, -0.045457, -0.365516 } }
		}
	},

	{
		entity_name = "X/Shipcentre/01",
		type = MARKER,
		template_name = "",
		lt_grp = 0, srt_grp = 0, usr_flg = 0,
		flags = REFERENCE,
		spatialprops =
		{
			pos = { 0.012363, 0, 0.010679 },
			orient = { { -0.726998,  0.000000,  0.686639 },
					   {  0.000000,  1.000000,  0.000000 },
					   { -0.686639,  0.000000, -0.726998 } }
		}
	},

	{
		entity_name = "Ship_X/Center_PlayerShip_Mk",
		type = MARKER,
		template_name = "",
		lt_grp = 0, srt_grp = 0, usr_flg = 0,
		spatialprops =
		{
			pos = { 0.012363, 0, 0.010679 },
			orient = { { -0.726998,  0.000000,  0.686639 },
					   {  0.000000,  1.000000,  0.000000 },
					   { -0.686639,  0.000000, -0.726998 } }
		}
	},

	{
		entity_name = "Ship_l_elite_Follow_Mk",
		type = MARKER,
		template_name = "",
		lt_grp = 0, srt_grp = 0, usr_flg = 0,
		spatialprops =
		{
			pos = { -1117.488, 51.10044, -682.0682 },
			orient = { { -0.564857,  0.053467,  0.823455 },
					   { -0.144656,  0.976030, -0.162602 },
					   { -0.812411, -0.210964, -0.543583 } }
		}
	},

	{
		entity_name = "Ship_X/Center_PlayerShip_Bounce_Mk",
		type = MARKER,
		template_name = "",
		lt_grp = 0, srt_grp = 0, usr_flg = 0,
		spatialprops =
		{
			pos = { 0.012364, -0.171852, 0.010679 },
			orient = { { -0.726998,  0.000000,  0.686639 },
					   {  0.000000,  1.000000,  0.000000 },
					   { -0.686639,  0.000000, -0.726998 } }
		}
	},

	{
		entity_name = "Ship_l_elite_X/Landing_Mk_Bounce",
		type = MARKER,
		template_name = "",
		lt_grp = 0, srt_grp = 0, usr_flg = 0,
		spatialprops =
		{
			pos = { 34.9893, 1.464128, -8.330163 },
			orient = { {  0.729537,  0.000000, -0.683941 },
					   {  0.000000,  1.000000,  0.000000 },
					   {  0.683941,  0.000000,  0.729537 } }
		}
	},

	{
		entity_name = "Cam_Monitor_s006x",
		type = MONITOR,
		template_name = "",
		lt_grp = 0, srt_grp = 0, usr_flg = 0,
		userprops =
		{
			Priority = "Monitor_Moving_1",
		}
	},

	{
		entity_name = "Char_Trent_Hd_Mk1",
		type = MARKER,
		template_name = "",
		lt_grp = 0, srt_grp = 0, usr_flg = 0,
		flags = HIDDEN,
		spatialprops =
		{
			pos = { 0.311116, 1.563541, -6.281829 },
			orient = { {  0.999615,  0.007678,  0.026660 },
					   { -0.007258,  0.999848, -0.015832 },
					   { -0.026778,  0.015633,  0.999519 } }
		}
	},

	{
		entity_name = "Char_King_Start_Mk",
		type = MARKER,
		template_name = "",
		lt_grp = 0, srt_grp = 0, usr_flg = 0,
		spatialprops =
		{
			pos = { 4.622969, 0.963325, -8.332644 },
			orient = { { -0.566149,  0.000000, -0.824303 },
					   {  0.000000,  1.000000,  0.000000 },
					   {  0.824303,  0.000000, -0.566149 } }
		}
	},

	{
		entity_name = "Cam_02_Follow_Mk",
		type = MARKER,
		template_name = "",
		lt_grp = 0, srt_grp = 0, usr_flg = 0,
		flags = HIDDEN,
		spatialprops =
		{
			pos = { -1057.173, 50.38208, -665.4414 },
			orient = { { -0.447803,  0.000000,  0.894132 },
					   {  0.095232,  0.994312,  0.047695 },
					   { -0.889046,  0.106508, -0.445256 } }
		}
	},

	{
		entity_name = "Ships_Land_Path_1",
		type = MOTION_PATH,
		template_name = "",
		lt_grp = 0, srt_grp = 0, usr_flg = 0,
		spatialprops =
		{
			pos = { -985.9784, 304.1365, -615.4948 },
			orient = { { -0.465203, -0.216985,  0.858198 },
					   {  0.007339,  0.968513,  0.248855 },
					   { -0.885173,  0.122066, -0.448963 } }
		},
		pathprops =
		{
			path_type = "CV_CROrientationSplinePath",
			path_data = "OPEN,{-1795.838745,237.534592,-1187.493408}, {0.501108,0.015079,-0.865076,0.017534}, {-18.604404,34.787560,-44.829563}, {-0.270973,-0.010265,0.962309,-0.020729}, "
		}
	},

	{
		entity_name = "Cam_01_Wide_SnapPan_A",
		type = CAMERA,
		template_name = "",
		lt_grp = 0, srt_grp = 0, usr_flg = 0,
		flags = HIDDEN,
		spatialprops =
		{
			pos = { -586.2066, 420.4518, -724.4294 },
			orient = { {  0.789831,  0.000000,  0.613325 },
					   { -0.057836,  0.995544,  0.074480 },
					   { -0.610592, -0.094299,  0.786311 } }
		},
		cameraprops =
		{
			fovh = 30,
			hvaspect = 1.85,
			nearplane = 0.4,
			farplane = 4000
		}
	},

	{
		entity_name = "Cam_01_Wide_SnapPan_B",
		type = CAMERA,
		template_name = "",
		lt_grp = 0, srt_grp = 0, usr_flg = 0,
		flags = HIDDEN,
		spatialprops =
		{
			pos = { -584.7905, 409.4784, -723.5258 },
			orient = { {  0.349524,  0.000000, -0.936927 },
					   { -0.012638,  0.999909, -0.004715 },
					   {  0.936842,  0.013489,  0.349492 } }
		},
		cameraprops =
		{
			fovh = 30,
			hvaspect = 1.85,
			nearplane = 0.4,
			farplane = 4000
		}
	},

	{
		entity_name = "Camera_New_0",
		type = CAMERA,
		template_name = "",
		lt_grp = 0, srt_grp = 0, usr_flg = 0,
		spatialprops =
		{
			pos = { 23.06051, 13.67012, 48.70718 },
			orient = { {  0.916777,  0.000000, -0.399400 },
					   { -0.065045,  0.986650, -0.149303 },
					   {  0.394068,  0.162856,  0.904538 } }
		},
		cameraprops =
		{
			fovh = 30,
			hvaspect = 1.333333,
			nearplane = 0.4,
			farplane = 4000
		}
	},

	{
		entity_name = "Ships_Land_Path_3",
		type = MOTION_PATH,
		template_name = "",
		lt_grp = 0, srt_grp = 0, usr_flg = 0,
		spatialprops =
		{
			pos = { 41.67515, 0, 0 },
			orient = { { 1, 0, 0 }, { 0, 1, 0 }, { 0, 0, 1 } }
		},
		pathprops =
		{
			path_type = "CV_CROrientationSplinePath",
			path_data = "OPEN,{-1125.657227,58.125435,-670.234436}, {-0.486005,-0.210864,0.824632,0.198288}, {-757.482239,7.929970,-507.303986}, {0.767687,0.114868,-0.624570,-0.085876}, {-413.899292,11.072464,-494.818420}, {0.752304,-0.024587,-0.658225,-0.013156}, {-191.493454,-14.467413,-281.397522}, {-0.463839,0.615809,0.565060,-0.293836}, {-4.973270,32.785942,30.459335}, {0.015584,0.084408,0.992707,0.084652}, "
		}
	},

	{
		entity_name = "Ship_l_elite_Mop_Path_2",
		type = MOTION_PATH,
		template_name = "",
		lt_grp = 0, srt_grp = 0, usr_flg = 0,
		spatialprops =
		{
			pos = { -1074.731, 55.63652, -636.2772 },
			orient = { { -0.465101, -0.206880,  0.860745 },
					   {  0.012186,  0.970722,  0.239898 },
					   { -0.885174,  0.122066, -0.448963 } }
		},
		pathprops =
		{
			path_type = "CV_CROrientationSplinePath",
			path_data = "OPEN,{-0.005442,4.595658,0.000347}, {0.968603,0.000000,0.000000,-0.248614}, {0.021420,-6.859861,-0.000253}, {0.959279,0.119921,0.031723,0.253767}, "
		}
	},

	{
		entity_name = "Char_Trent_Hd_Mk3",
		type = MARKER,
		template_name = "",
		lt_grp = 0, srt_grp = 0, usr_flg = 0,
		flags = HIDDEN,
		spatialprops =
		{
			pos = { 0.973226, 1.618788, -6.613357 },
			orient = { {  0.999615,  0.007678,  0.026660 },
					   { -0.007258,  0.999848, -0.015832 },
					   { -0.026778,  0.015633,  0.999519 } }
		}
	},

	{
		entity_name = "Char_Trent_Head_Path",
		type = MOTION_PATH,
		template_name = "",
		lt_grp = 0, srt_grp = 0, usr_flg = 0,
		flags = HIDDEN,
		spatialprops =
		{
			pos = { 1.278426, 1.563541, -6.624722 },
			orient = { { -0.999975, -0.000282, -0.007115 },
					   {  0.007116, -0.005430, -0.999960 },
					   {  0.000243, -0.999985,  0.005432 } }
		},
		pathprops =
		{
			path_type = "CV_CROrientationSplinePath",
			path_data = "OPEN,{-2.000000,0.000000,0.000000}, {0.009481,-0.004397,0.710694,-0.703424}, {-1.000000,2.000000,0.000000}, {0.009481,-0.004397,0.710694,-0.703424}, {1.000000,2.000000,0.000000}, {0.009481,-0.004397,0.710694,-0.703424}, {2.000000,0.000000,0.000000}, {0.009481,-0.004397,0.710694,-0.703424}, "
		}
	},

	{
		entity_name = "Char_Trent_Hd_High_Mk1",
		type = MARKER,
		template_name = "",
		lt_grp = 0, srt_grp = 0, usr_flg = 0,
		flags = HIDDEN,
		spatialprops =
		{
			pos = { 1.164181, 1.74285, -6.445167 },
			orient = { {  0.999615,  0.007678,  0.026660 },
					   { -0.007258,  0.999848, -0.015832 },
					   { -0.026778,  0.015633,  0.999519 } }
		}
	},

	{
		entity_name = "Char_Hand_Mk2",
		type = MARKER,
		template_name = "",
		lt_grp = 0, srt_grp = 0, usr_flg = 0,
		spatialprops =
		{
			pos = { 0.948821, -0.008089, -5.08522 },
			orient = { {  0.269086,  0.007678, -0.963086 },
					   { -0.017122,  0.999848,  0.003187 },
					   {  0.962964,  0.015633,  0.269176 } }
		}
	},

	{
		entity_name = "Char_Trent_look_Mk1",
		type = MARKER,
		template_name = "",
		lt_grp = 0, srt_grp = 0, usr_flg = 0,
		spatialprops =
		{
			pos = { 8.323188, 2.167053, -13.48978 },
			orient = { { -0.539209,  0.000000, -0.842172 },
					   {  0.000000,  1.000000,  0.000000 },
					   {  0.842172,  0.000000, -0.539209 } }
		}
	},

	{
		entity_name = "Char_Trent_Left_1",
		type = MARKER,
		template_name = "",
		lt_grp = 0, srt_grp = 0, usr_flg = 0,
		spatialprops =
		{
			pos = { 2.215269, 1.452794, -8.297953 },
			orient = { {  0.921140,  0.000000, -0.389232 },
					   {  0.001937,  0.999988,  0.004584 },
					   {  0.389227, -0.004977,  0.921128 } }
		}
	},

	{
		entity_name = "Ship_l_elite_engine_li_small",
		type = SOUND,
		template_name = "engine_li_small",
		lt_grp = 0, srt_grp = 0, usr_flg = 0,
		flags = SPATIAL,
		spatialprops =
		{
			pos = { 0, 0, 0 },
			orient = { { 1, 0, 0 }, { 0, 1, 0 }, { 0, 0, 1 } }
		},
		audioprops =
		{
			attenuation = 0,
			pan = 0,
			dmin = 1500,
			dmax = 3000,
			ain = 0,
			aout = 360,
			atout = 0,
			rmix = 0,
		},
		userprops =
		{
			category = "Audio",
		}
	},

	{
		entity_name = "Char_King_Hand_Twirl_Path",
		type = MOTION_PATH,
		template_name = "",
		lt_grp = 0, srt_grp = 0, usr_flg = 0,
		flags = HIDDEN,
		spatialprops =
		{
			pos = { 1.857042, 0.975882, -7.376694 },
			orient = { { -0.740029,  0.000000,  0.672575 },
					   {  0.000000,  1.000000,  0.000000 },
					   { -0.672575,  0.000000, -0.740029 } }
		},
		pathprops =
		{
			path_type = "CV_CROrientationSplinePath",
			path_data = "OPEN,{0.003488,-0.212951,-0.000014}, {1.000000,0.000000,0.000000,0.000000}, {0.229199,0.191693,-0.000008}, {1.000000,0.000000,0.000000,0.000000}, {-0.265078,0.127834,-0.000004}, {1.000000,0.000000,0.000000,0.000000}, {0.003488,-0.212951,-0.000014}, {1.000000,0.000000,0.000000,0.000000}, "
		}
	},

	{
		entity_name = "Char_King_Hand_Twirl_Mk",
		type = MARKER,
		template_name = "",
		lt_grp = 0, srt_grp = 0, usr_flg = 0,
		spatialprops =
		{
			pos = { 0, 0, 0 },
			orient = { { 1, 0, 0 }, { 0, 1, 0 }, { 0, 0, 1 } }
		}
	},

	{
		entity_name = "Ship_PlayerShipEngines_1",
		type = PSYS,
		template_name = "PlayerShipEngines",
		lt_grp = 0, srt_grp = 0, usr_flg = 0,
		flags = LIT_DYNAMIC + LIT_AMBIENT,
		spatialprops =
		{
			pos = { 0, 0, 0 },
			orient = { { 1, 0, 0 }, { 0, 1, 0 }, { 0, 0, 1 } }
		},
		psysprops =
		{
			sparam = 0
		}
	},

	{
		entity_name = "Ship_PlayerShip_Mop_Path_1",
		type = MOTION_PATH,
		template_name = "",
		lt_grp = 0, srt_grp = 0, usr_flg = 0,
		spatialprops =
		{
			pos = { 897.7162, 781.582, -1554.601 },
			orient = { { -0.463284,  0.000000, -0.886210 },
					   { -0.184757,  0.978027,  0.096586 },
					   {  0.866737,  0.208480, -0.453104 } }
		},
		pathprops =
		{
			path_type = "CV_CROrientationSplinePath",
			path_data = "OPEN,{-0.005442,4.595658,0.000347}, {0.968603,0.000000,0.000000,-0.248614}, {0.021350,-6.859468,-0.000171}, {0.966745,0.000000,0.000000,0.255742}, "
		}
	},

	{
		entity_name = "Ship_PlayerShip_Mop_Path_2",
		type = MOTION_PATH,
		template_name = "",
		lt_grp = 0, srt_grp = 0, usr_flg = 0,
		spatialprops =
		{
			pos = { -1041.957, 54.18912, -641.3885 },
			orient = { { -0.465139, -0.210062,  0.859953 },
					   {  0.010661,  0.970038,  0.242719 },
					   { -0.885173,  0.122066, -0.448963 } }
		},
		pathprops =
		{
			path_type = "CV_CROrientationSplinePath",
			path_data = "OPEN,{-0.005442,4.595658,0.000347}, {0.968603,0.000000,0.000000,-0.248614}, {0.021350,-6.859468,-0.000171}, {0.966745,0.000000,0.000000,0.255742}, "
		}
	},

	{
		entity_name = "Ship_l_elite_Mop_Path_1",
		type = MOTION_PATH,
		template_name = "",
		lt_grp = 0, srt_grp = 0, usr_flg = 0,
		spatialprops =
		{
			pos = { 902.8941, 798.9974, -1582.349 },
			orient = { { -0.463284,  0.000000, -0.886210 },
					   { -0.184757,  0.978027,  0.096586 },
					   {  0.866737,  0.208480, -0.453104 } }
		},
		pathprops =
		{
			path_type = "CV_CROrientationSplinePath",
			path_data = "OPEN,{-0.005442,4.595658,0.000347}, {0.968603,0.000000,0.000000,-0.248614}, {0.021350,-6.859468,-0.000171}, {0.966745,0.000000,0.000000,0.255742}, "
		}
	},

	{
		entity_name = "Cam_02_Mop_Path",
		type = MOTION_PATH,
		template_name = "",
		lt_grp = 0, srt_grp = 0, usr_flg = 0,
		spatialprops =
		{
			pos = { -1057.173, 50.38208, -665.4414 },
			orient = { { -0.447803,  0.000000,  0.894132 },
					   {  0.095232,  0.994312,  0.047695 },
					   { -0.889046,  0.106508, -0.445256 } }
		},
		pathprops =
		{
			path_type = "CV_CROrientationSplinePath",
			path_data = "OPEN,{-0.000049,1.274261,-0.256642}, {0.923460,0.000000,0.000000,-0.383696}, {0.000013,-1.472512,0.296566}, {0.913537,0.000000,0.000000,0.406756}, "
		}
	},

	{
		entity_name = "Cam_Wide_SnapPan_3",
		type = CAMERA,
		template_name = "",
		lt_grp = 0, srt_grp = 0, usr_flg = 0,
		flags = HIDDEN,
		spatialprops =
		{
			pos = { -586.2066, 420.4518, -724.4294 },
			orient = { {  0.789831,  0.000000,  0.613325 },
					   { -0.057836,  0.995544,  0.074480 },
					   { -0.610592, -0.094299,  0.786311 } }
		},
		cameraprops =
		{
			fovh = 30,
			hvaspect = 1.85,
			nearplane = 0.4,
			farplane = 4000
		}
	},

	{
		entity_name = "Cam_Wide_SnapPan_MOP_2",
		type = MOTION_PATH,
		template_name = "",
		lt_grp = 0, srt_grp = 0, usr_flg = 0,
		flags = HIDDEN,
		spatialprops =
		{
			pos = { -586.2066, 420.4518, -724.4294 },
			orient = { {  0.789831,  0.000000,  0.613325 },
					   { -0.057836,  0.995544,  0.074480 },
					   { -0.610592, -0.094299,  0.786311 } }
		},
		pathprops =
		{
			path_type = "CV_CROrientationSplinePath",
			path_data = "OPEN,{-0.000049,1.274261,-0.256642}, {0.923460,0.000000,0.000000,-0.383696}, {0.000013,-1.472512,0.296566}, {0.913537,0.000000,0.000000,0.406756}, "
		}
	},

	{
		entity_name = "Cam_06_Boom",
		type = CAMERA,
		template_name = "",
		lt_grp = 0, srt_grp = 0, usr_flg = 0,
		flags = HIDDEN,
		spatialprops =
		{
			pos = { 0.612847, 1.566675, -4.43724 },
			orient = { {  0.877990,  0.000000,  0.478679 },
					   { -0.006226,  0.999915,  0.011419 },
					   { -0.478638, -0.013006,  0.877916 } }
		},
		cameraprops =
		{
			fovh = 20,
			hvaspect = 1.85,
			nearplane = 0.7,
			farplane = 4000
		}
	},

	{
		entity_name = "Cam_G_OTS_King",
		type = CAMERA,
		template_name = "",
		lt_grp = 0, srt_grp = 0, usr_flg = 0,
		flags = HIDDEN,
		spatialprops =
		{
			pos = { 1.161606, 1.777419, -4.695648 },
			orient = { {  0.971288,  0.000000,  0.237905 },
					   {  0.037717,  0.987353, -0.153985 },
					   { -0.234897,  0.158537,  0.959004 } }
		},
		cameraprops =
		{
			fovh = 20,
			hvaspect = 1.85,
			nearplane = 0.4,
			farplane = 4000
		}
	},

	{
		entity_name = "Cam_HighWide_Aerial_CStop",
		type = CAMERA,
		template_name = "",
		lt_grp = 0, srt_grp = 0, usr_flg = 0,
		spatialprops =
		{
			pos = { -267.2419, 237.5068, 10.03431 },
			orient = { {  0.206521,  0.000000,  0.978442 },
					   {  0.653130,  0.744592, -0.137857 },
					   { -0.728540,  0.667520,  0.153774 } }
		},
		cameraprops =
		{
			fovh = 30,
			hvaspect = 1.85,
			nearplane = 0.4,
			farplane = 4000
		}
	},

	{
		entity_name = "Cam_03_HighWide_Aerial",
		type = CAMERA,
		template_name = "",
		lt_grp = 0, srt_grp = 0, usr_flg = 0,
		spatialprops =
		{
			pos = { -334.4983, 106.0579, -322.1581 },
			orient = { { -0.668267,  0.000000,  0.743922 },
					   {  0.144341,  0.980996,  0.129662 },
					   { -0.729784,  0.194027, -0.655567 } }
		},
		cameraprops =
		{
			fovh = 30,
			hvaspect = 1.85,
			nearplane = 4,
			farplane = 4000
		}
	},

	{
		entity_name = "Cam_03_Aerial_Path",
		type = MOTION_PATH,
		template_name = "",
		lt_grp = 0, srt_grp = 0, usr_flg = 0,
		spatialprops =
		{
			pos = { -284.6079, 284.9442, -278.1667 },
			orient = { { -0.670102,  0.000000,  0.742269 },
					   {  0.471663,  0.772156,  0.425805 },
					   { -0.573148,  0.635433, -0.517423 } }
		},
		pathprops =
		{
			path_type = "CV_CROrientationSplinePath",
			path_data = "OPEN,{0.778221,-180.391251,-62.313622}, {0.969735,0.244158,0.001116,0.000528}, {162.987793,-41.735104,-140.411057}, {0.950555,0.085104,0.246624,0.168463}, {202.285950,94.279312,-189.218292}, {0.890833,-0.018846,0.344333,0.295797}, "
		}
	},

	{
		entity_name = "Cam_HighWide_Aerial_CMid",
		type = CAMERA,
		template_name = "",
		lt_grp = 0, srt_grp = 0, usr_flg = 0,
		spatialprops =
		{
			pos = { -333.0349, 163.4963, -102.3051 },
			orient = { { -0.127404,  0.000000,  0.991851 },
					   {  0.484186,  0.872752,  0.062194 },
					   { -0.865640,  0.488164, -0.111192 } }
		},
		cameraprops =
		{
			fovh = 30,
			hvaspect = 1.85,
			nearplane = 0.4,
			farplane = 4000
		}
	},

	{
		entity_name = "Cam_03_MOP_Path",
		type = MOTION_PATH,
		template_name = "",
		lt_grp = 0, srt_grp = 0, usr_flg = 0,
		spatialprops =
		{
			pos = { -334.4983, 106.0579, -322.1581 },
			orient = { { -0.668267,  0.000000,  0.743922 },
					   {  0.144341,  0.980996,  0.129662 },
					   { -0.729784,  0.194027, -0.655567 } }
		},
		pathprops =
		{
			path_type = "CV_CROrientationSplinePath",
			path_data = "OPEN,{-0.009909,-0.899206,-0.000006}, {0.999626,-0.021698,0.000361,-0.016637}, {0.001773,0.916960,0.000005}, {0.998718,0.000919,0.019674,0.046634}, "
		}
	},

	{
		entity_name = "Cam_Wide_SnapPan_CStart",
		type = CAMERA,
		template_name = "",
		lt_grp = 0, srt_grp = 0, usr_flg = 0,
		spatialprops =
		{
			pos = { -586.1237, 421.7446, -724.5364 },
			orient = { {  0.790042, -0.003731,  0.613041 },
					   { -0.054875,  0.995537,  0.076778 },
					   { -0.610592, -0.094299,  0.786311 } }
		},
		cameraprops =
		{
			fovh = 30,
			hvaspect = 1.85,
			nearplane = 0.4,
			farplane = 4000
		}
	},

	{
		entity_name = "Cam_Wide_SnapPan_CStop",
		type = CAMERA,
		template_name = "",
		lt_grp = 0, srt_grp = 0, usr_flg = 0,
		spatialprops =
		{
			pos = { -585.0471, 410.7492, -723.6215 },
			orient = { {  0.349569, -0.003748, -0.936903 },
					   {  0.017160,  0.999850,  0.002403 },
					   {  0.936753, -0.016918,  0.349581 } }
		},
		cameraprops =
		{
			fovh = 30,
			hvaspect = 1.85,
			nearplane = 0.4,
			farplane = 4000
		}
	},

	{
		entity_name = "Cam_Wide_SnapPan_MOP",
		type = MOTION_PATH,
		template_name = "",
		lt_grp = 0, srt_grp = 0, usr_flg = 0,
		spatialprops =
		{
			pos = { -586.1237, 421.7446, -724.5364 },
			orient = { {  0.790042, -0.003731,  0.613041 },
					   { -0.054875,  0.995537,  0.076778 },
					   { -0.610592, -0.094299,  0.786311 } }
		},
		pathprops =
		{
			path_type = "CV_CROrientationSplinePath",
			path_data = "OPEN,{-0.009926,-0.899198,-0.000004}, {0.999940,0.006592,-0.000037,0.008729}, {0.000004,-0.000005,0.000006}, {0.999958,-0.005458,0.000055,-0.007371}, "
		}
	},

	{
		entity_name = "Cam_Wide_SnapPan",
		type = CAMERA,
		template_name = "",
		lt_grp = 0, srt_grp = 0, usr_flg = 0,
		spatialprops =
		{
			pos = { -586.1237, 421.7446, -724.5364 },
			orient = { {  0.790042, -0.003731,  0.613041 },
					   { -0.054875,  0.995537,  0.076778 },
					   { -0.610592, -0.094299,  0.786311 } }
		},
		cameraprops =
		{
			fovh = 30,
			hvaspect = 1.85,
			nearplane = 0.4,
			farplane = 4000
		}
	},

	{
		entity_name = "Cam_07_CU_Trent",
		type = CAMERA,
		template_name = "",
		lt_grp = 0, srt_grp = 0, usr_flg = 0,
		flags = HIDDEN,
		spatialprops =
		{
			pos = { 3.023494, 1.687561, -6.362406 },
			orient = { { -0.133185,  0.000000, -0.991091 },
					   { -0.076660,  0.997004,  0.010302 },
					   {  0.988122,  0.077349, -0.132786 } }
		},
		cameraprops =
		{
			fovh = 20,
			hvaspect = 1.85,
			nearplane = 0.4,
			farplane = 4000
		}
	},

	{
		entity_name = "Cam_06_Path_1",
		type = MOTION_PATH,
		template_name = "",
		lt_grp = 0, srt_grp = 0, usr_flg = 0,
		spatialprops =
		{
			pos = { 0, 0, 0 },
			orient = { { 1, 0, 0 }, { 0, 1, 0 }, { 0, 0, 1 } }
		},
		pathprops =
		{
			path_type = "CV_CROrientationSplinePath",
			path_data = "OPEN,{0.722186,1.654543,-4.618478}, {0.967847,-0.025373,-0.250171,-0.006559}, {-0.819618,1.513672,-6.466413}, {0.653749,-0.007076,-0.756634,-0.008190}, {0.845472,1.836680,-8.100863}, {-0.137145,0.003370,0.989867,0.036663}, {3.270521,1.732587,-7.616365}, {0.355387,0.010796,0.932582,0.062251}, {4.292876,1.270931,-5.231131}, {0.775667,0.084965,0.623421,0.049676}, {3.037727,0.933744,-3.088759}, {0.963225,0.111476,0.244438,-0.004553}, "
		}
	},

	{
		entity_name = "Cam_06_LookAt_Mk",
		type = MARKER,
		template_name = "",
		lt_grp = 0, srt_grp = 0, usr_flg = 0,
		spatialprops =
		{
			pos = { 1.6388, 1.52471, -6.117621 },
			orient = { {  0.820599,  0.000000, -0.571504 },
					   {  0.000000,  1.000000,  0.000000 },
					   {  0.571504,  0.000000,  0.820599 } }
		}
	},

	{
		entity_name = "Cam_06_LookAt_Mk_Targ1",
		type = MARKER,
		template_name = "",
		lt_grp = 0, srt_grp = 0, usr_flg = 0,
		flags = HIDDEN,
		spatialprops =
		{
			pos = { 1.562594, 1.221886, -6.177832 },
			orient = { {  0.820599,  0.000000, -0.571504 },
					   {  0.000000,  1.000000,  0.000000 },
					   {  0.571504,  0.000000,  0.820599 } }
		}
	},

	{
		entity_name = "Cam_06_LookAt_Mk_Targ2",
		type = MARKER,
		template_name = "",
		lt_grp = 0, srt_grp = 0, usr_flg = 0,
		spatialprops =
		{
			pos = { 1.753701, 1.57084, -6.403435 },
			orient = { {  0.820599,  0.000000, -0.571504 },
					   {  0.000000,  1.000000,  0.000000 },
					   {  0.571504,  0.000000,  0.820599 } }
		}
	},

	{
		entity_name = "Cam_06_Path_2",
		type = MOTION_PATH,
		template_name = "",
		lt_grp = 0, srt_grp = 0, usr_flg = 0,
		spatialprops =
		{
			pos = { 2.30507, 1.440378, -5.195161 },
			orient = { {  0.880459,  0.045727, -0.471912 },
					   {  0.063268,  0.975105,  0.212527 },
					   {  0.469882, -0.216978,  0.855647 } }
		},
		pathprops =
		{
			path_type = "CV_CROrientationSplinePath",
			path_data = "OPEN,{-0.372128,0.000000,2.256527}, {1.000000,0.000000,0.000000,0.000000}, {-0.537708,0.015531,-0.015502}, {0.956029,-0.086647,-0.279727,0.015903}, "
		}
	},

	{
		entity_name = "Cam_09_OTS_Trent_2",
		type = CAMERA,
		template_name = "",
		lt_grp = 0, srt_grp = 0, usr_flg = 0,
		flags = HIDDEN,
		spatialprops =
		{
			pos = { 3.565109, 1.673461, -6.048743 },
			orient = { {  0.025330,  0.000000, -0.999679 },
					   { -0.084637,  0.996410, -0.002145 },
					   {  0.996090,  0.084664,  0.025239 } }
		},
		cameraprops =
		{
			fovh = 20,
			hvaspect = 1.85,
			nearplane = 1,
			farplane = 4000
		}
	},

	{
		entity_name = "Cam_04_Path",
		type = MOTION_PATH,
		template_name = "",
		lt_grp = 0, srt_grp = 0, usr_flg = 0,
		flags = HIDDEN,
		spatialprops =
		{
			pos = { 0, 0, 0 },
			orient = { { 1, 0, 0 }, { 0, 1, 0 }, { 0, 0, 1 } }
		},
		pathprops =
		{
			path_type = "CV_CROrientationSplinePath",
			path_data = "OPEN,{-8.166560,4.334195,-4.378601}, {0.550694,-0.053001,-0.829191,-0.079804}, {-4.306690,1.356787,-5.513067}, {0.504892,-0.039926,-0.861193,-0.042851}, {0.179590,1.441246,-6.149657}, {0.608345,0.026474,-0.792641,0.030596}, "
		}
	},

	{
		entity_name = "Cam_06_MOP_Path",
		type = MOTION_PATH,
		template_name = "",
		lt_grp = 0, srt_grp = 0, usr_flg = 0,
		spatialprops =
		{
			pos = { 1.490543, 1.460888, -6.127651 },
			orient = { {  0.820599,  0.000000, -0.571504 },
					   {  0.000000,  1.000000,  0.000000 },
					   {  0.571504,  0.000000,  0.820599 } }
		},
		pathprops =
		{
			path_type = "CV_CROrientationSplinePath",
			path_data = "OPEN,{0.115927,0.063822,0.092960}, {1.000000,0.000000,0.000000,0.000000}, {0.339411,0.110193,0.030355}, {1.000000,0.000000,0.000000,0.000000}, "
		}
	},

	{
		entity_name = "Char_King_Eye_Marker_1",
		type = MARKER,
		template_name = "",
		lt_grp = 0, srt_grp = 0, usr_flg = 0,
		flags = HIDDEN,
		spatialprops =
		{
			pos = { 1.083504, 0.975106, -5.960471 },
			orient = { {  0.782377,  0.000000, -0.622805 },
					   {  0.000000,  1.000000,  0.000000 },
					   {  0.622805,  0.000000,  0.782377 } }
		}
	},

	{
		entity_name = "Cam_09_Path",
		type = MOTION_PATH,
		template_name = "",
		lt_grp = 0, srt_grp = 0, usr_flg = 0,
		spatialprops =
		{
			pos = { 0, 0, 0 },
			orient = { { 1, 0, 0 }, { 0, 1, 0 }, { 0, 0, 1 } }
		},
		pathprops =
		{
			path_type = "CV_CROrientationSplinePath",
			path_data = "OPEN,{3.565109,1.673461,-6.048743}, {0.715363,-0.030337,0.697467,0.029578}, {7.984976,1.703919,-4.484981}, {0.819353,-0.032351,0.570820,0.042167}, {12.407716,1.743855,-2.929596}, {0.817658,-0.028792,0.572838,0.049626}, {17.101660,1.811174,-1.303600}, {0.772261,0.020153,0.634761,-0.016891}, {21.798187,1.887339,0.314542}, {0.738097,0.027365,0.673676,-0.024976}, "
		}
	},

	{
		entity_name = "Cam_09_MOP_Path",
		type = MOTION_PATH,
		template_name = "",
		lt_grp = 0, srt_grp = 0, usr_flg = 0,
		spatialprops =
		{
			pos = { 0, 0, 0 },
			orient = { { 1, 0, 0 }, { 0, 1, 0 }, { 0, 0, 1 } }
		},
		pathprops =
		{
			path_type = "CV_CROrientationSplinePath",
			path_data = "OPEN,{0.000000,0.000000,0.000000}, {1.000000,0.000000,0.000000,0.000000}, {-0.006634,0.705430,0.030358}, {1.000000,0.000000,0.000000,0.000000}, "
		}
	},

	{
		entity_name = "Cam_04_MOP_Path",
		type = MOTION_PATH,
		template_name = "",
		lt_grp = 0, srt_grp = 0, usr_flg = 0,
		spatialprops =
		{
			pos = { 0, 0, 0 },
			orient = { { 1, 0, 0 }, { 0, 1, 0 }, { 0, 0, 1 } }
		},
		pathprops =
		{
			path_type = "CV_CROrientationSplinePath",
			path_data = "OPEN,{0.000000,0.000000,0.000000}, {1.000000,0.000000,0.000000,0.000000}, {-0.006634,0.705430,0.030358}, {1.000000,0.000000,0.000000,0.000000}, "
		}
	},

	{
		entity_name = "Char_Trent_Head_Mk_4",
		type = MARKER,
		template_name = "",
		lt_grp = 0, srt_grp = 0, usr_flg = 0,
		flags = HIDDEN,
		spatialprops =
		{
			pos = { 3.262087, 1.429987, -5.830856 },
			orient = { {  0.269085,  0.007678, -0.963086 },
					   { -0.017122,  0.999848,  0.003187 },
					   {  0.962964,  0.015633,  0.269176 } }
		}
	},

	{
		entity_name = "Char_King_Head_Nod_Mk5",
		type = MARKER,
		template_name = "",
		lt_grp = 0, srt_grp = 0, usr_flg = 0,
		spatialprops =
		{
			pos = { 2.579718, 0.946034, -6.867696 },
			orient = { {  0.505932,  0.000000,  0.862573 },
					   {  0.000000,  1.000000,  0.000000 },
					   { -0.862573,  0.000000,  0.505932 } }
		}
	},

	{
		entity_name = "Char_King_Head_Nod_Path",
		type = MOTION_PATH,
		template_name = "",
		lt_grp = 0, srt_grp = 0, usr_flg = 0,
		spatialprops =
		{
			pos = { 5.158226, 1.669555, -10.55944 },
			orient = { {  0.505932,  0.000000,  0.862573 },
					   {  0.000000,  1.000000,  0.000000 },
					   { -0.862573,  0.000000,  0.505932 } }
		},
		pathprops =
		{
			path_type = "CV_CROrientationSplinePath",
			path_data = "OPEN,{0.141187,0.000000,0.611123}, {1.000000,0.000000,0.000000,0.000000}, {0.784213,0.000000,0.944550}, {1.000000,0.000000,0.000000,0.000000}, {1.156523,0.000000,0.613979}, {1.000000,0.000000,0.000000,0.000000}, "
		}
	},

	{
		entity_name = "Ship_l_elite_rtc_shipdust_1",
		type = PSYS,
		template_name = "rtc_shipdust",
		lt_grp = 0, srt_grp = 0, usr_flg = 0,
