duration = 50.013;

entities =
{

	{
		entity_name = "Layer_Scene_s012xz_Multi",
		type = SCENE,
		template_name = "",
		lt_grp = 0, srt_grp = 0, usr_flg = 0,
		spatialprops =
		{
			pos = { 0, 0, 0 },
			orient = { { 1, 0, 0 }, { 0, 1, 0 }, { 0, 0, 1 } }
		},
		up = Y_AXIS,
		front = Z_AXIS,
		ambient = { 0, 0, 0 },
		userprops =
		{
			TextStart = "0.75000",
			TextString = "259608.00000",
		}
	},

	{
		entity_name = "Char_Lonnigan",
		type = DEFORMABLE,
		template_name = "lonnigan",
		lt_grp = 0, srt_grp = 0, usr_flg = 0,
		flags = LIT_DYNAMIC,
		spatialprops =
		{
			pos = { 36.4314, 0, -98.66492 },
			orient = { { -0.797161,  0.000000,  0.603767 },
					   {  0.000000,  1.000000,  0.000000 },
					   { -0.603767,  0.000000, -0.797161 } }
		},
		compoundprops =
		{
			floor_height = 0
		},
		userprops =
		{
			actor = "lonnigan",
			category = "Character",
		}
	},

	{
		entity_name = "Char_Trent",
		type = DEFORMABLE,
		template_name = "trent",
		lt_grp = 0, srt_grp = 0, usr_flg = 0,
		flags = LIT_DYNAMIC,
		spatialprops =
		{
			pos = { 44.81817, 0, -103.2419 },
			orient = { { -0.840455,  0.000000, -0.541881 },
					   {  0.000000,  1.000000,  0.000000 },
					   {  0.541881,  0.000000, -0.840455 } }
		},
		compoundprops =
		{
			floor_height = 0
		},
		userprops =
		{
			actor = "Player",
			category = "Character",
		}
	},

	{
		entity_name = "dx_s012x_0201_Trent",
		type = SOUND,
		template_name = "dx_s012x_0201_Trent",
		lt_grp = 0, srt_grp = 0, usr_flg = 0,
		spatialprops =
		{
			pos = { 0, 0, 0 },
			orient = { { 1, 0, 0 }, { 0, 1, 0 }, { 0, 0, 1 } }
		},
		audioprops =
		{
			attenuation = -1,
			pan = 0,
			dmin = 50,
			dmax = 1000,
			ain = 360,
			aout = 360,
			atout = 0,
			rmix = 0,
		},
		userprops =
		{
			category = "Audio",
		}
	},

	{
		entity_name = "dx_s012x_0401_Trent",
		type = SOUND,
		template_name = "dx_s012x_0401_Trent",
		lt_grp = 0, srt_grp = 0, usr_flg = 0,
		spatialprops =
		{
			pos = { 0, 0, 0 },
			orient = { { 1, 0, 0 }, { 0, 1, 0 }, { 0, 0, 1 } }
		},
		audioprops =
		{
			attenuation = -1,
			pan = 0,
			dmin = 50,
			dmax = 1000,
			ain = 360,
			aout = 360,
			atout = 0,
			rmix = 0,
		},
		userprops =
		{
			category = "Audio",
		}
	},

	{
		entity_name = "dx_s012x_0601_Trent",
		type = SOUND,
		template_name = "dx_s012x_0601_Trent",
		lt_grp = 0, srt_grp = 0, usr_flg = 0,
		spatialprops =
		{
			pos = { 0, 0, 0 },
			orient = { { 1, 0, 0 }, { 0, 1, 0 }, { 0, 0, 1 } }
		},
		audioprops =
		{
			attenuation = -1,
			pan = 0,
			dmin = 50,
			dmax = 1000,
			ain = 360,
			aout = 360,
			atout = 0,
			rmix = 0,
		},
		userprops =
		{
			category = "Audio",
		}
	},

	{
		entity_name = "dx_s012x_0301_Lonnigan",
		type = SOUND,
		template_name = "dx_s012x_0301_Lonnigan",
		lt_grp = 0, srt_grp = 0, usr_flg = 0,
		spatialprops =
		{
			pos = { 0, 0, 0 },
			orient = { { 1, 0, 0 }, { 0, 1, 0 }, { 0, 0, 1 } }
		},
		audioprops =
		{
			attenuation = -1,
			pan = 0,
			dmin = 50,
			dmax = 1000,
			ain = 360,
			aout = 360,
			atout = 0,
			rmix = 0,
		},
		userprops =
		{
			category = "Audio",
		}
	},

	{
		entity_name = "dx_s012x_0302_Lonnigan",
		type = SOUND,
		template_name = "dx_s012x_0302_Lonnigan",
		lt_grp = 0, srt_grp = 0, usr_flg = 0,
		spatialprops =
		{
			pos = { 0, 0, 0 },
			orient = { { 1, 0, 0 }, { 0, 1, 0 }, { 0, 0, 1 } }
		},
		audioprops =
		{
			attenuation = -1,
			pan = 0,
			dmin = 50,
			dmax = 1000,
			ain = 360,
			aout = 360,
			atout = 0,
			rmix = 0,
		},
		userprops =
		{
			category = "Audio",
		}
	},

	{
		entity_name = "dx_s012x_0303_Lonnigan",
		type = SOUND,
		template_name = "dx_s012x_0303_Lonnigan",
		lt_grp = 0, srt_grp = 0, usr_flg = 0,
		spatialprops =
		{
			pos = { 0, 0, 0 },
			orient = { { 1, 0, 0 }, { 0, 1, 0 }, { 0, 0, 1 } }
		},
		audioprops =
		{
			attenuation = -1,
			pan = 0,
			dmin = 50,
			dmax = 1000,
			ain = 360,
			aout = 360,
			atout = 0,
			rmix = 0,
		},
		userprops =
		{
			category = "Audio",
		}
	},

	{
		entity_name = "dx_s012x_0501_Lonnigan",
		type = SOUND,
		template_name = "dx_s012x_0501_Lonnigan",
		lt_grp = 0, srt_grp = 0, usr_flg = 0,
		spatialprops =
		{
			pos = { 0, 0, 0 },
			orient = { { 1, 0, 0 }, { 0, 1, 0 }, { 0, 0, 1 } }
		},
		audioprops =
		{
			attenuation = -1,
			pan = 0,
			dmin = 50,
			dmax = 1000,
			ain = 360,
			aout = 360,
			atout = 0,
			rmix = 0,
		},
		userprops =
		{
			category = "Audio",
		}
	},

	{
		entity_name = "dx_s012x_0701_Lonnigan",
		type = SOUND,
		template_name = "dx_s012x_0701_Lonnigan",
		lt_grp = 0, srt_grp = 0, usr_flg = 0,
		spatialprops =
		{
			pos = { 0, 0, 0 },
			orient = { { 1, 0, 0 }, { 0, 1, 0 }, { 0, 0, 1 } }
		},
		audioprops =
		{
			attenuation = -1,
			pan = 0,
			dmin = 50,
			dmax = 1000,
			ain = 360,
			aout = 360,
			atout = 0,
			rmix = 0,
		},
		userprops =
		{
			category = "Audio",
		}
	},

	{
		entity_name = "dx_s012x_0702_Lonnigan",
		type = SOUND,
		template_name = "dx_s012x_0702_Lonnigan",
		lt_grp = 0, srt_grp = 0, usr_flg = 0,
		spatialprops =
		{
			pos = { 0, 0, 0 },
			orient = { { 1, 0, 0 }, { 0, 1, 0 }, { 0, 0, 1 } }
		},
		audioprops =
		{
			attenuation = -1,
			pan = 0,
			dmin = 50,
			dmax = 1000,
			ain = 360,
			aout = 360,
			atout = 0,
			rmix = 0,
		},
		userprops =
		{
			category = "Audio",
		}
	},

	{
		entity_name = "dx_s012x_0703_Lonnigan",
		type = SOUND,
		template_name = "dx_s012x_0703_Lonnigan",
		lt_grp = 0, srt_grp = 0, usr_flg = 0,
		spatialprops =
		{
			pos = { 0, 0, 0 },
			orient = { { 1, 0, 0 }, { 0, 1, 0 }, { 0, 0, 1 } }
		},
		audioprops =
		{
			attenuation = -1,
			pan = 0,
			dmin = 50,
			dmax = 1000,
			ain = 360,
			aout = 360,
			atout = 0,
			rmix = 0,
		},
		userprops =
		{
			category = "Audio",
		}
	},

	{
		entity_name = "Cam_Monitor_s012xa",
		type = MONITOR,
		template_name = "",
		lt_grp = 0, srt_grp = 0, usr_flg = 0,
		userprops =
		{
			Priority = "Monitor_Moving_1",
		}
	},

	{
		entity_name = "Char_Lonn_Mk_IKhead_Shake_01",
		type = MARKER,
		template_name = "",
		lt_grp = 0, srt_grp = 0, usr_flg = 0,
		spatialprops =
		{
			pos = { 47.95221, 1.623701, -102.4986 },
			orient = { {  0.746384,  0.000000, -0.665515 },
					   {  0.000000,  1.000000,  0.000000 },
					   {  0.665515,  0.000000,  0.746384 } }
		}
	},

	{
		entity_name = "Char_Lonn_Mk_IKhead_Shake_02",
		type = MARKER,
		template_name = "",
		lt_grp = 0, srt_grp = 0, usr_flg = 0,
		spatialprops =
		{
			pos = { 47.33743, 1.57312, -103.5742 },
			orient = { {  0.746384,  0.000000, -0.665515 },
					   {  0.000000,  1.000000,  0.000000 },
					   {  0.665515,  0.000000,  0.746384 } }
		}
	},

	{
		entity_name = "Char_Lonn_Mk_IKhead_Trent",
		type = MARKER,
		template_name = "",
		lt_grp = 0, srt_grp = 0, usr_flg = 0,
		spatialprops =
		{
			pos = { 47.47115, 1.844911, -103.029 },
			orient = { {  0.746384,  0.000000, -0.665515 },
					   {  0.000000,  1.000000,  0.000000 },
					   {  0.665515,  0.000000,  0.746384 } }
		}
	},

	{
		entity_name = "Char_Lonnigan_prop_gun_laser",
		type = COMPOUND,
		template_name = "prop_gun_laser_1",
		lt_grp = 0, srt_grp = 0, usr_flg = 0,
		flags = LIT_DYNAMIC,
		spatialprops =
		{
			pos = { 37.91745, 0.720884, -98.28973 },
			orient = { {  0.920040, -0.025113, -0.391018 },
					   {  0.191189, -0.842305,  0.503953 },
					   { -0.342013, -0.538415, -0.770153 } }
		},
		userprops =
		{
			category = "Prop",
		}
	},

	{
		entity_name = "Char_Tr_Mk_IKhead_Tilt",
		type = MARKER,
		template_name = "",
		lt_grp = 0, srt_grp = 0, usr_flg = 0,
		spatialprops =
		{
			pos = { 46.88804, 1.468104, -103.0721 },
			orient = { {  0.745136,  0.000000, -0.666913 },
					   {  0.000000,  1.000000,  0.000000 },
					   {  0.666913,  0.000000,  0.745136 } }
		}
	},

	{
		entity_name = "Cam_01_Dolly_A",
		type = CAMERA,
		template_name = "",
		lt_grp = 0, srt_grp = 0, usr_flg = 0,
		flags = HIDDEN,
		spatialprops =
		{
			pos = { 47.95846, 3.780533, -99.0351 },
			orient = { { -0.288154,  0.009595,  0.957536 },
					   { -0.359354,  0.925785, -0.117418 },
					   { -0.887599, -0.377929, -0.263321 } }
		},
		cameraprops =
		{
			fovh = 25,
			hvaspect = 1.85,
			nearplane = 0.4,
			farplane = 7000
		}
	},

	{
		entity_name = "Char_Tr_Mk_IKheadNod_01",
		type = MARKER,
		template_name = "",
		lt_grp = 0, srt_grp = 0, usr_flg = 0,
		spatialprops =
		{
			pos = { 46.83507, 1.544822, -103.4294 },
			orient = { {  0.746384,  0.000000, -0.665515 },
					   {  0.000000,  1.000000,  0.000000 },
					   {  0.665515,  0.000000,  0.746384 } }
		}
	},

	{
		entity_name = "Char_Tr_Mk_IKheadNod_02",
		type = MARKER,
		template_name = "",
		lt_grp = 0, srt_grp = 0, usr_flg = 0,
		spatialprops =
		{
			pos = { 46.83507, 1.700001, -103.4294 },
			orient = { {  0.746384,  0.000000, -0.665515 },
					   {  0.000000,  1.000000,  0.000000 },
					   {  0.665515,  0.000000,  0.746384 } }
		}
	},

	{
		entity_name = "Cam_03_Lonnigan_Med_A",
		type = CAMERA,
		template_name = "",
		lt_grp = 0, srt_grp = 0, usr_flg = 0,
		flags = HIDDEN,
		spatialprops =
		{
			pos = { 46.31382, 1.738544, -103.4995 },
			orient = { {  0.066144,  0.000000,  0.997810 },
					   {  0.086492,  0.996236, -0.005734 },
					   { -0.994054,  0.086682,  0.065895 } }
		},
		cameraprops =
		{
			fovh = 19,
			hvaspect = 1.85,
			nearplane = 0.4,
			farplane = 7000
		}
	},

	{
		entity_name = "Cam_05_Lonnigan_ECU_A",
		type = CAMERA,
		template_name = "",
		lt_grp = 0, srt_grp = 0, usr_flg = 0,
		spatialprops =
		{
			pos = { 46.45288, 1.795277, -103.5521 },
			orient = { { -0.060634,  0.000000,  0.998160 },
					   {  0.150023,  0.988641,  0.009113 },
					   { -0.986822,  0.150299, -0.059945 } }
		},
		cameraprops =
		{
			fovh = 20,
			hvaspect = 1.85,
			nearplane = 0.4,
			farplane = 7000
		}
	},

	{
		entity_name = "Cam_04_Trent_OTS",
		type = CAMERA,
		template_name = "",
		lt_grp = 0, srt_grp = 0, usr_flg = 0,
		flags = HIDDEN,
		spatialprops =
		{
			pos = { 48.44894, 1.597885, -104.3595 },
			orient = { { -0.858097,  0.000000, -0.513487 },
					   { -0.001037,  0.999998,  0.001732 },
					   {  0.513486,  0.002019, -0.858095 } }
		},
		cameraprops =
		{
			fovh = 20,
			hvaspect = 1.85,
			nearplane = 0.4,
			farplane = 7000
		}
	},

	{
		entity_name = "Cam_05_Lonnigan_ECU_B",
		type = CAMERA,
		template_name = "",
		lt_grp = 0, srt_grp = 0, usr_flg = 0,
		flags = HIDDEN,
		spatialprops =
		{
			pos = { 46.18964, 1.577994, -104.0324 },
			orient = { { -0.280402,  0.000000,  0.959882 },
					   {  0.023594,  0.999698,  0.006892 },
					   { -0.959592,  0.024580, -0.280318 } }
		},
		cameraprops =
		{
			fovh = 25,
			hvaspect = 1.85,
			nearplane = 0.4,
			farplane = 7000
		}
	},

	{
		entity_name = "Char_Tr_Mk_IKhead_OTS",
		type = MARKER,
		template_name = "",
		lt_grp = 0, srt_grp = 0, usr_flg = 0,
		spatialprops =
		{
			pos = { 46.24924, 1.595976, -103.3336 },
			orient = { {  0.363079,  0.000000, -0.931758 },
					   {  0.000000,  1.000000,  0.000000 },
					   {  0.931758,  0.000000,  0.363079 } }
		}
	},

	{
		entity_name = "Char_Tr_Mk_IKhead_Shake_01",
		type = MARKER,
		template_name = "",
		lt_grp = 0, srt_grp = 0, usr_flg = 0,
		spatialprops =
		{
			pos = { 45.09305, 1.51841, -103.1602 },
			orient = { { -0.195081,  0.000000,  0.980787 },
					   {  0.000000,  1.000000,  0.000000 },
					   { -0.980787,  0.000000, -0.195081 } }
		}
	},

	{
		entity_name = "Char_Lonn_Mk_loc_01",
		type = MARKER,
		template_name = "",
		lt_grp = 0, srt_grp = 0, usr_flg = 0,
		spatialprops =
		{
			pos = { 50.52308, 0.958309, -104.4957 },
			orient = { { -0.420968,  0.000000, -0.907076 },
					   {  0.000000,  1.000000,  0.000000 },
					   {  0.907076,  0.000000, -0.420968 } }
		}
	},

	{
		entity_name = "Ship_rtcprop_l_elite_Path",
		type = MOTION_PATH,
		template_name = "",
		lt_grp = 0, srt_grp = 0, usr_flg = 0,
		spatialprops =
		{
			pos = { 219.7701, 0, 230.1591 },
			orient = { {  0.946672,  0.000000, -0.322199 },
					   {  0.000000,  1.000000,  0.000000 },
					   {  0.322199,  0.000000,  0.946672 } }
		},
		pathprops =
		{
			path_type = "CV_CROrientationSplinePath",
			path_data = "OPEN,{89.302872,40.000000,-132.340302}, {0.940464,0.000000,0.339893,0.000000}, {3.247093,37.500000,-238.615494}, {0.959659,0.000000,0.281167,0.000000}, {-62.557735,27.121443,-356.234711}, {0.945244,-0.034790,0.178269,-0.271153}, {-125.080063,32.500000,-524.228821}, {0.974221,-0.015678,0.071589,-0.213360}, {-138.415024,30.000000,-766.898071}, {1.000000,0.000000,0.000000,0.000000}, "
		}
	},

	{
		entity_name = "Cam_01_Dolly_B",
		type = CAMERA,
		template_name = "",
		lt_grp = 0, srt_grp = 0, usr_flg = 0,
		flags = HIDDEN,
		spatialprops =
		{
			pos = { 45.25867, 1.490377, -104.5575 },
			orient = { { -0.435168,  0.000000,  0.900349 },
					   {  0.101729,  0.993596,  0.049169 },
					   { -0.894584,  0.112988, -0.432381 } }
		},
		cameraprops =
		{
			fovh = 30,
			hvaspect = 1.85,
			nearplane = 0.4,
			farplane = 7000
		}
	},

	{
		entity_name = "Char_Tr_Mk_loc_StayPut",
		type = MARKER,
		template_name = "",
		lt_grp = 0, srt_grp = 0, usr_flg = 0,
		spatialprops =
		{
			pos = { 47.28944, 0, -103.4458 },
			orient = { {  0.152155,  0.000000, -0.988357 },
					   {  0.000000,  1.000000,  0.000000 },
					   {  0.988357,  0.000000,  0.152155 } }
		}
	},

	{
		entity_name = "Cam_01_Dolly_Path",
		type = MOTION_PATH,
		template_name = "",
		lt_grp = 0, srt_grp = 0, usr_flg = 0,
		flags = HIDDEN,
		spatialprops =
		{
			pos = { 45.79237, 3.780351, -88.60035 },
			orient = { { -0.305348,  0.000000,  0.952241 },
					   { -0.354462,  0.928137, -0.113663 },
					   { -0.883810, -0.372240, -0.283404 } }
		},
		pathprops =
		{
			path_type = "CV_CROrientationSplinePath",
			path_data = "OPEN,{-10.597799,0.418415,1.042780}, {0.999943,0.003121,0.010138,0.001073}, {-11.150613,-1.286431,1.748618}, {0.970117,-0.225755,0.087829,-0.013944}, {-12.253866,-1.326815,3.273408}, {0.972086,-0.228497,0.048817,-0.021314}, {-13.543921,-0.746645,4.667356}, {0.971722,-0.233534,-0.034425,0.005763}, {-15.032087,-0.122501,5.846434}, {0.967199,-0.244213,-0.069276,0.009346}, "
		}
	},

	{
		entity_name = "Cam_03_Lonnigan_Med_B",
		type = CAMERA,
		template_name = "",
		lt_grp = 0, srt_grp = 0, usr_flg = 0,
		flags = HIDDEN,
		spatialprops =
		{
			pos = { 46.84838, 1.747442, -104.38 },
			orient = { { -0.558070, -0.179332,  0.810184 },
					   {  0.032261,  0.970940,  0.237137 },
					   { -0.829167,  0.158476, -0.536067 } }
		},
		cameraprops =
		{
			fovh = 20,
			hvaspect = 1.85,
			nearplane = 0.4,
			farplane = 7000
		}
	},

	{
		entity_name = "Ship_rtcprop_l_elite_FX_gf_li_smallengine02_1",
		type = PSYS,
		template_name = "gf_br_smallengine02",
		lt_grp = 0, srt_grp = 0, usr_flg = 0,
		flags = LIT_DYNAMIC + LIT_AMBIENT,
		spatialprops =
		{
			pos = { 0, 0, 0 },
			orient = { { 1, 0, 0 }, { 0, 1, 0 }, { 0, 0, 1 } }
		},
		psysprops =
		{
			sparam = 0
		}
	},

	{
		entity_name = "Ship_rtcprop_l_elite_FX_gf_li_smallengine02_2",
		type = PSYS,
		template_name = "gf_li_smallengine02",
		lt_grp = 0, srt_grp = 0, usr_flg = 0,
		flags = LIT_DYNAMIC + LIT_AMBIENT,
		spatialprops =
		{
			pos = { 0, 0, 0 },
			orient = { { 1, 0, 0 }, { 0, 1, 0 }, { 0, 0, 1 } }
		},
		psysprops =
		{
			sparam = 0
		}
	},

	{
		entity_name = "Cam_03_Lonnigan_Med_Path",
		type = MOTION_PATH,
		template_name = "",
		lt_grp = 0, srt_grp = 0, usr_flg = 0,
		spatialprops =
		{
			pos = { 46.56215, 1.72438, -103.6369 },
			orient = { { -0.052523,  0.000009,  0.998620 },
					   {  0.117031,  0.993109,  0.006147 },
					   { -0.991738,  0.117192, -0.052162 } }
		},
		pathprops =
		{
			path_type = "CV_CROrientationSplinePath",
			path_data = "OPEN,{0.150340,-0.014151,0.240768}, {0.998121,0.015308,0.059026,0.006045}, {-0.488733,-0.538165,0.576449}, {0.970817,0.127306,-0.190188,0.071661}, {-0.946138,-1.390120,2.495616}, {0.974424,0.110364,-0.151482,0.123982}, "
		}
	},

	{
		entity_name = "Char_Tr_Mk_IKhead_LookAway_01",
		type = MARKER,
		template_name = "",
		lt_grp = 0, srt_grp = 0, usr_flg = 0,
		spatialprops =
		{
			pos = { 47.87292, 2.409096, -97.90142 },
			orient = { { 1, 0, 0 }, { 0, 1, 0 }, { 0, 0, 1 } }
		}
	},

	{
		entity_name = "Char_Tr_Mk_IKhead_LookAway_02",
		type = MARKER,
		template_name = "",
		lt_grp = 0, srt_grp = 0, usr_flg = 0,
		spatialprops =
		{
			pos = { 41.71653, 1.675966, -107.2129 },
			orient = { { 1, 0, 0 }, { 0, 1, 0 }, { 0, 0, 1 } }
		}
	},

	{
		entity_name = "Char_Lonn_Mk_IKtorso_01",
		type = MARKER,
		template_name = "",
		lt_grp = 0, srt_grp = 0, usr_flg = 0,
		spatialprops =
		{
			pos = { 47.97222, 1.139679, -103.4608 },
			orient = { { -0.461588,  0.000000, -0.887094 },
					   {  0.000000,  1.000000,  0.000000 },
					   {  0.887094,  0.000000, -0.461588 } }
		}
	},

	{
		entity_name = "Char_Lonn_Mk_IKhead_Shake_03",
		type = MARKER,
		template_name = "",
		lt_grp = 0, srt_grp = 0, usr_flg = 0,
		spatialprops =
		{
			pos = { 47.65001, 1.623701, -102.6673 },
			orient = { {  0.746384,  0.000000, -0.665515 },
					   {  0.000000,  1.000000,  0.000000 },
					   {  0.665515,  0.000000,  0.746384 } }
		}
	},

	{
		entity_name = "Cam_05_Lonnigan_ECU_Path",
		type = MOTION_PATH,
		template_name = "",
		lt_grp = 0, srt_grp = 0, usr_flg = 0,
		spatialprops =
		{
			pos = { -38.99355, 0, -161.337 },
			orient = { { -0.195081,  0.000000,  0.980787 },
					   {  0.000000,  1.000000,  0.000000 },
					   { -0.980787,  0.000000, -0.195081 } }
		},
		pathprops =
		{
			path_type = "CV_CROrientationSplinePath",
			path_data = "OPEN,{40.283615,1.765945,-95.110222}, {0.987948,-0.070240,0.137582,0.009782}, {39.892231,1.473824,-94.391502}, {0.998928,0.012496,-0.033919,0.028917}, {40.375885,1.504512,-93.372864}, {0.986009,-0.043136,0.160860,0.007038}, "
		}
	},

	{
		entity_name = "Ship_rtcprop_l_elite",
		type = COMPOUND,
		template_name = "rtcprop_l_elite",
		lt_grp = 0, srt_grp = 0, usr_flg = 0,
		flags = LIT_DYNAMIC,
		spatialprops =
		{
			pos = { 267.5026, 40, 66.57206 },
			orient = { {  0.521952,  0.000000, -0.852975 },
					   {  0.000000,  1.000000,  0.000000 },
					   {  0.852975,  0.000000,  0.521952 } }
		},
		userprops =
		{
			category = "Spaceship",
			loadout = "li_n_li_elite_loadout01",
			running_lights = "True",
		}
	},

	{
		entity_name = "Char_Tr_Mk_IKeyes_RightUpper",
		type = MARKER,
		template_name = "",
		lt_grp = 0, srt_grp = 0, usr_flg = 0,
		spatialprops =
		{
			pos = { 39.66318, 1.499515, -95.274 },
			orient = { { -0.999572,  0.000000,  0.029266 },
					   {  0.000000,  1.000000,  0.000000 },
					   { -0.029266,  0.000000, -0.999572 } }
		}
	},

	{
		entity_name = "Char_Tr_Mk_IKeyes_HeadAttach",
		type = MARKER,
		template_name = "",
		lt_grp = 0, srt_grp = 0, usr_flg = 0,
		spatialprops =
		{
			pos = { 39.97115, 1.499515, -95.90734 },
			orient = { { -0.999572,  0.000000,  0.029266 },
					   {  0.000000,  1.000000,  0.000000 },
					   { -0.029266,  0.000000, -0.999572 } }
		}
	},

	{
		entity_name = "Char_Tr_Mk_IKeyes_LeftUpper",
		type = MARKER,
		template_name = "",
		lt_grp = 0, srt_grp = 0, usr_flg = 0,
		spatialprops =
		{
			pos = { 40.10601, 1.499515, -95.29577 },
			orient = { { -0.999572,  0.000000,  0.029266 },
					   {  0.000000,  1.000000,  0.000000 },
					   { -0.029266,  0.000000, -0.999572 } }
		}
	},

	{
		entity_name = "Cam_02_Two_Shot",
		type = CAMERA,
		template_name = "",
		lt_grp = 0, srt_grp = 0, usr_flg = 0,
		flags = HIDDEN,
		spatialprops =
		{
			pos = { 45.44947, 1.201191, -105.683 },
			orient = { { -0.682098,  0.000000,  0.731260 },
					   { -0.068428,  0.995612, -0.063828 },
					   { -0.728052, -0.093575, -0.679106 } }
		},
		cameraprops =
		{
			fovh = 15,
			hvaspect = 1.85,
			nearplane = 0.4,
			farplane = 7000
		}
	},

	{
		entity_name = "Char_Tr_Mk_IKhead_Lonn",
		type = MARKER,
		template_name = "",
		lt_grp = 0, srt_grp = 0, usr_flg = 0,
		spatialprops =
		{
			pos = { 47.05594, 1.705763, -104.3052 },
			orient = { {  0.152155,  0.000000, -0.988357 },
					   {  0.000000,  1.000000,  0.000000 },
					   {  0.988357,  0.000000,  0.152155 } }
		}
	},

	{
		entity_name = "Char_Tr_Mk_IKhead_Gun",
		type = MARKER,
		template_name = "",
		lt_grp = 0, srt_grp = 0, usr_flg = 0,
		spatialprops =
		{
			pos = { 47.66882, 1.286424, -104.0758 },
			orient = { {  0.152155,  0.000000, -0.988357 },
					   {  0.000000,  1.000000,  0.000000 },
					   {  0.988357,  0.000000,  0.152155 } }
		}
	},

	{
		entity_name = "Char_Tr_Mk_IKhead_Tilt_Spacial",
		type = MARKER,
		template_name = "",
		lt_grp = 0, srt_grp = 0, usr_flg = 0,
		spatialprops =
		{
			pos = { 46.87867, 1.479784, -103.1043 },
			orient = { {  0.745136,  0.000000, -0.666913 },
					   {  0.000000,  1.000000,  0.000000 },
					   {  0.666913,  0.000000,  0.745136 } }
		}
	},

	{
		entity_name = "Char_Tr_Mk_IKhead_Tilt_Path",
		type = MOTION_PATH,
		template_name = "",
		lt_grp = 0, srt_grp = 0, usr_flg = 0,
		spatialprops =
		{
			pos = { 46.88804, 1.468104, -103.0721 },
			orient = { {  0.745135,  0.000000, -0.666914 },
					   {  0.000000,  1.000000,  0.000000 },
					   {  0.666914,  0.000000,  0.745135 } }
		},
		pathprops =
		{
			path_type = "CV_CROrientationSplinePath",
			path_data = "OPEN,{0.000000,0.000000,-0.000003}, {1.000000,0.000000,0.000000,0.000000}, {0.014499,0.011681,-0.030251}, {1.000000,0.000000,0.000000,0.000000}, {-0.103462,-0.016394,-0.019237}, {1.000000,0.000000,0.000000,0.000000}, {0.000000,0.000000,-0.000003}, {1.000000,0.000000,0.000000,0.000000}, "
		}
	},

	{
		entity_name = "Char_Tr_Mk_IKeyes_Down",
		type = MARKER,
		template_name = "",
		lt_grp = 0, srt_grp = 0, usr_flg = 0,
		spatialprops =
		{
			pos = { 70.23354, 1.503217, -91.54364 },
			orient = { { -0.799462,  0.000000, -0.600717 },
					   {  0.000000,  1.000000,  0.000000 },
					   {  0.600717,  0.000000, -0.799462 } }
		}
	},

	{
		entity_name = "Char_Tr_Mk_IKhead_Follow",
		type = MARKER,
		template_name = "",
		lt_grp = 0, srt_grp = 0, usr_flg = 0,
		spatialprops =
		{
			pos = { 46.97339, 1.635911, -103.7239 },
			orient = { {  0.745135,  0.000000, -0.666914 },
					   {  0.000000,  1.000000,  0.000000 },
					   {  0.666914,  0.000000,  0.745135 } }
		}
	},

	{
		entity_name = "Char_Tr_Mk_IKeyes_Twitch",
		type = MARKER,
		template_name = "",
		lt_grp = 0, srt_grp = 0, usr_flg = 0,
		spatialprops =
		{
			pos = { 46.97339, 1.635911, -103.7239 },
			orient = { {  0.745135,  0.000000, -0.666914 },
					   {  0.000000,  1.000000,  0.000000 },
					   {  0.666914,  0.000000,  0.745135 } }
		}
	},

	{
		entity_name = "Char_Tr_Mk_IKeyes_Twitch_Path",
		type = MOTION_PATH,
		template_name = "",
		lt_grp = 0, srt_grp = 0, usr_flg = 0,
		spatialprops =
		{
			pos = { 44.59233, 1.759224, -102.6158 },
			orient = { { -0.842117, -0.016606, -0.539038 },
					   { -0.040372, -0.994780,  0.093718 },
					   { -0.537781,  0.100684,  0.837051 } }
		},
		pathprops =
		{
			path_type = "CV_CROrientationSplinePath",
			path_data = "OPEN,{-0.000001,0.000000,0.000000}, {1.000000,0.000000,0.000000,0.000000}, {0.028602,-0.032400,-0.000002}, {1.000000,0.000000,0.000000,0.000000}, {0.228499,0.002900,0.008800}, {1.000000,0.000000,0.000000,0.000000}, {0.390402,-0.065200,0.020097}, {1.000000,0.000000,0.000000,0.000000}, {0.188499,-0.026100,0.008801}, {1.000000,0.000000,0.000000,0.000000}, {-0.000001,0.000000,0.000000}, {1.000000,0.000000,0.000000,0.000000}, "
		}
	},

	{
		entity_name = "Char_Tr_Mk_IKeyes_Twitch_Follow",
		type = MARKER,
		template_name = "",
		lt_grp = 0, srt_grp = 0, usr_flg = 0,
		spatialprops =
		{
			pos = { 46.63242, 1.574229, -103.3456 },
			orient = { {  0.745135,  0.000000, -0.666914 },
					   {  0.000000,  1.000000,  0.000000 },
					   {  0.666914,  0.000000,  0.745135 } }
		}
	},

	{
		entity_name = "Char_Lonnigan_fs_ml_hard01",
		type = SOUND,
		template_name = "fs_ml_hard01",
		lt_grp = 0, srt_grp = 0, usr_flg = 0,
		spatialprops =
		{
			pos = { 0, 0, 0 },
			orient = { { 1, 0, 0 }, { 0, 1, 0 }, { 0, 0, 1 } }
		},
		audioprops =
		{
			attenuation = 0,
			pan = 0,
			dmin = 50,
			dmax = 300,
			ain = 360,
			aout = 360,
			atout = 0,
			rmix = 0,
		},
		userprops =
		{
			category = "Audio",
			Priority = "Steps_4",
		}
	},

	{
		entity_name = "Char_Lonnigan_fs_ml_hard02",
		type = SOUND,
		template_name = "fs_ml_hard02",
		lt_grp = 0, srt_grp = 0, usr_flg = 0,
		spatialprops =
		{
			pos = { 0, 0, 0 },
			orient = { { 1, 0, 0 }, { 0, 1, 0 }, { 0, 0, 1 } }
		},
		audioprops =
		{
			attenuation = 0,
			pan = 0,
			dmin = 50,
			dmax = 300,
			ain = 360,
			aout = 360,
			atout = 0,
			rmix = 0,
		},
		userprops =
		{
			category = "Audio",
			Priority = "Steps_4",
		}
	},

	{
		entity_name = "Char_Lonnigan_fs_ml_hard03",
		type = SOUND,
		template_name = "fs_ml_hard03",
		lt_grp = 0, srt_grp = 0, usr_flg = 0,
		spatialprops =
		{
			pos = { 0, 0, 0 },
			orient = { { 1, 0, 0 }, { 0, 1, 0 }, { 0, 0, 1 } }
		},
		audioprops =
		{
			attenuation = 0,
			pan = 0,
			dmin = 50,
			dmax = 300,
			ain = 360,
			aout = 360,
			atout = 0,
			rmix = 0,
		},
		userprops =
		{
			category = "Audio",
			Priority = "Steps_4",
		}
	},

	{
		entity_name = "Char_Lonnigan_fs_ml_hard04",
		type = SOUND,
		template_name = "fs_ml_hard04",
		lt_grp = 0, srt_grp = 0, usr_flg = 0,
		spatialprops =
		{
			pos = { 0, 0, 0 },
			orient = { { 1, 0, 0 }, { 0, 1, 0 }, { 0, 0, 1 } }
		},
		audioprops =
		{
			attenuation = 0,
			pan = 0,
			dmin = 50,
			dmax = 300,
			ain = 360,
			aout = 360,
			atout = 0,
			rmix = 0,
		},
		userprops =
		{
			category = "Audio",
			Priority = "Steps_4",
		}
	},

	{
		entity_name = "Char_Lonnigan_fs_mr_hard01",
		type = SOUND,
		template_name = "fs_mr_hard01",
		lt_grp = 0, srt_grp = 0, usr_flg = 0,
		spatialprops =
		{
			pos = { 0, 0, 0 },
			orient = { { 1, 0, 0 }, { 0, 1, 0 }, { 0, 0, 1 } }
		},
		audioprops =
		{
			attenuation = 0,
			pan = 0,
			dmin = 50,
			dmax = 300,
			ain = 360,
			aout = 360,
			atout = 0,
			rmix = 0,
		},
		userprops =
		{
			category = "Audio",
			Priority = "Steps_4",
		}
	},

	{
		entity_name = "Char_Lonnigan_fs_mr_hard02",
		type = SOUND,
		template_name = "fs_mr_hard02",
		lt_grp = 0, srt_grp = 0, usr_flg = 0,
		spatialprops =
		{
			pos = { 0, 0, 0 },
			orient = { { 1, 0, 0 }, { 0, 1, 0 }, { 0, 0, 1 } }
		},
		audioprops =
		{
			attenuation = 0,
			pan = 0,
			dmin = 50,
			dmax = 300,
			ain = 360,
			aout = 360,
			atout = 0,
			rmix = 0,
		},
		userprops =
		{
			category = "Audio",
			Priority = "Steps_4",
		}
	},

	{
		entity_name = "Char_Lonnigan_fs_mr_hard03",
		type = SOUND,
		template_name = "fs_mr_hard03",
		lt_grp = 0, srt_grp = 0, usr_flg = 0,
		spatialprops =
		{
			pos = { 0, 0, 0 },
			orient = { { 1, 0, 0 }, { 0, 1, 0 }, { 0, 0, 1 } }
		},
		audioprops =
		{
			attenuation = 0,
			pan = 0,
			dmin = 50,
			dmax = 300,
			ain = 360,
			aout = 360,
			atout = 0,
			rmix = 0,
		},
		userprops =
		{
			category = "Audio",
			Priority = "Steps_4",
		}
	},

	{
		entity_name = "Char_Lonnigan_fs_mr_hard04",
		type = SOUND,
		template_name = "fs_mr_hard04",
		lt_grp = 0, srt_grp = 0, usr_flg = 0,
		spatialprops =
		{
			pos = { 0, 0, 0 },
			orient = { { 1, 0, 0 }, { 0, 1, 0 }, { 0, 0, 1 } }
		},
		audioprops =
		{
			attenuation = 0,
			pan = 0,
			dmin = 50,
			dmax = 300,
			ain = 360,
			aout = 360,
			atout = 0,
			rmix = 0,
		},
		userprops =
		{
			category = "Audio",
			Priority = "Steps_4",
		}
	},

	{
		entity_name = "Char_Lonnigan_sfx_fstop_male01_Right",
		type = SOUND,
		template_name = "sfx_fstop_male01",
		lt_grp = 0, srt_grp = 0, usr_flg = 0,
		spatialprops =
		{
			pos = { 0, 0, 0 },
			orient = { { 1, 0, 0 }, { 0, 1, 0 }, { 0, 0, 1 } }
		},
		audioprops =
		{
			attenuation = 0,
			pan = 0,
			dmin = 50,
			dmax = 300,
			ain = 360,
			aout = 360,
			atout = 0,
			rmix = 0,
		},
		userprops =
		{
			category = "Audio",
			Priority = "Steps_4",
		}
	},

	{
		entity_name = "Char_Lonnigan_sfx_fstop_male02_Left",
		type = SOUND,
		template_name = "sfx_fstop_male02",
		lt_grp = 0, srt_grp = 0, usr_flg = 0,
		spatialprops =
		{
			pos = { 0, 0, 0 },
			orient = { { 1, 0, 0 }, { 0, 1, 0 }, { 0, 0, 1 } }
		},
		audioprops =
		{
			attenuation = 0,
			pan = 0,
			dmin = 50,
			dmax = 300,
			ain = 360,
			aout = 360,
			atout = 0,
			rmix = 0,
		},
		userprops =
		{
			category = "Audio",
			Priority = "Steps_4",
		}
	},

	{
		entity_name = "Char_Trent_fs_ml_hard01",
		type = SOUND,
		template_name = "fs_ml_hard01",
		lt_grp = 0, srt_grp = 0, usr_flg = 0,
		spatialprops =
		{
			pos = { 0, 0, 0 },
			orient = { { 1, 0, 0 }, { 0, 1, 0 }, { 0, 0, 1 } }
		},
		audioprops =
		{
			attenuation = -30,
			pan = 0,
			dmin = 50,
			dmax = 300,
			ain = 360,
			aout = 360,
			atout = 0,
			rmix = 0,
		},
		userprops =
		{
			category = "Audio",
			Priority = "Steps_4",
		}
	},

	{
		entity_name = "Char_Trent_fs_ml_hard02",
		type = SOUND,
		template_name = "fs_ml_hard02",
		lt_grp = 0, srt_grp = 0, usr_flg = 0,
		spatialprops =
		{
			pos = { 0, 0, 0 },
			orient = { { 1, 0, 0 }, { 0, 1, 0 }, { 0, 0, 1 } }
		},
		audioprops =
		{
			attenuation = -30,
			pan = 0,
			dmin = 50,
			dmax = 300,
			ain = 360,
			aout = 360,
			atout = 0,
			rmix = 0,
		},
		userprops =
		{
			category = "Audio",
			Priority = "Steps_4",
		}
	},

	{
		entity_name = "Char_Trent_fs_ml_hard03",
		type = SOUND,
		template_name = "fs_ml_hard03",
		lt_grp = 0, srt_grp = 0, usr_flg = 0,
		spatialprops =
		{
			pos = { 0, 0, 0 },
			orient = { { 1, 0, 0 }, { 0, 1, 0 }, { 0, 0, 1 } }
		},
		audioprops =
		{
			attenuation = -30,
			pan = 0,
			dmin = 50,
			dmax = 300,
			ain = 360,
			aout = 360,
			atout = 0,
			rmix = 0,
		},
		userprops =
		{
			category = "Audio",
			Priority = "Steps_4",
		}
	},

	{
		entity_name = "Char_Trent_fs_ml_hard04",
		type = SOUND,
		template_name = "fs_ml_hard04",
		lt_grp = 0, srt_grp = 0, usr_flg = 0,
		spatialprops =
		{
			pos = { 0, 0, 0 },
			orient = { { 1, 0, 0 }, { 0, 1, 0 }, { 0, 0, 1 } }
		},
		audioprops =
		{
			attenuation = -14,
			pan = 0,
			dmin = 50,
			dmax = 300,
			ain = 360,
			aout = 360,
			atout = 0,
			rmix = 0,
		},
		userprops =
		{
			category = "Audio",
			Priority = "Steps_4",
		}
	},

	{
		entity_name = "Char_Trent_fs_mr_hard01",
		type = SOUND,
		template_name = "fs_mr_hard01",
		lt_grp = 0, srt_grp = 0, usr_flg = 0,
		spatialprops =
		{
			pos = { 0, 0, 0 },
			orient = { { 1, 0, 0 }, { 0, 1, 0 }, { 0, 0, 1 } }
		},
		audioprops =
		{
			attenuation = -13,
			pan = 0,
			dmin = 50,
			dmax = 300,
			ain = 360,
			aout = 360,
			atout = 0,
			rmix = 0,
		},
		userprops =
		{
			category = "Audio",
			Priority = "Steps_4",
		}
	},

	{
		entity_name = "Char_Trent_fs_mr_hard02",
		type = SOUND,
		template_name = "fs_mr_hard02",
		lt_grp = 0, srt_grp = 0, usr_flg = 0,
		spatialprops =
		{
			pos = { 0, 0, 0 },
			orient = { { 1, 0, 0 }, { 0, 1, 0 }, { 0, 0, 1 } }
		},
		audioprops =
		{
			attenuation = -30,
			pan = 0,
			dmin = 50,
			dmax = 300,
			ain = 360,
			aout = 360,
			atout = 0,
			rmix = 0,
		},
		userprops =
		{
			category = "Audio",
			Priority = "Steps_4",
		}
	},

	{
		entity_name = "Char_Trent_fs_mr_hard03",
		type = SOUND,
		template_name = "fs_mr_hard03",
		lt_grp = 0, srt_grp = 0, usr_flg = 0,
		spatialprops =
		{
			pos = { 0, 0, 0 },
			orient = { { 1, 0, 0 }, { 0, 1, 0 }, { 0, 0, 1 } }
		},
		audioprops =
		{
			attenuation = -30,
			pan = 0,
			dmin = 50,
			dmax = 300,
			ain = 360,
			aout = 360,
			atout = 0,
			rmix = 0,
		},
		userprops =
		{
			category = "Audio",
			Priority = "Steps_4",
		}
	},

	{
		entity_name = "Char_Trent_fs_mr_hard04",
		type = SOUND,
		template_name = "fs_mr_hard04",
		lt_grp = 0, srt_grp = 0, usr_flg = 0,
		spatialprops =
		{
			pos = { 0, 0, 0 },
			orient = { { 1, 0, 0 }, { 0, 1, 0 }, { 0, 0, 1 } }
		},
		audioprops =
		{
			attenuation = -30,
			pan = 0,
			dmin = 50,
			dmax = 300,
			ain = 360,
			aout = 360,
			atout = 0,
			rmix = 0,
		},
		userprops =
		{
			category = "Audio",
			Priority = "Steps_4",
		}
	},

	{
		entity_name = "Char_Trent_fx_fstop_male02",
		type = SOUND,
		template_name = "sfx_fstop_male02",
		lt_grp = 0, srt_grp = 0, usr_flg = 0,
		spatialprops =
		{
			pos = { 0, 0, 0 },
			orient = { { 1, 0, 0 }, { 0, 1, 0 }, { 0, 0, 1 } }
		},
		audioprops =
		{
			attenuation = -20,
			pan = 0,
			dmin = 50,
			dmax = 300,
			ain = 360,
			aout = 360,
			atout = 0,
			rmix = 0,
		},
		userprops =
		{
			category = "Audio",
		}
	},

	{
		entity_name = "dx_s012x_0101_Lonnigan",
		type = SOUND,
		template_name = "dx_s012x_0101_Lonnigan",
		lt_grp = 0, srt_grp = 0, usr_flg = 0,
		spatialprops =
		{
			pos = { 0, 0, 0 },
			orient = { { 1, 0, 0 }, { 0, 1, 0 }, { 0, 0, 1 } }
		},
		audioprops =
		{
			attenuation = 0,
			pan = 0,
			dmin = 50,
			dmax = 300,
			ain = 360,
			aout = 360,
			atout = 0,
			rmix = 0,
		},
		userprops =
		{
			category = "Audio",
		}
	},

	{
		entity_name = "Char_Lonnigan_sfx_fturn_male01",
		type = SOUND,
		template_name = "sfx_fturn_male01",
		lt_grp = 0, srt_grp = 0, usr_flg = 0,
		spatialprops =
		{
			pos = { 0, 0, 0 },
			orient = { { 1, 0, 0 }, { 0, 1, 0 }, { 0, 0, 1 } }
		},
		audioprops =
		{
			attenuation = 0,
			pan = 0,
			dmin = 50,
			dmax = 300,
			ain = 360,
			aout = 360,
			atout = 0,
			rmix = 0,
		},
		userprops =
		{
			category = "Audio",
			Priority = "Steps_4",
		}
	},

	{
		entity_name = "Cam_Monitor_s012xa_static",
		type = MONITOR,
		template_name = "",
		lt_grp = 0, srt_grp = 0, usr_flg = 0,
		userprops =
		{
			Priority = "Monitor_Static_1",
		}
	},

	{
		entity_name = "Cam_03_Lonn_static_mon_01",
		type = CAMERA,
		template_name = "",
		lt_grp = 0, srt_grp = 0, usr_flg = 0,
		flags = HIDDEN,
		spatialprops =
		{
			pos = { 46.59137, 1.716785, -103.5178 },
			orient = { {  0.118450,  0.000000,  0.992960 },
					   {  0.077449,  0.996953, -0.009239 },
					   { -0.989935,  0.077998,  0.118089 } }
		},
		cameraprops =
		{
			fovh = 18,
			hvaspect = 1.85,
			nearplane = 0.4,
			farplane = 7000
		}
	},

	{
		entity_name = "Cam_03_Lonn_static_mon_02",
		type = CAMERA,
		template_name = "",
		lt_grp = 0, srt_grp = 0, usr_flg = 0,
		flags = HIDDEN,
		spatialprops =
		{
			pos = { 43.97406, 0.636328, -104.7203 },
			orient = { { -0.343258,  0.308113,  0.887266 },
					   { -0.042246,  0.938641, -0.342298 },
					   { -0.938290, -0.154980, -0.309180 } }
		},
		cameraprops =
		{
			fovh = 18,
			hvaspect = 1.85,
			nearplane = 0.4,
			farplane = 7000
		}
	},

	{
		entity_name = "Cam_05_Lonn_static_mon_01",
		type = CAMERA,
		template_name = "",
		lt_grp = 0, srt_grp = 0, usr_flg = 0,
		flags = HIDDEN,
		spatialprops =
		{
			pos = { 46.43023, 1.748076, -103.2987 },
			orient = { {  0.031854,  0.000000,  0.999493 },
					   {  0.119931,  0.992775, -0.003822 },
					   { -0.992271,  0.119992,  0.031624 } }
		},
		cameraprops =
		{
			fovh = 20,
			hvaspect = 1.85,
			nearplane = 0.4,
			farplane = 7000
		}
	},

	{
		entity_name = "Cam_05_Lonn_static_mon_02",
		type = CAMERA,
		template_name = "",
		lt_grp = 0, srt_grp = 0, usr_flg = 0,
		flags = HIDDEN,
		spatialprops =
		{
			pos = { 44.72259, 1.637906, -103.5232 },
			orient = { {  0.126753,  0.000001,  0.991934 },
					   {  0.101325,  0.994769, -0.012949 },
					   { -0.986746,  0.102149,  0.126090 } }
		},
		cameraprops =
		{
			fovh = 25,
			hvaspect = 1.85,
			nearplane = 0.4,
			farplane = 7000
		}
	},

	{
		entity_name = "Cam_01_static_mon_01",
		type = CAMERA,
		template_name = "",
		lt_grp = 0, srt_grp = 0, usr_flg = 0,
		flags = HIDDEN,
		spatialprops =
		{
			pos = { 51.14149, 0.053767, -97.5517 },
			orient = { {  0.916183,  0.000000, -0.400760 },
					   {  0.098623,  0.969247,  0.225464 },
					   {  0.388435, -0.246091,  0.888008 } }
		},
		cameraprops =
		{
			fovh = 20,
			hvaspect = 1.85,
			nearplane = 0.4,
			farplane = 7000
		}
	},

	{
		entity_name = "Cam_01_static_mon_02",
		type = CAMERA,
		template_name = "",
		lt_grp = 0, srt_grp = 0, usr_flg = 0,
		flags = HIDDEN,
		spatialprops =
		{
			pos = { 48.24453, 1.536554, -100.8273 },
			orient = { { -0.144762,  0.000000,  0.989466 },
					   {  0.061994,  0.998035,  0.009070 },
					   { -0.987523,  0.062654, -0.144478 } }
		},
		cameraprops =
		{
			fovh = 25,
			hvaspect = 1.85,
			nearplane = 0.4,
			farplane = 7000
		}
	},

	{
		entity_name = "Cam_01_static_mon_03",
		type = CAMERA,
		template_name = "",
		lt_grp = 0, srt_grp = 0, usr_flg = 0,
		flags = HIDDEN,
		spatialprops =
		{
			pos = { 45.25868, 1.490378, -104.5575 },
			orient = { { -0.435168,  0.000001,  0.900349 },
					   {  0.101729,  0.993596,  0.049168 },
					   { -0.894584,  0.112988, -0.432382 } }
		},
		cameraprops =
		{
			fovh = 30,
			hvaspect = 1.85,
			nearplane = 0.4,
			farplane = 7000
		}
	},

	{
		entity_name = "sfx_backgroundambient_1",
		type = SOUND,
		template_name = "backgroundambient",
		lt_grp = 0, srt_grp = 0, usr_flg = 0,
		spatialprops =
		{
			pos = { 0, 0, 0 },
			orient = { { 1, 0, 0 }, { 0, 1, 0 }, { 0, 0, 1 } }
		},
		audioprops =
		{
			attenuation = 0,
			pan = 0,
			dmin = 50,
			dmax = 300,
			ain = 360,
			aout = 360,
			atout = 0,
			rmix = 0,
		},
		userprops =
		{
			category = "Audio",
		}
	},

	{
		entity_name = "Mk_Scene_Center_old",
		type = MARKER,
		template_name = "",
		lt_grp = 0, srt_grp = 0, usr_flg = 0,
		spatialprops =
		{
			pos = { 47.40039, 0.972884, -102.983 },
			orient = { {  0.688023,  0.000000, -0.725689 },
					   {  0.000000,  1.000000,  0.000000 },
					   {  0.725689,  0.000000,  0.688023 } }
		}
	},

	{
		entity_name = "Mk_offscreen",
		type = MARKER,
		template_name = "",
		lt_grp = 0, srt_grp = 0, usr_flg = 0,
		spatialprops =
		{
			pos = { -330.4691, 0.932673, 180.138 },
			orient = { { -0.436656,  0.000000, -0.899628 },
					   {  0.000000,  1.000000,  0.000000 },
					   {  0.899628,  0.000000, -0.436656 } }
		}
	},

	{
		entity_name = "Char_Tr_Mk_loc_01",
		type = MARKER,
		template_name = "",
		lt_grp = 0, srt_grp = 0, usr_flg = 0,
		spatialprops =
		{
			pos = { 53.52161, 0.94702, -97.23934 },
			orient = { {  0.695427,  0.000000, -0.718597 },
					   {  0.000000,  1.000000,  0.000000 },
					   {  0.718597,  0.000000,  0.695427 } }
		}
	},

	{
		entity_name = "Char_Tr_Mk_IKeyes",
		type = MARKER,
		template_name = "",
		lt_grp = 0, srt_grp = 0, usr_flg = 0,
		spatialprops =
		{
			pos = { 39.7356, 1.635911, -95.55448 },
			orient = { { -0.799462,  0.000000, -0.600717 },
					   {  0.000000,  1.000000,  0.000000 },
					   {  0.600717,  0.000000, -0.799462 } }
		}
	},

	{
		entity_name = "Char_Tr_Mk_loc_02_lonn",
		type = MARKER,
		template_name = "",
		lt_grp = 0, srt_grp = 0, usr_flg = 0,
		spatialprops =
		{
			pos = { 47.24003, 0.972884, -103.4325 },
			orient = { {  0.688023,  0.000000, -0.725689 },
					   {  0.000000,  1.000000,  0.000000 },
					   {  0.725689,  0.000000,  0.688023 } }
		}
	},

	{
		entity_name = "Char_Tr_Mk_IKheadNod_03",
		type = MARKER,
		template_name = "",
		lt_grp = 0, srt_grp = 0, usr_flg = 0,
		spatialprops =
		{
			pos = { 46.52669, 1.513521, -103.243 },
			orient = { {  0.746384,  0.000000, -0.665515 },
					   {  0.000000,  1.000000,  0.000000 },
					   {  0.665515,  0.000000,  0.746384 } }
		}
	},

	{
		entity_name = "Char_Lonn_Mk_loc_02_Trent",
		type = MARKER,
		template_name = "",
		lt_grp = 0, srt_grp = 0, usr_flg = 0,
		spatialprops =
		{
			pos = { 48.40718, 0.96898, -103.41 },
			orient = { { -0.395561,  0.000000, -0.918440 },
					   {  0.000000,  1.000000,  0.000000 },
					   {  0.918440,  0.000000, -0.395561 } }
		}
	},

	{
		entity_name = "Mk_Scene_Center_old_copy_1",
		type = MARKER,
		template_name = "",
		lt_grp = 0, srt_grp = 0, usr_flg = 0,
		spatialprops =
		{
			pos = { 39.96943, 0.972884, -95.87285 },
			orient = { { -0.845967,  0.000000, -0.533236 },
					   {  0.000000,  1.000000,  0.000000 },
					   {  0.533236,  0.000000, -0.845967 } }
		}
	},

	{
		entity_name = "Mk_Scene_Center_new",
		type = MARKER,
		template_name = "",
		lt_grp = 0, srt_grp = 0, usr_flg = 0,
		spatialprops =
		{
			pos = { 47.24003, 0.972884, -103.4325 },
