duration = 57.812;

entities =
{

	{
		entity_name = "Layer_Scene_s015x_pl_03_Bar",
		type = SCENE,
		template_name = "",
		lt_grp = 0, srt_grp = 0, usr_flg = 0,
		spatialprops =
		{
			pos = { 0, 0, 0 },
			orient = { { 1, 0, 0 }, { 0, 1, 0 }, { 0, 0, 1 } }
		},
		up = Y_AXIS,
		front = Z_AXIS,
		ambient = { 0, 0, 0 }
	},

	{
		entity_name = "Char_Juni",
		type = DEFORMABLE,
		template_name = "juni",
		lt_grp = 1, srt_grp = 0, usr_flg = 0,
		flags = LIT_DYNAMIC,
		spatialprops =
		{
			pos = { 5.157214, 0, 0.656386 },
			orient = { {  0.955840,  0.000000,  0.293887 },
					   {  0.000000,  1.000000,  0.000000 },
					   { -0.293887,  0.000000,  0.955840 } }
		},
		compoundprops =
		{
			floor_height = 0
		},
		userprops =
		{
			actor = "juni",
			category = "Character",
		}
	},

	{
		entity_name = "Char_Trent",
		type = DEFORMABLE,
		template_name = "trent",
		lt_grp = 1, srt_grp = 0, usr_flg = 0,
		flags = LIT_DYNAMIC,
		spatialprops =
		{
			pos = { 5.261384, 0, -8.059472 },
			orient = { { -0.999385,  0.000000,  0.035074 },
					   {  0.000000,  1.000000,  0.000000 },
					   { -0.035074,  0.000000, -0.999385 } }
		},
		compoundprops =
		{
			floor_height = 0
		},
		userprops =
		{
			actor = "Player",
			category = "Character",
		}
	},

	{
		entity_name = "Char_Walker",
		type = DEFORMABLE,
		template_name = "walker",
		lt_grp = 1, srt_grp = 0, usr_flg = 0,
		flags = LIT_DYNAMIC,
		spatialprops =
		{
			pos = { 6.066647, 0, 0.587459 },
			orient = { {  0.644019,  0.000000, -0.765009 },
					   {  0.000000,  1.000000,  0.000000 },
					   {  0.765009,  0.000000,  0.644019 } }
		},
		compoundprops =
		{
			floor_height = 0
		},
		userprops =
		{
			actor = "walker",
			category = "Character",
		}
	},

	{
		entity_name = "Z_dx_s015x_0201_Trent",
		type = SOUND,
		template_name = "dx_s015x_0201_Trent",
		lt_grp = 0, srt_grp = 0, usr_flg = 0,
		spatialprops =
		{
			pos = { 0, 0, 0 },
			orient = { { 1, 0, 0 }, { 0, 1, 0 }, { 0, 0, 1 } }
		},
		audioprops =
		{
			attenuation = -1,
			pan = 0,
			dmin = 50,
			dmax = 1000,
			ain = 180,
			aout = 180,
			atout = 0,
			rmix = 0,
		},
		userprops =
		{
			category = "Audio",
		}
	},

	{
		entity_name = "Z_dx_s015x_0301_Walker",
		type = SOUND,
		template_name = "dx_s015x_0301_Walker",
		lt_grp = 0, srt_grp = 0, usr_flg = 0,
		spatialprops =
		{
			pos = { 0, 0, 0 },
			orient = { { 1, 0, 0 }, { 0, 1, 0 }, { 0, 0, 1 } }
		},
		audioprops =
		{
			attenuation = -1,
			pan = 0,
			dmin = 50,
			dmax = 1000,
			ain = 180,
			aout = 180,
			atout = 0,
			rmix = 0,
		},
		userprops =
		{
			category = "Audio",
		}
	},

	{
		entity_name = "Z_dx_s015x_0501_Walker",
		type = SOUND,
		template_name = "dx_s015x_0501_Walker",
		lt_grp = 0, srt_grp = 0, usr_flg = 0,
		spatialprops =
		{
			pos = { 0, 0, 0 },
			orient = { { 1, 0, 0 }, { 0, 1, 0 }, { 0, 0, 1 } }
		},
		audioprops =
		{
			attenuation = -4,
			pan = 0,
			dmin = 50,
			dmax = 1000,
			ain = 360,
			aout = 360,
			atout = 0,
			rmix = 0,
		},
		userprops =
		{
			category = "Audio",
		}
	},

	{
		entity_name = "Z_dx_s015x_0502_Walker",
		type = SOUND,
		template_name = "dx_s015x_0502_Walker",
		lt_grp = 0, srt_grp = 0, usr_flg = 0,
		spatialprops =
		{
			pos = { 0, 0, 0 },
			orient = { { 1, 0, 0 }, { 0, 1, 0 }, { 0, 0, 1 } }
		},
		audioprops =
		{
			attenuation = -4,
			pan = 0,
			dmin = 50,
			dmax = 1000,
			ain = 360,
			aout = 360,
			atout = 0,
			rmix = 0,
		},
		userprops =
		{
			category = "Audio",
		}
	},

	{
		entity_name = "Z_dx_s015x_0601_Trent",
		type = SOUND,
		template_name = "dx_s015x_0601_Trent",
		lt_grp = 0, srt_grp = 0, usr_flg = 0,
		spatialprops =
		{
			pos = { 0, 0, 0 },
			orient = { { 1, 0, 0 }, { 0, 1, 0 }, { 0, 0, 1 } }
		},
		audioprops =
		{
			attenuation = 0,
			pan = 0,
			dmin = 50,
			dmax = 1000,
			ain = 360,
			aout = 360,
			atout = 0,
			rmix = 0,
		},
		userprops =
		{
			category = "Audio",
		}
	},

	{
		entity_name = "Z_dx_s015x_0701_Walker",
		type = SOUND,
		template_name = "dx_s015x_0701_Walker",
		lt_grp = 0, srt_grp = 0, usr_flg = 0,
		spatialprops =
		{
			pos = { 0, 0, 0 },
			orient = { { 1, 0, 0 }, { 0, 1, 0 }, { 0, 0, 1 } }
		},
		audioprops =
		{
			attenuation = -4,
			pan = 0,
			dmin = 50,
			dmax = 1000,
			ain = 360,
			aout = 360,
			atout = 0,
			rmix = 0,
		},
		userprops =
		{
			category = "Audio",
		}
	},

	{
		entity_name = "Z_dx_s015x_0702_Walker",
		type = SOUND,
		template_name = "dx_s015x_0702_Walker",
		lt_grp = 0, srt_grp = 0, usr_flg = 0,
		spatialprops =
		{
			pos = { 0, 0, 0 },
			orient = { { 1, 0, 0 }, { 0, 1, 0 }, { 0, 0, 1 } }
		},
		audioprops =
		{
			attenuation = -4,
			pan = 0,
			dmin = 50,
			dmax = 1000,
			ain = 360,
			aout = 360,
			atout = 0,
			rmix = 0,
		},
		userprops =
		{
			category = "Audio",
		}
	},

	{
		entity_name = "Z_dx_s015x_0703_Walker",
		type = SOUND,
		template_name = "dx_s015x_0703_Walker",
		lt_grp = 0, srt_grp = 0, usr_flg = 0,
		spatialprops =
		{
			pos = { 0, 0, 0 },
			orient = { { 1, 0, 0 }, { 0, 1, 0 }, { 0, 0, 1 } }
		},
		audioprops =
		{
			attenuation = -4,
			pan = 0,
			dmin = 50,
			dmax = 1000,
			ain = 360,
			aout = 360,
			atout = 0,
			rmix = 0,
		},
		userprops =
		{
			category = "Audio",
		}
	},

	{
		entity_name = "Z_dx_s015x_0801_Trent",
		type = SOUND,
		template_name = "dx_s015x_0801_Trent",
		lt_grp = 0, srt_grp = 0, usr_flg = 0,
		spatialprops =
		{
			pos = { 0, 0, 0 },
			orient = { { 1, 0, 0 }, { 0, 1, 0 }, { 0, 0, 1 } }
		},
		audioprops =
		{
			attenuation = -1,
			pan = 0,
			dmin = 50,
			dmax = 1000,
			ain = 360,
			aout = 360,
			atout = 0,
			rmix = 0,
		},
		userprops =
		{
			category = "Audio",
		}
	},

	{
		entity_name = "Z_dx_s015x_0901_Walker",
		type = SOUND,
		template_name = "dx_s015x_0901_Walker",
		lt_grp = 0, srt_grp = 0, usr_flg = 0,
		spatialprops =
		{
			pos = { 0, 0, 0 },
			orient = { { 1, 0, 0 }, { 0, 1, 0 }, { 0, 0, 1 } }
		},
		audioprops =
		{
			attenuation = -4,
			pan = 0,
			dmin = 50,
			dmax = 1000,
			ain = 360,
			aout = 360,
			atout = 0,
			rmix = 0,
		},
		userprops =
		{
			category = "Audio",
		}
	},

	{
		entity_name = "Z_dx_s015x_1001_Walker",
		type = SOUND,
		template_name = "dx_s015x_1001_Walker",
		lt_grp = 0, srt_grp = 0, usr_flg = 0,
		spatialprops =
		{
			pos = { 0, 0, 0 },
			orient = { { 1, 0, 0 }, { 0, 1, 0 }, { 0, 0, 1 } }
		},
		audioprops =
		{
			attenuation = -4,
			pan = 0,
			dmin = 50,
			dmax = 1000,
			ain = 360,
			aout = 360,
			atout = 0,
			rmix = 0,
		},
		userprops =
		{
			category = "Audio",
		}
	},

	{
		entity_name = "Z_dx_s015x_0101_juni",
		type = SOUND,
		template_name = "dx_s015x_0101_juni",
		lt_grp = 0, srt_grp = 0, usr_flg = 0,
		spatialprops =
		{
			pos = { 0, 0, 0 },
			orient = { { 1, 0, 0 }, { 0, 1, 0 }, { 0, 0, 1 } }
		},
		audioprops =
		{
			attenuation = -3,
			pan = 0,
			dmin = 50,
			dmax = 1000,
			ain = 360,
			aout = 360,
			atout = 0,
			rmix = 0,
		},
		userprops =
		{
			category = "Audio",
		}
	},

	{
		entity_name = "Z_dx_s015x_0401_juni",
		type = SOUND,
		template_name = "dx_s015x_0401_juni",
		lt_grp = 0, srt_grp = 0, usr_flg = 0,
		spatialprops =
		{
			pos = { 0, 0, 0 },
			orient = { { 1, 0, 0 }, { 0, 1, 0 }, { 0, 0, 1 } }
		},
		audioprops =
		{
			attenuation = -1,
			pan = 0,
			dmin = 50,
			dmax = 1000,
			ain = 360,
			aout = 360,
			atout = 0,
			rmix = 0,
		},
		userprops =
		{
			category = "Audio",
		}
	},

	{
		entity_name = "Z_dx_s015x_0402_juni",
		type = SOUND,
		template_name = "dx_s015x_0402_juni",
		lt_grp = 0, srt_grp = 0, usr_flg = 0,
		spatialprops =
		{
			pos = { 0, 0, 0 },
			orient = { { 1, 0, 0 }, { 0, 1, 0 }, { 0, 0, 1 } }
		},
		audioprops =
		{
			attenuation = -1,
			pan = 0,
			dmin = 50,
			dmax = 1000,
			ain = 360,
			aout = 360,
			atout = 0,
			rmix = 0,
		},
		userprops =
		{
			category = "Audio",
		}
	},

	{
		entity_name = "Cam_Monitor_s015x",
		type = MONITOR,
		template_name = "",
		lt_grp = 0, srt_grp = 0, usr_flg = 0,
		userprops =
		{
			Priority = "Monitor_Moving_1",
		}
	},

	{
		entity_name = "Char_Trent_Mrk_walkup",
		type = MARKER,
		template_name = "",
		lt_grp = 0, srt_grp = 0, usr_flg = 0,
		spatialprops =
		{
			pos = { 5.898782, 0, -0.955614 },
			orient = { { -0.918847,  0.000000, -0.394614 },
					   {  0.000000,  1.000000,  0.000000 },
					   {  0.394614,  0.000000, -0.918847 } }
		}
	},

	{
		entity_name = "Z_dx_s015x_1201_juni_1",
		type = SOUND,
		template_name = "dx_s015x_1201_juni",
		lt_grp = 0, srt_grp = 0, usr_flg = 0,
		spatialprops =
		{
			pos = { 0, 0, 0 },
			orient = { { 1, 0, 0 }, { 0, 1, 0 }, { 0, 0, 1 } }
		},
		audioprops =
		{
			attenuation = -1,
			pan = 0,
			dmin = 50,
			dmax = 1000,
			ain = 360,
			aout = 360,
			atout = 0,
			rmix = 0,
		},
		userprops =
		{
			category = "Audio",
		}
	},

	{
		entity_name = "Char_Juni_Mrk_LookAt",
		type = MARKER,
		template_name = "",
		lt_grp = 0, srt_grp = 0, usr_flg = 0,
		spatialprops =
		{
			pos = { 6.069254, 1.708634, 0.523566 },
			orient = { {  0.334409,  0.000000, -0.942428 },
					   {  0.000000,  1.000000,  0.000000 },
					   {  0.942428,  0.000000,  0.334409 } }
		}
	},

	{
		entity_name = "Char_Juni_Mrk_LookAt_Trent_Door",
		type = MARKER,
		template_name = "",
		lt_grp = 0, srt_grp = 0, usr_flg = 0,
		spatialprops =
		{
			pos = { 5.284678, 1.692124, -6.831949 },
			orient = { { -0.999681,  0.000000,  0.025239 },
					   {  0.000000,  1.000000,  0.000000 },
					   { -0.025239,  0.000000, -0.999681 } }
		}
	},

	{
		entity_name = "Char_Juni_Mrk_Root",
		type = MARKER,
		template_name = "",
		lt_grp = 0, srt_grp = 0, usr_flg = 0,
		spatialprops =
		{
			pos = { 5.157214, 0.960122, 0.656386 },
			orient = { {  0.955840,  0.000000,  0.293887 },
					   {  0.000000,  1.000000,  0.000000 },
					   { -0.293887,  0.000000,  0.955840 } }
		}
	},

	{
		entity_name = "Char_Walker_Mrk_Root",
		type = MARKER,
		template_name = "",
		lt_grp = 0, srt_grp = 0, usr_flg = 0,
		spatialprops =
		{
			pos = { 6.071203, 0.969072, 0.539105 },
			orient = { {  0.382632,  0.000000, -0.923901 },
					   {  0.000000,  1.000000,  0.000000 },
					   {  0.923901,  0.000000,  0.382632 } }
		}
	},

	{
		entity_name = "Char_Walker_Mrk_LookAtTrent",
		type = MARKER,
		template_name = "",
		lt_grp = 0, srt_grp = 0, usr_flg = 0,
		spatialprops =
		{
			pos = { 5.167862, 1.718444, -0.079171 },
			orient = { {  0.207567,  0.000000, -0.978221 },
					   {  0.000000,  1.000000,  0.000000 },
					   {  0.978221,  0.000000,  0.207567 } }
		}
	},

	{
		entity_name = "Cam_D_CU_1",
		type = CAMERA,
		template_name = "",
		lt_grp = 0, srt_grp = 0, usr_flg = 0,
		flags = HIDDEN,
		spatialprops =
		{
			pos = { 5.250136, 1.730499, 0.718738 },
			orient = { {  0.894142,  0.000000,  0.447783 },
					   {  0.040661,  0.995869, -0.081193 },
					   { -0.445933,  0.090805,  0.890448 } }
		},
		cameraprops =
		{
			fovh = 20,
			hvaspect = 1.85,
			nearplane = 0.3,
			farplane = 3000
		}
	},

	{
		entity_name = "Char_Walker_Mrk_LookAtJuni",
		type = MARKER,
		template_name = "",
		lt_grp = 0, srt_grp = 0, usr_flg = 0,
		spatialprops =
		{
			pos = { 5.122888, 1.535432, 0.729789 },
			orient = { {  0.207567,  0.000000, -0.978221 },
					   {  0.000000,  1.000000,  0.000000 },
					   {  0.978221,  0.000000,  0.207567 } }
		}
	},

	{
		entity_name = "Char_Juni_Mrk_LookAt_Trent",
		type = MARKER,
		template_name = "",
		lt_grp = 0, srt_grp = 0, usr_flg = 0,
		spatialprops =
		{
			pos = { 5.696594, 1.694585, -0.225731 },
			orient = { { -0.923610,  0.000000, -0.383335 },
					   {  0.000000,  1.000000,  0.000000 },
					   {  0.383335,  0.000000, -0.923610 } }
		}
	},

	{
		entity_name = "Char_Juni_Mrk_LookAt_Trent_Path",
		type = MOTION_PATH,
		template_name = "",
		lt_grp = 0, srt_grp = 0, usr_flg = 0,
		spatialprops =
		{
			pos = { 0, 0, 0 },
			orient = { { 1, 0, 0 }, { 0, 1, 0 }, { 0, 0, 1 } }
		},
		pathprops =
		{
			path_type = "CV_CROrientationSplinePath",
			path_data = "OPEN,{3.994728,1.692124,-6.849084}, {-0.012621,0.000000,0.999920,0.000000}, {5.239376,1.693355,-3.730112}, {0.091911,0.000000,0.995767,0.000000}, {5.696594,1.694585,-0.225731}, {0.195436,0.000000,0.980716,0.000000}, "
		}
	},

	{
		entity_name = "Char_Walker_Mrk_LookAt",
		type = MARKER,
		template_name = "",
		lt_grp = 0, srt_grp = 0, usr_flg = 0,
		spatialprops =
		{
			pos = { 5.696594, 1.694585, -0.225731 },
			orient = { {  0.334409,  0.000000, -0.942428 },
					   {  0.000000,  1.000000,  0.000000 },
					   {  0.942428,  0.000000,  0.334409 } }
		}
	},

	{
		entity_name = "Char_Trent_Mrk_LookAt_Walker",
		type = MARKER,
		template_name = "",
		lt_grp = 0, srt_grp = 0, usr_flg = 0,
		spatialprops =
		{
			pos = { 6.069254, 1.708634, 0.523566 },
			orient = { {  0.334409,  0.000000, -0.942428 },
					   {  0.000000,  1.000000,  0.000000 },
					   {  0.942428,  0.000000,  0.334409 } }
		}
	},

	{
		entity_name = "Char_Trent_Mrk_LookAt_Juni",
		type = MARKER,
		template_name = "",
		lt_grp = 0, srt_grp = 0, usr_flg = 0,
		spatialprops =
		{
			pos = { 5.122888, 1.535432, 0.729789 },
			orient = { {  0.207567,  0.000000, -0.978221 },
					   {  0.000000,  1.000000,  0.000000 },
					   {  0.978221,  0.000000,  0.207567 } }
		}
	},

	{
		entity_name = "Char_Trent_Mrk_LookAt_Moving",
		type = MARKER,
		template_name = "",
		lt_grp = 0, srt_grp = 0, usr_flg = 0,
		spatialprops =
		{
			pos = { 5.122888, 1.535432, 0.729789 },
			orient = { {  0.207567,  0.000000, -0.978221 },
					   {  0.000000,  1.000000,  0.000000 },
					   {  0.978221,  0.000000,  0.207567 } }
		}
	},

	{
		entity_name = "Char_Walker_Mrk_LookAt_Head",
		type = MARKER,
		template_name = "",
		lt_grp = 0, srt_grp = 0, usr_flg = 0,
		spatialprops =
		{
			pos = { 6.069254, 1.708634, 0.523566 },
			orient = { {  0.334409,  0.000000, -0.942428 },
					   {  0.000000,  1.000000,  0.000000 },
					   {  0.942428,  0.000000,  0.334409 } }
		}
	},

	{
		entity_name = "Cam_C",
		type = CAMERA,
		template_name = "",
		lt_grp = 0, srt_grp = 0, usr_flg = 0,
		flags = HIDDEN,
		spatialprops =
		{
			pos = { 5.312173, 1.613234, 1.694494 },
			orient = { {  0.988540,  0.000000,  0.150958 },
					   {  0.016007,  0.994362, -0.104823 },
					   { -0.150107,  0.106038,  0.982967 } }
		},
		cameraprops =
		{
			fovh = 30,
			hvaspect = 1.85,
			nearplane = 0.45,
			farplane = 4000
		}
	},

	{
		entity_name = "Char_Trent_Mrk_LookAt_2",
		type = MARKER,
		template_name = "",
		lt_grp = 0, srt_grp = 0, usr_flg = 0,
		spatialprops =
		{
			pos = { 5.891212, 1.646378, 0.645894 },
			orient = { {  0.207567,  0.000000, -0.978221 },
					   {  0.000000,  1.000000,  0.000000 },
					   {  0.978221,  0.000000,  0.207567 } }
		}
	},

	{
		entity_name = "Char_Juni_Mrk_LookAt_offset",
		type = MARKER,
		template_name = "",
		lt_grp = 0, srt_grp = 0, usr_flg = 0,
		spatialprops =
		{
			pos = { 6.024278, 1.708634, 0.143928 },
			orient = { {  0.334409,  0.000000, -0.942428 },
					   {  0.000000,  1.000000,  0.000000 },
					   {  0.942428,  0.000000,  0.334409 } }
		}
	},

	{
		entity_name = "Cam_A2",
		type = CAMERA,
		template_name = "",
		lt_grp = 0, srt_grp = 0, usr_flg = 0,
		flags = HIDDEN,
		spatialprops =
		{
			pos = { 4.79554, 1.622033, -6.726999 },
			orient = { { -0.901656,  0.000000,  0.432454 },
					   {  0.025474,  0.998264,  0.053113 },
					   { -0.431703,  0.058906, -0.900090 } }
		},
		cameraprops =
		{
			fovh = 30,
			hvaspect = 1.85,
			nearplane = 0.3,
			farplane = 5000
		}
	},

	{
		entity_name = "Cam_D_CU_2",
		type = CAMERA,
		template_name = "",
		lt_grp = 0, srt_grp = 0, usr_flg = 0,
		flags = HIDDEN,
		spatialprops =
		{
			pos = { 5.615845, 1.71401, 0.609083 },
			orient = { {  0.988421,  0.000000,  0.151736 },
					   {  0.009526,  0.998027, -0.062055 },
					   { -0.151437,  0.062782,  0.986471 } }
		},
		cameraprops =
		{
			fovh = 20,
			hvaspect = 1.85,
			nearplane = 0.7,
			farplane = 3000
		}
	},

	{
		entity_name = "Cam_C_Path",
		type = MOTION_PATH,
		template_name = "",
		lt_grp = 0, srt_grp = 0, usr_flg = 0,
		flags = HIDDEN,
		spatialprops =
		{
			pos = { 0, 0, 0 },
			orient = { { 1, 0, 0 }, { 0, 1, 0 }, { 0, 0, 1 } }
		},
		pathprops =
		{
			path_type = "CV_CROrientationSplinePath",
			path_data = "OPEN,{5.312173,1.613234,1.694494}, {0.995724,-0.052942,-0.075590,-0.004019}, {4.482977,1.612837,0.789224}, {0.846051,-0.053859,-0.529910,-0.022178}, {4.654976,1.612440,-0.273238}, {0.609978,-0.020818,-0.791684,-0.027019}, "
		}
	},

	{
		entity_name = "Cam_E_Wide_3Shot",
		type = CAMERA,
		template_name = "",
		lt_grp = 0, srt_grp = 0, usr_flg = 0,
		flags = HIDDEN,
		spatialprops =
		{
			pos = { 4.217381, 1.682789, -0.294713 },
			orient = { { -0.398129,  0.000000,  0.917329 },
					   {  0.160203,  0.984632,  0.069530 },
					   { -0.903232,  0.174641, -0.392011 } }
		},
		cameraprops =
		{
			fovh = 30,
			hvaspect = 1.85,
			nearplane = 0.5,
			farplane = 3000
		}
	},

	{
		entity_name = "Cam_B",
		type = CAMERA,
		template_name = "",
		lt_grp = 0, srt_grp = 0, usr_flg = 0,
		flags = HIDDEN,
		spatialprops =
		{
			pos = { 4.474107, 1.754404, -1.043105 },
			orient = { { -0.694369,  0.000000,  0.719619 },
					   {  0.170877,  0.971398,  0.164882 },
					   { -0.699037,  0.237455, -0.674509 } }
		},
		cameraprops =
		{
			fovh = 30,
			hvaspect = 1.85,
			nearplane = 0.6,
			farplane = 3000
		}
	},

	{
		entity_name = "Cam_B_End",
		type = CAMERA,
		template_name = "",
		lt_grp = 0, srt_grp = 0, usr_flg = 0,
		flags = HIDDEN,
		spatialprops =
		{
			pos = { 4.801096, 1.66652, -0.148405 },
			orient = { { -0.149740,  0.000000,  0.988725 },
					   {  0.091504,  0.995708,  0.013858 },
					   { -0.984482,  0.092547, -0.149097 } }
		},
		cameraprops =
		{
			fovh = 30,
			hvaspect = 1.85,
			nearplane = 0.5,
			farplane = 3000
		}
	},

	{
		entity_name = "Mrk_Char_Offscreen",
		type = MARKER,
		template_name = "",
		lt_grp = 0, srt_grp = 0, usr_flg = 0,
		spatialprops =
		{
			pos = { -20.24519, 0, 0 },
			orient = { { 1, 0, 0 }, { 0, 1, 0 }, { 0, 0, 1 } }
		}
	},

	{
		entity_name = "Char_Walker_Mrk_LookAtTrent_door",
		type = MARKER,
		template_name = "",
		lt_grp = 0, srt_grp = 0, usr_flg = 0,
		spatialprops =
		{
			pos = { 5.167862, 1.718444, -0.079171 },
			orient = { {  0.207567,  0.000000, -0.978221 },
					   {  0.000000,  1.000000,  0.000000 },
					   {  0.978221,  0.000000,  0.207567 } }
		}
	},

	{
		entity_name = "Char_Trent_Path_LookAt_no",
		type = MOTION_PATH,
		template_name = "",
		lt_grp = 0, srt_grp = 0, usr_flg = 0,
		spatialprops =
		{
			pos = { 5.966967, 1.658298, 0.615263 },
			orient = { {  0.955738, -0.057916, -0.288463 },
					   {  0.060093,  0.998192, -0.001312 },
					   {  0.288017, -0.016081,  0.957490 } }
		},
		pathprops =
		{
			path_type = "CV_CROrientationSplinePath",
			path_data = "OPEN,{0.240005,-0.000005,-0.000001}, {1.000000,0.000000,0.000000,0.000000}, {-0.106072,-0.000001,0.000001}, {1.000000,0.000000,0.000000,0.000000}, "
		}
	},

	{
		entity_name = "Char_Trent_Mrk_LookAt_Nopath",
		type = MARKER,
		template_name = "",
		lt_grp = 0, srt_grp = 0, usr_flg = 0,
		spatialprops =
		{
			pos = { 5.122888, 1.535432, 0.729789 },
			orient = { {  0.207567,  0.000000, -0.978221 },
					   {  0.000000,  1.000000,  0.000000 },
					   {  0.978221,  0.000000,  0.207567 } }
		}
	},

	{
		entity_name = "Cam_E_Wide_3Shot_End",
		type = CAMERA,
		template_name = "",
		lt_grp = 0, srt_grp = 0, usr_flg = 0,
		flags = HIDDEN,
		spatialprops =
		{
			pos = { 4.808185, 1.568556, -0.038299 },
			orient = { {  0.136367,  0.000000,  0.990658 },
					   { -0.000652,  1.000000,  0.000090 },
					   { -0.990658, -0.000658,  0.136367 } }
		},
		cameraprops =
		{
			fovh = 30,
			hvaspect = 1.85,
			nearplane = 0.5,
			farplane = 3000
		}
	},

	{
		entity_name = "Cam_E_Wide_3Shot_PushIn",
		type = CAMERA,
		template_name = "",
		lt_grp = 0, srt_grp = 0, usr_flg = 0,
		flags = HIDDEN,
		spatialprops =
		{
			pos = { 4.217381, 1.682789, -0.294713 },
			orient = { { -0.398129,  0.000000,  0.917329 },
					   {  0.160203,  0.984632,  0.069530 },
					   { -0.903232,  0.174641, -0.392011 } }
		},
		cameraprops =
		{
			fovh = 30,
			hvaspect = 1.85,
			nearplane = 0.3,
			farplane = 3000
		}
	},

	{
		entity_name = "Char_Juni_Mrk_LookAwayAtEnd",
		type = MARKER,
		template_name = "",
		lt_grp = 0, srt_grp = 0, usr_flg = 0,
		spatialprops =
		{
			pos = { 4.243136, 1.646378, 0.749369 },
			orient = { {  0.207567,  0.000000, -0.978221 },
					   {  0.000000,  1.000000,  0.000000 },
					   {  0.978221,  0.000000,  0.207567 } }
		}
	},

	{
		entity_name = "Char_Trent_Mrk_LookAwayAtEnd",
		type = MARKER,
		template_name = "",
		lt_grp = 0, srt_grp = 0, usr_flg = 0,
		spatialprops =
		{
			pos = { 3.871895, 1.535432, -0.988878 },
			orient = { {  0.207567,  0.000000, -0.978221 },
					   {  0.000000,  1.000000,  0.000000 },
					   {  0.978221,  0.000000,  0.207567 } }
		}
	},

	{
		entity_name = "Char_Trent_fs_ml_hard01",
		type = SOUND,
		template_name = "fs_ml_hard01",
		lt_grp = 0, srt_grp = 0, usr_flg = 0,
		spatialprops =
		{
			pos = { 0, 0, 0 },
			orient = { { 1, 0, 0 }, { 0, 1, 0 }, { 0, 0, 1 } }
		},
		audioprops =
		{
			attenuation = -27,
			pan = -60,
			dmin = 50,
			dmax = 300,
			ain = 360,
			aout = 360,
			atout = 0,
			rmix = 0,
		},
		userprops =
		{
			category = "Audio",
			Priority = "Steps_4",
		}
	},

	{
		entity_name = "Char_Trent_fs_ml_hard02",
		type = SOUND,
		template_name = "fs_ml_hard02",
		lt_grp = 0, srt_grp = 0, usr_flg = 0,
		spatialprops =
		{
			pos = { 0, 0, 0 },
			orient = { { 1, 0, 0 }, { 0, 1, 0 }, { 0, 0, 1 } }
		},
		audioprops =
		{
			attenuation = -27,
			pan = -60,
			dmin = 50,
			dmax = 300,
			ain = 360,
			aout = 360,
			atout = 0,
			rmix = 0,
		},
		userprops =
		{
			category = "Audio",
			Priority = "Steps_4",
		}
	},

	{
		entity_name = "Char_Trent_fs_mr_hard01",
		type = SOUND,
		template_name = "fs_mr_hard01",
		lt_grp = 0, srt_grp = 0, usr_flg = 0,
		spatialprops =
		{
			pos = { 0, 0, 0 },
			orient = { { 1, 0, 0 }, { 0, 1, 0 }, { 0, 0, 1 } }
		},
		audioprops =
		{
			attenuation = -27,
			pan = -60,
			dmin = 50,
			dmax = 300,
			ain = 360,
			aout = 360,
			atout = 0,
			rmix = 0,
		},
		userprops =
		{
			category = "Audio",
			Priority = "Steps_4",
		}
	},

	{
		entity_name = "Char_Trent_fs_mr_hard02",
		type = SOUND,
		template_name = "fs_mr_hard02",
		lt_grp = 0, srt_grp = 0, usr_flg = 0,
		spatialprops =
		{
			pos = { 0, 0, 0 },
			orient = { { 1, 0, 0 }, { 0, 1, 0 }, { 0, 0, 1 } }
		},
		audioprops =
		{
			attenuation = -27,
			pan = -60,
			dmin = 50,
			dmax = 300,
			ain = 360,
			aout = 360,
			atout = 0,
			rmix = 0,
		},
		userprops =
		{
			category = "Audio",
			Priority = "Steps_4",
		}
	},

	{
		entity_name = "Char_Trent_fx_fstop_male01",
		type = SOUND,
		template_name = "sfx_fstop_male01",
		lt_grp = 0, srt_grp = 0, usr_flg = 0,
		spatialprops =
		{
			pos = { 0, 0, 0 },
			orient = { { 1, 0, 0 }, { 0, 1, 0 }, { 0, 0, 1 } }
		},
		audioprops =
		{
			attenuation = -27,
			pan = -60,
			dmin = 50,
			dmax = 300,
			ain = 360,
			aout = 360,
			atout = 0,
			rmix = 0,
		},
		userprops =
		{
			category = "Audio",
			Priority = "Steps_4",
		}
	},

	{
		entity_name = "Char_Juni_fs_fl_hard01",
		type = SOUND,
		template_name = "fs_fl_hard01",
		lt_grp = 0, srt_grp = 0, usr_flg = 0,
		spatialprops =
		{
			pos = { 0, 0, 0 },
			orient = { { 1, 0, 0 }, { 0, 1, 0 }, { 0, 0, 1 } }
		},
		audioprops =
		{
			attenuation = -17,
			pan = 30,
			dmin = 50,
			dmax = 300,
			ain = 360,
			aout = 360,
			atout = 0,
			rmix = 0,
		},
		userprops =
		{
			category = "Audio",
			Priority = "Steps_4",
		}
	},

	{
		entity_name = "Char_Juni_fs_fl_hard02",
		type = SOUND,
		template_name = "fs_fl_hard02",
		lt_grp = 0, srt_grp = 0, usr_flg = 0,
		spatialprops =
		{
			pos = { 0, 0, 0 },
			orient = { { 1, 0, 0 }, { 0, 1, 0 }, { 0, 0, 1 } }
		},
		audioprops =
		{
			attenuation = -17,
			pan = 30,
			dmin = 50,
			dmax = 300,
			ain = 360,
			aout = 360,
			atout = 0,
			rmix = 0,
		},
		userprops =
		{
			category = "Audio",
			Priority = "Steps_4",
		}
	},

	{
		entity_name = "Char_Juni_fs_fl_hard03",
		type = SOUND,
		template_name = "fs_fl_hard03",
		lt_grp = 0, srt_grp = 0, usr_flg = 0,
		spatialprops =
		{
			pos = { 0, 0, 0 },
			orient = { { 1, 0, 0 }, { 0, 1, 0 }, { 0, 0, 1 } }
		},
		audioprops =
		{
			attenuation = -17,
			pan = 30,
			dmin = 50,
			dmax = 300,
			ain = 360,
			aout = 360,
			atout = 0,
			rmix = 0,
		},
		userprops =
		{
			category = "Audio",
			Priority = "Steps_4",
		}
	},

	{
		entity_name = "Char_Juni_fs_fl_hard04",
		type = SOUND,
		template_name = "fs_fl_hard04",
		lt_grp = 0, srt_grp = 0, usr_flg = 0,
		spatialprops =
		{
			pos = { 0, 0, 0 },
			orient = { { 1, 0, 0 }, { 0, 1, 0 }, { 0, 0, 1 } }
		},
		audioprops =
		{
			attenuation = -17,
			pan = 30,
			dmin = 50,
			dmax = 300,
			ain = 360,
			aout = 360,
			atout = 0,
			rmix = 0,
		},
		userprops =
		{
			category = "Audio",
			Priority = "Steps_4",
		}
	},

	{
		entity_name = "Char_Juni_fs_fr_hard01",
		type = SOUND,
		template_name = "fs_fr_hard01",
		lt_grp = 0, srt_grp = 0, usr_flg = 0,
		spatialprops =
		{
			pos = { 0, 0, 0 },
			orient = { { 1, 0, 0 }, { 0, 1, 0 }, { 0, 0, 1 } }
		},
		audioprops =
		{
			attenuation = -17,
			pan = 30,
			dmin = 50,
			dmax = 300,
			ain = 360,
			aout = 360,
			atout = 0,
			rmix = 0,
		},
		userprops =
		{
			category = "Audio",
			Priority = "Steps_4",
		}
	},

	{
		entity_name = "Char_Juni_fs_fr_hard02",
		type = SOUND,
		template_name = "fs_fr_hard02",
		lt_grp = 0, srt_grp = 0, usr_flg = 0,
		spatialprops =
		{
			pos = { 0, 0, 0 },
			orient = { { 1, 0, 0 }, { 0, 1, 0 }, { 0, 0, 1 } }
		},
		audioprops =
		{
			attenuation = -17,
			pan = 30,
			dmin = 50,
			dmax = 300,
			ain = 360,
			aout = 360,
			atout = 0,
			rmix = 0,
		},
		userprops =
		{
			category = "Audio",
			Priority = "Steps_4",
		}
	},

	{
		entity_name = "Char_Juni_fs_fr_hard03",
		type = SOUND,
		template_name = "fs_fr_hard03",
		lt_grp = 0, srt_grp = 0, usr_flg = 0,
		spatialprops =
		{
			pos = { 0, 0, 0 },
			orient = { { 1, 0, 0 }, { 0, 1, 0 }, { 0, 0, 1 } }
		},
		audioprops =
		{
			attenuation = -17,
			pan = 30,
			dmin = 50,
			dmax = 300,
			ain = 360,
			aout = 360,
			atout = 0,
			rmix = 0,
		},
		userprops =
		{
			category = "Audio",
			Priority = "Steps_4",
		}
	},

	{
		entity_name = "Char_Juni_fs_fr_hard04",
		type = SOUND,
		template_name = "fs_fr_hard04",
		lt_grp = 0, srt_grp = 0, usr_flg = 0,
		spatialprops =
		{
			pos = { 0, 0, 0 },
			orient = { { 1, 0, 0 }, { 0, 1, 0 }, { 0, 0, 1 } }
		},
		audioprops =
		{
			attenuation = -20,
			pan = 30,
			dmin = 50,
			dmax = 300,
			ain = 360,
			aout = 360,
			atout = 0,
			rmix = 0,
		},
		userprops =
		{
			category = "Audio",
			Priority = "Steps_4",
		}
	},

	{
		entity_name = "Char_Walker_fs_ml_hard01",
		type = SOUND,
		template_name = "fs_ml_hard01",
		lt_grp = 0, srt_grp = 0, usr_flg = 0,
		spatialprops =
		{
			pos = { 0, 0, 0 },
			orient = { { 1, 0, 0 }, { 0, 1, 0 }, { 0, 0, 1 } }
		},
		audioprops =
		{
			attenuation = -17,
			pan = 0,
			dmin = 50,
			dmax = 300,
			ain = 360,
			aout = 360,
			atout = 0,
			rmix = 0,
		},
		userprops =
		{
			category = "Audio",
			Priority = "Steps_4",
		}
	},

	{
		entity_name = "Char_Walker_fs_ml_hard02",
		type = SOUND,
		template_name = "fs_ml_hard02",
		lt_grp = 0, srt_grp = 0, usr_flg = 0,
		spatialprops =
		{
			pos = { 0, 0, 0 },
			orient = { { 1, 0, 0 }, { 0, 1, 0 }, { 0, 0, 1 } }
		},
		audioprops =
		{
			attenuation = -17,
			pan = 0,
			dmin = 50,
			dmax = 300,
			ain = 360,
			aout = 360,
			atout = 0,
			rmix = 0,
		},
		userprops =
		{
			category = "Audio",
			Priority = "Steps_4",
		}
	},

	{
		entity_name = "Char_Walker_fs_ml_hard03",
		type = SOUND,
		template_name = "fs_ml_hard03",
		lt_grp = 0, srt_grp = 0, usr_flg = 0,
		spatialprops =
		{
			pos = { 0, 0, 0 },
			orient = { { 1, 0, 0 }, { 0, 1, 0 }, { 0, 0, 1 } }
		},
		audioprops =
		{
			attenuation = -17,
			pan = 0,
			dmin = 50,
			dmax = 300,
			ain = 360,
			aout = 360,
			atout = 0,
			rmix = 0,
		},
		userprops =
		{
			category = "Audio",
			Priority = "Steps_4",
		}
	},

	{
		entity_name = "Char_Walker_fs_ml_hard04",
		type = SOUND,
		template_name = "fs_ml_hard04",
		lt_grp = 0, srt_grp = 0, usr_flg = 0,
		spatialprops =
		{
			pos = { 0, 0, 0 },
			orient = { { 1, 0, 0 }, { 0, 1, 0 }, { 0, 0, 1 } }
		},
		audioprops =
		{
			attenuation = -17,
			pan = 0,
			dmin = 50,
			dmax = 300,
			ain = 360,
			aout = 360,
			atout = 0,
			rmix = 0,
		},
		userprops =
		{
			category = "Audio",
			Priority = "Steps_4",
		}
	},

	{
		entity_name = "Char_Walker_fs_mr_hard01",
		type = SOUND,
		template_name = "fs_mr_hard01",
		lt_grp = 0, srt_grp = 0, usr_flg = 0,
		spatialprops =
		{
			pos = { 0, 0, 0 },
			orient = { { 1, 0, 0 }, { 0, 1, 0 }, { 0, 0, 1 } }
		},
		audioprops =
		{
			attenuation = -17,
			pan = 0,
			dmin = 50,
			dmax = 300,
			ain = 360,
			aout = 360,
			atout = 0,
			rmix = 0,
		},
		userprops =
		{
			category = "Audio",
			Priority = "Steps_4",
		}
	},

	{
		entity_name = "Char_Walker_fs_mr_hard04",
		type = SOUND,
		template_name = "fs_mr_hard04",
		lt_grp = 0, srt_grp = 0, usr_flg = 0,
		spatialprops =
		{
			pos = { 0, 0, 0 },
			orient = { { 1, 0, 0 }, { 0, 1, 0 }, { 0, 0, 1 } }
		},
		audioprops =
		{
			attenuation = -17,
			pan = 0,
			dmin = 50,
			dmax = 300,
			ain = 360,
			aout = 360,
			atout = 0,
			rmix = 0,
		},
		userprops =
		{
			category = "Audio",
			Priority = "Steps_4",
		}
	},

	{
		entity_name = "Char_Walker_fs_mr_hard03",
		type = SOUND,
		template_name = "fs_mr_hard03",
		lt_grp = 0, srt_grp = 0, usr_flg = 0,
		spatialprops =
		{
			pos = { 0, 0, 0 },
			orient = { { 1, 0, 0 }, { 0, 1, 0 }, { 0, 0, 1 } }
		},
		audioprops =
		{
			attenuation = -17,
			pan = 0,
			dmin = 50,
			dmax = 300,
			ain = 360,
			aout = 360,
			atout = 0,
			rmix = 0,
		},
		userprops =
		{
			category = "Audio",
			Priority = "Steps_4",
		}
	},

	{
		entity_name = "Char_Walker_fs_mr_hard02",
		type = SOUND,
		template_name = "fs_mr_hard02",
		lt_grp = 0, srt_grp = 0, usr_flg = 0,
		spatialprops =
		{
			pos = { 0, 0, 0 },
			orient = { { 1, 0, 0 }, { 0, 1, 0 }, { 0, 0, 1 } }
		},
		audioprops =
		{
			attenuation = -17,
			pan = 0,
			dmin = 50,
			dmax = 300,
			ain = 360,
			aout = 360,
			atout = 0,
			rmix = 0,
		},
		userprops =
		{
			category = "Audio",
			Priority = "Steps_4",
		}
	},

	{
		entity_name = "sfx_Backgroundmusic_copy_1",
		type = SOUND,
		template_name = "backgroundmusic",
		lt_grp = 0, srt_grp = 0, usr_flg = 0,
		spatialprops =
		{
			pos = { 0, 0, 0 },
			orient = { { 1, 0, 0 }, { 0, 1, 0 }, { 0, 0, 1 } }
		},
		audioprops =
		{
			attenuation = 0,
			pan = 0,
			dmin = 50,
			dmax = 300,
			ain = 360,
			aout = 360,
			atout = 0,
			rmix = 0,
		},
		userprops =
		{
			category = "Audio",
		}
	},

	{
		entity_name = "sfx_Backgroundambient_copy_1",
		type = SOUND,
		template_name = "backgroundambient",
		lt_grp = 0, srt_grp = 0, usr_flg = 0,
		spatialprops =
		{
			pos = { 0, 0, 0 },
			orient = { { 1, 0, 0 }, { 0, 1, 0 }, { 0, 0, 1 } }
		},
		audioprops =
		{
			attenuation = 0,
			pan = 0,
			dmin = 50,
			dmax = 300,
			ain = 360,
			aout = 360,
			atout = 0,
			rmix = 0,
		},
		userprops =
		{
			category = "Audio",
		}
	},

	{
		entity_name = "sfx_ambience_bar_space_3",
		type = SOUND,
		template_name = "ambience_bar_space",
		lt_grp = 0, srt_grp = 0, usr_flg = 0,
		spatialprops =
		{
			pos = { 0, 0, 0 },
			orient = { { 1, 0, 0 }, { 0, 1, 0 }, { 0, 0, 1 } }
		},
		audioprops =
		{
			attenuation = -10,
			pan = 0,
			dmin = 50,
			dmax = 300,
			ain = 360,
			aout = 360,
			atout = 0,
			rmix = 0,
		},
		userprops =
		{
			category = "Audio",
			Priority = "Story_Sound_1",
		}
	},

	{
		entity_name = "Cam_Monitor_s015x_static",
		type = MONITOR,
		template_name = "",
		lt_grp = 0, srt_grp = 0, usr_flg = 0,
		userprops =
		{
			Priority = "Monitor_Static_1",
		}
	},

	{
		entity_name = "Cam_A_static_mon",
		type = CAMERA,
		template_name = "",
		lt_grp = 0, srt_grp = 0, usr_flg = 0,
		flags = HIDDEN,
		spatialprops =
		{
			pos = { 4.496264, 1.633376, -6.843799 },
			orient = { {  0.289743,  0.000000,  0.957104 },
					   {  0.051977,  0.998524, -0.015735 },
					   { -0.955692,  0.054307,  0.289316 } }
		},
		cameraprops =
		{
			fovh = 30,
			hvaspect = 1.85,
			nearplane = 0.3,
			farplane = 5000
		}
	},

	{
		entity_name = "Cam_B_static_mon",
		type = CAMERA,
		template_name = "",
		lt_grp = 0, srt_grp = 0, usr_flg = 0,
		flags = HIDDEN,
		spatialprops =
		{
			pos = { 4.695853, 1.647481, -0.927832 },
			orient = { { -0.815480,  0.000000,  0.578785 },
					   {  0.072962,  0.992023,  0.102800 },
					   { -0.574168,  0.126061, -0.808975 } }
		},
		cameraprops =
		{
			fovh = 30,
			hvaspect = 1.85,
			nearplane = 0.5,
			farplane = 3000
		}
	},

	{
		entity_name = "Cam_C_static_mon_01",
		type = CAMERA,
		template_name = "",
		lt_grp = 0, srt_grp = 0, usr_flg = 0,
		flags = HIDDEN,
		spatialprops =
		{
			pos = { 5.312173, 1.613234, 1.694494 },
			orient = { {  0.988540,  0.000000,  0.150958 },
					   {  0.016007,  0.994362, -0.104823 },
					   { -0.150107,  0.106038,  0.982967 } }
		},
		cameraprops =
		{
			fovh = 30,
			hvaspect = 1.85,
			nearplane = 0.3,
			farplane = 4000
		}
	},

	{
		entity_name = "Cam_C_static_mon_02",
		type = CAMERA,
		template_name = "",
		lt_grp = 0, srt_grp = 0, usr_flg = 0,
		flags = HIDDEN,
		spatialprops =
		{
			pos = { 4.125961, 1.525247, -0.008688 },
			orient = { { -0.163782,  0.000000,  0.986497 },
					   {  0.073590,  0.997214,  0.012218 },
					   { -0.983748,  0.074597, -0.163325 } }
		},
		cameraprops =
		{
			fovh = 30,
			hvaspect = 1.85,
			nearplane = 0.3,
			farplane = 4000
		}
	},

	{
		entity_name = "Cam_C_static_mon_03",
		type = CAMERA,
		template_name = "",
		lt_grp = 0, srt_grp = 0, usr_flg = 0,
		flags = HIDDEN,
		spatialprops =
		{
			pos = { 4.654976, 1.61244, -0.273238 },
			orient = { { -0.254988,  0.000001,  0.966944 },
					   {  0.065924,  0.997673,  0.017383 },
					   { -0.964694,  0.068177, -0.254395 } }
		},
		cameraprops =
		{
			fovh = 30,
			hvaspect = 1.85,
			nearplane = 0.3,
			farplane = 4000
		}
	},

	{
		entity_name = "Cam_E_Wide_3Shot_static_mon",
		type = CAMERA,
		template_name = "",
		lt_grp = 0, srt_grp = 0, usr_flg = 0,
		flags = HIDDEN,
		spatialprops =
		{
			pos = { 4.217381, 1.682789, -0.294713 },
			orient = { { -0.398129,  0.000000,  0.917329 },
					   {  0.160203,  0.984632,  0.069530 },
					   { -0.903232,  0.174641, -0.392011 } }
		},
		cameraprops =
		{
			fovh = 30,
			hvaspect = 1.85,
			nearplane = 0.5,
			farplane = 3000
		}
	},

	{
		entity_name = "Char_ore_runner_female_1",
		type = DEFORMABLE,
		template_name = "ore_runner_female_1",
		lt_grp = 0, srt_grp = 0, usr_flg = 0,
		flags = LIT_DYNAMIC,
		spatialprops =
		{
			pos = { 7.150866, 0, -1.525875 },
			orient = { {  0.024542,  0.000000,  0.999699 },
					   {  0.000000,  1.000000,  0.000000 },
					   { -0.999699,  0.000000,  0.024542 } }
		},
		compoundprops =
		{
			floor_height = 0
		},
		userprops =
		{
			actor = "ore_runner_female_1",
			category = "Character",
		}
	},

	{
		entity_name = "Cam_A1_1",
		type = CAMERA,
		template_name = "",
		lt_grp = 0, srt_grp = 0, usr_flg = 0,
		spatialprops =
		{
			pos = { 5.265131, 0.412569, -4.068732 },
			orient = { { -0.232671,  0.000000,  0.972556 },
					   { -0.118267,  0.992579, -0.028294 },
					   { -0.965338, -0.121605, -0.230944 } }
		},
		cameraprops =
		{
			fovh = 20,
			hvaspect = 1.85,
			nearplane = 0.8,
			farplane = 3000
		}
	},

	{
		entity_name = "Cam_A1_End",
		type = CAMERA,
		template_name = "",
		lt_grp = 0, srt_grp = 0, usr_flg = 0,
		flags = HIDDEN,
		spatialprops =
		{
			pos = { 4.894293, 1.60161, -5.258823 },
			orient = { {  0.859005,  0.000000,  0.511967 },
					   { -0.015613,  0.999535,  0.026196 },
					   { -0.511729, -0.030495,  0.858606 } }
		},
		cameraprops =
		{
			fovh = 20,
			hvaspect = 1.85,
			nearplane = 0.4,
			farplane = 3000
		}
	},

	{
		entity_name = "Char_Trent_Mrk_FloorRoot",
		type = MARKER,
		template_name = "",
		lt_grp = 0, srt_grp = 0, usr_flg = 0,
		spatialprops =
		{
			pos = { 5.261384, 0, -8.059472 },
			orient = { { -0.999385,  0.000000,  0.035074 },
					   {  0.000000,  1.000000,  0.000000 },
					   { -0.035074,  0.000000, -0.999385 } }
		}
	},

	{
		entity_name = "Char_Trent_Mrk_ShotA_Ahead",
		type = MARKER,
		template_name = "",
		lt_grp = 0, srt_grp = 0, usr_flg = 0,
		spatialprops =
		{
			pos = { 4.947453, 1.601256, -4.908486 },
			orient = { { -0.998977,  0.000000,  0.045224 },
					   {  0.000000,  1.000000,  0.000000 },
					   { -0.045224,  0.000000, -0.998977 } }
		}
	},

	{
		entity_name = "Char_Trent_Mrk_ShotA_Right",
		type = MARKER,
		template_name = "",
		lt_grp = 0, srt_grp = 0, usr_flg = 0,
		spatialprops =
		{
			pos = { 4.858255, 1.725935, -7.714479 },
			orient = { { -0.999385,  0.000000,  0.035074 },
					   {  0.000000,  1.000000,  0.000000 },
					   { -0.035074,  0.000000, -0.999385 } }
		}
	},

	{
		entity_name = "Char_Trent_Mrk_ShotA_Follow",
		type = MARKER,
		template_name = "",
		lt_grp = 0, srt_grp = 0, usr_flg = 0,
		spatialprops =
		{
			pos = { 4.858255, 1.605785, -7.714479 },
			orient = { { -0.999385,  0.000000,  0.035074 },
					   {  0.000000,  1.000000,  0.000000 },
					   { -0.035074,  0.000000, -0.999385 } }
		}
	},

	{
		entity_name = "Char_Trent_Mrk_ShotA_Eyes_1",
		type = MARKER,
		template_name = "",
		lt_grp = 0, srt_grp = 0, usr_flg = 0,
		spatialprops =
		{
			pos = { 4.437399, 1.601256, -6.096968 },
			orient = { { -0.998977,  0.000000,  0.045224 },
					   {  0.000000,  1.000000,  0.000000 },
					   { -0.045224,  0.000000, -0.998977 } }
		}
	},

	{
		entity_name = "Char_Trent_Mrk_ShotA_Eyes_4",
		type = MARKER,
		template_name = "",
		lt_grp = 0, srt_grp = 0, usr_flg = 0,
		spatialprops =
		{
			pos = { 5.158401, 1.602443, 0.64569 },
			orient = { {  0.946473,  0.000000,  0.322783 },
					   {  0.000000,  1.000000,  0.000000 },
					   { -0.322783,  0.000000,  0.946473 } }
		}
	},

	{
		entity_name = "Char_Trent_Mrk_ShotA_Eyes_2",
		type = MARKER,
		template_name = "",
		lt_grp = 0, srt_grp = 0, usr_flg = 0,
		spatialprops =
		{
			pos = { 5.292769, 1.601256, -5.089194 },
			orient = { { -0.998977,  0.000000,  0.045224 },
					   {  0.000000,  1.000000,  0.000000 },
					   { -0.045224,  0.000000, -0.998977 } }
		}
	},

	{
		entity_name = "Char_Trent_Mrk_ShotA_Eyes_3",
		type = MARKER,
		template_name = "",
		lt_grp = 0, srt_grp = 0, usr_flg = 0,
		spatialprops =
		{
			pos = { 4.892947, 1.601256, -5.354212 },
			orient = { { -0.998977,  0.000000,  0.045224 },
					   {  0.000000,  1.000000,  0.000000 },
					   { -0.045224,  0.000000, -0.998977 } }
		}
	},

	{
		entity_name = "Cam_B_Middle",
		type = CAMERA,
		template_name = "",
		lt_grp = 0, srt_grp = 0, usr_flg = 0,
		flags = HIDDEN,
		spatialprops =
		{
			pos = { 4.687304, 1.829738, -0.770942 },
			orient = { { -0.767163,  0.000000,  0.641453 },
					   {  0.174007,  0.962503,  0.208108 },
					   { -0.617400,  0.271270, -0.738397 } }
		},
		cameraprops =
		{
			fovh = 30,
			hvaspect = 1.85,
			nearplane = 0.5,
			farplane = 3000
		}
	},

	{
		entity_name = "Char_Walker_Mrk_LookAt_Head_Nod",
		type = MARKER,
		template_name = "",
		lt_grp = 0, srt_grp = 0, usr_flg = 0,
		spatialprops =
		{
			pos = { 6.043354, 1.528911, 0.528324 },
			orient = { {  0.334409,  0.000000, -0.942428 },
					   {  0.000000,  1.000000,  0.000000 },
					   {  0.942428,  0.000000,  0.334409 } }
		}
	},

	{
		entity_name = "Char_Juni_Mrk_LookAt_Trent_Nod",
		type = MARKER,
		template_name = "",
		lt_grp = 0, srt_grp = 0, usr_flg = 0,
		spatialprops =
		{
			pos = { 5.696594, 1.472216, -0.225731 },
			orient = { { -0.923610,  0.000000, -0.383335 },
					   {  0.000000,  1.000000,  0.000000 },
					   {  0.383335,  0.000000, -0.923610 } }
		}
