duration = 202.000;

entities =
{

	{
		entity_name = "Layer_Storys20x_nrml_VanPelt_li_09_Bar_01",
		type = SCENE,
		template_name = "",
		lt_grp = 0, srt_grp = 0, usr_flg = 0,
		spatialprops =
		{
			pos = { 0, 0, 0 },
			orient = { { 1, 0, 0 }, { 0, 1, 0 }, { 0, 0, 1 } }
		},
		up = Y_AXIS,
		front = Z_AXIS,
		ambient = { 148, 148, 148 },
		userprops =
		{
			TextStart = "0.75000",
			TextString = "259611.01563",
		}
	},

	{
		entity_name = "Char_Juni",
		type = DEFORMABLE,
		template_name = "juni",
		lt_grp = 0, srt_grp = 0, usr_flg = 0,
		flags = LIT_DYNAMIC,
		spatialprops =
		{
			pos = { -2.526547, 0, -1.089846 },
			orient = { { -0.851914,  0.000000,  0.523681 },
					   {  0.000000,  1.000000,  0.000000 },
					   { -0.523681,  0.000000, -0.851914 } }
		},
		compoundprops =
		{
			floor_height = 0
		},
		userprops =
		{
			actor = "Juni",
			category = "Character",
		}
	},

	{
		entity_name = "Char_Trent",
		type = DEFORMABLE,
		template_name = "trent",
		lt_grp = 0, srt_grp = 0, usr_flg = 0,
		flags = LIT_DYNAMIC,
		spatialprops =
		{
			pos = { -5.869145, 0, -7.853063 },
			orient = { { -0.976970,  0.000000,  0.213376 },
					   {  0.000000,  1.000000,  0.000000 },
					   { -0.213376,  0.000000, -0.976970 } }
		},
		compoundprops =
		{
			floor_height = 0
		},
		userprops =
		{
			actor = "Player",
			category = "Character",
		}
	},

	{
		entity_name = "Char_VanPelt",
		type = DEFORMABLE,
		template_name = "vanpelt",
		lt_grp = 1, srt_grp = 0, usr_flg = 0,
		flags = LIT_DYNAMIC,
		spatialprops =
		{
			pos = { 4.372147, 0, 0.622841 },
			orient = { {  0.994778,  0.000000,  0.102061 },
					   {  0.000000,  1.000000,  0.000000 },
					   { -0.102061,  0.000000,  0.994778 } }
		},
		compoundprops =
		{
			floor_height = 0
		},
		userprops =
		{
			actor = "VanPelt",
			category = "Character",
		}
	},

	{
		entity_name = "dx_s020x_0201_juni_21",
		type = SOUND,
		template_name = "dx_s020x_0201_juni",
		lt_grp = 0, srt_grp = 0, usr_flg = 0,
		spatialprops =
		{
			pos = { 0, 0, 0 },
			orient = { { 1, 0, 0 }, { 0, 1, 0 }, { 0, 0, 1 } }
		},
		audioprops =
		{
			attenuation = -1,
			pan = 0,
			dmin = 50,
			dmax = 1000,
			ain = 360,
			aout = 360,
			atout = 0,
			rmix = 0,
		},
		userprops =
		{
			category = "Audio",
		}
	},

	{
		entity_name = "dx_s020x_0301_VanPelt_22",
		type = SOUND,
		template_name = "dx_s020x_0301_VanPelt",
		lt_grp = 0, srt_grp = 0, usr_flg = 0,
		spatialprops =
		{
			pos = { 0, 0, 0 },
			orient = { { 1, 0, 0 }, { 0, 1, 0 }, { 0, 0, 1 } }
		},
		audioprops =
		{
			attenuation = -1,
			pan = 0,
			dmin = 50,
			dmax = 1000,
			ain = 360,
			aout = 360,
			atout = 0,
			rmix = 0,
		},
		userprops =
		{
			category = "Audio",
		}
	},

	{
		entity_name = "dx_s020x_0401_juni_23",
		type = SOUND,
		template_name = "dx_s020x_0401_juni",
		lt_grp = 0, srt_grp = 0, usr_flg = 0,
		spatialprops =
		{
			pos = { 0, 0, 0 },
			orient = { { 1, 0, 0 }, { 0, 1, 0 }, { 0, 0, 1 } }
		},
		audioprops =
		{
			attenuation = -1,
			pan = 0,
			dmin = 50,
			dmax = 1000,
			ain = 360,
			aout = 360,
			atout = 0,
			rmix = 0,
		},
		userprops =
		{
			category = "Audio",
		}
	},

	{
		entity_name = "dx_s020x_0501_VanPelt_25",
		type = SOUND,
		template_name = "dx_s020x_0501_VanPelt",
		lt_grp = 0, srt_grp = 0, usr_flg = 0,
		spatialprops =
		{
			pos = { 0, 0, 0 },
			orient = { { 1, 0, 0 }, { 0, 1, 0 }, { 0, 0, 1 } }
		},
		audioprops =
		{
			attenuation = -1,
			pan = 0,
			dmin = 50,
			dmax = 1000,
			ain = 360,
			aout = 360,
			atout = 0,
			rmix = 0,
		},
		userprops =
		{
			category = "Audio",
		}
	},

	{
		entity_name = "dx_s020x_0502_VanPelt_26",
		type = SOUND,
		template_name = "dx_s020x_0502_VanPelt",
		lt_grp = 0, srt_grp = 0, usr_flg = 0,
		spatialprops =
		{
			pos = { 0, 0, 0 },
			orient = { { 1, 0, 0 }, { 0, 1, 0 }, { 0, 0, 1 } }
		},
		audioprops =
		{
			attenuation = -1,
			pan = 0,
			dmin = 50,
			dmax = 1000,
			ain = 360,
			aout = 360,
			atout = 0,
			rmix = 0,
		},
		userprops =
		{
			category = "Audio",
		}
	},

	{
		entity_name = "dx_s020x_0601_Trent_27",
		type = SOUND,
		template_name = "dx_s020x_0601_Trent",
		lt_grp = 0, srt_grp = 0, usr_flg = 0,
		spatialprops =
		{
			pos = { 0, 0, 0 },
			orient = { { 1, 0, 0 }, { 0, 1, 0 }, { 0, 0, 1 } }
		},
		audioprops =
		{
			attenuation = -1,
			pan = 0,
			dmin = 50,
			dmax = 1000,
			ain = 360,
			aout = 360,
			atout = 0,
			rmix = 0,
		},
		userprops =
		{
			category = "Audio",
		}
	},

	{
		entity_name = "dx_s020x_0701_VanPelt_28",
		type = SOUND,
		template_name = "dx_s020x_0701_VanPelt",
		lt_grp = 0, srt_grp = 0, usr_flg = 0,
		spatialprops =
		{
			pos = { 0, 0, 0 },
			orient = { { 1, 0, 0 }, { 0, 1, 0 }, { 0, 0, 1 } }
		},
		audioprops =
		{
			attenuation = -1,
			pan = 0,
			dmin = 50,
			dmax = 1000,
			ain = 360,
			aout = 360,
			atout = 0,
			rmix = 0,
		},
		userprops =
		{
			category = "Audio",
		}
	},

	{
		entity_name = "dx_s020x_0702_VanPelt_29",
		type = SOUND,
		template_name = "dx_s020x_0702_VanPelt",
		lt_grp = 0, srt_grp = 0, usr_flg = 0,
		spatialprops =
		{
			pos = { 0, 0, 0 },
			orient = { { 1, 0, 0 }, { 0, 1, 0 }, { 0, 0, 1 } }
		},
		audioprops =
		{
			attenuation = -1,
			pan = 0,
			dmin = 50,
			dmax = 1000,
			ain = 360,
			aout = 360,
			atout = 0,
			rmix = 0,
		},
		userprops =
		{
			category = "Audio",
		}
	},

	{
		entity_name = "dx_s020x_0703_VanPelt_30",
		type = SOUND,
		template_name = "dx_s020x_0703_VanPelt",
		lt_grp = 0, srt_grp = 0, usr_flg = 0,
		spatialprops =
		{
			pos = { 0, 0, 0 },
			orient = { { 1, 0, 0 }, { 0, 1, 0 }, { 0, 0, 1 } }
		},
		audioprops =
		{
			attenuation = -1,
			pan = 0,
			dmin = 50,
			dmax = 1000,
			ain = 360,
			aout = 360,
			atout = 0,
			rmix = 0,
		},
		userprops =
		{
			category = "Audio",
		}
	},

	{
		entity_name = "dx_s020x_0801_Trent_31",
		type = SOUND,
		template_name = "dx_s020x_0801_Trent",
		lt_grp = 0, srt_grp = 0, usr_flg = 0,
		spatialprops =
		{
			pos = { 0, 0, 0 },
			orient = { { 1, 0, 0 }, { 0, 1, 0 }, { 0, 0, 1 } }
		},
		audioprops =
		{
			attenuation = -1,
			pan = 0,
			dmin = 50,
			dmax = 1000,
			ain = 360,
			aout = 360,
			atout = 0,
			rmix = 0,
		},
		userprops =
		{
			category = "Audio",
		}
	},

	{
		entity_name = "dx_s020x_0901_VanPelt_32",
		type = SOUND,
		template_name = "dx_s020x_0901_VanPelt",
		lt_grp = 0, srt_grp = 0, usr_flg = 0,
		spatialprops =
		{
			pos = { 0, 0, 0 },
			orient = { { 1, 0, 0 }, { 0, 1, 0 }, { 0, 0, 1 } }
		},
		audioprops =
		{
			attenuation = -1,
			pan = 0,
			dmin = 50,
			dmax = 1000,
			ain = 360,
			aout = 360,
			atout = 0,
			rmix = 0,
		},
		userprops =
		{
			category = "Audio",
		}
	},

	{
		entity_name = "dx_s020x_0902_VanPelt_33",
		type = SOUND,
		template_name = "dx_s020x_0902_VanPelt",
		lt_grp = 0, srt_grp = 0, usr_flg = 0,
		spatialprops =
		{
			pos = { 0, 0, 0 },
			orient = { { 1, 0, 0 }, { 0, 1, 0 }, { 0, 0, 1 } }
		},
		audioprops =
		{
			attenuation = -1,
			pan = 0,
			dmin = 50,
			dmax = 1000,
			ain = 360,
			aout = 360,
			atout = 0,
			rmix = 0,
		},
		userprops =
		{
			category = "Audio",
		}
	},

	{
		entity_name = "dx_s020x_0903_VanPelt_34",
		type = SOUND,
		template_name = "dx_s020x_0903_VanPelt",
		lt_grp = 0, srt_grp = 0, usr_flg = 0,
		spatialprops =
		{
			pos = { 0, 0, 0 },
			orient = { { 1, 0, 0 }, { 0, 1, 0 }, { 0, 0, 1 } }
		},
		audioprops =
		{
			attenuation = -1,
			pan = 0,
			dmin = 50,
			dmax = 1000,
			ain = 360,
			aout = 360,
			atout = 0,
			rmix = 0,
		},
		userprops =
		{
			category = "Audio",
		}
	},

	{
		entity_name = "dx_s020x_1001_Trent_35",
		type = SOUND,
		template_name = "dx_s020x_1001_Trent",
		lt_grp = 0, srt_grp = 0, usr_flg = 0,
		spatialprops =
		{
			pos = { 0, 0, 0 },
			orient = { { 1, 0, 0 }, { 0, 1, 0 }, { 0, 0, 1 } }
		},
		audioprops =
		{
			attenuation = -1,
			pan = 0,
			dmin = 50,
			dmax = 1000,
			ain = 360,
			aout = 360,
			atout = 0,
			rmix = 0,
		},
		userprops =
		{
			category = "Audio",
		}
	},

	{
		entity_name = "dx_s020x_1101_VanPelt_36",
		type = SOUND,
		template_name = "dx_s020x_1101_VanPelt",
		lt_grp = 0, srt_grp = 0, usr_flg = 0,
		spatialprops =
		{
			pos = { 0, 0, 0 },
			orient = { { 1, 0, 0 }, { 0, 1, 0 }, { 0, 0, 1 } }
		},
		audioprops =
		{
			attenuation = -1,
			pan = 0,
			dmin = 50,
			dmax = 1000,
			ain = 360,
			aout = 360,
			atout = 0,
			rmix = 0,
		},
		userprops =
		{
			category = "Audio",
		}
	},

	{
		entity_name = "dx_s020x_1401_VanPelt_40",
		type = SOUND,
		template_name = "dx_s020x_1401_VanPelt",
		lt_grp = 0, srt_grp = 0, usr_flg = 0,
		spatialprops =
		{
			pos = { 0, 0, 0 },
			orient = { { 1, 0, 0 }, { 0, 1, 0 }, { 0, 0, 1 } }
		},
		audioprops =
		{
			attenuation = -1,
			pan = 0,
			dmin = 50,
			dmax = 1000,
			ain = 360,
			aout = 360,
			atout = 0,
			rmix = 0,
		},
		userprops =
		{
			category = "Audio",
		}
	},

	{
		entity_name = "dx_s020x_1501_Trent_41",
		type = SOUND,
		template_name = "dx_s020x_1501_Trent",
		lt_grp = 0, srt_grp = 0, usr_flg = 0,
		spatialprops =
		{
			pos = { 0, 0, 0 },
			orient = { { 1, 0, 0 }, { 0, 1, 0 }, { 0, 0, 1 } }
		},
		audioprops =
		{
			attenuation = -1,
			pan = 0,
			dmin = 50,
			dmax = 1000,
			ain = 360,
			aout = 360,
			atout = 0,
			rmix = 0,
		},
		userprops =
		{
			category = "Audio",
		}
	},

	{
		entity_name = "dx_s020x_1601_Trent_42",
		type = SOUND,
		template_name = "dx_s020x_1601_Trent",
		lt_grp = 0, srt_grp = 0, usr_flg = 0,
		spatialprops =
		{
			pos = { 0, 0, 0 },
			orient = { { 1, 0, 0 }, { 0, 1, 0 }, { 0, 0, 1 } }
		},
		audioprops =
		{
			attenuation = -1,
			pan = 0,
			dmin = 50,
			dmax = 1000,
			ain = 360,
			aout = 360,
			atout = 0,
			rmix = 0,
		},
		userprops =
		{
			category = "Audio",
		}
	},

	{
		entity_name = "dx_s020x_1701_VanPelt_43",
		type = SOUND,
		template_name = "dx_s020x_1701_VanPelt",
		lt_grp = 0, srt_grp = 0, usr_flg = 0,
		spatialprops =
		{
			pos = { 0, 0, 0 },
			orient = { { 1, 0, 0 }, { 0, 1, 0 }, { 0, 0, 1 } }
		},
		audioprops =
		{
			attenuation = -1,
			pan = 0,
			dmin = 50,
			dmax = 1000,
			ain = 360,
			aout = 360,
			atout = 0,
			rmix = 0,
		},
		userprops =
		{
			category = "Audio",
		}
	},

	{
		entity_name = "dx_s020x_1801_VanPelt_44",
		type = SOUND,
		template_name = "dx_s020x_1801_VanPelt",
		lt_grp = 0, srt_grp = 0, usr_flg = 0,
		spatialprops =
		{
			pos = { 0, 0, 0 },
			orient = { { 1, 0, 0 }, { 0, 1, 0 }, { 0, 0, 1 } }
		},
		audioprops =
		{
			attenuation = -1,
			pan = 0,
			dmin = 50,
			dmax = 1000,
			ain = 360,
			aout = 360,
			atout = 0,
			rmix = 0,
		},
		userprops =
		{
			category = "Audio",
		}
	},

	{
		entity_name = "dx_s020x_1901_VanPelt_45",
		type = SOUND,
		template_name = "dx_s020x_1901_VanPelt",
		lt_grp = 0, srt_grp = 0, usr_flg = 0,
		spatialprops =
		{
			pos = { 0, 0, 0 },
			orient = { { 1, 0, 0 }, { 0, 1, 0 }, { 0, 0, 1 } }
		},
		audioprops =
		{
			attenuation = -1,
			pan = 0,
			dmin = 50,
			dmax = 1000,
			ain = 360,
			aout = 360,
			atout = 0,
			rmix = 0,
		},
		userprops =
		{
			category = "Audio",
		}
	},

	{
		entity_name = "dx_s020x_1902_VanPelt_46",
		type = SOUND,
		template_name = "dx_s020x_1902_VanPelt",
		lt_grp = 0, srt_grp = 0, usr_flg = 0,
		spatialprops =
		{
			pos = { 0, 0, 0 },
			orient = { { 1, 0, 0 }, { 0, 1, 0 }, { 0, 0, 1 } }
		},
		audioprops =
		{
			attenuation = -1,
			pan = 0,
			dmin = 50,
			dmax = 1000,
			ain = 360,
			aout = 360,
			atout = 0,
			rmix = 0,
		},
		userprops =
		{
			category = "Audio",
		}
	},

	{
		entity_name = "dx_s020x_2001_juni_47",
		type = SOUND,
		template_name = "dx_s020x_2001_juni",
		lt_grp = 0, srt_grp = 0, usr_flg = 0,
		spatialprops =
		{
			pos = { 0, 0, 0 },
			orient = { { 1, 0, 0 }, { 0, 1, 0 }, { 0, 0, 1 } }
		},
		audioprops =
		{
			attenuation = -1,
			pan = 0,
			dmin = 50,
			dmax = 1000,
			ain = 360,
			aout = 360,
			atout = 0,
			rmix = 0,
		},
		userprops =
		{
			category = "Audio",
		}
	},

	{
		entity_name = "dx_s020x_2101_VanPelt_48",
		type = SOUND,
		template_name = "dx_s020x_2101_VanPelt",
		lt_grp = 0, srt_grp = 0, usr_flg = 0,
		spatialprops =
		{
			pos = { 0, 0, 0 },
			orient = { { 1, 0, 0 }, { 0, 1, 0 }, { 0, 0, 1 } }
		},
		audioprops =
		{
			attenuation = -1,
			pan = 0,
			dmin = 50,
			dmax = 1000,
			ain = 360,
			aout = 360,
			atout = 0,
			rmix = 0,
		},
		userprops =
		{
			category = "Audio",
		}
	},

	{
		entity_name = "dx_s020x_2102_VanPelt_49",
		type = SOUND,
		template_name = "dx_s020x_2102_VanPelt",
		lt_grp = 0, srt_grp = 0, usr_flg = 0,
		spatialprops =
		{
			pos = { 0, 0, 0 },
			orient = { { 1, 0, 0 }, { 0, 1, 0 }, { 0, 0, 1 } }
		},
		audioprops =
		{
			attenuation = -1,
			pan = 0,
			dmin = 50,
			dmax = 1000,
			ain = 360,
			aout = 360,
			atout = 0,
			rmix = 0,
		},
		userprops =
		{
			category = "Audio",
		}
	},

	{
		entity_name = "dx_s020x_2201_juni_50",
		type = SOUND,
		template_name = "dx_s020x_2201_juni",
		lt_grp = 0, srt_grp = 0, usr_flg = 0,
		spatialprops =
		{
			pos = { 0, 0, 0 },
			orient = { { 1, 0, 0 }, { 0, 1, 0 }, { 0, 0, 1 } }
		},
		audioprops =
		{
			attenuation = -1,
			pan = 0,
			dmin = 50,
			dmax = 1000,
			ain = 360,
			aout = 360,
			atout = 0,
			rmix = 0,
		},
		userprops =
		{
			category = "Audio",
		}
	},

	{
		entity_name = "dx_s020x_2301_VanPelt_51",
		type = SOUND,
		template_name = "dx_s020x_2301_VanPelt",
		lt_grp = 0, srt_grp = 0, usr_flg = 0,
		spatialprops =
		{
			pos = { 0, 0, 0 },
			orient = { { 1, 0, 0 }, { 0, 1, 0 }, { 0, 0, 1 } }
		},
		audioprops =
		{
			attenuation = -1,
			pan = 0,
			dmin = 50,
			dmax = 1000,
			ain = 360,
			aout = 360,
			atout = 0,
			rmix = 0,
		},
		userprops =
		{
			category = "Audio",
		}
	},

	{
		entity_name = "dx_s020x_2401_juni_52",
		type = SOUND,
		template_name = "dx_s020x_2401_juni",
		lt_grp = 0, srt_grp = 0, usr_flg = 0,
		spatialprops =
		{
			pos = { 0, 0, 0 },
			orient = { { 1, 0, 0 }, { 0, 1, 0 }, { 0, 0, 1 } }
		},
		audioprops =
		{
			attenuation = -1,
			pan = 0,
			dmin = 50,
			dmax = 1000,
			ain = 360,
			aout = 360,
			atout = 0,
			rmix = 0,
		},
		userprops =
		{
			category = "Audio",
		}
	},

	{
		entity_name = "dx_s020x_2501_Trent_53",
		type = SOUND,
		template_name = "dx_s020x_2501_Trent",
		lt_grp = 0, srt_grp = 0, usr_flg = 0,
		spatialprops =
		{
			pos = { 0, 0, 0 },
			orient = { { 1, 0, 0 }, { 0, 1, 0 }, { 0, 0, 1 } }
		},
		audioprops =
		{
			attenuation = -1,
			pan = 0,
			dmin = 50,
			dmax = 1000,
			ain = 360,
			aout = 360,
			atout = 0,
			rmix = 0,
		},
		userprops =
		{
			category = "Audio",
		}
	},

	{
		entity_name = "dx_s020x_2502_Trent_54",
		type = SOUND,
		template_name = "dx_s020x_2502_Trent",
		lt_grp = 0, srt_grp = 0, usr_flg = 0,
		spatialprops =
		{
			pos = { 0, 0, 0 },
			orient = { { 1, 0, 0 }, { 0, 1, 0 }, { 0, 0, 1 } }
		},
		audioprops =
		{
			attenuation = -1,
			pan = 0,
			dmin = 50,
			dmax = 1000,
			ain = 360,
			aout = 360,
			atout = 0,
			rmix = 0,
		},
		userprops =
		{
			category = "Audio",
		}
	},

	{
		entity_name = "dx_s020x_2503_Trent_55",
		type = SOUND,
		template_name = "dx_s020x_2503_Trent",
		lt_grp = 0, srt_grp = 0, usr_flg = 0,
		spatialprops =
		{
			pos = { 0, 0, 0 },
			orient = { { 1, 0, 0 }, { 0, 1, 0 }, { 0, 0, 1 } }
		},
		audioprops =
		{
			attenuation = -1,
			pan = 0,
			dmin = 50,
			dmax = 1000,
			ain = 360,
			aout = 360,
			atout = 0,
			rmix = 0,
		},
		userprops =
		{
			category = "Audio",
		}
	},

	{
		entity_name = "dx_s020x_2601_VanPelt_56",
		type = SOUND,
		template_name = "dx_s020x_2601_VanPelt",
		lt_grp = 0, srt_grp = 0, usr_flg = 0,
		spatialprops =
		{
			pos = { 0, 0, 0 },
			orient = { { 1, 0, 0 }, { 0, 1, 0 }, { 0, 0, 1 } }
		},
		audioprops =
		{
			attenuation = -1,
			pan = 0,
			dmin = 50,
			dmax = 1000,
			ain = 360,
			aout = 360,
			atout = 0,
			rmix = 0,
		},
		userprops =
		{
			category = "Audio",
		}
	},

	{
		entity_name = "dx_s020x_2701_juni_57",
		type = SOUND,
		template_name = "dx_s020x_2701_juni",
		lt_grp = 0, srt_grp = 0, usr_flg = 0,
		spatialprops =
		{
			pos = { 0, 0, 0 },
			orient = { { 1, 0, 0 }, { 0, 1, 0 }, { 0, 0, 1 } }
		},
		audioprops =
		{
			attenuation = -1,
			pan = 0,
			dmin = 50,
			dmax = 1000,
			ain = 360,
			aout = 360,
			atout = 0,
			rmix = 0,
		},
		userprops =
		{
			category = "Audio",
		}
	},

	{
		entity_name = "dx_s020x_2801_VanPelt_58",
		type = SOUND,
		template_name = "dx_s020x_2801_VanPelt",
		lt_grp = 0, srt_grp = 0, usr_flg = 0,
		spatialprops =
		{
			pos = { 0, 0, 0 },
			orient = { { 1, 0, 0 }, { 0, 1, 0 }, { 0, 0, 1 } }
		},
		audioprops =
		{
			attenuation = -1,
			pan = 0,
			dmin = 50,
			dmax = 1000,
			ain = 360,
			aout = 360,
			atout = 0,
			rmix = 0,
		},
		userprops =
		{
			category = "Audio",
		}
	},

	{
		entity_name = "dx_s020x_2802_VanPelt_59",
		type = SOUND,
		template_name = "dx_s020x_2802_VanPelt",
		lt_grp = 0, srt_grp = 0, usr_flg = 0,
		spatialprops =
		{
			pos = { 0, 0, 0 },
			orient = { { 1, 0, 0 }, { 0, 1, 0 }, { 0, 0, 1 } }
		},
		audioprops =
		{
			attenuation = -1,
			pan = 0,
			dmin = 50,
			dmax = 1000,
			ain = 360,
			aout = 360,
			atout = 0,
			rmix = 0,
		},
		userprops =
		{
			category = "Audio",
		}
	},

	{
		entity_name = "dx_s020x_3001_VanPelt_61",
		type = SOUND,
		template_name = "dx_s020x_3001_VanPelt",
		lt_grp = 0, srt_grp = 0, usr_flg = 0,
		spatialprops =
		{
			pos = { 0, 0, 0 },
			orient = { { 1, 0, 0 }, { 0, 1, 0 }, { 0, 0, 1 } }
		},
		audioprops =
		{
			attenuation = -1,
			pan = 0,
			dmin = 50,
			dmax = 1000,
			ain = 360,
			aout = 360,
			atout = 0,
			rmix = 0,
		},
		userprops =
		{
			category = "Audio",
		}
	},

	{
		entity_name = "dx_s020x_3101_Trent_62",
		type = SOUND,
		template_name = "dx_s020x_3101_Trent",
		lt_grp = 0, srt_grp = 0, usr_flg = 0,
		spatialprops =
		{
			pos = { 0, 0, 0 },
			orient = { { 1, 0, 0 }, { 0, 1, 0 }, { 0, 0, 1 } }
		},
		audioprops =
		{
			attenuation = -1,
			pan = 0,
			dmin = 50,
			dmax = 1000,
			ain = 360,
			aout = 360,
			atout = 0,
			rmix = 0,
		},
		userprops =
		{
			category = "Audio",
		}
	},

	{
		entity_name = "dx_s020x_3201_VanPelt_63",
		type = SOUND,
		template_name = "dx_s020x_3201_VanPelt",
		lt_grp = 0, srt_grp = 0, usr_flg = 0,
		spatialprops =
		{
			pos = { 0, 0, 0 },
			orient = { { 1, 0, 0 }, { 0, 1, 0 }, { 0, 0, 1 } }
		},
		audioprops =
		{
			attenuation = -1,
			pan = 0,
			dmin = 50,
			dmax = 1000,
			ain = 360,
			aout = 360,
			atout = 0,
			rmix = 0,
		},
		userprops =
		{
			category = "Audio",
		}
	},

	{
		entity_name = "dx_s020x_3301_juni_64",
		type = SOUND,
		template_name = "dx_s020x_3301_juni",
		lt_grp = 0, srt_grp = 0, usr_flg = 0,
		spatialprops =
		{
			pos = { 0, 0, 0 },
			orient = { { 1, 0, 0 }, { 0, 1, 0 }, { 0, 0, 1 } }
		},
		audioprops =
		{
			attenuation = -1,
			pan = 0,
			dmin = 50,
			dmax = 1000,
			ain = 360,
			aout = 360,
			atout = 0,
			rmix = 0,
		},
		userprops =
		{
			category = "Audio",
		}
	},

	{
		entity_name = "dx_s020x_3401_VanPelt_65",
		type = SOUND,
		template_name = "dx_s020x_3401_VanPelt",
		lt_grp = 0, srt_grp = 0, usr_flg = 0,
		spatialprops =
		{
			pos = { 0, 0, 0 },
			orient = { { 1, 0, 0 }, { 0, 1, 0 }, { 0, 0, 1 } }
		},
		audioprops =
		{
			attenuation = -1,
			pan = 0,
			dmin = 50,
			dmax = 1000,
			ain = 360,
			aout = 360,
			atout = 0,
			rmix = 0,
		},
		userprops =
		{
			category = "Audio",
		}
	},

	{
		entity_name = "dx_s020x_3402_VanPelt_66",
		type = SOUND,
		template_name = "dx_s020x_3402_VanPelt",
		lt_grp = 0, srt_grp = 0, usr_flg = 0,
		spatialprops =
		{
			pos = { 0, 0, 0 },
			orient = { { 1, 0, 0 }, { 0, 1, 0 }, { 0, 0, 1 } }
		},
		audioprops =
		{
			attenuation = -1,
			pan = 0,
			dmin = 50,
			dmax = 1000,
			ain = 360,
			aout = 360,
			atout = 0,
			rmix = 0,
		},
		userprops =
		{
			category = "Audio",
		}
	},

	{
		entity_name = "dx_s020x_3403_VanPelt_67",
		type = SOUND,
		template_name = "dx_s020x_3403_VanPelt",
		lt_grp = 0, srt_grp = 0, usr_flg = 0,
		spatialprops =
		{
			pos = { 0, 0, 0 },
			orient = { { 1, 0, 0 }, { 0, 1, 0 }, { 0, 0, 1 } }
		},
		audioprops =
		{
			attenuation = -1,
			pan = 0,
			dmin = 50,
			dmax = 1000,
			ain = 360,
			aout = 360,
			atout = 0,
			rmix = 0,
		},
		userprops =
		{
			category = "Audio",
		}
	},

	{
		entity_name = "dx_s020x_3501_juni_68",
		type = SOUND,
		template_name = "dx_s020x_3501_juni",
		lt_grp = 0, srt_grp = 0, usr_flg = 0,
		spatialprops =
		{
			pos = { 0, 0, 0 },
			orient = { { 1, 0, 0 }, { 0, 1, 0 }, { 0, 0, 1 } }
		},
		audioprops =
		{
			attenuation = -1,
			pan = 0,
			dmin = 50,
			dmax = 1000,
			ain = 360,
			aout = 360,
			atout = 0,
			rmix = 0,
		},
		userprops =
		{
			category = "Audio",
		}
	},

	{
		entity_name = "dx_s020x_3601_VanPelt_69",
		type = SOUND,
		template_name = "dx_s020x_3601_VanPelt",
		lt_grp = 0, srt_grp = 0, usr_flg = 0,
		spatialprops =
		{
			pos = { 0, 0, 0 },
			orient = { { 1, 0, 0 }, { 0, 1, 0 }, { 0, 0, 1 } }
		},
		audioprops =
		{
			attenuation = -1,
			pan = 0,
			dmin = 50,
			dmax = 1000,
			ain = 360,
			aout = 360,
			atout = 0,
			rmix = 0,
		},
		userprops =
		{
			category = "Audio",
		}
	},

	{
		entity_name = "dx_s020x_3701_VanPelt_70",
		type = SOUND,
		template_name = "dx_s020x_3701_VanPelt",
		lt_grp = 0, srt_grp = 0, usr_flg = 0,
		spatialprops =
		{
			pos = { 0, 0, 0 },
			orient = { { 1, 0, 0 }, { 0, 1, 0 }, { 0, 0, 1 } }
		},
		audioprops =
		{
			attenuation = -1,
			pan = 0,
			dmin = 50,
			dmax = 1000,
			ain = 360,
			aout = 360,
			atout = 0,
			rmix = 0,
		},
		userprops =
		{
			category = "Audio",
		}
	},

	{
		entity_name = "dx_s020x_3801_Trent_71",
		type = SOUND,
		template_name = "dx_s020x_3801_Trent",
		lt_grp = 0, srt_grp = 0, usr_flg = 0,
		spatialprops =
		{
			pos = { 0, 0, 0 },
			orient = { { 1, 0, 0 }, { 0, 1, 0 }, { 0, 0, 1 } }
		},
		audioprops =
		{
			attenuation = -1,
			pan = 0,
			dmin = 50,
			dmax = 1000,
			ain = 360,
			aout = 360,
			atout = 0,
			rmix = 0,
		},
		userprops =
		{
			category = "Audio",
		}
	},

	{
		entity_name = "dx_s020x_3901_VanPelt_72",
		type = SOUND,
		template_name = "dx_s020x_3901_VanPelt",
		lt_grp = 0, srt_grp = 0, usr_flg = 0,
		spatialprops =
		{
			pos = { 0, 0, 0 },
			orient = { { 1, 0, 0 }, { 0, 1, 0 }, { 0, 0, 1 } }
		},
		audioprops =
		{
			attenuation = -1,
			pan = 0,
			dmin = 50,
			dmax = 1000,
			ain = 360,
			aout = 360,
			atout = 0,
			rmix = 0,
		},
		userprops =
		{
			category = "Audio",
		}
	},

	{
		entity_name = "Cam_Monitor_s020x",
		type = MONITOR,
		template_name = "",
		lt_grp = 0, srt_grp = 0, usr_flg = 0,
		userprops =
		{
			Priority = "Monitor_Moving_1",
		}
	},

	{
		entity_name = "dx_s020x_1201_li_news_9",
		type = SOUND,
		template_name = "dx_s020x_1201_li_news",
		lt_grp = 0, srt_grp = 0, usr_flg = 0,
		spatialprops =
		{
			pos = { 0, 0, 0 },
			orient = { { 1, 0, 0 }, { 0, 1, 0 }, { 0, 0, 1 } }
		},
		audioprops =
		{
			attenuation = -6,
			pan = 0,
			dmin = 50,
			dmax = 1000,
			ain = 360,
			aout = 360,
			atout = 0,
			rmix = 0,
		},
		userprops =
		{
			category = "Audio",
		}
	},

	{
		entity_name = "dx_s020x_1301_li_news_10",
		type = SOUND,
		template_name = "dx_s020x_1301_li_news",
		lt_grp = 0, srt_grp = 0, usr_flg = 0,
		spatialprops =
		{
			pos = { 0, 0, 0 },
			orient = { { 1, 0, 0 }, { 0, 1, 0 }, { 0, 0, 1 } }
		},
		audioprops =
		{
			attenuation = -6,
			pan = 0,
			dmin = 50,
			dmax = 1000,
			ain = 360,
			aout = 360,
			atout = 0,
			rmix = 0,
		},
		userprops =
		{
			category = "Audio",
		}
	},

	{
		entity_name = "Char_J_Mk_loc_01_start",
		type = MARKER,
		template_name = "",
		lt_grp = 0, srt_grp = 0, usr_flg = 0,
		spatialprops =
		{
			pos = { -5.176875, 0.960122, -7.413736 },
			orient = { { -0.863088,  0.000000,  0.505054 },
					   {  0.000000,  1.000000,  0.000000 },
					   { -0.505054,  0.000000, -0.863088 } }
		}
	},

	{
		entity_name = "Char_VP_Mk_loc_01_start",
		type = MARKER,
		template_name = "",
		lt_grp = 0, srt_grp = 0, usr_flg = 0,
		spatialprops =
		{
			pos = { 4.372147, 0.969072, 0.622841 },
			orient = { {  0.994778,  0.000000,  0.102061 },
					   {  0.000000,  1.000000,  0.000000 },
					   { -0.102061,  0.000000,  0.994778 } }
		}
	},

	{
		entity_name = "dx_s020x_0101_VanPelt_1",
		type = SOUND,
		template_name = "dx_s020x_0101_VanPelt",
		lt_grp = 0, srt_grp = 0, usr_flg = 0,
		spatialprops =
		{
			pos = { 0, 0, 0 },
			orient = { { 1, 0, 0 }, { 0, 1, 0 }, { 0, 0, 1 } }
		},
		audioprops =
		{
			attenuation = 0,
			pan = -40,
			dmin = 50,
			dmax = 1000,
			ain = 360,
			aout = 360,
			atout = 0,
			rmix = 0,
		},
		userprops =
		{
			category = "Audio",
		}
	},

	{
		entity_name = "Char_J_Mk_loc_02_intros",
		type = MARKER,
		template_name = "",
		lt_grp = 0, srt_grp = 0, usr_flg = 0,
		spatialprops =
		{
			pos = { -2.166886, 0.959361, -1.256236 },
			orient = { { -0.891495,  0.000000,  0.453030 },
					   {  0.000000,  1.000000,  0.000000 },
					   { -0.453030,  0.000000, -0.891495 } }
		}
	},

	{
		entity_name = "Char_T_Mk_loc_02_intros",
		type = MARKER,
		template_name = "",
		lt_grp = 0, srt_grp = 0, usr_flg = 0,
		spatialprops =
		{
			pos = { -3.014052, 0.972928, -0.343562 },
			orient = { { -0.108023,  0.000000,  0.994148 },
					   {  0.000000,  1.000000,  0.000000 },
					   { -0.994148,  0.000000, -0.108023 } }
		}
	},

	{
		entity_name = "Char_VP_Mk_loc_02_intros",
		type = MARKER,
		template_name = "",
		lt_grp = 0, srt_grp = 0, usr_flg = 0,
		spatialprops =
		{
			pos = { -1.404042, 0.973156, -0.193361 },
			orient = { {  0.100017,  0.000000, -0.994986 },
					   {  0.000000,  1.000000,  0.000000 },
					   {  0.994986,  0.000000,  0.100017 } }
		}
	},

	{
		entity_name = "Char_T_Mk_loc_01_start",
		type = MARKER,
		template_name = "",
		lt_grp = 0, srt_grp = 0, usr_flg = 0,
		spatialprops =
		{
			pos = { -5.780027, 0.969072, -7.523477 },
			orient = { { -0.948953,  0.000000,  0.315418 },
					   {  0.000000,  1.000000,  0.000000 },
					   { -0.315418,  0.000000, -0.948953 } }
		}
	},

	{
		entity_name = "Char_J_Mk_ort_01_to_window_A",
		type = MARKER,
		template_name = "",
		lt_grp = 0, srt_grp = 0, usr_flg = 0,
		spatialprops =
		{
			pos = { -2.322087, 0.959241, -1.278854 },
			orient = { { -0.426275,  0.000000,  0.904594 },
					   {  0.000000,  1.000000,  0.000000 },
					   { -0.904594,  0.000000, -0.426275 } }
		}
	},

	{
		entity_name = "Char_T_Mk_ort_01_to_intros_A",
		type = MARKER,
		template_name = "",
		lt_grp = 0, srt_grp = 0, usr_flg = 0,
		spatialprops =
		{
			pos = { -6.097008, 0.969072, -8.562901 },
			orient = { { -0.670117,  0.000000,  0.742255 },
					   {  0.000000,  1.000000,  0.000000 },
					   { -0.742255,  0.000000, -0.670117 } }
		}
	},

	{
		entity_name = "Char_T_Mk_loc_04_guild",
		type = MARKER,
		template_name = "",
		lt_grp = 0, srt_grp = 0, usr_flg = 0,
		spatialprops =
		{
			pos = { 3.356777, 0.972351, 0.185707 },
			orient = { { -0.033629,  0.000000,  0.999434 },
					   {  0.000000,  1.000000,  0.000000 },
					   { -0.999434,  0.000000, -0.033629 } }
		}
	},

	{
		entity_name = "Char_VP_Mk_loc_05_guild",
		type = MARKER,
		template_name = "",
		lt_grp = 0, srt_grp = 0, usr_flg = 0,
		spatialprops =
		{
			pos = { 3.794847, 0.973156, 1.390813 },
			orient = { { -0.087526,  0.000000,  0.996162 },
					   {  0.000000,  1.000000,  0.000000 },
					   { -0.996162,  0.000000, -0.087526 } }
		}
	},

	{
		entity_name = "Char_T_Mk_ort_03_to_guild",
		type = MARKER,
		template_name = "",
		lt_grp = 0, srt_grp = 0, usr_flg = 0,
		spatialprops =
		{
			pos = { 0.808744, 0.971139, 0.088145 },
			orient = { { -0.083896,  0.000000,  0.996475 },
					   {  0.000000,  1.000000,  0.000000 },
					   { -0.996475,  0.000000, -0.083896 } }
		}
	},

	{
		entity_name = "Char_VP_Mk_loc_06_alone",
		type = MARKER,
		template_name = "",
		lt_grp = 0, srt_grp = 0, usr_flg = 0,
		spatialprops =
		{
			pos = { 3.813011, 0.972935, 1.120816 },
			orient = { {  0.486481,  0.000000,  0.873691 },
					   {  0.000000,  1.000000,  0.000000 },
					   { -0.873691,  0.000000,  0.486481 } }
		}
	},

	{
		entity_name = "Char_T_Mk_loc_05_alone",
		type = MARKER,
		template_name = "",
		lt_grp = 0, srt_grp = 0, usr_flg = 0,
		spatialprops =
		{
			pos = { 3.515824, 0.97305, 0.098573 },
			orient = { {  0.557223,  0.000000,  0.830363 },
					   {  0.000000,  1.000000,  0.000000 },
					   { -0.830363,  0.000000,  0.557223 } }
		}
	},

	{
		entity_name = "Char_VP_Mk_loc_07_news",
		type = MARKER,
		template_name = "",
		lt_grp = 0, srt_grp = 0, usr_flg = 0,
		spatialprops =
		{
			pos = { 4.749694, 0.973156, 0.513883 },
			orient = { {  0.565596,  0.000000,  0.824682 },
					   {  0.000000,  1.000000,  0.000000 },
					   { -0.824682,  0.000000,  0.565596 } }
		}
	},

	{
		entity_name = "Char_VP_Mk_ort_01_to_guild",
		type = MARKER,
		template_name = "",
		lt_grp = 0, srt_grp = 0, usr_flg = 0,
		spatialprops =
		{
			pos = { 1.355897, 0.972915, 1.189557 },
			orient = { { -0.068962,  0.000000,  0.997619 },
					   {  0.000000,  1.000000,  0.000000 },
					   { -0.997619,  0.000000, -0.068962 } }
		}
	},

	{
		entity_name = "Char_T_Mk_loc_06_news",
		type = MARKER,
		template_name = "",
		lt_grp = 0, srt_grp = 0, usr_flg = 0,
		spatialprops =
		{
			pos = { 3.656853, 0.972982, 0.107245 },
			orient = { { -0.068462,  0.000000,  0.997654 },
					   {  0.000000,  1.000000,  0.000000 },
					   { -0.997654,  0.000000, -0.068462 } }
		}
	},

	{
		entity_name = "Char_T_Mk_IKhead_console_screen",
		type = MARKER,
		template_name = "",
		lt_grp = 0, srt_grp = 0, usr_flg = 0,
		spatialprops =
		{
			pos = { 5.98555, 1.142401, -0.008938 },
			orient = { { 1, 0, 0 }, { 0, 1, 0 }, { 0, 0, 1 } }
		}
	},

	{
		entity_name = "Char_T_Mk_IKhead_BackRoom",
		type = MARKER,
		template_name = "",
		lt_grp = 0, srt_grp = 0, usr_flg = 0,
		spatialprops =
		{
			pos = { -7.901473, 2.523266, 3.594567 },
			orient = { { 1, 0, 0 }, { 0, 1, 0 }, { 0, 0, 1 } }
		}
	},

	{
		entity_name = "Char_J_Mk_ort_08_to_exit",
		type = MARKER,
		template_name = "",
		lt_grp = 0, srt_grp = 0, usr_flg = 0,
		spatialprops =
		{
			pos = { 5.280758, 0.959241, -0.938167 },
			orient = { {  0.998980,  0.000000,  0.045155 },
					   {  0.000000,  1.000000,  0.000000 },
					   { -0.045155,  0.000000,  0.998980 } }
		}
	},

	{
		entity_name = "Char_VP_Mk_loc_03_supplies",
		type = MARKER,
		template_name = "",
		lt_grp = 0, srt_grp = 0, usr_flg = 0,
		spatialprops =
		{
			pos = { -1.629459, 0.972826, 0.7252 },
			orient = { { -0.995538,  0.000000, -0.094359 },
					   {  0.000000,  1.000000,  0.000000 },
					   {  0.094359,  0.000000, -0.995538 } }
		}
	},

	{
		entity_name = "Char_T_Mk_loc_03_anomolies",
		type = MARKER,
		template_name = "",
		lt_grp = 0, srt_grp = 0, usr_flg = 0,
		spatialprops =
		{
			pos = { 0.801358, 0.970293, 0.104994 },
			orient = { { -0.146883,  0.000000,  0.989154 },
					   {  0.000000,  1.000000,  0.000000 },
					   { -0.989154,  0.000000, -0.146883 } }
		}
	},

	{
		entity_name = "dx_s020x_2901_benford_cv_2",
		type = SOUND,
		template_name = "dx_s020x_2901_benford_cv",
		lt_grp = 0, srt_grp = 0, usr_flg = 0,
		spatialprops =
		{
			pos = { 0, 0, 0 },
			orient = { { 1, 0, 0 }, { 0, 1, 0 }, { 0, 0, 1 } }
		},
		audioprops =
		{
			attenuation = -1,
			pan = 0,
			dmin = 50,
			dmax = 1000,
			ain = 360,
			aout = 360,
			atout = 0,
			rmix = 0,
		},
		userprops =
		{
			category = "Audio",
		}
	},

	{
		entity_name = "Char_J_Mk_ort_02_to_window_B",
		type = MARKER,
		template_name = "",
		lt_grp = 0, srt_grp = 0, usr_flg = 0,
		spatialprops =
		{
			pos = { 2.629954, 0.959356, -1.31427 },
			orient = { {  0.212534,  0.000000,  0.977154 },
					   {  0.000000,  1.000000,  0.000000 },
					   { -0.977154,  0.000000,  0.212534 } }
		}
	},

	{
		entity_name = "Char_VP_Mk_loc_08_artifact",
		type = MARKER,
		template_name = "",
		lt_grp = 0, srt_grp = 0, usr_flg = 0,
		spatialprops =
		{
			pos = { 4.828253, 0.54578, 0.020908 },
			orient = { {  0.002678,  0.000000,  0.999996 },
					   {  0.000000,  1.000000,  0.000000 },
					   { -0.999996,  0.000000,  0.002678 } }
		}
	},

	{
		entity_name = "Char_T_Mk_ort_04_to_news",
		type = MARKER,
		template_name = "",
		lt_grp = 0, srt_grp = 0, usr_flg = 0,
		spatialprops =
		{
			pos = { 3.537875, 0.97295, 0.083671 },
			orient = { {  0.145019,  0.000000,  0.989429 },
					   {  0.000000,  1.000000,  0.000000 },
					   { -0.989429,  0.000000,  0.145019 } }
		}
	},

	{
		entity_name = "Char_T_Mk_loc_08_artifact",
		type = MARKER,
		template_name = "",
		lt_grp = 0, srt_grp = 0, usr_flg = 0,
		spatialprops =
		{
			pos = { 5.345338, 0.972931, 0.938371 },
			orient = { {  0.869482,  0.000000,  0.493965 },
					   {  0.000000,  1.000000,  0.000000 },
					   { -0.493965,  0.000000,  0.869482 } }
		}
	},

	{
		entity_name = "Char_T_Mk_loc_09_exit",
		type = MARKER,
		template_name = "",
		lt_grp = 0, srt_grp = 0, usr_flg = 0,
		spatialprops =
		{
			pos = { 3.495741, 0.972931, 0.11467 },
			orient = { {  0.988627,  0.000000,  0.150385 },
					   {  0.000000,  1.000000,  0.000000 },
					   { -0.150385,  0.000000,  0.988627 } }
		}
	},

	{
		entity_name = "Prop_artifact_Mk_on_table",
		type = MARKER,
		template_name = "",
		lt_grp = 0, srt_grp = 0, usr_flg = 0,
		spatialprops =
		{
			pos = { 5.564968, 1.081589, -0.000278 },
			orient = { {  1.000000,  0.000000,  0.000000 },
					   {  0.000000, -0.006743, -0.999977 },
					   {  0.000000,  0.999977, -0.006743 } }
		}
	},

	{
		entity_name = "Char_J_Mk_ort_07_to_li_ships",
		type = MARKER,
		template_name = "",
		lt_grp = 0, srt_grp = 0, usr_flg = 0,
		spatialprops =
		{
			pos = { 5.280758, 0.959241, -0.938167 },
			orient = { { -0.997279,  0.000000, -0.073726 },
					   {  0.000000,  1.000000,  0.000000 },
					   {  0.073726,  0.000000, -0.997279 } }
		}
	},

	{
		entity_name = "Mk_offscreen_location",
		type = MARKER,
		template_name = "",
		lt_grp = 0, srt_grp = 0, usr_flg = 0,
		spatialprops =
		{
			pos = { 0.679238, -200, -15.52276 },
			orient = { { 1, 0, 0 }, { 0, 1, 0 }, { 0, 0, 1 } }
		}
	},

	{
		entity_name = "Prop_artifact_Mk_ort_01",
		type = MARKER,
		template_name = "",
		lt_grp = 0, srt_grp = 0, usr_flg = 0,
		spatialprops =
		{
			pos = { 5.609553, 0.80317, -0.02847 },
			orient = { { -0.975058, -0.059857, -0.213727 },
					   {  0.000000,  0.962948, -0.269687 },
					   {  0.221951, -0.262961, -0.938930 } }
		}
	},

	{
		entity_name = "Prop_artifact_Mk_ort_02",
		type = MARKER,
		template_name = "",
		lt_grp = 0, srt_grp = 0, usr_flg = 0,
		spatialprops =
		{
			pos = { 5.609553, 0.80317, -0.02847 },
			orient = { {  0.892642, -0.400896,  0.206090 },
					   {  0.031668,  0.511843,  0.858495 },
					   { -0.449653, -0.759802,  0.469588 } }
		}
	},

	{
		entity_name = "Char_J_Mk_IKhead_tilt_ThisIsTrent",
		type = MARKER,
		template_name = "",
		lt_grp = 0, srt_grp = 0, usr_flg = 0,
		spatialprops =
		{
			pos = { -3.127378, 1.138505, -0.459441 },
			orient = { {  0.995778,  0.054150,  0.074116 },
					   { -0.091550,  0.527553,  0.844575 },
					   {  0.006634, -0.847794,  0.530284 } }
		}
	},

	{
		entity_name = "Char_T_Mk_IKhead_nod_down",
		type = MARKER,
		template_name = "",
		lt_grp = 0, srt_grp = 0, usr_flg = 0,
		spatialprops =
		{
			pos = { -2.473956, 1.564072, -0.551124 },
			orient = { { -0.054926,  0.001845, -0.998489 },
					   { -0.997539, -0.043739,  0.054793 },
					   { -0.043572,  0.999041,  0.004243 } }
		}
	},

	{
		entity_name = "Char_VP_Mk_IKhead",
		type = MARKER,
		template_name = "",
		lt_grp = 0, srt_grp = 0, usr_flg = 0,
		spatialprops =
		{
			pos = { 5.201137, 1.454908, -1.205916 },
			orient = { { -0.998858,  0.026296, -0.039880 },
					   { -0.041594, -0.068239,  0.996802 },
					   {  0.023490,  0.997322,  0.069255 } }
		}
	},

	{
		entity_name = "Char_T_Mk_IKhead_front",
		type = MARKER,
		template_name = "",
		lt_grp = 0, srt_grp = 0, usr_flg = 0,
		spatialprops =
		{
			pos = { -1.72661, 1.67854, -0.663233 },
			orient = { { -0.113590,  0.000000,  0.993528 },
					   {  0.000000,  1.000000,  0.000000 },
					   { -0.993528,  0.000000, -0.113590 } }
		}
	},

	{
		entity_name = "Char_T_Mk_IKhead",
		type = MARKER,
		template_name = "",
		lt_grp = 0, srt_grp = 0, usr_flg = 0,
		spatialprops =
		{
			pos = { -1.72661, 1.67854, -0.663233 },
			orient = { { -0.113590,  0.000000,  0.993528 },
					   {  0.000000,  1.000000,  0.000000 },
					   { -0.993528,  0.000000, -0.113590 } }
		}
	},

	{
		entity_name = "Char_T_Mk_IKhead_RT",
		type = MARKER,
		template_name = "",
		lt_grp = 0, srt_grp = 0, usr_flg = 0,
		spatialprops =
		{
			pos = { -1.215716, 1.67854, 0.102424 },
			orient = { { -0.113590,  0.000000,  0.993528 },
					   {  0.000000,  1.000000,  0.000000 },
					   { -0.993528,  0.000000, -0.113590 } }
		}
	},

	{
		entity_name = "Char_T_Mk_IKhead_LT",
		type = MARKER,
		template_name = "",
		lt_grp = 0, srt_grp = 0, usr_flg = 0,
		spatialprops =
		{
			pos = { -1.215716, 1.67854, 0.102424 },
			orient = { { -0.113590,  0.000000,  0.993528 },
					   {  0.000000,  1.000000,  0.000000 },
					   { -0.993528,  0.000000, -0.113590 } }
		}
	},

	{
		entity_name = "Char_VP_Mk_IKhead_console_screen",
		type = MARKER,
		template_name = "",
		lt_grp = 0, srt_grp = 0, usr_flg = 0,
		spatialprops =
		{
			pos = { 5.98555, 1.142401, -0.008938 },
			orient = { { 1, 0, 0 }, { 0, 1, 0 }, { 0, 0, 1 } }
		}
	},

	{
		entity_name = "Char_T_Mk_IKhand_artifact_jacket",
		type = MARKER,
		template_name = "",
		lt_grp = 0, srt_grp = 0, usr_flg = 0,
		spatialprops =
		{
			pos = { 3.399316, 1.276468, 0.30112 },
			orient = { {  0.409977, -0.709202,  0.573543 },
					   {  0.735438, -0.114900, -0.667779 },
					   {  0.539490,  0.695579,  0.474468 } }
		}
	},

	{
		entity_name = "Char_T_Mk_IKelbow_artifact_jacket",
		type = MARKER,
		template_name = "",
		lt_grp = 0, srt_grp = 0, usr_flg = 0,
		spatialprops =
		{
			pos = { 3.662783, 1.170724, -0.217377 },
			orient = { {  0.619837,  0.465195, -0.631978 },
					   {  0.107652,  0.747323,  0.655683 },
					   {  0.777312, -0.474450,  0.413139 } }
		}
	},

	{
		entity_name = "Char_T_Mk_IKhand_artifact_grab",
		type = MARKER,
		template_name = "",
		lt_grp = 0, srt_grp = 0, usr_flg = 0,
		spatialprops =
		{
			pos = { 5.624974, 0.859105, 0.148904 },
			orient = { { -0.326370, -0.813279, -0.481727 },
					   { -0.591886,  0.573186, -0.566682 },
					   {  0.736989,  0.100179, -0.668439 } }
		}
	},

	{
		entity_name = "Char_T_Mk_IKtorso_artifact_grab",
		type = MARKER,
		template_name = "",
		lt_grp = 0, srt_grp = 0, usr_flg = 0,
		spatialprops =
		{
			pos = { 5.465001, 0.973246, 0.484829 },
			orient = { {  0.934570, -0.034961,  0.354056 },
					   {  0.341791, -0.188072, -0.920765 },
					   {  0.098779,  0.981533, -0.163818 } }
		}
	},

	{
		entity_name = "Char_T_Mk_IKelbow_artifact_grab",
		type = MARKER,
		template_name = "",
		lt_grp = 0, srt_grp = 0, usr_flg = 0,
		spatialprops =
		{
			pos = { 5.264246, 0.979724, 0.35566 },
			orient = { { -0.279191,  0.493108, -0.823952 },
					   {  0.452915,  0.824251,  0.339820 },
					   {  0.846711, -0.278306, -0.453460 } }
		}
	},

	{
		entity_name = "Char_J_Mk_IKhead_console_screen",
		type = MARKER,
		template_name = "",
		lt_grp = 0, srt_grp = 0, usr_flg = 0,
		spatialprops =
		{
			pos = { 6.05402, 1.40401, 0.133425 },
			orient = { { 1, 0, 0 }, { 0, 1, 0 }, { 0, 0, 1 } }
		}
	},

	{
		entity_name = "Char_J_Mk_IKhead",
		type = MARKER,
		template_name = "",
		lt_grp = 0, srt_grp = 0, usr_flg = 0,
		spatialprops =
		{
			pos = { 6.035251, 1.258203, -0.146302 },
			orient = { {  0.995778,  0.054150,  0.074116 },
					   { -0.091550,  0.527553,  0.844575 },
					   {  0.006634, -0.847794,  0.530284 } }
		}
	},

	{
		entity_name = "Char_J_Mk_IKhead_VP_sitting",
		type = MARKER,
		template_name = "",
		lt_grp = 0, srt_grp = 0, usr_flg = 0,
		spatialprops =
		{
			pos = { 4.971031, 1.45676, 0.009361 },
			orient = { {  0.995778,  0.054150,  0.074116 },
