duration = 116.250;

entities =
{

	{
		entity_name = "Layer_s026b_accept_juni_br_02_bar",
		type = SCENE,
		template_name = "",
		lt_grp = 0, srt_grp = 0, usr_flg = 0,
		spatialprops =
		{
			pos = { 0, 0, 0 },
			orient = { { 1, 0, 0 }, { 0, 1, 0 }, { 0, 0, 1 } }
		},
		up = Y_AXIS,
		front = Z_AXIS,
		ambient = { 0, 0, 0 }
	},

	{
		entity_name = "Char_Juni",
		type = DEFORMABLE,
		template_name = "juni",
		lt_grp = 1, srt_grp = 0, usr_flg = 0,
		flags = LIT_DYNAMIC,
		spatialprops =
		{
			pos = { -1.87354, 0.01, 1.452324 },
			orient = { { -0.718099,  0.000000,  0.695941 },
					   {  0.000000,  1.000000,  0.000000 },
					   { -0.695941,  0.000000, -0.718099 } }
		},
		compoundprops =
		{
			floor_height = 0.01
		},
		userprops =
		{
			actor = "juni",
			category = "Character",
		}
	},

	{
		entity_name = "Char_Trent",
		type = DEFORMABLE,
		template_name = "trent",
		lt_grp = 1, srt_grp = 0, usr_flg = 0,
		flags = LIT_DYNAMIC,
		spatialprops =
		{
			pos = { -1.121726, 0, 2.042212 },
			orient = { {  0.504389,  0.000000, -0.863476 },
					   {  0.000000,  1.000000,  0.000000 },
					   {  0.863476,  0.000000,  0.504389 } }
		},
		compoundprops =
		{
			floor_height = 0
		},
		userprops =
		{
			actor = "player",
			category = "Character",
		}
	},

	{
		entity_name = "dx_s026b_0201_juni_9",
		type = SOUND,
		template_name = "dx_s026b_0201_juni",
		lt_grp = 0, srt_grp = 0, usr_flg = 0,
		spatialprops =
		{
			pos = { 0, 0, 0 },
			orient = { { 1, 0, 0 }, { 0, 1, 0 }, { 0, 0, 1 } }
		},
		audioprops =
		{
			attenuation = -1,
			pan = 0,
			dmin = 50,
			dmax = 1000,
			ain = 360,
			aout = 360,
			atout = 0,
			rmix = 0,
		},
		userprops =
		{
			category = "Audio",
		}
	},

	{
		entity_name = "dx_s026b_0401_juni_11",
		type = SOUND,
		template_name = "dx_s026b_0401_juni",
		lt_grp = 0, srt_grp = 0, usr_flg = 0,
		spatialprops =
		{
			pos = { 0, 0, 0 },
			orient = { { 1, 0, 0 }, { 0, 1, 0 }, { 0, 0, 1 } }
		},
		audioprops =
		{
			attenuation = -1,
			pan = 0,
			dmin = 50,
			dmax = 1000,
			ain = 360,
			aout = 360,
			atout = 0,
			rmix = 0,
		},
		userprops =
		{
			category = "Audio",
		}
	},

	{
		entity_name = "dx_s026b_0402_juni_12",
		type = SOUND,
		template_name = "dx_s026b_0402_juni",
		lt_grp = 0, srt_grp = 0, usr_flg = 0,
		spatialprops =
		{
			pos = { 0, 0, 0 },
			orient = { { 1, 0, 0 }, { 0, 1, 0 }, { 0, 0, 1 } }
		},
		audioprops =
		{
			attenuation = -1,
			pan = 0,
			dmin = 50,
			dmax = 1000,
			ain = 360,
			aout = 360,
			atout = 0,
			rmix = 0,
		},
		userprops =
		{
			category = "Audio",
		}
	},

	{
		entity_name = "dx_s026b_0601_juni_14",
		type = SOUND,
		template_name = "dx_s026b_0601_juni",
		lt_grp = 0, srt_grp = 0, usr_flg = 0,
		spatialprops =
		{
			pos = { 0, 0, 0 },
			orient = { { 1, 0, 0 }, { 0, 1, 0 }, { 0, 0, 1 } }
		},
		audioprops =
		{
			attenuation = -1,
			pan = 0,
			dmin = 50,
			dmax = 1000,
			ain = 360,
			aout = 360,
			atout = 0,
			rmix = 0,
		},
		userprops =
		{
			category = "Audio",
		}
	},

	{
		entity_name = "dx_s026b_0701_juni_15",
		type = SOUND,
		template_name = "dx_s026b_0701_juni",
		lt_grp = 0, srt_grp = 0, usr_flg = 0,
		spatialprops =
		{
			pos = { 0, 0, 0 },
			orient = { { 1, 0, 0 }, { 0, 1, 0 }, { 0, 0, 1 } }
		},
		audioprops =
		{
			attenuation = -1,
			pan = 0,
			dmin = 50,
			dmax = 1000,
			ain = 360,
			aout = 360,
			atout = 0,
			rmix = 0,
		},
		userprops =
		{
			category = "Audio",
		}
	},

	{
		entity_name = "dx_s026b_1101_juni_19",
		type = SOUND,
		template_name = "dx_s026b_1101_juni",
		lt_grp = 0, srt_grp = 0, usr_flg = 0,
		spatialprops =
		{
			pos = { 0, 0, 0 },
			orient = { { 1, 0, 0 }, { 0, 1, 0 }, { 0, 0, 1 } }
		},
		audioprops =
		{
			attenuation = -1,
			pan = 0,
			dmin = 50,
			dmax = 1000,
			ain = 360,
			aout = 360,
			atout = 0,
			rmix = 0,
		},
		userprops =
		{
			category = "Audio",
		}
	},

	{
		entity_name = "dx_s026b_1102_juni_20",
		type = SOUND,
		template_name = "dx_s026b_1102_juni",
		lt_grp = 0, srt_grp = 0, usr_flg = 0,
		spatialprops =
		{
			pos = { 0, 0, 0 },
			orient = { { 1, 0, 0 }, { 0, 1, 0 }, { 0, 0, 1 } }
		},
		audioprops =
		{
			attenuation = -1,
			pan = 0,
			dmin = 50,
			dmax = 1000,
			ain = 360,
			aout = 360,
			atout = 0,
			rmix = 0,
		},
		userprops =
		{
			category = "Audio",
		}
	},

	{
		entity_name = "dx_s026b_1601_juni_25",
		type = SOUND,
		template_name = "dx_s026b_1601_juni",
		lt_grp = 0, srt_grp = 0, usr_flg = 0,
		spatialprops =
		{
			pos = { 0, 0, 0 },
			orient = { { 1, 0, 0 }, { 0, 1, 0 }, { 0, 0, 1 } }
		},
		audioprops =
		{
			attenuation = -3,
			pan = 0,
			dmin = 50,
			dmax = 1000,
			ain = 360,
			aout = 360,
			atout = 0,
			rmix = 0,
		},
		userprops =
		{
			category = "Audio",
		}
	},

	{
		entity_name = "dx_s026b_1801_juni_27",
		type = SOUND,
		template_name = "dx_s026b_1801_juni",
		lt_grp = 0, srt_grp = 0, usr_flg = 0,
		spatialprops =
		{
			pos = { 0, 0, 0 },
			orient = { { 1, 0, 0 }, { 0, 1, 0 }, { 0, 0, 1 } }
		},
		audioprops =
		{
			attenuation = -1,
			pan = 0,
			dmin = 50,
			dmax = 1000,
			ain = 360,
			aout = 360,
			atout = 0,
			rmix = 0,
		},
		userprops =
		{
			category = "Audio",
		}
	},

	{
		entity_name = "dx_s026b_2001_juni_29",
		type = SOUND,
		template_name = "dx_s026b_2001_juni",
		lt_grp = 0, srt_grp = 0, usr_flg = 0,
		spatialprops =
		{
			pos = { 0, 0, 0 },
			orient = { { 1, 0, 0 }, { 0, 1, 0 }, { 0, 0, 1 } }
		},
		audioprops =
		{
			attenuation = -1,
			pan = 0,
			dmin = 50,
			dmax = 1000,
			ain = 360,
			aout = 360,
			atout = 0,
			rmix = 0,
		},
		userprops =
		{
			category = "Audio",
		}
	},

	{
		entity_name = "dx_s026b_2201_juni_31",
		type = SOUND,
		template_name = "dx_s026b_2201_juni",
		lt_grp = 0, srt_grp = 0, usr_flg = 0,
		spatialprops =
		{
			pos = { 0, 0, 0 },
			orient = { { 1, 0, 0 }, { 0, 1, 0 }, { 0, 0, 1 } }
		},
		audioprops =
		{
			attenuation = -1,
			pan = 0,
			dmin = 50,
			dmax = 1000,
			ain = 360,
			aout = 360,
			atout = 0,
			rmix = 0,
		},
		userprops =
		{
			category = "Audio",
		}
	},

	{
		entity_name = "dx_s026b_2301_juni_32",
		type = SOUND,
		template_name = "dx_s026b_2301_juni",
		lt_grp = 0, srt_grp = 0, usr_flg = 0,
		spatialprops =
		{
			pos = { 0, 0, 0 },
			orient = { { 1, 0, 0 }, { 0, 1, 0 }, { 0, 0, 1 } }
		},
		audioprops =
		{
			attenuation = -1,
			pan = 0,
			dmin = 50,
			dmax = 1000,
			ain = 360,
			aout = 360,
			atout = 0,
			rmix = 0,
		},
		userprops =
		{
			category = "Audio",
		}
	},

	{
		entity_name = "dx_s026b_2801_juni_37",
		type = SOUND,
		template_name = "dx_s026b_2801_juni",
		lt_grp = 0, srt_grp = 0, usr_flg = 0,
		spatialprops =
		{
			pos = { 0, 0, 0 },
			orient = { { 1, 0, 0 }, { 0, 1, 0 }, { 0, 0, 1 } }
		},
		audioprops =
		{
			attenuation = -1,
			pan = 0,
			dmin = 50,
			dmax = 1000,
			ain = 360,
			aout = 360,
			atout = 0,
			rmix = 0,
		},
		userprops =
		{
			category = "Audio",
		}
	},

	{
		entity_name = "dx_s026b_0101_Trent_1",
		type = SOUND,
		template_name = "dx_s026b_0101_Trent",
		lt_grp = 0, srt_grp = 0, usr_flg = 0,
		spatialprops =
		{
			pos = { 0, 0, 0 },
			orient = { { 1, 0, 0 }, { 0, 1, 0 }, { 0, 0, 1 } }
		},
		audioprops =
		{
			attenuation = -1,
			pan = 0,
			dmin = 50,
			dmax = 1000,
			ain = 360,
			aout = 360,
			atout = 0,
			rmix = 0,
		},
		userprops =
		{
			category = "Audio",
		}
	},

	{
		entity_name = "dx_s026b_0301_Trent_2",
		type = SOUND,
		template_name = "dx_s026b_0301_Trent",
		lt_grp = 0, srt_grp = 0, usr_flg = 0,
		spatialprops =
		{
			pos = { 0, 0, 0 },
			orient = { { 1, 0, 0 }, { 0, 1, 0 }, { 0, 0, 1 } }
		},
		audioprops =
		{
			attenuation = -1,
			pan = 0,
			dmin = 50,
			dmax = 1000,
			ain = 360,
			aout = 360,
			atout = 0,
			rmix = 0,
		},
		userprops =
		{
			category = "Audio",
		}
	},

	{
		entity_name = "dx_s026b_0501_Trent_3",
		type = SOUND,
		template_name = "dx_s026b_0501_Trent",
		lt_grp = 0, srt_grp = 0, usr_flg = 0,
		spatialprops =
		{
			pos = { 0, 0, 0 },
			orient = { { 1, 0, 0 }, { 0, 1, 0 }, { 0, 0, 1 } }
		},
		audioprops =
		{
			attenuation = -1,
			pan = 0,
			dmin = 50,
			dmax = 1000,
			ain = 360,
			aout = 360,
			atout = 0,
			rmix = 0,
		},
		userprops =
		{
			category = "Audio",
		}
	},

	{
		entity_name = "dx_s026b_0801_Vance_4",
		type = SOUND,
		template_name = "dx_s026b_0801_Vance",
		lt_grp = 0, srt_grp = 0, usr_flg = 0,
		spatialprops =
		{
			pos = { 0, 0, 0 },
			orient = { { 1, 0, 0 }, { 0, 1, 0 }, { 0, 0, 1 } }
		},
		audioprops =
		{
			attenuation = -1,
			pan = 0,
			dmin = 50,
			dmax = 1000,
			ain = 360,
			aout = 360,
			atout = 0,
			rmix = 0,
		},
		userprops =
		{
			category = "Audio",
		}
	},

	{
		entity_name = "dx_s026b_1001_Vance_6",
		type = SOUND,
		template_name = "dx_s026b_1001_Vance",
		lt_grp = 0, srt_grp = 0, usr_flg = 0,
		spatialprops =
		{
			pos = { 0, 0, 0 },
			orient = { { 1, 0, 0 }, { 0, 1, 0 }, { 0, 0, 1 } }
		},
		audioprops =
		{
			attenuation = -1,
			pan = 0,
			dmin = 50,
			dmax = 1000,
			ain = 360,
			aout = 360,
			atout = 0,
			rmix = 0,
		},
		userprops =
		{
			category = "Audio",
		}
	},

	{
		entity_name = "dx_s026b_1201_Vance_7",
		type = SOUND,
		template_name = "dx_s026b_1201_Vance",
		lt_grp = 0, srt_grp = 0, usr_flg = 0,
		spatialprops =
		{
			pos = { 0, 0, 0 },
			orient = { { 1, 0, 0 }, { 0, 1, 0 }, { 0, 0, 1 } }
		},
		audioprops =
		{
			attenuation = -1,
			pan = 0,
			dmin = 50,
			dmax = 1000,
			ain = 360,
			aout = 360,
			atout = 0,
			rmix = 0,
		},
		userprops =
		{
			category = "Audio",
		}
	},

	{
		entity_name = "dx_s026b_1301_Trent_8",
		type = SOUND,
		template_name = "dx_s026b_1301_Trent",
		lt_grp = 0, srt_grp = 0, usr_flg = 0,
		spatialprops =
		{
			pos = { 0, 0, 0 },
			orient = { { 1, 0, 0 }, { 0, 1, 0 }, { 0, 0, 1 } }
		},
		audioprops =
		{
			attenuation = -1,
			pan = 0,
			dmin = 50,
			dmax = 1000,
			ain = 360,
			aout = 360,
			atout = 0,
			rmix = 0,
		},
		userprops =
		{
			category = "Audio",
		}
	},

	{
		entity_name = "dx_s026b_1401_Trent_9",
		type = SOUND,
		template_name = "dx_s026b_1401_Trent",
		lt_grp = 0, srt_grp = 0, usr_flg = 0,
		spatialprops =
		{
			pos = { 0, 0, 0 },
			orient = { { 1, 0, 0 }, { 0, 1, 0 }, { 0, 0, 1 } }
		},
		audioprops =
		{
			attenuation = -1,
			pan = 0,
			dmin = 50,
			dmax = 1000,
			ain = 360,
			aout = 360,
			atout = 0,
			rmix = 0,
		},
		userprops =
		{
			category = "Audio",
		}
	},

	{
		entity_name = "dx_s026b_1501_Vance_10",
		type = SOUND,
		template_name = "dx_s026b_1501_Vance",
		lt_grp = 0, srt_grp = 0, usr_flg = 0,
		spatialprops =
		{
			pos = { 0, 0, 0 },
			orient = { { 1, 0, 0 }, { 0, 1, 0 }, { 0, 0, 1 } }
		},
		audioprops =
		{
			attenuation = -1,
			pan = 0,
			dmin = 50,
			dmax = 1000,
			ain = 360,
			aout = 360,
			atout = 0,
			rmix = 0,
		},
		userprops =
		{
			category = "Audio",
		}
	},

	{
		entity_name = "dx_s026b_1901_Vance_12",
		type = SOUND,
		template_name = "dx_s026b_1901_Vance",
		lt_grp = 0, srt_grp = 0, usr_flg = 0,
		spatialprops =
		{
			pos = { 0, 0, 0 },
			orient = { { 1, 0, 0 }, { 0, 1, 0 }, { 0, 0, 1 } }
		},
		audioprops =
		{
			attenuation = -1,
			pan = 0,
			dmin = 50,
			dmax = 1000,
			ain = 360,
			aout = 360,
			atout = 0,
			rmix = 0,
		},
		userprops =
		{
			category = "Audio",
		}
	},

	{
		entity_name = "dx_s026b_2101_Vance_13",
		type = SOUND,
		template_name = "dx_s026b_2101_Vance",
		lt_grp = 0, srt_grp = 0, usr_flg = 0,
		spatialprops =
		{
			pos = { 0, 0, 0 },
			orient = { { 1, 0, 0 }, { 0, 1, 0 }, { 0, 0, 1 } }
		},
		audioprops =
		{
			attenuation = -1,
			pan = 0,
			dmin = 50,
			dmax = 1000,
			ain = 360,
			aout = 360,
			atout = 0,
			rmix = 0,
		},
		userprops =
		{
			category = "Audio",
		}
	},

	{
		entity_name = "dx_s026b_2401_Vance_14",
		type = SOUND,
		template_name = "dx_s026b_2401_Vance",
		lt_grp = 0, srt_grp = 0, usr_flg = 0,
		spatialprops =
		{
			pos = { 0, 0, 0 },
			orient = { { 1, 0, 0 }, { 0, 1, 0 }, { 0, 0, 1 } }
		},
		audioprops =
		{
			attenuation = -1,
			pan = 0,
			dmin = 50,
			dmax = 1000,
			ain = 360,
			aout = 360,
			atout = 0,
			rmix = 0,
		},
		userprops =
		{
			category = "Audio",
		}
	},

	{
		entity_name = "dx_s026b_2501_Trent_15",
		type = SOUND,
		template_name = "dx_s026b_2501_Trent",
		lt_grp = 0, srt_grp = 0, usr_flg = 0,
		spatialprops =
		{
			pos = { 0, 0, 0 },
			orient = { { 1, 0, 0 }, { 0, 1, 0 }, { 0, 0, 1 } }
		},
		audioprops =
		{
			attenuation = -1,
			pan = 0,
			dmin = 50,
			dmax = 1000,
			ain = 360,
			aout = 360,
			atout = 0,
			rmix = 0,
		},
		userprops =
		{
			category = "Audio",
		}
	},

	{
		entity_name = "dx_s026b_2601_Vance_16",
		type = SOUND,
		template_name = "dx_s026b_2601_Vance",
		lt_grp = 0, srt_grp = 0, usr_flg = 0,
		spatialprops =
		{
			pos = { 0, 0, 0 },
			orient = { { 1, 0, 0 }, { 0, 1, 0 }, { 0, 0, 1 } }
		},
		audioprops =
		{
			attenuation = -1,
			pan = 0,
			dmin = 50,
			dmax = 1000,
			ain = 360,
			aout = 360,
			atout = 0,
			rmix = 0,
		},
		userprops =
		{
			category = "Audio",
		}
	},

	{
		entity_name = "dx_s026b_2701_Trent_17",
		type = SOUND,
		template_name = "dx_s026b_2701_Trent",
		lt_grp = 0, srt_grp = 0, usr_flg = 0,
		spatialprops =
		{
			pos = { 0, 0, 0 },
			orient = { { 1, 0, 0 }, { 0, 1, 0 }, { 0, 0, 1 } }
		},
		audioprops =
		{
			attenuation = -1,
			pan = 0,
			dmin = 50,
			dmax = 1000,
			ain = 360,
			aout = 360,
			atout = 0,
			rmix = 0,
		},
		userprops =
		{
			category = "Audio",
		}
	},

	{
		entity_name = "dx_s026b_2901_Trent_18",
		type = SOUND,
		template_name = "dx_s026b_2901_Trent",
		lt_grp = 0, srt_grp = 0, usr_flg = 0,
		spatialprops =
		{
			pos = { 0, 0, 0 },
			orient = { { 1, 0, 0 }, { 0, 1, 0 }, { 0, 0, 1 } }
		},
		audioprops =
		{
			attenuation = -1,
			pan = 0,
			dmin = 50,
			dmax = 1000,
			ain = 360,
			aout = 360,
			atout = 0,
			rmix = 0,
		},
		userprops =
		{
			category = "Audio",
		}
	},

	{
		entity_name = "dx_s026b_3001_Vance_19",
		type = SOUND,
		template_name = "dx_s026b_3001_Vance",
		lt_grp = 0, srt_grp = 0, usr_flg = 0,
		spatialprops =
		{
			pos = { 0, 0, 0 },
			orient = { { 1, 0, 0 }, { 0, 1, 0 }, { 0, 0, 1 } }
		},
		audioprops =
		{
			attenuation = -1,
			pan = 0,
			dmin = 50,
			dmax = 1000,
			ain = 360,
			aout = 360,
			atout = 0,
			rmix = 0,
		},
		userprops =
		{
			category = "Audio",
		}
	},

	{
		entity_name = "dx_s026b_0802_Vance_8",
		type = SOUND,
		template_name = "dx_s026b_0802_Vance",
		lt_grp = 0, srt_grp = 0, usr_flg = 0,
		spatialprops =
		{
			pos = { 0, 0, 0 },
			orient = { { 1, 0, 0 }, { 0, 1, 0 }, { 0, 0, 1 } }
		},
		audioprops =
		{
			attenuation = -1,
			pan = 0,
			dmin = 50,
			dmax = 1000,
			ain = 360,
			aout = 360,
			atout = 0,
			rmix = 0,
		},
		userprops =
		{
			category = "Audio",
		}
	},

	{
		entity_name = "dx_s026b_1202_Vance_10",
		type = SOUND,
		template_name = "dx_s026b_1202_Vance",
		lt_grp = 0, srt_grp = 0, usr_flg = 0,
		spatialprops =
		{
			pos = { 0, 0, 0 },
			orient = { { 1, 0, 0 }, { 0, 1, 0 }, { 0, 0, 1 } }
		},
		audioprops =
		{
			attenuation = -1,
			pan = 0,
			dmin = 50,
			dmax = 1000,
			ain = 360,
			aout = 360,
			atout = 0,
			rmix = 0,
		},
		userprops =
		{
			category = "Audio",
		}
	},

	{
		entity_name = "dx_s026b_1502_Vance_11",
		type = SOUND,
		template_name = "dx_s026b_1502_Vance",
		lt_grp = 0, srt_grp = 0, usr_flg = 0,
		spatialprops =
		{
			pos = { 0, 0, 0 },
			orient = { { 1, 0, 0 }, { 0, 1, 0 }, { 0, 0, 1 } }
		},
		audioprops =
		{
			attenuation = -1,
			pan = 0,
			dmin = 50,
			dmax = 1000,
			ain = 360,
			aout = 360,
			atout = 0,
			rmix = 0,
		},
		userprops =
		{
			category = "Audio",
		}
	},

	{
		entity_name = "dx_s026b_1702_Vance_13",
		type = SOUND,
		template_name = "dx_s026b_1702_Vance",
		lt_grp = 0, srt_grp = 0, usr_flg = 0,
		spatialprops =
		{
			pos = { 0, 0, 0 },
			orient = { { 1, 0, 0 }, { 0, 1, 0 }, { 0, 0, 1 } }
		},
		audioprops =
		{
			attenuation = -1,
			pan = 0,
			dmin = 50,
			dmax = 1000,
			ain = 360,
			aout = 360,
			atout = 0,
			rmix = 0,
		},
		userprops =
		{
			category = "Audio",
		}
	},

	{
		entity_name = "dx_s026b_2402_Vance_14",
		type = SOUND,
		template_name = "dx_s026b_2402_Vance",
		lt_grp = 0, srt_grp = 0, usr_flg = 0,
		spatialprops =
		{
			pos = { 0, 0, 0 },
			orient = { { 1, 0, 0 }, { 0, 1, 0 }, { 0, 0, 1 } }
		},
		audioprops =
		{
			attenuation = -1,
			pan = 0,
			dmin = 50,
			dmax = 1000,
			ain = 360,
			aout = 360,
			atout = 0,
			rmix = 0,
		},
		userprops =
		{
			category = "Audio",
		}
	},

	{
		entity_name = "Cam_Monitor_s026b",
		type = MONITOR,
		template_name = "",
		lt_grp = 0, srt_grp = 0, usr_flg = 0,
		userprops =
		{
			Priority = "Monitor_Moving_1",
		}
	},

	{
		entity_name = "Camera",
		type = CAMERA,
		template_name = "",
		lt_grp = 0, srt_grp = 0, usr_flg = 0,
		flags = HIDDEN,
		spatialprops =
		{
			pos = { -1.582699, 1.727148, -6.444966 },
			orient = { { -0.939826,  0.000000,  0.341653 },
					   {  0.053771,  0.987538,  0.147913 },
					   { -0.337395,  0.157383, -0.928114 } }
		},
		cameraprops =
		{
			fovh = 20,
			hvaspect = 1.85,
			nearplane = 0.4,
			farplane = 4000
		}
	},

	{
		entity_name = "Char_Vance",
		type = DEFORMABLE,
		template_name = "vance",
		lt_grp = 1, srt_grp = 0, usr_flg = 0,
		flags = LIT_DYNAMIC + LIT_AMBIENT,
		spatialprops =
		{
			pos = { 4.46149, 0, 3.125753 },
			orient = { {  0.904350, -0.000089, -0.426792 },
					   {  0.009451,  0.999759,  0.019818 },
					   {  0.426687, -0.021956,  0.904133 } }
		},
		compoundprops =
		{
			floor_height = 0
		},
		userprops =
		{
			actor = "vance",
			category = "Character",
		}
	},

	{
		entity_name = "Cam_01_OTS_Juni",
		type = CAMERA,
		template_name = "",
		lt_grp = 0, srt_grp = 0, usr_flg = 0,
		flags = HIDDEN,
		spatialprops =
		{
			pos = { -2.579131, 1.593701, 1.517514 },
			orient = { { -0.174369,  0.000000,  0.984680 },
					   {  0.053548,  0.998520,  0.009482 },
					   { -0.983223,  0.054381, -0.174111 } }
		},
		cameraprops =
		{
			fovh = 27,
			hvaspect = 1.85,
			nearplane = 0.4,
			farplane = 4000
		}
	},

	{
		entity_name = "Cam_02_OTS_Trent",
		type = CAMERA,
		template_name = "",
		lt_grp = 0, srt_grp = 0, usr_flg = 0,
		flags = HIDDEN,
		spatialprops =
		{
			pos = { -1.126233, 1.671323, 2.719241 },
			orient = { {  0.939507,  0.000000, -0.342531 },
					   { -0.043339,  0.991963, -0.118872 },
					   {  0.339778,  0.126526,  0.931956 } }
		},
		cameraprops =
		{
			fovh = 22,
			hvaspect = 1.85,
			nearplane = 0.4,
			farplane = 4000
		}
	},

	{
		entity_name = "Cam_03_Table_1",
		type = CAMERA,
		template_name = "",
		lt_grp = 0, srt_grp = 0, usr_flg = 0,
		flags = HIDDEN,
		spatialprops =
		{
			pos = { 1.64979, 1.382092, 2.082475 },
			orient = { { -0.040239,  0.000000,  0.999190 },
					   {  0.191020,  0.981556,  0.007693 },
					   { -0.980761,  0.191174, -0.039497 } }
		},
		cameraprops =
		{
			fovh = 22,
			hvaspect = 1.85,
			nearplane = 0.4,
			farplane = 4000
		}
	},

	{
		entity_name = "Zs/NPC/mTable3/01/P2/Stand",
		type = MARKER,
		template_name = "",
		lt_grp = 0, srt_grp = 0, usr_flg = 0,
		flags = REFERENCE,
		spatialprops =
		{
			pos = { 3.7494, 0, 1.0468 },
			orient = { { -0.907144,  0.000000,  0.420819 },
					   {  0.000000,  1.000000,  0.000000 },
					   { -0.420819,  0.000000, -0.907144 } }
		}
	},

	{
		entity_name = "Zg/NPC/mTable3/01/B/SitLow",
		type = MARKER,
		template_name = "",
		lt_grp = 0, srt_grp = 0, usr_flg = 0,
		flags = REFERENCE,
		spatialprops =
		{
			pos = { 3.987735, -0.010678, 3.134356 },
			orient = { {  0.999693, -0.000537, -0.024762 },
					   {  0.001080,  0.999759,  0.021930 },
					   {  0.024745, -0.021950,  0.999453 } }
		}
	},

	{
		entity_name = "Mk_Juni_Chair",
		type = MARKER,
		template_name = "",
		lt_grp = 0, srt_grp = 0, usr_flg = 0,
		spatialprops =
		{
			pos = { 5.008375, 0.533037, 1.813424 },
			orient = { { -1.000000, -0.000537, -0.000348 },
					   { -0.000529,  0.999759, -0.021950 },
					   {  0.000359, -0.021950, -0.999759 } }
		}
	},

	{
		entity_name = "Mk_Trent_Table3",
		type = MARKER,
		template_name = "",
		lt_grp = 0, srt_grp = 0, usr_flg = 0,
		spatialprops =
		{
			pos = { 3.650434, 0.973829, 0.910879 },
			orient = { { -0.881742,  0.000000,  0.471732 },
					   {  0.000000,  1.000000,  0.000000 },
					   { -0.471732,  0.000000, -0.881742 } }
		}
	},

	{
		entity_name = "Cam_07_Table_3_shot_high_Left",
		type = CAMERA,
		template_name = "",
		lt_grp = 0, srt_grp = 0, usr_flg = 0,
		flags = HIDDEN,
		spatialprops =
		{
			pos = { 2.880774, 1.058461, 0.091038 },
			orient = { { -0.763219,  0.000000,  0.646139 },
					   {  0.042720,  0.997812,  0.050461 },
					   { -0.644726,  0.066115, -0.761549 } }
		},
		cameraprops =
		{
			fovh = 24,
			hvaspect = 1.85,
			nearplane = 0.4,
			farplane = 4000
		}
	},

	{
		entity_name = "Cam_04_Table_ACOH_Vance_to_Juni",
		type = CAMERA,
		template_name = "",
		lt_grp = 0, srt_grp = 0, usr_flg = 0,
		flags = HIDDEN,
		spatialprops =
		{
			pos = { 3.818795, 1.221348, 3.520084 },
			orient = { {  0.811620,  0.000000,  0.584186 },
					   {  0.069008,  0.992999, -0.095874 },
					   { -0.580096,  0.118126,  0.805937 } }
		},
		cameraprops =
		{
			fovh = 23,
			hvaspect = 1.85,
			nearplane = 0.4,
			farplane = 4000
		}
	},

	{
		entity_name = "Cam_06_Table_3shot_Right",
		type = CAMERA,
		template_name = "",
		lt_grp = 0, srt_grp = 0, usr_flg = 0,
		flags = HIDDEN,
		spatialprops =
		{
			pos = { 2.47809, 1.036081, 3.755323 },
			orient = { {  0.603174,  0.000000,  0.797610 },
					   {  0.005095,  0.999980, -0.003853 },
					   { -0.797593,  0.006388,  0.603162 } }
		},
		cameraprops =
		{
			fovh = 20,
			hvaspect = 1.85,
			nearplane = 0.4,
			farplane = 4000
		}
	},

	{
		entity_name = "Cam_Table_ACS",
		type = CAMERA,
		template_name = "",
		lt_grp = 0, srt_grp = 0, usr_flg = 0,
		flags = HIDDEN,
		spatialprops =
		{
			pos = { 1.8292, 0.769353, 0.964722 },
			orient = { { -0.427407,  0.000000,  0.904059 },
					   {  0.160351,  0.984145,  0.075808 },
					   { -0.889725,  0.177368, -0.420630 } }
		},
		cameraprops =
		{
			fovh = 20,
			hvaspect = 1.85,
			nearplane = 0.4,
			farplane = 4000
		}
	},

	{
		entity_name = "Cam_Table_ACU",
		type = CAMERA,
		template_name = "",
		lt_grp = 0, srt_grp = 0, usr_flg = 0,
		flags = HIDDEN,
		spatialprops =
		{
			pos = { 4.16044, 1.387947, 1.791264 },
			orient = { { -0.405424,  0.000000,  0.914129 },
					   {  0.137138,  0.988683,  0.060822 },
					   { -0.903783,  0.150021, -0.400836 } }
		},
		cameraprops =
		{
			fovh = 20,
			hvaspect = 1.85,
			nearplane = 0.4,
			farplane = 4000
		}
	},

	{
		entity_name = "prop_bottle_wine",
		type = COMPOUND,
		template_name = "bottle_wine_1",
		lt_grp = 1, srt_grp = 0, usr_flg = 0,
		flags = LIT_DYNAMIC,
		spatialprops =
		{
			pos = { -0.994909, 1.378552, 1.154184 },
			orient = { {  0.016963,  0.012419, -0.999779 },
					   { -0.999848, -0.003696, -0.017011 },
					   { -0.003907,  0.999916,  0.012354 } }
		},
		userprops =
		{
			category = "Prop",
		}
	},

	{
		entity_name = "Camera_OTS_Juni_2",
		type = CAMERA,
		template_name = "",
		lt_grp = 0, srt_grp = 0, usr_flg = 0,
		spatialprops =
		{
			pos = { -2.281837, 1.587926, 2.231579 },
			orient = { {  0.566733,  0.000000,  0.823902 },
					   {  0.043978,  0.998574, -0.030251 },
					   { -0.822727,  0.053378,  0.565925 } }
		},
		cameraprops =
		{
			fovh = 22,
			hvaspect = 1.85,
			nearplane = 0.4,
			farplane = 4000
		}
	},

	{
		entity_name = "Cam_03_Table_2",
		type = CAMERA,
		template_name = "",
		lt_grp = 0, srt_grp = 0, usr_flg = 0,
		flags = HIDDEN,
		spatialprops =
		{
			pos = { 1.167166, 1.460676, 1.878649 },
			orient = { { -0.044977, -0.000001,  0.998988 },
					   {  0.215837,  0.976381,  0.009718 },
					   { -0.975393,  0.216056, -0.043915 } }
		},
		cameraprops =
		{
			fovh = 22,
			hvaspect = 1.85,
			nearplane = 0.4,
			farplane = 4000
		}
	},

	{
		entity_name = "Mk_Trent_Swivel",
		type = MARKER,
		template_name = "",
		lt_grp = 0, srt_grp = 0, usr_flg = 0,
		spatialprops =
		{
			pos = { -0.950549, 0.961634, 1.697867 },
			orient = { {  0.475718,  0.000000,  0.879598 },
					   {  0.000000,  1.000000,  0.000000 },
					   { -0.879598,  0.000000,  0.475718 } }
		}
	},

	{
		entity_name = "Mk_Trent_Bottle_Hold",
		type = MARKER,
		template_name = "",
		lt_grp = 0, srt_grp = 0, usr_flg = 0,
		spatialprops =
		{
			pos = { -0.919238, 1.311295, 1.338661 },
			orient = { {  1.000000,  0.000000,  0.000000 },
					   {  0.000000, -0.024104, -0.999709 },
					   {  0.000000,  0.999709, -0.024104 } }
		}
	},

	{
		entity_name = "Cam_06_they_get_up",
		type = CAMERA,
		template_name = "",
		lt_grp = 0, srt_grp = 0, usr_flg = 0,
		flags = HIDDEN,
		spatialprops =
		{
			pos = { 2.787304, 1.705834, 1.952851 },
			orient = { { -0.375709,  0.000000,  0.926738 },
					   {  0.314985,  0.940467,  0.127698 },
					   { -0.871566,  0.339886, -0.353342 } }
		},
		cameraprops =
		{
			fovh = 20,
			hvaspect = 1.85,
			nearplane = 0.4,
			farplane = 4000
		}
	},

	{
		entity_name = "Mk_Trent_Get_Up",
		type = MARKER,
		template_name = "",
		lt_grp = 0, srt_grp = 0, usr_flg = 0,
		spatialprops =
		{
			pos = { 3.113175, 0, 1.280769 },
			orient = { { -0.702400,  0.000000,  0.711782 },
					   {  0.000000,  1.000000,  0.000000 },
					   { -0.711782,  0.000000, -0.702400 } }
		}
	},

	{
		entity_name = "Mk_Juni_Get_Up",
		type = MARKER,
		template_name = "",
		lt_grp = 0, srt_grp = 0, usr_flg = 0,
		spatialprops =
		{
			pos = { 3.705174, 0, 0.942707 },
			orient = { { -0.951818,  0.000000,  0.306665 },
					   {  0.000000,  1.000000,  0.000000 },
					   { -0.306665,  0.000000, -0.951818 } }
		}
	},

	{
		entity_name = "Cam_08_Table_Over_Da_Shouldah",
		type = CAMERA,
		template_name = "",
		lt_grp = 0, srt_grp = 0, usr_flg = 0,
		flags = HIDDEN,
		spatialprops =
		{
			pos = { 4.327736, 1.152409, 3.947595 },
			orient = { {  0.984830,  0.000000, -0.173522 },
					   {  0.008029,  0.998929,  0.045568 },
					   {  0.173337, -0.046270,  0.983775 } }
		},
		cameraprops =
		{
			fovh = 23,
			hvaspect = 1.85,
			nearplane = 0.4,
			farplane = 4000
		}
	},

	{
		entity_name = "Cam_10_Vance_CU",
		type = CAMERA,
		template_name = "",
		lt_grp = 0, srt_grp = 0, usr_flg = 0,
		flags = HIDDEN,
		spatialprops =
		{
			pos = { 3.907777, 1.399945, 1.833291 },
			orient = { { -0.864826,  0.000000,  0.502072 },
					   {  0.099338,  0.980231,  0.171110 },
					   { -0.492147,  0.197855, -0.847729 } }
		},
		cameraprops =
		{
			fovh = 20,
			hvaspect = 1.85,
			nearplane = 0.4,
			farplane = 4000
		}
	},

	{
		entity_name = "Camera_0_ref",
		type = CAMERA,
		template_name = "",
		lt_grp = 0, srt_grp = 0, usr_flg = 0,
		flags = HIDDEN,
		spatialprops =
		{
			pos = { -4.064195, 3.703767, 4.887035 },
			orient = { {  0.724113,  0.000000,  0.689682 },
					   {  0.209637,  0.952684, -0.220103 },
					   { -0.657049,  0.303963,  0.689850 } }
		},
		cameraprops =
		{
			fovh = 35,
			hvaspect = 1.333333,
			nearplane = 0.4,
			farplane = 4000
		}
	},

	{
		entity_name = "Mk_Trent_Table4",
		type = MARKER,
		template_name = "",
		lt_grp = 0, srt_grp = 0, usr_flg = 0,
		spatialprops =
		{
			pos = { 4.039237, 0.973829, 0.633555 },
			orient = { { -0.842236,  0.000000,  0.539109 },
					   {  0.000000,  1.000000,  0.000000 },
					   { -0.539109,  0.000000, -0.842236 } }
		}
	},

	{
		entity_name = "Mk_Bottle_Table",
		type = MARKER,
		template_name = "",
		lt_grp = 1, srt_grp = 0, usr_flg = 0,
		spatialprops =
		{
			pos = { 3.892392, 0.984505, 1.397494 },
			orient = { {  0.433069,  0.006711,  0.901336 },
					   {  0.901311,  0.007251, -0.433111 },
					   { -0.009443,  0.999951, -0.002908 } }
		}
	},

	{
		entity_name = "Mk_Juni_Look_Past_Trent",
		type = MARKER,
		template_name = "",
		lt_grp = 0, srt_grp = 0, usr_flg = 0,
		spatialprops =
		{
			pos = { -1.01752, 1.775729, 1.502396 },
			orient = { { 1, 0, 0 }, { 0, 1, 0 }, { 0, 0, 1 } }
		}
	},

	{
		entity_name = "prop_glass_green_1",
		type = COMPOUND,
		template_name = "glass_green",
		lt_grp = 1, srt_grp = 0, usr_flg = 0,
		flags = LIT_DYNAMIC,
		spatialprops =
		{
			pos = { 4.106989, 0.797714, 2.478521 },
			orient = { {  0.433069,  0.006711,  0.901336 },
					   {  0.901311,  0.007251, -0.433111 },
					   { -0.009443,  0.999951, -0.002908 } }
		},
		userprops =
		{
			category = "Prop",
		}
	},

	{
		entity_name = "Mk_Glass_Vance_Spot",
		type = MARKER,
		template_name = "",
		lt_grp = 0, srt_grp = 0, usr_flg = 0,
		spatialprops =
		{
			pos = { 4.106989, 0.797714, 2.478521 },
			orient = { { -0.770272, -0.009128, -0.637650 },
					   { -0.637645, -0.003781,  0.770321 },
					   { -0.009443,  0.999951, -0.002908 } }
		}
	},

	{
		entity_name = "Mk_Table_Vance_Look_Juni",
		type = MARKER,
		template_name = "",
		lt_grp = 0, srt_grp = 0, usr_flg = 0,
		spatialprops =
		{
			pos = { 4.578337, 1.048161, 1.944091 },
			orient = { { 1, 0, 0 }, { 0, 1, 0 }, { 0, 0, 1 } }
		}
	},

	{
		entity_name = "Mk_Table_Vance_Look_Trent",
		type = MARKER,
		template_name = "",
		lt_grp = 0, srt_grp = 0, usr_flg = 0,
		spatialprops =
		{
			pos = { 4.442925, 1.048161, 1.625442 },
			orient = { { 1, 0, 0 }, { 0, 1, 0 }, { 0, 0, 1 } }
		}
	},

	{
		entity_name = "Cam_ACOH_Trent_to_Vance",
		type = CAMERA,
		template_name = "",
		lt_grp = 0, srt_grp = 0, usr_flg = 0,
		flags = HIDDEN,
		spatialprops =
		{
			pos = { 4.185129, 1.34662, 0.415895 },
			orient = { { -0.961294,  0.000000,  0.275525 },
					   {  0.049278,  0.983876,  0.171928 },
					   { -0.271083,  0.178850, -0.945794 } }
		},
		cameraprops =
		{
			fovh = 20,
			hvaspect = 1.85,
			nearplane = 0.4,
			farplane = 4000
		}
	},

	{
		entity_name = "Cam_09_OTS_Trent_to_Juni_A",
		type = CAMERA,
		template_name = "",
		lt_grp = 0, srt_grp = 0, usr_flg = 0,
		flags = HIDDEN,
		spatialprops =
		{
			pos = { 2.933449, 1.687042, 2.224597 },
			orient = { {  0.928841,  0.000000,  0.370478 },
					   {  0.011758,  0.999496, -0.029478 },
					   { -0.370291,  0.031737,  0.928373 } }
		},
		cameraprops =
		{
			fovh = 20,
			hvaspect = 1.85,
			nearplane = 0.4,
			farplane = 4000
		}
	},

	{
		entity_name = "Mk_Trent_look_Juni_End",
		type = MARKER,
		template_name = "",
		lt_grp = 0, srt_grp = 0, usr_flg = 0,
		spatialprops =
		{
			pos = { 3.824952, 1.608589, 1.46504 },
			orient = { { 1, 0, 0 }, { 0, 1, 0 }, { 0, 0, 1 } }
		}
	},

	{
		entity_name = "Mk_Table_Trent_look_Juni",
		type = MARKER,
		template_name = "",
		lt_grp = 0, srt_grp = 0, usr_flg = 0,
		spatialprops =
		{
			pos = { 4.827847, 1.164107, 1.88178 },
			orient = { { 1, 0, 0 }, { 0, 1, 0 }, { 0, 0, 1 } }
		}
	},

	{
		entity_name = "Mk_Table_Trent_look_down",
		type = MARKER,
		template_name = "",
		lt_grp = 0, srt_grp = 0, usr_flg = 0,
		spatialprops =
		{
			pos = { 4.627829, 0.930018, 1.665983 },
			orient = { { 1, 0, 0 }, { 0, 1, 0 }, { 0, 0, 1 } }
		}
	},

	{
		entity_name = "Mk_Trent_look_Juni_End_Lookaway",
		type = MARKER,
		template_name = "",
		lt_grp = 0, srt_grp = 0, usr_flg = 0,
		spatialprops =
		{
			pos = { 3.824952, 1.608589, 1.46504 },
			orient = { { 1, 0, 0 }, { 0, 1, 0 }, { 0, 0, 1 } }
		}
	},

	{
		entity_name = "Mk_Juni_Looks_Camera",
		type = MARKER,
		template_name = "",
		lt_grp = 0, srt_grp = 0, usr_flg = 0,
		spatialprops =
		{
			pos = { 3.266239, 1.555103, 1.253894 },
			orient = { {  0.603174,  0.000000,  0.797610 },
					   {  0.129804,  0.986669, -0.098161 },
					   { -0.786977,  0.162741,  0.595133 } }
		}
	},

	{
		entity_name = "Cam_09_OTS_Trent_to_Juni_B",
		type = CAMERA,
		template_name = "",
		lt_grp = 0, srt_grp = 0, usr_flg = 0,
		flags = HIDDEN,
		spatialprops =
		{
			pos = { 3.241698, 1.753912, 1.95794 },
			orient = { {  0.997248,  0.000000,  0.074132 },
					   {  0.013580,  0.983079, -0.182677 },
					   { -0.072878,  0.183181,  0.980374 } }
		},
		cameraprops =
		{
			fovh = 20,
			hvaspect = 1.85,
			nearplane = 0.4,
			farplane = 4000
		}
	},

	{
		entity_name = "Cam_11_Final_Shot",
		type = CAMERA,
		template_name = "",
		lt_grp = 0, srt_grp = 0, usr_flg = 0,
		flags = HIDDEN,
		spatialprops =
		{
			pos = { 0.885879, 1.636152, 1.749595 },
			orient = { { -0.117976,  0.000000,  0.993016 },
					   {  0.214905,  0.976301,  0.025532 },
					   { -0.969483,  0.216416, -0.115180 } }
		},
		cameraprops =
		{
			fovh = 30,
			hvaspect = 1.85,
			nearplane = 0.4,
			farplane = 4000
		}
	},

	{
		entity_name = "Mk_Trent_Look_Away",
		type = MARKER,
		template_name = "",
		lt_grp = 0, srt_grp = 0, usr_flg = 0,
		spatialprops =
		{
			pos = { 2.755169, 1.175422, 1.023237 },
			orient = { { 1, 0, 0 }, { 0, 1, 0 }, { 0, 0, 1 } }
		}
	},

	{
		entity_name = "Cam_05_ACOH_Juni_to_Vance",
		type = CAMERA,
		template_name = "",
		lt_grp = 0, srt_grp = 0, usr_flg = 0,
		flags = HIDDEN,
		spatialprops =
		{
			pos = { 4.847288, 1.114034, 1.065586 },
			orient = { { -0.999250,  0.000000, -0.038732 },
					   { -0.001524,  0.999225,  0.039320 },
					   {  0.038702,  0.039349, -0.998476 } }
		},
		cameraprops =
		{
			fovh = 20,
			hvaspect = 1.85,
			nearplane = 0.4,
			farplane = 4000
		}
	},

	{
		entity_name = "Mk_Juni_Lk_Vance_Head",
		type = MARKER,
		template_name = "",
		lt_grp = 0, srt_grp = 0, usr_flg = 0,
		spatialprops =
		{
			pos = { 4.585282, 1.784541, 3.039152 },
			orient = { {  0.923372,  0.000000, -0.383906 },
					   {  0.000000,  1.000000,  0.000000 },
					   {  0.383906,  0.000000,  0.923372 } }
		}
	},

	{
		entity_name = "Mk_Trent_look_Juni_End_Spatial",
		type = MARKER,
		template_name = "",
		lt_grp = 0, srt_grp = 0, usr_flg = 0,
		spatialprops =
		{
			pos = { 3.815742, 1.489747, 0.833642 },
			orient = { { 1, 0, 0 }, { 0, 1, 0 }, { 0, 0, 1 } }
		}
	},

	{
		entity_name = "Cam_03_Table_4",
		type = CAMERA,
		template_name = "",
		lt_grp = 0, srt_grp = 0, usr_flg = 0,
		flags = HIDDEN,
		spatialprops =
		{
			pos = { 2.794811, 1.378276, 0.042279 },
			orient = { { -0.739676,  0.000000,  0.672963 },
					   {  0.134584,  0.979798,  0.147926 },
					   { -0.659368,  0.199988, -0.724734 } }
		},
		cameraprops =
		{
			fovh = 22,
			hvaspect = 1.85,
			nearplane = 0.4,
			farplane = 4000
		}
	},

	{
		entity_name = "Cam_03_Table_3",
		type = CAMERA,
		template_name = "",
		lt_grp = 0, srt_grp = 0, usr_flg = 0,
		flags = HIDDEN,
		spatialprops =
		{
			pos = { 1.937347, 1.249448, 0.321923 },
			orient = { { -0.533730,  0.000000,  0.845655 },
					   {  0.137423,  0.986708,  0.086734 },
					   { -0.834414,  0.162505, -0.526636 } }
		},
		cameraprops =
		{
			fovh = 22,
			hvaspect = 1.85,
			nearplane = 0.4,
			farplane = 4000
		}
	},

	{
		entity_name = "Cam_03_Table_Monkey",
		type = CAMERA,
		template_name = "",
		lt_grp = 0, srt_grp = 0, usr_flg = 0,
		flags = HIDDEN,
		spatialprops =
		{
			pos = { 1.658191, 1.363145, 2.067229 },
			orient = { { -0.049104,  0.000000,  0.998794 },
					   {  0.182394,  0.983185,  0.008967 },
					   { -0.981999,  0.182614, -0.048278 } }
		},
		cameraprops =
		{
			fovh = 22,
			hvaspect = 1.85,
			nearplane = 0.4,
			farplane = 4000
		}
	},

	{
		entity_name = "Char_li_bartender",
		type = DEFORMABLE,
		template_name = "li_bartender_1",
		lt_grp = 0, srt_grp = 0, usr_flg = 0,
		flags = LIT_DYNAMIC,
		spatialprops =
		{
			pos = { -0.763273, 0, -0.223086 },
			orient = { {  0.582269,  0.000000, -0.812996 },
					   {  0.000000,  1.000000,  0.000000 },
					   {  0.812996,  0.000000,  0.582269 } }
		},
		compoundprops =
		{
			floor_height = 0
		},
		userprops =
		{
			actor = "bartender",
			category = "Character",
		}
	},

	{
		entity_name = "Mk_Juni_Looks_HAS_SHE",
		type = MARKER,
		template_name = "",
		lt_grp = 0, srt_grp = 0, usr_flg = 0,
		spatialprops =
		{
			pos = { 3.505183, 1.555103, 0.997363 },
			orient = { {  0.603174,  0.000000,  0.797610 },
					   {  0.129804,  0.986669, -0.098161 },
					   { -0.786977,  0.162741,  0.595133 } }
		}
	},

	{
		entity_name = "Mk_Table_Trent_look_Juni_Later",
		type = MARKER,
		template_name = "",
		lt_grp = 0, srt_grp = 0, usr_flg = 0,
		spatialprops =
		{
			pos = { 4.827847, 1.096082, 1.88178 },
			orient = { { 1, 0, 0 }, { 0, 1, 0 }, { 0, 0, 1 } }
		}
	},

	{
		entity_name = "Char_Juni_fs_fr_stone04_Footstomp",
		type = SOUND,
		template_name = "fs_fr_stone04",
		lt_grp = 0, srt_grp = 0, usr_flg = 0,
		spatialprops =
		{
			pos = { 0, 0, 0 },
			orient = { { 1, 0, 0 }, { 0, 1, 0 }, { 0, 0, 1 } }
		},
		audioprops =
		{
			attenuation = 0,
			pan = 0,
			dmin = 50,
			dmax = 300,
			ain = 360,
			aout = 360,
			atout = 0,
			rmix = 0,
		},
		userprops =
		{
			category = "Audio",
			Priority = "Steps_4",
		}
	},

	{
		entity_name = "MK_Juni_lookR",
		type = MARKER,
		template_name = "",
		lt_grp = 0, srt_grp = 0, usr_flg = 0,
		spatialprops =
		{
			pos = { -1.709721, 1.569953, 2.976701 },
			orient = { { -0.718099,  0.000000,  0.695941 },
					   {  0.000000,  1.000000,  0.000000 },
					   { -0.695941,  0.000000, -0.718099 } }
		}
	},

	{
		entity_name = "MK_trent_lookdown",
		type = MARKER,
		template_name = "",
		lt_grp = 0, srt_grp = 0, usr_flg = 0,
		spatialprops =
		{
			pos = { -0.995169, 1.466062, 1.133636 },
			orient = { {  0.999985, -0.005503, -0.000865 },
					   { -0.000931, -0.012011, -0.999927 },
					   {  0.005492,  0.999913, -0.012016 } }
		}
	},

	{
		entity_name = "Char_Juni_sfx_fturn_female01_1",
		type = SOUND,
		template_name = "sfx_fturn_female01",
		lt_grp = 0, srt_grp = 0, usr_flg = 0,
		spatialprops =
		{
			pos = { 0, 0, 0 },
			orient = { { 1, 0, 0 }, { 0, 1, 0 }, { 0, 0, 1 } }
		},
		audioprops =
		{
			attenuation = -12,
			pan = -35,
			dmin = 50,
			dmax = 300,
			ain = 360,
			aout = 360,
			atout = 0,
			rmix = 0,
		},
		userprops =
		{
			category = "Audio",
			Priority = "Steps_4",
		}
	},

	{
		entity_name = "Char_Trent_sfx_fturn_male01_2",
		type = SOUND,
		template_name = "sfx_fturn_male01",
		lt_grp = 0, srt_grp = 0, usr_flg = 0,
		spatialprops =
		{
			pos = { 0, 0, 0 },
			orient = { { 1, 0, 0 }, { 0, 1, 0 }, { 0, 0, 1 } }
		},
		audioprops =
		{
			attenuation = -12,
			pan = 35,
			dmin = 50,
			dmax = 300,
			ain = 360,
			aout = 360,
			atout = 0,
			rmix = 0,
		},
		userprops =
		{
			category = "Audio",
			Priority = "Steps_4",
		}
	},

	{
		entity_name = "Char_Juni_fs_fr_hard04_3",
		type = SOUND,
		template_name = "fs_fr_hard04",
		lt_grp = 0, srt_grp = 0, usr_flg = 0,
		spatialprops =
		{
			pos = { 0, 0, 0 },
			orient = { { 1, 0, 0 }, { 0, 1, 0 }, { 0, 0, 1 } }
		},
		audioprops =
		{
			attenuation = -17,
			pan = 20,
			dmin = 50,
			dmax = 300,
			ain = 360,
			aout = 360,
			atout = 0,
			rmix = 0,
		},
		userprops =
		{
			category = "Audio",
			Priority = "Steps_4",
		}
	},

	{
		entity_name = "Char_Juni_fs_fl_hard01_4",
		type = SOUND,
		template_name = "fs_fl_hard01",
		lt_grp = 0, srt_grp = 0, usr_flg = 0,
		spatialprops =
		{
			pos = { 0, 0, 0 },
			orient = { { 1, 0, 0 }, { 0, 1, 0 }, { 0, 0, 1 } }
		},
		audioprops =
		{
			attenuation = -17,
			pan = 20,
			dmin = 50,
			dmax = 300,
			ain = 360,
			aout = 360,
			atout = 0,
			rmix = 0,
		},
		userprops =
		{
			category = "Audio",
			Priority = "Steps_4",
		}
	},

	{
		entity_name = "Char_Juni_fs_fr_hard03_5",
		type = SOUND,
		template_name = "fs_fr_hard03",
		lt_grp = 0, srt_grp = 0, usr_flg = 0,
		spatialprops =
		{
			pos = { 0, 0, 0 },
			orient = { { 1, 0, 0 }, { 0, 1, 0 }, { 0, 0, 1 } }
		},
		audioprops =
		{
			attenuation = -17,
			pan = 20,
			dmin = 50,
			dmax = 300,
			ain = 360,
			aout = 360,
			atout = 0,
			rmix = 0,
		},
		userprops =
		{
			category = "Audio",
			Priority = "Steps_4",
		}
	},

	{
		entity_name = "Char_Juni_fs_fl_hard02_6",
		type = SOUND,
		template_name = "fs_fl_hard02",
		lt_grp = 0, srt_grp = 0, usr_flg = 0,
		spatialprops =
		{
			pos = { 0, 0, 0 },
			orient = { { 1, 0, 0 }, { 0, 1, 0 }, { 0, 0, 1 } }
		},
		audioprops =
		{
			attenuation = -17,
			pan = 20,
			dmin = 50,
			dmax = 300,
			ain = 360,
			aout = 360,
			atout = 0,
			rmix = 0,
		},
		userprops =
		{
