duration = 46.027;

entities =
{

	{
		entity_name = "Layer_Scene_s027xc_pl_04_bar",
		type = SCENE,
		template_name = "",
		lt_grp = 0, srt_grp = 0, usr_flg = 0,
		spatialprops =
		{
			pos = { 0, 0, 0 },
			orient = { { 1, 0, 0 }, { 0, 1, 0 }, { 0, 0, 1 } }
		},
		up = Y_AXIS,
		front = Z_AXIS,
		ambient = { 0, 0, 0 }
	},

	{
		entity_name = "Char_Trent",
		type = DEFORMABLE,
		template_name = "trent",
		lt_grp = 0, srt_grp = 0, usr_flg = 0,
		flags = LIT_DYNAMIC,
		spatialprops =
		{
			pos = { -133.4984, 0, -52.74006 },
			orient = { {  0.312222,  0.000000,  0.950009 },
					   {  0.000000,  1.000000,  0.000000 },
					   { -0.950009,  0.000000,  0.312222 } }
		},
		compoundprops =
		{
			floor_height = 0
		},
		userprops =
		{
			actor = "player",
			category = "Character",
		}
	},

	{
		entity_name = "Char_Juni",
		type = DEFORMABLE,
		template_name = "juni",
		lt_grp = 0, srt_grp = 0, usr_flg = 0,
		flags = LIT_DYNAMIC,
		spatialprops =
		{
			pos = { 5.674031, 0, -4.330723 },
			orient = { { -0.994922,  0.000000,  0.100650 },
					   {  0.000000,  1.000000,  0.000000 },
					   { -0.100650,  0.000000, -0.994922 } }
		},
		compoundprops =
		{
			floor_height = 0
		},
		userprops =
		{
			actor = "juni",
			category = "Character",
		}
	},

	{
		entity_name = "Char_Sinclair",
		type = DEFORMABLE,
		template_name = "sinclair",
		lt_grp = 0, srt_grp = 0, usr_flg = 0,
		flags = LIT_DYNAMIC,
		spatialprops =
		{
			pos = { 1.128102, 0, -3.522353 },
			orient = { { -0.563080,  0.000000,  0.826402 },
					   {  0.000000,  1.000000,  0.000000 },
					   { -0.826402,  0.000000, -0.563080 } }
		},
		compoundprops =
		{
			floor_height = 0
		},
		userprops =
		{
			actor = "sinclair",
			category = "Character",
		}
	},

	{
		entity_name = "Char_Assistant_Male_02",
		type = DEFORMABLE,
		template_name = "assistant_male_1",
		lt_grp = 0, srt_grp = 0, usr_flg = 0,
		flags = LIT_DYNAMIC,
		spatialprops =
		{
			pos = { -134.3547, 0, -73.68959 },
			orient = { {  0.200409,  0.000000,  0.979712 },
					   {  0.000000,  1.000000,  0.000000 },
					   { -0.979712,  0.000000,  0.200409 } }
		},
		compoundprops =
		{
			floor_height = 0
		},
		userprops =
		{
			actor = "assist_02",
			category = "Character",
		}
	},

	{
		entity_name = "cam_Monitor_1",
		type = MONITOR,
		template_name = "",
		lt_grp = 0, srt_grp = 0, usr_flg = 0,
		userprops =
		{
			Priority = "Monitor_Moving_1",
		}
	},

	{
		entity_name = "Ship_r_elite",
		type = COMPOUND,
		template_name = "rtcprop_r_elite",
		lt_grp = 3, srt_grp = 0, usr_flg = 0,
		flags = LIT_DYNAMIC,
		spatialprops =
		{
			pos = { 948.4248, 116.4486, 261.8627 },
			orient = { {  0.223656, -0.036040, -0.974002 },
					   {  0.141783,  0.989889, -0.004071 },
					   {  0.964301, -0.137187,  0.226504 } }
		},
		userprops =
		{
			category = "Spaceship",
			loadout = "MSN05_Interceptor",
			running_lights = "True",
		}
	},

	{
		entity_name = "Ship_r_fighter",
		type = COMPOUND,
		template_name = "rtcprop_r_elite",
		lt_grp = 3, srt_grp = 0, usr_flg = 0,
		flags = LIT_DYNAMIC,
		spatialprops =
		{
			pos = { 994.3917, 112.8049, 206.7049 },
			orient = { {  0.223656, -0.036040, -0.974002 },
					   {  0.141783,  0.989889, -0.004071 },
					   {  0.964301, -0.137187,  0.226504 } }
		},
		userprops =
		{
			category = "Spaceship",
			loadout = "MSN05_Interceptor",
			running_lights = "True",
		}
	},

	{
		entity_name = "vfx_rtc_rhspragueguns_elite_lf",
		type = PSYS,
		template_name = "rtc_rhspragueguns",
		lt_grp = 0, srt_grp = 0, usr_flg = 0,
		flags = LIT_DYNAMIC + LIT_AMBIENT,
		spatialprops =
		{
			pos = { 0, 0, 0 },
			orient = { { 1, 0, 0 }, { 0, 1, 0 }, { 0, 0, 1 } }
		},
		psysprops =
		{
			sparam = 0
		}
	},

	{
		entity_name = "vfx_rtc_rhspragueguns_elite_rt",
		type = PSYS,
		template_name = "rtc_rhspragueguns",
		lt_grp = 0, srt_grp = 0, usr_flg = 0,
		flags = LIT_DYNAMIC + LIT_AMBIENT,
		spatialprops =
		{
			pos = { 0, 0, 0 },
			orient = { { 1, 0, 0 }, { 0, 1, 0 }, { 0, 0, 1 } }
		},
		psysprops =
		{
			sparam = 0
		}
	},

	{
		entity_name = "vfx_rtc_rhspragueguns_fighter_lf",
		type = PSYS,
		template_name = "rtc_rhspragueguns",
		lt_grp = 0, srt_grp = 0, usr_flg = 0,
		flags = LIT_DYNAMIC + LIT_AMBIENT,
		spatialprops =
		{
			pos = { 0, 0, 0 },
			orient = { { 1, 0, 0 }, { 0, 1, 0 }, { 0, 0, 1 } }
		},
		psysprops =
		{
			sparam = 0
		}
	},

	{
		entity_name = "vfx_rtc_rhspragueguns_fighter_rt",
		type = PSYS,
		template_name = "rtc_rhspragueguns",
		lt_grp = 0, srt_grp = 0, usr_flg = 0,
		flags = LIT_DYNAMIC + LIT_AMBIENT,
		spatialprops =
		{
			pos = { 0, 0, 0 },
			orient = { { 1, 0, 0 }, { 0, 1, 0 }, { 0, 0, 1 } }
		},
		psysprops =
		{
			sparam = 0
		}
	},

	{
		entity_name = "vfx_gf_rh_smallengine03_hp01",
		type = PSYS,
		template_name = "gf_rh_smallengine03",
		lt_grp = 0, srt_grp = 0, usr_flg = 0,
		flags = LIT_DYNAMIC + LIT_AMBIENT,
		spatialprops =
		{
			pos = { 0, 0, 0 },
			orient = { { 1, 0, 0 }, { 0, 1, 0 }, { 0, 0, 1 } }
		},
		psysprops =
		{
			sparam = 0
		}
	},

	{
		entity_name = "vfx_gf_rh_smallengine02",
		type = PSYS,
		template_name = "gf_rh_smallengine02",
		lt_grp = 0, srt_grp = 0, usr_flg = 0,
		flags = LIT_DYNAMIC + LIT_AMBIENT,
		spatialprops =
		{
			pos = { 0, 0, 0 },
			orient = { { 1, 0, 0 }, { 0, 1, 0 }, { 0, 0, 1 } }
		},
		psysprops =
		{
			sparam = 0
		}
	},

	{
		entity_name = "vfx_gf_rh_smallengine03_hp02",
		type = PSYS,
		template_name = "gf_rh_smallengine03",
		lt_grp = 0, srt_grp = 0, usr_flg = 0,
		flags = LIT_DYNAMIC + LIT_AMBIENT,
		spatialprops =
		{
			pos = { 0, 0, 0 },
			orient = { { 1, 0, 0 }, { 0, 1, 0 }, { 0, 0, 1 } }
		},
		psysprops =
		{
			sparam = 0
		}
	},

	{
		entity_name = "Mrk_BegSinclairRunStart",
		type = MARKER,
		template_name = "",
		lt_grp = 0, srt_grp = 0, usr_flg = 0,
		spatialprops =
		{
			pos = { 1.115862, 0.908896, -3.344898 },
			orient = { { -0.563080,  0.000000,  0.826402 },
					   {  0.000000,  1.000000,  0.000000 },
					   { -0.826402,  0.000000, -0.563080 } }
		}
	},

	{
		entity_name = "Mrk_EliteFlyTo",
		type = MARKER,
		template_name = "",
		lt_grp = 0, srt_grp = 0, usr_flg = 0,
		spatialprops =
		{
			pos = { 704.816, 89.14796, 753.8167 },
			orient = { { -0.712907, -0.138322,  0.687481 },
					   {  0.274486,  0.847092,  0.455074 },
					   { -0.645307,  0.513130, -0.565930 } }
		}
	},

	{
		entity_name = "Mrk_FighterFlyTo",
		type = MARKER,
		template_name = "",
		lt_grp = 0, srt_grp = 0, usr_flg = 0,
		spatialprops =
		{
			pos = { 664.828, 49.3106, 647.3381 },
			orient = { { -0.658215,  0.156699,  0.736341 },
					   {  0.348947,  0.930186,  0.113972 },
					   { -0.667075,  0.331962, -0.666943 } }
		}
	},

	{
		entity_name = "Mrk_RunStartTrent",
		type = MARKER,
		template_name = "",
		lt_grp = 0, srt_grp = 0, usr_flg = 0,
		spatialprops =
		{
			pos = { -142.691, -86.24944, -23.79979 },
			orient = { {  0.989610,  0.000000,  0.143777 },
					   {  0.000000,  1.000000,  0.000000 },
					   { -0.143777,  0.000000,  0.989610 } }
		}
	},

	{
		entity_name = "Mrk_RunStartJuni",
		type = MARKER,
		template_name = "",
		lt_grp = 0, srt_grp = 0, usr_flg = 0,
		spatialprops =
		{
			pos = { -142.9788, -86.24944, -23.87413 },
			orient = { {  0.973124,  0.000000,  0.230280 },
					   {  0.000000,  1.000000,  0.000000 },
					   { -0.230280,  0.000000,  0.973124 } }
		}
	},

	{
		entity_name = "Mrk_RunStartSinclair",
		type = MARKER,
		template_name = "",
		lt_grp = 0, srt_grp = 0, usr_flg = 0,
		spatialprops =
		{
			pos = { -140.4129, -86.24944, -24.82244 },
			orient = { {  0.951089,  0.000000,  0.308918 },
					   {  0.000000,  1.000000,  0.000000 },
					   { -0.308918,  0.000000,  0.951089 } }
		}
	},

	{
		entity_name = "Mrk_AssistAlign_10sec",
		type = MARKER,
		template_name = "",
		lt_grp = 0, srt_grp = 0, usr_flg = 0,
		spatialprops =
		{
			pos = { -132.0881, -86.24944, -55.59077 },
			orient = { {  0.088151,  0.000000,  0.996107 },
					   {  0.000000,  1.000000,  0.000000 },
					   { -0.996107,  0.000000,  0.088151 } }
		}
	},

	{
		entity_name = "Cam_03_HallRun_01",
		type = CAMERA,
		template_name = "",
		lt_grp = 0, srt_grp = 0, usr_flg = 0,
		spatialprops =
		{
			pos = { -134.1651, -86.08447, -29.23814 },
			orient = { {  0.254959,  0.000000, -0.966952 },
					   {  0.031405,  0.999472,  0.008281 },
					   {  0.966442, -0.032478,  0.254824 } }
		},
		cameraprops =
		{
			fovh = 15,
			hvaspect = 1.85,
			nearplane = 2,
			farplane = 4000
		}
	},

	{
		entity_name = "Cam_04_JuniGetsInCockpit_01",
		type = CAMERA,
		template_name = "",
		lt_grp = 0, srt_grp = 0, usr_flg = 0,
		spatialprops =
		{
			pos = { -137.748, -83.37368, -66.95642 },
			orient = { { -0.781643,  0.000000,  0.623726 },
					   { -0.040720,  0.997867, -0.051030 },
					   { -0.622396, -0.065285, -0.779975 } }
		},
		cameraprops =
		{
			fovh = 20,
			hvaspect = 1.85,
			nearplane = 1,
			farplane = 4000
		}
	},

	{
		entity_name = "Ship_PlayerShip_Trent",
		type = COMPOUND,
		template_name = "PlayerShip",
		lt_grp = 4, srt_grp = 0, usr_flg = 0,
		flags = LIT_DYNAMIC,
		spatialprops =
		{
			pos = { -117.6815, -84.7774, -82.11018 },
			orient = { { -0.625775,  0.000000, -0.780003 },
					   {  0.000000,  1.000000,  0.000000 },
					   {  0.780003,  0.000000, -0.625775 } }
		},
		userprops =
		{
			category = "Spaceship",
			running_lights = "True",
		}
	},

	{
		entity_name = "Ship_rtcprop_juni_elite_Juni",
		type = COMPOUND,
		template_name = "rtcprop_juni_elite",
		lt_grp = 4, srt_grp = 0, usr_flg = 0,
		flags = LIT_DYNAMIC,
		spatialprops =
		{
			pos = { -139.787, -83.17588, -63.10035 },
			orient = { {  0.252743,  0.000000,  0.967533 },
					   {  0.000000,  1.000000,  0.000000 },
					   { -0.967533,  0.000000,  0.252743 } }
		},
		userprops =
		{
			category = "Spaceship",
			loadout = "MSN05_Juni",
			running_lights = "True",
		}
	},

	{
		entity_name = "Mrk_JuniGetsInCockpit",
		type = MARKER,
		template_name = "",
		lt_grp = 0, srt_grp = 0, usr_flg = 0,
		spatialprops =
		{
			pos = { -135.8673, -83.5296, -64.34772 },
			orient = { {  0.137161,  0.000000,  0.990549 },
					   {  0.000000,  1.000000,  0.000000 },
					   { -0.990549,  0.000000,  0.137161 } }
		}
	},

	{
		entity_name = "vfx_rtc_ceilingdust",
		type = PSYS,
		template_name = "rtc_ceilingdust",
		lt_grp = 0, srt_grp = 0, usr_flg = 0,
		flags = LIT_DYNAMIC + LIT_AMBIENT,
		spatialprops =
		{
			pos = { -134.5177, -88.98712, -28.54609 },
			orient = { { 1, 0, 0 }, { 0, 1, 0 }, { 0, 0, 1 } }
		},
		psysprops =
		{
			sparam = 0
		},
		userprops =
		{
			Priority = "Story_FX_1",
		}
	},

	{
		entity_name = "Mrk_CockpitRtHand",
		type = MARKER,
		template_name = "",
		lt_grp = 0, srt_grp = 0, usr_flg = 0,
		spatialprops =
		{
			pos = { -124.5072, -83.39708, -69.10888 },
			orient = { {  0.831802,  0.000000, -0.555073 },
					   {  0.000000,  1.000000,  0.000000 },
					   {  0.555073,  0.000000,  0.831802 } }
		}
	},

	{
		entity_name = "Mrk_CockpitLfHand",
		type = MARKER,
		template_name = "",
		lt_grp = 0, srt_grp = 0, usr_flg = 0,
		spatialprops =
		{
			pos = { -125.1899, -83.39708, -69.04137 },
			orient = { {  0.813214,  0.210223, -0.542669 },
					   { -0.174864,  0.977654,  0.116689 },
					   {  0.555073,  0.000000,  0.831802 } }
		}
	},

	{
		entity_name = "Cam_07_FinalApproach_01",
		type = CAMERA,
		template_name = "",
		lt_grp = 0, srt_grp = 0, usr_flg = 0,
		spatialprops =
		{
			pos = { -82.01261, 107.7718, 84.3363 },
			orient = { { -0.798008,  0.349869,  0.490688 },
					   {  0.339887,  0.933658, -0.112955 },
					   { -0.497654,  0.076640, -0.863983 } }
		},
		cameraprops =
		{
			fovh = 30,
			hvaspect = 1.85,
			nearplane = 2,
			farplane = 4000
		}
	},

	{
		entity_name = "zcut_Cam_06_EngineFiringUp",
		type = CAMERA,
		template_name = "",
		lt_grp = 0, srt_grp = 0, usr_flg = 0,
		spatialprops =
		{
			pos = { -159.8447, -84.71527, -63.02924 },
			orient = { {  0.089555,  0.000000,  0.995982 },
					   { -0.087081,  0.996170,  0.007830 },
					   { -0.992168, -0.087433,  0.089212 } }
		},
		cameraprops =
		{
			fovh = 20,
			hvaspect = 1.85,
			nearplane = 0.4,
			farplane = 1000
		}
	},

	{
		entity_name = "Prop_a_sprauge_bomb",
		type = COMPOUND,
		template_name = "sprauge_bomb",
		lt_grp = 5, srt_grp = 0, usr_flg = 0,
		flags = LIT_DYNAMIC,
		spatialprops =
		{
			pos = { 0, 0, 0 },
			orient = { { 1, 0, 0 }, { 0, 1, 0 }, { 0, 0, 1 } }
		},
		userprops =
		{
			category = "Prop",
		}
	},

	{
		entity_name = "vfx_gf_li_smallengine02_hp01",
		type = PSYS,
		template_name = "gf_li_smallengine02",
		lt_grp = 0, srt_grp = 0, usr_flg = 0,
		flags = LIT_DYNAMIC + LIT_AMBIENT,
		spatialprops =
		{
			pos = { 0, 0, 0 },
			orient = { { 1, 0, 0 }, { 0, 1, 0 }, { 0, 0, 1 } }
		},
		psysprops =
		{
			sparam = 0
		}
	},

	{
		entity_name = "vfx_gf_li_smallengine02_hp02",
		type = PSYS,
		template_name = "gf_li_smallengine02",
		lt_grp = 0, srt_grp = 0, usr_flg = 0,
		flags = LIT_DYNAMIC + LIT_AMBIENT,
		spatialprops =
		{
			pos = { 0, 0, 0 },
			orient = { { 1, 0, 0 }, { 0, 1, 0 }, { 0, 0, 1 } }
		},
		psysprops =
		{
			sparam = 0
		}
	},

	{
		entity_name = "Cam_07_FinalApproach_02",
		type = CAMERA,
		template_name = "",
		lt_grp = 0, srt_grp = 0, usr_flg = 0,
		spatialprops =
		{
			pos = { -134.8708, 104.1823, -81.34567 },
			orient = { { -0.996396,  0.035995,  0.076804 },
					   {  0.019511,  0.978473, -0.205448 },
					   { -0.082546, -0.203209, -0.975650 } }
		},
		cameraprops =
		{
			fovh = 30,
			hvaspect = 1.85,
			nearplane = 0.4,
			farplane = 4000
		}
	},

	{
		entity_name = "Cam_09_FinalDrop_01",
		type = CAMERA,
		template_name = "",
		lt_grp = 0, srt_grp = 0, usr_flg = 0,
		spatialprops =
		{
			pos = { -134.8708, 104.1823, -81.34567 },
			orient = { { -0.996396,  0.035995,  0.076804 },
					   {  0.019511,  0.978473, -0.205448 },
					   { -0.082546, -0.203209, -0.975650 } }
		},
		cameraprops =
		{
			fovh = 30,
			hvaspect = 1.85,
			nearplane = 1,
			farplane = 4000
		}
	},

	{
		entity_name = "Cam_09_FinalDrop_02",
		type = CAMERA,
		template_name = "",
		lt_grp = 0, srt_grp = 0, usr_flg = 0,
		spatialprops =
		{
			pos = { -128.5008, 82.38917, -95.72023 },
			orient = { { -1.000000,  0.000000, -0.000702 },
					   {  0.000318,  0.891180, -0.453650 },
					   {  0.000626, -0.453650, -0.891180 } }
		},
		cameraprops =
		{
			fovh = 30,
			hvaspect = 1.85,
			nearplane = 1,
			farplane = 4000
		}
	},

	{
		entity_name = "Mrk_BombFall",
		type = MARKER,
		template_name = "",
		lt_grp = 0, srt_grp = 0, usr_flg = 0,
		spatialprops =
		{
			pos = { -122.4113, -86.72378, -95.3774 },
			orient = { {  0.697623, -0.091822,  0.710557 },
					   { -0.711814, -0.201654,  0.672798 },
					   {  0.081509, -0.975143, -0.206039 } }
		}
	},

	{
		entity_name = "Cam_10_BombFollow_01",
		type = CAMERA,
		template_name = "",
		lt_grp = 0, srt_grp = 0, usr_flg = 0,
		spatialprops =
		{
			pos = { -130.2617, 27.737, -82.60647 },
			orient = { { -0.883230,  0.000000, -0.468940 },
					   {  0.458030,  0.214455, -0.862681 },
					   {  0.100566, -0.976734, -0.189413 } }
		},
		cameraprops =
		{
			fovh = 20,
			hvaspect = 1.85,
			nearplane = 0.5,
			farplane = 4000
		}
	},

	{
		entity_name = "Mrk_ShipLiftOff",
		type = MARKER,
		template_name = "",
		lt_grp = 0, srt_grp = 0, usr_flg = 0,
		spatialprops =
		{
			pos = { -129.1017, -21.11439, -77.04874 },
			orient = { { 1, 0, 0 }, { 0, 1, 0 }, { 0, 0, 1 } }
		}
	},

	{
		entity_name = "Mrk_ShipLiftOff_snapJuni",
		type = MARKER,
		template_name = "",
		lt_grp = 0, srt_grp = 0, usr_flg = 0,
		spatialprops =
		{
			pos = { -130.8882, -85.80563, -99.4081 },
			orient = { {  0.171969,  0.000000, -0.985102 },
					   {  0.000000,  1.000000,  0.000000 },
					   {  0.985102,  0.000000,  0.171969 } }
		}
	},

	{
		entity_name = "Mrk_ShipLiftOff_snapTrent",
		type = MARKER,
		template_name = "",
		lt_grp = 0, srt_grp = 0, usr_flg = 0,
		spatialprops =
		{
			pos = { -114.9113, -85.80563, -96.4231 },
			orient = { { -0.969069,  0.000000, -0.246790 },
					   {  0.000000,  1.000000,  0.000000 },
					   {  0.246790,  0.000000, -0.969069 } }
		}
	},

	{
		entity_name = "vfx_PlayerShipEngines",
		type = PSYS,
		template_name = "PlayerShipEngines",
		lt_grp = 0, srt_grp = 0, usr_flg = 0,
		flags = LIT_DYNAMIC + LIT_AMBIENT,
		spatialprops =
		{
			pos = { 0, 0, 0 },
			orient = { { 1, 0, 0 }, { 0, 1, 0 }, { 0, 0, 1 } }
		},
		psysprops =
		{
			sparam = 0
		}
	},

	{
		entity_name = "vfx_rtc_spragueinsidehangar",
		type = PSYS,
		template_name = "rtc_spragueinsidehangar",
		lt_grp = 0, srt_grp = 0, usr_flg = 0,
		flags = LIT_DYNAMIC + LIT_AMBIENT,
		spatialprops =
		{
			pos = { -126.3627, -86.72378, -80.62505 },
			orient = { {  0.956613, -0.269981,  0.109549 },
					   {  0.000000,  0.375992,  0.926623 },
					   { -0.291360, -0.886420,  0.359679 } }
		},
		psysprops =
		{
			sparam = 0
		}
	},

	{
		entity_name = "Mrk_Offscreen",
		type = MARKER,
		template_name = "",
		lt_grp = 0, srt_grp = 0, usr_flg = 0,
		spatialprops =
		{
			pos = { 0, 0, 10000 },
			orient = { { 1, 0, 0 }, { 0, 1, 0 }, { 0, 0, 1 } }
		}
	},

	{
		entity_name = "Mrk_AsstBlownAway",
		type = MARKER,
		template_name = "",
		lt_grp = 0, srt_grp = 0, usr_flg = 0,
		spatialprops =
		{
			pos = { -129.3863, -85.86657, -50.74188 },
			orient = { {  0.787069,  0.000000,  0.616865 },
					   {  0.000000,  1.000000,  0.000000 },
					   { -0.616865,  0.000000,  0.787069 } }
		}
	},

	{
		entity_name = "Cam_TunnelExplosion_02",
		type = CAMERA,
		template_name = "",
		lt_grp = 0, srt_grp = 0, usr_flg = 0,
		spatialprops =
		{
			pos = { -125.8775, 75.67511, -82.4563 },
			orient = { { -0.997595, -0.023696, -0.065129 },
					   { -0.068897,  0.237107,  0.969037 },
					   { -0.007520,  0.971194, -0.238170 } }
		},
		cameraprops =
		{
			fovh = 30,
			hvaspect = 1.85,
			nearplane = 0.4,
			farplane = 4000
		}
	},

	{
		entity_name = "Cam_TunnelExplosion_01",
		type = CAMERA,
		template_name = "",
		lt_grp = 0, srt_grp = 0, usr_flg = 0,
		spatialprops =
		{
			pos = { -125.8775, -81.83376, -82.4563 },
			orient = { { -0.997595, -0.023696, -0.065129 },
					   { -0.068897,  0.237107,  0.969037 },
					   { -0.007520,  0.971194, -0.238170 } }
		},
		cameraprops =
		{
			fovh = 30,
			hvaspect = 1.85,
			nearplane = 1,
			farplane = 4000
		}
	},

	{
		entity_name = "Cam_04_JuniGetsInCockpit_02",
		type = CAMERA,
		template_name = "",
		lt_grp = 0, srt_grp = 0, usr_flg = 0,
		spatialprops =
		{
			pos = { -137.2698, -83.37368, -67.33804 },
			orient = { { -0.781643,  0.000000,  0.623726 },
					   { -0.040720,  0.997867, -0.051030 },
					   { -0.622396, -0.065285, -0.779975 } }
		},
		cameraprops =
		{
			fovh = 20,
			hvaspect = 1.85,
			nearplane = 0.4,
			farplane = 4000
		}
	},

	{
		entity_name = "vfx_rtc_spragueuptunnelexp",
		type = PSYS,
		template_name = "rtc_spragueuptunnelexp",
		lt_grp = 0, srt_grp = 0, usr_flg = 0,
		flags = LIT_DYNAMIC + LIT_AMBIENT,
		spatialprops =
		{
			pos = { -126.3627, -86.72378, -80.62505 },
			orient = { { 1, 0, 0 }, { 0, 1, 0 }, { 0, 0, 1 } }
		},
		psysprops =
		{
			sparam = 0
		}
	},

	{
		entity_name = "Cam_WideTakeOff",
		type = CAMERA,
		template_name = "",
		lt_grp = 0, srt_grp = 0, usr_flg = 0,
		spatialprops =
		{
			pos = { -5.225039, 158.8017, -3.905535 },
			orient = { {  0.354518,  0.000000, -0.935049 },
					   { -0.341099,  0.931089, -0.129326 },
					   {  0.870614,  0.364792,  0.330088 } }
		},
		cameraprops =
		{
			fovh = 30,
			hvaspect = 1.85,
			nearplane = 2,
			farplane = 4000
		}
	},

	{
		entity_name = "Mrk_TunnelEscapeJuni_01",
		type = MARKER,
		template_name = "",
		lt_grp = 0, srt_grp = 0, usr_flg = 0,
		spatialprops =
		{
			pos = { -115.8119, 63.52906, -75.50432 },
			orient = { {  0.964176,  0.037000, -0.262669 },
					   {  0.265098, -0.169294,  0.949243 },
					   { -0.009346, -0.984871, -0.173038 } }
		}
	},

	{
		entity_name = "Mrk_TunnelEscapeTrent_01",
		type = MARKER,
		template_name = "",
		lt_grp = 0, srt_grp = 0, usr_flg = 0,
		spatialprops =
		{
			pos = { -135.9547, 58.28957, -74.88112 },
			orient = { {  0.777292, -0.133712,  0.614767 },
					   { -0.625681, -0.061968,  0.777614 },
					   { -0.065880, -0.989081, -0.131829 } }
		}
	},

	{
		entity_name = "vfx_rtc_spraguemouthexp",
		type = PSYS,
		template_name = "rtc_spraguemouthexp",
		lt_grp = 0, srt_grp = 0, usr_flg = 0,
		flags = LIT_DYNAMIC + LIT_AMBIENT,
		spatialprops =
		{
			pos = { -125.666, 61.03196, -81.0844 },
			orient = { { 1, 0, 0 }, { 0, 1, 0 }, { 0, 0, 1 } }
		},
		psysprops =
		{
			sparam = 0
		}
	},

	{
		entity_name = "Mrk_PathPush_01",
		type = MARKER,
		template_name = "",
		lt_grp = 0, srt_grp = 0, usr_flg = 0,
		spatialprops =
		{
			pos = { -126.7635, 77.53439, -90.63471 },
			orient = { { -0.056910,  0.000000,  0.998379 },
					   {  0.000000,  1.000000,  0.000000 },
					   { -0.998379,  0.000000, -0.056910 } }
		}
	},

	{
		entity_name = "Mrk_PathPush_02",
		type = MARKER,
		template_name = "",
		lt_grp = 0, srt_grp = 0, usr_flg = 0,
		spatialprops =
		{
			pos = { -126.7635, 100.5344, -90.63471 },
			orient = { { -0.056910,  0.000000,  0.998379 },
					   {  0.000000,  1.000000,  0.000000 },
					   { -0.998379,  0.000000, -0.056910 } }
		}
	},

	{
		entity_name = "Cam_01_OpenRhStrafe",
		type = CAMERA,
		template_name = "",
		lt_grp = 0, srt_grp = 0, usr_flg = 0,
		spatialprops =
		{
			pos = { 963.6553, 90.6971, 223.9998 },
			orient = { {  0.226244,  0.011601, -0.974002 },
					   { -0.068674,  0.997631, -0.004069 },
					   {  0.971647,  0.067809,  0.226505 } }
		},
		cameraprops =
		{
			fovh = 30,
			hvaspect = 1.85,
			nearplane = 4,
			farplane = 4000
		}
	},

	{
		entity_name = "Path_RhElite_Open",
		type = MOTION_PATH,
		template_name = "",
		lt_grp = 0, srt_grp = 0, usr_flg = 0,
		spatialprops =
		{
			pos = { 0, 101.6492, 0 },
			orient = { { 1, 0, 0 }, { 0, 1, 0 }, { 0, 0, 1 } }
		},
		pathprops =
		{
			path_type = "CV_CROrientationSplinePath",
			path_data = "OPEN,{948.424744,14.799449,261.862671}, {0.781033,0.042609,0.620429,-0.056919}, {774.953308,28.615988,220.851318}, {0.785883,0.183449,0.568659,-0.159252}, {663.826721,41.774117,180.318710}, {0.782295,0.119339,0.594225,0.143769}, {448.998260,19.688309,86.771057}, {0.835412,0.005278,0.548908,0.027530}, {173.121063,4.330132,1.523888}, {0.758259,0.076383,0.638223,0.108997}, {-63.266541,50.653908,-24.939648}, {0.665302,-0.029967,0.697865,-0.263553}, {-359.658295,113.032005,-27.482483}, {0.710624,0.081768,0.686459,0.130777}, "
		}
	},

	{
		entity_name = "Path_RhFighter_Open",
		type = MOTION_PATH,
		template_name = "",
		lt_grp = 0, srt_grp = 0, usr_flg = 0,
		spatialprops =
		{
			pos = { 45.96713, 98.00543, -55.15778 },
			orient = { { 1, 0, 0 }, { 0, 1, 0 }, { 0, 0, 1 } }
		},
		pathprops =
		{
			path_type = "CV_CROrientationSplinePath",
			path_data = "OPEN,{948.424744,14.799449,261.862671}, {0.781033,0.042609,0.620429,-0.056919}, {774.953308,20.045593,220.851318}, {0.785883,0.183449,0.568659,-0.159252}, {663.826721,32.167000,180.318726}, {0.761561,0.013275,0.634415,-0.131780}, {448.998260,19.688307,86.771057}, {0.825214,0.004773,0.564125,0.027622}, {173.121063,4.330131,1.523888}, {0.714125,0.094471,0.687087,0.094931}, {-56.783195,23.971626,-32.408669}, {0.644732,0.072748,0.731568,-0.209373}, {-385.210815,121.621033,-35.959129}, {0.566510,0.282284,0.722767,-0.277472}, "
		}
	},

	{
		entity_name = "Path_RhShips_Open_Cam",
		type = MOTION_PATH,
		template_name = "",
		lt_grp = 0, srt_grp = 0, usr_flg = 0,
		spatialprops =
		{
			pos = { 12.30142, 94.44717, -10.99891 },
			orient = { { 1, 0, 0 }, { 0, 1, 0 }, { 0, 0, 1 } }
		},
		pathprops =
		{
			path_type = "CV_CROrientationSplinePath",
			path_data = "OPEN,{951.353821,-3.750076,234.998703}, {0.782685,-0.022959,0.621466,0.025641}, {865.635437,17.252235,212.766312}, {0.786410,-0.007845,0.617336,-0.019867}, {687.450195,39.860840,178.158081}, {0.860228,0.119673,0.491988,0.060281}, {495.373291,21.639603,84.624397}, {0.825214,0.004773,0.564125,0.027622}, {161.541565,4.330131,-34.511433}, {0.702570,0.155642,0.686907,0.101633}, {-28.195005,7.868073,-44.216480}, {0.690721,0.099715,0.712522,-0.072618}, {-103.882965,31.437683,-30.518665}, {-0.154572,0.007944,0.969876,-0.188108}, "
		}
	},

	{
		entity_name = "Mrk_CamChase",
		type = MARKER,
		template_name = "",
		lt_grp = 0, srt_grp = 0, usr_flg = 0,
		spatialprops =
		{
			pos = { 0, 0, 0 },
			orient = { { 1, 0, 0 }, { 0, 1, 0 }, { 0, 0, 1 } }
		}
	},

	{
		entity_name = "Cam_03_HallRun_02",
		type = CAMERA,
		template_name = "",
		lt_grp = 0, srt_grp = 0, usr_flg = 0,
		spatialprops =
		{
			pos = { -135.4182, -87.10072, -38.51 },
			orient = { { -0.652455,  0.000000, -0.757828 },
					   {  0.211422,  0.960296, -0.182025 },
					   {  0.727738, -0.278984, -0.626550 } }
		},
		cameraprops =
		{
			fovh = 15,
			hvaspect = 1.85,
			nearplane = 2,
			farplane = 4000
		}
	},

	{
		entity_name = "Mrk_SinAlign9sec",
		type = MARKER,
		template_name = "",
		lt_grp = 0, srt_grp = 0, usr_flg = 0,
		spatialprops =
		{
			pos = { -133.1752, -86.04066, -47.62798 },
			orient = { {  0.999307,  0.000000,  0.037229 },
					   {  0.000000,  1.000000,  0.000000 },
					   { -0.037229,  0.000000,  0.999307 } }
		}
	},

	{
		entity_name = "Mrk_JuniAlign_9sec",
		type = MARKER,
		template_name = "",
		lt_grp = 0, srt_grp = 0, usr_flg = 0,
		spatialprops =
		{
			pos = { -138.287, -86.03927, -51.99554 },
			orient = { {  0.604125,  0.000000,  0.796890 },
					   {  0.000000,  1.000000,  0.000000 },
					   { -0.796890,  0.000000,  0.604125 } }
		}
	},

	{
		entity_name = "Path_BigShake_Y",
		type = MOTION_PATH,
		template_name = "",
		lt_grp = 0, srt_grp = 0, usr_flg = 0,
		spatialprops =
		{
			pos = { -133.8387, -85.0904, -50.13058 },
			orient = { {  0.977672,  0.153130,  0.143907 },
					   { -0.126335,  0.975559, -0.179787 },
					   { -0.167921,  0.157592,  0.973123 } }
		},
		pathprops =
		{
			path_type = "CV_CROrientationSplinePath",
			path_data = "OPEN,{0.000000,-0.300000,0.000000}, {1.000000,0.000000,0.000000,0.000000}, {0.000000,0.300000,0.000000}, {1.000000,0.000000,0.000000,0.000000}, "
		}
	},

	{
		entity_name = "Path_BigShake_X",
		type = MOTION_PATH,
		template_name = "",
		lt_grp = 0, srt_grp = 0, usr_flg = 0,
		spatialprops =
		{
			pos = { -133.8387, -85.0904, -50.13058 },
			orient = { {  0.977672,  0.153130,  0.143907 },
					   { -0.126335,  0.975559, -0.179787 },
					   { -0.167921,  0.157592,  0.973123 } }
		},
		pathprops =
		{
			path_type = "CV_CROrientationSplinePath",
			path_data = "OPEN,{-0.300000,0.000000,0.000000}, {1.000000,0.000000,0.000000,0.000000}, {0.300000,0.000000,0.000000}, {1.000000,0.000000,0.000000,0.000000}, "
		}
	},

	{
		entity_name = "Cam_05_EstBombRun_01",
		type = CAMERA,
		template_name = "",
		lt_grp = 0, srt_grp = 0, usr_flg = 0,
		spatialprops =
		{
			pos = { -167.9069, 130.6916, -35.65469 },
			orient = { { -0.998982,  0.000000, -0.045107 },
					   { -0.003342,  0.997252,  0.074006 },
					   {  0.044983,  0.074081, -0.996237 } }
		},
		cameraprops =
		{
			fovh = 30,
			hvaspect = 1.85,
			nearplane = 2,
			farplane = 4000
		}
	},

	{
		entity_name = "Cam_05_EstBombRun_02",
		type = CAMERA,
		template_name = "",
		lt_grp = 0, srt_grp = 0, usr_flg = 0,
		spatialprops =
		{
			pos = { -166.5277, 129.3977, -8.9711 },
			orient = { { -0.999996,  0.000000,  0.002996 },
					   {  0.000183,  0.998136,  0.061035 },
					   { -0.002991,  0.061035, -0.998131 } }
		},
		cameraprops =
		{
			fovh = 30,
			hvaspect = 1.85,
			nearplane = 0.4,
			farplane = 4000
		}
	},

	{
		entity_name = "Mrk_PlayerShipStayPut",
		type = MARKER,
		template_name = "",
		lt_grp = 0, srt_grp = 0, usr_flg = 0,
		spatialprops =
		{
			pos = { -117.6815, -80.36146, -82.11018 },
			orient = { { -0.478692,  0.000000, -0.877983 },
					   {  0.000000,  1.000000,  0.000000 },
					   {  0.877983,  0.000000, -0.478692 } }
		}
	},

	{
		entity_name = "Cam_06_BeginTakeOff_01",
		type = CAMERA,
		template_name = "",
		lt_grp = 0, srt_grp = 0, usr_flg = 0,
		spatialprops =
		{
			pos = { -159.8447, -84.71527, -63.02924 },
			orient = { {  0.106989,  0.000000,  0.994260 },
					   { -0.086924,  0.996171,  0.009354 },
					   { -0.990453, -0.087426,  0.106579 } }
		},
		cameraprops =
		{
			fovh = 30,
			hvaspect = 1.85,
			nearplane = 1,
			farplane = 1000
		}
	},

	{
		entity_name = "vfx_rtc_spraguedistantexp",
		type = PSYS,
		template_name = "rtc_spraguedistantexp",
		lt_grp = 0, srt_grp = 0, usr_flg = 0,
		flags = LIT_DYNAMIC + LIT_AMBIENT,
		spatialprops =
		{
			pos = { -114.0798, 79.59291, -56.36843 },
			orient = { { 1, 0, 0 }, { 0, 1, 0 }, { 0, 0, 1 } }
		},
		psysprops =
		{
			sparam = 0
		}
	},

	{
		entity_name = "Mrk_ShipLiftOff_copy_1",
		type = MARKER,
		template_name = "",
		lt_grp = 0, srt_grp = 0, usr_flg = 0,
		spatialprops =
		{
			pos = { -110.9626, -61.57968, -76.58808 },
			orient = { { -0.936177,  0.000000,  0.351530 },
					   {  0.000000,  1.000000,  0.000000 },
					   { -0.351530,  0.000000, -0.936177 } }
		}
	},

	{
		entity_name = "vfx_rtc_bombtrail",
		type = PSYS,
		template_name = "rtc_bombtrail",
		lt_grp = 0, srt_grp = 0, usr_flg = 0,
		flags = LIT_DYNAMIC + LIT_AMBIENT,
		spatialprops =
		{
			pos = { 0, 0, 0 },
			orient = { { 1, 0, 0 }, { 0, 1, 0 }, { 0, 0, 1 } }
		},
		psysprops =
		{
			sparam = 0
		}
	},

	{
		entity_name = "Mrk_BeginJuniTakeOff",
		type = MARKER,
		template_name = "",
		lt_grp = 0, srt_grp = 0, usr_flg = 0,
		spatialprops =
		{
			pos = { -139.6729, -79.44852, -63.11196 },
			orient = { {  0.352585,  0.038013,  0.935007 },
					   { -0.146044,  0.989167,  0.014858 },
					   { -0.924313, -0.141791,  0.354317 } }
		}
	},

	{
		entity_name = "Mrk_BeginTrentTakeOff",
		type = MARKER,
		template_name = "",
		lt_grp = 0, srt_grp = 0, usr_flg = 0,
		spatialprops =
		{
			pos = { -117.6831, -79.00491, -82.11239 },
			orient = { { -0.575172,  0.003236, -0.818026 },
					   {  0.001861,  0.999995,  0.002647 },
					   {  0.818030,  0.000000, -0.575175 } }
		}
	},

	{
		entity_name = "Cam_06_BeginTakeOff_02",
		type = CAMERA,
		template_name = "",
		lt_grp = 0, srt_grp = 0, usr_flg = 0,
		spatialprops =
		{
			pos = { -160.0115, -80.80488, -62.62757 },
			orient = { {  0.106989,  0.000000,  0.994260 },
					   { -0.086924,  0.996171,  0.009354 },
					   { -0.990453, -0.087426,  0.106579 } }
		},
		cameraprops =
		{
			fovh = 30,
			hvaspect = 1.85,
			nearplane = 0.4,
			farplane = 1000
		}
	},

	{
		entity_name = "Mrk_AsstStartBlownAway",
		type = MARKER,
		template_name = "",
		lt_grp = 0, srt_grp = 0, usr_flg = 0,
		spatialprops =
		{
			pos = { -136.0503, -85.92953, -65.34602 },
			orient = { { -0.963506,  0.000000,  0.267686 },
					   {  0.000000,  1.000000,  0.000000 },
					   { -0.267686,  0.000000, -0.963506 } }
		}
	},

	{
		entity_name = "vfx_rtc_fadeblack_variable",
		type = PSYS,
		template_name = "rtc_fadeblack_variable",
		lt_grp = 0, srt_grp = 0, usr_flg = 0,
		flags = LIT_DYNAMIC + LIT_AMBIENT,
		spatialprops =
		{
			pos = { 0, 0, 0 },
			orient = { { 1, 0, 0 }, { 0, 1, 0 }, { 0, 0, 1 } }
		},
		psysprops =
		{
			sparam = 0
		}
	},

	{
		entity_name = "Mrk_TunnelEscapeJuni",
		type = MARKER,
		template_name = "",
		lt_grp = 0, srt_grp = 0, usr_flg = 0,
		spatialprops =
		{
			pos = { -115.8119, -50.23246, -75.50432 },
			orient = { {  0.964176, -0.174703, -0.199607 },
					   {  0.265098,  0.608104,  0.748287 },
					   { -0.009347, -0.774396,  0.632633 } }
		}
	},

	{
		entity_name = "Mrk_TunnelEscapeTrent",
		type = MARKER,
		template_name = "",
		lt_grp = 0, srt_grp = 0, usr_flg = 0,
		spatialprops =
		{
			pos = { -135.9547, -47.13837, -74.88112 },
			orient = { {  0.891779,  0.166261,  0.420818 },
					   { -0.430123,  0.600178,  0.674374 },
					   { -0.140443, -0.782396,  0.606739 } }
		}
	},

	{
		entity_name = "Cam_WideTakeOff_01",
		type = CAMERA,
		template_name = "",
		lt_grp = 0, srt_grp = 0, usr_flg = 0,
		spatialprops =
		{
			pos = { 244.5861, 83.23405, 81.04237 },
			orient = { {  0.183677, -0.210431, -0.960199 },
					   {  0.341443,  0.929654, -0.138422 },
					   {  0.921780, -0.302428,  0.242606 } }
		},
		cameraprops =
		{
			fovh = 30,
			hvaspect = 1.85,
			nearplane = 0.4,
			farplane = 4000
		}
	},

	{
		entity_name = "Mrk_TunnelEscapeJuni_02",
		type = MARKER,
		template_name = "",
		lt_grp = 0, srt_grp = 0, usr_flg = 0,
		spatialprops =
		{
			pos = { -116.4728, 1075.118, -72.32132 },
			orient = { {  0.346209, -0.039421, -0.937329 },
					   {  0.925703, -0.147906,  0.348135 },
					   { -0.152360, -0.988215, -0.014714 } }
		}
	},

	{
		entity_name = "Mrk_TunnelEscapeTrent_02",
		type = MARKER,
		template_name = "",
		lt_grp = 0, srt_grp = 0, usr_flg = 0,
		spatialprops =
		{
			pos = { -76.28122, 1071.418, -106.265 },
			orient = { {  0.309695,  0.114141,  0.943960 },
					   { -0.813144,  0.546362,  0.200713 },
					   { -0.492835, -0.829735,  0.262018 } }
		}
	},

	{
		entity_name = "Cam_12_ExtremeBirdsEye_01",
		type = CAMERA,
		template_name = "",
		lt_grp = 0, srt_grp = 0, usr_flg = 0,
		spatialprops =
		{
			pos = { -119.95, 700, -76.543 },
			orient = { {  0.998989,  0.044958,  0.000508 },
					   {  0.000000,  0.011289, -0.999936 },
					   { -0.044961,  0.998925,  0.011277 } }
		},
		cameraprops =
		{
			fovh = 10,
			hvaspect = 1.85,
			nearplane = 0.4,
			farplane = 4000
		}
	},

	{
		entity_name = "Cam_12_ExtremeBirdsEye",
		type = CAMERA,
		template_name = "",
		lt_grp = 0, srt_grp = 0, usr_flg = 0,
		spatialprops =
		{
			pos = { -119.6502, 610.4699, -76.89192 },
			orient = { {  0.137215,  0.044958,  0.989520 },
					   {  0.990389,  0.011288, -0.137848 },
					   { -0.017367,  0.998925, -0.042977 } }
		},
		cameraprops =
		{
			fovh = 10,
			hvaspect = 1.85,
			nearplane = 1,
			farplane = 4000
		}
	},

	{
		entity_name = "Cam_WideTakeOff_02",
		type = CAMERA,
		template_name = "",
		lt_grp = 0, srt_grp = 0, usr_flg = 0,
		spatialprops =
		{
			pos = { 244.5861, 197.5061, 81.04237 },
			orient = { {  0.183677, -0.210431, -0.960199 },
					   { -0.008711,  0.976431, -0.215655 },
					   {  0.982948,  0.047975,  0.177515 } }
		},
		cameraprops =
		{
			fovh = 30,
			hvaspect = 1.85,
			nearplane = 1,
			farplane = 4000
		}
	},

	{
		entity_name = "Cam_GroundZeroLookingUp",
		type = CAMERA,
		template_name = "",
		lt_grp = 0, srt_grp = 0, usr_flg = 0,
		spatialprops =
		{
			pos = { -120.062, 99.08688, -76.48801 },
			orient = { {  0.893514, -0.135330, -0.428157 },
					   {  0.432289,  0.001282,  0.901734 },
					   { -0.121483, -0.990800,  0.059647 } }
		},
		cameraprops =
		{
			fovh = 30,
			hvaspect = 1.85,
			nearplane = 1,
			farplane = 4000
		}
	},

	{
		entity_name = "Mrk_ShipFollowElite",
		type = MARKER,
		template_name = "",
		lt_grp = 0, srt_grp = 0, usr_flg = 0,
		spatialprops =
		{
			pos = { -134.5503, -86.023, -54.06784 },
			orient = { { -0.968886,  0.000000,  0.247508 },
					   {  0.000000,  1.000000,  0.000000 },
					   { -0.247508,  0.000000, -0.968886 } }
		}
	},

	{
		entity_name = "Mrk_ShipFollowFighter",
		type = MARKER,
		template_name = "",
		lt_grp = 0, srt_grp = 0, usr_flg = 0,
		spatialprops =
		{
			pos = { 0, 0, 0 },
			orient = { { 1, 0, 0 }, { 0, 1, 0 }, { 0, 0, 1 } }
		}
	},

	{
		entity_name = "Mrk_BombRelocate",
		type = MARKER,
		template_name = "",
		lt_grp = 0, srt_grp = 0, usr_flg = 0,
		spatialprops =
		{
			pos = { -126.3627, -86.72378, -80.62505 },
			orient = { {  0.956613, -0.269981,  0.109549 },
					   {  0.000000,  0.375992,  0.926623 },
					   { -0.291360, -0.886420,  0.359679 } }
		}
	},

	{
		entity_name = "Path_RunPathShake_X",
		type = MOTION_PATH,
		template_name = "",
		lt_grp = 0, srt_grp = 0, usr_flg = 0,
		spatialprops =
		{
			pos = { -144.6103, -86.8855, -23.88749 },
			orient = { { -0.962892,  0.000000, -0.269885 },
					   { -0.008716,  0.999478,  0.031097 },
					   {  0.269745,  0.032295, -0.962390 } }
		},
		pathprops =
		{
			path_type = "CV_CROrientationSplinePath",
			path_data = "OPEN,{-0.300000,0.000000,0.000000}, {1.000000,0.000000,0.000000,0.000000}, {0.300000,0.000000,0.000000}, {1.000000,0.000000,0.000000,0.000000}, "
		}
	},

	{
		entity_name = "Path_RunPathShake_Y",
		type = MOTION_PATH,
		template_name = "",
		lt_grp = 0, srt_grp = 0, usr_flg = 0,
		spatialprops =
		{
			pos = { -134.1651, -86.08447, -29.23814 },
			orient = { {  0.254958,  0.000000, -0.966952 },
					   {  0.031405,  0.999472,  0.008281 },
					   {  0.966442, -0.032478,  0.254824 } }
		},
		pathprops =
		{
			path_type = "CV_CROrientationSplinePath",
			path_data = "OPEN,{0.000000,-0.300000,0.000000}, {1.000000,0.000000,0.000000,0.000000}, {0.000000,0.300000,0.000000}, {1.000000,0.000000,0.000000,0.000000}, "
		}
	},

	{
		entity_name = "Char_hvis_xtr_2_Extra02",
		type = DEFORMABLE,
		template_name = "hvis_xtr_2",
		lt_grp = 0, srt_grp = 0, usr_flg = 0,
		flags = LIT_DYNAMIC + LIT_AMBIENT,
		spatialprops =
		{
			pos = { -130.4696, 0, -71.35326 },
			orient = { { -0.374732,  0.000000, -0.927133 },
					   {  0.000000,  1.000000,  0.000000 },
					   {  0.927133,  0.000000, -0.374732 } }
		},
		compoundprops =
		{
			floor_height = 0
		},
		userprops =
		{
			actor = "hvis_xtr_2",
			category = "Character",
			Priority = "BG_Extras_1",
		}
	},

	{
		entity_name = "Mrk_PlayerShipRising_32sec",
		type = MARKER,
		template_name = "",
		lt_grp = 0, srt_grp = 0, usr_flg = 0,
		spatialprops =
		{
			pos = { -110.9626, -27.4536, -76.58808 },
			orient = { { -0.927523, -0.308735, -0.210677 },
					   { -0.249801,  0.931321, -0.265030 },
					   {  0.278032, -0.193194, -0.940943 } }
		}
	},

	{
		entity_name = "Cam_11_slowmo_01",
		type = CAMERA,
		template_name = "",
		lt_grp = 0, srt_grp = 0, usr_flg = 0,
		spatialprops =
		{
			pos = { -137.4186, -86.34767, -48.34733 },
			orient = { {  0.965171,  0.000000,  0.261619 },
					   { -0.033309,  0.991862,  0.122885 },
					   { -0.259490, -0.127320,  0.957316 } }
		},
		cameraprops =
		{
			fovh = 48,
			hvaspect = 1.85,
			nearplane = 1,
			farplane = 4000
		}
	},

	{
		entity_name = "Cam_11_slowmo_04",
		type = CAMERA,
		template_name = "",
		lt_grp = 0, srt_grp = 0, usr_flg = 0,
		spatialprops =
		{
			pos = { -134.2308, -86.34767, -45.00086 },
			orient = { {  0.965171,  0.000000,  0.261620 },
					   { -0.033309,  0.991862,  0.122885 },
					   { -0.259491, -0.127319,  0.957316 } }
		},
		cameraprops =
		{
			fovh = 30,
			hvaspect = 1.85,
			nearplane = 0.4,
			farplane = 4000
		}
	},

	{
		entity_name = "Cam_11_fastmo_01",
		type = CAMERA,
		template_name = "",
		lt_grp = 0, srt_grp = 0, usr_flg = 0,
		spatialprops =
		{
			pos = { -138.2059, -86.25928, -30.3356 },
			orient = { {  0.965171,  0.000000,  0.261620 },
					   { -0.018852,  0.997400,  0.069549 },
					   { -0.260940, -0.072058,  0.962662 } }
		},
		cameraprops =
		{
			fovh = 30,
			hvaspect = 1.85,
			nearplane = 1,
			farplane = 4000
		}
	},

	{
		entity_name = "Cam_11_slowmo_Path",
		type = MOTION_PATH,
		template_name = "",
		lt_grp = 0, srt_grp = 0, usr_flg = 0,
		spatialprops =
		{
			pos = { 0, 0, 0 },
			orient = { { 1, 0, 0 }, { 0, 1, 0 }, { 0, 0, 1 } }
		},
		pathprops =
		{
			path_type = "CV_CROrientationSplinePath",
			path_data = "OPEN,{-137.418610,-86.347672,-48.347328}, {0.989236,0.063232,-0.131695,0.008418}, {-136.864197,-86.347672,-47.060349}, {0.989236,0.063232,-0.131695,0.008418}, {-135.688644,-86.347672,-46.030388}, {0.961121,0.083213,-0.263193,-0.007218}, {-134.230774,-86.347672,-45.000866}, {0.989236,0.063232,-0.131695,0.008418}, "
		}
	},

	{
		entity_name = "Mrk_ScootExplInsideHanger_01",
		type = MARKER,
		template_name = "",
		lt_grp = 0, srt_grp = 0, usr_flg = 0,
		spatialprops =
		{
			pos = { -122.4542, -86.72378, -97.79536 },
			orient = { {  0.956613, -0.269981,  0.109549 },
					   {  0.000000,  0.375992,  0.926623 },
					   { -0.291360, -0.886420,  0.359679 } }
		}
	},

	{
		entity_name = "Mrk_ScootExplInsideHanger_02",
		type = MARKER,
		template_name = "",
