duration = 49.375;

entities =
{

	{
		entity_name = "Layer_Scene_s028x_Nrml_br_08_depot",
		type = SCENE,
		template_name = "",
		lt_grp = 0, srt_grp = 0, usr_flg = 0,
		spatialprops =
		{
			pos = { 0, 0, 0 },
			orient = { { 1, 0, 0 }, { 0, 1, 0 }, { 0, 0, 1 } }
		},
		up = Y_AXIS,
		front = Z_AXIS,
		ambient = { 0, 0, 0 },
		userprops =
		{
			TextStart = "0.75000",
			TextString = "259613",
		}
	},

	{
		entity_name = "Char_Juni",
		type = DEFORMABLE,
		template_name = "juni",
		lt_grp = 0, srt_grp = 0, usr_flg = 0,
		flags = LIT_DYNAMIC,
		spatialprops =
		{
			pos = { 5.357876, 0, -7.814652 },
			orient = { { -0.993923,  0.000000,  0.110074 },
					   {  0.000000,  1.000000,  0.000000 },
					   { -0.110074,  0.000000, -0.993923 } }
		},
		compoundprops =
		{
			floor_height = 0
		},
		userprops =
		{
			actor = "juni",
			category = "Character",
		}
	},

	{
		entity_name = "Char_Sinclair",
		type = DEFORMABLE,
		template_name = "sinclair",
		lt_grp = 0, srt_grp = 0, usr_flg = 0,
		flags = LIT_DYNAMIC,
		spatialprops =
		{
			pos = { 5.370404, 0, -5.909476 },
			orient = { { -0.775370,  0.000000,  0.631507 },
					   {  0.000000,  1.000000,  0.000000 },
					   { -0.631507,  0.000000, -0.775370 } }
		},
		compoundprops =
		{
			floor_height = 0
		},
		userprops =
		{
			actor = "sinclair",
			category = "Character",
		}
	},

	{
		entity_name = "Char_Trent",
		type = DEFORMABLE,
		template_name = "trent",
		lt_grp = 0, srt_grp = 0, usr_flg = 0,
		flags = LIT_DYNAMIC,
		spatialprops =
		{
			pos = { 4.423734, 0, -7.361054 },
			orient = { { -0.972348,  0.000000, -0.233537 },
					   {  0.000000,  1.000000,  0.000000 },
					   {  0.233537,  0.000000, -0.972348 } }
		},
		compoundprops =
		{
			floor_height = 0
		},
		userprops =
		{
			actor = "Player",
			category = "Character",
		}
	},

	{
		entity_name = "dx_s028x_0101_Trent",
		type = SOUND,
		template_name = "dx_s028x_0101_Trent",
		lt_grp = 0, srt_grp = 0, usr_flg = 0,
		spatialprops =
		{
			pos = { 0, 0, 0 },
			orient = { { 1, 0, 0 }, { 0, 1, 0 }, { 0, 0, 1 } }
		},
		audioprops =
		{
			attenuation = 0,
			pan = 0,
			dmin = 50,
			dmax = 1000,
			ain = 360,
			aout = 360,
			atout = 0,
			rmix = 0,
		},
		userprops =
		{
			category = "Audio",
		}
	},

	{
		entity_name = "dx_s028x_0201_juni",
		type = SOUND,
		template_name = "dx_s028x_0201_juni",
		lt_grp = 0, srt_grp = 0, usr_flg = 0,
		spatialprops =
		{
			pos = { 0, 0, 0 },
			orient = { { 1, 0, 0 }, { 0, 1, 0 }, { 0, 0, 1 } }
		},
		audioprops =
		{
			attenuation = 0,
			pan = 0,
			dmin = 50,
			dmax = 1000,
			ain = 360,
			aout = 360,
			atout = 0,
			rmix = 0,
		},
		userprops =
		{
			category = "Audio",
		}
	},

	{
		entity_name = "dx_s028x_0301_sinclair",
		type = SOUND,
		template_name = "dx_s028x_0301_sinclair",
		lt_grp = 0, srt_grp = 0, usr_flg = 0,
		spatialprops =
		{
			pos = { 0, 0, 0 },
			orient = { { 1, 0, 0 }, { 0, 1, 0 }, { 0, 0, 1 } }
		},
		audioprops =
		{
			attenuation = 0,
			pan = 0,
			dmin = 50,
			dmax = 1000,
			ain = 360,
			aout = 360,
			atout = 0,
			rmix = 0,
		},
		userprops =
		{
			category = "Audio",
		}
	},

	{
		entity_name = "dx_s028x_0401_Trent",
		type = SOUND,
		template_name = "dx_s028x_0401_Trent",
		lt_grp = 0, srt_grp = 0, usr_flg = 0,
		spatialprops =
		{
			pos = { 0, 0, 0 },
			orient = { { 1, 0, 0 }, { 0, 1, 0 }, { 0, 0, 1 } }
		},
		audioprops =
		{
			attenuation = 0,
			pan = 0,
			dmin = 50,
			dmax = 1000,
			ain = 360,
			aout = 360,
			atout = 0,
			rmix = 0,
		},
		userprops =
		{
			category = "Audio",
		}
	},

	{
		entity_name = "dx_s028x_0501_sinclair",
		type = SOUND,
		template_name = "dx_s028x_0501_sinclair",
		lt_grp = 0, srt_grp = 0, usr_flg = 0,
		spatialprops =
		{
			pos = { 0, 0, 0 },
			orient = { { 1, 0, 0 }, { 0, 1, 0 }, { 0, 0, 1 } }
		},
		audioprops =
		{
			attenuation = 0,
			pan = 0,
			dmin = 50,
			dmax = 1000,
			ain = 360,
			aout = 360,
			atout = 0,
			rmix = 0,
		},
		userprops =
		{
			category = "Audio",
		}
	},

	{
		entity_name = "dx_s028x_0601_Trent",
		type = SOUND,
		template_name = "dx_s028x_0601_Trent",
		lt_grp = 0, srt_grp = 0, usr_flg = 0,
		spatialprops =
		{
			pos = { 0, 0, 0 },
			orient = { { 1, 0, 0 }, { 0, 1, 0 }, { 0, 0, 1 } }
		},
		audioprops =
		{
			attenuation = 0,
			pan = 0,
			dmin = 50,
			dmax = 1000,
			ain = 360,
			aout = 360,
			atout = 0,
			rmix = 0,
		},
		userprops =
		{
			category = "Audio",
		}
	},

	{
		entity_name = "dx_s028x_0701_sinclair",
		type = SOUND,
		template_name = "dx_s028x_0701_sinclair",
		lt_grp = 0, srt_grp = 0, usr_flg = 0,
		spatialprops =
		{
			pos = { 0, 0, 0 },
			orient = { { 1, 0, 0 }, { 0, 1, 0 }, { 0, 0, 1 } }
		},
		audioprops =
		{
			attenuation = 0,
			pan = 0,
			dmin = 50,
			dmax = 1000,
			ain = 360,
			aout = 360,
			atout = 0,
			rmix = 0,
		},
		userprops =
		{
			category = "Audio",
		}
	},

	{
		entity_name = "dx_s028x_0702_sinclair",
		type = SOUND,
		template_name = "dx_s028x_0702_sinclair",
		lt_grp = 0, srt_grp = 0, usr_flg = 0,
		spatialprops =
		{
			pos = { 0, 0, 0 },
			orient = { { 1, 0, 0 }, { 0, 1, 0 }, { 0, 0, 1 } }
		},
		audioprops =
		{
			attenuation = 0,
			pan = 0,
			dmin = 50,
			dmax = 1000,
			ain = 360,
			aout = 360,
			atout = 0,
			rmix = 0,
		},
		userprops =
		{
			category = "Audio",
		}
	},

	{
		entity_name = "dx_s028x_0703_sinclair",
		type = SOUND,
		template_name = "dx_s028x_0703_sinclair",
		lt_grp = 0, srt_grp = 0, usr_flg = 0,
		spatialprops =
		{
			pos = { 0, 0, 0 },
			orient = { { 1, 0, 0 }, { 0, 1, 0 }, { 0, 0, 1 } }
		},
		audioprops =
		{
			attenuation = 0,
			pan = 0,
			dmin = 50,
			dmax = 1000,
			ain = 360,
			aout = 360,
			atout = 0,
			rmix = 0,
		},
		userprops =
		{
			category = "Audio",
		}
	},

	{
		entity_name = "dx_s028x_0704_sinclair",
		type = SOUND,
		template_name = "dx_s028x_0704_sinclair",
		lt_grp = 0, srt_grp = 0, usr_flg = 0,
		spatialprops =
		{
			pos = { 0, 0, 0 },
			orient = { { 1, 0, 0 }, { 0, 1, 0 }, { 0, 0, 1 } }
		},
		audioprops =
		{
			attenuation = 0,
			pan = 0,
			dmin = 50,
			dmax = 1000,
			ain = 360,
			aout = 360,
			atout = 0,
			rmix = 0,
		},
		userprops =
		{
			category = "Audio",
		}
	},

	{
		entity_name = "dx_s028x_0801_juni",
		type = SOUND,
		template_name = "dx_s028x_0801_juni",
		lt_grp = 0, srt_grp = 0, usr_flg = 0,
		spatialprops =
		{
			pos = { 0, 0, 0 },
			orient = { { 1, 0, 0 }, { 0, 1, 0 }, { 0, 0, 1 } }
		},
		audioprops =
		{
			attenuation = 0,
			pan = 0,
			dmin = 50,
			dmax = 1000,
			ain = 360,
			aout = 360,
			atout = 0,
			rmix = 0,
		},
		userprops =
		{
			category = "Audio",
		}
	},

	{
		entity_name = "dx_s028x_0901_sinclair",
		type = SOUND,
		template_name = "dx_s028x_0901_sinclair",
		lt_grp = 0, srt_grp = 0, usr_flg = 0,
		spatialprops =
		{
			pos = { 0, 0, 0 },
			orient = { { 1, 0, 0 }, { 0, 1, 0 }, { 0, 0, 1 } }
		},
		audioprops =
		{
			attenuation = 0,
			pan = 0,
			dmin = 50,
			dmax = 1000,
			ain = 360,
			aout = 360,
			atout = 0,
			rmix = 0,
		},
		userprops =
		{
			category = "Audio",
		}
	},

	{
		entity_name = "dx_s028x_1001_Trent",
		type = SOUND,
		template_name = "dx_s028x_1001_Trent",
		lt_grp = 0, srt_grp = 0, usr_flg = 0,
		spatialprops =
		{
			pos = { 0, 0, 0 },
			orient = { { 1, 0, 0 }, { 0, 1, 0 }, { 0, 0, 1 } }
		},
		audioprops =
		{
			attenuation = 0,
			pan = 0,
			dmin = 50,
			dmax = 1000,
			ain = 360,
			aout = 360,
			atout = 0,
			rmix = 0,
		},
		userprops =
		{
			category = "Audio",
		}
	},

	{
		entity_name = "dx_s028x_0705_sinclair",
		type = SOUND,
		template_name = "dx_s028x_0705_sinclair",
		lt_grp = 0, srt_grp = 0, usr_flg = 0,
		spatialprops =
		{
			pos = { 0, 0, 0 },
			orient = { { 1, 0, 0 }, { 0, 1, 0 }, { 0, 0, 1 } }
		},
		audioprops =
		{
			attenuation = 0,
			pan = 0,
			dmin = 50,
			dmax = 1000,
			ain = 360,
			aout = 360,
			atout = 0,
			rmix = 0,
		},
		userprops =
		{
			category = "Audio",
		}
	},

	{
		entity_name = "Cam_Monitor_s028x",
		type = MONITOR,
		template_name = "",
		lt_grp = 0, srt_grp = 0, usr_flg = 0,
		userprops =
		{
			Priority = "Monitor_Moving_1",
		}
	},

	{
		entity_name = "Mrk_Ship01Follow",
		type = MARKER,
		template_name = "",
		lt_grp = 0, srt_grp = 0, usr_flg = 0,
		spatialprops =
		{
			pos = { 0, 0, 0 },
			orient = { {  0.632282,  0.000000, -0.774738 },
					   {  0.000000,  1.000000,  0.000000 },
					   {  0.774738,  0.000000,  0.632282 } }
		}
	},

	{
		entity_name = "Mrk_Ship02Follow",
		type = MARKER,
		template_name = "",
		lt_grp = 0, srt_grp = 0, usr_flg = 0,
		spatialprops =
		{
			pos = { 0, 0, 0 },
			orient = { {  0.900322,  0.000000, -0.435225 },
					   {  0.000000,  1.000000,  0.000000 },
					   {  0.435225,  0.000000,  0.900322 } }
		}
	},

	{
		entity_name = "Ship01_rtcprop_r_elite",
		type = COMPOUND,
		template_name = "rtcprop_r_elite",
		lt_grp = 3, srt_grp = 0, usr_flg = 0,
		flags = LIT_DYNAMIC,
		spatialprops =
		{
			pos = { -278.2124, 63.38691, -79.6874 },
			orient = { { -0.024471,  0.000000, -0.999701 },
					   {  0.000000,  1.000000,  0.000000 },
					   {  0.999701,  0.000000, -0.024471 } }
		},
		userprops =
		{
			category = "Spaceship",
			loadout = "MSN05_Interceptor",
			running_lights = "True",
		}
	},

	{
		entity_name = "Ship02_rtcprop_r_fighter",
		type = COMPOUND,
		template_name = "rtcprop_r_elite",
		lt_grp = 3, srt_grp = 0, usr_flg = 0,
		flags = LIT_DYNAMIC,
		spatialprops =
		{
			pos = { -578.4815, 53.9094, 173.5444 },
			orient = { {  0.156657,  0.000000, -0.987653 },
					   {  0.000000,  1.000000,  0.000000 },
					   {  0.987653,  0.000000,  0.156657 } }
		},
		userprops =
		{
			category = "Spaceship",
			loadout = "MSN05_Interceptor",
			running_lights = "True",
		}
	},

	{
		entity_name = "Path_Y",
		type = MOTION_PATH,
		template_name = "",
		lt_grp = 0, srt_grp = 0, usr_flg = 0,
		spatialprops =
		{
			pos = { 10.38773, 0, -3.536281 },
			orient = { {  0.197340,  0.000000, -0.980335 },
					   { -0.030456,  0.999517, -0.006131 },
					   {  0.979862,  0.031067,  0.197245 } }
		},
		pathprops =
		{
			path_type = "CV_CROrientationSplinePath",
			path_data = "OPEN,{0.000000,1.000000,0.000000}, {1.000000,0.000000,0.000000,0.000000}, {-0.000006,-0.608532,-0.000021}, {1.000000,0.000000,0.000000,0.000000}, "
		}
	},

	{
		entity_name = "Path_X",
		type = MOTION_PATH,
		template_name = "",
		lt_grp = 0, srt_grp = 0, usr_flg = 0,
		spatialprops =
		{
			pos = { 10.38773, 1.4, -3.536281 },
			orient = { {  0.197340,  0.000000, -0.980335 },
					   { -0.030456,  0.999517, -0.006131 },
					   {  0.979862,  0.031067,  0.197245 } }
		},
		pathprops =
		{
			path_type = "CV_CROrientationSplinePath",
			path_data = "OPEN,{-1.000000,0.000000,0.000000}, {1.000000,0.000000,0.000000,0.000000}, {1.000000,0.000000,0.000000}, {1.000000,0.000000,0.000000,0.000000}, "
		}
	},

	{
		entity_name = "Mrk_Trent_WalkAlign35sec",
		type = MARKER,
		template_name = "",
		lt_grp = 0, srt_grp = 0, usr_flg = 0,
		spatialprops =
		{
			pos = { 4.880361, 0.947088, -3.854383 },
			orient = { {  0.899614,  0.000000, -0.436686 },
					   {  0.000000,  1.000000,  0.000000 },
					   {  0.436686,  0.000000,  0.899614 } }
		}
	},

	{
		entity_name = "Mrk_Sinclair_WalkAlign35sec",
		type = MARKER,
		template_name = "",
		lt_grp = 0, srt_grp = 0, usr_flg = 0,
		spatialprops =
		{
			pos = { 6.78895, 0.946361, -2.4407 },
			orient = { {  0.816216,  0.000000, -0.577747 },
					   {  0.000000,  1.000000,  0.000000 },
					   {  0.577747,  0.000000,  0.816216 } }
		}
	},

	{
		entity_name = "Mrk_Juni_WalkAlign35sec",
		type = MARKER,
		template_name = "",
		lt_grp = 0, srt_grp = 0, usr_flg = 0,
		spatialprops =
		{
			pos = { 5.162099, 0.939272, -6.282749 },
			orient = { {  0.993957,  0.000000, -0.109769 },
					   {  0.000000,  1.000000,  0.000000 },
					   {  0.109769,  0.000000,  0.993957 } }
		}
	},

	{
		entity_name = "Mrk_Juni_WalkAlign6secs",
		type = MARKER,
		template_name = "",
		lt_grp = 0, srt_grp = 0, usr_flg = 0,
		spatialprops =
		{
			pos = { 2.703201, 0.94917, -6.334003 },
			orient = { {  0.539536,  0.000000, -0.841962 },
					   {  0.000000,  1.000000,  0.000000 },
					   {  0.841962,  0.000000,  0.539536 } }
		}
	},

	{
		entity_name = "Mrk_Trent_WalkAlign20sec",
		type = MARKER,
		template_name = "",
		lt_grp = 0, srt_grp = 0, usr_flg = 0,
		spatialprops =
		{
			pos = { 4.801308, 0.954626, -3.506053 },
			orient = { {  0.101301,  0.000000,  0.994856 },
					   {  0.000000,  1.000000,  0.000000 },
					   { -0.994856,  0.000000,  0.101301 } }
		}
	},

	{
		entity_name = "Mrk_Juni_WalkAlign32sec",
		type = MARKER,
		template_name = "",
		lt_grp = 0, srt_grp = 0, usr_flg = 0,
		spatialprops =
		{
			pos = { 1.655316, 0.959104, -8.318579 },
			orient = { { -0.701666,  0.000000,  0.712506 },
					   {  0.000000,  1.000000,  0.000000 },
					   { -0.712506,  0.000000, -0.701666 } }
		}
	},

	{
		entity_name = "Cam_TreSynLowAngle_12sec_original",
		type = CAMERA,
		template_name = "",
		lt_grp = 0, srt_grp = 0, usr_flg = 0,
		spatialprops =
		{
			pos = { 3.711116, 0.173413, -0.005542 },
			orient = { {  0.813011,  0.000000,  0.582249 },
					   { -0.140163,  0.970593,  0.195714 },
					   { -0.565126, -0.240727,  0.789102 } }
		},
		cameraprops =
		{
			fovh = 20,
			hvaspect = 1.85,
			nearplane = 0.4,
			farplane = 4000
		}
	},

	{
		entity_name = "Cam_04",
		type = CAMERA,
		template_name = "",
		lt_grp = 0, srt_grp = 0, usr_flg = 0,
		spatialprops =
		{
			pos = { 6.2776, 1.276897, 0.340397 },
			orient = { {  0.826244,  0.000000,  0.563312 },
					   { -0.075541,  0.990968,  0.110800 },
					   { -0.558224, -0.134101,  0.818781 } }
		},
		cameraprops =
		{
			fovh = 20,
			hvaspect = 1.85,
			nearplane = 0.4,
			farplane = 4000
		}
	},

	{
		entity_name = "Cam_TrentOTS_23sec_copy_1",
		type = CAMERA,
		template_name = "",
		lt_grp = 0, srt_grp = 0, usr_flg = 0,
		spatialprops =
		{
			pos = { 4.68325, 1.591398, -3.245505 },
			orient = { { -0.010800,  0.000000,  0.999942 },
					   {  0.075837,  0.997120,  0.000819 },
					   { -0.997062,  0.075841, -0.010769 } }
		},
		cameraprops =
		{
			fovh = 20,
			hvaspect = 1.85,
			nearplane = 0.4,
			farplane = 4000
		}
	},

	{
		entity_name = "Path_TrentOTS_23sec",
		type = MOTION_PATH,
		template_name = "",
		lt_grp = 0, srt_grp = 0, usr_flg = 0,
		spatialprops =
		{
			pos = { 0, 0, 0 },
			orient = { { 1, 0, 0 }, { 0, 1, 0 }, { 0, 0, 1 } }
		},
		pathprops =
		{
			path_type = "CV_CROrientationSplinePath",
			path_data = "OPEN,{6.256328,1.591398,-2.423948}, {0.955413,-0.036282,-0.292823,-0.011120}, {3.991119,1.591398,-2.444149}, {0.807077,-0.030649,-0.589225,-0.022376}, {3.743897,1.591398,-3.597240}, {0.703313,0.006084,-0.710828,0.006149}, "
		}
	},

	{
		entity_name = "Cam_SinclairOTS_27sec_02",
		type = CAMERA,
		template_name = "",
		lt_grp = 0, srt_grp = 0, usr_flg = 0,
		spatialprops =
		{
			pos = { 6.884863, 1.852863, -5.543575 },
			orient = { { -0.972441,  0.000000,  0.233148 },
					   {  0.049818,  0.976905,  0.207787 },
					   { -0.227763,  0.213676, -0.949982 } }
		},
		cameraprops =
		{
			fovh = 20,
			hvaspect = 1.85,
			nearplane = 0.4,
			farplane = 4000
		}
	},

	{
		entity_name = "Mrk_Sinclair_BodyAlign26sec",
		type = MARKER,
		template_name = "",
		lt_grp = 0, srt_grp = 0, usr_flg = 0,
		spatialprops =
		{
			pos = { 6.632693, 0.963595, -2.761214 },
			orient = { {  0.952782,  0.000000,  0.303656 },
					   {  0.000000,  1.000000,  0.000000 },
					   { -0.303656,  0.000000,  0.952782 } }
		}
	},

	{
		entity_name = "Mrk_plasma_relocate",
		type = MARKER,
		template_name = "",
		lt_grp = 0, srt_grp = 0, usr_flg = 0,
		spatialprops =
		{
			pos = { -1.271677, -500.7757, -4.083401 },
			orient = { { 1, 0, 0 }, { 0, 1, 0 }, { 0, 0, 1 } }
		}
	},

	{
		entity_name = "Cam_TreSynLowAngle_12sec",
		type = CAMERA,
		template_name = "",
		lt_grp = 0, srt_grp = 0, usr_flg = 0,
		spatialprops =
		{
			pos = { -3.05289, 1.822595, 3.781026 },
			orient = { {  0.424098,  0.000000,  0.905616 },
					   { -0.012620,  0.999903,  0.005910 },
					   { -0.905528, -0.013936,  0.424057 } }
		},
		cameraprops =
		{
			fovh = 20,
			hvaspect = 1.85,
			nearplane = 0.4,
			farplane = 4000
		}
	},

	{
		entity_name = "Cam_06_WideShipsComingIn",
		type = CAMERA,
		template_name = "",
		lt_grp = 0, srt_grp = 0, usr_flg = 0,
		spatialprops =
		{
			pos = { 10.12911, 1.225207, -4.036108 },
			orient = { { -0.261403, -0.000001, -0.965230 },
					   {  0.034157,  0.999374, -0.009251 },
					   {  0.964625, -0.035388, -0.261239 } }
		},
		cameraprops =
		{
			fovh = 20,
			hvaspect = 1.85,
			nearplane = 0.4,
			farplane = 4000
		}
	},

	{
		entity_name = "Mrk_SinclairMainHeadIK",
		type = MARKER,
		template_name = "",
		lt_grp = 0, srt_grp = 0, usr_flg = 0,
		spatialprops =
		{
			pos = { 6.594009, 1.365865, -2.946026 },
			orient = { { 1, 0, 0 }, { 0, 1, 0 }, { 0, 0, 1 } }
		}
	},

	{
		entity_name = "Mrk_SinclairHeadIK_35sec",
		type = MARKER,
		template_name = "",
		lt_grp = 0, srt_grp = 0, usr_flg = 0,
		spatialprops =
		{
			pos = { 5.416463, 1.365865, -2.563812 },
			orient = { { 1, 0, 0 }, { 0, 1, 0 }, { 0, 0, 1 } }
		}
	},

	{
		entity_name = "Mrk_SinclairHeadIK_37sec",
		type = MARKER,
		template_name = "",
		lt_grp = 0, srt_grp = 0, usr_flg = 0,
		spatialprops =
		{
			pos = { 5.416463, 1.365865, -6.681569 },
			orient = { { 1, 0, 0 }, { 0, 1, 0 }, { 0, 0, 1 } }
		}
	},

	{
		entity_name = "prop_artifact_crystal",
		type = COMPOUND,
		template_name = "prop_artifact_crystal",
		lt_grp = 2, srt_grp = 0, usr_flg = 0,
		flags = LIT_DYNAMIC,
		spatialprops =
		{
			pos = { 4.61713, 0.849307, -7.137034 },
			orient = { {  0.838040,  0.102808,  0.535836 },
					   { -0.223592,  0.960546,  0.165401 },
					   { -0.497691, -0.258422,  0.827963 } }
		},
		userprops =
		{
			category = "Prop",
		}
	},

	{
		entity_name = "Mrk_Trent_BodyAlign5sec",
		type = MARKER,
		template_name = "",
		lt_grp = 0, srt_grp = 0, usr_flg = 0,
		spatialprops =
		{
			pos = { 3.720686, 0.946261, -4.77855 },
			orient = { { -0.830860,  0.000000, -0.556481 },
					   {  0.000000,  1.000000,  0.000000 },
					   {  0.556481,  0.000000, -0.830860 } }
		}
	},

	{
		entity_name = "Mrk_Trent_BodyAlign7sec",
		type = MARKER,
		template_name = "",
		lt_grp = 0, srt_grp = 0, usr_flg = 0,
		spatialprops =
		{
			pos = { 3.720686, 0.946261, -4.77855 },
			orient = { { -0.677326,  0.000000,  0.735683 },
					   {  0.000000,  1.000000,  0.000000 },
					   { -0.735683,  0.000000, -0.677326 } }
		}
	},

	{
		entity_name = "Cam_TrentSynclairOTS_10sec",
		type = CAMERA,
		template_name = "",
		lt_grp = 0, srt_grp = 0, usr_flg = 0,
		spatialprops =
		{
			pos = { 2.55618, 1.375788, -4.408598 },
			orient = { { -0.157701,  0.000000,  0.987487 },
					   { -0.127569,  0.991620, -0.020373 },
					   { -0.979212, -0.129185, -0.156380 } }
		},
		cameraprops =
		{
			fovh = 25,
			hvaspect = 1.85,
			nearplane = 0.4,
			farplane = 4000
		}
	},

	{
		entity_name = "Mrk_Trent_WalkStop_20sec",
		type = MARKER,
		template_name = "",
		lt_grp = 0, srt_grp = 0, usr_flg = 0,
		spatialprops =
		{
			pos = { 6.715774, 0.974743, -4.560468 },
			orient = { {  0.583031,  0.000000,  0.812450 },
					   {  0.000000,  1.000000,  0.000000 },
					   { -0.812450,  0.000000,  0.583031 } }
		}
	},

	{
		entity_name = "Mrk_Trent_GrabArt_36sec",
		type = MARKER,
		template_name = "",
		lt_grp = 0, srt_grp = 0, usr_flg = 0,
		spatialprops =
		{
			pos = { 4.694537, 0.814935, -2.9124 },
			orient = { {  0.899614,  0.000000, -0.436686 },
					   {  0.000000,  1.000000,  0.000000 },
					   {  0.436686,  0.000000,  0.899614 } }
		}
	},

	{
		entity_name = "Mrk_Trent_WalkAlign_38sec",
		type = MARKER,
		template_name = "",
		lt_grp = 0, srt_grp = 0, usr_flg = 0,
		spatialprops =
		{
			pos = { 3.939075, 0.941722, -3.166472 },
			orient = { { -0.989892,  0.000000, -0.141825 },
					   {  0.000000,  1.000000,  0.000000 },
					   {  0.141825,  0.000000, -0.989892 } }
		}
	},

	{
		entity_name = "Mrk_TrentHeadIK_8sec",
		type = MARKER,
		template_name = "",
		lt_grp = 0, srt_grp = 0, usr_flg = 0,
		spatialprops =
		{
			pos = { 6.670664, 1.333005, -2.862799 },
			orient = { { 1, 0, 0 }, { 0, 1, 0 }, { 0, 0, 1 } }
		}
	},

	{
		entity_name = "Mrk_TrentHeadIK_12sec",
		type = MARKER,
		template_name = "",
		lt_grp = 0, srt_grp = 0, usr_flg = 0,
		spatialprops =
		{
			pos = { 16.4821, 1.641136, -8.562799 },
			orient = { { 1, 0, 0 }, { 0, 1, 0 }, { 0, 0, 1 } }
		}
	},

	{
		entity_name = "Cam_01_AJ_Open01",
		type = CAMERA,
		template_name = "",
		lt_grp = 0, srt_grp = 0, usr_flg = 0,
		spatialprops =
		{
			pos = { 4.852657, 0.11452, -2.930243 },
			orient = { {  0.998579,  0.000000,  0.053299 },
					   { -0.015720,  0.955514,  0.294525 },
					   { -0.050928, -0.294945,  0.954156 } }
		},
		cameraprops =
		{
			fovh = 20,
			hvaspect = 1.85,
			nearplane = 0.4,
			farplane = 4000
		}
	},

	{
		entity_name = "Cam_02_TrentOTS_7sec",
		type = CAMERA,
		template_name = "",
		lt_grp = 0, srt_grp = 0, usr_flg = 0,
		spatialprops =
		{
			pos = { 8.369484, 1.299806, -2.538156 },
			orient = { {  0.547583,  0.000000, -0.836751 },
					   {  0.031252,  0.999302,  0.020452 },
					   {  0.836167, -0.037350,  0.547201 } }
		},
		cameraprops =
		{
			fovh = 15,
			hvaspect = 1.85,
			nearplane = 0.4,
			farplane = 4000
		}
	},

	{
		entity_name = "Cam_03c_static",
		type = CAMERA,
		template_name = "",
		lt_grp = 0, srt_grp = 0, usr_flg = 0,
		spatialprops =
		{
			pos = { -2.441874, 2.162543, -3.305546 },
			orient = { { -0.081022,  0.000000,  0.996712 },
					   {  0.050038,  0.998739,  0.004068 },
					   { -0.995456,  0.050203, -0.080920 } }
		},
		cameraprops =
		{
			fovh = 23,
			hvaspect = 1.85,
			nearplane = 0.4,
			farplane = 4000
		}
	},

	{
		entity_name = "Cam_03_Reveal01",
		type = CAMERA,
		template_name = "",
		lt_grp = 0, srt_grp = 0, usr_flg = 0,
		spatialprops =
		{
			pos = { 2.469089, 1.727466, -4.353283 },
			orient = { {  0.036901,  0.000000,  0.999319 },
					   {  0.058879,  0.998263, -0.002174 },
					   { -0.997583,  0.058919,  0.036837 } }
		},
		cameraprops =
		{
			fovh = 15,
			hvaspect = 1.85,
			nearplane = 0.4,
			farplane = 4000
		}
	},

	{
		entity_name = "Mrk_TrentHeadIK_15sec",
		type = MARKER,
		template_name = "",
		lt_grp = 0, srt_grp = 0, usr_flg = 0,
		spatialprops =
		{
			pos = { 5.63498, 2.136276, -3.811846 },
			orient = { { 1, 0, 0 }, { 0, 1, 0 }, { 0, 0, 1 } }
		}
	},

	{
		entity_name = "Mrk_TrentHeadIK_16sec",
		type = MARKER,
		template_name = "",
		lt_grp = 0, srt_grp = 0, usr_flg = 0,
		spatialprops =
		{
			pos = { 7.780901, 2.136276, -4.973361 },
			orient = { { 1, 0, 0 }, { 0, 1, 0 }, { 0, 0, 1 } }
		}
	},

	{
		entity_name = "Mrk_TrentHeadIK_20sec",
		type = MARKER,
		template_name = "",
		lt_grp = 0, srt_grp = 0, usr_flg = 0,
		spatialprops =
		{
			pos = { 6.142726, 2.136276, -7.622889 },
			orient = { { 1, 0, 0 }, { 0, 1, 0 }, { 0, 0, 1 } }
		}
	},

	{
		entity_name = "Cam_01_AJ_Open01_Path",
		type = MOTION_PATH,
		template_name = "",
		lt_grp = 0, srt_grp = 0, usr_flg = 0,
		spatialprops =
		{
			pos = { 0, 0, 0 },
			orient = { { 1, 0, 0 }, { 0, 1, 0 }, { 0, 0, 1 } }
		},
		pathprops =
		{
			path_type = "CV_CROrientationSplinePath",
			path_data = "OPEN,{4.852657,0.114520,-2.930243}, {0.988465,0.149087,-0.026361,0.003976}, {4.296244,0.502719,-2.375768}, {0.988490,0.151279,0.001214,-0.000185}, {3.542833,1.028360,-1.624983}, {0.997900,0.050850,-0.040081,0.002043}, "
		}
	},

	{
		entity_name = "dx_s028x_0802_juni",
		type = SOUND,
		template_name = "dx_s028x_0802_juni",
		lt_grp = 0, srt_grp = 0, usr_flg = 0,
		spatialprops =
		{
			pos = { 0, 0, 0 },
			orient = { { 1, 0, 0 }, { 0, 1, 0 }, { 0, 0, 1 } }
		},
		audioprops =
		{
			attenuation = 0,
			pan = 0,
			dmin = 50,
			dmax = 300,
			ain = 360,
			aout = 360,
			atout = 0,
			rmix = 0,
		},
		userprops =
		{
			category = "Audio",
		}
	},

	{
		entity_name = "Cam_09_JuniS_35sec_01",
		type = CAMERA,
		template_name = "",
		lt_grp = 0, srt_grp = 0, usr_flg = 0,
		spatialprops =
		{
			pos = { 8.073425, 1.749187, -3.521509 },
			orient = { {  0.588337,  0.000000, -0.808616 },
					   { -0.110347,  0.990645, -0.080287 },
					   {  0.801051,  0.136464,  0.582833 } }
		},
		cameraprops =
		{
			fovh = 15,
			hvaspect = 1.85,
			nearplane = 0.4,
			farplane = 4000
		}
	},

	{
		entity_name = "Cam_07_SinclairS_33sec_01",
		type = CAMERA,
		template_name = "",
		lt_grp = 0, srt_grp = 0, usr_flg = 0,
		spatialprops =
		{
			pos = { 9.068232, 1.358809, -3.395136 },
			orient = { { -0.283162,  0.000000, -0.959072 },
					   { -0.001600,  0.999999,  0.000472 },
					   {  0.959071,  0.001668, -0.283161 } }
		},
		cameraprops =
		{
			fovh = 20,
			hvaspect = 1.85,
			nearplane = 0.4,
			farplane = 4000
		}
	},

	{
		entity_name = "Mrk_SinclairHeadIK_33sec",
		type = MARKER,
		template_name = "",
		lt_grp = 0, srt_grp = 0, usr_flg = 0,
		spatialprops =
		{
			pos = { 6.896086, 1.58291, -4.570306 },
			orient = { { 1, 0, 0 }, { 0, 1, 0 }, { 0, 0, 1 } }
		}
	},

	{
		entity_name = "Mrk_OutsideShip01Follow",
		type = MARKER,
		template_name = "",
		lt_grp = 0, srt_grp = 0, usr_flg = 0,
		spatialprops =
		{
			pos = { 0, 0, 0 },
			orient = { {  0.632282,  0.000000, -0.774738 },
					   {  0.000000,  1.000000,  0.000000 },
					   {  0.774738,  0.000000,  0.632282 } }
		}
	},

	{
		entity_name = "Mrk_OutsideShip02Follow",
		type = MARKER,
		template_name = "",
		lt_grp = 0, srt_grp = 0, usr_flg = 0,
		spatialprops =
		{
			pos = { 0, 0, 0 },
			orient = { {  0.789527,  0.000000, -0.613716 },
					   {  0.000000,  1.000000,  0.000000 },
					   {  0.613716,  0.000000,  0.789527 } }
		}
	},

	{
		entity_name = "Mrk_BlastTargetShip01",
		type = MARKER,
		template_name = "",
		lt_grp = 0, srt_grp = 0, usr_flg = 0,
		spatialprops =
		{
			pos = { -20.08491, 3.236398, 1125.904 },
			orient = { { 1, 0, 0 }, { 0, 1, 0 }, { 0, 0, 1 } }
		}
	},

	{
		entity_name = "Mrk_BlastTargetShip02",
		type = MARKER,
		template_name = "",
		lt_grp = 0, srt_grp = 0, usr_flg = 0,
		spatialprops =
		{
			pos = { -20.11445, -22.03266, 1116.716 },
			orient = { { 1, 0, 0 }, { 0, 1, 0 }, { 0, 0, 1 } }
		}
	},

	{
		entity_name = "Mrk_BoltStart",
		type = MARKER,
		template_name = "",
		lt_grp = 0, srt_grp = 0, usr_flg = 0,
		spatialprops =
		{
			pos = { 1238.182, 133.123, 53.35203 },
			orient = { {  0.036600, -0.010804, -0.999272 },
					   { -0.049047,  0.998717, -0.012594 },
					   {  0.998126,  0.049472,  0.036023 } }
		}
	},

	{
		entity_name = "Mrk_BoltEnd",
		type = MARKER,
		template_name = "",
		lt_grp = 0, srt_grp = 0, usr_flg = 0,
		spatialprops =
		{
			pos = { 7.132616, 35.85135, 14.82704 },
			orient = { { -0.048829,  0.000000,  0.998807 },
					   {  0.000000,  1.000000,  0.000000 },
					   { -0.998807,  0.000000, -0.048829 } }
		}
	},

	{
		entity_name = "Cam_11_Station_01",
		type = CAMERA,
		template_name = "",
		lt_grp = 0, srt_grp = 0, usr_flg = 0,
		spatialprops =
		{
			pos = { -142.2849, -16.21218, 1219.03 },
			orient = { {  0.162847,  0.000000,  0.986651 },
					   { -0.038722,  0.999230,  0.006391 },
					   { -0.985891, -0.039246,  0.162721 } }
		},
		cameraprops =
		{
			fovh = 30,
			hvaspect = 1.85,
			nearplane = 0.4,
			farplane = 4000
		}
	},

	{
		entity_name = "Cam_11_Station_02",
		type = CAMERA,
		template_name = "",
		lt_grp = 0, srt_grp = 0, usr_flg = 0,
		spatialprops =
		{
			pos = { -117.9952, 36.52376, 1087.696 },
			orient = { { -0.006594,  0.000000,  0.999978 },
					   {  0.026248,  0.999655,  0.000173 },
					   { -0.999634,  0.026249, -0.006592 } }
		},
		cameraprops =
		{
			fovh = 30,
			hvaspect = 1.85,
			nearplane = 0.4,
			farplane = 4000
		}
	},

	{
		entity_name = "Cam_12_TrentS_43sec",
		type = CAMERA,
		template_name = "",
		lt_grp = 0, srt_grp = 0, usr_flg = 0,
		spatialprops =
		{
			pos = { 6.487827, 1.390484, -2.814179 },
			orient = { {  0.323697,  0.000000, -0.946161 },
					   { -0.017000,  0.999839, -0.005816 },
					   {  0.946008,  0.017967,  0.323644 } }
		},
		cameraprops =
		{
			fovh = 20,
			hvaspect = 1.85,
			nearplane = 0.4,
			farplane = 4000
		}
	},

	{
		entity_name = "Cam_TrentS_43sec",
		type = CAMERA,
		template_name = "",
		lt_grp = 0, srt_grp = 0, usr_flg = 0,
		spatialprops =
		{
			pos = { 2.418542, 1.544979, -3.61167 },
			orient = { {  0.813384,  0.041837,  0.580221 },
					   {  0.004313,  0.996949, -0.077932 },
					   { -0.581711,  0.065891,  0.810722 } }
		},
		cameraprops =
		{
			fovh = 20,
			hvaspect = 1.85,
			nearplane = 0.4,
			farplane = 4000
		}
	},

	{
		entity_name = "Cam_13_SinclairS_40sec_01",
		type = CAMERA,
		template_name = "",
		lt_grp = 0, srt_grp = 0, usr_flg = 0,
		spatialprops =
		{
			pos = { 5.829515, 1.506164, -3.583417 },
			orient = { { -0.625915,  0.000000,  0.779891 },
					   {  0.029588,  0.999280,  0.023747 },
					   { -0.779330,  0.037939, -0.625464 } }
		},
		cameraprops =
		{
			fovh = 20,
			hvaspect = 1.85,
			nearplane = 0.4,
			farplane = 4000
		}
	},

	{
		entity_name = "Mrk_SinclairRunAlign_41sec",
		type = MARKER,
		template_name = "",
		lt_grp = 0, srt_grp = 0, usr_flg = 0,
		spatialprops =
		{
			pos = { 6.78641, 0.939831, -2.590525 },
			orient = { {  0.938879,  0.000000, -0.344246 },
					   {  0.000000,  1.000000,  0.000000 },
					   {  0.344246,  0.000000,  0.938879 } }
		}
	},

	{
		entity_name = "Mrk_TrentShoulderAlign_8sec",
		type = MARKER,
		template_name = "",
		lt_grp = 0, srt_grp = 0, usr_flg = 0,
		spatialprops =
		{
			pos = { 3.833265, 0.970998, -4.703234 },
			orient = { { -0.779208,  0.000000, -0.626765 },
					   {  0.000000,  1.000000,  0.000000 },
					   {  0.626765,  0.000000, -0.779208 } }
		}
	},

	{
		entity_name = "Cam_08_aJuniRunsIn_Wide_34sec",
		type = CAMERA,
		template_name = "",
		lt_grp = 0, srt_grp = 0, usr_flg = 0,
		spatialprops =
		{
			pos = { 2.183291, 0.828635, -4.681542 },
			orient = { { -0.089925,  0.000000,  0.995949 },
					   { -0.138495,  0.990284, -0.012505 },
					   { -0.986272, -0.139059, -0.089051 } }
		},
		cameraprops =
		{
			fovh = 30,
			hvaspect = 1.85,
			nearplane = 0.4,
			farplane = 4000
		}
	},

	{
		entity_name = "Ship01_2nd_start_MK",
		type = MARKER,
		template_name = "",
		lt_grp = 0, srt_grp = 0, usr_flg = 0,
		spatialprops =
		{
			pos = { -315.8535, 36.10595, -173.8994 },
			orient = { { -0.267199,  0.187498, -0.945225 },
					   {  0.005207,  0.981155,  0.193153 },
					   {  0.963627,  0.046688, -0.263139 } }
		}
	},

	{
		entity_name = "Ship02_2nd_start_MK",
		type = MARKER,
		template_name = "",
		lt_grp = 0, srt_grp = 0, usr_flg = 0,
		spatialprops =
		{
			pos = { -259.0149, 18.48311, -135.5317 },
			orient = { { -0.109348,  0.000000, -0.994004 },
					   {  0.000000,  1.000000,  0.000000 },
					   {  0.994004,  0.000000, -0.109348 } }
		}
	},

	{
		entity_name = "Ship01_2nd_end_MK",
		type = MARKER,
		template_name = "",
		lt_grp = 0, srt_grp = 0, usr_flg = 0,
		spatialprops =
		{
			pos = { -629.4191, 39.78421, -20.70576 },
			orient = { { -0.305337,  0.485274, -0.819316 },
					   {  0.132265,  0.873678,  0.468180 },
					   {  0.943014,  0.034586, -0.330951 } }
		}
	},

	{
		entity_name = "Ship02_2nd_end_MK",
		type = MARKER,
		template_name = "",
		lt_grp = 0, srt_grp = 0, usr_flg = 0,
		spatialprops =
		{
			pos = { -642.5372, 62.36765, -90.97009 },
			orient = { { -0.023597, -0.457598, -0.888846 },
					   { -0.012144,  0.889159, -0.457437 },
					   {  0.999648,  0.000000, -0.026539 } }
		}
	},

	{
		entity_name = "Mrk_SinEyeIKMain",
		type = MARKER,
		template_name = "",
		lt_grp = 0, srt_grp = 0, usr_flg = 0,
		spatialprops =
		{
			pos = { 0, 0, 0 },
			orient = { { 1, 0, 0 }, { 0, 1, 0 }, { 0, 0, 1 } }
		}
	},

	{
		entity_name = "Mrk_SinEyeIKLeft",
		type = MARKER,
		template_name = "",
		lt_grp = 0, srt_grp = 0, usr_flg = 0,
		spatialprops =
		{
			pos = { 5.957323, 1.53512, -5.646257 },
			orient = { {  0.820283, -0.000204, -0.571958 },
					   { -0.071892,  0.992032, -0.103459 },
					   {  0.567422,  0.125985,  0.813732 } }
		}
	},

	{
		entity_name = "Mrk_SinEyeIKRight",
		type = MARKER,
		template_name = "",
		lt_grp = 0, srt_grp = 0, usr_flg = 0,
		spatialprops =
		{
			pos = { 5.442726, 1.53512, -5.280072 },
			orient = { {  0.820283, -0.000204, -0.571958 },
					   { -0.071892,  0.992032, -0.103459 },
					   {  0.567422,  0.125985,  0.813732 } }
		}
	},

	{
		entity_name = "Mrk_TrentEyeIKMain",
		type = MARKER,
		template_name = "",
		lt_grp = 0, srt_grp = 0, usr_flg = 0,
		spatialprops =
		{
			pos = { 0, 0, 0 },
			orient = { { 1, 0, 0 }, { 0, 1, 0 }, { 0, 0, 1 } }
		}
	},

	{
		entity_name = "Mrk_TrentEyeIKLeft",
		type = MARKER,
		template_name = "",
		lt_grp = 0, srt_grp = 0, usr_flg = 0,
		spatialprops =
		{
			pos = { 4.569317, 1.667073, -7.441077 },
			orient = { {  0.960115,  0.083661,  0.266795 },
					   { -0.074380,  0.996227, -0.044724 },
					   { -0.269530,  0.023096,  0.962715 } }
		}
	},

	{
		entity_name = "Mrk_TrentEyeIKRight",
		type = MARKER,
		template_name = "",
		lt_grp = 0, srt_grp = 0, usr_flg = 0,
		spatialprops =
		{
			pos = { 4.569317, 1.667073, -7.441077 },
			orient = { {  0.960115,  0.083661,  0.266795 },
					   { -0.074380,  0.996227, -0.044724 },
					   { -0.269530,  0.023096,  0.962715 } }
		}
	},

	{
		entity_name = "Mrk_hazard_01",
		type = MARKER,
		template_name = "",
		lt_grp = 0, srt_grp = 0, usr_flg = 0,
		spatialprops =
		{
			pos = { 2577.379, 0.41317, 192.7841 },
			orient = { {  0.036599, -0.010804, -0.999272 },
					   { -0.049047,  0.998717, -0.012594 },
					   {  0.998126,  0.049472,  0.036022 } }
		}
	},

	{
		entity_name = "Camera_RevealMid",
		type = CAMERA,
		template_name = "",
		lt_grp = 0, srt_grp = 0, usr_flg = 0,
		spatialprops =
		{
			pos = { -1.342188, 2.174307, -3.50053 },
			orient = { {  0.062644,  0.000000,  0.998036 },
					   {  0.107204,  0.994214, -0.006729 },
					   { -0.992262,  0.107415,  0.062282 } }
		},
		cameraprops =
		{
			fovh = 15,
			hvaspect = 1.85,
			nearplane = 0.4,
			farplane = 4000
		}
	},

	{
		entity_name = "Cam_03_Reveal_Path",
		type = MOTION_PATH,
		template_name = "",
		lt_grp = 0, srt_grp = 0, usr_flg = 0,
		spatialprops =
		{
			pos = { 0, 0, 0 },
			orient = { { 1, 0, 0 }, { 0, 1, 0 }, { 0, 0, 1 } }
		},
		pathprops =
		{
			path_type = "CV_CROrientationSplinePath",
			path_data = "OPEN,{-0.869933,1.408342,-4.057820}, {0.733526,0.002377,-0.679654,0.002202}, {-1.342188,1.425910,-3.500530}, {0.728916,0.001482,-0.684600,0.001392}, {-4.207450,1.711829,-2.512266}, {0.711320,0.002808,-0.702854,0.003599}, "
		}
	},

	{
		entity_name = "Mrk_hazard_02",
		type = MARKER,
		template_name = "",
		lt_grp = 0, srt_grp = 0, usr_flg = 0,
		spatialprops =
		{
			pos = { 2577.379, 272.62, 100.8937 },
			orient = { {  0.036599, -0.010804, -0.999272 },
					   { -0.049047,  0.998717, -0.012594 },
					   {  0.998126,  0.049472,  0.036022 } }
		}
	},

	{
		entity_name = "Mrk_TrentRunAlign_46sec",
		type = MARKER,
		template_name = "",
		lt_grp = 0, srt_grp = 0, usr_flg = 0,
		spatialprops =
		{
			pos = { 5.412068, 0.962424, -8.210187 },
			orient = { {  0.941174,  0.000000,  0.337923 },
					   {  0.000000,  1.000000,  0.000000 },
					   { -0.337923,  0.000000,  0.941174 } }
		}
	},

	{
		entity_name = "vfx_rhspragueguns_EliteL",
		type = PSYS,
		template_name = "rtc_rhspragueguns",
		lt_grp = 0, srt_grp = 0, usr_flg = 0,
		flags = LIT_DYNAMIC + LIT_AMBIENT,
		spatialprops =
		{
			pos = { 0, 0, 0 },
			orient = { { 1, 0, 0 }, { 0, 1, 0 }, { 0, 0, 1 } }
		},
		psysprops =
		{
			sparam = 0
		}
	},

	{
		entity_name = "vfx_rhspragueguns_FighterL",
		type = PSYS,
		template_name = "rtc_rhspragueguns",
		lt_grp = 0, srt_grp = 0, usr_flg = 0,
		flags = LIT_DYNAMIC + LIT_AMBIENT,
		spatialprops =
		{
			pos = { 0, 0, 0 },
			orient = { { 1, 0, 0 }, { 0, 1, 0 }, { 0, 0, 1 } }
		},
		psysprops =
		{
			sparam = 0
		}
	},

	{
		entity_name = "prop_artifact_crystal_MKR_p01",
		type = MARKER,
		template_name = "",
		lt_grp = 0, srt_grp = 0, usr_flg = 0,
		spatialprops =
		{
			pos = { 3.608424, 0.875014, -4.030302 },
			orient = { {  0.768927,  0.219805,  0.600364 },
					   {  0.369979,  0.612850, -0.698233 },
					   { -0.521408,  0.759013,  0.389914 } }
		}
	},

	{
		entity_name = "Mrk_TrentStayPut_27sec",
		type = MARKER,
		template_name = "",
		lt_grp = 0, srt_grp = 0, usr_flg = 0,
		spatialprops =
		{
			pos = { 5.676987, 0.97529, -5.366622 },
			orient = { {  0.037032,  0.000000,  0.999314 },
					   {  0.000000,  1.000000,  0.000000 },
					   { -0.999314,  0.000000,  0.037032 } }
		}
	},

	{
		entity_name = "sfx_fstop_female03_1",
		type = SOUND,
		template_name = "sfx_fstop_female03",
		lt_grp = 0, srt_grp = 0, usr_flg = 0,
		spatialprops =
		{
			pos = { 0, 0, 0 },
			orient = { { 1, 0, 0 }, { 0, 1, 0 }, { 0, 0, 1 } }
		},
		audioprops =
		{
			attenuation = -15,
			pan = 15,
			dmin = 50,
			dmax = 300,
			ain = 360,
			atout = 0,
			rmix = 0,
		},
		userprops =
		{
			category = "Audio",
			Priority = "Steps_4",
		}
	},

	{
		entity_name = "sfx_fstop_female02_2",
		type = SOUND,
		template_name = "sfx_fstop_female02",
		lt_grp = 0, srt_grp = 0, usr_flg = 0,
		spatialprops =
		{
			pos = { 0, 0, 0 },
			orient = { { 1, 0, 0 }, { 0, 1, 0 }, { 0, 0, 1 } }
		},
		audioprops =
		{
			attenuation = -20,
			pan = 70,
			dmin = 50,
			dmax = 300,
			ain = 360,
			aout = 360,
			atout = 0,
		},
		userprops =
		{
			category = "Audio",
			Priority = "Steps_4",
		}
	},

	{
		entity_name = "sfx_fturn_female01_3",
		type = SOUND,
		template_name = "sfx_fturn_female01",
		lt_grp = 0, srt_grp = 0, usr_flg = 0,
		spatialprops =
		{
			pos = { 0, 0, 0 },
			orient = { { 1, 0, 0 }, { 0, 1, 0 }, { 0, 0, 1 } }
		},
		audioprops =
		{
			attenuation = -15,
			pan = 40,
			dmin = 50,
			dmax = 300,
			ain = 360,
			aout = 360,
			atout = 0,
			rmix = 0,
		},
		userprops =
		{
			category = "Audio",
			Priority = "Steps_4",
		}
	},

	{
		entity_name = "sfx_fturn_female04_4",
		type = SOUND,
		template_name = "sfx_fturn_female04",
		lt_grp = 0, srt_grp = 0, usr_flg = 0,
		spatialprops =
		{
			pos = { 0, 0, 0 },
			orient = { { 1, 0, 0 }, { 0, 1, 0 }, { 0, 0, 1 } }
		},
		audioprops =
		{
			attenuation = -15,
			pan = 12,
			dmin = 50,
			dmax = 300,
			ain = 360,
			aout = 360,
			atout = 0,
			rmix = 0,
		},
		userprops =
		{
			category = "Audio",
			Priority = "Steps_4",
		}
	},

	{
		entity_name = "sfx_fturn_male01_5",
		type = SOUND,
		template_name = "sfx_fturn_male01",
		lt_grp = 0, srt_grp = 0, usr_flg = 0,
		spatialprops =
		{
			pos = { 0, 0, 0 },
			orient = { { 1, 0, 0 }, { 0, 1, 0 }, { 0, 0, 1 } }
		},
		audioprops =
		{
			attenuation = -15,
			pan = -37,
			dmin = 50,
			dmax = 300,
			ain = 360,
			aout = 360,
			atout = 0,
			rmix = 0,
		},
		userprops =
		{
			category = "Audio",
			Priority = "Steps_4",
		}
	},

	{
		entity_name = "sfx_exterior_thruster_sound_20",
		type = SOUND,
		template_name = "exterior_thruster_sound",
		lt_grp = 0, srt_grp = 0, usr_flg = 0,
		flags = SPATIAL,
		spatialprops =
		{
			pos = { 192.5972, 54.22895, 25.35371 },
			orient = { { 1, 0, 0 }, { 0, 1, 0 }, { 0, 0, 1 } }
		},
		audioprops =
		{
			attenuation = 0,
			pan = 0,
			dmin = 20,
			dmax = 600,
			ain = 360,
			aout = 360,
			atout = 0,
			rmix = 0,
		},
		userprops =
		{
			category = "Audio",
			Priority = "Story_Sound_1",
		}
	},

	{
		entity_name = "sfx_exterior_thruster_sound_20_copy_1",
		type = SOUND,
		template_name = "exterior_thruster_sound",
		lt_grp = 0, srt_grp = 0, usr_flg = 0,
		flags = SPATIAL,
		spatialprops =
		{
			pos = { -578.4815, 53.9094, 173.5444 },
			orient = { { 1, 0, 0 }, { 0, 1, 0 }, { 0, 0, 1 } }
		},
		audioprops =
		{
			attenuation = 0,
			pan = 0,
			dmin = 20,
			dmax = 600,
			ain = 360,
			atout = 0,
			rmix = 0,
		},
		userprops =
		{
			category = "Audio",
			Priority = "Story_Sound_1",
		}
	},

	{
		entity_name = "sfx_rumble_station_large_2",
		type = SOUND,
		template_name = "rumble_station_large",
