duration = 163.425;

entities =
{

	{
		entity_name = "Layer_s037ac_offer_Quintaine_br_03_Equip",
		type = SCENE,
		template_name = "",
		lt_grp = 0, srt_grp = 0, usr_flg = 0,
		spatialprops =
		{
			pos = { 0, 0, 0 },
			orient = { { 1, 0, 0 }, { 0, 1, 0 }, { 0, 0, 1 } }
		},
		up = Y_AXIS,
		front = Z_AXIS,
		ambient = { 0, 0, 0 }
	},

	{
		entity_name = "Fixture_Equipment",
		type = DEFORMABLE,
		template_name = "benchmark_male",
		lt_grp = 1, srt_grp = 0, usr_flg = 0,
		spatialprops =
		{
			pos = { 0, -2000, 2000 },
			orient = { { 1, 0, 0 }, { 0, 1, 0 }, { 0, 0, 1 } }
		},
		compoundprops =
		{
			floor_height = -2000
		},
		userprops =
		{
			actor = "Equipment",
			category = "Character",
		}
	},

	{
		entity_name = "Char_rh_agent_1",
		type = DEFORMABLE,
		template_name = "rh_agent_1",
		lt_grp = 0, srt_grp = 0, usr_flg = 0,
		flags = LIT_DYNAMIC,
		spatialprops =
		{
			pos = { -38.63345, 0, 1.566048 },
			orient = { { 1, 0, 0 }, { 0, 1, 0 }, { 0, 0, 1 } }
		},
		compoundprops =
		{
			floor_height = 0
		},
		userprops =
		{
			actor = "rh_agent01",
			category = "Character",
		}
	},

	{
		entity_name = "Char_rh_agent_2",
		type = DEFORMABLE,
		template_name = "rh_agent_2",
		lt_grp = 0, srt_grp = 0, usr_flg = 0,
		flags = LIT_DYNAMIC,
		spatialprops =
		{
			pos = { -38.63345, 0, 1.566048 },
			orient = { { 1, 0, 0 }, { 0, 1, 0 }, { 0, 0, 1 } }
		},
		compoundprops =
		{
			floor_height = 0
		},
		userprops =
		{
			actor = "rh_agent02",
			category = "Character",
		}
	},

	{
		entity_name = "Cam_14",
		type = CAMERA,
		template_name = "",
		lt_grp = 0, srt_grp = 0, usr_flg = 0,
		flags = HIDDEN,
		spatialprops =
		{
			pos = { 24.83746, 3.099228, -3.432765 },
			orient = { { -0.480349,  0.000000, -0.877078 },
					   { -0.257924,  0.955783,  0.141257 },
					   {  0.838296,  0.294072, -0.459109 } }
		},
		cameraprops =
		{
			fovh = 20,
			hvaspect = 1.85,
			nearplane = 0.4,
			farplane = 500
		}
	},

	{
		entity_name = "Cam_Monitor_s037a",
		type = MONITOR,
		template_name = "",
		lt_grp = 0, srt_grp = 0, usr_flg = 0,
		userprops =
		{
			Priority = "Monitor_Moving_1",
		}
	},

	{
		entity_name = "Z_dx_s037a_2001_Tobias_28",
		type = SOUND,
		template_name = "dx_s037a_2001_Tobias",
		lt_grp = 0, srt_grp = 0, usr_flg = 0,
		spatialprops =
		{
			pos = { 0, 0, 0 },
			orient = { { 1, 0, 0 }, { 0, 1, 0 }, { 0, 0, 1 } }
		},
		audioprops =
		{
			attenuation = -1,
			pan = 0,
			dmin = 50,
			dmax = 1000,
			ain = 360,
			aout = 360,
			atout = 0,
			rmix = 0,
		},
		userprops =
		{
			category = "Audio",
		}
	},

	{
		entity_name = "Z_dx_s037a_2201_Tobias_30",
		type = SOUND,
		template_name = "dx_s037a_2201_Tobias",
		lt_grp = 0, srt_grp = 0, usr_flg = 0,
		spatialprops =
		{
			pos = { 0, 0, 0 },
			orient = { { 1, 0, 0 }, { 0, 1, 0 }, { 0, 0, 1 } }
		},
		audioprops =
		{
			attenuation = -1,
			pan = 0,
			dmin = 50,
			dmax = 1000,
			ain = 360,
			aout = 360,
			atout = 0,
			rmix = 0,
		},
		userprops =
		{
			category = "Audio",
		}
	},

	{
		entity_name = "Z_dx_s037a_2401_Tobias_33",
		type = SOUND,
		template_name = "dx_s037a_2401_Tobias",
		lt_grp = 0, srt_grp = 0, usr_flg = 0,
		spatialprops =
		{
			pos = { 0, 0, 0 },
			orient = { { 1, 0, 0 }, { 0, 1, 0 }, { 0, 0, 1 } }
		},
		audioprops =
		{
			attenuation = -1,
			pan = 0,
			dmin = 50,
			dmax = 1000,
			ain = 360,
			aout = 360,
			atout = 0,
			rmix = 0,
		},
		userprops =
		{
			category = "Audio",
		}
	},

	{
		entity_name = "Z_dx_s037a_2402_Tobias_34",
		type = SOUND,
		template_name = "dx_s037a_2402_Tobias",
		lt_grp = 0, srt_grp = 0, usr_flg = 0,
		spatialprops =
		{
			pos = { 0, 0, 0 },
			orient = { { 1, 0, 0 }, { 0, 1, 0 }, { 0, 0, 1 } }
		},
		audioprops =
		{
			attenuation = -1,
			pan = 0,
			dmin = 50,
			dmax = 1000,
			ain = 360,
			aout = 360,
			atout = 0,
			rmix = 0,
		},
		userprops =
		{
			category = "Audio",
		}
	},

	{
		entity_name = "Z_dx_s037a_2403_Tobias_35",
		type = SOUND,
		template_name = "dx_s037a_2403_Tobias",
		lt_grp = 0, srt_grp = 0, usr_flg = 0,
		spatialprops =
		{
			pos = { 0, 0, 0 },
			orient = { { 1, 0, 0 }, { 0, 1, 0 }, { 0, 0, 1 } }
		},
		audioprops =
		{
			attenuation = -1,
			pan = 0,
			dmin = 50,
			dmax = 1000,
			ain = 360,
			aout = 360,
			atout = 0,
			rmix = 0,
		},
		userprops =
		{
			category = "Audio",
		}
	},

	{
		entity_name = "Z_dx_s037a_2601_Tobias_37",
		type = SOUND,
		template_name = "dx_s037a_2601_Tobias",
		lt_grp = 0, srt_grp = 0, usr_flg = 0,
		spatialprops =
		{
			pos = { 0, 0, 0 },
			orient = { { 1, 0, 0 }, { 0, 1, 0 }, { 0, 0, 1 } }
		},
		audioprops =
		{
			attenuation = -1,
			pan = 0,
			dmin = 50,
			dmax = 1000,
			ain = 360,
			aout = 360,
			atout = 0,
			rmix = 0,
		},
		userprops =
		{
			category = "Audio",
		}
	},

	{
		entity_name = "Z_dx_s037a_2701_juni_38",
		type = SOUND,
		template_name = "dx_s037a_2701_juni",
		lt_grp = 0, srt_grp = 0, usr_flg = 0,
		spatialprops =
		{
			pos = { 0, 0, 0 },
			orient = { { 1, 0, 0 }, { 0, 1, 0 }, { 0, 0, 1 } }
		},
		audioprops =
		{
			attenuation = -1,
			pan = 0,
			dmin = 50,
			dmax = 1000,
			ain = 360,
			aout = 360,
			atout = 0,
			rmix = 0,
		},
		userprops =
		{
			category = "Audio",
		}
	},

	{
		entity_name = "Z_dx_s037a_2801_Tobias_39",
		type = SOUND,
		template_name = "dx_s037a_2801_Tobias",
		lt_grp = 0, srt_grp = 0, usr_flg = 0,
		spatialprops =
		{
			pos = { 0, 0, 0 },
			orient = { { 1, 0, 0 }, { 0, 1, 0 }, { 0, 0, 1 } }
		},
		audioprops =
		{
			attenuation = -1,
			pan = 0,
			dmin = 50,
			dmax = 1000,
			ain = 360,
			aout = 360,
			atout = 0,
			rmix = 0,
		},
		userprops =
		{
			category = "Audio",
		}
	},

	{
		entity_name = "Z_dx_s037a_2901_Quintaine_40",
		type = SOUND,
		template_name = "dx_s037a_2901_Quintaine",
		lt_grp = 0, srt_grp = 0, usr_flg = 0,
		spatialprops =
		{
			pos = { 0, 0, 0 },
			orient = { { 1, 0, 0 }, { 0, 1, 0 }, { 0, 0, 1 } }
		},
		audioprops =
		{
			attenuation = -1,
			pan = 0,
			dmin = 50,
			dmax = 1000,
			ain = 360,
			aout = 360,
			atout = 0,
			rmix = 0,
		},
		userprops =
		{
			category = "Audio",
		}
	},

	{
		entity_name = "Z_dx_s037a_3001_Quintaine_41",
		type = SOUND,
		template_name = "dx_s037a_3001_Quintaine",
		lt_grp = 0, srt_grp = 0, usr_flg = 0,
		spatialprops =
		{
			pos = { 0, 0, 0 },
			orient = { { 1, 0, 0 }, { 0, 1, 0 }, { 0, 0, 1 } }
		},
		audioprops =
		{
			attenuation = -1,
			pan = 0,
			dmin = 50,
			dmax = 1000,
			ain = 360,
			aout = 360,
			atout = 0,
			rmix = 0,
		},
		userprops =
		{
			category = "Audio",
		}
	},

	{
		entity_name = "Z_dx_s037a_3101_juni_42",
		type = SOUND,
		template_name = "dx_s037a_3101_juni",
		lt_grp = 0, srt_grp = 0, usr_flg = 0,
		spatialprops =
		{
			pos = { 0, 0, 0 },
			orient = { { 1, 0, 0 }, { 0, 1, 0 }, { 0, 0, 1 } }
		},
		audioprops =
		{
			attenuation = -1,
			pan = 0,
			dmin = 50,
			dmax = 1000,
			ain = 360,
			aout = 360,
			atout = 0,
			rmix = 0,
		},
		userprops =
		{
			category = "Audio",
		}
	},

	{
		entity_name = "Z_dx_s037a_3201_Quintaine_43",
		type = SOUND,
		template_name = "dx_s037a_3201_Quintaine",
		lt_grp = 0, srt_grp = 0, usr_flg = 0,
		spatialprops =
		{
			pos = { 0, 0, 0 },
			orient = { { 1, 0, 0 }, { 0, 1, 0 }, { 0, 0, 1 } }
		},
		audioprops =
		{
			attenuation = -1,
			pan = 0,
			dmin = 50,
			dmax = 1000,
			ain = 360,
			aout = 360,
			atout = 0,
			rmix = 0,
		},
		userprops =
		{
			category = "Audio",
		}
	},

	{
		entity_name = "Z_dx_s037a_3301_juni_44",
		type = SOUND,
		template_name = "dx_s037a_3301_juni",
		lt_grp = 0, srt_grp = 0, usr_flg = 0,
		spatialprops =
		{
			pos = { 0, 0, 0 },
			orient = { { 1, 0, 0 }, { 0, 1, 0 }, { 0, 0, 1 } }
		},
		audioprops =
		{
			attenuation = -1,
			pan = 0,
			dmin = 50,
			dmax = 1000,
			ain = 360,
			aout = 360,
			atout = 0,
			rmix = 0,
		},
		userprops =
		{
			category = "Audio",
		}
	},

	{
		entity_name = "Mrk_Juni_location_end",
		type = MARKER,
		template_name = "",
		lt_grp = 0, srt_grp = 0, usr_flg = 0,
		spatialprops =
		{
			pos = { 11.57542, 0.960122, -0.952499 },
			orient = { {  0.018931,  0.000000,  0.999821 },
					   {  0.000000,  1.000000,  0.000000 },
					   { -0.999821,  0.000000,  0.018931 } }
		}
	},

	{
		entity_name = "Mrk_Trent_location",
		type = MARKER,
		template_name = "",
		lt_grp = 0, srt_grp = 0, usr_flg = 0,
		spatialprops =
		{
			pos = { 9.854968, 0.969072, 0.669617 },
			orient = { {  0.239543,  0.000000,  0.970886 },
					   {  0.000000,  1.000000,  0.000000 },
					   { -0.970886,  0.000000,  0.239543 } }
		}
	},

	{
		entity_name = "Mrk_Quintaine_location",
		type = MARKER,
		template_name = "",
		lt_grp = 0, srt_grp = 0, usr_flg = 0,
		spatialprops =
		{
			pos = { 11.32185, 0.969072, -2.655733 },
			orient = { { -0.602122,  0.000000,  0.798404 },
					   {  0.000000,  1.000000,  0.000000 },
					   { -0.798404,  0.000000, -0.602122 } }
		}
	},

	{
		entity_name = "Mrk_Sinclair_location",
		type = MARKER,
		template_name = "",
		lt_grp = 0, srt_grp = 0, usr_flg = 0,
		spatialprops =
		{
			pos = { 11.95979, 0.960122, -2.836171 },
			orient = { { -0.508374,  0.000000,  0.861136 },
					   {  0.000000,  1.000000,  0.000000 },
					   { -0.861136,  0.000000, -0.508374 } }
		}
	},

	{
		entity_name = "Mrk_Tobias_location_01",
		type = MARKER,
		template_name = "",
		lt_grp = 0, srt_grp = 0, usr_flg = 0,
		spatialprops =
		{
			pos = { 14.37677, 0.969072, -0.674298 },
			orient = { { -0.378147,  0.000000,  0.925745 },
					   {  0.000000,  1.000000,  0.000000 },
					   { -0.925745,  0.000000, -0.378147 } }
		}
	},

	{
		entity_name = "Mrk_offscreen_location",
		type = MARKER,
		template_name = "",
		lt_grp = 0, srt_grp = 0, usr_flg = 0,
		spatialprops =
		{
			pos = { -600, 0.969072, 600 },
			orient = { { 1, 0, 0 }, { 0, 1, 0 }, { 0, 0, 1 } }
		}
	},

	{
		entity_name = "Mrk_rh_agent01_location",
		type = MARKER,
		template_name = "",
		lt_grp = 0, srt_grp = 0, usr_flg = 0,
		spatialprops =
		{
			pos = { 18.66384, 0.969072, 0.506075 },
			orient = { {  0.012595,  0.000000, -0.999921 },
					   {  0.000000,  1.000000,  0.000000 },
					   {  0.999921,  0.000000,  0.012595 } }
		}
	},

	{
		entity_name = "Mrk_rh_agent02_location",
		type = MARKER,
		template_name = "",
		lt_grp = 0, srt_grp = 0, usr_flg = 0,
		spatialprops =
		{
			pos = { 19.49652, 0.969072, 1.58229 },
			orient = { {  0.356066,  0.000000, -0.934461 },
					   {  0.000000,  1.000000,  0.000000 },
					   {  0.934461,  0.000000,  0.356066 } }
		}
	},

	{
		entity_name = "Z_dx_s037a_2101_Rh_agent01_1",
		type = SOUND,
		template_name = "dx_s037a_2101_Rh_agent01",
		lt_grp = 0, srt_grp = 0, usr_flg = 0,
		spatialprops =
		{
			pos = { 0, 0, 0 },
			orient = { { 1, 0, 0 }, { 0, 1, 0 }, { 0, 0, 1 } }
		},
		audioprops =
		{
			attenuation = -1,
			pan = 0,
			dmin = 50,
			dmax = 1000,
			ain = 360,
			aout = 360,
			atout = 0,
			rmix = 0,
		},
		userprops =
		{
			category = "Audio",
		}
	},

	{
		entity_name = "Z_dx_s037a_2301_Rh_agent01_2",
		type = SOUND,
		template_name = "dx_s037a_2301_Rh_agent01",
		lt_grp = 0, srt_grp = 0, usr_flg = 0,
		spatialprops =
		{
			pos = { 0, 0, 0 },
			orient = { { 1, 0, 0 }, { 0, 1, 0 }, { 0, 0, 1 } }
		},
		audioprops =
		{
			attenuation = -1,
			pan = 0,
			dmin = 50,
			dmax = 1000,
			ain = 360,
			aout = 360,
			atout = 0,
			rmix = 0,
		},
		userprops =
		{
			category = "Audio",
		}
	},

	{
		entity_name = "Z_dx_s037a_2302_Rh_agent01_3",
		type = SOUND,
		template_name = "dx_s037a_2302_Rh_agent01",
		lt_grp = 0, srt_grp = 0, usr_flg = 0,
		spatialprops =
		{
			pos = { 0, 0, 0 },
			orient = { { 1, 0, 0 }, { 0, 1, 0 }, { 0, 0, 1 } }
		},
		audioprops =
		{
			attenuation = -1,
			pan = 0,
			dmin = 50,
			dmax = 1000,
			ain = 360,
			aout = 360,
			atout = 0,
			rmix = 0,
		},
		userprops =
		{
			category = "Audio",
		}
	},

	{
		entity_name = "Z_dx_s037a_2501_Rh_agent01_4",
		type = SOUND,
		template_name = "dx_s037a_2501_Rh_agent01",
		lt_grp = 0, srt_grp = 0, usr_flg = 0,
		spatialprops =
		{
			pos = { 0, 0, 0 },
			orient = { { 1, 0, 0 }, { 0, 1, 0 }, { 0, 0, 1 } }
		},
		audioprops =
		{
			attenuation = -1,
			pan = 0,
			dmin = 50,
			dmax = 1000,
			ain = 360,
			aout = 360,
			atout = 0,
			rmix = 0,
		},
		userprops =
		{
			category = "Audio",
		}
	},

	{
		entity_name = "Cam_x03",
		type = CAMERA,
		template_name = "",
		lt_grp = 0, srt_grp = 0, usr_flg = 0,
		flags = HIDDEN,
		spatialprops =
		{
			pos = { 18.22833, 1.71123, 1.743939 },
			orient = { {  0.875513,  0.000000, -0.483195 },
					   { -0.042381,  0.996146, -0.076791 },
					   {  0.481333,  0.087709,  0.872139 } }
		},
		cameraprops =
		{
			fovh = 20,
			hvaspect = 1.85,
			nearplane = 0.4,
			farplane = 500
		}
	},

	{
		entity_name = "Cam_x02",
		type = CAMERA,
		template_name = "",
		lt_grp = 0, srt_grp = 0, usr_flg = 0,
		flags = HIDDEN,
		spatialprops =
		{
			pos = { 16.40999, 1.413316, -2.84409 },
			orient = { { -0.965443,  0.000000,  0.260615 },
					   {  0.027614,  0.994371,  0.102296 },
					   { -0.259148,  0.105958, -0.960008 } }
		},
		cameraprops =
		{
			fovh = 25,
			hvaspect = 1.85,
			nearplane = 0.4,
			farplane = 500
		}
	},

	{
		entity_name = "Mrk_Tobias_location_02",
		type = MARKER,
		template_name = "",
		lt_grp = 0, srt_grp = 0, usr_flg = 0,
		spatialprops =
		{
			pos = { 9.98039, 0.969072, -3.413427 },
			orient = { {  0.692802,  0.000000, -0.721128 },
					   {  0.000000,  1.000000,  0.000000 },
					   {  0.721128,  0.000000,  0.692802 } }
		}
	},

	{
		entity_name = "Cam_Temp",
		type = CAMERA,
		template_name = "",
		lt_grp = 0, srt_grp = 0, usr_flg = 0,
		flags = HIDDEN,
		spatialprops =
		{
			pos = { 0.8795, 1.443191, -35.17601 },
			orient = { { -0.994439,  0.000000, -0.105314 },
					   { -0.011994,  0.993493,  0.113257 },
					   {  0.104628,  0.113890, -0.987969 } }
		},
		cameraprops =
		{
			fovh = 20,
			hvaspect = 1.85,
			nearplane = 0.4,
			farplane = 500
		}
	},

	{
		entity_name = "Mrk_Tobias_location_copy_3",
		type = MARKER,
		template_name = "",
		lt_grp = 0, srt_grp = 0, usr_flg = 0,
		spatialprops =
		{
			pos = { 0.458877, 0.969072, -23.71524 },
			orient = { {  0.999778,  0.000000, -0.021055 },
					   {  0.000000,  1.000000,  0.000000 },
					   {  0.021055,  0.000000,  0.999778 } }
		}
	},

	{
		entity_name = "Z_dx_s037a_0701_sinclair_8",
		type = SOUND,
		template_name = "dx_s037a_0701_sinclair",
		lt_grp = 0, srt_grp = 0, usr_flg = 0,
		spatialprops =
		{
			pos = { 0, 0, 0 },
			orient = { { 1, 0, 0 }, { 0, 1, 0 }, { 0, 0, 1 } }
		},
		audioprops =
		{
			attenuation = -6,
			pan = 0,
			dmin = 50,
			dmax = 300,
			ain = 360,
			aout = 360,
			atout = 0,
			rmix = 0,
		},
		userprops =
		{
			category = "Audio",
		}
	},

	{
		entity_name = "Z_dx_s037a_0801_juni_9",
		type = SOUND,
		template_name = "dx_s037a_0801_juni",
		lt_grp = 0, srt_grp = 0, usr_flg = 0,
		spatialprops =
		{
			pos = { 0, 0, 0 },
			orient = { { 1, 0, 0 }, { 0, 1, 0 }, { 0, 0, 1 } }
		},
		audioprops =
		{
			attenuation = -1,
			pan = 0,
			dmin = 50,
			dmax = 300,
			ain = 360,
			aout = 360,
			atout = 0,
			rmix = 0,
		},
		userprops =
		{
			category = "Audio",
		}
	},

	{
		entity_name = "Z_dx_s037a_0901_Trent_10",
		type = SOUND,
		template_name = "dx_s037a_0901_Trent",
		lt_grp = 0, srt_grp = 0, usr_flg = 0,
		spatialprops =
		{
			pos = { 0, 0, 0 },
			orient = { { 1, 0, 0 }, { 0, 1, 0 }, { 0, 0, 1 } }
		},
		audioprops =
		{
			attenuation = -1,
			pan = 0,
			dmin = 50,
			dmax = 300,
			ain = 360,
			aout = 360,
			atout = 0,
			rmix = 0,
		},
		userprops =
		{
			category = "Audio",
		}
	},

	{
		entity_name = "Z_dx_s037a_1001_juni_11",
		type = SOUND,
		template_name = "dx_s037a_1001_juni",
		lt_grp = 0, srt_grp = 0, usr_flg = 0,
		spatialprops =
		{
			pos = { 0, 0, 0 },
			orient = { { 1, 0, 0 }, { 0, 1, 0 }, { 0, 0, 1 } }
		},
		audioprops =
		{
			attenuation = -1,
			pan = 0,
			dmin = 50,
			dmax = 300,
			ain = 360,
			aout = 360,
			atout = 0,
			rmix = 0,
		},
		userprops =
		{
			category = "Audio",
		}
	},

	{
		entity_name = "Z_dx_s037a_1101_sinclair_12",
		type = SOUND,
		template_name = "dx_s037a_1101_sinclair",
		lt_grp = 0, srt_grp = 0, usr_flg = 0,
		spatialprops =
		{
			pos = { 0, 0, 0 },
			orient = { { 1, 0, 0 }, { 0, 1, 0 }, { 0, 0, 1 } }
		},
		audioprops =
		{
			attenuation = -6,
			pan = 0,
			dmin = 50,
			dmax = 300,
			ain = 360,
			aout = 360,
			atout = 0,
			rmix = 0,
		},
		userprops =
		{
			category = "Audio",
		}
	},

	{
		entity_name = "Z_dx_s037a_1201_Quintaine_13",
		type = SOUND,
		template_name = "dx_s037a_1201_Quintaine",
		lt_grp = 0, srt_grp = 0, usr_flg = 0,
		spatialprops =
		{
			pos = { 0, 0, 0 },
			orient = { { 1, 0, 0 }, { 0, 1, 0 }, { 0, 0, 1 } }
		},
		audioprops =
		{
			attenuation = -1,
			pan = 0,
			dmin = 50,
			dmax = 300,
			ain = 360,
			aout = 360,
			atout = 0,
			rmix = 0,
		},
		userprops =
		{
			category = "Audio",
		}
	},

	{
		entity_name = "Z_dx_s037a_1202_Quintaine_14",
		type = SOUND,
		template_name = "dx_s037a_1202_Quintaine",
		lt_grp = 0, srt_grp = 0, usr_flg = 0,
		spatialprops =
		{
			pos = { 0, 0, 0 },
			orient = { { 1, 0, 0 }, { 0, 1, 0 }, { 0, 0, 1 } }
		},
		audioprops =
		{
			attenuation = -1,
			pan = 0,
			dmin = 50,
			dmax = 300,
			ain = 360,
			aout = 360,
			atout = 0,
			rmix = 0,
		},
		userprops =
		{
			category = "Audio",
		}
	},

	{
		entity_name = "Z_dx_s037a_1203_Quintaine_15",
		type = SOUND,
		template_name = "dx_s037a_1203_Quintaine",
		lt_grp = 0, srt_grp = 0, usr_flg = 0,
		spatialprops =
		{
			pos = { 0, 0, 0 },
			orient = { { 1, 0, 0 }, { 0, 1, 0 }, { 0, 0, 1 } }
		},
		audioprops =
		{
			attenuation = -1,
			pan = 0,
			dmin = 50,
			dmax = 300,
			ain = 360,
			aout = 360,
			atout = 0,
			rmix = 0,
		},
		userprops =
		{
			category = "Audio",
		}
	},

	{
		entity_name = "Z_dx_s037a_1204_Quintaine_16",
		type = SOUND,
		template_name = "dx_s037a_1204_Quintaine",
		lt_grp = 0, srt_grp = 0, usr_flg = 0,
		spatialprops =
		{
			pos = { 0, 0, 0 },
			orient = { { 1, 0, 0 }, { 0, 1, 0 }, { 0, 0, 1 } }
		},
		audioprops =
		{
			attenuation = -1,
			pan = 0,
			dmin = 50,
			dmax = 300,
			ain = 360,
			aout = 360,
			atout = 0,
			rmix = 0,
		},
		userprops =
		{
			category = "Audio",
		}
	},

	{
		entity_name = "Z_dx_s037a_1301_sinclair_17",
		type = SOUND,
		template_name = "dx_s037a_1301_sinclair",
		lt_grp = 0, srt_grp = 0, usr_flg = 0,
		spatialprops =
		{
			pos = { 0, 0, 0 },
			orient = { { 1, 0, 0 }, { 0, 1, 0 }, { 0, 0, 1 } }
		},
		audioprops =
		{
			attenuation = -5,
			pan = 0,
			dmin = 50,
			dmax = 300,
			ain = 360,
			aout = 360,
			atout = 0,
			rmix = 0,
		},
		userprops =
		{
			category = "Audio",
		}
	},

	{
		entity_name = "Z_dx_s037a_1401_Quintaine_18",
		type = SOUND,
		template_name = "dx_s037a_1401_Quintaine",
		lt_grp = 0, srt_grp = 0, usr_flg = 0,
		spatialprops =
		{
			pos = { 0, 0, 0 },
			orient = { { 1, 0, 0 }, { 0, 1, 0 }, { 0, 0, 1 } }
		},
		audioprops =
		{
			attenuation = -1,
			pan = 0,
			dmin = 50,
			dmax = 300,
			ain = 360,
			aout = 360,
			atout = 0,
			rmix = 0,
		},
		userprops =
		{
			category = "Audio",
		}
	},

	{
		entity_name = "Z_dx_s037a_1402_Quintaine_19",
		type = SOUND,
		template_name = "dx_s037a_1402_Quintaine",
		lt_grp = 0, srt_grp = 0, usr_flg = 0,
		spatialprops =
		{
			pos = { 0, 0, 0 },
			orient = { { 1, 0, 0 }, { 0, 1, 0 }, { 0, 0, 1 } }
		},
		audioprops =
		{
			attenuation = -1,
			pan = 0,
			dmin = 50,
			dmax = 300,
			ain = 360,
			aout = 360,
			atout = 0,
			rmix = 0,
		},
		userprops =
		{
			category = "Audio",
		}
	},

	{
		entity_name = "Z_dx_s037a_1403_Quintaine_20",
		type = SOUND,
		template_name = "dx_s037a_1403_Quintaine",
		lt_grp = 0, srt_grp = 0, usr_flg = 0,
		spatialprops =
		{
			pos = { 0, 0, 0 },
			orient = { { 1, 0, 0 }, { 0, 1, 0 }, { 0, 0, 1 } }
		},
		audioprops =
		{
			attenuation = -1,
			pan = 0,
			dmin = 50,
			dmax = 300,
			ain = 360,
			aout = 360,
			atout = 0,
			rmix = 0,
		},
		userprops =
		{
			category = "Audio",
		}
	},

	{
		entity_name = "Z_dx_s037a_1501_juni_21",
		type = SOUND,
		template_name = "dx_s037a_1501_juni",
		lt_grp = 0, srt_grp = 0, usr_flg = 0,
		spatialprops =
		{
			pos = { 0, 0, 0 },
			orient = { { 1, 0, 0 }, { 0, 1, 0 }, { 0, 0, 1 } }
		},
		audioprops =
		{
			attenuation = -1,
			pan = -40,
			dmin = 50,
			dmax = 300,
			ain = 360,
			aout = 360,
			atout = 0,
			rmix = 0,
		},
		userprops =
		{
			category = "Audio",
		}
	},

	{
		entity_name = "Z_dx_s037a_1601_Quintaine_22",
		type = SOUND,
		template_name = "dx_s037a_1601_Quintaine",
		lt_grp = 0, srt_grp = 0, usr_flg = 0,
		spatialprops =
		{
			pos = { 0, 0, 0 },
			orient = { { 1, 0, 0 }, { 0, 1, 0 }, { 0, 0, 1 } }
		},
		audioprops =
		{
			attenuation = -1,
			pan = 0,
			dmin = 50,
			dmax = 300,
			ain = 360,
			aout = 360,
			atout = 0,
			rmix = 0,
		},
		userprops =
		{
			category = "Audio",
		}
	},

	{
		entity_name = "Z_dx_s037a_1602_Quintaine_23",
		type = SOUND,
		template_name = "dx_s037a_1602_Quintaine",
		lt_grp = 0, srt_grp = 0, usr_flg = 0,
		spatialprops =
		{
			pos = { 0, 0, 0 },
			orient = { { 1, 0, 0 }, { 0, 1, 0 }, { 0, 0, 1 } }
		},
		audioprops =
		{
			attenuation = -1,
			pan = 0,
			dmin = 50,
			dmax = 300,
			ain = 360,
			aout = 360,
			atout = 0,
			rmix = 0,
		},
		userprops =
		{
			category = "Audio",
		}
	},

	{
		entity_name = "Z_dx_s037a_1701_sinclair_24",
		type = SOUND,
		template_name = "dx_s037a_1701_sinclair",
		lt_grp = 0, srt_grp = 0, usr_flg = 0,
		spatialprops =
		{
			pos = { 0, 0, 0 },
			orient = { { 1, 0, 0 }, { 0, 1, 0 }, { 0, 0, 1 } }
		},
		audioprops =
		{
			attenuation = -1,
			pan = 0,
			dmin = 50,
			dmax = 300,
			ain = 360,
			aout = 360,
			atout = 0,
			rmix = 0,
		},
		userprops =
		{
			category = "Audio",
		}
	},

	{
		entity_name = "Z_dx_s037a_1702_sinclair_25",
		type = SOUND,
		template_name = "dx_s037a_1702_sinclair",
		lt_grp = 0, srt_grp = 0, usr_flg = 0,
		spatialprops =
		{
			pos = { 0, 0, 0 },
			orient = { { 1, 0, 0 }, { 0, 1, 0 }, { 0, 0, 1 } }
		},
		audioprops =
		{
			attenuation = -1,
			pan = 0,
			dmin = 50,
			dmax = 300,
			ain = 360,
			aout = 360,
			atout = 0,
			rmix = 0,
		},
		userprops =
		{
			category = "Audio",
		}
	},

	{
		entity_name = "Z_dx_s037a_1801_Trent_26",
		type = SOUND,
		template_name = "dx_s037a_1801_Trent",
		lt_grp = 0, srt_grp = 0, usr_flg = 0,
		spatialprops =
		{
			pos = { 0, 0, 0 },
			orient = { { 1, 0, 0 }, { 0, 1, 0 }, { 0, 0, 1 } }
		},
		audioprops =
		{
			attenuation = -1,
			pan = 0,
			dmin = 50,
			dmax = 300,
			ain = 360,
			aout = 360,
			atout = 0,
			rmix = 0,
		},
		userprops =
		{
			category = "Audio",
		}
	},

	{
		entity_name = "Z_dx_s037a_1901_Tobias_27",
		type = SOUND,
		template_name = "dx_s037a_1901_Tobias",
		lt_grp = 0, srt_grp = 0, usr_flg = 0,
		spatialprops =
		{
			pos = { 0, 0, 0 },
			orient = { { 1, 0, 0 }, { 0, 1, 0 }, { 0, 0, 1 } }
		},
		audioprops =
		{
			attenuation = 0,
			pan = 0,
			dmin = 50,
			dmax = 300,
			ain = 360,
			aout = 360,
			atout = 0,
			rmix = 0,
		},
		userprops =
		{
			category = "Audio",
		}
	},

	{
		entity_name = "Mrk_Juni_location_copy_1",
		type = MARKER,
		template_name = "",
		lt_grp = 0, srt_grp = 0, usr_flg = 0,
		spatialprops =
		{
			pos = { 2.709095, 0.960122, -28.93267 },
			orient = { { -0.677364,  0.000000, -0.735648 },
					   {  0.000000,  1.000000,  0.000000 },
					   {  0.735648,  0.000000, -0.677364 } }
		}
	},

	{
		entity_name = "Mrk_offscreen_location_copy_1",
		type = MARKER,
		template_name = "",
		lt_grp = 0, srt_grp = 0, usr_flg = 0,
		spatialprops =
		{
			pos = { -600, 0.969072, 600 },
			orient = { { 1, 0, 0 }, { 0, 1, 0 }, { 0, 0, 1 } }
		}
	},

	{
		entity_name = "Mrk_Quintaine_location_copy_1",
		type = MARKER,
		template_name = "",
		lt_grp = 0, srt_grp = 0, usr_flg = 0,
		spatialprops =
		{
			pos = { -0.234145, 0.969072, -25.232 },
			orient = { {  0.995966,  0.000000, -0.089730 },
					   {  0.000000,  1.000000,  0.000000 },
					   {  0.089730,  0.000000,  0.995966 } }
		}
	},

	{
		entity_name = "Mrk_Sinclair_location_copy_1",
		type = MARKER,
		template_name = "",
		lt_grp = 0, srt_grp = 0, usr_flg = 0,
		spatialprops =
		{
			pos = { -2.001183, 0.960122, -32.14678 },
			orient = { { -0.978430,  0.000000,  0.206577 },
					   {  0.000000,  1.000000,  0.000000 },
					   { -0.206577,  0.000000, -0.978430 } }
		}
	},

	{
		entity_name = "Mrk_Tobias_location_copy_4",
		type = MARKER,
		template_name = "",
		lt_grp = 0, srt_grp = 0, usr_flg = 0,
		spatialprops =
		{
			pos = { 0.458877, 0.969072, -23.71524 },
			orient = { {  0.999778,  0.000000, -0.021055 },
					   {  0.000000,  1.000000,  0.000000 },
					   {  0.021055,  0.000000,  0.999778 } }
		}
	},

	{
		entity_name = "Mrk_Trent_location_copy_1",
		type = MARKER,
		template_name = "",
		lt_grp = 0, srt_grp = 0, usr_flg = 0,
		spatialprops =
		{
			pos = { 1.187375, 0.969072, -25.30936 },
			orient = { {  0.992364,  0.000000,  0.123347 },
					   {  0.000000,  1.000000,  0.000000 },
					   { -0.123347,  0.000000,  0.992364 } }
		}
	},

	{
		entity_name = "rtcprop_hardware_br_fission_generator_20_copy_1",
		type = COMPOUND,
		template_name = "rtcprop_hardware_br_fission_generator",
		lt_grp = 0, srt_grp = 0, usr_flg = 0,
		flags = LIT_DYNAMIC,
		spatialprops =
		{
			pos = { -5.415699, 0.604016, -25.82118 },
			orient = { { 1, 0, 0 }, { 0, 1, 0 }, { 0, 0, 1 } }
		},
		userprops =
		{
			category = "Equipment",
		}
	},

	{
		entity_name = "rtcprop_hardware_br_protective_armor_21_copy_1",
		type = COMPOUND,
		template_name = "rtcprop_hardware_br_protective_armor",
		lt_grp = 0, srt_grp = 0, usr_flg = 0,
		flags = LIT_DYNAMIC,
		spatialprops =
		{
			pos = { 5.599837, 1.092316, -37.1899 },
			orient = { {  0.970564,  0.000000, -0.240842 },
					   {  0.000000,  1.000000,  0.000000 },
					   {  0.240842,  0.000000,  0.970564 } }
		},
		userprops =
		{
			category = "Equipment",
		}
	},

	{
		entity_name = "rtcprop_hardware_br_radar_jammer1_22_copy_1",
		type = COMPOUND,
		template_name = "rtcprop_hardware_br_radar_jammer1",
		lt_grp = 0, srt_grp = 0, usr_flg = 0,
		flags = LIT_DYNAMIC,
		spatialprops =
		{
			pos = { 5.394998, 0.308379, -28.08154 },
			orient = { { -0.506573,  0.000000,  0.862197 },
					   {  0.000000,  1.000000,  0.000000 },
					   { -0.862197,  0.000000, -0.506573 } }
		},
		userprops =
		{
			category = "Equipment",
		}
	},

	{
		entity_name = "rtcprop_hardware_br_stealth_armor_23_copy_1",
		type = COMPOUND,
		template_name = "rtcprop_hardware_br_stealth_armor",
		lt_grp = 0, srt_grp = 0, usr_flg = 0,
		flags = LIT_DYNAMIC,
		spatialprops =
		{
			pos = { 3.435811, 1.092329, -37.01575 },
			orient = { { 1, 0, 0 }, { 0, 1, 0 }, { 0, 0, 1 } }
		},
		userprops =
		{
			category = "Equipment",
		}
	},

	{
		entity_name = "rtcprop_hardware_br_xenon_ion_drive_24_copy_1",
		type = COMPOUND,
		template_name = "rtcprop_hardware_br_xenon_ion_drive",
		lt_grp = 0, srt_grp = 0, usr_flg = 0,
		flags = LIT_DYNAMIC,
		spatialprops =
		{
			pos = { -4.434066, 0.705617, -23.58665 },
			orient = { {  0.062323,  0.000000, -0.998056 },
					   {  0.000000,  1.000000,  0.000000 },
					   {  0.998056,  0.000000,  0.062323 } }
		},
		userprops =
		{
			category = "Equipment",
		}
	},

	{
		entity_name = "rtcprop_hardware_ge_blueprinting_01_copy_1",
		type = COMPOUND,
		template_name = "rtcprop_hardware_ge_blueprinting",
		lt_grp = 0, srt_grp = 0, usr_flg = 0,
		flags = LIT_DYNAMIC,
		spatialprops =
		{
			pos = { -4.516672, 0.423923, -24.82402 },
			orient = { { 1, 0, 0 }, { 0, 1, 0 }, { 0, 0, 1 } }
		},
		userprops =
		{
			category = "Equipment",
		}
	},

	{
		entity_name = "rtcprop_hardware_ge_blueprinting_02_copy_1",
		type = COMPOUND,
		template_name = "rtcprop_hardware_ge_blueprinting",
		lt_grp = 0, srt_grp = 0, usr_flg = 0,
		flags = LIT_DYNAMIC,
		spatialprops =
		{
			pos = { -4.137472, 0.423923, -25.61304 },
			orient = { {  0.855289,  0.000000, -0.518151 },
					   {  0.000000,  1.000000,  0.000000 },
					   {  0.518151,  0.000000,  0.855289 } }
		},
		userprops =
		{
			category = "Equipment",
		}
	},

	{
		entity_name = "rtcprop_hardware_ge_blueprinting_03_copy_1",
		type = COMPOUND,
		template_name = "rtcprop_hardware_ge_blueprinting",
		lt_grp = 0, srt_grp = 0, usr_flg = 0,
		flags = LIT_DYNAMIC,
		spatialprops =
		{
			pos = { -4.67135, 0.423923, -26.30281 },
			orient = { {  0.415842,  0.000000,  0.909437 },
					   {  0.000000,  1.000000,  0.000000 },
					   { -0.909437,  0.000000,  0.415842 } }
		},
		userprops =
		{
			category = "Equipment",
		}
	},

	{
		entity_name = "rtcprop_hardware_ge_chemical_storage_cells_26_copy_1",
		type = COMPOUND,
		template_name = "rtcprop_hardware_ge_chemical_storage_cells",
		lt_grp = 0, srt_grp = 0, usr_flg = 0,
		flags = LIT_DYNAMIC,
		spatialprops =
		{
			pos = { 3.717271, 0.478045, -34.90646 },
			orient = { {  0.578084,  0.000000,  0.815977 },
					   {  0.000000,  1.000000,  0.000000 },
					   { -0.815977,  0.000000,  0.578084 } }
		},
		userprops =
		{
			category = "Equipment",
		}
	},

	{
		entity_name = "rtcprop_hardware_ge_engine_reheater_27_copy_1",
		type = COMPOUND,
		template_name = "rtcprop_hardware_ge_engine_reheater",
		lt_grp = 0, srt_grp = 0, usr_flg = 0,
		flags = LIT_DYNAMIC,
		spatialprops =
		{
			pos = { 5.931045, 0.305428, -34.72815 },
			orient = { {  0.037474,  0.000000,  0.999298 },
					   {  0.000000,  1.000000,  0.000000 },
					   { -0.999298,  0.000000,  0.037474 } }
		},
		userprops =
		{
			category = "Equipment",
		}
	},

	{
		entity_name = "rtcprop_hardware_ge_engine_supercooler_28_copy_1",
		type = COMPOUND,
		template_name = "rtcprop_hardware_ge_engine_supercooler",
		lt_grp = 0, srt_grp = 0, usr_flg = 0,
		flags = LIT_DYNAMIC,
		spatialprops =
		{
			pos = { 5.776258, 0.229789, -29.4007 },
			orient = { { -0.037629,  0.000000,  0.999292 },
					   {  0.000000,  1.000000,  0.000000 },
					   { -0.999292,  0.000000, -0.037629 } }
		},
		userprops =
		{
			category = "Equipment",
		}
	},

	{
		entity_name = "rtcprop_hardware_ge_exhaust_dampening_field_29_copy_1",
		type = COMPOUND,
		template_name = "rtcprop_hardware_ge_exhaust_dampening_field",
		lt_grp = 0, srt_grp = 0, usr_flg = 0,
		flags = LIT_DYNAMIC,
		spatialprops =
		{
			pos = { 4.740416, 0.498414, -33.62532 },
			orient = { {  0.858718,  0.000000,  0.512448 },
					   {  0.000000,  1.000000,  0.000000 },
					   { -0.512448,  0.000000,  0.858718 } }
		},
		userprops =
		{
			category = "Equipment",
		}
	},

	{
		entity_name = "rtcprop_hardware_ge_heavy_power_converter_31_copy_1",
		type = COMPOUND,
		template_name = "rtcprop_hardware_ge_heavy_power_converter",
		lt_grp = 0, srt_grp = 0, usr_flg = 0,
		flags = LIT_DYNAMIC,
		spatialprops =
		{
			pos = { -5.549324, 0.496448, -27.4461 },
			orient = { {  0.249015,  0.000000, -0.968500 },
					   {  0.000000,  1.000000,  0.000000 },
					   {  0.968500,  0.000000,  0.249015 } }
		},
		userprops =
		{
			category = "Equipment",
		}
	},

	{
		entity_name = "rtcprop_hardware_ge_heavy_tractor_beam_32_copy_1",
		type = COMPOUND,
		template_name = "rtcprop_hardware_ge_heavy_tractor_beam",
		lt_grp = 0, srt_grp = 0, usr_flg = 0,
		flags = LIT_DYNAMIC,
		spatialprops =
		{
			pos = { 5.068756, 0.575222, -23.93849 },
			orient = { {  0.013270,  0.000000, -0.999912 },
					   {  0.000000,  1.000000,  0.000000 },
					   {  0.999912,  0.000000,  0.013270 } }
		},
		userprops =
		{
			category = "Equipment",
		}
	},

	{
		entity_name = "rtcprop_hardware_ge_high_temp_nuclear_core_33_copy_1",
		type = COMPOUND,
		template_name = "rtcprop_hardware_ge_high_temp_nuclear_core",
		lt_grp = 0, srt_grp = 0, usr_flg = 0,
		flags = LIT_DYNAMIC,
		spatialprops =
		{
			pos = { 5.925443, 0.316535, -30.45145 },
			orient = { {  0.301389,  0.000000,  0.953501 },
					   {  0.000000,  1.000000,  0.000000 },
					   { -0.953501,  0.000000,  0.301389 } }
		},
		userprops =
		{
			category = "Equipment",
		}
	},

	{
		entity_name = "rtcprop_hardware_ge_nano_weavers1_34_copy_1",
		type = COMPOUND,
		template_name = "rtcprop_hardware_ge_nano_weavers1",
		lt_grp = 0, srt_grp = 0, usr_flg = 0,
		flags = LIT_DYNAMIC,
		spatialprops =
		{
			pos = { 1.755948, 0.496435, -36.98157 },
			orient = { { 1, 0, 0 }, { 0, 1, 0 }, { 0, 0, 1 } }
		},
		userprops =
		{
			category = "Equipment",
		}
	},

	{
		entity_name = "rtcprop_hardware_ge_tractor_beam_01_copy_1",
		type = COMPOUND,
		template_name = "rtcprop_hardware_ge_tractor_beam",
		lt_grp = 0, srt_grp = 0, usr_flg = 0,
		flags = LIT_DYNAMIC,
		spatialprops =
		{
			pos = { 5.262539, 0.43638, -25.20201 },
			orient = { {  0.139219,  0.000000,  0.990262 },
					   {  0.000000,  1.000000,  0.000000 },
					   { -0.990262,  0.000000,  0.139219 } }
		},
		userprops =
		{
			category = "Equipment",
		}
	},

	{
		entity_name = "rtcprop_hardware_ge_tractor_beam_02_copy_1",
		type = COMPOUND,
		template_name = "rtcprop_hardware_ge_tractor_beam",
		lt_grp = 0, srt_grp = 0, usr_flg = 0,
		flags = LIT_DYNAMIC,
		spatialprops =
		{
			pos = { 5.417528, 0.43638, -26.37253 },
			orient = { { -0.088673,  0.000000,  0.996061 },
					   {  0.000000,  1.000000,  0.000000 },
					   { -0.996061,  0.000000, -0.088673 } }
		},
		userprops =
		{
			category = "Equipment",
		}
	},

	{
		entity_name = "rtcprop_hardware_ge_weapon_cooler_37_copy_1",
		type = COMPOUND,
		template_name = "rtcprop_hardware_ge_weapon_cooler",
		lt_grp = 0, srt_grp = 0, usr_flg = 0,
		flags = LIT_DYNAMIC,
		spatialprops =
		{
			pos = { 4.614477, 0.411093, -30.12921 },
			orient = { {  0.996463,  0.000000,  0.084029 },
					   {  0.000000,  1.000000,  0.000000 },
					   { -0.084029,  0.000000,  0.996463 } }
		},
		userprops =
		{
			category = "Equipment",
		}
	},

	{
		entity_name = "rtcprop_st_br_thruster_01_copy_1",
		type = COMPOUND,
		template_name = "rtcprop_st_br_thruster",
		lt_grp = 0, srt_grp = 0, usr_flg = 0,
		flags = LIT_DYNAMIC,
		spatialprops =
		{
			pos = { 6.108963, 0.24799, -31.81552 },
			orient = { { -0.991183,  0.000000,  0.132503 },
					   {  0.000000,  1.000000,  0.000000 },
					   { -0.132503,  0.000000, -0.991183 } }
		},
		userprops =
		{
			category = "Equipment",
		}
	},

	{
		entity_name = "rtcprop_st_br_thruster_02_copy_1",
		type = COMPOUND,
		template_name = "rtcprop_st_br_thruster",
		lt_grp = 0, srt_grp = 0, usr_flg = 0,
		flags = LIT_DYNAMIC,
		spatialprops =
		{
			pos = { 5.37055, 0.24799, -31.31911 },
			orient = { { 1, 0, 0 }, { 0, 1, 0 }, { 0, 0, 1 } }
		},
		userprops =
		{
			category = "Equipment",
		}
	},

	{
		entity_name = "rtcprop_st_br_thruster_03_copy_1",
		type = COMPOUND,
		template_name = "rtcprop_st_br_thruster",
		lt_grp = 0, srt_grp = 0, usr_flg = 0,
		flags = LIT_DYNAMIC,
		spatialprops =
		{
			pos = { 4.835113, 0.24799, -32.12692 },
			orient = { {  0.826767,  0.000000,  0.562544 },
					   {  0.000000,  1.000000,  0.000000 },
					   { -0.562544,  0.000000,  0.826767 } }
		},
		userprops =
		{
			category = "Equipment",
		}
	},

	{
		entity_name = "rtcprop_st_br_thruster_04_copy_1",
		type = COMPOUND,
		template_name = "rtcprop_st_br_thruster",
		lt_grp = 0, srt_grp = 0, usr_flg = 0,
		flags = LIT_DYNAMIC,
		spatialprops =
		{
			pos = { 5.650696, 0.24799, -32.62867 },
			orient = { { -0.618395,  0.000000,  0.785868 },
					   {  0.000000,  1.000000,  0.000000 },
					   { -0.785868,  0.000000, -0.618395 } }
		},
		userprops =
		{
			category = "Equipment",
		}
	},

	{
		entity_name = "rtcprop_st_br_thruster_05_copy_1",
		type = COMPOUND,
		template_name = "rtcprop_st_br_thruster",
		lt_grp = 0, srt_grp = 0, usr_flg = 0,
		flags = LIT_DYNAMIC,
		spatialprops =
		{
			pos = { 6.015111, 0.24799, -33.45448 },
			orient = { { -0.035699,  0.000000, -0.999363 },
					   {  0.000000,  1.000000,  0.000000 },
					   {  0.999363,  0.000000, -0.035699 } }
		},
		userprops =
		{
			category = "Equipment",
		}
	},

	{
		entity_name = "rtcprop_torpedoes_ge_torpedo_01_copy_1",
		type = COMPOUND,
		template_name = "rtcprop_torpedoes_ge_torpedo",
		lt_grp = 0, srt_grp = 0, usr_flg = 0,
		flags = LIT_DYNAMIC,
		spatialprops =
		{
			pos = { -5.556182, 0.107641, -28.90083 },
			orient = { {  0.010490, -0.866445,  0.499162 },
					   {  0.024077,  0.499263,  0.866116 },
					   { -0.999655,  0.002932,  0.026099 } }
		},
		userprops =
		{
			category = "Equipment",
		}
	},

	{
		entity_name = "rtcprop_torpedoes_ge_torpedo_02_copy_1",
		type = COMPOUND,
		template_name = "rtcprop_torpedoes_ge_torpedo",
		lt_grp = 0, srt_grp = 0, usr_flg = 0,
		flags = LIT_DYNAMIC,
		spatialprops =
		{
			pos = { -5.548406, 0.107641, -29.15826 },
			orient = { {  0.010490, -0.866445,  0.499162 },
					   {  0.024077,  0.499263,  0.866116 },
					   { -0.999655,  0.002932,  0.026099 } }
		},
		userprops =
		{
			category = "Equipment",
		}
	},

	{
		entity_name = "rtcprop_torpedoes_ge_torpedo_03_copy_1",
		type = COMPOUND,
		template_name = "rtcprop_torpedoes_ge_torpedo",
		lt_grp = 0, srt_grp = 0, usr_flg = 0,
		flags = LIT_DYNAMIC,
		spatialprops =
		{
			pos = { -5.571023, 0.107641, -29.41738 },
			orient = { {  0.010490, -0.866445,  0.499162 },
					   {  0.024077,  0.499263,  0.866116 },
					   { -0.999655,  0.002932,  0.026099 } }
		},
		userprops =
		{
			category = "Equipment",
		}
	},

	{
		entity_name = "rtcprop_torpedoes_ge_torpedo_04_copy_1",
		type = COMPOUND,
		template_name = "rtcprop_torpedoes_ge_torpedo",
		lt_grp = 0, srt_grp = 0, usr_flg = 0,
		flags = LIT_DYNAMIC,
		spatialprops =
		{
			pos = { -5.517561, 0.107641, -29.67405 },
			orient = { {  0.010490, -0.866445,  0.499162 },
					   {  0.024077,  0.499263,  0.866116 },
					   { -0.999655,  0.002932,  0.026099 } }
		},
		userprops =
		{
			category = "Equipment",
		}
	},

	{
		entity_name = "rtcprop_torpedoes_ge_torpedo_05_copy_1",
		type = COMPOUND,
		template_name = "rtcprop_torpedoes_ge_torpedo",
		lt_grp = 0, srt_grp = 0, usr_flg = 0,
		flags = LIT_DYNAMIC,
		spatialprops =
		{
			pos = { -5.548233, 0.305539, -29.54587 },
			orient = { { -0.015192, -0.999829, -0.010593 },
					   {  0.023804, -0.010953,  0.999657 },
					   { -0.999601,  0.014935,  0.023966 } }
		},
		userprops =
		{
			category = "Equipment",
		}
	},

	{
		entity_name = "rtcprop_torpedoes_ge_torpedo_06_copy_1",
		type = COMPOUND,
		template_name = "rtcprop_torpedoes_ge_torpedo",
		lt_grp = 0, srt_grp = 0, usr_flg = 0,
		flags = LIT_DYNAMIC,
		spatialprops =
		{
			pos = { -5.662709, 0.305539, -29.28085 },
			orient = { { -0.035601, -0.575648, -0.816922 },
					   { -0.005144, -0.817324,  0.576156 },
					   { -0.999353,  0.024714,  0.026136 } }
		},
		userprops =
		{
			category = "Equipment",
		}
	},

	{
		entity_name = "rtcprop_torpedoes_ge_torpedo_07_copy_1",
		type = COMPOUND,
		template_name = "rtcprop_torpedoes_ge_torpedo",
		lt_grp = 0, srt_grp = 0, usr_flg = 0,
		flags = LIT_DYNAMIC,
		spatialprops =
		{
			pos = { -5.52376, 0.305539, -29.03356 },
			orient = { { -0.015192, -0.999829, -0.010593 },
					   {  0.023804, -0.010953,  0.999657 },
					   { -0.999601,  0.014935,  0.023966 } }
		},
		userprops =
		{
			category = "Equipment",
		}
	},

	{
		entity_name = "rtcprop_torpedoes_ge_torpedo_08_copy_1",
		type = COMPOUND,
		template_name = "rtcprop_torpedoes_ge_torpedo",
		lt_grp = 0, srt_grp = 0, usr_flg = 0,
		flags = LIT_DYNAMIC,
		spatialprops =
		{
			pos = { -5.40187, 0.484484, -29.17149 },
			orient = { { -0.026613, -0.997703,  0.062296 },
					   {  0.045430,  0.061047,  0.997101 },
					   { -0.998613,  0.029366,  0.043701 } }
		},
		userprops =
		{
			category = "Equipment",
		}
	},

	{
		entity_name = "rtcprop_weapons_br_auto_shotgun_43_copy_1",
		type = COMPOUND,
		template_name = "rtcprop_weapons_br_auto_shotgun",
		lt_grp = 0, srt_grp = 0, usr_flg = 0,
		flags = LIT_DYNAMIC,
		spatialprops =
		{
			pos = { -4.470331, 0, -37.31823 },
			orient = { { -0.036115,  0.000000, -0.999348 },
					   {  0.000000,  1.000000,  0.000000 },
					   {  0.999348,  0.000000, -0.036115 } }
		},
