duration = 65.888;

entities =
{

	{
		entity_name = "Layer_s038xa_nrml_Kress_hi_01_City",
		type = SCENE,
		template_name = "",
		lt_grp = 0, srt_grp = 0, usr_flg = 0,
		spatialprops =
		{
			pos = { 0, 0, 0 },
			orient = { { 1, 0, 0 }, { 0, 1, 0 }, { 0, 0, 1 } }
		},
		up = Y_AXIS,
		front = Z_AXIS,
		ambient = { 0, 0, 0 },
		userprops =
		{
			TextStart = "0.75000",
			TextString = "259617.00000",
		}
	},

	{
		entity_name = "Char_Juni",
		type = DEFORMABLE,
		template_name = "juni",
		lt_grp = 0, srt_grp = 0, usr_flg = 0,
		flags = LIT_DYNAMIC,
		spatialprops =
		{
			pos = { -4.12319, 0, 2.005666 },
			orient = { {  0.809281,  0.000000, -0.587422 },
					   {  0.000000,  1.000000,  0.000000 },
					   {  0.587422,  0.000000,  0.809281 } }
		},
		compoundprops =
		{
			floor_height = 0
		},
		userprops =
		{
			actor = "juni",
			category = "Character",
		}
	},

	{
		entity_name = "Char_Quintaine",
		type = DEFORMABLE,
		template_name = "quintaine",
		lt_grp = 0, srt_grp = 0, usr_flg = 0,
		flags = LIT_DYNAMIC,
		spatialprops =
		{
			pos = { -3.195517, 0, 2.66514 },
			orient = { {  0.888047,  0.000000, -0.459753 },
					   {  0.000000,  1.000000,  0.000000 },
					   {  0.459753,  0.000000,  0.888047 } }
		},
		compoundprops =
		{
			floor_height = 0
		},
		userprops =
		{
			actor = "quintaine",
			category = "Character",
		}
	},

	{
		entity_name = "Char_Sinclair",
		type = DEFORMABLE,
		template_name = "sinclair",
		lt_grp = 0, srt_grp = 0, usr_flg = 0,
		flags = LIT_DYNAMIC,
		spatialprops =
		{
			pos = { -2.861696, 0, 1.893458 },
			orient = { {  0.862684,  0.000000, -0.505743 },
					   {  0.000000,  1.000000,  0.000000 },
					   {  0.505743,  0.000000,  0.862684 } }
		},
		compoundprops =
		{
			floor_height = 0
		},
		userprops =
		{
			actor = "sinclair",
			category = "Character",
		}
	},

	{
		entity_name = "Char_Trent",
		type = DEFORMABLE,
		template_name = "trent",
		lt_grp = 0, srt_grp = 0, usr_flg = 0,
		flags = LIT_DYNAMIC,
		spatialprops =
		{
			pos = { -2.359172, 0, 1.300758 },
			orient = { {  0.868988,  0.000000, -0.494834 },
					   {  0.000000,  1.000000,  0.000000 },
					   {  0.494834,  0.000000,  0.868988 } }
		},
		compoundprops =
		{
			floor_height = 0
		},
		userprops =
		{
			actor = "player",
			category = "Character",
		}
	},

	{
		entity_name = "Cam_Monitor_s038xa",
		type = MONITOR,
		template_name = "",
		lt_grp = 0, srt_grp = 0, usr_flg = 0,
		userprops =
		{
			Priority = "Monitor_Moving_1",
		}
	},

	{
		entity_name = "Char_big_man",
		type = DEFORMABLE,
		template_name = "big_man",
		lt_grp = 0, srt_grp = 0, usr_flg = 0,
		flags = LIT_DYNAMIC,
		spatialprops =
		{
			pos = { -25.07311, 0, -19.83466 },
			orient = { { -0.997806,  0.000000,  0.066208 },
					   {  0.000000,  1.000000,  0.000000 },
					   { -0.066208,  0.000000, -0.997806 } }
		},
		compoundprops =
		{
			floor_height = 0
		},
		userprops =
		{
			actor = "big_man_01",
			category = "Character",
		}
	},

	{
		entity_name = "Char_Kress",
		type = DEFORMABLE,
		template_name = "kress",
		lt_grp = 0, srt_grp = 0, usr_flg = 0,
		flags = LIT_DYNAMIC,
		spatialprops =
		{
			pos = { 209.7415, 0, -160.9717 },
			orient = { { -0.029513,  0.000000,  0.999564 },
					   {  0.000000,  1.000000,  0.000000 },
					   { -0.999564,  0.000000, -0.029513 } }
		},
		compoundprops =
		{
			floor_height = 0
		},
		userprops =
		{
			actor = "kress",
			category = "Character",
		}
	},

	{
		entity_name = "dx_s038x_0101_Trent",
		type = SOUND,
		template_name = "dx_s038x_0101_Trent",
		lt_grp = 0, srt_grp = 0, usr_flg = 0,
		spatialprops =
		{
			pos = { 0, 0, 0 },
			orient = { { 1, 0, 0 }, { 0, 1, 0 }, { 0, 0, 1 } }
		},
		audioprops =
		{
			attenuation = -1,
			pan = 0,
			dmin = 50,
			dmax = 1000,
			ain = 360,
			aout = 360,
			atout = 0,
			rmix = 0,
		},
		userprops =
		{
			category = "Audio",
		}
	},

	{
		entity_name = "dx_s038x_0501_Quintaine",
		type = SOUND,
		template_name = "dx_s038x_0501_Quintaine",
		lt_grp = 0, srt_grp = 0, usr_flg = 0,
		spatialprops =
		{
			pos = { 0, 0, 0 },
			orient = { { 1, 0, 0 }, { 0, 1, 0 }, { 0, 0, 1 } }
		},
		audioprops =
		{
			attenuation = -1,
			pan = 0,
			dmin = 50,
			dmax = 1000,
			ain = 360,
			aout = 360,
			atout = 0,
			rmix = 0,
		},
		userprops =
		{
			category = "Audio",
		}
	},

	{
		entity_name = "dx_s038x_0601_Big_Man_01",
		type = SOUND,
		template_name = "dx_s038x_0601_Big_Man_01",
		lt_grp = 0, srt_grp = 0, usr_flg = 0,
		spatialprops =
		{
			pos = { 0, 0, 0 },
			orient = { { 1, 0, 0 }, { 0, 1, 0 }, { 0, 0, 1 } }
		},
		audioprops =
		{
			attenuation = -1,
			pan = 0,
			dmin = 50,
			dmax = 1000,
			ain = 360,
			aout = 360,
			atout = 0,
			rmix = 0,
		},
		userprops =
		{
			category = "Audio",
		}
	},

	{
		entity_name = "dx_s038x_0701_Quintaine",
		type = SOUND,
		template_name = "dx_s038x_0701_Quintaine",
		lt_grp = 0, srt_grp = 0, usr_flg = 0,
		spatialprops =
		{
			pos = { 0, 0, 0 },
			orient = { { 1, 0, 0 }, { 0, 1, 0 }, { 0, 0, 1 } }
		},
		audioprops =
		{
			attenuation = -1,
			pan = 0,
			dmin = 50,
			dmax = 1000,
			ain = 360,
			aout = 360,
			atout = 0,
			rmix = 0,
		},
		userprops =
		{
			category = "Audio",
		}
	},

	{
		entity_name = "dx_s038x_0801_Big_Man_01",
		type = SOUND,
		template_name = "dx_s038x_0801_Big_Man_01",
		lt_grp = 0, srt_grp = 0, usr_flg = 0,
		spatialprops =
		{
			pos = { 0, 0, 0 },
			orient = { { 1, 0, 0 }, { 0, 1, 0 }, { 0, 0, 1 } }
		},
		audioprops =
		{
			attenuation = -1,
			pan = 0,
			dmin = 50,
			dmax = 1000,
			ain = 360,
			aout = 360,
			atout = 0,
			rmix = 0,
		},
		userprops =
		{
			category = "Audio",
		}
	},

	{
		entity_name = "dx_s038x_0901_Quintaine",
		type = SOUND,
		template_name = "dx_s038x_0901_Quintaine",
		lt_grp = 0, srt_grp = 0, usr_flg = 0,
		spatialprops =
		{
			pos = { 0, 0, 0 },
			orient = { { 1, 0, 0 }, { 0, 1, 0 }, { 0, 0, 1 } }
		},
		audioprops =
		{
			attenuation = -1,
			pan = 0,
			dmin = 50,
			dmax = 1000,
			ain = 360,
			aout = 360,
			atout = 0,
			rmix = 0,
		},
		userprops =
		{
			category = "Audio",
		}
	},

	{
		entity_name = "dx_s038x_1001_Big_Man_01",
		type = SOUND,
		template_name = "dx_s038x_1001_Big_Man_01",
		lt_grp = 0, srt_grp = 0, usr_flg = 0,
		spatialprops =
		{
			pos = { 0, 0, 0 },
			orient = { { 1, 0, 0 }, { 0, 1, 0 }, { 0, 0, 1 } }
		},
		audioprops =
		{
			attenuation = -1,
			pan = 0,
			dmin = 50,
			dmax = 1000,
			ain = 360,
			aout = 360,
			atout = 0,
			rmix = 0,
		},
		userprops =
		{
			category = "Audio",
		}
	},

	{
		entity_name = "dx_s038x_1101_Trent",
		type = SOUND,
		template_name = "dx_s038x_1101_Trent",
		lt_grp = 0, srt_grp = 0, usr_flg = 0,
		spatialprops =
		{
			pos = { 0, 0, 0 },
			orient = { { 1, 0, 0 }, { 0, 1, 0 }, { 0, 0, 1 } }
		},
		audioprops =
		{
			attenuation = -1,
			pan = 0,
			dmin = 50,
			dmax = 1000,
			ain = 360,
			aout = 360,
			atout = 0,
			rmix = 0,
		},
		userprops =
		{
			category = "Audio",
		}
	},

	{
		entity_name = "dx_s038x_1301_Trent",
		type = SOUND,
		template_name = "dx_s038x_1301_Trent",
		lt_grp = 0, srt_grp = 0, usr_flg = 0,
		spatialprops =
		{
			pos = { 0, 0, 0 },
			orient = { { 1, 0, 0 }, { 0, 1, 0 }, { 0, 0, 1 } }
		},
		audioprops =
		{
			attenuation = 0,
			pan = 0,
			dmin = 50,
			dmax = 1000,
			ain = 360,
			aout = 360,
			atout = 0,
			rmix = 0,
		},
		userprops =
		{
			category = "Audio",
		}
	},

	{
		entity_name = "dx_s038x_1401_Big_Man_01",
		type = SOUND,
		template_name = "dx_s038x_1401_Big_Man_01",
		lt_grp = 0, srt_grp = 0, usr_flg = 0,
		spatialprops =
		{
			pos = { 0, 0, 0 },
			orient = { { 1, 0, 0 }, { 0, 1, 0 }, { 0, 0, 1 } }
		},
		audioprops =
		{
			attenuation = -1,
			pan = 0,
			dmin = 50,
			dmax = 1000,
			ain = 360,
			aout = 360,
			atout = 0,
			rmix = 0,
		},
		userprops =
		{
			category = "Audio",
		}
	},

	{
		entity_name = "dx_s038x_1501_Big_Man_01",
		type = SOUND,
		template_name = "dx_s038x_1501_Big_Man_01",
		lt_grp = 0, srt_grp = 0, usr_flg = 0,
		spatialprops =
		{
			pos = { 0, 0, 0 },
			orient = { { 1, 0, 0 }, { 0, 1, 0 }, { 0, 0, 1 } }
		},
		audioprops =
		{
			attenuation = -1,
			pan = 0,
			dmin = 50,
			dmax = 1000,
			ain = 360,
			aout = 360,
			atout = 0,
			rmix = 0,
		},
		userprops =
		{
			category = "Audio",
		}
	},

	{
		entity_name = "dx_s038x_1701_Kress",
		type = SOUND,
		template_name = "dx_s038x_1701_Kress",
		lt_grp = 0, srt_grp = 0, usr_flg = 0,
		spatialprops =
		{
			pos = { 0, 0, 0 },
			orient = { { 1, 0, 0 }, { 0, 1, 0 }, { 0, 0, 1 } }
		},
		audioprops =
		{
			attenuation = -1,
			pan = 50,
			dmin = 50,
			dmax = 1000,
			ain = 360,
			aout = 360,
			atout = 0,
			rmix = 0,
		},
		userprops =
		{
			category = "Audio",
		}
	},

	{
		entity_name = "dx_s038x_1801_Kress",
		type = SOUND,
		template_name = "dx_s038x_1801_Kress",
		lt_grp = 0, srt_grp = 0, usr_flg = 0,
		spatialprops =
		{
			pos = { 0, 0, 0 },
			orient = { { 1, 0, 0 }, { 0, 1, 0 }, { 0, 0, 1 } }
		},
		audioprops =
		{
			attenuation = -1,
			pan = 0,
			dmin = 50,
			dmax = 1000,
			ain = 360,
			aout = 360,
			atout = 0,
			rmix = 0,
		},
		userprops =
		{
			category = "Audio",
		}
	},

	{
		entity_name = "dx_s038x_1901_Quintaine",
		type = SOUND,
		template_name = "dx_s038x_1901_Quintaine",
		lt_grp = 0, srt_grp = 0, usr_flg = 0,
		spatialprops =
		{
			pos = { 0, 0, 0 },
			orient = { { 1, 0, 0 }, { 0, 1, 0 }, { 0, 0, 1 } }
		},
		audioprops =
		{
			attenuation = -1,
			pan = 0,
			dmin = 50,
			dmax = 1000,
			ain = 360,
			aout = 360,
			atout = 0,
			rmix = 0,
		},
		userprops =
		{
			category = "Audio",
		}
	},

	{
		entity_name = "dx_s038x_2001_Kress",
		type = SOUND,
		template_name = "dx_s038x_2001_Kress",
		lt_grp = 0, srt_grp = 0, usr_flg = 0,
		spatialprops =
		{
			pos = { 0, 0, 0 },
			orient = { { 1, 0, 0 }, { 0, 1, 0 }, { 0, 0, 1 } }
		},
		audioprops =
		{
			attenuation = -1,
			pan = 0,
			dmin = 50,
			dmax = 1000,
			ain = 360,
			aout = 360,
			atout = 0,
			rmix = 0,
		},
		userprops =
		{
			category = "Audio",
		}
	},

	{
		entity_name = "Ship_PlayerShip_1",
		type = COMPOUND,
		template_name = "PlayerShip",
		lt_grp = 3, srt_grp = 0, usr_flg = 0,
		flags = LIT_DYNAMIC,
		spatialprops =
		{
			pos = { -0.065911, 0, 10.69925 },
			orient = { {  0.559561,  0.000000, -0.828789 },
					   {  0.000000,  1.000000,  0.000000 },
					   {  0.828789,  0.000000,  0.559561 } }
		},
		userprops =
		{
			category = "Spaceship",
		}
	},

	{
		entity_name = "Ship_li_elite",
		type = COMPOUND,
		template_name = "li_elite",
		lt_grp = 3, srt_grp = 0, usr_flg = 0,
		flags = LIT_DYNAMIC,
		spatialprops =
		{
			pos = { 3.281143, 3.444219, -2.144339 },
			orient = { {  0.507465,  0.001996, -0.861670 },
					   {  0.000000,  0.999997,  0.002317 },
					   {  0.861672, -0.001176,  0.507464 } }
		},
		userprops =
		{
			category = "Spaceship",
			loadout = "MSN07_Juni",
		}
	},

	{
		entity_name = "Char_Tr_Mk_loc_02_Reposition",
		type = MARKER,
		template_name = "",
		lt_grp = 0, srt_grp = 0, usr_flg = 0,
		spatialprops =
		{
			pos = { -19.03485, 0, -14.666 },
			orient = { {  0.687674,  0.000000, -0.726020 },
					   {  0.000000,  1.000000,  0.000000 },
					   {  0.726020,  0.000000,  0.687674 } }
		}
	},

	{
		entity_name = "Char_Q_Mk_loc_02_Reposition",
		type = MARKER,
		template_name = "",
		lt_grp = 0, srt_grp = 0, usr_flg = 0,
		spatialprops =
		{
			pos = { -20.18006, 0, -14.97565 },
			orient = { {  0.700994,  0.000000, -0.713167 },
					   {  0.000000,  1.000000,  0.000000 },
					   {  0.713167,  0.000000,  0.700994 } }
		}
	},

	{
		entity_name = "Char_J_Mk_loc_02_Reposition",
		type = MARKER,
		template_name = "",
		lt_grp = 0, srt_grp = 0, usr_flg = 0,
		spatialprops =
		{
			pos = { -19.63781, 0, -14.1673 },
			orient = { {  0.704242,  0.000000, -0.709960 },
					   {  0.000000,  1.000000,  0.000000 },
					   {  0.709960,  0.000000,  0.704242 } }
		}
	},

	{
		entity_name = "Char_S_Mk_loc_02_Reposition",
		type = MARKER,
		template_name = "",
		lt_grp = 0, srt_grp = 0, usr_flg = 0,
		spatialprops =
		{
			pos = { -20.31613, 0, -13.9011 },
			orient = { {  0.668700,  0.000000, -0.743532 },
					   {  0.000000,  1.000000,  0.000000 },
					   {  0.743532,  0.000000,  0.668700 } }
		}
	},

	{
		entity_name = "Char_Guard_A_or_pi_01",
		type = DEFORMABLE,
		template_name = "or_pi_01",
		lt_grp = 0, srt_grp = 0, usr_flg = 0,
		flags = LIT_DYNAMIC + LIT_AMBIENT,
		spatialprops =
		{
			pos = { -26.33319, 0, -20.12063 },
			orient = { { -0.619674,  0.000000,  0.784860 },
					   {  0.000000,  1.000000,  0.000000 },
					   { -0.784860,  0.000000, -0.619674 } }
		},
		compoundprops =
		{
			floor_height = 0
		},
		userprops =
		{
			actor = "or_pi_01",
			category = "Character",
		}
	},

	{
		entity_name = "prop_gun_laser_Guard_A",
		type = COMPOUND,
		template_name = "prop_gun_laser_1",
		lt_grp = 0, srt_grp = 0, usr_flg = 0,
		flags = LIT_DYNAMIC,
		spatialprops =
		{
			pos = { 0, 0, 0 },
			orient = { { 1, 0, 0 }, { 0, 1, 0 }, { 0, 0, 1 } }
		},
		userprops =
		{
			category = "Prop",
		}
	},

	{
		entity_name = "prop_gun_laser_Trent",
		type = COMPOUND,
		template_name = "gun_laser_2",
		lt_grp = 0, srt_grp = 0, usr_flg = 0,
		flags = LIT_DYNAMIC,
		spatialprops =
		{
			pos = { 209.7419, 0.972919, -160.9717 },
			orient = { { 1, 0, 0 }, { 0, 1, 0 }, { 0, 0, 1 } }
		},
		userprops =
		{
			category = "Prop",
		}
	},

	{
		entity_name = "Char_K_Mk_ort_01",
		type = MARKER,
		template_name = "",
		lt_grp = 0, srt_grp = 0, usr_flg = 0,
		spatialprops =
		{
			pos = { -31.15617, 0.969072, -22.49013 },
			orient = { { -0.882766,  0.000000,  0.469813 },
					   {  0.000000,  1.000000,  0.000000 },
					   { -0.469813,  0.000000, -0.882766 } }
		}
	},

	{
		entity_name = "Char_K_Mk_loc_01",
		type = MARKER,
		template_name = "",
		lt_grp = 0, srt_grp = 0, usr_flg = 0,
		spatialprops =
		{
			pos = { -29.06224, 0.969072, -20.75633 },
			orient = { {  0.166214,  0.000000,  0.986090 },
					   {  0.000000,  1.000000,  0.000000 },
					   { -0.986090,  0.000000,  0.166214 } }
		}
	},

	{
		entity_name = "Char_Guard_B_or_pi_04",
		type = DEFORMABLE,
		template_name = "or_pi_04",
		lt_grp = 0, srt_grp = 0, usr_flg = 0,
		flags = LIT_DYNAMIC + LIT_AMBIENT,
		spatialprops =
		{
			pos = { 209.7419, 0, -160.972 },
			orient = { { -0.999871,  0.000000,  0.016080 },
					   {  0.000000,  1.000000,  0.000000 },
					   { -0.016080,  0.000000, -0.999871 } }
		},
		compoundprops =
		{
			floor_height = 0
		},
		userprops =
		{
			actor = "or_pi_04",
			category = "Character",
		}
	},

	{
		entity_name = "prop_gun_laser_Guard_B",
		type = COMPOUND,
		template_name = "prop_gun_laser_1",
		lt_grp = 0, srt_grp = 0, usr_flg = 0,
		flags = LIT_DYNAMIC,
		spatialprops =
		{
			pos = { 209.7419, 0.972919, -160.9717 },
			orient = { { 1, 0, 0 }, { 0, 1, 0 }, { 0, 0, 1 } }
		},
		userprops =
		{
			category = "Prop",
		}
	},

	{
		entity_name = "prop_gun_laser_Guard_C",
		type = COMPOUND,
		template_name = "prop_gun_laser_1",
		lt_grp = 0, srt_grp = 0, usr_flg = 0,
		flags = LIT_DYNAMIC,
		spatialprops =
		{
			pos = { 209.7419, 0.972919, -160.9717 },
			orient = { { 1, 0, 0 }, { 0, 1, 0 }, { 0, 0, 1 } }
		},
		userprops =
		{
			category = "Prop",
		}
	},

	{
		entity_name = "Char_Guard_B_Mk_loc_01",
		type = MARKER,
		template_name = "",
		lt_grp = 0, srt_grp = 0, usr_flg = 0,
		spatialprops =
		{
			pos = { -19.02358, 0.972919, -12.71283 },
			orient = { {  0.749152,  0.000000, -0.662398 },
					   {  0.000000,  1.000000,  0.000000 },
					   {  0.662398,  0.000000,  0.749152 } }
		}
	},

	{
		entity_name = "Char_K_Mk_ort_02",
		type = MARKER,
		template_name = "",
		lt_grp = 0, srt_grp = 0, usr_flg = 0,
		spatialprops =
		{
			pos = { -24.52502, 0.952178, -20.95418 },
			orient = { {  0.458782, -0.000024, -0.888549 },
					   { -0.000045,  1.000000, -0.000050 },
					   {  0.888549,  0.000063,  0.458782 } }
		}
	},

	{
		entity_name = "Cam_01_Wide_from_ships_A",
		type = CAMERA,
		template_name = "",
		lt_grp = 0, srt_grp = 0, usr_flg = 0,
		flags = HIDDEN,
		spatialprops =
		{
			pos = { 2.281501, 3.862936, 6.365256 },
			orient = { {  0.653298,  0.000000, -0.757101 },
					   { -0.051932,  0.997645, -0.044812 },
					   {  0.755317,  0.068593,  0.651760 } }
		},
		cameraprops =
		{
			fovh = 15,
			hvaspect = 1.85,
			nearplane = 2,
			farplane = 300
		}
	},

	{
		entity_name = "Cam_01_Wide_from_ships_B",
		type = CAMERA,
		template_name = "",
		lt_grp = 0, srt_grp = 0, usr_flg = 0,
		flags = HIDDEN,
		spatialprops =
		{
			pos = { -1.576152, 1.573666, 0.669289 },
			orient = { {  0.584022,  0.000000, -0.811738 },
					   { -0.060550,  0.997214, -0.043564 },
					   {  0.809476,  0.074593,  0.582395 } }
		},
		cameraprops =
		{
			fovh = 15,
			hvaspect = 1.85,
			nearplane = 0.4,
			farplane = 300
		}
	},

	{
		entity_name = "Cam_02_Wide_WalkToGuards_A",
		type = CAMERA,
		template_name = "",
		lt_grp = 0, srt_grp = 0, usr_flg = 0,
		flags = HIDDEN,
		spatialprops =
		{
			pos = { -13.85731, 1.050732, -23.21602 },
			orient = { { -0.518979,  0.000000, -0.854787 },
					   {  0.015807,  0.999829, -0.009597 },
					   {  0.854641, -0.018492, -0.518890 } }
		},
		cameraprops =
		{
			fovh = 20,
			hvaspect = 1.85,
			nearplane = 0.4,
			farplane = 300
		}
	},

	{
		entity_name = "Cam_02_Wide_WalkToGuards_B",
		type = CAMERA,
		template_name = "",
		lt_grp = 0, srt_grp = 0, usr_flg = 0,
		flags = HIDDEN,
		spatialprops =
		{
			pos = { -19.9436, 1.227275, -23.48757 },
			orient = { { -0.698579,  0.000000, -0.715533 },
					   { -0.044756,  0.998042,  0.043695 },
					   {  0.714132,  0.062549, -0.697211 } }
		},
		cameraprops =
		{
			fovh = 20,
			hvaspect = 1.85,
			nearplane = 0.4,
			farplane = 300
		}
	},

	{
		entity_name = "Cam_04_PCO_HeSeesNoOne",
		type = CAMERA,
		template_name = "",
		lt_grp = 0, srt_grp = 0, usr_flg = 0,
		flags = HIDDEN,
		spatialprops =
		{
			pos = { -24.92075, 1.660086, -20.69444 },
			orient = { { -0.952827,  0.000000,  0.303515 },
					   {  0.055184,  0.983332,  0.173240 },
					   { -0.298456,  0.181817, -0.936945 } }
		},
		cameraprops =
		{
			fovh = 30,
			hvaspect = 1.85,
			nearplane = 0.4,
			farplane = 300
		}
	},

	{
		entity_name = "Cam_06_PCO_GotYourAttention_B",
		type = CAMERA,
		template_name = "",
		lt_grp = 0, srt_grp = 0, usr_flg = 0,
		flags = HIDDEN,
		spatialprops =
		{
			pos = { -25.07486, 1.78909, -20.24089 },
			orient = { { -0.868309,  0.000000,  0.496023 },
					   {  0.132168,  0.963847,  0.231365 },
					   { -0.478090,  0.266455, -0.836918 } }
		},
		cameraprops =
		{
			fovh = 30,
			hvaspect = 1.85,
			nearplane = 0.2,
			farplane = 300
		}
	},

	{
		entity_name = "Char_Tr_Mk_loc_04_Scoot",
		type = MARKER,
		template_name = "",
		lt_grp = 0, srt_grp = 0, usr_flg = 0,
		spatialprops =
		{
			pos = { -23.96376, 0.972919, -19.31641 },
			orient = { {  0.548469,  0.000000, -0.836171 },
					   {  0.000000,  1.000000,  0.000000 },
					   {  0.836171,  0.000000,  0.548469 } }
		}
	},

	{
		entity_name = "Char_Tr_Mk_IKhead_Juni",
		type = MARKER,
		template_name = "",
		lt_grp = 0, srt_grp = 0, usr_flg = 0,
		spatialprops =
		{
			pos = { -6.043288, 1.662311, -2.407549 },
			orient = { {  0.859015,  0.000000, -0.511950 },
					   {  0.000000,  1.000000,  0.000000 },
					   {  0.511950,  0.000000,  0.859015 } }
		}
	},

	{
		entity_name = "Char_J_Mk_IKhead_Tr",
		type = MARKER,
		template_name = "",
		lt_grp = 0, srt_grp = 0, usr_flg = 0,
		spatialprops =
		{
			pos = { -5.331859, 1.741008, -2.630428 },
			orient = { {  0.832945,  0.000000, -0.553355 },
					   {  0.000000,  1.000000,  0.000000 },
					   {  0.553355,  0.000000,  0.832945 } }
		}
	},

	{
		entity_name = "Cam_05_ACU_Bigman",
		type = CAMERA,
		template_name = "",
		lt_grp = 0, srt_grp = 0, usr_flg = 0,
		flags = HIDDEN,
		spatialprops =
		{
			pos = { -24.14652, 1.467905, -20.12176 },
			orient = { { -0.430722,  0.000000, -0.902485 },
					   {  0.185610,  0.978622, -0.088585 },
					   {  0.883192, -0.205666, -0.421514 } }
		},
		cameraprops =
		{
			fovh = 20,
			hvaspect = 1.85,
			nearplane = 0.3,
			farplane = 300
		}
	},

	{
		entity_name = "Cam_06_PCO_GotYourAttention_A",
		type = CAMERA,
		template_name = "",
		lt_grp = 0, srt_grp = 0, usr_flg = 0,
		flags = HIDDEN,
		spatialprops =
		{
			pos = { -25.03876, 1.740475, -20.52975 },
			orient = { { -0.898116,  0.000000,  0.439758 },
					   {  0.100914,  0.973314,  0.206097 },
					   { -0.428022,  0.229477, -0.874149 } }
		},
		cameraprops =
		{
			fovh = 30,
			hvaspect = 1.85,
			nearplane = 0.3,
			farplane = 300
		}
	},

	{
		entity_name = "Cam_13_ACO_Kress",
		type = CAMERA,
		template_name = "",
		lt_grp = 0, srt_grp = 0, usr_flg = 0,
		flags = HIDDEN,
		spatialprops =
		{
			pos = { -23.62226, 1.701184, -19.79016 },
			orient = { {  0.316729,  0.000000, -0.948516 },
					   { -0.162052,  0.985297, -0.054113 },
					   {  0.934570,  0.170848,  0.312073 } }
		},
		cameraprops =
		{
			fovh = 30,
			hvaspect = 1.85,
			nearplane = 0.4,
			farplane = 300
		}
	},

	{
		entity_name = "Cam_17_HighWide_StandDown",
		type = CAMERA,
		template_name = "",
		lt_grp = 0, srt_grp = 0, usr_flg = 0,
		flags = HIDDEN,
		spatialprops =
		{
			pos = { -21.66816, 2.19008, -17.68946 },
			orient = { {  0.376826,  0.000000, -0.926284 },
					   { -0.303332,  0.944861, -0.123400 },
					   {  0.875209,  0.327472,  0.356048 } }
		},
		cameraprops =
		{
			fovh = 30,
			hvaspect = 1.85,
			nearplane = 0.4,
			farplane = 300
		}
	},

	{
		entity_name = "Cam_18_ACO_Bigman_Sneer_A",
		type = CAMERA,
		template_name = "",
		lt_grp = 0, srt_grp = 0, usr_flg = 0,
		flags = HIDDEN,
		spatialprops =
		{
			pos = { -23.79377, 1.67367, -20.06237 },
			orient = { { -0.372233,  0.000000, -0.928139 },
					   { -0.100880,  0.994076,  0.040458 },
					   {  0.922641,  0.108691, -0.370028 } }
		},
		cameraprops =
		{
			fovh = 20,
			hvaspect = 1.85,
			nearplane = 0.4,
			farplane = 300
		}
	},

	{
		entity_name = "Char_Tr_Mk_IKarm_LowRt_Gun_02",
		type = MARKER,
		template_name = "",
		lt_grp = 0, srt_grp = 0, usr_flg = 0,
		spatialprops =
		{
			pos = { -24.40862, 1.386551, -19.8011 },
			orient = { {  0.548976,  0.000000, -0.835838 },
					   {  0.000000,  1.000000,  0.000000 },
					   {  0.835838,  0.000000,  0.548976 } }
		}
	},

	{
		entity_name = "Char_Tr_Mk_IKarm_upRt_Gun_02",
		type = MARKER,
		template_name = "",
		lt_grp = 0, srt_grp = 0, usr_flg = 0,
		spatialprops =
		{
			pos = { -24.2828, 1.333792, -19.80427 },
			orient = { {  0.548976,  0.000000, -0.835838 },
					   {  0.000000,  1.000000,  0.000000 },
					   {  0.835838,  0.000000,  0.548976 } }
		}
	},

	{
		entity_name = "Char_Tr_Mk_IKtorso_Gun",
		type = MARKER,
		template_name = "",
		lt_grp = 0, srt_grp = 0, usr_flg = 0,
		spatialprops =
		{
			pos = { -24.39006, 1.239923, -19.55334 },
			orient = { {  0.548976,  0.000000, -0.835838 },
					   {  0.000000,  1.000000,  0.000000 },
					   {  0.835838,  0.000000,  0.548976 } }
		}
	},

	{
		entity_name = "Char_Tr_Mk_IKhand_Rt_Gun_aim_01",
		type = MARKER,
		template_name = "",
		lt_grp = 0, srt_grp = 0, usr_flg = 0,
		spatialprops =
		{
			pos = { -25.02949, 1.605417, -19.8178 },
			orient = { {  0.178486, -0.047857, -0.982778 },
					   { -0.972208, -0.162376, -0.168659 },
					   { -0.151507,  0.985568, -0.075509 } }
		}
	},

	{
		entity_name = "Char_Tr_Mk_IKhand_Rt_Gun_aim_02",
		type = MARKER,
		template_name = "",
		lt_grp = 0, srt_grp = 0, usr_flg = 0,
		spatialprops =
		{
			pos = { -25.03462, 1.606791, -19.78958 },
			orient = { {  0.178486, -0.047857, -0.982778 },
					   { -0.972208, -0.162376, -0.168659 },
					   { -0.151507,  0.985568, -0.075509 } }
		}
	},

	{
		entity_name = "Char_Tr_Mk_IKeyes_OTS_Rt",
		type = MARKER,
		template_name = "",
		lt_grp = 0, srt_grp = 0, usr_flg = 0,
		spatialprops =
		{
			pos = { -19.28252, 1.130477, -18.46919 },
			orient = { {  0.736009,  0.000000, -0.676972 },
					   {  0.000000,  1.000000,  0.000000 },
					   {  0.676972,  0.000000,  0.736009 } }
		}
	},

	{
		entity_name = "Char_Tr_Mk_IKtorso_Juni",
		type = MARKER,
		template_name = "",
		lt_grp = 0, srt_grp = 0, usr_flg = 0,
		spatialprops =
		{
			pos = { -5.157953, 1.188618, -2.820147 },
			orient = { {  0.831811,  0.000000, -0.555058 },
					   {  0.000000,  1.000000,  0.000000 },
					   {  0.555058,  0.000000,  0.831811 } }
		}
	},

	{
		entity_name = "char_S_Mk_IKtorso_Q",
		type = MARKER,
		template_name = "",
		lt_grp = 0, srt_grp = 0, usr_flg = 0,
		spatialprops =
		{
			pos = { -5.964419, 1.188618, -2.489518 },
			orient = { {  0.831811,  0.000000, -0.555058 },
					   {  0.000000,  1.000000,  0.000000 },
					   {  0.555058,  0.000000,  0.831811 } }
		}
	},

	{
		entity_name = "char_S_Mk_IKarm_upRt_Q",
		type = MARKER,
		template_name = "",
		lt_grp = 0, srt_grp = 0, usr_flg = 0,
		spatialprops =
		{
			pos = { -24.09419, 1.320104, -18.66578 },
			orient = { {  0.242394,  0.000000, -0.970178 },
					   {  0.000000,  1.000000,  0.000000 },
					   {  0.970178,  0.000000,  0.242394 } }
		}
	},

	{
		entity_name = "char_S_Mk_IKarm_lowRt_Q",
		type = MARKER,
		template_name = "",
		lt_grp = 0, srt_grp = 0, usr_flg = 0,
		spatialprops =
		{
			pos = { -24.14855, 1.484396, -18.74183 },
			orient = { {  0.242394,  0.000000, -0.970178 },
					   {  0.000000,  1.000000,  0.000000 },
					   {  0.970178,  0.000000,  0.242394 } }
		}
	},

	{
		entity_name = "Char_BG_Mk_IKeyes_Glance_men",
		type = MARKER,
		template_name = "",
		lt_grp = 0, srt_grp = 0, usr_flg = 0,
		spatialprops =
		{
			pos = { -24.84692, 1.604335, -20.13524 },
			orient = { { -0.569250,  0.000000,  0.822165 },
					   {  0.000000,  1.000000,  0.000000 },
					   { -0.822165,  0.000000, -0.569250 } }
		}
	},

	{
		entity_name = "Char_BG_Mk_IKhead_Glance_men_01",
		type = MARKER,
		template_name = "",
		lt_grp = 0, srt_grp = 0, usr_flg = 0,
		spatialprops =
		{
			pos = { -24.45496, 1.799443, -19.71037 },
			orient = { { -0.569248,  0.000001,  0.822165 },
					   {  0.000000,  1.000000,  0.000000 },
					   { -0.822165,  0.000000, -0.569248 } }
		}
	},

	{
		entity_name = "Cam_08_HighWide_A",
		type = CAMERA,
		template_name = "",
		lt_grp = 0, srt_grp = 0, usr_flg = 0,
		flags = HIDDEN,
		spatialprops =
		{
			pos = { -22.56433, 7.688732, -22.93681 },
			orient = { { -0.910366,  0.000000, -0.413803 },
					   { -0.347470,  0.543055,  0.764432 },
					   {  0.224718,  0.839697, -0.494379 } }
		},
		cameraprops =
		{
			fovh = 30,
			hvaspect = 1.85,
			nearplane = 0.4,
			farplane = 300
		}
	},

	{
		entity_name = "Cam_08_HighWide_B",
		type = CAMERA,
		template_name = "",
		lt_grp = 0, srt_grp = 0, usr_flg = 0,
		flags = HIDDEN,
		spatialprops =
		{
			pos = { -22.99988, 6.061231, -21.9786 },
			orient = { { -0.956358,  0.092814, -0.277066 },
					   { -0.186766,  0.535065,  0.823908 },
					   {  0.224718,  0.839697, -0.494379 } }
		},
		cameraprops =
		{
			fovh = 30,
			hvaspect = 1.85,
			nearplane = 0.4,
			farplane = 300
		}
	},

	{
		entity_name = "Char_Tr_Mk_IKhead_Glance_Guards",
		type = MARKER,
		template_name = "",
		lt_grp = 0, srt_grp = 0, usr_flg = 0,
		spatialprops =
		{
			pos = { -25.28028, 1.574099, -20.9259 },
			orient = { {  0.558890,  0.000000, -0.829242 },
					   {  0.000000,  1.000000,  0.000000 },
					   {  0.829242,  0.000000,  0.558890 } }
		}
	},

	{
		entity_name = "Cam_09_ACS_GuardC_draws_gun",
		type = CAMERA,
		template_name = "",
		lt_grp = 0, srt_grp = 0, usr_flg = 0,
		flags = HIDDEN,
		spatialprops =
		{
			pos = { -22.9188, 1.456368, -19.54761 },
			orient = { { -0.930064,  0.000000,  0.367397 },
					   {  0.016728,  0.998963,  0.042346 },
					   { -0.367016,  0.045530, -0.929100 } }
		},
		cameraprops =
		{
			fovh = 20,
			hvaspect = 1.85,
			nearplane = 0.4,
			farplane = 300
		}
	},

	{
		entity_name = "Cam_10_ACS_GuardB_draws_gun",
		type = CAMERA,
		template_name = "",
		lt_grp = 0, srt_grp = 0, usr_flg = 0,
		flags = HIDDEN,
		spatialprops =
		{
			pos = { -23.84698, 1.319842, -17.9605 },
			orient = { { -0.887411,  0.000000,  0.460979 },
					   { -0.068313,  0.988959, -0.131507 },
					   { -0.455889, -0.148192, -0.877613 } }
		},
		cameraprops =
		{
			fovh = 20,
			hvaspect = 1.85,
			nearplane = 0.4,
			farplane = 300
		}
	},

	{
		entity_name = "Char_BG_Mk_loc_05",
		type = MARKER,
		template_name = "",
		lt_grp = 0, srt_grp = 0, usr_flg = 0,
		spatialprops =
		{
			pos = { -25.77237, 0.981397, -19.1925 },
			orient = { {  0.062823,  0.000000,  0.998025 },
					   {  0.000000,  1.000000,  0.000000 },
					   { -0.998025,  0.000000,  0.062823 } }
		}
	},

	{
		entity_name = "Char_S_Mk_ort_into_walkway",
		type = MARKER,
		template_name = "",
		lt_grp = 0, srt_grp = 0, usr_flg = 0,
		spatialprops =
		{
			pos = { -24.30636, 0.940412, -17.84928 },
			orient = { {  0.890613,  0.000000, -0.454761 },
					   {  0.000000,  1.000000,  0.000000 },
					   {  0.454761,  0.000000,  0.890613 } }
		}
	},

	{
		entity_name = "Char_Tr_Mk_IKtorso_move_at_holdup",
		type = MARKER,
		template_name = "",
		lt_grp = 0, srt_grp = 0, usr_flg = 0,
		spatialprops =
		{
			pos = { -24.697, 1.252535, -19.73066 },
			orient = { {  0.803536,  0.000000, -0.595256 },
					   {  0.000000,  1.000000,  0.000000 },
					   {  0.595256,  0.000000,  0.803536 } }
		}
	},

	{
		entity_name = "Char_Tr_Mk_IKtorso_move_at_holdup_02",
		type = MARKER,
		template_name = "",
		lt_grp = 0, srt_grp = 0, usr_flg = 0,
		spatialprops =
		{
			pos = { -24.57336, 1.252535, -19.83198 },
			orient = { {  0.803536,  0.000000, -0.595256 },
					   {  0.000000,  1.000000,  0.000000 },
					   {  0.595256,  0.000000,  0.803536 } }
		}
	},

	{
		entity_name = "Cam_07_ASC_GuardA_draws_gun",
		type = CAMERA,
		template_name = "",
		lt_grp = 0, srt_grp = 0, usr_flg = 0,
		flags = HIDDEN,
		spatialprops =
		{
			pos = { -24.85513, 1.089138, -20.32566 },
			orient = { { -0.434554,  0.000000, -0.900646 },
					   {  0.287722,  0.947599, -0.138824 },
					   {  0.853451, -0.319462, -0.411783 } }
		},
		cameraprops =
		{
			fovh = 20,
			hvaspect = 1.85,
			nearplane = 0.4,
			farplane = 300
		}
	},

	{
		entity_name = "Cam_11_PCO",
		type = CAMERA,
		template_name = "",
		lt_grp = 0, srt_grp = 0, usr_flg = 0,
		flags = HIDDEN,
		spatialprops =
		{
			pos = { -25.28172, 1.611376, -20.60059 },
			orient = { { -0.831500,  0.000000,  0.555525 },
					   {  0.003653,  0.999978,  0.005468 },
					   { -0.555513,  0.006576, -0.831482 } }
		},
		cameraprops =
		{
			fovh = 20,
			hvaspect = 1.85,
			nearplane = 0.4,
			farplane = 300
		}
	},

	{
		entity_name = "Cam_18_ACO_Bigman_Sneer_B",
		type = CAMERA,
		template_name = "",
		lt_grp = 0, srt_grp = 0, usr_flg = 0,
		flags = HIDDEN,
		spatialprops =
		{
			pos = { -23.49882, 1.702624, -19.79161 },
			orient = { { -0.300686,  0.000000, -0.953723 },
					   { -0.110126,  0.993311,  0.034720 },
					   {  0.947344,  0.115470, -0.298675 } }
		},
		cameraprops =
		{
			fovh = 20,
			hvaspect = 1.85,
			nearplane = 0.4,
			farplane = 300
		}
	},

	{
		entity_name = "Cam_16_ACOL_Big_Man",
		type = CAMERA,
		template_name = "",
		lt_grp = 0, srt_grp = 0, usr_flg = 0,
		flags = HIDDEN,
		spatialprops =
		{
			pos = { -23.87903, 1.304206, -20.17217 },
			orient = { { -0.428968,  0.000000, -0.903319 },
					   {  0.229403,  0.967216, -0.108939 },
					   {  0.873705, -0.253956, -0.414905 } }
		},
		cameraprops =
		{
			fovh = 20,
			hvaspect = 1.85,
			nearplane = 0.4,
			farplane = 300
		}
	},

	{
		entity_name = "Char_K_Mk_loc_02_outta_the_way",
		type = MARKER,
		template_name = "",
		lt_grp = 0, srt_grp = 0, usr_flg = 0,
		spatialprops =
		{
			pos = { -25.04391, 0.973156, -21.3185 },
			orient = { { -0.892727,  0.000000,  0.450597 },
					   {  0.000000,  1.000000,  0.000000 },
					   { -0.450597,  0.000000, -0.892727 } }
		}
	},

	{
		entity_name = "Char_BG_Mk_loc_02",
		type = MARKER,
		template_name = "",
		lt_grp = 0, srt_grp = 0, usr_flg = 0,
		spatialprops =
		{
			pos = { -25.05477, 0.970624, -19.82699 },
			orient = { { -0.572148,  0.000000,  0.820150 },
					   {  0.000000,  1.000000,  0.000000 },
					   { -0.820150,  0.000000, -0.572148 } }
		}
	},

	{
		entity_name = "Char_BG_Mk_loc_01",
		type = MARKER,
		template_name = "",
		lt_grp = 0, srt_grp = 0, usr_flg = 0,
		spatialprops =
		{
			pos = { -25.07311, 0.972928, -19.83466 },
			orient = { {  0.209429,  0.000000, -0.977824 },
					   {  0.000000,  1.000000,  0.000000 },
					   {  0.977824,  0.000000,  0.209429 } }
		}
	},

	{
		entity_name = "Char_Q_Mk_ort_01",
		type = MARKER,
		template_name = "",
		lt_grp = 0, srt_grp = 0, usr_flg = 0,
		spatialprops =
		{
			pos = { -5.72625, 0.963586, -2.348282 },
			orient = { {  0.790317,  0.000000, -0.612698 },
					   {  0.000000,  1.000000,  0.000000 },
					   {  0.612698,  0.000000,  0.790317 } }
		}
	},

	{
		entity_name = "Cam_03_ACO_Bigman",
		type = CAMERA,
		template_name = "",
		lt_grp = 0, srt_grp = 0, usr_flg = 0,
		flags = HIDDEN,
		spatialprops =
		{
			pos = { -23.63479, 1.729093, -18.86954 },
			orient = { {  0.418827,  0.000000, -0.908066 },
					   { -0.097411,  0.994230, -0.044929 },
					   {  0.902826,  0.107273,  0.416410 } }
		},
		cameraprops =
		{
			fovh = 20,
			hvaspect = 1.85,
			nearplane = 0.5,
			farplane = 300
		}
	},

	{
		entity_name = "Char_Q_Mk_ort_02_Leave",
		type = MARKER,
		template_name = "",
		lt_grp = 0, srt_grp = 0, usr_flg = 0,
		spatialprops =
		{
			pos = { -24.36017, 0.945824, -18.61207 },
			orient = { {  0.719881,  0.000000, -0.694098 },
					   {  0.000000,  1.000000,  0.000000 },
					   {  0.694098,  0.000000,  0.719881 } }
		}
	},

	{
		entity_name = "Char_Trent_fs_ml_steel01_1",
		type = SOUND,
		template_name = "fs_ml_steel01",
		lt_grp = 0, srt_grp = 0, usr_flg = 0,
		spatialprops =
		{
			pos = { 0, 0, 0 },
			orient = { { 1, 0, 0 }, { 0, 1, 0 }, { 0, 0, 1 } }
		},
		audioprops =
		{
			attenuation = -26,
			pan = 18,
			dmin = 50,
			dmax = 300,
			ain = 360,
			aout = 360,
			atout = 0,
			rmix = 0,
		},
		userprops =
		{
			category = "Audio",
			Priority = "Steps_4",
		}
	},

	{
		entity_name = "Char_Trent_fs_mr_steel01_2",
		type = SOUND,
		template_name = "fs_mr_steel01",
		lt_grp = 0, srt_grp = 0, usr_flg = 0,
		spatialprops =
		{
			pos = { 0, 0, 0 },
			orient = { { 1, 0, 0 }, { 0, 1, 0 }, { 0, 0, 1 } }
		},
		audioprops =
		{
			attenuation = -25,
			pan = 18,
			dmin = 50,
			dmax = 300,
			ain = 360,
			aout = 360,
			atout = 0,
			rmix = 0,
		},
		userprops =
		{
			category = "Audio",
			Priority = "Steps_4",
		}
	},

	{
		entity_name = "Char_Trent_fs_ml_steel02_3",
		type = SOUND,
		template_name = "fs_ml_steel02",
		lt_grp = 0, srt_grp = 0, usr_flg = 0,
		spatialprops =
		{
			pos = { 0, 0, 0 },
			orient = { { 1, 0, 0 }, { 0, 1, 0 }, { 0, 0, 1 } }
		},
		audioprops =
		{
			attenuation = -24,
			pan = 20,
			dmin = 50,
			dmax = 300,
			ain = 360,
			aout = 360,
			atout = 0,
			rmix = 0,
		},
		userprops =
		{
			category = "Audio",
			Priority = "Steps_4",
		}
	},

	{
		entity_name = "Char_Trent_fs_mr_steel02_4",
		type = SOUND,
		template_name = "fs_mr_steel02",
		lt_grp = 0, srt_grp = 0, usr_flg = 0,
		spatialprops =
		{
			pos = { 0, 0, 0 },
			orient = { { 1, 0, 0 }, { 0, 1, 0 }, { 0, 0, 1 } }
		},
		audioprops =
		{
			attenuation = -23,
			pan = 20,
			dmin = 50,
			dmax = 300,
			ain = 360,
			aout = 360,
			atout = 0,
			rmix = 0,
		},
		userprops =
		{
			category = "Audio",
			Priority = "Steps_4",
		}
	},

	{
		entity_name = "Char_Trent_fs_ml_steel03_5",
		type = SOUND,
		template_name = "fs_ml_steel03",
		lt_grp = 0, srt_grp = 0, usr_flg = 0,
		spatialprops =
		{
			pos = { 0, 0, 0 },
			orient = { { 1, 0, 0 }, { 0, 1, 0 }, { 0, 0, 1 } }
		},
		audioprops =
		{
			attenuation = -22,
			pan = 22,
			dmin = 50,
			dmax = 300,
			ain = 360,
			aout = 360,
			atout = 0,
			rmix = 0,
		},
		userprops =
		{
			category = "Audio",
			Priority = "Steps_4",
		}
	},

	{
		entity_name = "Char_Trent_fs_mr_steel03_6",
		type = SOUND,
		template_name = "fs_mr_steel03",
		lt_grp = 0, srt_grp = 0, usr_flg = 0,
		spatialprops =
		{
			pos = { 0, 0, 0 },
			orient = { { 1, 0, 0 }, { 0, 1, 0 }, { 0, 0, 1 } }
		},
		audioprops =
		{
			attenuation = -20,
			pan = 23,
			dmin = 50,
			dmax = 300,
			ain = 360,
			aout = 360,
			atout = 0,
			rmix = 0,
		},
		userprops =
		{
			category = "Audio",
			Priority = "Steps_4",
		}
	},

	{
		entity_name = "Char_Trent_fs_ml_steel04_7",
		type = SOUND,
		template_name = "fs_ml_steel04",
		lt_grp = 0, srt_grp = 0, usr_flg = 0,
		spatialprops =
		{
			pos = { 0, 0, 0 },
			orient = { { 1, 0, 0 }, { 0, 1, 0 }, { 0, 0, 1 } }
		},
		audioprops =
		{
			attenuation = -21,
			pan = 25,
			dmin = 50,
			dmax = 300,
			ain = 360,
			aout = 360,
			atout = 0,
			rmix = 0,
		},
		userprops =
		{
			category = "Audio",
			Priority = "Steps_4",
		}
	},

	{
		entity_name = "Char_Trent_sfx_fstop_steel_male01_8",
		type = SOUND,
		template_name = "sfx_fstop_steel_male01",
		lt_grp = 0, srt_grp = 0, usr_flg = 0,
		spatialprops =
		{
			pos = { 0, 0, 0 },
			orient = { { 1, 0, 0 }, { 0, 1, 0 }, { 0, 0, 1 } }
		},
		audioprops =
		{
			attenuation = -20,
			pan = 27,
			dmin = 50,
			dmax = 300,
			ain = 360,
			aout = 360,
			atout = 0,
			rmix = 0,
		},
		userprops =
		{
			category = "Audio",
			Priority = "Steps_4",
		}
	},

	{
		entity_name = "Char_Sinclair_fs_fl_steel01_9",
		type = SOUND,
		template_name = "fs_fl_steel01",
		lt_grp = 0, srt_grp = 0, usr_flg = 0,
		spatialprops =
		{
			pos = { 0, 0, 0 },
			orient = { { 1, 0, 0 }, { 0, 1, 0 }, { 0, 0, 1 } }
		},
		audioprops =
		{
			attenuation = -26,
			pan = 15,
			dmin = 50,
			dmax = 300,
			ain = 360,
			aout = 360,
			atout = 0,
			rmix = 0,
		},
		userprops =
		{
			category = "Audio",
			Priority = "Steps_4",
		}
	},

	{
		entity_name = "Char_Sinclair_fs_fr_steel04_10",
		type = SOUND,
		template_name = "fs_fr_steel04",
		lt_grp = 0, srt_grp = 0, usr_flg = 0,
		spatialprops =
		{
			pos = { 0, 0, 0 },
			orient = { { 1, 0, 0 }, { 0, 1, 0 }, { 0, 0, 1 } }
		},
		audioprops =
		{
			attenuation = -25,
			pan = 16,
			dmin = 50,
			dmax = 300,
			ain = 360,
			aout = 360,
			atout = 0,
			rmix = 0,
		},
		userprops =
		{
			category = "Audio",
			Priority = "Steps_4",
		}
	},

	{
		entity_name = "Char_Sinclair_fs_fl_steel02_11",
		type = SOUND,
		template_name = "fs_fl_steel02",
		lt_grp = 0, srt_grp = 0, usr_flg = 0,
		spatialprops =
		{
			pos = { 0, 0, 0 },
			orient = { { 1, 0, 0 }, { 0, 1, 0 }, { 0, 0, 1 } }
		},
		audioprops =
		{
			attenuation = -24,
			pan = 16,
			dmin = 50,
			dmax = 300,
			ain = 360,
			aout = 360,
			atout = 0,
			rmix = 0,
		},
		userprops =
		{
			category = "Audio",
			Priority = "Steps_4",
		}
	},

	{
		entity_name = "Char_Sinclair_fs_fr_steel03_12",
		type = SOUND,
		template_name = "fs_fr_steel03",
		lt_grp = 0, srt_grp = 0, usr_flg = 0,
		spatialprops =
		{
			pos = { 0, 0, 0 },
			orient = { { 1, 0, 0 }, { 0, 1, 0 }, { 0, 0, 1 } }
		},
		audioprops =
		{
			attenuation = -23,
			pan = 18,
			dmin = 50,
			dmax = 300,
			ain = 360,
			aout = 360,
			atout = 0,
			rmix = 0,
		},
		userprops =
		{
			category = "Audio",
			Priority = "Steps_4",
		}
	},

	{
		entity_name = "Char_Sinclair_fs_fl_steel03_13",
		type = SOUND,
		template_name = "fs_fl_steel03",
		lt_grp = 0, srt_grp = 0, usr_flg = 0,
		spatialprops =
		{
			pos = { 0, 0, 0 },
			orient = { { 1, 0, 0 }, { 0, 1, 0 }, { 0, 0, 1 } }
		},
		audioprops =
		{
			attenuation = -22,
			pan = 20,
			dmin = 50,
			dmax = 300,
			ain = 360,
			aout = 360,
			atout = 0,
			rmix = 0,
		},
		userprops =
		{
			category = "Audio",
			Priority = "Steps_4",
		}
	},

	{
		entity_name = "Char_Sinclair_sfx_fstop_steel_female03_14",
		type = SOUND,
		template_name = "sfx_fstop_steel_female03",
		lt_grp = 0, srt_grp = 0, usr_flg = 0,
		spatialprops =
		{
			pos = { 0, 0, 0 },
			orient = { { 1, 0, 0 }, { 0, 1, 0 }, { 0, 0, 1 } }
		},
		audioprops =
		{
			attenuation = -20,
			pan = 20,
			dmin = 50,
			dmax = 300,
