duration = 95.291;

entities =
{

	{
		entity_name = "Layer_s038xb_nrml_Kress_hi_01_City",
		type = SCENE,
		template_name = "",
		lt_grp = 0, srt_grp = 0, usr_flg = 0,
		spatialprops =
		{
			pos = { 0, 0, 0 },
			orient = { { 1, 0, 0 }, { 0, 1, 0 }, { 0, 0, 1 } }
		},
		up = Y_AXIS,
		front = Z_AXIS,
		ambient = { 0, 0, 0 }
	},

	{
		entity_name = "Cam_Monitor_s038xb",
		type = MONITOR,
		template_name = "",
		lt_grp = 0, srt_grp = 0, usr_flg = 0,
		userprops =
		{
			Priority = "Monitor_Moving_1",
		}
	},

	{
		entity_name = "dx_s038x_2301_Kress_83",
		type = SOUND,
		template_name = "dx_s038x_2301_Kress",
		lt_grp = 0, srt_grp = 0, usr_flg = 0,
		spatialprops =
		{
			pos = { 0, 0, 0 },
			orient = { { 1, 0, 0 }, { 0, 1, 0 }, { 0, 0, 1 } }
		},
		audioprops =
		{
			attenuation = -1,
			pan = 0,
			dmin = 50,
			dmax = 1000,
			ain = 360,
			aout = 360,
			atout = 0,
			rmix = 0,
		},
		userprops =
		{
			category = "Audio",
		}
	},

	{
		entity_name = "dx_s038x_2401_Quintaine_84",
		type = SOUND,
		template_name = "dx_s038x_2401_Quintaine",
		lt_grp = 0, srt_grp = 0, usr_flg = 0,
		spatialprops =
		{
			pos = { 0, 0, 0 },
			orient = { { 1, 0, 0 }, { 0, 1, 0 }, { 0, 0, 1 } }
		},
		audioprops =
		{
			attenuation = -1,
			pan = 0,
			dmin = 50,
			dmax = 1000,
			ain = 360,
			aout = 360,
			atout = 0,
			rmix = 0,
		},
		userprops =
		{
			category = "Audio",
		}
	},

	{
		entity_name = "dx_s038x_2501_Kress_85",
		type = SOUND,
		template_name = "dx_s038x_2501_Kress",
		lt_grp = 0, srt_grp = 0, usr_flg = 0,
		spatialprops =
		{
			pos = { 0, 0, 0 },
			orient = { { 1, 0, 0 }, { 0, 1, 0 }, { 0, 0, 1 } }
		},
		audioprops =
		{
			attenuation = -1,
			pan = 0,
			dmin = 50,
			dmax = 1000,
			ain = 360,
			aout = 360,
			atout = 0,
			rmix = 0,
		},
		userprops =
		{
			category = "Audio",
		}
	},

	{
		entity_name = "dx_s038x_2601_Trent_86",
		type = SOUND,
		template_name = "dx_s038x_2601_Trent",
		lt_grp = 0, srt_grp = 0, usr_flg = 0,
		spatialprops =
		{
			pos = { 0, 0, 0 },
			orient = { { 1, 0, 0 }, { 0, 1, 0 }, { 0, 0, 1 } }
		},
		audioprops =
		{
			attenuation = -1,
			pan = 0,
			dmin = 50,
			dmax = 1000,
			ain = 360,
			aout = 360,
			atout = 0,
			rmix = 0,
		},
		userprops =
		{
			category = "Audio",
		}
	},

	{
		entity_name = "dx_s038x_2602_Trent_87",
		type = SOUND,
		template_name = "dx_s038x_2602_Trent",
		lt_grp = 0, srt_grp = 0, usr_flg = 0,
		spatialprops =
		{
			pos = { 0, 0, 0 },
			orient = { { 1, 0, 0 }, { 0, 1, 0 }, { 0, 0, 1 } }
		},
		audioprops =
		{
			attenuation = -1,
			pan = 0,
			dmin = 50,
			dmax = 1000,
			ain = 360,
			aout = 360,
			atout = 0,
			rmix = 0,
		},
		userprops =
		{
			category = "Audio",
		}
	},

	{
		entity_name = "dx_s038x_2802_Kress_90",
		type = SOUND,
		template_name = "dx_s038x_2802_Kress",
		lt_grp = 0, srt_grp = 0, usr_flg = 0,
		spatialprops =
		{
			pos = { 0, 0, 0 },
			orient = { { 1, 0, 0 }, { 0, 1, 0 }, { 0, 0, 1 } }
		},
		audioprops =
		{
			attenuation = -1,
			pan = 0,
			dmin = 50,
			dmax = 1000,
			ain = 360,
			aout = 360,
			atout = 0,
			rmix = 0,
		},
		userprops =
		{
			category = "Audio",
		}
	},

	{
		entity_name = "dx_s038x_2803_Kress_91",
		type = SOUND,
		template_name = "dx_s038x_2803_Kress",
		lt_grp = 0, srt_grp = 0, usr_flg = 0,
		spatialprops =
		{
			pos = { 0, 0, 0 },
			orient = { { 1, 0, 0 }, { 0, 1, 0 }, { 0, 0, 1 } }
		},
		audioprops =
		{
			attenuation = -1,
			pan = 0,
			dmin = 50,
			dmax = 1000,
			ain = 360,
			aout = 360,
			atout = 0,
			rmix = 0,
		},
		userprops =
		{
			category = "Audio",
		}
	},

	{
		entity_name = "dx_s038x_2901_Trent_94",
		type = SOUND,
		template_name = "dx_s038x_2901_Trent",
		lt_grp = 0, srt_grp = 0, usr_flg = 0,
		spatialprops =
		{
			pos = { 0, 0, 0 },
			orient = { { 1, 0, 0 }, { 0, 1, 0 }, { 0, 0, 1 } }
		},
		audioprops =
		{
			attenuation = -1,
			pan = 0,
			dmin = 50,
			dmax = 1000,
			ain = 360,
			aout = 360,
			atout = 0,
			rmix = 0,
		},
		userprops =
		{
			category = "Audio",
		}
	},

	{
		entity_name = "dx_s038x_3001_Kress_95",
		type = SOUND,
		template_name = "dx_s038x_3001_Kress",
		lt_grp = 0, srt_grp = 0, usr_flg = 0,
		spatialprops =
		{
			pos = { 0, 0, 0 },
			orient = { { 1, 0, 0 }, { 0, 1, 0 }, { 0, 0, 1 } }
		},
		audioprops =
		{
			attenuation = -1,
			pan = 0,
			dmin = 50,
			dmax = 1000,
			ain = 360,
			aout = 360,
			atout = 0,
			rmix = 0,
		},
		userprops =
		{
			category = "Audio",
		}
	},

	{
		entity_name = "dx_s038x_3101_Trent_96",
		type = SOUND,
		template_name = "dx_s038x_3101_Trent",
		lt_grp = 0, srt_grp = 0, usr_flg = 0,
		spatialprops =
		{
			pos = { 0, 0, 0 },
			orient = { { 1, 0, 0 }, { 0, 1, 0 }, { 0, 0, 1 } }
		},
		audioprops =
		{
			attenuation = 0,
			pan = 0,
			dmin = 50,
			dmax = 1000,
			ain = 360,
			aout = 360,
			atout = 0,
			rmix = 0,
		},
		userprops =
		{
			category = "Audio",
		}
	},

	{
		entity_name = "dx_s038x_3201_Kress_97",
		type = SOUND,
		template_name = "dx_s038x_3201_Kress",
		lt_grp = 0, srt_grp = 0, usr_flg = 0,
		spatialprops =
		{
			pos = { 0, 0, 0 },
			orient = { { 1, 0, 0 }, { 0, 1, 0 }, { 0, 0, 1 } }
		},
		audioprops =
		{
			attenuation = -1,
			pan = 0,
			dmin = 50,
			dmax = 1000,
			ain = 360,
			aout = 360,
			atout = 0,
			rmix = 0,
		},
		userprops =
		{
			category = "Audio",
		}
	},

	{
		entity_name = "dx_s038x_3301_Trent_98",
		type = SOUND,
		template_name = "dx_s038x_3301_Trent",
		lt_grp = 0, srt_grp = 0, usr_flg = 0,
		spatialprops =
		{
			pos = { 0, 0, 0 },
			orient = { { 1, 0, 0 }, { 0, 1, 0 }, { 0, 0, 1 } }
		},
		audioprops =
		{
			attenuation = 0,
			pan = 0,
			dmin = 50,
			dmax = 1000,
			ain = 360,
			aout = 360,
			atout = 0,
			rmix = 0,
		},
		userprops =
		{
			category = "Audio",
		}
	},

	{
		entity_name = "dx_s038x_3402_Kress_100",
		type = SOUND,
		template_name = "dx_s038x_3402_Kress",
		lt_grp = 0, srt_grp = 0, usr_flg = 0,
		spatialprops =
		{
			pos = { 0, 0, 0 },
			orient = { { 1, 0, 0 }, { 0, 1, 0 }, { 0, 0, 1 } }
		},
		audioprops =
		{
			attenuation = -1,
			pan = 0,
			dmin = 50,
			dmax = 1000,
			ain = 360,
			aout = 360,
			atout = 0,
			rmix = 0,
		},
		userprops =
		{
			category = "Audio",
		}
	},

	{
		entity_name = "dx_s038x_3501_juni_101",
		type = SOUND,
		template_name = "dx_s038x_3501_juni",
		lt_grp = 0, srt_grp = 0, usr_flg = 0,
		spatialprops =
		{
			pos = { 0, 0, 0 },
			orient = { { 1, 0, 0 }, { 0, 1, 0 }, { 0, 0, 1 } }
		},
		audioprops =
		{
			attenuation = -1,
			pan = 0,
			dmin = 50,
			dmax = 1000,
			ain = 360,
			aout = 360,
			atout = 0,
			rmix = 0,
		},
		userprops =
		{
			category = "Audio",
		}
	},

	{
		entity_name = "dx_s038x_3601_Kress_102",
		type = SOUND,
		template_name = "dx_s038x_3601_Kress",
		lt_grp = 0, srt_grp = 0, usr_flg = 0,
		spatialprops =
		{
			pos = { 0, 0, 0 },
			orient = { { 1, 0, 0 }, { 0, 1, 0 }, { 0, 0, 1 } }
		},
		audioprops =
		{
			attenuation = -1,
			pan = 0,
			dmin = 50,
			dmax = 1000,
			ain = 360,
			aout = 360,
			atout = 0,
			rmix = 0,
		},
		userprops =
		{
			category = "Audio",
		}
	},

	{
		entity_name = "dx_s038x_3602_Kress_103",
		type = SOUND,
		template_name = "dx_s038x_3602_Kress",
		lt_grp = 0, srt_grp = 0, usr_flg = 0,
		spatialprops =
		{
			pos = { 0, 0, 0 },
			orient = { { 1, 0, 0 }, { 0, 1, 0 }, { 0, 0, 1 } }
		},
		audioprops =
		{
			attenuation = -1,
			pan = 0,
			dmin = 50,
			dmax = 1000,
			ain = 360,
			aout = 360,
			atout = 0,
			rmix = 0,
		},
		userprops =
		{
			category = "Audio",
		}
	},

	{
		entity_name = "dx_s038x_3701_Kress_106",
		type = SOUND,
		template_name = "dx_s038x_3701_Kress",
		lt_grp = 0, srt_grp = 0, usr_flg = 0,
		spatialprops =
		{
			pos = { 0, 0, 0 },
			orient = { { 1, 0, 0 }, { 0, 1, 0 }, { 0, 0, 1 } }
		},
		audioprops =
		{
			attenuation = -1,
			pan = 0,
			dmin = 50,
			dmax = 1000,
			ain = 360,
			aout = 360,
			atout = 0,
			rmix = 0,
		},
		userprops =
		{
			category = "Audio",
		}
	},

	{
		entity_name = "dx_s038x_3702_Kress_107",
		type = SOUND,
		template_name = "dx_s038x_3702_Kress",
		lt_grp = 0, srt_grp = 0, usr_flg = 0,
		spatialprops =
		{
			pos = { 0, 0, 0 },
			orient = { { 1, 0, 0 }, { 0, 1, 0 }, { 0, 0, 1 } }
		},
		audioprops =
		{
			attenuation = -1,
			pan = 0,
			dmin = 50,
			dmax = 1000,
			ain = 360,
			aout = 360,
			atout = 0,
			rmix = 0,
		},
		userprops =
		{
			category = "Audio",
		}
	},

	{
		entity_name = "dx_s038x_3801_Quintaine_108",
		type = SOUND,
		template_name = "dx_s038x_3801_Quintaine",
		lt_grp = 0, srt_grp = 0, usr_flg = 0,
		spatialprops =
		{
			pos = { 0, 0, 0 },
			orient = { { 1, 0, 0 }, { 0, 1, 0 }, { 0, 0, 1 } }
		},
		audioprops =
		{
			attenuation = -1,
			pan = 0,
			dmin = 50,
			dmax = 1000,
			ain = 360,
			aout = 360,
			atout = 0,
			rmix = 0,
		},
		userprops =
		{
			category = "Audio",
		}
	},

	{
		entity_name = "dx_s038x_3901_Trent_109",
		type = SOUND,
		template_name = "dx_s038x_3901_Trent",
		lt_grp = 0, srt_grp = 0, usr_flg = 0,
		spatialprops =
		{
			pos = { 0, 0, 0 },
			orient = { { 1, 0, 0 }, { 0, 1, 0 }, { 0, 0, 1 } }
		},
		audioprops =
		{
			attenuation = -1,
			pan = 0,
			dmin = 50,
			dmax = 1000,
			ain = 360,
			aout = 360,
			atout = 0,
			rmix = 0,
		},
		userprops =
		{
			category = "Audio",
		}
	},

	{
		entity_name = "dx_s038x_4001_sinclair_110",
		type = SOUND,
		template_name = "dx_s038x_4001_sinclair",
		lt_grp = 0, srt_grp = 0, usr_flg = 0,
		spatialprops =
		{
			pos = { 0, 0, 0 },
			orient = { { 1, 0, 0 }, { 0, 1, 0 }, { 0, 0, 1 } }
		},
		audioprops =
		{
			attenuation = -1,
			pan = 0,
			dmin = 50,
			dmax = 1000,
			ain = 360,
			aout = 360,
			atout = 0,
			rmix = 0,
		},
		userprops =
		{
			category = "Audio",
		}
	},

	{
		entity_name = "dx_s038x_4101_Quintaine_112",
		type = SOUND,
		template_name = "dx_s038x_4101_Quintaine",
		lt_grp = 0, srt_grp = 0, usr_flg = 0,
		spatialprops =
		{
			pos = { 0, 0, 0 },
			orient = { { 1, 0, 0 }, { 0, 1, 0 }, { 0, 0, 1 } }
		},
		audioprops =
		{
			attenuation = -1,
			pan = 0,
			dmin = 50,
			dmax = 1000,
			ain = 360,
			aout = 360,
			atout = 0,
			rmix = 0,
		},
		userprops =
		{
			category = "Audio",
		}
	},

	{
		entity_name = "dx_s038x_4103_Quintaine_114",
		type = SOUND,
		template_name = "dx_s038x_4103_Quintaine",
		lt_grp = 0, srt_grp = 0, usr_flg = 0,
		spatialprops =
		{
			pos = { 0, 0, 0 },
			orient = { { 1, 0, 0 }, { 0, 1, 0 }, { 0, 0, 1 } }
		},
		audioprops =
		{
			attenuation = -1,
			pan = 0,
			dmin = 50,
			dmax = 1000,
			ain = 360,
			aout = 360,
			atout = 0,
			rmix = 0,
		},
		userprops =
		{
			category = "Audio",
		}
	},

	{
		entity_name = "dx_s038x_4201_Kress_115",
		type = SOUND,
		template_name = "dx_s038x_4201_Kress",
		lt_grp = 0, srt_grp = 0, usr_flg = 0,
		spatialprops =
		{
			pos = { 0, 0, 0 },
			orient = { { 1, 0, 0 }, { 0, 1, 0 }, { 0, 0, 1 } }
		},
		audioprops =
		{
			attenuation = -1,
			pan = 0,
			dmin = 50,
			dmax = 1000,
			ain = 360,
			aout = 360,
			atout = 0,
			rmix = 0,
		},
		userprops =
		{
			category = "Audio",
		}
	},

	{
		entity_name = "dx_s038x_4202_Kress_116",
		type = SOUND,
		template_name = "dx_s038x_4202_Kress",
		lt_grp = 0, srt_grp = 0, usr_flg = 0,
		spatialprops =
		{
			pos = { 0, 0, 0 },
			orient = { { 1, 0, 0 }, { 0, 1, 0 }, { 0, 0, 1 } }
		},
		audioprops =
		{
			attenuation = -1,
			pan = 0,
			dmin = 50,
			dmax = 1000,
			ain = 360,
			aout = 360,
			atout = 0,
			rmix = 0,
		},
		userprops =
		{
			category = "Audio",
		}
	},

	{
		entity_name = "dx_s038x_4301_Trent_117",
		type = SOUND,
		template_name = "dx_s038x_4301_Trent",
		lt_grp = 0, srt_grp = 0, usr_flg = 0,
		spatialprops =
		{
			pos = { 0, 0, 0 },
			orient = { { 1, 0, 0 }, { 0, 1, 0 }, { 0, 0, 1 } }
		},
		audioprops =
		{
			attenuation = -1,
			pan = 0,
			dmin = 50,
			dmax = 1000,
			ain = 360,
			aout = 360,
			atout = 0,
			rmix = 0,
		},
		userprops =
		{
			category = "Audio",
		}
	},

	{
		entity_name = "dx_s038x_4401_Kress_118",
		type = SOUND,
		template_name = "dx_s038x_4401_Kress",
		lt_grp = 0, srt_grp = 0, usr_flg = 0,
		spatialprops =
		{
			pos = { 0, 0, 0 },
			orient = { { 1, 0, 0 }, { 0, 1, 0 }, { 0, 0, 1 } }
		},
		audioprops =
		{
			attenuation = -1,
			pan = 0,
			dmin = 50,
			dmax = 1000,
			ain = 360,
			aout = 360,
			atout = 0,
			rmix = 0,
		},
		userprops =
		{
			category = "Audio",
		}
	},

	{
		entity_name = "dx_s038x_4501_Trent_119",
		type = SOUND,
		template_name = "dx_s038x_4501_Trent",
		lt_grp = 0, srt_grp = 0, usr_flg = 0,
		spatialprops =
		{
			pos = { 0, 0, 0 },
			orient = { { 1, 0, 0 }, { 0, 1, 0 }, { 0, 0, 1 } }
		},
		audioprops =
		{
			attenuation = -1,
			pan = 0,
			dmin = 50,
			dmax = 1000,
			ain = 360,
			aout = 360,
			atout = 0,
			rmix = 0,
		},
		userprops =
		{
			category = "Audio",
		}
	},

	{
		entity_name = "dx_s038x_4601_juni_120",
		type = SOUND,
		template_name = "dx_s038x_4601_juni",
		lt_grp = 0, srt_grp = 0, usr_flg = 0,
		spatialprops =
		{
			pos = { 0, 0, 0 },
			orient = { { 1, 0, 0 }, { 0, 1, 0 }, { 0, 0, 1 } }
		},
		audioprops =
		{
			attenuation = 0,
			pan = 25,
			dmin = 50,
			dmax = 1000,
			ain = 360,
			aout = 360,
			atout = 0,
			rmix = 0,
		},
		userprops =
		{
			category = "Audio",
		}
	},

	{
		entity_name = "dx_s038x_4701_juni_121",
		type = SOUND,
		template_name = "dx_s038x_4701_juni",
		lt_grp = 0, srt_grp = 0, usr_flg = 0,
		spatialprops =
		{
			pos = { 0, 0, 0 },
			orient = { { 1, 0, 0 }, { 0, 1, 0 }, { 0, 0, 1 } }
		},
		audioprops =
		{
			attenuation = -1,
			pan = 0,
			dmin = 50,
			dmax = 1000,
			ain = 360,
			aout = 360,
			atout = 0,
			rmix = 0,
		},
		userprops =
		{
			category = "Audio",
		}
	},

	{
		entity_name = "Char_Juni",
		type = DEFORMABLE,
		template_name = "juni",
		lt_grp = 0, srt_grp = 0, usr_flg = 0,
		flags = LIT_DYNAMIC,
		spatialprops =
		{
			pos = { -3.821989, 0, 4.873038 },
			orient = { {  0.948455,  0.000000, -0.316913 },
					   {  0.000000,  1.000000,  0.000000 },
					   {  0.316913,  0.000000,  0.948455 } }
		},
		compoundprops =
		{
			floor_height = 0
		},
		userprops =
		{
			actor = "juni",
			category = "Character",
		}
	},

	{
		entity_name = "Char_Kress",
		type = DEFORMABLE,
		template_name = "kress",
		lt_grp = 0, srt_grp = 0, usr_flg = 0,
		flags = LIT_DYNAMIC,
		spatialprops =
		{
			pos = { -3.019848, 0, -0.08718 },
			orient = { { -0.019085,  0.000000, -0.999818 },
					   {  0.000000,  1.000000,  0.000000 },
					   {  0.999818,  0.000000, -0.019085 } }
		},
		compoundprops =
		{
			floor_height = 0
		},
		userprops =
		{
			actor = "kress",
			category = "Character",
		}
	},

	{
		entity_name = "Char_Quintane",
		type = DEFORMABLE,
		template_name = "quintaine",
		lt_grp = 0, srt_grp = 0, usr_flg = 0,
		flags = LIT_DYNAMIC,
		spatialprops =
		{
			pos = { -4.239313, 0, -0.480805 },
			orient = { { -0.229340,  0.000000,  0.973346 },
					   {  0.000000,  1.000000,  0.000000 },
					   { -0.973346,  0.000000, -0.229340 } }
		},
		compoundprops =
		{
			floor_height = 0
		},
		userprops =
		{
			actor = "quintaine",
			category = "Character",
		}
	},

	{
		entity_name = "Char_Sinclair",
		type = DEFORMABLE,
		template_name = "sinclair",
		lt_grp = 0, srt_grp = 0, usr_flg = 0,
		flags = LIT_DYNAMIC,
		spatialprops =
		{
			pos = { -4.52845, 0, -1.664534 },
			orient = { { -0.451270,  0.000000,  0.892387 },
					   {  0.000000,  1.000000,  0.000000 },
					   { -0.892387,  0.000000, -0.451270 } }
		},
		compoundprops =
		{
			floor_height = 0
		},
		userprops =
		{
			actor = "sinclair",
			category = "Character",
		}
	},

	{
		entity_name = "Char_Trent",
		type = DEFORMABLE,
		template_name = "trent",
		lt_grp = 0, srt_grp = 0, usr_flg = 0,
		flags = LIT_DYNAMIC,
		spatialprops =
		{
			pos = { -3.308342, 0, 5.200605 },
			orient = { {  0.941672,  0.000000,  0.336532 },
					   {  0.000000,  1.000000,  0.000000 },
					   { -0.336532,  0.000000,  0.941672 } }
		},
		compoundprops =
		{
			floor_height = 0
		},
		userprops =
		{
			actor = "player",
			category = "Character",
		}
	},

	{
		entity_name = "Char_Tr_Mk_loc_02_SitAlign",
		type = MARKER,
		template_name = "",
		lt_grp = 0, srt_grp = 0, usr_flg = 0,
		spatialprops =
		{
			pos = { -2.814114, 0.545784, 4.657177 },
			orient = { {  0.831038,  0.000000, -0.556216 },
					   {  0.000000,  1.000000,  0.000000 },
					   {  0.556216,  0.000000,  0.831038 } }
		}
	},

	{
		entity_name = "Char_K_Mk_loc_02_SitAlign",
		type = MARKER,
		template_name = "",
		lt_grp = 0, srt_grp = 0, usr_flg = 0,
		spatialprops =
		{
			pos = { -3.217649, 0.972088, 2.587032 },
			orient = { { -0.758645,  0.000000, -0.651504 },
					   {  0.000000,  1.000000,  0.000000 },
					   {  0.651504,  0.000000, -0.758645 } }
		}
	},

	{
		entity_name = "Char_J_Mk_loc_02_SitAlign",
		type = MARKER,
		template_name = "",
		lt_grp = 0, srt_grp = 0, usr_flg = 0,
		spatialprops =
		{
			pos = { -4.315624, 0.53515, 4.480195 },
			orient = { {  0.407384,  0.000000,  0.913257 },
					   {  0.000000,  1.000000,  0.000000 },
					   { -0.913257,  0.000000,  0.407384 } }
		}
	},

	{
		entity_name = "Char_S_Mk_loc_03_to_table",
		type = MARKER,
		template_name = "",
		lt_grp = 0, srt_grp = 0, usr_flg = 0,
		spatialprops =
		{
			pos = { -3.257546, 0.929337, 0.280938 },
			orient = { { -0.899884,  0.000000, -0.436129 },
					   {  0.000000,  1.000000,  0.000000 },
					   {  0.436129,  0.000000, -0.899884 } }
		}
	},

	{
		entity_name = "Char_Q_Mk_loc_03_WlkAlign",
		type = MARKER,
		template_name = "",
		lt_grp = 0, srt_grp = 0, usr_flg = 0,
		spatialprops =
		{
			pos = { -2.280816, 0.972931, 0.984718 },
			orient = { { -0.733091,  0.000000, -0.680130 },
					   {  0.000000,  1.000000,  0.000000 },
					   {  0.680130,  0.000000, -0.733091 } }
		}
	},

	{
		entity_name = "Cam_03_PCOL_WhatEnemies",
		type = CAMERA,
		template_name = "",
		lt_grp = 0, srt_grp = 0, usr_flg = 0,
		flags = HIDDEN,
		spatialprops =
		{
			pos = { -3.960399, 1.176871, 2.472941 },
			orient = { { -0.765649,  0.000000,  0.643259 },
					   {  0.046430,  0.997392,  0.055264 },
					   { -0.641581,  0.072180, -0.763652 } }
		},
		cameraprops =
		{
			fovh = 20,
			hvaspect = 1.85,
			nearplane = 0.4,
			farplane = 1000
		}
	},

	{
		entity_name = "Cam_05_PCS_WhoWork",
		type = CAMERA,
		template_name = "",
		lt_grp = 0, srt_grp = 0, usr_flg = 0,
		flags = HIDDEN,
		spatialprops =
		{
			pos = { -3.491818, 1.22109, 3.452247 },
			orient = { { -0.792900,  0.000000,  0.609352 },
					   {  0.038394,  0.998013,  0.049960 },
					   { -0.608141,  0.063009, -0.791324 } }
		},
		cameraprops =
		{
			fovh = 20,
			hvaspect = 1.85,
			nearplane = 0.4,
			farplane = 1000
		}
	},

	{
		entity_name = "Cam_07_3shot_TheOrder",
		type = CAMERA,
		template_name = "",
		lt_grp = 0, srt_grp = 0, usr_flg = 0,
		flags = HIDDEN,
		spatialprops =
		{
			pos = { -7.64149, 1.286016, 3.163 },
			orient = { { -0.167631,  0.000000,  0.985850 },
					   {  0.096154,  0.995232,  0.016350 },
					   { -0.981149,  0.097534, -0.166832 } }
		},
		cameraprops =
		{
			fovh = 15,
			hvaspect = 1.85,
			nearplane = 0.4,
			farplane = 5000
		}
	},

	{
		entity_name = "Cam_08_ACS_J_WhyAttacks",
		type = CAMERA,
		template_name = "",
		lt_grp = 0, srt_grp = 0, usr_flg = 0,
		flags = HIDDEN,
		spatialprops =
		{
			pos = { -3.563063, 1.056627, 3.45022 },
			orient = { { -0.880777,  0.000000, -0.473531 },
					   { -0.022959,  0.998824,  0.042705 },
					   {  0.472974,  0.048485, -0.879741 } }
		},
		cameraprops =
		{
			fovh = 25,
			hvaspect = 1.85,
			nearplane = 0.4,
			farplane = 1000
		}
	},

	{
		entity_name = "Cam_09_ACO_K_NotGuilty",
		type = CAMERA,
		template_name = "",
		lt_grp = 0, srt_grp = 0, usr_flg = 0,
		flags = HIDDEN,
		spatialprops =
		{
			pos = { -4.841413, 1.10714, 4.55793 },
			orient = { {  0.410366,  0.000000,  0.911921 },
					   {  0.041395,  0.998969, -0.018628 },
					   { -0.910981,  0.045394,  0.409943 } }
		},
		cameraprops =
		{
			fovh = 20,
			hvaspect = 1.85,
			nearplane = 0.4,
			farplane = 5000
		}
	},

	{
		entity_name = "Cam_11_Wide_Overlooked_A",
		type = CAMERA,
		template_name = "",
		lt_grp = 0, srt_grp = 0, usr_flg = 0,
		flags = HIDDEN,
		spatialprops =
		{
			pos = { -3.387747, 1.19227, 5.535469 },
			orient = { {  0.993195,  0.000000,  0.116461 },
					   {  0.002029,  0.999848, -0.017304 },
					   { -0.116443,  0.017423,  0.993044 } }
		},
		cameraprops =
		{
			fovh = 25,
			hvaspect = 1.85,
			nearplane = 0.4,
			farplane = 1000
		}
	},

	{
		entity_name = "Cam_13_Wide_VeryWell",
		type = CAMERA,
		template_name = "",
		lt_grp = 0, srt_grp = 0, usr_flg = 0,
		flags = HIDDEN,
		spatialprops =
		{
			pos = { -4.098808, 1.184797, 5.697138 },
			orient = { {  0.978173,  0.000000,  0.207791 },
					   {  0.006245,  0.999548, -0.029398 },
					   { -0.207697,  0.030054,  0.977731 } }
		},
		cameraprops =
		{
			fovh = 25,
			hvaspect = 1.85,
			nearplane = 0.4,
			farplane = 1000
		}
	},

	{
		entity_name = "Cam_14_PCS_NoDice_A",
		type = CAMERA,
		template_name = "",
		lt_grp = 0, srt_grp = 0, usr_flg = 0,
		flags = HIDDEN,
		spatialprops =
		{
			pos = { -3.44049, 1.240265, 3.441149 },
			orient = { { -0.854462,  0.000000,  0.519513 },
					   {  0.033327,  0.997940,  0.054813 },
					   { -0.518443,  0.064150, -0.852703 } }
		},
		cameraprops =
		{
			fovh = 20,
			hvaspect = 1.85,
			nearplane = 0.4,
			farplane = 1000
		}
	},

	{
		entity_name = "Char_Tr_Mk_ort_StndAlign",
		type = MARKER,
		template_name = "",
		lt_grp = 0, srt_grp = 0, usr_flg = 0,
		spatialprops =
		{
			pos = { -2.268349, 0.973043, 4.306956 },
			orient = { {  0.558676,  0.000000, -0.829386 },
					   {  0.000000,  1.000000,  0.000000 },
					   {  0.829386,  0.000000,  0.558676 } }
		}
	},

	{
		entity_name = "Char_J_Mk_ort_StndAlign",
		type = MARKER,
		template_name = "",
		lt_grp = 0, srt_grp = 0, usr_flg = 0,
		spatialprops =
		{
			pos = { -4.313716, 0.54465, 4.490529 },
			orient = { {  0.734089,  0.000000,  0.679053 },
					   {  0.000000,  1.000000,  0.000000 },
					   { -0.679053,  0.000000,  0.734089 } }
		}
	},

	{
		entity_name = "Char_S_Mk_ort_01_WlkAlign",
		type = MARKER,
		template_name = "",
		lt_grp = 0, srt_grp = 0, usr_flg = 0,
		spatialprops =
		{
			pos = { -3.897663, 0.956223, -1.319551 },
			orient = { { -0.285933,  0.000000,  0.958250 },
					   {  0.000000,  1.000000,  0.000000 },
					   { -0.958250,  0.000000, -0.285933 } }
		}
	},

	{
		entity_name = "Char_Q_Mk_loc_02_window",
		type = MARKER,
		template_name = "",
		lt_grp = 0, srt_grp = 0, usr_flg = 0,
		spatialprops =
		{
			pos = { 4.833405, 0.972931, 0.863935 },
			orient = { {  0.855589,  0.000000,  0.517655 },
					   {  0.000000,  1.000000,  0.000000 },
					   { -0.517655,  0.000000,  0.855589 } }
		}
	},

	{
		entity_name = "Char_S_Mk_loc_02_window",
		type = MARKER,
		template_name = "",
		lt_grp = 0, srt_grp = 0, usr_flg = 0,
		spatialprops =
		{
			pos = { 5.659328, 0.960122, -0.480237 },
			orient = { { -0.985525,  0.000000, -0.169528 },
					   {  0.000000,  1.000000,  0.000000 },
					   {  0.169528,  0.000000, -0.985525 } }
		}
	},

	{
		entity_name = "Cam_14_PCS_NoDice_B",
		type = CAMERA,
		template_name = "",
		lt_grp = 0, srt_grp = 0, usr_flg = 0,
		flags = HIDDEN,
		spatialprops =
		{
			pos = { -3.824269, 0.967731, 3.069218 },
			orient = { { -0.612892,  0.000000,  0.790166 },
					   { -0.267822,  0.940807, -0.207736 },
					   { -0.743394, -0.338944, -0.576613 } }
		},
		cameraprops =
		{
			fovh = 20,
			hvaspect = 1.85,
			nearplane = 0.4,
			farplane = 1000
		}
	},

	{
		entity_name = "Cam_15_ACS_K_TrustMe",
		type = CAMERA,
		template_name = "",
		lt_grp = 0, srt_grp = 0, usr_flg = 0,
		flags = HIDDEN,
		spatialprops =
		{
			pos = { -3.002872, 1.409292, 4.166833 },
			orient = { {  0.947103,  0.000000,  0.320929 },
					   {  0.059386,  0.982731, -0.175254 },
					   { -0.315387,  0.185042,  0.930747 } }
		},
		cameraprops =
		{
			fovh = 20,
			hvaspect = 1.85,
			nearplane = 0.4,
			farplane = 1000
		}
	},

	{
		entity_name = "Cam_17_Wide_OrMe",
		type = CAMERA,
		template_name = "",
		lt_grp = 0, srt_grp = 0, usr_flg = 0,
		flags = HIDDEN,
		spatialprops =
		{
			pos = { -6.278871, 0.985156, 5.332703 },
			orient = { {  0.490340,  0.000000,  0.871531 },
					   { -0.080799,  0.995693,  0.045459 },
					   { -0.867778, -0.092709,  0.488228 } }
		},
		cameraprops =
		{
			fovh = 25,
			hvaspect = 1.85,
			nearplane = 0.4,
			farplane = 5000
		}
	},

	{
		entity_name = "Char_Tr_Mk_IKhead_K",
		type = MARKER,
		template_name = "",
		lt_grp = 0, srt_grp = 0, usr_flg = 0,
		spatialprops =
		{
			pos = { -3.193228, 1.175078, 3.69065 },
			orient = { {  0.831038,  0.000000, -0.556216 },
					   {  0.000000,  1.000000,  0.000000 },
					   {  0.556216,  0.000000,  0.831038 } }
		}
	},

	{
		entity_name = "Char_K_Mk_IKhead_Q",
		type = MARKER,
		template_name = "",
		lt_grp = 0, srt_grp = 0, usr_flg = 0,
		spatialprops =
		{
			pos = { -3.586488, 1.480564, 3.060043 },
			orient = { { -0.783121,  0.000000, -0.621870 },
					   {  0.000000,  1.000000,  0.000000 },
					   {  0.621870,  0.000000, -0.783121 } }
		}
	},

	{
		entity_name = "Char_Q_Mk_IKhead_Kress",
		type = MARKER,
		template_name = "",
		lt_grp = 0, srt_grp = 0, usr_flg = 0,
		spatialprops =
		{
			pos = { -3.163824, 1.4915, 3.470865 },
			orient = { { -0.759266,  0.000000, -0.650781 },
					   {  0.000000,  1.000000,  0.000000 },
					   {  0.650781,  0.000000, -0.759266 } }
		}
	},

	{
		entity_name = "Char_Tr_Mk_IKhead_J_Standing",
		type = MARKER,
		template_name = "",
		lt_grp = 0, srt_grp = 0, usr_flg = 0,
		spatialprops =
		{
			pos = { -3.799163, 1.51722, 4.473109 },
			orient = { {  0.831038,  0.000000, -0.556216 },
					   {  0.000000,  1.000000,  0.000000 },
					   {  0.556216,  0.000000,  0.831038 } }
		}
	},

	{
		entity_name = "Char_K_Mk_IKarm_LowLeft_facilities",
		type = MARKER,
		template_name = "",
		lt_grp = 0, srt_grp = 0, usr_flg = 0,
		spatialprops =
		{
			pos = { -2.212766, 0.97292, 0.127743 },
			orient = { { -0.019085,  0.000000, -0.999818 },
					   {  0.000000,  1.000000,  0.000000 },
					   {  0.999818,  0.000000, -0.019085 } }
		}
	},

	{
		entity_name = "Cam_04_ACO_K_Discovery",
		type = CAMERA,
		template_name = "",
		lt_grp = 0, srt_grp = 0, usr_flg = 0,
		flags = HIDDEN,
		spatialprops =
		{
			pos = { -3.028996, 1.152941, 5.17006 },
			orient = { {  0.993878,  0.000000,  0.110486 },
					   { -0.014055,  0.991876,  0.126429 },
					   { -0.109589, -0.127208,  0.985803 } }
		},
		cameraprops =
		{
			fovh = 20,
			hvaspect = 1.85,
			nearplane = 0.4,
			farplane = 1000
		}
	},

	{
		entity_name = "Cam_16_PCO_DenyMe",
		type = CAMERA,
		template_name = "",
		lt_grp = 0, srt_grp = 0, usr_flg = 0,
		flags = HIDDEN,
		spatialprops =
		{
			pos = { -4.012722, 1.154015, 2.315176 },
			orient = { { -0.679324,  0.000000,  0.733838 },
					   { -0.096521,  0.991312, -0.089351 },
					   { -0.727463, -0.131529, -0.673422 } }
		},
		cameraprops =
		{
			fovh = 20,
			hvaspect = 1.85,
			nearplane = 0.8,
			farplane = 1000
		}
	},

	{
		entity_name = "Char_Tr_Mk_IKhead_K_Going",
		type = MARKER,
		template_name = "",
		lt_grp = 0, srt_grp = 0, usr_flg = 0,
		spatialprops =
		{
			pos = { -2.879129, 1.48616, 3.175067 },
			orient = { { -0.992008,  0.000000, -0.126178 },
					   {  0.000000,  1.000000,  0.000000 },
					   {  0.126178,  0.000000, -0.992008 } }
		}
	},

	{
		entity_name = "Char_Q_Mk_ort_01_45_to_Kress",
		type = MARKER,
		template_name = "",
		lt_grp = 0, srt_grp = 0, usr_flg = 0,
		spatialprops =
		{
			pos = { 3.970651, 0.936836, 0.160045 },
			orient = { {  0.027871,  0.000000, -0.999611 },
					   {  0.000000,  1.000000,  0.000000 },
					   {  0.999611,  0.000000,  0.027871 } }
		}
	},

	{
		entity_name = "Char_Q_Mk_ort_02_90_to_Kress",
		type = MARKER,
		template_name = "",
		lt_grp = 0, srt_grp = 0, usr_flg = 0,
		spatialprops =
		{
			pos = { 3.970651, 0.936836, 0.160045 },
			orient = { { -0.503464,  0.000000, -0.864016 },
					   {  0.000000,  1.000000,  0.000000 },
					   {  0.864016,  0.000000, -0.503464 } }
		}
	},

	{
		entity_name = "Char_S_Mk_IKhead_K_Sit",
		type = MARKER,
		template_name = "",
		lt_grp = 0, srt_grp = 0, usr_flg = 0,
		spatialprops =
		{
			pos = { -2.917797, 1.449592, 3.30752 },
			orient = { { -0.765193,  0.000000, -0.643800 },
					   {  0.000000,  1.000000,  0.000000 },
					   {  0.643800,  0.000000, -0.765193 } }
		}
	},

	{
		entity_name = "Char_K_Mk_IKhead_Table_Top",
		type = MARKER,
		template_name = "",
		lt_grp = 0, srt_grp = 0, usr_flg = 0,
		spatialprops =
		{
			pos = { -3.490282, 0.893968, 3.995089 },
			orient = { { -0.765193,  0.000000, -0.643800 },
					   {  0.000000,  1.000000,  0.000000 },
					   {  0.643800,  0.000000, -0.765193 } }
		}
	},

	{
		entity_name = "Char_Q_Mk_loc_04_Tr_no",
		type = MARKER,
		template_name = "",
		lt_grp = 0, srt_grp = 0, usr_flg = 0,
		spatialprops =
		{
			pos = { -3.464157, 0.972915, 2.257828 },
			orient = { { -0.999972,  0.000000,  0.007450 },
					   {  0.000000,  1.000000,  0.000000 },
					   { -0.007450,  0.000000, -0.999972 } }
		}
	},

	{
		entity_name = "Cam_11_Wide_Overlooked_B",
		type = CAMERA,
		template_name = "",
		lt_grp = 0, srt_grp = 0, usr_flg = 0,
		flags = HIDDEN,
		spatialprops =
		{
			pos = { -3.387747, 1.19227, 5.535469 },
			orient = { {  0.993195,  0.000000,  0.116461 },
					   { -0.002036,  0.999847,  0.017363 },
					   { -0.116443, -0.017482,  0.993043 } }
		},
		cameraprops =
		{
			fovh = 25,
			hvaspect = 1.85,
			nearplane = 0.4,
			farplane = 1000
		}
	},

	{
		entity_name = "Char_S_Mk_IKeyes_look_around",
		type = MARKER,
		template_name = "",
		lt_grp = 0, srt_grp = 0, usr_flg = 0,
		spatialprops =
		{
			pos = { 5.939708, 1.447146, -2.381746 },
			orient = { { -0.985525,  0.000000, -0.169528 },
					   {  0.000000,  1.000000,  0.000000 },
					   {  0.169528,  0.000000, -0.985525 } }
		}
	},

	{
		entity_name = "Char_Kress_sfx_fturn_male04_1",
		type = SOUND,
		template_name = "sfx_fturn_male04",
		lt_grp = 0, srt_grp = 0, usr_flg = 0,
		spatialprops =
		{
			pos = { 0, 0, 0 },
			orient = { { 1, 0, 0 }, { 0, 1, 0 }, { 0, 0, 1 } }
		},
		audioprops =
		{
			attenuation = -16,
			pan = 3,
			dmin = 50,
			dmax = 300,
			ain = 360,
			aout = 360,
			atout = 0,
			rmix = 0,
		},
		userprops =
		{
			category = "Audio",
			Priority = "Steps_4",
		}
	},

	{
		entity_name = "Char_Kress_fs_ml_steel01_2",
		type = SOUND,
		template_name = "fs_ml_steel01",
		lt_grp = 0, srt_grp = 0, usr_flg = 0,
		spatialprops =
		{
			pos = { 0, 0, 0 },
			orient = { { 1, 0, 0 }, { 0, 1, 0 }, { 0, 0, 1 } }
		},
		audioprops =
		{
			attenuation = -28,
			pan = 10,
			dmin = 50,
			dmax = 300,
			ain = 360,
			aout = 360,
			atout = 0,
			rmix = 0,
		},
		userprops =
		{
			category = "Audio",
			Priority = "Steps_4",
		}
	},

	{
		entity_name = "Char_Kress_sfx_fturn_male03_3",
		type = SOUND,
		template_name = "sfx_fturn_male03",
		lt_grp = 0, srt_grp = 0, usr_flg = 0,
		spatialprops =
		{
			pos = { 0, 0, 0 },
			orient = { { 1, 0, 0 }, { 0, 1, 0 }, { 0, 0, 1 } }
		},
		audioprops =
		{
			attenuation = -15,
			pan = 20,
			dmin = 50,
			dmax = 300,
			ain = 360,
			aout = 360,
			atout = 0,
			rmix = 0,
		},
		userprops =
		{
			category = "Audio",
			Priority = "Steps_4",
		}
	},

	{
		entity_name = "Char_Kress_fs_ml_steel02_4",
		type = SOUND,
		template_name = "fs_ml_steel02",
		lt_grp = 0, srt_grp = 0, usr_flg = 0,
		spatialprops =
		{
			pos = { 0, 0, 0 },
			orient = { { 1, 0, 0 }, { 0, 1, 0 }, { 0, 0, 1 } }
		},
		audioprops =
		{
			attenuation = -30,
			pan = 20,
			dmin = 50,
			dmax = 300,
			ain = 360,
			aout = 360,
			atout = 0,
			rmix = 0,
		},
		userprops =
		{
			category = "Audio",
			Priority = "Steps_4",
		}
	},

	{
		entity_name = "Char_Sinclair_fs_fr_steel01_5",
		type = SOUND,
		template_name = "fs_fr_steel01",
		lt_grp = 0, srt_grp = 0, usr_flg = 0,
		spatialprops =
		{
			pos = { 0, 0, 0 },
			orient = { { 1, 0, 0 }, { 0, 1, 0 }, { 0, 0, 1 } }
		},
		audioprops =
		{
			attenuation = -28,
			pan = 3,
			dmin = 50,
			dmax = 300,
			ain = 360,
			aout = 360,
			atout = 0,
			rmix = 0,
		},
		userprops =
		{
			category = "Audio",
			Priority = "Steps_4",
		}
	},

	{
		entity_name = "Char_Sinclair_fs_fl_steel01_6",
		type = SOUND,
		template_name = "fs_fl_steel01",
		lt_grp = 0, srt_grp = 0, usr_flg = 0,
		spatialprops =
		{
			pos = { 0, 0, 0 },
			orient = { { 1, 0, 0 }, { 0, 1, 0 }, { 0, 0, 1 } }
		},
		audioprops =
		{
			attenuation = -26,
			pan = -22,
			dmin = 50,
			dmax = 300,
			ain = 360,
			aout = 360,
			atout = 0,
			rmix = 0,
		},
		userprops =
		{
			category = "Audio",
			Priority = "Steps_4",
		}
	},

	{
		entity_name = "Char_Sinclair_fs_fr_steel02_7",
		type = SOUND,
		template_name = "fs_fr_steel02",
		lt_grp = 0, srt_grp = 0, usr_flg = 0,
		spatialprops =
		{
			pos = { 0, 0, 0 },
			orient = { { 1, 0, 0 }, { 0, 1, 0 }, { 0, 0, 1 } }
		},
		audioprops =
		{
			attenuation = -28,
			pan = 25,
			dmin = 50,
			dmax = 300,
			ain = 360,
			aout = 360,
			atout = 0,
			rmix = 0,
		},
		userprops =
		{
			category = "Audio",
			Priority = "Steps_4",
		}
	},

	{
		entity_name = "Char_Sinclair_fs_fl_steel02_8",
		type = SOUND,
		template_name = "fs_fl_steel02",
		lt_grp = 0, srt_grp = 0, usr_flg = 0,
		spatialprops =
		{
			pos = { 0, 0, 0 },
			orient = { { 1, 0, 0 }, { 0, 1, 0 }, { 0, 0, 1 } }
		},
		audioprops =
		{
			attenuation = -29,
			pan = 39,
			dmin = 50,
			dmax = 300,
			ain = 360,
			aout = 360,
			atout = 0,
			rmix = 0,
		},
		userprops =
		{
			category = "Audio",
			Priority = "Steps_4",
		}
	},

	{
		entity_name = "Char_Sinclair_fs_fr_steel03_9",
		type = SOUND,
		template_name = "fs_fr_steel03",
		lt_grp = 0, srt_grp = 0, usr_flg = 0,
		spatialprops =
		{
			pos = { 0, 0, 0 },
			orient = { { 1, 0, 0 }, { 0, 1, 0 }, { 0, 0, 1 } }
		},
		audioprops =
		{
			attenuation = -30,
			pan = 28,
			dmin = 50,
			dmax = 300,
			ain = 360,
			aout = 360,
			atout = 0,
			rmix = 0,
		},
		userprops =
		{
			category = "Audio",
			Priority = "Steps_4",
		}
	},

	{
		entity_name = "Char_Sinclair_fs_fl_steel03_10",
		type = SOUND,
		template_name = "fs_fl_steel03",
		lt_grp = 0, srt_grp = 0, usr_flg = 0,
		spatialprops =
		{
			pos = { 0, 0, 0 },
			orient = { { 1, 0, 0 }, { 0, 1, 0 }, { 0, 0, 1 } }
		},
		audioprops =
		{
			attenuation = -32,
			pan = 40,
			dmin = 50,
			dmax = 300,
			ain = 360,
			aout = 360,
			atout = 0,
			rmix = 0,
		},
		userprops =
		{
			category = "Audio",
			Priority = "Steps_4",
		}
	},

	{
		entity_name = "Char_Sinclair_fs_fr_steel04_11",
		type = SOUND,
		template_name = "fs_fr_steel04",
		lt_grp = 0, srt_grp = 0, usr_flg = 0,
		spatialprops =
		{
			pos = { 0, 0, 0 },
			orient = { { 1, 0, 0 }, { 0, 1, 0 }, { 0, 0, 1 } }
		},
		audioprops =
		{
			attenuation = -34,
			pan = 45,
			dmin = 50,
			dmax = 300,
			ain = 360,
			aout = 360,
			atout = 0,
			rmix = 0,
		},
		userprops =
		{
			category = "Audio",
			Priority = "Steps_4",
		}
	},

	{
		entity_name = "Char_Sinclair_fs_fl_steel04_12",
		type = SOUND,
		template_name = "fs_fl_steel04",
		lt_grp = 0, srt_grp = 0, usr_flg = 0,
		spatialprops =
		{
			pos = { 0, 0, 0 },
			orient = { { 1, 0, 0 }, { 0, 1, 0 }, { 0, 0, 1 } }
		},
		audioprops =
		{
			attenuation = -35,
			pan = 47,
			dmin = 50,
			dmax = 300,
			ain = 360,
			aout = 360,
			atout = 0,
			rmix = 0,
		},
		userprops =
		{
			category = "Audio",
			Priority = "Steps_4",
		}
	},

	{
		entity_name = "Char_Quintaine_fs_mr_steel01_13",
		type = SOUND,
		template_name = "fs_mr_steel01",
		lt_grp = 0, srt_grp = 0, usr_flg = 0,
		spatialprops =
		{
			pos = { 0, 0, 0 },
			orient = { { 1, 0, 0 }, { 0, 1, 0 }, { 0, 0, 1 } }
		},
		audioprops =
		{
			attenuation = -26,
			pan = -3,
			dmin = 50,
			dmax = 300,
			ain = 360,
			aout = 360,
			atout = 0,
			rmix = 0,
		},
		userprops =
		{
			category = "Audio",
			Priority = "Steps_4",
		}
	},

	{
		entity_name = "Char_Quintaine_fs_ml_steel01_14",
		type = SOUND,
		template_name = "fs_ml_steel01",
		lt_grp = 0, srt_grp = 0, usr_flg = 0,
		spatialprops =
		{
			pos = { 0, 0, 0 },
			orient = { { 1, 0, 0 }, { 0, 1, 0 }, { 0, 0, 1 } }
		},
		audioprops =
		{
			attenuation = -27,
			pan = 10,
			dmin = 50,
			dmax = 300,
			ain = 360,
			aout = 360,
			atout = 0,
			rmix = 0,
		},
		userprops =
		{
			category = "Audio",
			Priority = "Steps_4",
		}
	},

	{
		entity_name = "Char_Quintaine_fs_mr_steel02_15",
		type = SOUND,
		template_name = "fs_mr_steel02",
		lt_grp = 0, srt_grp = 0, usr_flg = 0,
		spatialprops =
		{
			pos = { 0, 0, 0 },
			orient = { { 1, 0, 0 }, { 0, 1, 0 }, { 0, 0, 1 } }
		},
		audioprops =
		{
			attenuation = -28,
			pan = 10,
			dmin = 50,
			dmax = 300,
			ain = 360,
			aout = 360,
			atout = 0,
			rmix = 0,
		},
		userprops =
		{
			category = "Audio",
			Priority = "Steps_4",
		}
	},

	{
		entity_name = "Char_Quintaine_fs_ml_steel03_16",
		type = SOUND,
		template_name = "fs_ml_steel03",
		lt_grp = 0, srt_grp = 0, usr_flg = 0,
		spatialprops =
		{
			pos = { 0, 0, 0 },
			orient = { { 1, 0, 0 }, { 0, 1, 0 }, { 0, 0, 1 } }
		},
		audioprops =
		{
			attenuation = -33,
			pan = 22,
			dmin = 50,
			dmax = 300,
			ain = 360,
			aout = 360,
			atout = 0,
			rmix = 0,
		},
		userprops =
		{
			category = "Audio",
			Priority = "Steps_4",
		}
	},

	{
		entity_name = "Char_Quintaine_fs_mr_steel03_17",
		type = SOUND,
		template_name = "fs_mr_steel03",
		lt_grp = 0, srt_grp = 0, usr_flg = 0,
		spatialprops =
		{
			pos = { 0, 0, 0 },
			orient = { { 1, 0, 0 }, { 0, 1, 0 }, { 0, 0, 1 } }
		},
		audioprops =
		{
			attenuation = -36,
			pan = 32,
			dmin = 50,
			dmax = 300,
			ain = 360,
			aout = 360,
			atout = 0,
			rmix = 0,
		},
		userprops =
		{
			category = "Audio",
			Priority = "Steps_4",
		}
	},

	{
		entity_name = "Char_Quintaine_fs_ml_steel02_18",
		type = SOUND,
		template_name = "fs_ml_steel02",
		lt_grp = 0, srt_grp = 0, usr_flg = 0,
		spatialprops =
		{
			pos = { 0, 0, 0 },
			orient = { { 1, 0, 0 }, { 0, 1, 0 }, { 0, 0, 1 } }
		},
		audioprops =
		{
			attenuation = -36,
			pan = 40,
			dmin = 50,
			dmax = 300,
			ain = 360,
			aout = 360,
			atout = 0,
			rmix = 0,
		},
		userprops =
		{
			category = "Audio",
			Priority = "Steps_4",
		}
	},

	{
		entity_name = "Char_Quintaine_fs_mr_steel04_19",
		type = SOUND,
		template_name = "fs_mr_steel04",
		lt_grp = 0, srt_grp = 0, usr_flg = 0,
		spatialprops =
		{
			pos = { 0, 0, 0 },
			orient = { { 1, 0, 0 }, { 0, 1, 0 }, { 0, 0, 1 } }
		},
		audioprops =
		{
			attenuation = -39,
			pan = 43,
			dmin = 50,
			dmax = 300,
			ain = 360,
			aout = 360,
			atout = 0,
			rmix = 0,
		},
		userprops =
		{
			category = "Audio",
			Priority = "Steps_4",
		}
	},

	{
		entity_name = "Char_Quintaine_fs_ml_steel04_22",
		type = SOUND,
		template_name = "fs_ml_steel04",
		lt_grp = 0, srt_grp = 0, usr_flg = 0,
		spatialprops =
		{
			pos = { 0, 0, 0 },
			orient = { { 1, 0, 0 }, { 0, 1, 0 }, { 0, 0, 1 } }
		},
		audioprops =
		{
			attenuation = -38,
			pan = 47,
			dmin = 50,
			dmax = 300,
			ain = 360,
			aout = 360,
			atout = 0,
			rmix = 0,
		},
		userprops =
		{
			category = "Audio",
			Priority = "Steps_4",
		}
	},

	{
		entity_name = "Char_Kress_fs_ml_steel03_23",
		type = SOUND,
		template_name = "fs_ml_steel03",
		lt_grp = 0, srt_grp = 0, usr_flg = 0,
		spatialprops =
		{
			pos = { 0, 0, 0 },
			orient = { { 1, 0, 0 }, { 0, 1, 0 }, { 0, 0, 1 } }
		},
		audioprops =
		{
			attenuation = -22,
			pan = 30,
			dmin = 50,
			dmax = 300,
			ain = 360,
			aout = 360,
			atout = 0,
			rmix = 0,
		},
		userprops =
		{
			category = "Audio",
			Priority = "Steps_4",
		}
	},

	{
		entity_name = "Char_Kress_fs_mr_steel04_24",
		type = SOUND,
		template_name = "fs_mr_steel04",
		lt_grp = 0, srt_grp = 0, usr_flg = 0,
		spatialprops =
		{
			pos = { 0, 0, 0 },
			orient = { { 1, 0, 0 }, { 0, 1, 0 }, { 0, 0, 1 } }
		},
		audioprops =
		{
			attenuation = -22,
			pan = 32,
			dmin = 50,
