duration = 59.694;

entities =
{

	{
		entity_name = "Layer_Scene_s052x",
		type = SCENE,
		template_name = "",
		lt_grp = 0, srt_grp = 0, usr_flg = 0,
		spatialprops =
		{
			pos = { 0, 0, 0 },
			orient = { { 1, 0, 0 }, { 0, 1, 0 }, { 0, 0, 1 } }
		},
		up = Y_AXIS,
		front = Z_AXIS,
		ambient = { 0, 0, 0 },
		userprops =
		{
			TextStart = "0.75000",
			TextString = "259618.00000",
		}
	},

	{
		entity_name = "dx_s052x_0101_Akira_1",
		type = SOUND,
		template_name = "dx_s052x_0101_Akira",
		lt_grp = 0, srt_grp = 0, usr_flg = 0,
		spatialprops =
		{
			pos = { 0, 0, 0 },
			orient = { { 1, 0, 0 }, { 0, 1, 0 }, { 0, 0, 1 } }
		},
		audioprops =
		{
			attenuation = -1,
			pan = 0,
			dmin = 50,
			dmax = 1000,
			ain = 360,
			aout = 360,
			atout = 0,
			rmix = 0,
		},
		userprops =
		{
			category = "Audio",
		}
	},

	{
		entity_name = "dx_s052x_0102_Akira_2",
		type = SOUND,
		template_name = "dx_s052x_0102_Akira",
		lt_grp = 0, srt_grp = 0, usr_flg = 0,
		spatialprops =
		{
			pos = { 0, 0, 0 },
			orient = { { 1, 0, 0 }, { 0, 1, 0 }, { 0, 0, 1 } }
		},
		audioprops =
		{
			attenuation = -1,
			pan = 0,
			dmin = 50,
			dmax = 1000,
			ain = 360,
			aout = 360,
			atout = 0,
			rmix = 0,
		},
		userprops =
		{
			category = "Audio",
		}
	},

	{
		entity_name = "dx_s052x_0103_Akira_3",
		type = SOUND,
		template_name = "dx_s052x_0103_Akira",
		lt_grp = 0, srt_grp = 0, usr_flg = 0,
		spatialprops =
		{
			pos = { 0, 0, 0 },
			orient = { { 1, 0, 0 }, { 0, 1, 0 }, { 0, 0, 1 } }
		},
		audioprops =
		{
			attenuation = -1,
			pan = 0,
			dmin = 50,
			dmax = 1000,
			ain = 360,
			aout = 360,
			atout = 0,
			rmix = 0,
		},
		userprops =
		{
			category = "Audio",
		}
	},

	{
		entity_name = "dx_s052x_0201_Trent_4",
		type = SOUND,
		template_name = "dx_s052x_0201_Trent",
		lt_grp = 0, srt_grp = 0, usr_flg = 0,
		spatialprops =
		{
			pos = { 0, 0, 0 },
			orient = { { 1, 0, 0 }, { 0, 1, 0 }, { 0, 0, 1 } }
		},
		audioprops =
		{
			attenuation = -1,
			pan = 0,
			dmin = 50,
			dmax = 1000,
			ain = 360,
			aout = 360,
			atout = 0,
			rmix = 0,
		},
		userprops =
		{
			category = "Audio",
		}
	},

	{
		entity_name = "dx_s052x_0301_Akira_5",
		type = SOUND,
		template_name = "dx_s052x_0301_Akira",
		lt_grp = 0, srt_grp = 0, usr_flg = 0,
		spatialprops =
		{
			pos = { 0, 0, 0 },
			orient = { { 1, 0, 0 }, { 0, 1, 0 }, { 0, 0, 1 } }
		},
		audioprops =
		{
			attenuation = -1,
			pan = 0,
			dmin = 50,
			dmax = 1000,
			ain = 360,
			aout = 360,
			atout = 0,
			rmix = 0,
		},
		userprops =
		{
			category = "Audio",
		}
	},

	{
		entity_name = "dx_s052x_0401_Trent_6",
		type = SOUND,
		template_name = "dx_s052x_0401_Trent",
		lt_grp = 0, srt_grp = 0, usr_flg = 0,
		spatialprops =
		{
			pos = { 0, 0, 0 },
			orient = { { 1, 0, 0 }, { 0, 1, 0 }, { 0, 0, 1 } }
		},
		audioprops =
		{
			attenuation = -1,
			pan = 0,
			dmin = 50,
			dmax = 1000,
			ain = 360,
			aout = 360,
			atout = 0,
			rmix = 0,
		},
		userprops =
		{
			category = "Audio",
		}
	},

	{
		entity_name = "dx_s052x_0501_Akira_7",
		type = SOUND,
		template_name = "dx_s052x_0501_Akira",
		lt_grp = 0, srt_grp = 0, usr_flg = 0,
		spatialprops =
		{
			pos = { 0, 0, 0 },
			orient = { { 1, 0, 0 }, { 0, 1, 0 }, { 0, 0, 1 } }
		},
		audioprops =
		{
			attenuation = -1,
			pan = 0,
			dmin = 50,
			dmax = 1000,
			ain = 360,
			aout = 360,
			atout = 0,
			rmix = 0,
		},
		userprops =
		{
			category = "Audio",
		}
	},

	{
		entity_name = "dx_s052x_0502_Akira_8",
		type = SOUND,
		template_name = "dx_s052x_0502_Akira",
		lt_grp = 0, srt_grp = 0, usr_flg = 0,
		spatialprops =
		{
			pos = { 0, 0, 0 },
			orient = { { 1, 0, 0 }, { 0, 1, 0 }, { 0, 0, 1 } }
		},
		audioprops =
		{
			attenuation = -1,
			pan = 0,
			dmin = 50,
			dmax = 1000,
			ain = 360,
			aout = 360,
			atout = 0,
			rmix = 0,
		},
		userprops =
		{
			category = "Audio",
		}
	},

	{
		entity_name = "dx_s052x_0503_Akira_9",
		type = SOUND,
		template_name = "dx_s052x_0503_Akira",
		lt_grp = 0, srt_grp = 0, usr_flg = 0,
		spatialprops =
		{
			pos = { 0, 0, 0 },
			orient = { { 1, 0, 0 }, { 0, 1, 0 }, { 0, 0, 1 } }
		},
		audioprops =
		{
			attenuation = -1,
			pan = 0,
			dmin = 50,
			dmax = 1000,
			ain = 360,
			aout = 360,
			atout = 0,
			rmix = 0,
		},
		userprops =
		{
			category = "Audio",
		}
	},

	{
		entity_name = "dx_s052x_0601_Akira_10",
		type = SOUND,
		template_name = "dx_s052x_0601_Akira",
		lt_grp = 0, srt_grp = 0, usr_flg = 0,
		spatialprops =
		{
			pos = { 0, 0, 0 },
			orient = { { 1, 0, 0 }, { 0, 1, 0 }, { 0, 0, 1 } }
		},
		audioprops =
		{
			attenuation = -1,
			pan = 0,
			dmin = 50,
			dmax = 1000,
			ain = 360,
			aout = 360,
			atout = 0,
			rmix = 0,
		},
		userprops =
		{
			category = "Audio",
		}
	},

	{
		entity_name = "dx_s052x_0602_Akira_11",
		type = SOUND,
		template_name = "dx_s052x_0602_Akira",
		lt_grp = 0, srt_grp = 0, usr_flg = 0,
		spatialprops =
		{
			pos = { 0, 0, 0 },
			orient = { { 1, 0, 0 }, { 0, 1, 0 }, { 0, 0, 1 } }
		},
		audioprops =
		{
			attenuation = -1,
			pan = 0,
			dmin = 50,
			dmax = 1000,
			ain = 360,
			aout = 360,
			atout = 0,
			rmix = 0,
		},
		userprops =
		{
			category = "Audio",
		}
	},

	{
		entity_name = "dx_s052x_0603_Akira_12",
		type = SOUND,
		template_name = "dx_s052x_0603_Akira",
		lt_grp = 0, srt_grp = 0, usr_flg = 0,
		spatialprops =
		{
			pos = { 0, 0, 0 },
			orient = { { 1, 0, 0 }, { 0, 1, 0 }, { 0, 0, 1 } }
		},
		audioprops =
		{
			attenuation = -1,
			pan = 0,
			dmin = 50,
			dmax = 1000,
			ain = 360,
			aout = 360,
			atout = 0,
			rmix = 0,
		},
		userprops =
		{
			category = "Audio",
		}
	},

	{
		entity_name = "dx_s052x_0701_Akira_13",
		type = SOUND,
		template_name = "dx_s052x_0701_Akira",
		lt_grp = 0, srt_grp = 0, usr_flg = 0,
		spatialprops =
		{
			pos = { 0, 0, 0 },
			orient = { { 1, 0, 0 }, { 0, 1, 0 }, { 0, 0, 1 } }
		},
		audioprops =
		{
			attenuation = -1,
			pan = 0,
			dmin = 50,
			dmax = 1000,
			ain = 360,
			aout = 360,
			atout = 0,
			rmix = 0,
		},
		userprops =
		{
			category = "Audio",
		}
	},

	{
		entity_name = "dx_s052x_0801_Akira_14",
		type = SOUND,
		template_name = "dx_s052x_0801_Akira",
		lt_grp = 0, srt_grp = 0, usr_flg = 0,
		spatialprops =
		{
			pos = { 0, 0, 0 },
			orient = { { 1, 0, 0 }, { 0, 1, 0 }, { 0, 0, 1 } }
		},
		audioprops =
		{
			attenuation = -1,
			pan = 0,
			dmin = 50,
			dmax = 1000,
			ain = 360,
			aout = 360,
			atout = 0,
			rmix = 0,
		},
		userprops =
		{
			category = "Audio",
		}
	},

	{
		entity_name = "dx_s052x_0802_Akira_15",
		type = SOUND,
		template_name = "dx_s052x_0802_Akira",
		lt_grp = 0, srt_grp = 0, usr_flg = 0,
		spatialprops =
		{
			pos = { 0, 0, 0 },
			orient = { { 1, 0, 0 }, { 0, 1, 0 }, { 0, 0, 1 } }
		},
		audioprops =
		{
			attenuation = -1,
			pan = 0,
			dmin = 50,
			dmax = 1000,
			ain = 360,
			aout = 360,
			atout = 0,
			rmix = 0,
		},
		userprops =
		{
			category = "Audio",
		}
	},

	{
		entity_name = "Char_akira",
		type = DEFORMABLE,
		template_name = "akiro",
		lt_grp = 1, srt_grp = 0, usr_flg = 0,
		flags = LIT_DYNAMIC,
		spatialprops =
		{
			pos = { -12.17365, 0, -12.32772 },
			orient = { { -0.836501,  0.000000,  0.547966 },
					   {  0.000000,  1.000000,  0.000000 },
					   { -0.547966,  0.000000, -0.836501 } }
		},
		compoundprops =
		{
			floor_height = 0
		},
		userprops =
		{
			actor = "akira",
			category = "Character",
		}
	},

	{
		entity_name = "Char_trent",
		type = DEFORMABLE,
		template_name = "trent",
		lt_grp = 1, srt_grp = 0, usr_flg = 0,
		flags = LIT_DYNAMIC,
		spatialprops =
		{
			pos = { -6.737695, 0, -5.970328 },
			orient = { { -0.261987,  0.000000, -0.965071 },
					   {  0.000000,  1.000000,  0.000000 },
					   {  0.965071,  0.000000, -0.261987 } }
		},
		compoundprops =
		{
			floor_height = 0
		},
		userprops =
		{
			actor = "player",
			category = "Character",
		}
	},

	{
		entity_name = "Cam_1",
		type = CAMERA,
		template_name = "",
		lt_grp = 0, srt_grp = 0, usr_flg = 0,
		flags = HIDDEN,
		spatialprops =
		{
			pos = { -11.21951, 0.790513, -3.546879 },
			orient = { {  0.691610,  0.000000,  0.722271 },
					   { -0.068836,  0.995448,  0.065914 },
					   { -0.718984, -0.095305,  0.688462 } }
		},
		cameraprops =
		{
			fovh = 30,
			hvaspect = 1.85,
			nearplane = 0.1,
			farplane = 100000
		}
	},

	{
		entity_name = "Cam_Monitor_s052x",
		type = MONITOR,
		template_name = "",
		lt_grp = 0, srt_grp = 0, usr_flg = 0,
		userprops =
		{
			Priority = "Monitor_Moving_1",
		}
	},

	{
		entity_name = "Cam_02_ACO_Akira_B_stack",
		type = CAMERA,
		template_name = "",
		lt_grp = 0, srt_grp = 0, usr_flg = 0,
		flags = HIDDEN,
		spatialprops =
		{
			pos = { -6.345658, 1.635557, -4.467999 },
			orient = { {  0.776861,  0.000000, -0.629672 },
					   { -0.028059,  0.999007, -0.034618 },
					   {  0.629047,  0.044562,  0.776089 } }
		},
		cameraprops =
		{
			fovh = 20,
			hvaspect = 1.85,
			nearplane = 0.2,
			farplane = 2000
		}
	},

	{
		entity_name = "Cam_wide_reverse",
		type = CAMERA,
		template_name = "",
		lt_grp = 0, srt_grp = 0, usr_flg = 0,
		flags = HIDDEN,
		spatialprops =
		{
			pos = { -13.85123, 4.806334, -7.332923 },
			orient = { { -0.132977,  0.000000,  0.991119 },
					   {  0.591195,  0.802619,  0.079320 },
					   { -0.795491,  0.596492, -0.106730 } }
		},
		cameraprops =
		{
			fovh = 25,
			hvaspect = 1.85,
			nearplane = 0.2,
			farplane = 1000
		}
	},

	{
		entity_name = "Cam_akira_OTS_move",
		type = CAMERA,
		template_name = "",
		lt_grp = 0, srt_grp = 0, usr_flg = 0,
		flags = HIDDEN,
		spatialprops =
		{
			pos = { -8.606793, 1.741267, -4.552263 },
			orient = { {  0.748057,  0.000000,  0.663634 },
					   {  0.079230,  0.992848, -0.089309 },
					   { -0.658888,  0.119388,  0.742707 } }
		},
		cameraprops =
		{
			fovh = 20,
			hvaspect = 1.85,
			nearplane = 0.2,
			farplane = 1000
		}
	},

	{
		entity_name = "Cam_akira_CU",
		type = CAMERA,
		template_name = "",
		lt_grp = 0, srt_grp = 0, usr_flg = 0,
		flags = HIDDEN,
		spatialprops =
		{
			pos = { -7.344748, 1.681721, -4.47472 },
			orient = { {  0.952830,  0.000000, -0.303503 },
					   { -0.017662,  0.998305, -0.055448 },
					   {  0.302989,  0.058193,  0.951216 } }
		},
		cameraprops =
		{
			fovh = 20,
			hvaspect = 1.85,
			nearplane = 0.2,
			farplane = 1000
		}
	},

	{
		entity_name = "Mrk_Akira_look",
		type = MARKER,
		template_name = "",
		lt_grp = 0, srt_grp = 0, usr_flg = 0,
		spatialprops =
		{
			pos = { -1.611962, 1.219716, -6.968658 },
			orient = { { -0.829056,  0.000000,  0.559165 },
					   {  0.000000,  1.000000,  0.000000 },
					   { -0.559165,  0.000000, -0.829056 } }
		}
	},

	{
		entity_name = "Cam_trent_CU",
		type = CAMERA,
		template_name = "",
		lt_grp = 0, srt_grp = 0, usr_flg = 0,
		flags = HIDDEN,
		spatialprops =
		{
			pos = { -8.648853, 1.520852, -5.096516 },
			orient = { {  0.555873,  0.000000,  0.831267 },
					   { -0.014553,  0.999847,  0.009732 },
					   { -0.831140, -0.017507,  0.555788 } }
		},
		cameraprops =
		{
			fovh = 20,
			hvaspect = 1.85,
			nearplane = 0.2,
			farplane = 1000
		}
	},

	{
		entity_name = "Cam_akira_CU_move",
		type = CAMERA,
		template_name = "",
		lt_grp = 0, srt_grp = 0, usr_flg = 0,
		flags = HIDDEN,
		spatialprops =
		{
			pos = { -7.362457, 1.699874, -4.242517 },
			orient = { {  0.996760,  0.000000, -0.080427 },
					   { -0.010945,  0.990696, -0.135650 },
					   {  0.079679,  0.136091,  0.987487 } }
		},
		cameraprops =
		{
			fovh = 25,
			hvaspect = 1.85,
			nearplane = 0.2,
			farplane = 1000
		}
	},

	{
		entity_name = "Cam_trent_AC2",
		type = CAMERA,
		template_name = "",
		lt_grp = 0, srt_grp = 0, usr_flg = 0,
		flags = HIDDEN,
		spatialprops =
		{
			pos = { -8.894885, 1.735472, -4.975378 },
			orient = { {  0.622243,  0.000000,  0.782824 },
					   {  0.126372,  0.986884, -0.100450 },
					   { -0.772556,  0.161431,  0.614082 } }
		},
		cameraprops =
		{
			fovh = 25,
			hvaspect = 1.85,
			nearplane = 0.2,
			farplane = 1000
		}
	},

	{
		entity_name = "Mrk_Trent",
		type = MARKER,
		template_name = "",
		lt_grp = 0, srt_grp = 0, usr_flg = 0,
		spatialprops =
		{
			pos = { -7.210125, 0.973156, -5.783062 },
			orient = { { -0.282439,  0.000000, -0.959285 },
					   {  0.000000,  1.000000,  0.000000 },
					   {  0.959285,  0.000000, -0.282439 } }
		}
	},

	{
		entity_name = "Mrk_Akira_2",
		type = MARKER,
		template_name = "",
		lt_grp = 0, srt_grp = 0, usr_flg = 0,
		spatialprops =
		{
			pos = { -8.167075, 0.973156, -6.105502 },
			orient = { { -0.828284,  0.000000,  0.560309 },
					   {  0.000000,  1.000000,  0.000000 },
					   { -0.560309,  0.000000, -0.828284 } }
		}
	},

	{
		entity_name = "Cam_01_AC2_Akira_B",
		type = CAMERA,
		template_name = "",
		lt_grp = 0, srt_grp = 0, usr_flg = 0,
		flags = HIDDEN,
		spatialprops =
		{
			pos = { -6.625463, 1.630931, -4.538531 },
			orient = { {  0.798968,  0.000000, -0.601374 },
					   { -0.013817,  0.999736, -0.018357 },
					   {  0.601215,  0.022976,  0.798757 } }
		},
		cameraprops =
		{
			fovh = 15,
			hvaspect = 1.85,
			nearplane = 0.3,
			farplane = 2000
		}
	},

	{
		entity_name = "Cam_trent_CU_move",
		type = CAMERA,
		template_name = "",
		lt_grp = 0, srt_grp = 0, usr_flg = 0,
		flags = HIDDEN,
		spatialprops =
		{
			pos = { -8.615176, 1.678275, -5.042828 },
			orient = { {  0.605587,  0.000000,  0.795779 },
					   {  0.034723,  0.999048, -0.026424 },
					   { -0.795021,  0.043634,  0.605010 } }
		},
		cameraprops =
		{
			fovh = 20,
			hvaspect = 1.85,
			nearplane = 0.2,
			farplane = 1000
		}
	},

	{
		entity_name = "Cam_akira_AC2_move",
		type = CAMERA,
		template_name = "",
		lt_grp = 0, srt_grp = 0, usr_flg = 0,
		flags = HIDDEN,
		spatialprops =
		{
			pos = { -7.961063, 1.794122, -4.337361 },
			orient = { {  0.983180,  0.000000,  0.182638 },
					   {  0.036074,  0.980300, -0.194194 },
					   { -0.179040,  0.197516,  0.963811 } }
		},
		cameraprops =
		{
			fovh = 25,
			hvaspect = 1.85,
			nearplane = 0.2,
			farplane = 1000
		}
	},

	{
		entity_name = "Mrk_trent_look",
		type = MARKER,
		template_name = "",
		lt_grp = 0, srt_grp = 0, usr_flg = 0,
		spatialprops =
		{
			pos = { -7.429584, 1.420175, -4.700507 },
			orient = { { -0.282439,  0.000000, -0.959285 },
					   {  0.000000,  1.000000,  0.000000 },
					   {  0.959285,  0.000000, -0.282439 } }
		}
	},

	{
		entity_name = "Mrk_akira_look_2",
		type = MARKER,
		template_name = "",
		lt_grp = 0, srt_grp = 0, usr_flg = 0,
		spatialprops =
		{
			pos = { -8.270309, 0.973156, -5.408965 },
			orient = { { -0.833641,  0.000000,  0.552307 },
					   {  0.000000,  1.000000,  0.000000 },
					   { -0.552307,  0.000000, -0.833641 } }
		}
	},

	{
		entity_name = "Cam_Cowboy2",
		type = CAMERA,
		template_name = "",
		lt_grp = 0, srt_grp = 0, usr_flg = 0,
		flags = HIDDEN,
		spatialprops =
		{
			pos = { -9.332037, 2.156002, -2.111804 },
			orient = { {  0.932335,  0.000000,  0.361595 },
					   {  0.098181,  0.962432, -0.253149 },
					   { -0.348011,  0.271522,  0.897310 } }
		},
		cameraprops =
		{
			fovh = 25,
			hvaspect = 1.85,
			nearplane = 0.1,
			farplane = 100000
		}
	},

	{
		entity_name = "Cam_02_ACO_Akira_A",
		type = CAMERA,
		template_name = "",
		lt_grp = 0, srt_grp = 0, usr_flg = 0,
		flags = HIDDEN,
		spatialprops =
		{
			pos = { -6.836408, 1.721207, -5.005926 },
			orient = { {  0.751676,  0.000000, -0.659533 },
					   { -0.068935,  0.994523, -0.078566 },
					   {  0.655920,  0.104521,  0.747559 } }
		},
		cameraprops =
		{
			fovh = 20,
			hvaspect = 1.85,
			nearplane = 0.2,
			farplane = 2000
		}
	},

	{
		entity_name = "Mrk_trent_look2",
		type = MARKER,
		template_name = "",
		lt_grp = 0, srt_grp = 0, usr_flg = 0,
		spatialprops =
		{
			pos = { -8.149654, 1.208977, -5.158345 },
			orient = { { -0.282439,  0.000000, -0.959285 },
					   {  0.000000,  1.000000,  0.000000 },
					   {  0.959285,  0.000000, -0.282439 } }
		}
	},

	{
		entity_name = "Mrk_akira_look_3",
		type = MARKER,
		template_name = "",
		lt_grp = 0, srt_grp = 0, usr_flg = 0,
		spatialprops =
		{
			pos = { -7.446344, 1.546325, -5.573524 },
			orient = { { -0.833641,  0.000000,  0.552307 },
					   {  0.000000,  1.000000,  0.000000 },
					   { -0.552307,  0.000000, -0.833641 } }
		}
	},

	{
		entity_name = "Camera_1_copy_1",
		type = CAMERA,
		template_name = "",
		lt_grp = 0, srt_grp = 0, usr_flg = 0,
		flags = HIDDEN,
		spatialprops =
		{
			pos = { -13.28808, 2.499034, 28.68265 },
			orient = { {  0.923916,  0.000000,  0.382596 },
					   {  0.001349,  0.999994, -0.003257 },
					   { -0.382594,  0.003525,  0.923910 } }
		},
		cameraprops =
		{
			fovh = 20,
			hvaspect = 1.85,
			nearplane = 0.1,
			farplane = 100000
		}
	},

	{
		entity_name = "Mrk_move",
		type = MARKER,
		template_name = "",
		lt_grp = 0, srt_grp = 0, usr_flg = 0,
		spatialprops =
		{
			pos = { -8.907777, 1.1861, -4.669315 },
			orient = { { -0.282439,  0.000000, -0.959285 },
					   {  0.000000,  1.000000,  0.000000 },
					   {  0.959285,  0.000000, -0.282439 } }
		}
	},

	{
		entity_name = "Mrk_trent_look3",
		type = MARKER,
		template_name = "",
		lt_grp = 0, srt_grp = 0, usr_flg = 0,
		spatialprops =
		{
			pos = { -8.104085, 1.208977, -5.171761 },
			orient = { { -0.282439,  0.000000, -0.959285 },
					   {  0.000000,  1.000000,  0.000000 },
					   {  0.959285,  0.000000, -0.282439 } }
		}
	},

	{
		entity_name = "Mrk_trent_look4",
		type = MARKER,
		template_name = "",
		lt_grp = 0, srt_grp = 0, usr_flg = 0,
		spatialprops =
		{
			pos = { -8.102891, 1.118527, -4.906303 },
			orient = { { -0.282439,  0.000000, -0.959285 },
					   {  0.000000,  1.000000,  0.000000 },
					   {  0.959285,  0.000000, -0.282439 } }
		}
	},

	{
		entity_name = "Mrk_Akira",
		type = MARKER,
		template_name = "",
		lt_grp = 0, srt_grp = 0, usr_flg = 0,
		spatialprops =
		{
			pos = { -9.134543, 0.973156, -7.584461 },
			orient = { { -0.836501,  0.000000,  0.547966 },
					   {  0.000000,  1.000000,  0.000000 },
					   { -0.547966,  0.000000, -0.836501 } }
		}
	},

	{
		entity_name = "Cam_02_ACO_Akira_C_stack_angle",
		type = CAMERA,
		template_name = "",
		lt_grp = 0, srt_grp = 0, usr_flg = 0,
		flags = HIDDEN,
		spatialprops =
		{
			pos = { -6.751441, 1.70963, -4.945449 },
			orient = { {  0.868169,  0.000000, -0.496268 },
					   { -0.034956,  0.997516, -0.061152 },
					   {  0.495036,  0.070438,  0.866013 } }
		},
		cameraprops =
		{
			fovh = 20,
			hvaspect = 1.85,
			nearplane = 0.2,
			farplane = 2000
		}
	},

	{
		entity_name = "Mrk_akira_3",
		type = MARKER,
		template_name = "",
		lt_grp = 0, srt_grp = 0, usr_flg = 0,
		spatialprops =
		{
			pos = { -8.234822, 0.972939, -6.179182 },
			orient = { { -0.326079,  0.000000,  0.945342 },
					   {  0.000000,  1.000000,  0.000000 },
					   { -0.945342,  0.000000, -0.326079 } }
		}
	},

	{
		entity_name = "Mrk_akira_4",
		type = MARKER,
		template_name = "",
		lt_grp = 0, srt_grp = 0, usr_flg = 0,
		spatialprops =
		{
			pos = { -7.774582, 0.97294, -6.012207 },
			orient = { { -0.312780,  0.000000,  0.949826 },
					   {  0.000000,  1.000000,  0.000000 },
					   { -0.949826,  0.000000, -0.312780 } }
		}
	},

	{
		entity_name = "Cam_akira_OTS_move_in",
		type = CAMERA,
		template_name = "",
		lt_grp = 0, srt_grp = 0, usr_flg = 0,
		flags = HIDDEN,
		spatialprops =
		{
			pos = { -8.357234, 1.732392, -4.832571 },
			orient = { {  0.733295,  0.000000,  0.679910 },
					   {  0.063465,  0.995634, -0.068448 },
					   { -0.676942,  0.093343,  0.730094 } }
		},
		cameraprops =
		{
			fovh = 20,
			hvaspect = 1.85,
			nearplane = 0.2,
			farplane = 1000
		}
	},

	{
		entity_name = "Mrk_akira_look_4",
		type = MARKER,
		template_name = "",
		lt_grp = 0, srt_grp = 0, usr_flg = 0,
		spatialprops =
		{
			pos = { -7.609591, 1.546325, -5.145394 },
			orient = { { -0.833641,  0.000000,  0.552307 },
					   {  0.000000,  1.000000,  0.000000 },
					   { -0.552307,  0.000000, -0.833641 } }
		}
	},

	{
		entity_name = "Mrk_trent_look5",
		type = MARKER,
		template_name = "",
		lt_grp = 0, srt_grp = 0, usr_flg = 0,
		spatialprops =
		{
			pos = { -7.8346, 1.505502, -5.731768 },
			orient = { { -0.242250,  0.000000,  0.970214 },
					   {  0.000000,  1.000000,  0.000000 },
					   { -0.970214,  0.000000, -0.242250 } }
		}
	},

	{
		entity_name = "Cam_trent_CU_push",
		type = CAMERA,
		template_name = "",
		lt_grp = 0, srt_grp = 0, usr_flg = 0,
		flags = HIDDEN,
		spatialprops =
		{
			pos = { -8.077655, 1.757282, -5.560709 },
			orient = { {  0.267851,  0.000000,  0.963460 },
					   {  0.139745,  0.989425, -0.038851 },
					   { -0.953272,  0.145045,  0.265019 } }
		},
		cameraprops =
		{
			fovh = 25,
			hvaspect = 1.85,
			nearplane = 0.2,
			farplane = 1500
		}
	},

	{
		entity_name = "Cam_wide",
		type = CAMERA,
		template_name = "",
		lt_grp = 0, srt_grp = 0, usr_flg = 0,
		flags = HIDDEN,
		spatialprops =
		{
			pos = { -12.61777, 6.363214, 1.162791 },
			orient = { {  0.901360,  0.000000,  0.433070 },
					   {  0.215066,  0.867975, -0.447623 },
					   { -0.375894,  0.496609,  0.782358 } }
		},
		cameraprops =
		{
			fovh = 20,
			hvaspect = 1.85,
			nearplane = 0.1,
			farplane = 1000000
		}
	},

	{
		entity_name = "Cam_trent_OTS",
		type = CAMERA,
		template_name = "",
		lt_grp = 0, srt_grp = 0, usr_flg = 0,
		flags = HIDDEN,
		spatialprops =
		{
			pos = { -8.781924, 1.550159, -5.744359 },
			orient = { {  0.268782,  0.000000,  0.963201 },
					   {  0.019911,  0.999786, -0.005556 },
					   { -0.962995,  0.020672,  0.268725 } }
		},
		cameraprops =
		{
			fovh = 25,
			hvaspect = 1.85,
			nearplane = 0.1,
			farplane = 1000000
		}
	},

	{
		entity_name = "Cam_akira_OTS_stack_tight",
		type = CAMERA,
		template_name = "",
		lt_grp = 0, srt_grp = 0, usr_flg = 0,
		flags = HIDDEN,
		spatialprops =
		{
			pos = { -7.019816, 1.723095, -4.518647 },
			orient = { {  0.934111,  0.000000, -0.356982 },
					   { -0.055749,  0.987731, -0.145877 },
					   {  0.352602,  0.156167,  0.922650 } }
		},
		cameraprops =
		{
			fovh = 25,
			hvaspect = 1.85,
			nearplane = 0.1,
			farplane = 1000000
		}
	},

	{
		entity_name = "Cam_01_AC2_Akira_A_Move_up",
		type = CAMERA,
		template_name = "",
		lt_grp = 0, srt_grp = 0, usr_flg = 0,
		flags = HIDDEN,
		spatialprops =
		{
			pos = { -7.502863, 0.407314, -3.988247 },
			orient = { {  0.986662,  0.000000, -0.162781 },
					   { -0.036198,  0.974961, -0.219409 },
					   {  0.158705,  0.222375,  0.961957 } }
		},
		cameraprops =
		{
			fovh = 25,
			hvaspect = 1.85,
			nearplane = 0.2,
			farplane = 2000
		}
	},

	{
		entity_name = "Cam_03_PCO_A",
		type = CAMERA,
		template_name = "",
		lt_grp = 0, srt_grp = 0, usr_flg = 0,
		flags = HIDDEN,
		spatialprops =
		{
			pos = { -8.660011, 1.614926, -4.857973 },
			orient = { {  0.691624,  0.000000,  0.722257 },
					   {  0.037023,  0.998685, -0.035453 },
					   { -0.721308,  0.051260,  0.690715 } }
		},
		cameraprops =
		{
			fovh = 25,
			hvaspect = 1.85,
			nearplane = 0.2,
			farplane = 2000
		}
	},

	{
		entity_name = "Mrk_trent_look6",
		type = MARKER,
		template_name = "",
		lt_grp = 0, srt_grp = 0, usr_flg = 0,
		spatialprops =
		{
			pos = { -7.840364, 1.705955, -5.708683 },
			orient = { { -0.242250,  0.000000,  0.970214 },
					   {  0.000000,  1.000000,  0.000000 },
					   { -0.970214,  0.000000, -0.242250 } }
		}
	},

	{
		entity_name = "Cam_01_Path",
		type = MOTION_PATH,
		template_name = "",
		lt_grp = 0, srt_grp = 0, usr_flg = 0,
		spatialprops =
		{
			pos = { -0.282884, -0.595579, -0.07847 },
			orient = { {  1.000000,  0.000000,  0.000000 },
					   {  0.000000,  0.991805,  0.127762 },
					   {  0.000000, -0.127762,  0.991805 } }
		},
		pathprops =
		{
			path_type = "CV_CROrientationSplinePath",
			path_data = "OPEN,{-7.401602,1.807488,-4.300813}, {0.991841,-0.102954,0.074781,0.007762}, {-8.048986,1.797415,-4.398376}, {0.989344,-0.097833,-0.107586,-0.007242}, {-8.655707,1.786636,-4.621303}, {0.945675,-0.088433,-0.311888,-0.024586}, {-8.935682,1.779656,-5.139446}, {0.871052,-0.078318,-0.483205,-0.040594}, {-8.728018,1.774667,-5.696785}, {0.792079,-0.068859,-0.604243,-0.052529}, "
		}
	},

	{
		entity_name = "Mrk_trent_stop",
		type = MARKER,
		template_name = "",
		lt_grp = 0, srt_grp = 0, usr_flg = 0,
		spatialprops =
		{
			pos = { -7.231448, 0.972884, -5.788794 },
			orient = { { -0.284825,  0.000000, -0.958580 },
					   {  0.000000,  1.000000,  0.000000 },
					   {  0.958580,  0.000000, -0.284825 } }
		}
	},

	{
		entity_name = "Mrk_akira_stop",
		type = MARKER,
		template_name = "",
		lt_grp = 0, srt_grp = 0, usr_flg = 0,
		spatialprops =
		{
			pos = { 0, 0, 0 },
			orient = { { 1, 0, 0 }, { 0, 1, 0 }, { 0, 0, 1 } }
		}
	},

	{
		entity_name = "Cam_akira_OTS_half_trent",
		type = CAMERA,
		template_name = "",
		lt_grp = 0, srt_grp = 0, usr_flg = 0,
		flags = HIDDEN,
		spatialprops =
		{
			pos = { -6.858654, 1.758208, -4.33905 },
			orient = { {  0.894902,  0.000000, -0.446264 },
					   { -0.068349,  0.988202, -0.137061 },
					   {  0.440999,  0.153157,  0.884343 } }
		},
		cameraprops =
		{
			fovh = 20,
			hvaspect = 1.85,
			nearplane = 0.2,
			farplane = 1000
		}
	},

	{
		entity_name = "Cam_trent_OTS_2_move",
		type = CAMERA,
		template_name = "",
		lt_grp = 0, srt_grp = 0, usr_flg = 0,
		flags = HIDDEN,
		spatialprops =
		{
			pos = { -8.47542, 1.81013, -5.612244 },
			orient = { {  0.259949,  0.000000,  0.965622 },
					   {  0.174269,  0.983580, -0.046914 },
					   { -0.949767,  0.180473,  0.255680 } }
		},
		cameraprops =
		{
			fovh = 25,
			hvaspect = 1.85,
			nearplane = 0.1,
			farplane = 1000000
		}
	},

	{
		entity_name = "Cam_03_PCO_B",
		type = CAMERA,
		template_name = "",
		lt_grp = 0, srt_grp = 0, usr_flg = 0,
		flags = HIDDEN,
		spatialprops =
		{
			pos = { -8.297174, 1.615602, -5.256339 },
			orient = { {  0.498084,  0.000000,  0.867129 },
					   {  0.031874,  0.999324, -0.018308 },
					   { -0.866543,  0.036758,  0.497747 } }
		},
		cameraprops =
		{
			fovh = 25,
			hvaspect = 1.85,
			nearplane = 0.1,
			farplane = 1000000
		}
	},

	{
		entity_name = "Mrk_trent_look_up",
		type = MARKER,
		template_name = "",
		lt_grp = 0, srt_grp = 0, usr_flg = 0,
		spatialprops =
		{
			pos = { -7.144685, 1.740101, -5.118207 },
			orient = { { -0.833641,  0.000000,  0.552307 },
					   {  0.000000,  1.000000,  0.000000 },
					   { -0.552307,  0.000000, -0.833641 } }
		}
	},

	{
		entity_name = "Mrk_trent_look_up_2",
		type = MARKER,
		template_name = "",
		lt_grp = 0, srt_grp = 0, usr_flg = 0,
		spatialprops =
		{
			pos = { -7.144685, 1.740101, -5.118207 },
			orient = { { -0.833641,  0.000000,  0.552307 },
					   {  0.000000,  1.000000,  0.000000 },
					   { -0.552307,  0.000000, -0.833641 } }
		}
	},

	{
		entity_name = "Mrk_trent_look_up_3",
		type = MARKER,
		template_name = "",
		lt_grp = 0, srt_grp = 0, usr_flg = 0,
		spatialprops =
		{
			pos = { -6.752362, 1.793798, -5.191388 },
			orient = { { -0.833641,  0.000000,  0.552307 },
					   {  0.000000,  1.000000,  0.000000 },
					   { -0.552307,  0.000000, -0.833641 } }
		}
	},

	{
		entity_name = "Char_Akira_fs_ml_steel01_1",
		type = SOUND,
		template_name = "fs_ml_steel01",
		lt_grp = 0, srt_grp = 0, usr_flg = 0,
		spatialprops =
		{
			pos = { 0, 0, 0 },
			orient = { { 1, 0, 0 }, { 0, 1, 0 }, { 0, 0, 1 } }
		},
		audioprops =
		{
			attenuation = -30,
			pan = -35,
			dmin = 50,
			dmax = 300,
			ain = 360,
			aout = 360,
			atout = 0,
			rmix = 0,
		},
		userprops =
		{
			category = "Audio",
			Priority = "Steps_4",
		}
	},

	{
		entity_name = "Char_Akira_fs_mr_steel04_2",
		type = SOUND,
		template_name = "fs_mr_steel04",
		lt_grp = 0, srt_grp = 0, usr_flg = 0,
		spatialprops =
		{
			pos = { 0, 0, 0 },
			orient = { { 1, 0, 0 }, { 0, 1, 0 }, { 0, 0, 1 } }
		},
		audioprops =
		{
			attenuation = -29,
			pan = -35,
			dmin = 50,
			dmax = 300,
			ain = 360,
			aout = 360,
			atout = 0,
			rmix = 0,
		},
		userprops =
		{
			category = "Audio",
			Priority = "Steps_4",
		}
	},

	{
		entity_name = "Char_Akira_fs_ml_steel02_3",
		type = SOUND,
		template_name = "fs_ml_steel02",
		lt_grp = 0, srt_grp = 0, usr_flg = 0,
		spatialprops =
		{
			pos = { 0, 0, 0 },
			orient = { { 1, 0, 0 }, { 0, 1, 0 }, { 0, 0, 1 } }
		},
		audioprops =
		{
			attenuation = -28,
			pan = -33,
			dmin = 50,
			dmax = 300,
			ain = 360,
			aout = 360,
			atout = 0,
			rmix = 0,
		},
		userprops =
		{
			category = "Audio",
			Priority = "Steps_4",
		}
	},

	{
		entity_name = "Char_Akira_fs_mr_steel03_4",
		type = SOUND,
		template_name = "fs_mr_steel03",
		lt_grp = 0, srt_grp = 0, usr_flg = 0,
		spatialprops =
		{
			pos = { 0, 0, 0 },
			orient = { { 1, 0, 0 }, { 0, 1, 0 }, { 0, 0, 1 } }
		},
		audioprops =
		{
			attenuation = -28,
			pan = -33,
			dmin = 50,
			dmax = 300,
			ain = 360,
			aout = 360,
			atout = 0,
			rmix = 0,
		},
		userprops =
		{
			category = "Audio",
			Priority = "Steps_4",
		}
	},

	{
		entity_name = "Char_Akira_fs_ml_steel03_5",
		type = SOUND,
		template_name = "fs_ml_steel03",
		lt_grp = 0, srt_grp = 0, usr_flg = 0,
		spatialprops =
		{
			pos = { 0, 0, 0 },
			orient = { { 1, 0, 0 }, { 0, 1, 0 }, { 0, 0, 1 } }
		},
		audioprops =
		{
			attenuation = -27,
			pan = -32,
			dmin = 50,
			dmax = 300,
			ain = 360,
			aout = 360,
			atout = 0,
			rmix = 0,
		},
		userprops =
		{
			category = "Audio",
			Priority = "Steps_4",
		}
	},

	{
		entity_name = "Char_Akira_fs_mr_steel02_6",
		type = SOUND,
		template_name = "fs_mr_steel02",
		lt_grp = 0, srt_grp = 0, usr_flg = 0,
		spatialprops =
		{
			pos = { 0, 0, 0 },
			orient = { { 1, 0, 0 }, { 0, 1, 0 }, { 0, 0, 1 } }
		},
		audioprops =
		{
			attenuation = -26,
			pan = -35,
			dmin = 50,
			dmax = 300,
			ain = 360,
			aout = 360,
			atout = 0,
			rmix = 0,
		},
		userprops =
		{
			category = "Audio",
			Priority = "Steps_4",
		}
	},

	{
		entity_name = "Char_Akira_fs_ml_steel04_7",
		type = SOUND,
		template_name = "fs_ml_steel04",
		lt_grp = 0, srt_grp = 0, usr_flg = 0,
		spatialprops =
		{
			pos = { 0, 0, 0 },
			orient = { { 1, 0, 0 }, { 0, 1, 0 }, { 0, 0, 1 } }
		},
		audioprops =
		{
			attenuation = -25,
			pan = -32,
			dmin = 50,
			dmax = 300,
			ain = 360,
			aout = 360,
			atout = 0,
			rmix = 0,
		},
		userprops =
		{
			category = "Audio",
			Priority = "Steps_4",
		}
	},

	{
		entity_name = "Char_Akira_fs_mr_steel01_8",
		type = SOUND,
		template_name = "fs_mr_steel01",
		lt_grp = 0, srt_grp = 0, usr_flg = 0,
		spatialprops =
		{
			pos = { 0, 0, 0 },
			orient = { { 1, 0, 0 }, { 0, 1, 0 }, { 0, 0, 1 } }
		},
		audioprops =
		{
			attenuation = -24,
			pan = -32,
			dmin = 50,
			dmax = 300,
			ain = 360,
			aout = 360,
			atout = 0,
			rmix = 0,
		},
		userprops =
		{
			category = "Audio",
			Priority = "Steps_4",
		}
	},

	{
		entity_name = "Char_Akira_sfx_fstop_steel_male02_9",
		type = SOUND,
		template_name = "sfx_fstop_steel_male02",
		lt_grp = 0, srt_grp = 0, usr_flg = 0,
		spatialprops =
		{
			pos = { 0, 0, 0 },
			orient = { { 1, 0, 0 }, { 0, 1, 0 }, { 0, 0, 1 } }
		},
		audioprops =
		{
			attenuation = -20,
			pan = -28,
			dmin = 50,
			dmax = 300,
			ain = 360,
			aout = 360,
			atout = 0,
			rmix = 0,
		},
		userprops =
		{
			category = "Audio",
			Priority = "Steps_4",
		}
	},

	{
		entity_name = "Char_Trent_fs_ml_steel04_10",
		type = SOUND,
		template_name = "fs_ml_steel04",
		lt_grp = 0, srt_grp = 0, usr_flg = 0,
		spatialprops =
		{
			pos = { 0, 0, 0 },
			orient = { { 1, 0, 0 }, { 0, 1, 0 }, { 0, 0, 1 } }
		},
		audioprops =
		{
			attenuation = -18,
			pan = 33,
			dmin = 50,
			dmax = 300,
			ain = 360,
			aout = 360,
			atout = 0,
			rmix = 0,
		},
		userprops =
		{
			category = "Audio",
			Priority = "Steps_4",
		}
	},

	{
		entity_name = "Char_Trent_sfx_fstop_steel_male01_11",
		type = SOUND,
		template_name = "sfx_fstop_steel_male01",
		lt_grp = 0, srt_grp = 0, usr_flg = 0,
		spatialprops =
		{
			pos = { 0, 0, 0 },
			orient = { { 1, 0, 0 }, { 0, 1, 0 }, { 0, 0, 1 } }
		},
		audioprops =
		{
			attenuation = -20,
			pan = 30,
			dmin = 50,
			dmax = 300,
			ain = 360,
			aout = 360,
			atout = 0,
			rmix = 0,
		},
		userprops =
		{
			category = "Audio",
			Priority = "Steps_4",
		}
	},

	{
		entity_name = "Char_Trent_sfx_fturn_male04_12",
		type = SOUND,
		template_name = "sfx_fturn_male04",
		lt_grp = 0, srt_grp = 0, usr_flg = 0,
		spatialprops =
		{
			pos = { 0, 0, 0 },
			orient = { { 1, 0, 0 }, { 0, 1, 0 }, { 0, 0, 1 } }
		},
		audioprops =
		{
			attenuation = -15,
			pan = 23,
			dmin = 50,
			dmax = 300,
			ain = 360,
			aout = 360,
			atout = 0,
			rmix = 0,
		},
		userprops =
		{
			category = "Audio",
			Priority = "Steps_4",
		}
	},

	{
		entity_name = "Char_Trent_fs_ml_steel03_13",
		type = SOUND,
		template_name = "fs_ml_steel03",
		lt_grp = 0, srt_grp = 0, usr_flg = 0,
		spatialprops =
		{
			pos = { 0, 0, 0 },
			orient = { { 1, 0, 0 }, { 0, 1, 0 }, { 0, 0, 1 } }
		},
		audioprops =
		{
			attenuation = -23,
			pan = 33,
			dmin = 50,
			dmax = 300,
			ain = 360,
			aout = 360,
			atout = 0,
			rmix = 0,
		},
		userprops =
		{
			category = "Audio",
			Priority = "Steps_4",
		}
	},

	{
		entity_name = "Char_Trent_sfx_fstop_steel_male02_14",
		type = SOUND,
		template_name = "sfx_fstop_steel_male02",
		lt_grp = 0, srt_grp = 0, usr_flg = 0,
		spatialprops =
		{
			pos = { 0, 0, 0 },
			orient = { { 1, 0, 0 }, { 0, 1, 0 }, { 0, 0, 1 } }
		},
		audioprops =
		{
			attenuation = -22,
			pan = 12,
			dmin = 50,
			dmax = 300,
			ain = 360,
			aout = 360,
			atout = 0,
			rmix = 0,
		},
		userprops =
		{
			category = "Audio",
			Priority = "Steps_4",
		}
	},

	{
		entity_name = "Char_Akira_sfx_fturn_male02_15",
		type = SOUND,
		template_name = "sfx_fturn_male02",
		lt_grp = 0, srt_grp = 0, usr_flg = 0,
		spatialprops =
		{
			pos = { 0, 0, 0 },
			orient = { { 1, 0, 0 }, { 0, 1, 0 }, { 0, 0, 1 } }
		},
		audioprops =
		{
			attenuation = -15,
			pan = -20,
			dmin = 50,
			dmax = 300,
			ain = 360,
			aout = 360,
			atout = 0,
			rmix = 0,
		},
		userprops =
		{
			category = "Audio",
			Priority = "Steps_4",
		}
	},

	{
		entity_name = "Char_Akira_sfx_fstop_steel_male01_16",
		type = SOUND,
		template_name = "sfx_fstop_steel_male01",
		lt_grp = 0, srt_grp = 0, usr_flg = 0,
		spatialprops =
		{
			pos = { 0, 0, 0 },
			orient = { { 1, 0, 0 }, { 0, 1, 0 }, { 0, 0, 1 } }
		},
		audioprops =
		{
			attenuation = -22,
			pan = -20,
			dmin = 50,
			dmax = 300,
			ain = 360,
			aout = 360,
			atout = 0,
			rmix = 0,
		},
		userprops =
		{
			category = "Audio",
			Priority = "Steps_4",
		}
	},

	{
		entity_name = "Char_Trent_sfx_fturn_male03_17",
		type = SOUND,
		template_name = "sfx_fturn_male03",
		lt_grp = 0, srt_grp = 0, usr_flg = 0,
		spatialprops =
		{
			pos = { 0, 0, 0 },
			orient = { { 1, 0, 0 }, { 0, 1, 0 }, { 0, 0, 1 } }
		},
		audioprops =
		{
			attenuation = -12,
			pan = 25,
			dmin = 50,
			dmax = 300,
			ain = 360,
			aout = 360,
			atout = 0,
			rmix = 0,
		},
		userprops =
		{
			category = "Audio",
			Priority = "Steps_4",
		}
	},

	{
		entity_name = "Char_Trent_fs_mr_steel01_18",
		type = SOUND,
		template_name = "fs_mr_steel01",
		lt_grp = 0, srt_grp = 0, usr_flg = 0,
		spatialprops =
		{
			pos = { 0, 0, 0 },
			orient = { { 1, 0, 0 }, { 0, 1, 0 }, { 0, 0, 1 } }
		},
		audioprops =
		{
			attenuation = -20,
			pan = 0,
			dmin = 50,
			dmax = 300,
			ain = 360,
			aout = 360,
			atout = 0,
			rmix = 0,
		},
		userprops =
		{
			category = "Audio",
			Priority = "Steps_4",
		}
	},

	{
		entity_name = "Char_Trent_fs_ml_steel02_19",
		type = SOUND,
		template_name = "fs_ml_steel02",
		lt_grp = 0, srt_grp = 0, usr_flg = 0,
		spatialprops =
		{
			pos = { 0, 0, 0 },
			orient = { { 1, 0, 0 }, { 0, 1, 0 }, { 0, 0, 1 } }
		},
		audioprops =
		{
			attenuation = -23,
			pan = 42,
			dmin = 50,
			dmax = 300,
			ain = 360,
			aout = 360,
			atout = 0,
			rmix = 0,
		},
		userprops =
		{
			category = "Audio",
			Priority = "Steps_4",
		}
	},

	{
		entity_name = "Char_Akira_sfx_fturn_male01_20",
		type = SOUND,
		template_name = "sfx_fturn_male01",
		lt_grp = 0, srt_grp = 0, usr_flg = 0,
		spatialprops =
		{
			pos = { 0, 0, 0 },
			orient = { { 1, 0, 0 }, { 0, 1, 0 }, { 0, 0, 1 } }
		},
		audioprops =
		{
			attenuation = -14,
			pan = -15,
			dmin = 50,
			dmax = 300,
			ain = 360,
			aout = 360,
			atout = 0,
			rmix = 0,
		},
		userprops =
		{
			category = "Audio",
			Priority = "Steps_4",
		}
	},

	{
		entity_name = "Char_Akira_sfx_fturn_male04_21",
		type = SOUND,
		template_name = "sfx_fturn_male04",
		lt_grp = 0, srt_grp = 0, usr_flg = 0,
		spatialprops =
		{
			pos = { 0, 0, 0 },
			orient = { { 1, 0, 0 }, { 0, 1, 0 }, { 0, 0, 1 } }
		},
		audioprops =
		{
			attenuation = -12,
			pan = -17,
			dmin = 50,
			dmax = 300,
			ain = 360,
			aout = 360,
			atout = 0,
			rmix = 0,
		},
		userprops =
		{
			category = "Audio",
			Priority = "Steps_4",
		}
	},

	{
		entity_name = "sfx_ambience_deck_space_smaller_22",
		type = SOUND,
		template_name = "ambience_deck_space_smaller",
		lt_grp = 0, srt_grp = 0, usr_flg = 0,
		spatialprops =
		{
			pos = { 0, 0, 0 },
			orient = { { 1, 0, 0 }, { 0, 1, 0 }, { 0, 0, 1 } }
		},
		audioprops =
		{
			attenuation = -10,
			pan = 0,
			dmin = 50,
			dmax = 300,
			ain = 360,
			aout = 360,
			atout = 0,
			rmix = 0,
		},
		userprops =
		{
			category = "Audio",
			Priority = "Story_Sound_1",
		}
	},

	{
		entity_name = "sfx_ambience_cityscape_light_23",
		type = SOUND,
		template_name = "ambience_cityscape_light",
		lt_grp = 0, srt_grp = 0, usr_flg = 0,
		spatialprops =
		{
			pos = { 0, 0, 0 },
			orient = { { 1, 0, 0 }, { 0, 1, 0 }, { 0, 0, 1 } }
		},
		audioprops =
		{
			attenuation = -12,
			pan = 0,
			dmin = 50,
			dmax = 300,
			ain = 360,
			aout = 360,
			atout = 0,
			rmix = 0,
		},
		userprops =
		{
			category = "Audio",
			Priority = "Story_Sound_1",
		}
	},

	{
		entity_name = "Cam_Monitor_s052x_static",
		type = MONITOR,
		template_name = "",
		lt_grp = 0, srt_grp = 0, usr_flg = 0,
		userprops =
		{
			Priority = "Monitor_Static_1",
		}
	},

	{
		entity_name = "Cam_01_AC2_Akira_C_static_mon",
		type = CAMERA,
		template_name = "",
		lt_grp = 0, srt_grp = 0, usr_flg = 0,
		flags = HIDDEN,
		spatialprops =
		{
			pos = { -8.728018, 1.774667, -5.696785 },
			orient = { {  0.264261,  0.000001,  0.964451 },
					   {  0.166429,  0.984998, -0.045603 },
					   { -0.949983,  0.172564,  0.260297 } }
		},
		cameraprops =
		{
			fovh = 25,
			hvaspect = 1.85,
			nearplane = 0.2,
			farplane = 2000
		}
	},

	{
		entity_name = "Cam_02_ACO_Akira_A_static_mon",
		type = CAMERA,
		template_name = "",
		lt_grp = 0, srt_grp = 0, usr_flg = 0,
		flags = HIDDEN,
		spatialprops =
		{
			pos = { -6.836408, 1.721207, -5.005926 },
			orient = { {  0.751676,  0.000000, -0.659533 },
					   { -0.068935,  0.994523, -0.078566 },
					   {  0.655920,  0.104521,  0.747559 } }
		},
		cameraprops =
		{
			fovh = 20,
			hvaspect = 1.85,
			nearplane = 0.2,
			farplane = 2000
		}
	},

	{
		entity_name = "Cam_02_ACO_Akira_B_static_mon",
		type = CAMERA,
		template_name = "",
		lt_grp = 0, srt_grp = 0, usr_flg = 0,
		flags = HIDDEN,
		spatialprops =
		{
			pos = { -6.132589, 1.665483, -4.205127 },
			orient = { {  0.776861,  0.000000, -0.629673 },
					   { -0.055471,  0.996112, -0.068438 },
					   {  0.627224,  0.088095,  0.773840 } }
		},
		cameraprops =
		{
			fovh = 20,
			hvaspect = 1.85,
			nearplane = 0.2,
			farplane = 2000
		}
	},

	{
		entity_name = "Cam_03_PCO_A_static_mon",
		type = CAMERA,
		template_name = "",
		lt_grp = 0, srt_grp = 0, usr_flg = 0,
		flags = HIDDEN,
		spatialprops =
		{
			pos = { -8.277621, 1.744145, -5.262553 },
			orient = { {  0.788466,  0.000000,  0.615078 },
					   {  0.063765,  0.994612, -0.081740 },
					   { -0.611764,  0.103670,  0.784218 } }
		},
		cameraprops =
		{
			fovh = 25,
			hvaspect = 1.85,
			nearplane = 0.1,
			farplane = 1000000
		}
	},

	{
		entity_name = "sfx_backgroundambient",
		type = SOUND,
		template_name = "backgroundambient",
