duration = 146.272;

entities =
{

	{
		entity_name = "Layer_s064x",
		type = SCENE,
		template_name = "",
		lt_grp = 0, srt_grp = 0, usr_flg = 0,
		spatialprops =
		{
			pos = { 0, 0, 0 },
			orient = { { 1, 0, 0 }, { 0, 1, 0 }, { 0, 0, 1 } }
		},
		up = Y_AXIS,
		front = Z_AXIS,
		ambient = { 0, 0, 0 },
		userprops =
		{
			TextStart = "0.75000",
			TextString = "259622.0",
		}
	},

	{
		entity_name = "dx_s064x_0101_juni_114",
		type = SOUND,
		template_name = "dx_s064x_0101_juni",
		lt_grp = 0, srt_grp = 0, usr_flg = 0,
		spatialprops =
		{
			pos = { 0, 0, 0 },
			orient = { { 1, 0, 0 }, { 0, 1, 0 }, { 0, 0, 1 } }
		},
		audioprops =
		{
			attenuation = -1,
			pan = -80,
			dmin = 50,
			dmax = 1000,
			ain = 360,
			aout = 360,
			atout = 0,
			rmix = 0,
		},
		userprops =
		{
			category = "Audio",
		}
	},

	{
		entity_name = "dx_s064x_0201_Trent_115",
		type = SOUND,
		template_name = "dx_s064x_0201_Trent",
		lt_grp = 0, srt_grp = 0, usr_flg = 0,
		spatialprops =
		{
			pos = { 0, 0, 0 },
			orient = { { 1, 0, 0 }, { 0, 1, 0 }, { 0, 0, 1 } }
		},
		audioprops =
		{
			attenuation = -1,
			pan = 0,
			dmin = 50,
			dmax = 1000,
			ain = 360,
			aout = 360,
			atout = 0,
			rmix = 0,
		},
		userprops =
		{
			category = "Audio",
		}
	},

	{
		entity_name = "dx_s064x_0301_juni_116",
		type = SOUND,
		template_name = "dx_s064x_0301_juni",
		lt_grp = 0, srt_grp = 0, usr_flg = 0,
		spatialprops =
		{
			pos = { 0, 0, 0 },
			orient = { { 1, 0, 0 }, { 0, 1, 0 }, { 0, 0, 1 } }
		},
		audioprops =
		{
			attenuation = -1,
			pan = 0,
			dmin = 50,
			dmax = 1000,
			ain = 360,
			aout = 360,
			atout = 0,
			rmix = 0,
		},
		userprops =
		{
			category = "Audio",
		}
	},

	{
		entity_name = "dx_s064x_0302_juni_117",
		type = SOUND,
		template_name = "dx_s064x_0302_juni",
		lt_grp = 0, srt_grp = 0, usr_flg = 0,
		spatialprops =
		{
			pos = { 0, 0, 0 },
			orient = { { 1, 0, 0 }, { 0, 1, 0 }, { 0, 0, 1 } }
		},
		audioprops =
		{
			attenuation = -1,
			pan = 0,
			dmin = 50,
			dmax = 1000,
			ain = 360,
			aout = 360,
			atout = 0,
			rmix = 0,
		},
		userprops =
		{
			category = "Audio",
		}
	},

	{
		entity_name = "dx_s064x_0401_Trent_118",
		type = SOUND,
		template_name = "dx_s064x_0401_Trent",
		lt_grp = 0, srt_grp = 0, usr_flg = 0,
		spatialprops =
		{
			pos = { 0, 0, 0 },
			orient = { { 1, 0, 0 }, { 0, 1, 0 }, { 0, 0, 1 } }
		},
		audioprops =
		{
			attenuation = -1,
			pan = 0,
			dmin = 50,
			dmax = 1000,
			ain = 360,
			aout = 360,
			atout = 0,
			rmix = 0,
		},
		userprops =
		{
			category = "Audio",
		}
	},

	{
		entity_name = "dx_s064x_0501_juni_119",
		type = SOUND,
		template_name = "dx_s064x_0501_juni",
		lt_grp = 0, srt_grp = 0, usr_flg = 0,
		spatialprops =
		{
			pos = { 0, 0, 0 },
			orient = { { 1, 0, 0 }, { 0, 1, 0 }, { 0, 0, 1 } }
		},
		audioprops =
		{
			attenuation = -1,
			pan = 0,
			dmin = 50,
			dmax = 1000,
			ain = 360,
			aout = 360,
			atout = 0,
			rmix = 0,
		},
		userprops =
		{
			category = "Audio",
		}
	},

	{
		entity_name = "dx_s064x_0601_juni_120",
		type = SOUND,
		template_name = "dx_s064x_0601_juni",
		lt_grp = 0, srt_grp = 0, usr_flg = 0,
		spatialprops =
		{
			pos = { 0, 0, 0 },
			orient = { { 1, 0, 0 }, { 0, 1, 0 }, { 0, 0, 1 } }
		},
		audioprops =
		{
			attenuation = -1,
			pan = 0,
			dmin = 50,
			dmax = 1000,
			ain = 360,
			aout = 360,
			atout = 0,
			rmix = 0,
		},
		userprops =
		{
			category = "Audio",
		}
	},

	{
		entity_name = "dx_s064x_0701_Akira_121",
		type = SOUND,
		template_name = "dx_s064x_0701_Akira",
		lt_grp = 0, srt_grp = 0, usr_flg = 0,
		spatialprops =
		{
			pos = { 0, 0, 0 },
			orient = { { 1, 0, 0 }, { 0, 1, 0 }, { 0, 0, 1 } }
		},
		audioprops =
		{
			attenuation = -1,
			pan = 0,
			dmin = 50,
			dmax = 1000,
			ain = 360,
			aout = 360,
			atout = 0,
			rmix = 0,
		},
		userprops =
		{
			category = "Audio",
		}
	},

	{
		entity_name = "dx_s064x_0801_Akira_122",
		type = SOUND,
		template_name = "dx_s064x_0801_Akira",
		lt_grp = 0, srt_grp = 0, usr_flg = 0,
		spatialprops =
		{
			pos = { 0, 0, 0 },
			orient = { { 1, 0, 0 }, { 0, 1, 0 }, { 0, 0, 1 } }
		},
		audioprops =
		{
			attenuation = -1,
			pan = 0,
			dmin = 50,
			dmax = 1000,
			ain = 360,
			aout = 360,
			atout = 0,
			rmix = 0,
		},
		userprops =
		{
			category = "Audio",
		}
	},

	{
		entity_name = "dx_s064x_0901_vonclaussn_123",
		type = SOUND,
		template_name = "dx_s064x_0901_vonclaussn",
		lt_grp = 0, srt_grp = 0, usr_flg = 0,
		spatialprops =
		{
			pos = { 0, 0, 0 },
			orient = { { 1, 0, 0 }, { 0, 1, 0 }, { 0, 0, 1 } }
		},
		audioprops =
		{
			attenuation = -1,
			pan = 0,
			dmin = 50,
			dmax = 1000,
			ain = 360,
			aout = 360,
			atout = 0,
			rmix = 0,
		},
		userprops =
		{
			category = "Audio",
		}
	},

	{
		entity_name = "dx_s064x_0902_vonclaussn_124",
		type = SOUND,
		template_name = "dx_s064x_0902_vonclaussn",
		lt_grp = 0, srt_grp = 0, usr_flg = 0,
		spatialprops =
		{
			pos = { 0, 0, 0 },
			orient = { { 1, 0, 0 }, { 0, 1, 0 }, { 0, 0, 1 } }
		},
		audioprops =
		{
			attenuation = -1,
			pan = 0,
			dmin = 50,
			dmax = 1000,
			ain = 360,
			aout = 360,
			atout = 0,
			rmix = 0,
		},
		userprops =
		{
			category = "Audio",
		}
	},

	{
		entity_name = "dx_s064x_1101_King_126",
		type = SOUND,
		template_name = "dx_s064x_1101_King",
		lt_grp = 0, srt_grp = 0, usr_flg = 0,
		spatialprops =
		{
			pos = { 0, 0, 0 },
			orient = { { 1, 0, 0 }, { 0, 1, 0 }, { 0, 0, 1 } }
		},
		audioprops =
		{
			attenuation = -1,
			pan = 80,
			dmin = 50,
			dmax = 1000,
			ain = 360,
			aout = 360,
			atout = 0,
			rmix = 0,
		},
		userprops =
		{
			category = "Audio",
		}
	},

	{
		entity_name = "dx_s064x_1201_Trent_127",
		type = SOUND,
		template_name = "dx_s064x_1201_Trent",
		lt_grp = 0, srt_grp = 0, usr_flg = 0,
		spatialprops =
		{
			pos = { 0, 0, 0 },
			orient = { { 1, 0, 0 }, { 0, 1, 0 }, { 0, 0, 1 } }
		},
		audioprops =
		{
			attenuation = -1,
			pan = 0,
			dmin = 50,
			dmax = 1000,
			ain = 360,
			aout = 360,
			atout = 0,
			rmix = 0,
		},
		userprops =
		{
			category = "Audio",
		}
	},

	{
		entity_name = "dx_s064x_1301_King_128",
		type = SOUND,
		template_name = "dx_s064x_1301_King",
		lt_grp = 0, srt_grp = 0, usr_flg = 0,
		spatialprops =
		{
			pos = { 0, 0, 0 },
			orient = { { 1, 0, 0 }, { 0, 1, 0 }, { 0, 0, 1 } }
		},
		audioprops =
		{
			attenuation = -1,
			pan = 0,
			dmin = 50,
			dmax = 1000,
			ain = 360,
			aout = 360,
			atout = 0,
			rmix = 0,
		},
		userprops =
		{
			category = "Audio",
		}
	},

	{
		entity_name = "dx_s064x_1302_King_129",
		type = SOUND,
		template_name = "dx_s064x_1302_King",
		lt_grp = 0, srt_grp = 0, usr_flg = 0,
		spatialprops =
		{
			pos = { 0, 0, 0 },
			orient = { { 1, 0, 0 }, { 0, 1, 0 }, { 0, 0, 1 } }
		},
		audioprops =
		{
			attenuation = -1,
			pan = 0,
			dmin = 50,
			dmax = 1000,
			ain = 360,
			aout = 360,
			atout = 0,
			rmix = 0,
		},
		userprops =
		{
			category = "Audio",
		}
	},

	{
		entity_name = "dx_s064x_1401_Trent_130",
		type = SOUND,
		template_name = "dx_s064x_1401_Trent",
		lt_grp = 0, srt_grp = 0, usr_flg = 0,
		spatialprops =
		{
			pos = { 0, 0, 0 },
			orient = { { 1, 0, 0 }, { 0, 1, 0 }, { 0, 0, 1 } }
		},
		audioprops =
		{
			attenuation = -1,
			pan = 0,
			dmin = 50,
			dmax = 1000,
			ain = 360,
			aout = 360,
			atout = 0,
			rmix = 0,
		},
		userprops =
		{
			category = "Audio",
		}
	},

	{
		entity_name = "dx_s064x_1501_juni_131",
		type = SOUND,
		template_name = "dx_s064x_1501_juni",
		lt_grp = 0, srt_grp = 0, usr_flg = 0,
		spatialprops =
		{
			pos = { 0, 0, 0 },
			orient = { { 1, 0, 0 }, { 0, 1, 0 }, { 0, 0, 1 } }
		},
		audioprops =
		{
			attenuation = -1,
			pan = 0,
			dmin = 50,
			dmax = 1000,
			ain = 360,
			aout = 360,
			atout = 0,
			rmix = 0,
		},
		userprops =
		{
			category = "Audio",
		}
	},

	{
		entity_name = "dx_s064x_1502_juni_132",
		type = SOUND,
		template_name = "dx_s064x_1502_juni",
		lt_grp = 0, srt_grp = 0, usr_flg = 0,
		spatialprops =
		{
			pos = { 0, 0, 0 },
			orient = { { 1, 0, 0 }, { 0, 1, 0 }, { 0, 0, 1 } }
		},
		audioprops =
		{
			attenuation = -1,
			pan = 0,
			dmin = 50,
			dmax = 1000,
			ain = 360,
			aout = 360,
			atout = 0,
			rmix = 0,
		},
		userprops =
		{
			category = "Audio",
		}
	},

	{
		entity_name = "dx_s064x_1601_Trent_133",
		type = SOUND,
		template_name = "dx_s064x_1601_Trent",
		lt_grp = 0, srt_grp = 0, usr_flg = 0,
		spatialprops =
		{
			pos = { 0, 0, 0 },
			orient = { { 1, 0, 0 }, { 0, 1, 0 }, { 0, 0, 1 } }
		},
		audioprops =
		{
			attenuation = -1,
			pan = 0,
			dmin = 50,
			dmax = 1000,
			ain = 360,
			aout = 360,
			atout = 0,
			rmix = 0,
		},
		userprops =
		{
			category = "Audio",
		}
	},

	{
		entity_name = "dx_s064x_1701_Orillion_134",
		type = SOUND,
		template_name = "dx_s064x_1701_Orillion",
		lt_grp = 0, srt_grp = 0, usr_flg = 0,
		spatialprops =
		{
			pos = { 0, 0, 0 },
			orient = { { 1, 0, 0 }, { 0, 1, 0 }, { 0, 0, 1 } }
		},
		audioprops =
		{
			attenuation = -1,
			pan = 0,
			dmin = 50,
			dmax = 1000,
			ain = 360,
			aout = 360,
			atout = 0,
			rmix = 0,
		},
		userprops =
		{
			category = "Audio",
		}
	},

	{
		entity_name = "dx_s064x_1702_Orillion_135",
		type = SOUND,
		template_name = "dx_s064x_1702_Orillion",
		lt_grp = 0, srt_grp = 0, usr_flg = 0,
		spatialprops =
		{
			pos = { 0, 0, 0 },
			orient = { { 1, 0, 0 }, { 0, 1, 0 }, { 0, 0, 1 } }
		},
		audioprops =
		{
			attenuation = -1,
			pan = 0,
			dmin = 50,
			dmax = 1000,
			ain = 360,
			aout = 360,
			atout = 0,
			rmix = 0,
		},
		userprops =
		{
			category = "Audio",
		}
	},

	{
		entity_name = "char_juni_1",
		type = DEFORMABLE,
		template_name = "juni",
		lt_grp = 0, srt_grp = 0, usr_flg = 0,
		flags = LIT_DYNAMIC,
		spatialprops =
		{
			pos = { 0.63202, 0, 0 },
			orient = { { 1, 0, 0 }, { 0, 1, 0 }, { 0, 0, 1 } }
		},
		compoundprops =
		{
			floor_height = 0
		},
		userprops =
		{
			actor = "juni",
			category = "Character",
		}
	},

	{
		entity_name = "char_trent_2",
		type = DEFORMABLE,
		template_name = "trent",
		lt_grp = 0, srt_grp = 0, usr_flg = 0,
		flags = LIT_DYNAMIC,
		spatialprops =
		{
			pos = { -0.832534, 0, -28.98451 },
			orient = { { 1, 0, 0 }, { 0, 1, 0 }, { 0, 0, 1 } }
		},
		compoundprops =
		{
			floor_height = 0
		},
		userprops =
		{
			actor = "player",
			category = "Character",
		}
	},

	{
		entity_name = "char_orillion_3",
		type = DEFORMABLE,
		template_name = "orillion",
		lt_grp = 0, srt_grp = 0, usr_flg = 0,
		flags = LIT_DYNAMIC,
		spatialprops =
		{
			pos = { -1.02515, 0, 0 },
			orient = { { 1, 0, 0 }, { 0, 1, 0 }, { 0, 0, 1 } }
		},
		compoundprops =
		{
			floor_height = 0
		},
		userprops =
		{
			actor = "orillion",
			category = "Character",
		}
	},

	{
		entity_name = "char_king_4",
		type = DEFORMABLE,
		template_name = "king",
		lt_grp = 0, srt_grp = 0, usr_flg = 0,
		flags = LIT_DYNAMIC,
		spatialprops =
		{
			pos = { -0.449744, 0, 0 },
			orient = { { 1, 0, 0 }, { 0, 1, 0 }, { 0, 0, 1 } }
		},
		compoundprops =
		{
			floor_height = 0
		},
		userprops =
		{
			actor = "king",
			category = "Character",
		}
	},

	{
		entity_name = "char_akira",
		type = DEFORMABLE,
		template_name = "akiro",
		lt_grp = 0, srt_grp = 0, usr_flg = 0,
		flags = LIT_DYNAMIC,
		spatialprops =
		{
			pos = { 0.125662, 0, 0 },
			orient = { { 1, 0, 0 }, { 0, 1, 0 }, { 0, 0, 1 } }
		},
		compoundprops =
		{
			floor_height = 0
		},
		userprops =
		{
			actor = "akira",
			category = "Character",
		}
	},

	{
		entity_name = "char_vonclaussen_6",
		type = DEFORMABLE,
		template_name = "vonclaussen",
		lt_grp = 0, srt_grp = 0, usr_flg = 0,
		flags = LIT_DYNAMIC,
		spatialprops =
		{
			pos = { -0.233027, 0, -22.97529 },
			orient = { { 1, 0, 0 }, { 0, 1, 0 }, { 0, 0, 1 } }
		},
		compoundprops =
		{
			floor_height = 0
		},
		userprops =
		{
			actor = "vonclaussen",
			category = "Character",
		}
	},

	{
		entity_name = "Camera_1",
		type = CAMERA,
		template_name = "",
		lt_grp = 0, srt_grp = 0, usr_flg = 0,
		spatialprops =
		{
			pos = { -0.096895, 1.185969, -3.331072 },
			orient = { { -0.999758,  0.000000, -0.022008 },
					   { -0.001401,  0.997973,  0.063626 },
					   {  0.021963,  0.063641, -0.997731 } }
		},
		cameraprops =
		{
			fovh = 30,
			hvaspect = 1.85,
			nearplane = 0.4,
			farplane = 4000
		}
	},

	{
		entity_name = "Cam_Monitor_s064x",
		type = MONITOR,
		template_name = "",
		lt_grp = 0, srt_grp = 0, usr_flg = 0,
		userprops =
		{
			Priority = "Monitor_Moving_1",
		}
	},

	{
		entity_name = "char_akira_Mrk_Start_Position",
		type = MARKER,
		template_name = "",
		lt_grp = 0, srt_grp = 0, usr_flg = 0,
		spatialprops =
		{
			pos = { -6.81063, 0.969072, -20.96369 },
			orient = { {  0.976821,  0.000000, -0.214058 },
					   {  0.000000,  1.000000,  0.000000 },
					   {  0.214058,  0.000000,  0.976821 } }
		}
	},

	{
		entity_name = "char_juni_Mrk_Start_Position",
		type = MARKER,
		template_name = "",
		lt_grp = 0, srt_grp = 0, usr_flg = 0,
		spatialprops =
		{
			pos = { -5.771748, 0.960122, -22.56341 },
			orient = { { -0.999910,  0.000000, -0.013406 },
					   {  0.000000,  1.000000,  0.000000 },
					   {  0.013406,  0.000000, -0.999910 } }
		}
	},

	{
		entity_name = "char_king_Mrk_Start_Position",
		type = MARKER,
		template_name = "",
		lt_grp = 0, srt_grp = 0, usr_flg = 0,
		spatialprops =
		{
			pos = { 6.38025, 0.969418, -21.53975 },
			orient = { {  0.083109, -0.001171, -0.996540 },
					   {  0.000031,  0.999999, -0.001172 },
					   {  0.996540,  0.000067,  0.083109 } }
		}
	},

	{
		entity_name = "char_orillion_Mrk_Start_Position",
		type = MARKER,
		template_name = "",
		lt_grp = 0, srt_grp = 0, usr_flg = 0,
		spatialprops =
		{
			pos = { 7.272891, 0.969072, -20.76811 },
			orient = { {  0.026185,  0.000000, -0.999657 },
					   {  0.000000,  1.000000,  0.000000 },
					   {  0.999657,  0.000000,  0.026185 } }
		}
	},

	{
		entity_name = "char_trent_Mrk_Start_Position",
		type = MARKER,
		template_name = "",
		lt_grp = 0, srt_grp = 0, usr_flg = 0,
		spatialprops =
		{
			pos = { -0.67041, 0.969072, -29.60676 },
			orient = { { -0.999470,  0.000000, -0.032568 },
					   {  0.000000,  1.000000,  0.000000 },
					   {  0.032568,  0.000000, -0.999470 } }
		}
	},

	{
		entity_name = "char_vonclaussen_Mrk_Start_Position",
		type = MARKER,
		template_name = "",
		lt_grp = 0, srt_grp = 0, usr_flg = 0,
		spatialprops =
		{
			pos = { 0.750142, 0.969072, -31.37082 },
			orient = { { -0.989697,  0.000000, -0.143175 },
					   {  0.000000,  1.000000,  0.000000 },
					   {  0.143175,  0.000000, -0.989697 } }
		}
	},

	{
		entity_name = "char_trent_Mrk_To_Juni",
		type = MARKER,
		template_name = "",
		lt_grp = 0, srt_grp = 0, usr_flg = 0,
		spatialprops =
		{
			pos = { -0.893327, 0.969072, -23.47663 },
			orient = { { -0.999470,  0.000000, -0.032568 },
					   {  0.000000,  1.000000,  0.000000 },
					   {  0.032568,  0.000000, -0.999470 } }
		}
	},

	{
		entity_name = "char_juni_Mrk_To_Trent",
		type = MARKER,
		template_name = "",
		lt_grp = 0, srt_grp = 0, usr_flg = 0,
		spatialprops =
		{
			pos = { -2.554509, 0.960122, -22.82227 },
			orient = { { -0.004849,  0.000000,  0.999988 },
					   {  0.000000,  1.000000,  0.000000 },
					   { -0.999988,  0.000000, -0.004849 } }
		}
	},

	{
		entity_name = "char_vonclaussen_Mrk_To_Juni",
		type = MARKER,
		template_name = "",
		lt_grp = 0, srt_grp = 0, usr_flg = 0,
		spatialprops =
		{
			pos = { 0.774335, 0.969072, -23.67913 },
			orient = { { -0.999470,  0.000000, -0.032568 },
					   {  0.000000,  1.000000,  0.000000 },
					   {  0.032568,  0.000000, -0.999470 } }
		}
	},

	{
		entity_name = "char_akira_Mrk_To_Juni",
		type = MARKER,
		template_name = "",
		lt_grp = 0, srt_grp = 0, usr_flg = 0,
		spatialprops =
		{
			pos = { -2.560555, 0.960122, -21.57547 },
			orient = { {  0.204267,  0.000000,  0.978915 },
					   {  0.000000,  1.000000,  0.000000 },
					   { -0.978915,  0.000000,  0.204267 } }
		}
	},

	{
		entity_name = "char_order_extra_01_Mrk_starting_position",
		type = MARKER,
		template_name = "",
		lt_grp = 0, srt_grp = 0, usr_flg = 0,
		spatialprops =
		{
			pos = { 11.57184, 0.972928, -12.54275 },
			orient = { { -0.659577,  0.000000, -0.751637 },
					   {  0.000000,  1.000000,  0.000000 },
					   {  0.751637,  0.000000, -0.659577 } }
		}
	},

	{
		entity_name = "char_orillion_Mrk_Start_I_Do",
		type = MARKER,
		template_name = "",
		lt_grp = 0, srt_grp = 0, usr_flg = 0,
		spatialprops =
		{
			pos = { 0.293488, 0.969072, -21.15268 },
			orient = { { -0.999938,  0.000000, -0.011126 },
					   {  0.000000,  1.000000,  0.000000 },
					   {  0.011126,  0.000000, -0.999938 } }
		}
	},

	{
		entity_name = "Camera_010_Orillion_Ido",
		type = CAMERA,
		template_name = "",
		lt_grp = 0, srt_grp = 0, usr_flg = 0,
		spatialprops =
		{
			pos = { -0.923113, 1.686204, -20.20583 },
			orient = { {  0.966921,  0.000000, -0.255075 },
					   { -0.026309,  0.994667, -0.099730 },
					   {  0.253714,  0.103142,  0.961764 } }
		},
		cameraprops =
		{
			fovh = 20,
			hvaspect = 1.85,
			nearplane = 0.4,
			farplane = 1000
		}
	},

	{
		entity_name = "Camera_1_Temp",
		type = CAMERA,
		template_name = "",
		lt_grp = 0, srt_grp = 0, usr_flg = 0,
		spatialprops =
		{
			pos = { -0.807189, 1.033305, -33.20651 },
			orient = { { -0.999984,  0.000000,  0.005676 },
					   { -0.000505,  0.996037, -0.088933 },
					   { -0.005653, -0.088934, -0.996021 } }
		},
		cameraprops =
		{
			fovh = 20,
			hvaspect = 1.85,
			nearplane = 0.4,
			farplane = 1000
		}
	},

	{
		entity_name = "Camera_2_Temp",
		type = CAMERA,
		template_name = "",
		lt_grp = 0, srt_grp = 0, usr_flg = 0,
		spatialprops =
		{
			pos = { -0.797015, 1.442639, -25.54309 },
			orient = { { -0.999976,  0.000000,  0.006986 },
					   { -0.001700,  0.969935, -0.243359 },
					   { -0.006776, -0.243365, -0.969911 } }
		},
		cameraprops =
		{
			fovh = 20,
			hvaspect = 1.85,
			nearplane = 0.4,
			farplane = 1000
		}
	},

	{
		entity_name = "Cam_02_PCS_Tr_reacts_Osiris",
		type = CAMERA,
		template_name = "",
		lt_grp = 0, srt_grp = 0, usr_flg = 0,
		spatialprops =
		{
			pos = { -0.541719, 1.739367, -22 },
			orient = { {  0.966363,  0.000000, -0.257181 },
					   { -0.031871,  0.992292, -0.119755 },
					   {  0.255198,  0.123924,  0.958914 } }
		},
		cameraprops =
		{
			fovh = 20,
			hvaspect = 1.85,
			nearplane = 0.4,
			farplane = 1000
		}
	},

	{
		entity_name = "Cam_03_Impressive_B",
		type = CAMERA,
		template_name = "",
		lt_grp = 0, srt_grp = 0, usr_flg = 0,
		spatialprops =
		{
			pos = { 0.441277, 1.70426, -23.26119 },
			orient = { { -0.125930,  0.000000, -0.992039 },
					   { -0.136900,  0.990432,  0.017378 },
					   {  0.982548,  0.137998, -0.124725 } }
		},
		cameraprops =
		{
			fovh = 20,
			hvaspect = 1.85,
			nearplane = 0.4,
			farplane = 500
		}
	},

	{
		entity_name = "Camera_04_Move_Operation",
		type = CAMERA,
		template_name = "",
		lt_grp = 0, srt_grp = 0, usr_flg = 0,
		spatialprops =
		{
			pos = { -3.745121, 1.736008, -19.75355 },
			orient = { {  0.897139,  0.000000,  0.441747 },
					   {  0.064509,  0.989280, -0.131010 },
					   { -0.437012,  0.146030,  0.887522 } }
		},
		cameraprops =
		{
			fovh = 20,
			hvaspect = 1.85,
			nearplane = 0.4,
			farplane = 1000
		}
	},

	{
		entity_name = "Camera_05_Everything",
		type = CAMERA,
		template_name = "",
		lt_grp = 0, srt_grp = 0, usr_flg = 0,
		spatialprops =
		{
			pos = { -0.303709, 1.791061, -23.41428 },
			orient = { { -0.213742,  0.000000, -0.976890 },
					   { -0.170851,  0.984588,  0.037382 },
					   {  0.961834,  0.174893, -0.210447 } }
		},
		cameraprops =
		{
			fovh = 25,
			hvaspect = 1.85,
			nearplane = 0.4,
			farplane = 1000
		}
	},

	{
		entity_name = "Cam_04_Wide",
		type = CAMERA,
		template_name = "",
		lt_grp = 0, srt_grp = 0, usr_flg = 0,
		spatialprops =
		{
			pos = { -3.738946, 1.7786, -20.48279 },
			orient = { {  0.754920,  0.000000,  0.655816 },
					   {  0.105182,  0.987055, -0.121077 },
					   { -0.647327,  0.160383,  0.745148 } }
		},
		cameraprops =
		{
			fovh = 20,
			hvaspect = 1.85,
			nearplane = 0.4,
			farplane = 500
		}
	},

	{
		entity_name = "Camera_06_Vanclaussen_enter",
		type = CAMERA,
		template_name = "",
		lt_grp = 0, srt_grp = 0, usr_flg = 0,
		spatialprops =
		{
			pos = { -2.812135, 1.514438, -22.38263 },
			orient = { {  0.284499,  0.000000,  0.958676 },
					   { -0.010146,  0.999944,  0.003011 },
					   { -0.958623, -0.010583,  0.284483 } }
		},
		cameraprops =
		{
			fovh = 20,
			hvaspect = 1.85,
			nearplane = 0.4,
			farplane = 1000
		}
	},

	{
		entity_name = "Camera_07_VANCLUASSEN",
		type = CAMERA,
		template_name = "",
		lt_grp = 0, srt_grp = 0, usr_flg = 0,
		spatialprops =
		{
			pos = { 0.332653, 2.454707, -19.34829 },
			orient = { {  0.826939,  0.000000, -0.562291 },
					   { -0.202268,  0.933060, -0.297468 },
					   {  0.524651,  0.359721,  0.771584 } }
		},
		cameraprops =
		{
			fovh = 25,
			hvaspect = 1.85,
			nearplane = 0.4,
			farplane = 1000
		}
	},

	{
		entity_name = "Camera_7_Temp_END",
		type = CAMERA,
		template_name = "",
		lt_grp = 0, srt_grp = 0, usr_flg = 0,
		spatialprops =
		{
			pos = { 4.806824, 2.123744, -19.99108 },
			orient = { {  0.469089,  0.000000, -0.883151 },
					   { -0.168626,  0.981602, -0.089566 },
					   {  0.866903,  0.190936,  0.460459 } }
		},
		cameraprops =
		{
			fovh = 20,
			hvaspect = 1.85,
			nearplane = 0.4,
			farplane = 1000
		}
	},

	{
		entity_name = "Camera_08_This_is_Liberty_Ship",
		type = CAMERA,
		template_name = "",
		lt_grp = 0, srt_grp = 0, usr_flg = 0,
		spatialprops =
		{
			pos = { 0.175703, 1.705989, -20.37913 },
			orient = { {  0.943410,  0.000000, -0.331628 },
					   { -0.049449,  0.988821, -0.140672 },
					   {  0.327920,  0.149110,  0.932864 } }
		},
		cameraprops =
		{
			fovh = 25,
			hvaspect = 1.85,
			nearplane = 0.4,
			farplane = 1000
		}
	},

	{
		entity_name = "Camera_9_Temp",
		type = CAMERA,
		template_name = "",
		lt_grp = 0, srt_grp = 0, usr_flg = 0,
		spatialprops =
		{
			pos = { -2.048535, 1.527896, -22.40908 },
			orient = { {  0.581353,  0.000000,  0.813652 },
					   { -0.000992,  0.999999,  0.000709 },
					   { -0.813651, -0.001219,  0.581352 } }
		},
		cameraprops =
		{
			fovh = 20,
			hvaspect = 1.85,
			nearplane = 0.4,
			farplane = 1000
		}
	},

	{
		entity_name = "Cam_11_I_do_Trent",
		type = CAMERA,
		template_name = "",
		lt_grp = 0, srt_grp = 0, usr_flg = 0,
		spatialprops =
		{
			pos = { -1.523313, 1.698369, -24.30095 },
			orient = { { -0.927068,  0.000000,  0.374892 },
					   {  0.031420,  0.996482,  0.077699 },
					   { -0.373573,  0.083812, -0.923807 } }
		},
		cameraprops =
		{
			fovh = 15,
			hvaspect = 1.85,
			nearplane = 0.4,
			farplane = 1000
		}
	},

	{
		entity_name = "Camera_10_Temp",
		type = CAMERA,
		template_name = "",
		lt_grp = 0, srt_grp = 0, usr_flg = 0,
		spatialprops =
		{
			pos = { -1.781269, 1.676339, -23.60157 },
			orient = { { -0.340855,  0.000000,  0.940116 },
					   {  0.072095,  0.997055,  0.026139 },
					   { -0.937347,  0.076687, -0.339851 } }
		},
		cameraprops =
		{
			fovh = 15,
			hvaspect = 1.85,
			nearplane = 0.4,
			farplane = 1000
		}
	},

	{
		entity_name = "Cam_01_HighWide_A",
		type = CAMERA,
		template_name = "",
		lt_grp = 0, srt_grp = 0, usr_flg = 0,
		spatialprops =
		{
			pos = { 2.38344, 6.727442, -39.83504 },
			orient = { { -0.965980,  0.000000, -0.258618 },
					   { -0.081749,  0.948726,  0.305347 },
					   {  0.245357,  0.316101, -0.916450 } }
		},
		cameraprops =
		{
			fovh = 30,
			hvaspect = 1.85,
			nearplane = 0.4,
			farplane = 1000
		}
	},

	{
		entity_name = "dx_s064x_1901_Orillion_137_copy_1",
		type = SOUND,
		template_name = "dx_s064x_1901_Orillion",
		lt_grp = 0, srt_grp = 0, usr_flg = 0,
		spatialprops =
		{
			pos = { 0, 0, 0 },
			orient = { { 1, 0, 0 }, { 0, 1, 0 }, { 0, 0, 1 } }
		},
		audioprops =
		{
			attenuation = -1,
			pan = 0,
			dmin = 50,
			dmax = 1000,
			ain = 360,
			aout = 360,
			atout = 0,
			rmix = 0,
		},
		userprops =
		{
			category = "Audio",
		}
	},

	{
		entity_name = "dx_s064x_1902_Orillion_138_copy_1",
		type = SOUND,
		template_name = "dx_s064x_1902_Orillion",
		lt_grp = 0, srt_grp = 0, usr_flg = 0,
		spatialprops =
		{
			pos = { 0, 0, 0 },
			orient = { { 1, 0, 0 }, { 0, 1, 0 }, { 0, 0, 1 } }
		},
		audioprops =
		{
			attenuation = -1,
			pan = 0,
			dmin = 50,
			dmax = 1000,
			ain = 360,
			aout = 360,
			atout = 0,
			rmix = 0,
		},
		userprops =
		{
			category = "Audio",
		}
	},

	{
		entity_name = "dx_s064x_1903_Orillion_139_copy_1",
		type = SOUND,
		template_name = "dx_s064x_1903_Orillion",
		lt_grp = 0, srt_grp = 0, usr_flg = 0,
		spatialprops =
		{
			pos = { 0, 0, 0 },
			orient = { { 1, 0, 0 }, { 0, 1, 0 }, { 0, 0, 1 } }
		},
		audioprops =
		{
			attenuation = -1,
			pan = 0,
			dmin = 50,
			dmax = 1000,
			ain = 360,
			aout = 360,
			atout = 0,
			rmix = 0,
		},
		userprops =
		{
			category = "Audio",
		}
	},

	{
		entity_name = "dx_s064x_1904_Orillion_140_copy_1",
		type = SOUND,
		template_name = "dx_s064x_1904_Orillion",
		lt_grp = 0, srt_grp = 0, usr_flg = 0,
		spatialprops =
		{
			pos = { 0, 0, 0 },
			orient = { { 1, 0, 0 }, { 0, 1, 0 }, { 0, 0, 1 } }
		},
		audioprops =
		{
			attenuation = -1,
			pan = 0,
			dmin = 50,
			dmax = 1000,
			ain = 360,
			aout = 360,
			atout = 0,
			rmix = 0,
		},
		userprops =
		{
			category = "Audio",
		}
	},

	{
		entity_name = "dx_s064x_1905_Orillion_141_copy_1",
		type = SOUND,
		template_name = "dx_s064x_1905_Orillion",
		lt_grp = 0, srt_grp = 0, usr_flg = 0,
		spatialprops =
		{
			pos = { 0, 0, 0 },
			orient = { { 1, 0, 0 }, { 0, 1, 0 }, { 0, 0, 1 } }
		},
		audioprops =
		{
			attenuation = -1,
			pan = 0,
			dmin = 50,
			dmax = 1000,
			ain = 360,
			aout = 360,
			atout = 0,
			rmix = 0,
		},
		userprops =
		{
			category = "Audio",
		}
	},

	{
		entity_name = "dx_s064x_2001_Trent_142_copy_1",
		type = SOUND,
		template_name = "dx_s064x_2001_Trent",
		lt_grp = 0, srt_grp = 0, usr_flg = 0,
		spatialprops =
		{
			pos = { 0, 0, 0 },
			orient = { { 1, 0, 0 }, { 0, 1, 0 }, { 0, 0, 1 } }
		},
		audioprops =
		{
			attenuation = -1,
			pan = 0,
			dmin = 50,
			dmax = 1000,
			ain = 360,
			aout = 360,
			atout = 0,
			rmix = 0,
		},
		userprops =
		{
			category = "Audio",
		}
	},

	{
		entity_name = "dx_s064x_2101_Orillion_143_copy_1",
		type = SOUND,
		template_name = "dx_s064x_2101_Orillion",
		lt_grp = 0, srt_grp = 0, usr_flg = 0,
		spatialprops =
		{
			pos = { 0, 0, 0 },
			orient = { { 1, 0, 0 }, { 0, 1, 0 }, { 0, 0, 1 } }
		},
		audioprops =
		{
			attenuation = -1,
			pan = 0,
			dmin = 50,
			dmax = 1000,
			ain = 360,
			aout = 360,
			atout = 0,
			rmix = 0,
		},
		userprops =
		{
			category = "Audio",
		}
	},

	{
		entity_name = "dx_s064x_2102_Orillion_144_copy_1",
		type = SOUND,
		template_name = "dx_s064x_2102_Orillion",
		lt_grp = 0, srt_grp = 0, usr_flg = 0,
		spatialprops =
		{
			pos = { 0, 0, 0 },
			orient = { { 1, 0, 0 }, { 0, 1, 0 }, { 0, 0, 1 } }
		},
		audioprops =
		{
			attenuation = -1,
			pan = 0,
			dmin = 50,
			dmax = 1000,
			ain = 360,
			aout = 360,
			atout = 0,
			rmix = 0,
		},
		userprops =
		{
			category = "Audio",
		}
	},

	{
		entity_name = "dx_s064x_2103_Orillion_145_copy_1",
		type = SOUND,
		template_name = "dx_s064x_2103_Orillion",
		lt_grp = 0, srt_grp = 0, usr_flg = 0,
		spatialprops =
		{
			pos = { 0, 0, 0 },
			orient = { { 1, 0, 0 }, { 0, 1, 0 }, { 0, 0, 1 } }
		},
		audioprops =
		{
			attenuation = -1,
			pan = 0,
			dmin = 50,
			dmax = 1000,
			ain = 360,
			aout = 360,
			atout = 0,
			rmix = 0,
		},
		userprops =
		{
			category = "Audio",
		}
	},

	{
		entity_name = "dx_s064x_2201_Trent_147_copy_1",
		type = SOUND,
		template_name = "dx_s064x_2201_Trent",
		lt_grp = 0, srt_grp = 0, usr_flg = 0,
		spatialprops =
		{
			pos = { 0, 0, 0 },
			orient = { { 1, 0, 0 }, { 0, 1, 0 }, { 0, 0, 1 } }
		},
		audioprops =
		{
			attenuation = -1,
			pan = 0,
			dmin = 50,
			dmax = 1000,
			ain = 360,
			aout = 360,
			atout = 0,
			rmix = 0,
		},
		userprops =
		{
			category = "Audio",
		}
	},

	{
		entity_name = "dx_s064x_2301_juni_148_copy_1",
		type = SOUND,
		template_name = "dx_s064x_2301_juni",
		lt_grp = 0, srt_grp = 0, usr_flg = 0,
		spatialprops =
		{
			pos = { 0, 0, 0 },
			orient = { { 1, 0, 0 }, { 0, 1, 0 }, { 0, 0, 1 } }
		},
		audioprops =
		{
			attenuation = -1,
			pan = 0,
			dmin = 50,
			dmax = 1000,
			ain = 360,
			aout = 360,
			atout = 0,
			rmix = 0,
		},
		userprops =
		{
			category = "Audio",
		}
	},

	{
		entity_name = "dx_s064x_2302_juni_149_copy_1",
		type = SOUND,
		template_name = "dx_s064x_2302_juni",
		lt_grp = 0, srt_grp = 0, usr_flg = 0,
		spatialprops =
		{
			pos = { 0, 0, 0 },
			orient = { { 1, 0, 0 }, { 0, 1, 0 }, { 0, 0, 1 } }
		},
		audioprops =
		{
			attenuation = -1,
			pan = 0,
			dmin = 50,
			dmax = 1000,
			ain = 360,
			aout = 360,
			atout = 0,
			rmix = 0,
		},
		userprops =
		{
			category = "Audio",
		}
	},

	{
		entity_name = "dx_s064x_2401_Orillion_150_copy_1",
		type = SOUND,
		template_name = "dx_s064x_2401_Orillion",
		lt_grp = 0, srt_grp = 0, usr_flg = 0,
		spatialprops =
		{
			pos = { 0, 0, 0 },
			orient = { { 1, 0, 0 }, { 0, 1, 0 }, { 0, 0, 1 } }
		},
		audioprops =
		{
			attenuation = -1,
			pan = 0,
			dmin = 50,
			dmax = 1000,
			ain = 360,
			aout = 360,
			atout = 0,
			rmix = 0,
		},
		userprops =
		{
			category = "Audio",
		}
	},

	{
		entity_name = "dx_s064x_2104_Orillion_146_copy_2",
		type = SOUND,
		template_name = "dx_s064x_2104_Orillion",
		lt_grp = 0, srt_grp = 0, usr_flg = 0,
		spatialprops =
		{
			pos = { 0, 0, 0 },
			orient = { { 1, 0, 0 }, { 0, 1, 0 }, { 0, 0, 1 } }
		},
		audioprops =
		{
			attenuation = -1,
			pan = 0,
			dmin = 50,
			dmax = 1000,
			ain = 360,
			aout = 360,
			atout = 0,
			rmix = 0,
		},
		userprops =
		{
			category = "Audio",
		}
	},

	{
		entity_name = "dx_s064x_2501_Trent_151_copy_1",
		type = SOUND,
		template_name = "dx_s064x_2501_Trent",
		lt_grp = 0, srt_grp = 0, usr_flg = 0,
		spatialprops =
		{
			pos = { 0, 0, 0 },
			orient = { { 1, 0, 0 }, { 0, 1, 0 }, { 0, 0, 1 } }
		},
		audioprops =
		{
			attenuation = -1,
			pan = 0,
			dmin = 50,
			dmax = 1000,
			ain = 360,
			aout = 360,
			atout = 0,
			rmix = 0,
		},
		userprops =
		{
			category = "Audio",
		}
	},

	{
		entity_name = "dx_s064x_2601_Orillion_152_copy_1",
		type = SOUND,
		template_name = "dx_s064x_2601_Orillion",
		lt_grp = 0, srt_grp = 0, usr_flg = 0,
		spatialprops =
		{
			pos = { 0, 0, 0 },
			orient = { { 1, 0, 0 }, { 0, 1, 0 }, { 0, 0, 1 } }
		},
		audioprops =
		{
			attenuation = -1,
			pan = 0,
			dmin = 50,
			dmax = 1000,
			ain = 360,
			aout = 360,
			atout = 0,
			rmix = 0,
		},
		userprops =
		{
			category = "Audio",
		}
	},

	{
		entity_name = "dx_s064x_2701_juni_153_copy_1",
		type = SOUND,
		template_name = "dx_s064x_2701_juni",
		lt_grp = 0, srt_grp = 0, usr_flg = 0,
		spatialprops =
		{
			pos = { 0, 0, 0 },
			orient = { { 1, 0, 0 }, { 0, 1, 0 }, { 0, 0, 1 } }
		},
		audioprops =
		{
			attenuation = -1,
			pan = 0,
			dmin = 50,
			dmax = 1000,
			ain = 360,
			aout = 360,
			atout = 0,
			rmix = 0,
		},
		userprops =
		{
			category = "Audio",
		}
	},

	{
		entity_name = "dx_s064x_1801_Trent_136_copy_1",
		type = SOUND,
		template_name = "dx_s064x_1801_Trent",
		lt_grp = 0, srt_grp = 0, usr_flg = 0,
		spatialprops =
		{
			pos = { 0, 0, 0 },
			orient = { { 1, 0, 0 }, { 0, 1, 0 }, { 0, 0, 1 } }
		},
		audioprops =
		{
			attenuation = -1,
			pan = 0,
			dmin = 50,
			dmax = 1000,
			ain = 360,
			aout = 360,
			atout = 0,
			rmix = 0,
		},
		userprops =
		{
			category = "Audio",
		}
	},

	{
		entity_name = "Cam_12_BeginMove_A",
		type = CAMERA,
		template_name = "",
		lt_grp = 0, srt_grp = 0, usr_flg = 0,
		spatialprops =
		{
			pos = { 11.71182, 1.193231, -12.61934 },
			orient = { { -0.592707,  0.000000, -0.805418 },
					   {  0.213622,  0.964185, -0.157204 },
					   {  0.776572, -0.265231, -0.571479 } }
		},
		cameraprops =
		{
			fovh = 30,
			hvaspect = 1.85,
			nearplane = 0.05,
			farplane = 4000
		}
	},

	{
		entity_name = "Cam_12_BeginMove_B",
		type = CAMERA,
		template_name = "",
		lt_grp = 0, srt_grp = 0, usr_flg = 0,
		spatialprops =
		{
			pos = { 11.41264, -4.756032, -14.06147 },
			orient = { { -0.564556,  0.000000, -0.825395 },
					   { -0.182707,  0.975193,  0.124968 },
					   {  0.804919,  0.221356, -0.550551 } }
		},
		cameraprops =
		{
			fovh = 30,
			hvaspect = 1.85,
			nearplane = 0.4,
			farplane = 4000
		}
	},

	{
		entity_name = "Cam_12_Path",
		type = MOTION_PATH,
		template_name = "",
		lt_grp = 0, srt_grp = 0, usr_flg = 0,
		spatialprops =
		{
			pos = { 11.56904, 0.218356, -12.50379 },
			orient = { { -0.629104,  0.000000, -0.777321 },
					   {  0.286626,  0.929534, -0.231973 },
					   {  0.722547, -0.368735, -0.584774 } }
		},
		pathprops =
		{
			path_type = "CV_CROrientationSplinePath",
			path_data = "OPEN,{-0.000008,0.973909,-0.188739}, {1.000000,0.000000,0.000000,0.000000}, {1.208317,0.018658,0.323014}, {0.976465,-0.204126,-0.069586,-0.002538}, {1.309209,-4.307351,2.632111}, {0.970426,-0.239047,-0.033292,0.004560}, "
		}
	},

	{
		entity_name = "char_MRK_AWAY",
		type = MARKER,
		template_name = "",
		lt_grp = 0, srt_grp = 0, usr_flg = 0,
		spatialprops =
		{
			pos = { -99.62035, 0.969072, -165.6093 },
			orient = { {  0.026185,  0.000000, -0.999657 },
					   {  0.000000,  1.000000,  0.000000 },
					   {  0.999657,  0.000000,  0.026185 } }
		}
	},

	{
		entity_name = "char_vonclaussen_Mrk_PivotBack",
		type = MARKER,
		template_name = "",
		lt_grp = 0, srt_grp = 0, usr_flg = 0,
		spatialprops =
		{
			pos = { 0.260832, 0.972925, -23.28691 },
			orient = { { -0.881353,  0.000000, -0.472457 },
					   {  0.000000,  1.000000,  0.000000 },
					   {  0.472457,  0.000000, -0.881353 } }
		}
	},

	{
		entity_name = "Camera_09_It_Was",
		type = CAMERA,
		template_name = "",
		lt_grp = 0, srt_grp = 0, usr_flg = 0,
		spatialprops =
		{
			pos = { -0.493485, 1.76949, -23.35432 },
			orient = { { -0.098899,  0.000000, -0.995098 },
					   { -0.206648,  0.978200,  0.020538 },
					   {  0.973404,  0.207666, -0.096743 } }
		},
		cameraprops =
		{
			fovh = 20,
			hvaspect = 1.85,
			nearplane = 0.4,
			farplane = 1000
		}
	},

	{
		entity_name = "Camera_010_Orillion_Welcome",
		type = CAMERA,
		template_name = "",
		lt_grp = 0, srt_grp = 0, usr_flg = 0,
		spatialprops =
		{
			pos = { -0.963863, 1.712909, -20.52399 },
			orient = { {  0.973651,  0.000000,  0.228041 },
					   {  0.022071,  0.995305, -0.094233 },
					   { -0.226971,  0.096783,  0.969081 } }
		},
		cameraprops =
		{
			fovh = 20,
			hvaspect = 1.85,
			nearplane = 0.4,
			farplane = 1000
		}
	},

	{
		entity_name = "char_order_extra_02",
		type = DEFORMABLE,
		template_name = "li_female_merchant_2",
		lt_grp = 0, srt_grp = 0, usr_flg = 0,
		flags = LIT_DYNAMIC + LIT_AMBIENT,
		spatialprops =
		{
			pos = { 0.242359, 0, 0 },
			orient = { { 1, 0, 0 }, { 0, 1, 0 }, { 0, 0, 1 } }
		},
		compoundprops =
		{
			floor_height = 0
		},
		userprops =
		{
			actor = "extra_02",
			category = "Character",
			Priority = "BG_Extras_1",
		}
	},

	{
		entity_name = "Char_order_extra_01__CamWipe",
		type = DEFORMABLE,
		template_name = "order_male_tech_1",
		lt_grp = 0, srt_grp = 0, usr_flg = 0,
		flags = LIT_DYNAMIC,
		spatialprops =
		{
			pos = { -2.050028, 0, 5.78088 },
			orient = { { 1, 0, 0 }, { 0, 1, 0 }, { 0, 0, 1 } }
		},
		compoundprops =
		{
			floor_height = 0
		},
		userprops =
		{
			actor = "extra_01",
			category = "Character",
		}
	},

	{
		entity_name = "char_king_Mrk_to_Juni_copy_1",
		type = MARKER,
		template_name = "",
		lt_grp = 0, srt_grp = 0, usr_flg = 0,
		spatialprops =
		{
			pos = { 1.138016, 0.969072, -22.35694 },
			orient = { {  0.150980,  0.000000, -0.988537 },
					   {  0.000000,  1.000000,  0.000000 },
					   {  0.988537,  0.000000,  0.150980 } }
		}
	},

	{
		entity_name = "char_order_extra_02_Mrk_starting_position",
		type = MARKER,
		template_name = "",
		lt_grp = 0, srt_grp = 0, usr_flg = 0,
		spatialprops =
		{
			pos = { -1.863651, -12.10053, 4.393875 },
			orient = { { -0.928123,  0.000000,  0.372275 },
					   {  0.000000,  1.000000,  0.000000 },
					   { -0.372275,  0.000000, -0.928123 } }
		}
	},

	{
		entity_name = "SFX_rtc_fadeblack_variable_1",
		type = PSYS,
		template_name = "rtc_fadeblack_variable",
		lt_grp = 0, srt_grp = 0, usr_flg = 0,
		flags = LIT_DYNAMIC + LIT_AMBIENT,
		spatialprops =
		{
			pos = { 11.69121, 1.196506, -12.60945 },
			orient = { { -0.592707,  0.000000, -0.805418 },
					   {  0.213622,  0.964185, -0.157204 },
					   {  0.776572, -0.265231, -0.571479 } }
		},
		psysprops =
		{
			sparam = 0
		}
	},

	{
		entity_name = "char_order_extra_01_Mrk_Under_Ship",
		type = MARKER,
		template_name = "",
		lt_grp = 0, srt_grp = 0, usr_flg = 0,
		spatialprops =
		{
			pos = { -0.883757, -12.1197, 4.573837 },
			orient = { { -0.773428,  0.000000, -0.633885 },
					   {  0.000000,  1.000000,  0.000000 },
					   {  0.633885,  0.000000, -0.773428 } }
		}
	},

	{
		entity_name = "char_orillion_Mrk_Below_Start",
		type = MARKER,
		template_name = "",
		lt_grp = 0, srt_grp = 0, usr_flg = 0,
		spatialprops =
		{
			pos = { -8.013309, -11.86632, -5.886594 },
			orient = { { -0.030606,  0.000000,  0.999531 },
					   {  0.000000,  1.000000,  0.000000 },
					   { -0.999531,  0.000000, -0.030606 } }
		}
	},

	{
		entity_name = "char_juni_Mrk_Below_start",
		type = MARKER,
		template_name = "",
		lt_grp = 0, srt_grp = 0, usr_flg = 0,
		spatialprops =
		{
			pos = { -7.662294, -11.86632, -5.230712 },
			orient = { { -0.022574,  0.000000,  0.999745 },
					   {  0.000000,  1.000000,  0.000000 },
					   { -0.999745,  0.000000, -0.022574 } }
		}
	},

	{
		entity_name = "char_trent_Mrk_Below_Start",
		type = MARKER,
		template_name = "",
		lt_grp = 0, srt_grp = 0, usr_flg = 0,
		spatialprops =
		{
			pos = { -7.970368, -12.10524, -6.449944 },
			orient = { { -0.016439,  0.000000,  0.999865 },
					   {  0.000000,  1.000000,  0.000000 },
					   { -0.999865,  0.000000, -0.016439 } }
		}
	},

	{
		entity_name = "Cam_13_CO",
		type = CAMERA,
		template_name = "",
		lt_grp = 0, srt_grp = 0, usr_flg = 0,
		spatialprops =
		{
			pos = { 1.612411, -11.32882, -14.43662 },
			orient = { { -0.867100,  0.000000, -0.498134 },
					   { -0.014823,  0.999557,  0.025802 },
					   {  0.497913,  0.029757, -0.866716 } }
		},
		cameraprops =
		{
			fovh = 20,
			hvaspect = 1.85,
			nearplane = 0.4,
			farplane = 1000
		}
	},

	{
		entity_name = "Cam_13_CO_(END)_Orient_2",
		type = CAMERA,
		template_name = "",
		lt_grp = 0, srt_grp = 0, usr_flg = 0,
		spatialprops =
		{
			pos = { 13.07212, -11.61129, -8.56424 },
			orient = { { -0.638059,  0.000000, -0.769987 },
					   {  0.055246,  0.997423, -0.045780 },
					   {  0.768003, -0.071749, -0.636415 } }
		},
		cameraprops =
		{
			fovh = 20,
			hvaspect = 1.85,
			nearplane = 0.4,
			farplane = 1000
		}
	},

	{
		entity_name = "char_order_extra_03",
		type = DEFORMABLE,
		template_name = "or_pi_02",
		lt_grp = 0, srt_grp = 0, usr_flg = 0,
		flags = LIT_DYNAMIC + LIT_AMBIENT,
		spatialprops =
		{
			pos = { 0, 0, 0 },
			orient = { { 1, 0, 0 }, { 0, 1, 0 }, { 0, 0, 1 } }
		},
		compoundprops =
		{
			floor_height = 0
		},
		userprops =
		{
			actor = "extra_03",
			category = "Character",
			Priority = "FG_Extras_1",
		}
	},

	{
		entity_name = "char_order_extra_03_Mrk_starting_position",
		type = MARKER,
		template_name = "",
		lt_grp = 0, srt_grp = 0, usr_flg = 0,
		spatialprops =
		{
			pos = { 3.597723, -11.70537, -6.74108 },
			orient = { {  0.353397,  0.054076, -0.933909 },
					   { -0.014636,  0.998525,  0.052279 },
					   {  0.935359, -0.004806,  0.353667 } }
		}
	},

	{
		entity_name = "Cam_16_CU_Orillion",
		type = CAMERA,
		template_name = "",
		lt_grp = 0, srt_grp = 0, usr_flg = 0,
		spatialprops =
		{
			pos = { 12.65223, -11.50137, -5.357507 },
