duration = 173.906;

entities =
{

	{
		entity_name = "Layer_Scene_s069x",
		type = SCENE,
		template_name = "",
		lt_grp = 0, srt_grp = 0, usr_flg = 0,
		spatialprops =
		{
			pos = { 0, 0, 0 },
			orient = { { 1, 0, 0 }, { 0, 1, 0 }, { 0, 0, 1 } }
		},
		up = Y_AXIS,
		front = Z_AXIS,
		ambient = { 0, 0, 0 }
	},

	{
		entity_name = "char_walker_1",
		type = DEFORMABLE,
		template_name = "walker",
		lt_grp = 0, srt_grp = 0, usr_flg = 0,
		flags = LIT_DYNAMIC,
		spatialprops =
		{
			pos = { 88.48418, 0, 10.70677 },
			orient = { { -0.987099,  0.000000, -0.160109 },
					   {  0.000000,  1.000000,  0.000000 },
					   {  0.160109,  0.000000, -0.987099 } }
		},
		compoundprops =
		{
			floor_height = 0
		},
		userprops =
		{
			actor = "walker",
			category = "Character",
		}
	},

	{
		entity_name = "char_trent",
		type = DEFORMABLE,
		template_name = "trent",
		lt_grp = 0, srt_grp = 0, usr_flg = 0,
		flags = LIT_DYNAMIC,
		spatialprops =
		{
			pos = { -601.8118, 0, -483.7172 },
			orient = { { 1, 0, 0 }, { 0, 1, 0 }, { 0, 0, 1 } }
		},
		compoundprops =
		{
			floor_height = 0
		},
		userprops =
		{
			actor = "player",
			category = "Character",
		}
	},

	{
		entity_name = "char_juni",
		type = DEFORMABLE,
		template_name = "juni",
		lt_grp = 0, srt_grp = 0, usr_flg = 0,
		flags = LIT_DYNAMIC,
		spatialprops =
		{
			pos = { 89.73346, 0, 14.49068 },
			orient = { { -0.390535,  0.000000,  0.920588 },
					   {  0.000000,  1.000000,  0.000000 },
					   { -0.920588,  0.000000, -0.390535 } }
		},
		compoundprops =
		{
			floor_height = 0
		},
		userprops =
		{
			actor = "juni",
			category = "Character",
		}
	},

	{
		entity_name = "char_reed_4",
		type = DEFORMABLE,
		template_name = "reed",
		lt_grp = 0, srt_grp = 0, usr_flg = 0,
		flags = LIT_DYNAMIC,
		spatialprops =
		{
			pos = { -601.8118, 0, -483.7172 },
			orient = { {  1.000000,  0.000000,  0.000013 },
					   {  0.000000,  1.000000,  0.000000 },
					   { -0.000013,  0.000000,  1.000000 } }
		},
		compoundprops =
		{
			floor_height = 0
		},
		userprops =
		{
			actor = "reed",
			category = "Character",
		}
	},

	{
		entity_name = "char_jacobi_5",
		type = DEFORMABLE,
		template_name = "jacobi",
		lt_grp = 0, srt_grp = 0, usr_flg = 0,
		flags = LIT_DYNAMIC,
		spatialprops =
		{
			pos = { -601.8118, 0, -483.7172 },
			orient = { { 1, 0, 0 }, { 0, 1, 0 }, { 0, 0, 1 } }
		},
		compoundprops =
		{
			floor_height = 0
		},
		userprops =
		{
			actor = "jacobi",
			category = "Character",
		}
	},

	{
		entity_name = "char_neimann_6",
		type = DEFORMABLE,
		template_name = "neimann",
		lt_grp = 0, srt_grp = 0, usr_flg = 0,
		flags = LIT_DYNAMIC,
		spatialprops =
		{
			pos = { -601.8118, 0, -483.7172 },
			orient = { { 1, 0, 0 }, { 0, 1, 0 }, { 0, 0, 1 } }
		},
		compoundprops =
		{
			floor_height = 0
		},
		userprops =
		{
			actor = "neimann",
			category = "Character",
		}
	},

	{
		entity_name = "Cam_26_Neimann_thrash_B",
		type = CAMERA,
		template_name = "",
		lt_grp = 0, srt_grp = 0, usr_flg = 0,
		flags = HIDDEN,
		spatialprops =
		{
			pos = { -0.000443, 1.587569, -2.327472 },
			orient = { { -0.830950,  0.162376,  0.532125 },
					   {  0.045824,  0.973186, -0.225407 },
					   { -0.554457, -0.162918, -0.816110 } }
		},
		cameraprops =
		{
			fovh = 30,
			hvaspect = 1.85,
			nearplane = 0.1,
			farplane = 1000
		}
	},

	{
		entity_name = "cam_Monitor_s069x",
		type = MONITOR,
		template_name = "",
		lt_grp = 0, srt_grp = 0, usr_flg = 0,
		userprops =
		{
			Priority = "Monitor_Moving_1",
		}
	},

	{
		entity_name = "char_juni_Mk_loc_01",
		type = MARKER,
		template_name = "",
		lt_grp = 0, srt_grp = 0, usr_flg = 0,
		spatialprops =
		{
			pos = { 89.72312, 0.960122, 14.49916 },
			orient = { {  0.130978,  0.000000,  0.991385 },
					   {  0.000000,  1.000000,  0.000000 },
					   { -0.991385,  0.000000,  0.130978 } }
		}
	},

	{
		entity_name = "char_trent_Mk_loc_01",
		type = MARKER,
		template_name = "",
		lt_grp = 0, srt_grp = 0, usr_flg = 0,
		spatialprops =
		{
			pos = { 87.96133, 0.960122, 14.00186 },
			orient = { {  0.442025,  0.000000,  0.897003 },
					   {  0.000000,  1.000000,  0.000000 },
					   { -0.897003,  0.000000,  0.442025 } }
		}
	},

	{
		entity_name = "char_walker_Mk_loc_01",
		type = MARKER,
		template_name = "",
		lt_grp = 0, srt_grp = 0, usr_flg = 0,
		spatialprops =
		{
			pos = { 88.47842, 0.960122, 10.70912 },
			orient = { { -0.989516,  0.000000, -0.144423 },
					   {  0.000000,  1.000000,  0.000000 },
					   {  0.144423,  0.000000, -0.989516 } }
		}
	},

	{
		entity_name = "Cam_01_Hall_trap_A",
		type = CAMERA,
		template_name = "",
		lt_grp = 0, srt_grp = 0, usr_flg = 0,
		spatialprops =
		{
			pos = { 90.88471, 1.132454, 15.16143 },
			orient = { {  0.988492,  0.000000,  0.151273 },
					   { -0.020317,  0.990940,  0.132759 },
					   { -0.149902, -0.134305,  0.979536 } }
		},
		cameraprops =
		{
			fovh = 30,
			hvaspect = 1.85,
			nearplane = 0.2,
			farplane = 100
		}
	},

	{
		entity_name = "Cam_02_Crane_Prez_intro_B",
		type = CAMERA,
		template_name = "",
		lt_grp = 0, srt_grp = 0, usr_flg = 0,
		flags = HIDDEN,
		spatialprops =
		{
			pos = { -1.388054, 2.196135, 2.857863 },
			orient = { { -0.449653, -0.123006,  0.884693 },
					   { -0.313364,  0.949241, -0.027290 },
					   { -0.836430, -0.289502, -0.465374 } }
		},
		cameraprops =
		{
			fovh = 20,
			hvaspect = 1.85,
			nearplane = 0.4,
			farplane = 1000
		}
	},

	{
		entity_name = "char_neimann_Mk_loc_01_arrival",
		type = MARKER,
		template_name = "",
		lt_grp = 0, srt_grp = 0, usr_flg = 0,
		spatialprops =
		{
			pos = { -0.332844, 0, 6.71807 },
			orient = { { 1, 0, 0 }, { 0, 1, 0 }, { 0, 0, 1 } }
		}
	},

	{
		entity_name = "char_reed_Mk_loc_01_Arrival",
		type = MARKER,
		template_name = "",
		lt_grp = 0, srt_grp = 0, usr_flg = 0,
		spatialprops =
		{
			pos = { 0.148312, 0.973779, 7.818593 },
			orient = { {  0.998751,  0.000000,  0.049960 },
					   {  0.000000,  1.000000,  0.000000 },
					   { -0.049960,  0.000000,  0.998751 } }
		}
	},

	{
		entity_name = "Cam_10_Exit_Reed_A",
		type = CAMERA,
		template_name = "",
		lt_grp = 0, srt_grp = 0, usr_flg = 0,
		flags = HIDDEN,
		spatialprops =
		{
			pos = { 0.879014, 1.494772, 10.77435 },
			orient = { {  0.976398,  0.122988,  0.177544 },
					   { -0.116188,  0.992055, -0.048244 },
					   { -0.182066,  0.026477,  0.982930 } }
		},
		cameraprops =
		{
			fovh = 20,
			hvaspect = 1.85,
			nearplane = 1,
			farplane = 1000
		}
	},

	{
		entity_name = "char_rh_agent_1",
		type = DEFORMABLE,
		template_name = "rh_agent_1",
		lt_grp = 0, srt_grp = 0, usr_flg = 0,
		flags = LIT_DYNAMIC,
		spatialprops =
		{
			pos = { -601.8118, 0, -483.7172 },
			orient = { {  1.000000,  0.000000,  0.000013 },
					   {  0.000000,  1.000000,  0.000000 },
					   { -0.000013,  0.000000,  1.000000 } }
		},
		compoundprops =
		{
			floor_height = 0
		},
		userprops =
		{
			actor = "rh_agent_1",
			category = "Character",
		}
	},

	{
		entity_name = "char_rh_agent_2",
		type = DEFORMABLE,
		template_name = "rh_agent_2",
		lt_grp = 0, srt_grp = 0, usr_flg = 0,
		flags = LIT_DYNAMIC,
		spatialprops =
		{
			pos = { -601.8118, 0, -483.7172 },
			orient = { {  1.000000,  0.000000,  0.000013 },
					   {  0.000000,  1.000000,  0.000000 },
					   { -0.000013,  0.000000,  1.000000 } }
		},
		compoundprops =
		{
			floor_height = 0
		},
		userprops =
		{
			actor = "rh_agent_2",
			category = "Character",
		}
	},

	{
		entity_name = "char_rh_agent_1_Mk_loc_01_arrival",
		type = MARKER,
		template_name = "",
		lt_grp = 0, srt_grp = 0, usr_flg = 0,
		spatialprops =
		{
			pos = { 1.597495, 0, 10.72181 },
			orient = { { 1, 0, 0 }, { 0, 1, 0 }, { 0, 0, 1 } }
		}
	},

	{
		entity_name = "char_rh_agent_2_Mk_loc_01_arrival",
		type = MARKER,
		template_name = "",
		lt_grp = 0, srt_grp = 0, usr_flg = 0,
		spatialprops =
		{
			pos = { -0.890186, 0, 10.82329 },
			orient = { { 1, 0, 0 }, { 0, 1, 0 }, { 0, 0, 1 } }
		}
	},

	{
		entity_name = "char_reed_Mk_loc_03_leaving",
		type = MARKER,
		template_name = "",
		lt_grp = 0, srt_grp = 0, usr_flg = 0,
		spatialprops =
		{
			pos = { 1.122364, 0.967803, 7.577735 },
			orient = { { -0.976967,  0.000000,  0.213389 },
					   {  0.000000,  1.000000,  0.000000 },
					   { -0.213389,  0.000000, -0.976967 } }
		}
	},

	{
		entity_name = "Cam_19_Prez_upside_down",
		type = CAMERA,
		template_name = "",
		lt_grp = 0, srt_grp = 0, usr_flg = 0,
		flags = HIDDEN,
		spatialprops =
		{
			pos = { -1.287812, 0.808822, 0.611977 },
			orient = { {  0.879743,  0.000000,  0.475449 },
					   { -0.166086,  0.937002,  0.307317 },
					   { -0.445497, -0.349325,  0.824321 } }
		},
		cameraprops =
		{
			fovh = 20,
			hvaspect = 1.85,
			nearplane = 0.4,
			farplane = 1000
		}
	},

	{
		entity_name = "char_neimann_Mk_loc_03_approach_jacobi",
		type = MARKER,
		template_name = "",
		lt_grp = 0, srt_grp = 0, usr_flg = 0,
		spatialprops =
		{
			pos = { 0.149878, 0.969072, 0.300021 },
			orient = { { 1, 0, 0 }, { 0, 1, 0 }, { 0, 0, 1 } }
		}
	},

	{
		entity_name = "prop_gun_laser_Trent_1",
		type = COMPOUND,
		template_name = "gun_laser_2",
		lt_grp = 0, srt_grp = 0, usr_flg = 0,
		flags = LIT_DYNAMIC,
		spatialprops =
		{
			pos = { 92.82104, -9.532239, 11.78815 },
			orient = { { 1, 0, 0 }, { 0, 1, 0 }, { 0, 0, 1 } }
		},
		userprops =
		{
			category = "Prop",
		}
	},

	{
		entity_name = "rifle_2",
		type = COMPOUND,
		template_name = "rifle",
		lt_grp = 0, srt_grp = 0, usr_flg = 0,
		flags = LIT_DYNAMIC,
		spatialprops =
		{
			pos = { 0, 0, 0 },
			orient = { { 1, 0, 0 }, { 0, 1, 0 }, { 0, 0, 1 } }
		},
		userprops =
		{
			category = "Prop",
		}
	},

	{
		entity_name = "char_trent_Mk_loc_02_spot_Reed",
		type = MARKER,
		template_name = "",
		lt_grp = 0, srt_grp = 0, usr_flg = 0,
		spatialprops =
		{
			pos = { 11.43559, 0, 8.007447 },
			orient = { { -0.070889,  0.000000,  0.997484 },
					   {  0.000000,  1.000000,  0.000000 },
					   { -0.997484,  0.000000, -0.070889 } }
		}
	},

	{
		entity_name = "Char_walker_Mk_loc_02_Reed_Grabbed",
		type = MARKER,
		template_name = "",
		lt_grp = 0, srt_grp = 0, usr_flg = 0,
		spatialprops =
		{
			pos = { 12.97297, 0, 3.64941 },
			orient = { { -0.841067,  0.000000, -0.540932 },
					   {  0.000000,  1.000000,  0.000000 },
					   {  0.540932,  0.000000, -0.841067 } }
		}
	},

	{
		entity_name = "Cam_13_PCS_see_Reed_A",
		type = CAMERA,
		template_name = "",
		lt_grp = 0, srt_grp = 0, usr_flg = 0,
		flags = HIDDEN,
		spatialprops =
		{
			pos = { 13.27388, 1.734745, 9.187614 },
			orient = { {  0.093862,  0.000000, -0.995585 },
					   { -0.077966,  0.996929, -0.007350 },
					   {  0.992528,  0.078312,  0.093574 } }
		},
		cameraprops =
		{
			fovh = 20,
			hvaspect = 1.85,
			nearplane = 1,
			farplane = 1000
		}
	},

	{
		entity_name = "char_reed_Mk_loc_05_Hall",
		type = MARKER,
		template_name = "",
		lt_grp = 0, srt_grp = 0, usr_flg = 0,
		spatialprops =
		{
			pos = { 10.04818, 0.969072, 9.549088 },
			orient = { {  0.013741,  0.000000,  0.999906 },
					   {  0.000000,  1.000000,  0.000000 },
					   { -0.999906,  0.000000,  0.013741 } }
		}
	},

	{
		entity_name = "Cam_14_Grab_Reed_A",
		type = CAMERA,
		template_name = "",
		lt_grp = 0, srt_grp = 0, usr_flg = 0,
		flags = HIDDEN,
		spatialprops =
		{
			pos = { 8.531498, 1.520101, 9.373734 },
			orient = { {  0.018187,  0.000000,  0.999835 },
					   {  0.026290,  0.999654, -0.000478 },
					   { -0.999489,  0.026295,  0.018181 } }
		},
		cameraprops =
		{
			fovh = 20,
			hvaspect = 1.85,
			nearplane = 0.9,
			farplane = 1000
		}
	},

	{
		entity_name = "char_reed_Mk_loc_07_slammed_Back",
		type = MARKER,
		template_name = "",
		lt_grp = 0, srt_grp = 0, usr_flg = 0,
		spatialprops =
		{
			pos = { 11.62887, 0.934246, 7.576159 },
			orient = { { -0.025431,  0.000000,  0.999677 },
					   {  0.000000,  1.000000,  0.000000 },
					   { -0.999677,  0.000000, -0.025431 } }
		}
	},

	{
		entity_name = "char_juni_Mk_loc_03_hold_up_reed",
		type = MARKER,
		template_name = "",
		lt_grp = 0, srt_grp = 0, usr_flg = 0,
		spatialprops =
		{
			pos = { 11.97782, 0.928646, 7.091274 },
			orient = { { -0.673764,  0.000000, -0.738947 },
					   {  0.000000,  1.000000,  0.000000 },
					   {  0.738947,  0.000000, -0.673764 } }
		}
	},

	{
		entity_name = "char_trent_Mk_loc_03_hold_up_reed",
		type = MARKER,
		template_name = "",
		lt_grp = 0, srt_grp = 0, usr_flg = 0,
		spatialprops =
		{
			pos = { 12.05242, 0.94873, 8.430252 },
			orient = { {  0.818481,  0.000000, -0.574534 },
					   {  0.000000,  1.000000,  0.000000 },
					   {  0.574534,  0.000000,  0.818481 } }
		}
	},

	{
		entity_name = "char_trent_Mk_IKRLowArm_Reed_back",
		type = MARKER,
		template_name = "",
		lt_grp = 0, srt_grp = 0, usr_flg = 0,
		spatialprops =
		{
			pos = { 10.5401, 1.398662, 9.38578 },
			orient = { {  0.151456,  0.000000,  0.988464 },
					   {  0.000000,  1.000000,  0.000000 },
					   { -0.988464,  0.000000,  0.151456 } }
		}
	},

	{
		entity_name = "char_trent_Mk_LLowArm_Reed_front",
		type = MARKER,
		template_name = "",
		lt_grp = 0, srt_grp = 0, usr_flg = 0,
		spatialprops =
		{
			pos = { 11.72461, 1.418991, 9.431789 },
			orient = { {  0.010479,  0.000000,  0.999945 },
					   {  0.000000,  1.000000,  0.000000 },
					   { -0.999945,  0.000000,  0.010479 } }
		}
	},

	{
		entity_name = "Cam_16_Reed_Slam",
		type = CAMERA,
		template_name = "",
		lt_grp = 0, srt_grp = 0, usr_flg = 0,
		flags = HIDDEN,
		spatialprops =
		{
			pos = { 11.19931, 1.500032, 9.700871 },
			orient = { {  0.982576,  0.000000,  0.185863 },
					   {  0.013429,  0.997386, -0.070995 },
					   { -0.185377,  0.072254,  0.980007 } }
		},
		cameraprops =
		{
			fovh = 30,
			hvaspect = 1.85,
			nearplane = 1,
			farplane = 1000
		}
	},

	{
		entity_name = "char_jacobi_torture_1",
		type = DEFORMABLE,
		template_name = "jacobi_torture",
		lt_grp = 0, srt_grp = 0, usr_flg = 0,
		flags = LIT_DYNAMIC,
		spatialprops =
		{
			pos = { -601.8118, 0, -483.7172 },
			orient = { { 1, 0, 0 }, { 0, 1, 0 }, { 0, 0, 1 } }
		},
		compoundprops =
		{
			floor_height = 0
		},
		userprops =
		{
			actor = "jacobi_torture",
			category = "Character",
		}
	},

	{
		entity_name = "char_jacobi_torture_ring_rotate",
		type = COMPOUND,
		template_name = "torture_ring_rotate",
		lt_grp = 0, srt_grp = 0, usr_flg = 0,
		flags = LIT_DYNAMIC,
		spatialprops =
		{
			pos = { 0.094552, 0, 3.796714 },
			orient = { { -0.999753,  0.000000, -0.022219 },
					   {  0.000000,  1.000000,  0.000000 },
					   {  0.022219,  0.000000, -0.999753 } }
		},
		userprops =
		{
			category = "Prop",
		}
	},

	{
		entity_name = "char_jacobi_torture_Mk_loc_02_up",
		type = MARKER,
		template_name = "",
		lt_grp = 0, srt_grp = 0, usr_flg = 0,
		spatialprops =
		{
			pos = { -0.221876, 1.261829, 3.740557 },
			orient = { {  0.999525,  0.028038,  0.012816 },
					   { -0.027138,  0.997472, -0.065675 },
					   { -0.014625,  0.065296,  0.997759 } }
		}
	},

	{
		entity_name = "Mrk_AWAY",
		type = MARKER,
		template_name = "",
		lt_grp = 0, srt_grp = 0, usr_flg = 0,
		spatialprops =
		{
			pos = { -601.8118, 0, -483.7172 },
			orient = { { 1, 0, 0 }, { 0, 1, 0 }, { 0, 0, 1 } }
		}
	},

	{
		entity_name = "char_jacobi_torture_Mk_loc_03_flip",
		type = MARKER,
		template_name = "",
		lt_grp = 0, srt_grp = 0, usr_flg = 0,
		spatialprops =
		{
			pos = { -0.092306, 1.280887, -2.374805 },
			orient = { {  0.918218,  0.014361, -0.395815 },
					   {  0.003300, -0.999585, -0.028611 },
					   { -0.396062,  0.024965, -0.917884 } }
		}
	},

	{
		entity_name = "char_rh_agent_1_Mk_loc_02_approach_jac",
		type = MARKER,
		template_name = "",
		lt_grp = 0, srt_grp = 0, usr_flg = 0,
		spatialprops =
		{
			pos = { 1.812289, 0, 6.134504 },
			orient = { { 1, 0, 0 }, { 0, 1, 0 }, { 0, 0, 1 } }
		}
	},

	{
		entity_name = "char_rh_agent_2_Mk_loc_02_approach_jac",
		type = MARKER,
		template_name = "",
		lt_grp = 0, srt_grp = 0, usr_flg = 0,
		spatialprops =
		{
			pos = { -0.552854, 0, 6.224305 },
			orient = { {  0.998877,  0.000000,  0.047376 },
					   {  0.000000,  1.000000,  0.000000 },
					   { -0.047376,  0.000000,  0.998877 } }
		}
	},

	{
		entity_name = "char_reed_Mk_loc_08_door_death",
		type = MARKER,
		template_name = "",
		lt_grp = 0, srt_grp = 0, usr_flg = 0,
		spatialprops =
		{
			pos = { 1.978037, 0.948725, 9.485371 },
			orient = { {  0.873587,  0.010942, -0.486545 },
					   {  0.000393,  0.999731,  0.023190 },
					   {  0.486668, -0.020450,  0.873348 } }
		}
	},

	{
		entity_name = "char_trent_Mk_loc_05_door_BH_Reed",
		type = MARKER,
		template_name = "",
		lt_grp = 0, srt_grp = 0, usr_flg = 0,
		spatialprops =
		{
			pos = { 1.811558, 0.969072, 8.019733 },
			orient = { { -0.862893,  0.000000, -0.505387 },
					   {  0.000000,  1.000000,  0.000000 },
					   {  0.505387,  0.000000, -0.862893 } }
		}
	},

	{
		entity_name = "char_trent_Mk_loc_08_DIVE",
		type = MARKER,
		template_name = "",
		lt_grp = 0, srt_grp = 0, usr_flg = 0,
		spatialprops =
		{
			pos = { -1.860468, 0.356946, 6.112744 },
			orient = { {  0.930069,  0.000000,  0.367385 },
					   {  0.000000,  1.000000,  0.000000 },
					   { -0.367385,  0.000000,  0.930069 } }
		}
	},

	{
		entity_name = "char_rh_agent_2_Mk_loc_06_turn_to_reed",
		type = MARKER,
		template_name = "",
		lt_grp = 0, srt_grp = 0, usr_flg = 0,
		spatialprops =
		{
			pos = { -1.821823, 0.947071, 1.869387 },
			orient = { { -0.879368,  0.000000, -0.476143 },
					   {  0.000000,  1.000000,  0.000000 },
					   {  0.476143,  0.000000, -0.879368 } }
		}
	},

	{
		entity_name = "char_rh_agent_1_Mk_loc_04_turn_to_Reed",
		type = MARKER,
		template_name = "",
		lt_grp = 0, srt_grp = 0, usr_flg = 0,
		spatialprops =
		{
			pos = { 2.410057, 0.933556, 1.546923 },
			orient = { { -0.529254, -0.000038, -0.848463 },
					   { -0.000014,  1.000000, -0.000036 },
					   {  0.848463, -0.000007, -0.529254 } }
		}
	},

	{
		entity_name = "char_juni_Mk_loc_05_Fire_Fight",
		type = MARKER,
		template_name = "",
		lt_grp = 0, srt_grp = 0, usr_flg = 0,
		spatialprops =
		{
			pos = { 1.853165, 0.928646, 7.909177 },
			orient = { { -0.673764,  0.000000, -0.738947 },
					   {  0.000000,  1.000000,  0.000000 },
					   {  0.738947,  0.000000, -0.673764 } }
		}
	},

	{
		entity_name = "Char_walker_Mk_loc_03_Fire_Fight",
		type = MARKER,
		template_name = "",
		lt_grp = 0, srt_grp = 0, usr_flg = 0,
		spatialprops =
		{
			pos = { -1.970866, 0, 7.816943 },
			orient = { { -0.990338,  0.000000,  0.138674 },
					   {  0.000000,  1.000000,  0.000000 },
					   { -0.138674,  0.000000, -0.990338 } }
		}
	},

	{
		entity_name = "char_juni_Mk_loc_10_Help_Jacobi_2",
		type = MARKER,
		template_name = "",
		lt_grp = 0, srt_grp = 0, usr_flg = 0,
		spatialprops =
		{
			pos = { -3.083509, 0.958579, -4.515103 },
			orient = { { -0.783233,  0.000006,  0.621729 },
					   {  0.000003,  1.000000, -0.000005 },
					   { -0.621729, -0.000002, -0.783233 } }
		}
	},

	{
		entity_name = "char_jacobi_Mk_loc_01_Freed",
		type = MARKER,
		template_name = "",
		lt_grp = 0, srt_grp = 0, usr_flg = 0,
		spatialprops =
		{
			pos = { -1.580498, 0, -0.930275 },
			orient = { { -0.538793,  0.000000,  0.842438 },
					   {  0.000000,  1.000000,  0.000000 },
					   { -0.842438,  0.000000, -0.538793 } }
		}
	},

	{
		entity_name = "Cam_31_guard2_firing",
		type = CAMERA,
		template_name = "",
		lt_grp = 0, srt_grp = 0, usr_flg = 0,
		flags = HIDDEN,
		spatialprops =
		{
			pos = { -4.378269, 1.667936, 5.673583 },
			orient = { {  0.958443,  0.000000,  0.285284 },
					   {  0.019390,  0.997687, -0.065144 },
					   { -0.284624,  0.067969,  0.956227 } }
		},
		cameraprops =
		{
			fovh = 25,
			hvaspect = 1.85,
			nearplane = 1,
			farplane = 1000
		}
	},

	{
		entity_name = "char_li_male_elite_3",
		type = DEFORMABLE,
		template_name = "li_male_elite_3",
		lt_grp = 0, srt_grp = 0, usr_flg = 0,
		flags = LIT_DYNAMIC,
		spatialprops =
		{
			pos = { 87.71022, 0, 9.954085 },
			orient = { { -0.784318,  0.000000,  0.620359 },
					   {  0.000000,  1.000000,  0.000000 },
					   { -0.620359,  0.000000, -0.784318 } }
		},
		compoundprops =
		{
			floor_height = 0
		},
		userprops =
		{
			actor = "li_male_elite_3",
			category = "Character",
		}
	},

	{
		entity_name = "char_li_male_elite_4",
		type = DEFORMABLE,
		template_name = "li_male_elite_4",
		lt_grp = 0, srt_grp = 0, usr_flg = 0,
		flags = LIT_DYNAMIC,
		spatialprops =
		{
			pos = { 83.68105, 0, 5.134139 },
			orient = { { -0.998980,  0.000000,  0.045145 },
					   {  0.000000,  1.000000,  0.000000 },
					   { -0.045145,  0.000000, -0.998980 } }
		},
		compoundprops =
		{
			floor_height = 0
		},
		userprops =
		{
			actor = "li_male_elite_4",
			category = "Character",
		}
	},

	{
		entity_name = "char_li_male_elite_3_mrk_location",
		type = MARKER,
		template_name = "",
		lt_grp = 0, srt_grp = 0, usr_flg = 0,
		spatialprops =
		{
			pos = { 83.48436, 0, 9.634425 },
			orient = { { -0.784815,  0.000000,  0.619730 },
					   {  0.000000,  1.000000,  0.000000 },
					   { -0.619730,  0.000000, -0.784815 } }
		}
	},

	{
		entity_name = "char_li_male_elite_4_mrk_location",
		type = MARKER,
		template_name = "",
		lt_grp = 0, srt_grp = 0, usr_flg = 0,
		spatialprops =
		{
			pos = { 83.66878, 0, 6.9234 },
			orient = { { -0.997991,  0.000000,  0.063355 },
					   {  0.000000,  1.000000,  0.000000 },
					   { -0.063355,  0.000000, -0.997991 } }
		}
	},

	{
		entity_name = "char_rh_agent_2_Mk_loc_07_die",
		type = MARKER,
		template_name = "",
		lt_grp = 0, srt_grp = 0, usr_flg = 0,
		spatialprops =
		{
			pos = { -3.009303, 0.322201, 0.051168 },
			orient = { { -0.995318,  0.000000, -0.096655 },
					   {  0.000000,  1.000000,  0.000000 },
					   {  0.096655,  0.000000, -0.995318 } }
		}
	},

	{
		entity_name = "Cam_07_ACS_Prez_strain",
		type = CAMERA,
		template_name = "",
		lt_grp = 0, srt_grp = 0, usr_flg = 0,
		flags = HIDDEN,
		spatialprops =
		{
			pos = { -0.979988, 1.520928, 3.130428 },
			orient = { { -0.467886,  0.178931,  0.865486 },
					   { -0.090606,  0.964419, -0.248366 },
					   { -0.879132, -0.194625, -0.435026 } }
		},
		cameraprops =
		{
			fovh = 20,
			hvaspect = 1.85,
			nearplane = 0.5,
			farplane = 1000
		}
	},

	{
		entity_name = "Cam_04_Reed_Prez_legs",
		type = CAMERA,
		template_name = "",
		lt_grp = 0, srt_grp = 0, usr_flg = 0,
		flags = HIDDEN,
		spatialprops =
		{
			pos = { -0.978105, 1.798003, 4.841905 },
			orient = { {  0.810181,  0.129193,  0.571766 },
					   { -0.085483,  0.991022, -0.102798 },
					   { -0.579914,  0.034409,  0.813951 } }
		},
		cameraprops =
		{
			fovh = 25,
			hvaspect = 1.85,
			nearplane = 0.5,
			farplane = 1000
		}
	},

	{
		entity_name = "Cam_06_Enter_Neimann_A",
		type = CAMERA,
		template_name = "",
		lt_grp = 0, srt_grp = 0, usr_flg = 0,
		flags = HIDDEN,
		spatialprops =
		{
			pos = { -0.56669, 1.979898, 3.197886 },
			orient = { { -0.520339,  0.225969,  0.823520 },
					   {  0.278740,  0.956478, -0.086331 },
					   { -0.807187,  0.184627, -0.560679 } }
		},
		cameraprops =
		{
			fovh = 20,
			hvaspect = 1.85,
			nearplane = 0.45,
			farplane = 1000
		}
	},

	{
		entity_name = "Cam_06_Enter_Neimann_B",
		type = CAMERA,
		template_name = "",
		lt_grp = 0, srt_grp = 0, usr_flg = 0,
		flags = HIDDEN,
		spatialprops =
		{
			pos = { -0.702514, 1.979432, 3.257332 },
			orient = { {  0.746934,  0.215411,  0.629037 },
					   {  0.000915,  0.945731, -0.324948 },
					   { -0.664898,  0.243290,  0.706202 } }
		},
		cameraprops =
		{
			fovh = 20,
			hvaspect = 1.85,
			nearplane = 0.7,
			farplane = 1000
		}
	},

	{
		entity_name = "Cam_08_AC2_Prez_Neimann",
		type = CAMERA,
		template_name = "",
		lt_grp = 0, srt_grp = 0, usr_flg = 0,
		flags = HIDDEN,
		spatialprops =
		{
			pos = { -0.510909, 1.248661, 0.156524 },
			orient = { { -0.970333,  0.163356,  0.178236 },
					   {  0.148746,  0.984535, -0.092552 },
					   { -0.190598, -0.063295, -0.979625 } }
		},
		cameraprops =
		{
			fovh = 25,
			hvaspect = 1.85,
			nearplane = 1,
			farplane = 1000
		}
	},

	{
		entity_name = "Cam_11_Ring_Flip_A",
		type = CAMERA,
		template_name = "",
		lt_grp = 0, srt_grp = 0, usr_flg = 0,
		flags = HIDDEN,
		spatialprops =
		{
			pos = { -0.917325, 0.357551, 2.143579 },
			orient = { { -0.619412,  0.165975,  0.767320 },
					   { -0.414945,  0.760500, -0.499460 },
					   { -0.666445, -0.627767, -0.402193 } }
		},
		cameraprops =
		{
			fovh = 35,
			hvaspect = 1.85,
			nearplane = 0.8,
			farplane = 4000
		}
	},

	{
		entity_name = "Cam_11_Ring_Flip_B",
		type = CAMERA,
		template_name = "",
		lt_grp = 0, srt_grp = 0, usr_flg = 0,
		flags = HIDDEN,
		spatialprops =
		{
			pos = { -0.917325, 0.357551, 2.143579 },
			orient = { { -0.619412,  0.165975,  0.767320 },
					   { -0.585770,  0.553029, -0.592480 },
					   { -0.522687, -0.816462, -0.245330 } }
		},
		cameraprops =
		{
			fovh = 35,
			hvaspect = 1.85,
			nearplane = 0.8,
			farplane = 4000
		}
	},

	{
		entity_name = "Cam_14_Grab_Reed_B",
		type = CAMERA,
		template_name = "",
		lt_grp = 0, srt_grp = 0, usr_flg = 0,
		flags = HIDDEN,
		spatialprops =
		{
			pos = { 10.57995, 1.46621, 9.336467 },
			orient = { {  0.018187,  0.000000,  0.999835 },
					   {  0.026290,  0.999654, -0.000478 },
					   { -0.999489,  0.026295,  0.018181 } }
		},
		cameraprops =
		{
			fovh = 20,
			hvaspect = 1.85,
			nearplane = 0.9,
			farplane = 1000
		}
	},

	{
		entity_name = "Cam_21_ACO_Prez",
		type = CAMERA,
		template_name = "",
		lt_grp = 0, srt_grp = 0, usr_flg = 0,
		flags = HIDDEN,
		spatialprops =
		{
			pos = { -0.594483, 1.278874, -0.294079 },
			orient = { {  0.778467,  0.178773,  0.601689 },
					   { -0.316388,  0.939659,  0.130153 },
					   { -0.542115, -0.291687,  0.788055 } }
		},
		cameraprops =
		{
			fovh = 20,
			hvaspect = 1.85,
			nearplane = 0.65,
			farplane = 1000
		}
	},

	{
		entity_name = "Cam_30_Tr_Blast_in_A",
		type = CAMERA,
		template_name = "",
		lt_grp = 0, srt_grp = 0, usr_flg = 0,
		flags = HIDDEN,
		spatialprops =
		{
			pos = { -0.770785, 1.575103, 6.946594 },
			orient = { { -0.182325,  0.000000,  0.983238 },
					   {  0.021275,  0.999766,  0.003945 },
					   { -0.983008,  0.021638, -0.182282 } }
		},
		cameraprops =
		{
			fovh = 25,
			hvaspect = 1.85,
			nearplane = 0.4,
			farplane = 4000
		}
	},

	{
		entity_name = "Cam_30_Tr_Blast_in_B",
		type = CAMERA,
		template_name = "",
		lt_grp = 0, srt_grp = 0, usr_flg = 0,
		flags = HIDDEN,
		spatialprops =
		{
			pos = { 0.357629, 1.538775, 4.766471 },
			orient = { { -0.999966,  0.000000, -0.008281 },
					   { -0.000150,  0.999835,  0.018142 },
					   {  0.008279,  0.018143, -0.999801 } }
		},
		cameraprops =
		{
			fovh = 25,
			hvaspect = 1.85,
			nearplane = 0.4,
			farplane = 1000
		}
	},

	{
		entity_name = "Cam_32_guard1_firing",
		type = CAMERA,
		template_name = "",
		lt_grp = 0, srt_grp = 0, usr_flg = 0,
		flags = HIDDEN,
		spatialprops =
		{
			pos = { 2.713818, 0.639351, 6.272104 },
			orient = { {  0.998487,  0.000000,  0.054997 },
					   { -0.004208,  0.997068,  0.076406 },
					   { -0.054836, -0.076522,  0.995559 } }
		},
		cameraprops =
		{
			fovh = 20,
			hvaspect = 1.85,
			nearplane = 1,
			farplane = 1000
		}
	},

	{
		entity_name = "char_reed_Mk_loc_09_Getting_shot",
		type = MARKER,
		template_name = "",
		lt_grp = 0, srt_grp = 0, usr_flg = 0,
		spatialprops =
		{
			pos = { 0.370689, 0.847293, 6.477287 },
			orient = { {  0.865458,  0.000000, -0.500982 },
					   {  0.000000,  1.000000,  0.000000 },
					   {  0.500982,  0.000000,  0.865458 } }
		}
	},

	{
		entity_name = "Cam_33_Trent_Diving",
		type = CAMERA,
		template_name = "",
		lt_grp = 0, srt_grp = 0, usr_flg = 0,
		flags = HIDDEN,
		spatialprops =
		{
			pos = { 0.432704, 1.62724, 3.967 },
			orient = { { -0.990811,  0.000000, -0.135251 },
					   { -0.020474,  0.988476,  0.149987 },
					   {  0.133692,  0.151378, -0.979393 } }
		},
		cameraprops =
		{
			fovh = 25,
			hvaspect = 1.85,
			nearplane = 1,
			farplane = 1000
		}
	},

	{
		entity_name = "char_trent_Mk_loc_07_preDIVE",
		type = MARKER,
		template_name = "",
		lt_grp = 0, srt_grp = 0, usr_flg = 0,
		spatialprops =
		{
			pos = { 0.558128, 0.881039, 7.365014 },
			orient = { {  0.995114,  0.000000,  0.098728 },
					   {  0.000000,  1.000000,  0.000000 },
					   { -0.098728,  0.000000,  0.995114 } }
		}
	},

	{
		entity_name = "char_rh_agent_1_Mk_loc_05_return_fire",
		type = MARKER,
		template_name = "",
		lt_grp = 0, srt_grp = 0, usr_flg = 0,
		spatialprops =
		{
			pos = { 3.217986, 0.343058, 1.153596 },
			orient = { { -0.573515,  0.000000, -0.819195 },
					   {  0.000000,  1.000000,  0.000000 },
					   {  0.819195,  0.000000, -0.573515 } }
		}
	},

	{
		entity_name = "Cam_34_Guard_1_firing",
		type = CAMERA,
		template_name = "",
		lt_grp = 0, srt_grp = 0, usr_flg = 0,
		flags = HIDDEN,
		spatialprops =
		{
			pos = { 2.138498, 0.898497, 2.919267 },
			orient = { {  0.762193,  0.000000,  0.647350 },
					   {  0.091029,  0.990064, -0.107178 },
					   { -0.640917,  0.140618,  0.754620 } }
		},
		cameraprops =
		{
			fovh = 25,
			hvaspect = 1.85,
			nearplane = 0.4,
			farplane = 1000
		}
	},

	{
		entity_name = "char_juni_Mk_loc_06_Fire_Fight_2",
		type = MARKER,
		template_name = "",
		lt_grp = 0, srt_grp = 0, usr_flg = 0,
		spatialprops =
		{
			pos = { 2.205141, 0.928646, 7.909177 },
			orient = { { -0.979293,  0.000000, -0.202447 },
					   {  0.000000,  1.000000,  0.000000 },
					   {  0.202447,  0.000000, -0.979293 } }
		}
	},

	{
		entity_name = "Cam_36_guard2_dying",
		type = CAMERA,
		template_name = "",
		lt_grp = 0, srt_grp = 0, usr_flg = 0,
		flags = HIDDEN,
		spatialprops =
		{
			pos = { -4.716173, 1.336782, 4.440561 },
			orient = { {  0.819428,  0.000000,  0.573182 },
					   {  0.036151,  0.998009, -0.051682 },
					   { -0.572040,  0.063070,  0.817797 } }
		},
		cameraprops =
		{
			fovh = 20,
			hvaspect = 1.85,
			nearplane = 0.5,
			farplane = 1000
		}
	},

	{
		entity_name = "Cam_39_Just_Shoot",
		type = CAMERA,
		template_name = "",
		lt_grp = 0, srt_grp = 0, usr_flg = 0,
		flags = HIDDEN,
		spatialprops =
		{
			pos = { -3.211046, 1.540379, 4.53745 },
			orient = { { -0.667514,  0.000000,  0.744598 },
					   {  0.043151,  0.998319,  0.038684 },
					   { -0.743346,  0.057952, -0.666392 } }
		},
		cameraprops =
		{
			fovh = 20,
			hvaspect = 1.85,
			nearplane = 1,
			farplane = 1000
		}
	},

	{
		entity_name = "Cam_42_Trent_looks_down_A",
		type = CAMERA,
		template_name = "",
		lt_grp = 0, srt_grp = 0, usr_flg = 0,
		flags = HIDDEN,
		spatialprops =
		{
			pos = { 1.806092, 1.578519, 1.045878 },
			orient = { { -0.804069,  0.000000, -0.594536 },
					   { -0.051867,  0.996187,  0.070146 },
					   {  0.592270,  0.087239, -0.801003 } }
		},
		cameraprops =
		{
			fovh = 20,
			hvaspect = 1.85,
			nearplane = 0.75,
			farplane = 1000
		}
	},

	{
		entity_name = "char_trent_Mk_loc_12_dodging1",
		type = MARKER,
		template_name = "",
		lt_grp = 0, srt_grp = 0, usr_flg = 0,
		spatialprops =
		{
			pos = { 0.001869, 0.953891, -0.241639 },
			orient = { {  0.206774, -0.000003, -0.978389 },
					   {  0.000025,  1.000000,  0.000002 },
					   {  0.978389, -0.000025,  0.206774 } }
		}
	},

	{
		entity_name = "Cam_45_PCO_A",
		type = CAMERA,
		template_name = "",
		lt_grp = 0, srt_grp = 0, usr_flg = 0,
		flags = HIDDEN,
		spatialprops =
		{
			pos = { -1.554821, 1.49913, -1.208118 },
			orient = { { -0.678847,  0.000000,  0.734280 },
					   { -0.007772,  0.999944, -0.007185 },
					   { -0.734239, -0.010584, -0.678809 } }
		},
		cameraprops =
		{
			fovh = 20,
			hvaspect = 1.85,
			nearplane = 0.4,
			farplane = 100
		}
	},

	{
		entity_name = "SET_Li_05_prison_cell_LtG09",
		type = COMPOUND,
		template_name = "cv_prison_cell",
		lt_grp = 9, srt_grp = 0, usr_flg = 0,
		flags = LIT_DYNAMIC,
		spatialprops =
		{
			pos = { 0, 0, 0 },
			orient = { { 1, 0, 0 }, { 0, 1, 0 }, { 0, 0, 1 } }
		},
		userprops =
		{
			category = "Room",
		}
	},

	{
		entity_name = "char_neimann_worm",
		type = DEFORMABLE,
		template_name = "neimann_worm",
		lt_grp = 0, srt_grp = 0, usr_flg = 0,
		flags = LIT_DYNAMIC + LIT_AMBIENT,
		spatialprops =
		{
			pos = { -601.8118, 0, -483.7172 },
			orient = { { 1, 0, 0 }, { 0, 1, 0 }, { 0, 0, 1 } }
		},
		compoundprops =
		{
			floor_height = 0
		},
		userprops =
		{
			actor = "neimann_worm",
			category = "Character",
		}
	},

	{
		entity_name = "Cam_23_ACO_Neimann_eyes",
		type = CAMERA,
		template_name = "",
		lt_grp = 0, srt_grp = 0, usr_flg = 0,
		flags = HIDDEN,
		spatialprops =
		{
			pos = { -0.253335, 1.62237, -2.925569 },
			orient = { { -0.873284,  0.000000,  0.487212 },
					   { -0.032420,  0.997784, -0.058110 },
					   { -0.486132, -0.066542, -0.871348 } }
		},
		cameraprops =
		{
			fovh = 10,
			hvaspect = 1.85,
			nearplane = 0.5,
			farplane = 4000
		}
	},

	{
		entity_name = "Cam_24_ACO_Prez_react",
		type = CAMERA,
		template_name = "",
		lt_grp = 0, srt_grp = 0, usr_flg = 0,
		flags = HIDDEN,
		spatialprops =
		{
			pos = { -0.462, 1.900354, -1.252839 },
			orient = { {  0.758556,  0.000000,  0.651608 },
					   {  0.155467,  0.971120, -0.180984 },
					   { -0.632790,  0.238590,  0.736649 } }
		},
		cameraprops =
		{
			fovh = 8,
			hvaspect = 1.85,
			nearplane = 0.5,
			farplane = 1000
		}
	},

	{
		entity_name = "Cam_26_Neimann_thrash_A",
		type = CAMERA,
		template_name = "",
		lt_grp = 0, srt_grp = 0, usr_flg = 0,
		flags = HIDDEN,
		spatialprops =
		{
			pos = { -1.535118, 0.488559, -1.45225 },
			orient = { {  0.048643,  0.146680,  0.987987 },
					   { -0.557698,  0.824594, -0.094964 },
					   { -0.828617, -0.546379,  0.121914 } }
		},
		cameraprops =
		{
			fovh = 15,
			hvaspect = 1.85,
			nearplane = 0.4,
			farplane = 4000
		}
	},

	{
		entity_name = "char_neimann_worm_Mk_loc_06_Dead_Turn",
		type = MARKER,
		template_name = "",
		lt_grp = 0, srt_grp = 0, usr_flg = 0,
		spatialprops =
		{
			pos = { 1.694442, 0.22226, -0.953742 },
			orient = { { -0.991817,  0.000000,  0.127664 },
					   {  0.000000,  1.000000,  0.000000 },
					   { -0.127664,  0.000000, -0.991817 } }
		}
	},

	{
		entity_name = "Cam_44_Worm_Creeping_C",
		type = CAMERA,
		template_name = "",
		lt_grp = 0, srt_grp = 0, usr_flg = 0,
		flags = HIDDEN,
		spatialprops =
		{
			pos = { 2.503658, 0.564428, 0.800436 },
			orient = { {  0.361992,  0.000000, -0.932181 },
					   {  0.272433,  0.956341,  0.105793 },
					   {  0.891483, -0.292253,  0.346187 } }
		},
		cameraprops =
		{
			fovh = 25,
			hvaspect = 1.85,
			nearplane = 0.4,
			farplane = 4000
		}
	},

	{
		entity_name = "Cam_44_Worm_Creeping_A",
		type = CAMERA,
		template_name = "",
		lt_grp = 0, srt_grp = 0, usr_flg = 0,
		flags = HIDDEN,
		spatialprops =
		{
			pos = { 2.556008, -0.143768, -0.148667 },
			orient = { { -0.550924,  0.000000, -0.834555 },
					   {  0.546800,  0.755456, -0.360965 },
					   {  0.630470, -0.655200, -0.416199 } }
		},
		cameraprops =
		{
			fovh = 32,
			hvaspect = 1.85,
			nearplane = 0.4,
			farplane = 1000
		}
	},

	{
		entity_name = "char_worm",
		type = DEFORMABLE,
		template_name = "worm",
		lt_grp = 2, srt_grp = 0, usr_flg = 0,
		flags = LIT_DYNAMIC,
		spatialprops =
		{
			pos = { -601.8118, 0, -483.7172 },
			orient = { { 1, 0, 0 }, { 0, 1, 0 }, { 0, 0, 1 } }
		},
		compoundprops =
		{
			floor_height = 0
		},
		userprops =
		{
			actor = "worm",
			category = "Character",
		}
	},

	{
		entity_name = "char_worm_Mk_loc_01_snap_to_neimann",
		type = MARKER,
		template_name = "",
		lt_grp = 0, srt_grp = 0, usr_flg = 0,
		spatialprops =
		{
			pos = { 2.510861, -0.296217, 0.238763 },
			orient = { { -0.037880,  0.003852, -0.999275 },
					   { -0.000064,  0.999993,  0.003857 },
					   {  0.999282,  0.000210, -0.037879 } }
		}
	},

	{
		entity_name = "Cam_41_Trent_fires_A",
		type = CAMERA,
		template_name = "",
		lt_grp = 0, srt_grp = 0, usr_flg = 0,
		flags = HIDDEN,
		spatialprops =
		{
			pos = { -1.65358, 1.389984, 4.760039 },
			orient = { { -0.998748,  0.000000,  0.050018 },
					   { -0.004501,  0.995943, -0.089871 },
					   { -0.049815, -0.089984, -0.994697 } }
		},
		cameraprops =
		{
			fovh = 23,
			hvaspect = 1.85,
			nearplane = 0.3,
			farplane = 1000
		}
	},

	{
		entity_name = "Cam_41_Trent_fires_B",
		type = CAMERA,
		template_name = "",
		lt_grp = 0, srt_grp = 0, usr_flg = 0,
		flags = HIDDEN,
		spatialprops =
		{
			pos = { -0.456758, 1.21136, 3.243364 },
			orient = { { -0.598444,  0.000000, -0.801165 },
					   {  0.150733,  0.982142, -0.112593 },
					   {  0.786857, -0.188143, -0.587757 } }
		},
		cameraprops =
		{
			fovh = 23,
			hvaspect = 1.85,
			nearplane = 0.4,
			farplane = 1000
		}
	},

	{
		entity_name = "char_juni_Mk_loc_08_Trent_Shoot",
		type = MARKER,
		template_name = "",
		lt_grp = 0, srt_grp = 0, usr_flg = 0,
		spatialprops =
		{
			pos = { 1.138321, 0.932702, 8.130894 },
			orient = { {  0.918042,  0.000000, -0.396484 },
					   {  0.000000,  1.000000,  0.000000 },
					   {  0.396484,  0.000000,  0.918042 } }
		}
	},

	{
		entity_name = "char_walker_Mk_loc_05_Trent_shoot",
		type = MARKER,
		template_name = "",
		lt_grp = 0, srt_grp = 0, usr_flg = 0,
		spatialprops =
		{
			pos = { -0.739821, 0.935181, 7.688599 },
			orient = { {  0.899195,  0.000000,  0.437548 },
					   {  0.000000,  1.000000,  0.000000 },
					   { -0.437548,  0.000000,  0.899195 } }
		}
	},

	{
		entity_name = "char_trent_Mk_loc_10_post_shoot_neiman",
		type = MARKER,
		template_name = "",
		lt_grp = 0, srt_grp = 0, usr_flg = 0,
		spatialprops =
		{
			pos = { -0.19534, 0.94071, 3.589471 },
			orient = { {  0.698548,  0.000000,  0.715563 },
					   {  0.000000,  1.000000,  0.000000 },
					   { -0.715563,  0.000000,  0.698548 } }
		}
	},

	{
		entity_name = "Cam_43_carnage_A",
		type = CAMERA,
		template_name = "",
		lt_grp = 0, srt_grp = 0, usr_flg = 0,
		flags = HIDDEN,
		spatialprops =
		{
			pos = { 3.011936, 2.829743, -0.477884 },
			orient = { { -0.351048,  0.000000, -0.936358 },
					   { -0.870407,  0.368653,  0.326322 },
					   {  0.345191,  0.929567, -0.129415 } }
		},
		cameraprops =
		{
			fovh = 30,
			hvaspect = 1.85,
			nearplane = 1,
			farplane = 1000
		}
	},

	{
		entity_name = "Cam_43_carnage_B",
		type = CAMERA,
		template_name = "",
		lt_grp = 0, srt_grp = 0, usr_flg = 0,
		flags = HIDDEN,
		spatialprops =
		{
			pos = { 4.111935, 4.990575, -2.791176 },
			orient = { { -0.787281,  0.000000, -0.616595 },
					   { -0.452141,  0.679919,  0.577303 },
					   {  0.419235,  0.733287, -0.535287 } }
		},
		cameraprops =
		{
			fovh = 30,
			hvaspect = 1.85,
			nearplane = 1.5,
			farplane = 4000
		}
	},

	{
		entity_name = "char_neimann_worm_Mk_loc_07_Dead_Shift",
		type = MARKER,
		template_name = "",
		lt_grp = 0, srt_grp = 0, usr_flg = 0,
		spatialprops =
		{
			pos = { 1.778063, 0.22226, 0.092887 },
			orient = { { -0.991817,  0.000000,  0.127664 },
					   {  0.000000,  1.000000,  0.000000 },
					   { -0.127664,  0.000000, -0.991817 } }
		}
	},

	{
		entity_name = "char_jacobi_Mk_loc_02_Burn_Bitch",
		type = MARKER,
		template_name = "",
		lt_grp = 0, srt_grp = 0, usr_flg = 0,
		spatialprops =
		{
			pos = { -0.638115, 0.95571, 1.501006 },
			orient = { {  0.553615,  0.000000,  0.832773 },
					   {  0.000000,  1.000000,  0.000000 },
					   { -0.832773,  0.000000,  0.553615 } }
		}
	},

	{
		entity_name = "char_trent_Mk_loc_11_Walkto_Neimann",
		type = MARKER,
		template_name = "",
		lt_grp = 0, srt_grp = 0, usr_flg = 0,
		spatialprops =
		{
			pos = { 0.720989, 0.956494, 2.398753 },
			orient = { {  0.929038,  0.000000,  0.369985 },
					   {  0.000000,  1.000000,  0.000000 },
					   { -0.369985,  0.000000,  0.929038 } }
		}
	},

	{
		entity_name = "char_juni_Mk_loc_09_skip_behind_trent",
		type = MARKER,
		template_name = "",
		lt_grp = 0, srt_grp = 0, usr_flg = 0,
		spatialprops =
		{
			pos = { 0.191914, 0.842852, 2.643692 },
			orient = { {  0.998284,  0.000000,  0.058550 },
					   {  0.000000,  1.000000,  0.000000 },
