duration = 103.027;

entities =
{

	{
		entity_name = "Layer_Scene_(70xa)",
		type = SCENE,
		template_name = "",
		lt_grp = 0, srt_grp = 0, usr_flg = 0,
		spatialprops =
		{
			pos = { 0, 0, 0 },
			orient = { { 1, 0, 0 }, { 0, 1, 0 }, { 0, 0, 1 } }
		},
		up = Y_AXIS,
		front = Z_AXIS,
		ambient = { 128, 128, 128 }
	},

	{
		entity_name = "dx_s070x_0101_Orillion",
		type = SOUND,
		template_name = "dx_s070x_0101_Orillion",
		lt_grp = 0, srt_grp = 0, usr_flg = 0,
		spatialprops =
		{
			pos = { 0, 0, 0 },
			orient = { { 1, 0, 0 }, { 0, 1, 0 }, { 0, 0, 1 } }
		},
		audioprops =
		{
			attenuation = -1,
			pan = 0,
			dmin = 50,
			dmax = 1000,
			ain = 360,
			aout = 360,
			atout = 0,
			rmix = 0,
		},
		userprops =
		{
			category = "Audio",
		}
	},

	{
		entity_name = "dx_s070x_0201_juni",
		type = SOUND,
		template_name = "dx_s070x_0201_juni",
		lt_grp = 0, srt_grp = 0, usr_flg = 0,
		spatialprops =
		{
			pos = { 0, 0, 0 },
			orient = { { 1, 0, 0 }, { 0, 1, 0 }, { 0, 0, 1 } }
		},
		audioprops =
		{
			attenuation = -1,
			pan = 0,
			dmin = 50,
			dmax = 1000,
			ain = 360,
			aout = 360,
			atout = 0,
			rmix = 0,
		},
		userprops =
		{
			category = "Audio",
		}
	},

	{
		entity_name = "dx_s070x_0202_juni",
		type = SOUND,
		template_name = "dx_s070x_0202_juni",
		lt_grp = 0, srt_grp = 0, usr_flg = 0,
		spatialprops =
		{
			pos = { 0, 0, 0 },
			orient = { { 1, 0, 0 }, { 0, 1, 0 }, { 0, 0, 1 } }
		},
		audioprops =
		{
			attenuation = -1,
			pan = 0,
			dmin = 50,
			dmax = 1000,
			ain = 360,
			aout = 360,
			atout = 0,
			rmix = 0,
		},
		userprops =
		{
			category = "Audio",
		}
	},

	{
		entity_name = "dx_s070x_0301_Orillion",
		type = SOUND,
		template_name = "dx_s070x_0301_Orillion",
		lt_grp = 0, srt_grp = 0, usr_flg = 0,
		spatialprops =
		{
			pos = { 0, 0, 0 },
			orient = { { 1, 0, 0 }, { 0, 1, 0 }, { 0, 0, 1 } }
		},
		audioprops =
		{
			attenuation = -1,
			pan = 0,
			dmin = 50,
			dmax = 1000,
			ain = 360,
			aout = 360,
			atout = 0,
			rmix = 0,
		},
		userprops =
		{
			category = "Audio",
		}
	},

	{
		entity_name = "dx_s070x_0401_juni",
		type = SOUND,
		template_name = "dx_s070x_0401_juni",
		lt_grp = 0, srt_grp = 0, usr_flg = 0,
		spatialprops =
		{
			pos = { 0, 0, 0 },
			orient = { { 1, 0, 0 }, { 0, 1, 0 }, { 0, 0, 1 } }
		},
		audioprops =
		{
			attenuation = -1,
			pan = 0,
			dmin = 50,
			dmax = 1000,
			ain = 360,
			aout = 360,
			atout = 0,
			rmix = 0,
		},
		userprops =
		{
			category = "Audio",
		}
	},

	{
		entity_name = "dx_s070x_0402_juni",
		type = SOUND,
		template_name = "dx_s070x_0402_juni",
		lt_grp = 0, srt_grp = 0, usr_flg = 0,
		spatialprops =
		{
			pos = { 0, 0, 0 },
			orient = { { 1, 0, 0 }, { 0, 1, 0 }, { 0, 0, 1 } }
		},
		audioprops =
		{
			attenuation = -1,
			pan = 0,
			dmin = 50,
			dmax = 1000,
			ain = 360,
			aout = 360,
			atout = 0,
			rmix = 0,
		},
		userprops =
		{
			category = "Audio",
		}
	},

	{
		entity_name = "dx_s070x_0501_Orillion",
		type = SOUND,
		template_name = "dx_s070x_0501_Orillion",
		lt_grp = 0, srt_grp = 0, usr_flg = 0,
		spatialprops =
		{
			pos = { 0, 0, 0 },
			orient = { { 1, 0, 0 }, { 0, 1, 0 }, { 0, 0, 1 } }
		},
		audioprops =
		{
			attenuation = -1,
			pan = 0,
			dmin = 50,
			dmax = 1000,
			ain = 360,
			aout = 360,
			atout = 0,
			rmix = 0,
		},
		userprops =
		{
			category = "Audio",
		}
	},

	{
		entity_name = "dx_s070x_0601_Jacobi",
		type = SOUND,
		template_name = "dx_s070x_0601_Jacobi",
		lt_grp = 0, srt_grp = 0, usr_flg = 0,
		spatialprops =
		{
			pos = { 0, 0, 0 },
			orient = { { 1, 0, 0 }, { 0, 1, 0 }, { 0, 0, 1 } }
		},
		audioprops =
		{
			attenuation = -1,
			pan = 0,
			dmin = 50,
			dmax = 1000,
			ain = 360,
			aout = 360,
			atout = 0,
			rmix = 0,
		},
		userprops =
		{
			category = "Audio",
		}
	},

	{
		entity_name = "dx_s070x_0701_Jacobi",
		type = SOUND,
		template_name = "dx_s070x_0701_Jacobi",
		lt_grp = 0, srt_grp = 0, usr_flg = 0,
		spatialprops =
		{
			pos = { 0, 0, 0 },
			orient = { { 1, 0, 0 }, { 0, 1, 0 }, { 0, 0, 1 } }
		},
		audioprops =
		{
			attenuation = -1,
			pan = 0,
			dmin = 50,
			dmax = 1000,
			ain = 360,
			aout = 360,
			atout = 0,
			rmix = 0,
		},
		userprops =
		{
			category = "Audio",
		}
	},

	{
		entity_name = "dx_s070x_0801_Jacobi",
		type = SOUND,
		template_name = "dx_s070x_0801_Jacobi",
		lt_grp = 0, srt_grp = 0, usr_flg = 0,
		spatialprops =
		{
			pos = { 0, 0, 0 },
			orient = { { 1, 0, 0 }, { 0, 1, 0 }, { 0, 0, 1 } }
		},
		audioprops =
		{
			attenuation = -1,
			pan = 0,
			dmin = 50,
			dmax = 1000,
			ain = 360,
			aout = 360,
			atout = 0,
			rmix = 0,
		},
		userprops =
		{
			category = "Audio",
		}
	},

	{
		entity_name = "dx_s070x_0901_juni",
		type = SOUND,
		template_name = "dx_s070x_0901_juni",
		lt_grp = 0, srt_grp = 0, usr_flg = 0,
		spatialprops =
		{
			pos = { 0, 0, 0 },
			orient = { { 1, 0, 0 }, { 0, 1, 0 }, { 0, 0, 1 } }
		},
		audioprops =
		{
			attenuation = -1,
			pan = 0,
			dmin = 50,
			dmax = 1000,
			ain = 360,
			aout = 360,
			atout = 0,
			rmix = 0,
		},
		userprops =
		{
			category = "Audio",
		}
	},

	{
		entity_name = "dx_s070x_1001_Jacobi",
		type = SOUND,
		template_name = "dx_s070x_1001_Jacobi",
		lt_grp = 0, srt_grp = 0, usr_flg = 0,
		spatialprops =
		{
			pos = { 0, 0, 0 },
			orient = { { 1, 0, 0 }, { 0, 1, 0 }, { 0, 0, 1 } }
		},
		audioprops =
		{
			attenuation = -1,
			pan = 0,
			dmin = 50,
			dmax = 1000,
			ain = 360,
			aout = 360,
			atout = 0,
			rmix = 0,
		},
		userprops =
		{
			category = "Audio",
		}
	},

	{
		entity_name = "dx_s070x_1101_Jacobi",
		type = SOUND,
		template_name = "dx_s070x_1101_Jacobi",
		lt_grp = 0, srt_grp = 0, usr_flg = 0,
		spatialprops =
		{
			pos = { 0, 0, 0 },
			orient = { { 1, 0, 0 }, { 0, 1, 0 }, { 0, 0, 1 } }
		},
		audioprops =
		{
			attenuation = -1,
			pan = 0,
			dmin = 50,
			dmax = 1000,
			ain = 360,
			aout = 360,
			atout = 0,
			rmix = 0,
		},
		userprops =
		{
			category = "Audio",
		}
	},

	{
		entity_name = "dx_s070x_1201_Orillion",
		type = SOUND,
		template_name = "dx_s070x_1201_Orillion",
		lt_grp = 0, srt_grp = 0, usr_flg = 0,
		spatialprops =
		{
			pos = { 0, 0, 0 },
			orient = { { 1, 0, 0 }, { 0, 1, 0 }, { 0, 0, 1 } }
		},
		audioprops =
		{
			attenuation = -1,
			pan = 0,
			dmin = 50,
			dmax = 1000,
			ain = 360,
			aout = 360,
			atout = 0,
			rmix = 0,
		},
		userprops =
		{
			category = "Audio",
		}
	},

	{
		entity_name = "dx_s070x_1401_Orillion",
		type = SOUND,
		template_name = "dx_s070x_1401_Orillion",
		lt_grp = 0, srt_grp = 0, usr_flg = 0,
		spatialprops =
		{
			pos = { 0, 0, 0 },
			orient = { { 1, 0, 0 }, { 0, 1, 0 }, { 0, 0, 1 } }
		},
		audioprops =
		{
			attenuation = -1,
			pan = 0,
			dmin = 50,
			dmax = 1000,
			ain = 360,
			aout = 360,
			atout = 0,
			rmix = 0,
		},
		userprops =
		{
			category = "Audio",
		}
	},

	{
		entity_name = "dx_s070x_1501_Orillion",
		type = SOUND,
		template_name = "dx_s070x_1501_Orillion",
		lt_grp = 0, srt_grp = 0, usr_flg = 0,
		spatialprops =
		{
			pos = { 0, 0, 0 },
			orient = { { 1, 0, 0 }, { 0, 1, 0 }, { 0, 0, 1 } }
		},
		audioprops =
		{
			attenuation = -1,
			pan = 0,
			dmin = 50,
			dmax = 1000,
			ain = 360,
			aout = 360,
			atout = 0,
			rmix = 0,
		},
		userprops =
		{
			category = "Audio",
		}
	},

	{
		entity_name = "dx_s070x_1701_juni",
		type = SOUND,
		template_name = "dx_s070x_1701_juni",
		lt_grp = 0, srt_grp = 0, usr_flg = 0,
		spatialprops =
		{
			pos = { 0, 0, 0 },
			orient = { { 1, 0, 0 }, { 0, 1, 0 }, { 0, 0, 1 } }
		},
		audioprops =
		{
			attenuation = -1,
			pan = 0,
			dmin = 50,
			dmax = 1000,
			ain = 360,
			aout = 360,
			atout = 0,
			rmix = 0,
		},
		userprops =
		{
			category = "Audio",
		}
	},

	{
		entity_name = "dx_s070x_1801_Trent",
		type = SOUND,
		template_name = "dx_s070x_1801_Trent",
		lt_grp = 0, srt_grp = 0, usr_flg = 0,
		spatialprops =
		{
			pos = { 0, 0, 0 },
			orient = { { 1, 0, 0 }, { 0, 1, 0 }, { 0, 0, 1 } }
		},
		audioprops =
		{
			attenuation = -1,
			pan = 0,
			dmin = 50,
			dmax = 1000,
			ain = 360,
			aout = 360,
			atout = 0,
			rmix = 0,
		},
		userprops =
		{
			category = "Audio",
		}
	},

	{
		entity_name = "dx_s070x_1901_juni",
		type = SOUND,
		template_name = "dx_s070x_1901_juni",
		lt_grp = 0, srt_grp = 0, usr_flg = 0,
		spatialprops =
		{
			pos = { 0, 0, 0 },
			orient = { { 1, 0, 0 }, { 0, 1, 0 }, { 0, 0, 1 } }
		},
		audioprops =
		{
			attenuation = -1,
			pan = 0,
			dmin = 50,
			dmax = 1000,
			ain = 360,
			aout = 360,
			atout = 0,
			rmix = 0,
		},
		userprops =
		{
			category = "Audio",
		}
	},

	{
		entity_name = "dx_s070x_1902_juni",
		type = SOUND,
		template_name = "dx_s070x_1902_juni",
		lt_grp = 0, srt_grp = 0, usr_flg = 0,
		spatialprops =
		{
			pos = { 0, 0, 0 },
			orient = { { 1, 0, 0 }, { 0, 1, 0 }, { 0, 0, 1 } }
		},
		audioprops =
		{
			attenuation = -1,
			pan = 0,
			dmin = 50,
			dmax = 1000,
			ain = 360,
			aout = 360,
			atout = 0,
			rmix = 0,
		},
		userprops =
		{
			category = "Audio",
		}
	},

	{
		entity_name = "dx_s070x_1903_juni",
		type = SOUND,
		template_name = "dx_s070x_1903_juni",
		lt_grp = 0, srt_grp = 0, usr_flg = 0,
		spatialprops =
		{
			pos = { 0, 0, 0 },
			orient = { { 1, 0, 0 }, { 0, 1, 0 }, { 0, 0, 1 } }
		},
		audioprops =
		{
			attenuation = -1,
			pan = 0,
			dmin = 50,
			dmax = 1000,
			ain = 360,
			aout = 360,
			atout = 0,
			rmix = 0,
		},
		userprops =
		{
			category = "Audio",
		}
	},

	{
		entity_name = "dx_s070x_2001_Trent",
		type = SOUND,
		template_name = "dx_s070x_2001_Trent",
		lt_grp = 0, srt_grp = 0, usr_flg = 0,
		spatialprops =
		{
			pos = { 0, 0, 0 },
			orient = { { 1, 0, 0 }, { 0, 1, 0 }, { 0, 0, 1 } }
		},
		audioprops =
		{
			attenuation = -1,
			pan = 0,
			dmin = 50,
			dmax = 1000,
			ain = 360,
			aout = 360,
			atout = 0,
			rmix = 0,
		},
		userprops =
		{
			category = "Audio",
		}
	},

	{
		entity_name = "dx_s070x_2201_juni",
		type = SOUND,
		template_name = "dx_s070x_2201_juni",
		lt_grp = 0, srt_grp = 0, usr_flg = 0,
		spatialprops =
		{
			pos = { 0, 0, 0 },
			orient = { { 1, 0, 0 }, { 0, 1, 0 }, { 0, 0, 1 } }
		},
		audioprops =
		{
			attenuation = -1,
			pan = 0,
			dmin = 50,
			dmax = 1000,
			ain = 360,
			aout = 360,
			atout = 0,
			rmix = 0,
		},
		userprops =
		{
			category = "Audio",
		}
	},

	{
		entity_name = "dx_s070x_2301_Trent",
		type = SOUND,
		template_name = "dx_s070x_2301_Trent",
		lt_grp = 0, srt_grp = 0, usr_flg = 0,
		spatialprops =
		{
			pos = { 0, 0, 0 },
			orient = { { 1, 0, 0 }, { 0, 1, 0 }, { 0, 0, 1 } }
		},
		audioprops =
		{
			attenuation = -1,
			pan = 0,
			dmin = 50,
			dmax = 1000,
			ain = 360,
			aout = 360,
			atout = 0,
			rmix = 0,
		},
		userprops =
		{
			category = "Audio",
		}
	},

	{
		entity_name = "dx_s070x_2401_Trent",
		type = SOUND,
		template_name = "dx_s070x_2401_Trent",
		lt_grp = 0, srt_grp = 0, usr_flg = 0,
		spatialprops =
		{
			pos = { 0, 0, 0 },
			orient = { { 1, 0, 0 }, { 0, 1, 0 }, { 0, 0, 1 } }
		},
		audioprops =
		{
			attenuation = -1,
			pan = 0,
			dmin = 50,
			dmax = 1000,
			ain = 360,
			aout = 360,
			atout = 0,
			rmix = 0,
		},
		userprops =
		{
			category = "Audio",
		}
	},

	{
		entity_name = "dx_s070x_2501_Jacobi",
		type = SOUND,
		template_name = "dx_s070x_2501_Jacobi",
		lt_grp = 0, srt_grp = 0, usr_flg = 0,
		spatialprops =
		{
			pos = { 0, 0, 0 },
			orient = { { 1, 0, 0 }, { 0, 1, 0 }, { 0, 0, 1 } }
		},
		audioprops =
		{
			attenuation = -1,
			pan = 0,
			dmin = 50,
			dmax = 1000,
			ain = 360,
			aout = 360,
			atout = 0,
			rmix = 0,
		},
		userprops =
		{
			category = "Audio",
		}
	},

	{
		entity_name = "dx_s070x_2601_Trent",
		type = SOUND,
		template_name = "dx_s070x_2601_Trent",
		lt_grp = 0, srt_grp = 0, usr_flg = 0,
		spatialprops =
		{
			pos = { 0, 0, 0 },
			orient = { { 1, 0, 0 }, { 0, 1, 0 }, { 0, 0, 1 } }
		},
		audioprops =
		{
			attenuation = -1,
			pan = 0,
			dmin = 50,
			dmax = 1000,
			ain = 360,
			aout = 360,
			atout = 0,
			rmix = 0,
		},
		userprops =
		{
			category = "Audio",
		}
	},

	{
		entity_name = "dx_s070x_2701_Jacobi",
		type = SOUND,
		template_name = "dx_s070x_2701_Jacobi",
		lt_grp = 0, srt_grp = 0, usr_flg = 0,
		spatialprops =
		{
			pos = { 0, 0, 0 },
			orient = { { 1, 0, 0 }, { 0, 1, 0 }, { 0, 0, 1 } }
		},
		audioprops =
		{
			attenuation = -1,
			pan = 0,
			dmin = 50,
			dmax = 1000,
			ain = 360,
			aout = 360,
			atout = 0,
			rmix = 0,
		},
		userprops =
		{
			category = "Audio",
		}
	},

	{
		entity_name = "dx_s070x_2801_Orillion",
		type = SOUND,
		template_name = "dx_s070x_2801_Orillion",
		lt_grp = 0, srt_grp = 0, usr_flg = 0,
		spatialprops =
		{
			pos = { 0, 0, 0 },
			orient = { { 1, 0, 0 }, { 0, 1, 0 }, { 0, 0, 1 } }
		},
		audioprops =
		{
			attenuation = -1,
			pan = 0,
			dmin = 50,
			dmax = 1000,
			ain = 360,
			aout = 360,
			atout = 0,
			rmix = 0,
		},
		userprops =
		{
			category = "Audio",
		}
	},

	{
		entity_name = "dx_s070x_2802_Orillion",
		type = SOUND,
		template_name = "dx_s070x_2802_Orillion",
		lt_grp = 0, srt_grp = 0, usr_flg = 0,
		spatialprops =
		{
			pos = { 0, 0, 0 },
			orient = { { 1, 0, 0 }, { 0, 1, 0 }, { 0, 0, 1 } }
		},
		audioprops =
		{
			attenuation = -1,
			pan = 0,
			dmin = 50,
			dmax = 1000,
			ain = 360,
			aout = 360,
			atout = 0,
			rmix = 0,
		},
		userprops =
		{
			category = "Audio",
		}
	},

	{
		entity_name = "dx_s070x_2803_Orillion",
		type = SOUND,
		template_name = "dx_s070x_2803_Orillion",
		lt_grp = 0, srt_grp = 0, usr_flg = 0,
		spatialprops =
		{
			pos = { 0, 0, 0 },
			orient = { { 1, 0, 0 }, { 0, 1, 0 }, { 0, 0, 1 } }
		},
		audioprops =
		{
			attenuation = -1,
			pan = 0,
			dmin = 50,
			dmax = 1000,
			ain = 360,
			aout = 360,
			atout = 0,
			rmix = 0,
		},
		userprops =
		{
			category = "Audio",
		}
	},

	{
		entity_name = "dx_s070x_2804_Orillion",
		type = SOUND,
		template_name = "dx_s070x_2804_Orillion",
		lt_grp = 0, srt_grp = 0, usr_flg = 0,
		spatialprops =
		{
			pos = { 0, 0, 0 },
			orient = { { 1, 0, 0 }, { 0, 1, 0 }, { 0, 0, 1 } }
		},
		audioprops =
		{
			attenuation = -1,
			pan = 0,
			dmin = 50,
			dmax = 1000,
			ain = 360,
			aout = 360,
			atout = 0,
			rmix = 0,
		},
		userprops =
		{
			category = "Audio",
		}
	},

	{
		entity_name = "dx_s070x_3001_Jacobi",
		type = SOUND,
		template_name = "dx_s070x_3001_Jacobi",
		lt_grp = 0, srt_grp = 0, usr_flg = 0,
		spatialprops =
		{
			pos = { 0, 0, 0 },
			orient = { { 1, 0, 0 }, { 0, 1, 0 }, { 0, 0, 1 } }
		},
		audioprops =
		{
			attenuation = -1,
			pan = 0,
			dmin = 50,
			dmax = 1000,
			ain = 360,
			aout = 360,
			atout = 0,
			rmix = 0,
		},
		userprops =
		{
			category = "Audio",
		}
	},

	{
		entity_name = "char_orillion_1",
		type = DEFORMABLE,
		template_name = "orillion",
		lt_grp = 0, srt_grp = 0, usr_flg = 0,
		flags = LIT_DYNAMIC,
		spatialprops =
		{
			pos = { 2.922646, 0, 13.73768 },
			orient = { { 1, 0, 0 }, { 0, 1, 0 }, { 0, 0, 1 } }
		},
		compoundprops =
		{
			floor_height = 0
		},
		userprops =
		{
			actor = "orillion",
			category = "Character",
		}
	},

	{
		entity_name = "char_juni_2",
		type = DEFORMABLE,
		template_name = "juni",
		lt_grp = 0, srt_grp = 0, usr_flg = 0,
		flags = LIT_DYNAMIC,
		spatialprops =
		{
			pos = { 6.465004, 0, -1.593766 },
			orient = { { 1, 0, 0 }, { 0, 1, 0 }, { 0, 0, 1 } }
		},
		compoundprops =
		{
			floor_height = 0
		},
		userprops =
		{
			actor = "juni",
			category = "Character",
		}
	},

	{
		entity_name = "char_jacobi_3",
		type = DEFORMABLE,
		template_name = "jacobi",
		lt_grp = 0, srt_grp = 0, usr_flg = 0,
		flags = LIT_DYNAMIC,
		spatialprops =
		{
			pos = { 2.838307, 0, -8.966099 },
			orient = { { 1, 0, 0 }, { 0, 1, 0 }, { 0, 0, 1 } }
		},
		compoundprops =
		{
			floor_height = 0
		},
		userprops =
		{
			actor = "jacobi",
			category = "Character",
		}
	},

	{
		entity_name = "char_trent_5",
		type = DEFORMABLE,
		template_name = "trent",
		lt_grp = 0, srt_grp = 0, usr_flg = 0,
		flags = LIT_DYNAMIC,
		spatialprops =
		{
			pos = { 2.189724, 0, 13.73768 },
			orient = { { 1, 0, 0 }, { 0, 1, 0 }, { 0, 0, 1 } }
		},
		compoundprops =
		{
			floor_height = 0
		},
		userprops =
		{
			actor = "player",
			category = "Character",
		}
	},

	{
		entity_name = "cam_Monitor",
		type = MONITOR,
		template_name = "",
		lt_grp = 0, srt_grp = 0, usr_flg = 0,
		userprops =
		{
			Priority = "Monitor_Moving_1",
		}
	},

	{
		entity_name = "dx_s070x_2901_Trent",
		type = SOUND,
		template_name = "dx_s070x_2901_Trent",
		lt_grp = 0, srt_grp = 0, usr_flg = 0,
		spatialprops =
		{
			pos = { 0, 0, 0 },
			orient = { { 1, 0, 0 }, { 0, 1, 0 }, { 0, 0, 1 } }
		},
		audioprops =
		{
			attenuation = -1,
			pan = 0,
			dmin = 50,
			dmax = 1000,
			ain = 360,
			aout = 360,
			atout = 0,
			rmix = 0,
		},
		userprops =
		{
			category = "Audio",
		}
	},

	{
		entity_name = "char_juni_Mrk_Location",
		type = MARKER,
		template_name = "",
		lt_grp = 0, srt_grp = 0, usr_flg = 0,
		spatialprops =
		{
			pos = { 7.045401, 0.969072, -7.568336 },
			orient = { {  0.706031,  0.000000, -0.708181 },
					   {  0.000000,  1.000000,  0.000000 },
					   {  0.708181,  0.000000,  0.706031 } }
		}
	},

	{
		entity_name = "char_jacobi_Mrk_Location",
		type = MARKER,
		template_name = "",
		lt_grp = 0, srt_grp = 0, usr_flg = 0,
		spatialprops =
		{
			pos = { -17.09726, 0.969072, 13.73768 },
			orient = { { 1, 0, 0 }, { 0, 1, 0 }, { 0, 0, 1 } }
		}
	},

	{
		entity_name = "char_aide_male_Mrk_Location",
		type = MARKER,
		template_name = "",
		lt_grp = 0, srt_grp = 0, usr_flg = 0,
		spatialprops =
		{
			pos = { -17.09726, 0.969072, 13.73768 },
			orient = { { 1, 0, 0 }, { 0, 1, 0 }, { 0, 0, 1 } }
		}
	},

	{
		entity_name = "char_trent_Mrk_Location",
		type = MARKER,
		template_name = "",
		lt_grp = 0, srt_grp = 0, usr_flg = 0,
		spatialprops =
		{
			pos = { -17.09726, 0.969072, 13.73768 },
			orient = { { 1, 0, 0 }, { 0, 1, 0 }, { 0, 0, 1 } }
		}
	},

	{
		entity_name = "char_assistant_male",
		type = DEFORMABLE,
		template_name = "or_pi_02",
		lt_grp = 0, srt_grp = 0, usr_flg = 0,
		flags = LIT_DYNAMIC,
		spatialprops =
		{
			pos = { 4.208977, 0, -13.49827 },
			orient = { { 1, 0, 0 }, { 0, 1, 0 }, { 0, 0, 1 } }
		},
		compoundprops =
		{
			floor_height = 0
		},
		userprops =
		{
			actor = "or_pi_02",
			category = "Character",
		}
	},

	{
		entity_name = "Mrk_Char_Location_Away",
		type = MARKER,
		template_name = "",
		lt_grp = 0, srt_grp = 0, usr_flg = 0,
		spatialprops =
		{
			pos = { -24.40181, 0.969072, -13.9046 },
			orient = { { 1, 0, 0 }, { 0, 1, 0 }, { 0, 0, 1 } }
		}
	},

	{
		entity_name = "char_jacobi_Mrk_01_Arrive",
		type = MARKER,
		template_name = "",
		lt_grp = 0, srt_grp = 0, usr_flg = 0,
		spatialprops =
		{
			pos = { 1.095572, 0.972908, -8.348516 },
			orient = { {  0.289335,  0.000000,  0.957228 },
					   {  0.000000,  1.000000,  0.000000 },
					   { -0.957228,  0.000000,  0.289335 } }
		}
	},

	{
		entity_name = "char_trent_Mrk_01_Arrive",
		type = MARKER,
		template_name = "",
		lt_grp = 0, srt_grp = 0, usr_flg = 0,
		spatialprops =
		{
			pos = { 0.607248, 0.972908, -7.330089 },
			orient = { {  0.238783,  0.000000,  0.971073 },
					   {  0.000000,  1.000000,  0.000000 },
					   { -0.971073,  0.000000,  0.238783 } }
		}
	},

	{
		entity_name = "char_king_Mrk_01_Arrive",
		type = MARKER,
		template_name = "",
		lt_grp = 0, srt_grp = 0, usr_flg = 0,
		spatialprops =
		{
			pos = { 0.018403, 0.972908, -8.953446 },
			orient = { {  0.206455,  0.000000,  0.978456 },
					   {  0.000000,  1.000000,  0.000000 },
					   { -0.978456,  0.000000,  0.206455 } }
		}
	},

	{
		entity_name = "char_king",
		type = DEFORMABLE,
		template_name = "king",
		lt_grp = 0, srt_grp = 0, usr_flg = 0,
		flags = LIT_DYNAMIC,
		spatialprops =
		{
			pos = { 3.076048, 0, 13.73768 },
			orient = { { 1, 0, 0 }, { 0, 1, 0 }, { 0, 0, 1 } }
		},
		compoundprops =
		{
			floor_height = 0
		},
		userprops =
		{
			actor = "king",
			category = "Character",
		}
	},

	{
		entity_name = "char_king_Mrk_Location",
		type = MARKER,
		template_name = "",
		lt_grp = 0, srt_grp = 0, usr_flg = 0,
		spatialprops =
		{
			pos = { -17.09726, 0.969072, 13.73768 },
			orient = { { 1, 0, 0 }, { 0, 1, 0 }, { 0, 0, 1 } }
		}
	},

	{
		entity_name = "char_aide_male_Mrk_01_Arrive",
		type = MARKER,
		template_name = "",
		lt_grp = 0, srt_grp = 0, usr_flg = 0,
		spatialprops =
		{
			pos = { 3.008173, 0.970816, -12.88758 },
			orient = { { -0.987002,  0.006894,  0.160562 },
					   {  0.006488,  0.999974, -0.003053 },
					   { -0.160579, -0.001972, -0.987021 } }
		}
	},

	{
		entity_name = "char_jacobi_Mrk_02_Approach_Trent",
		type = MARKER,
		template_name = "",
		lt_grp = 0, srt_grp = 0, usr_flg = 0,
		spatialprops =
		{
			pos = { 2.759935, 0.959241, -10.01536 },
			orient = { { -0.282294,  0.000000,  0.959328 },
					   {  0.000000,  1.000000,  0.000000 },
					   { -0.959328,  0.000000, -0.282294 } }
		}
	},

	{
		entity_name = "dx_s064x_2101_Orillion",
		type = SOUND,
		template_name = "dx_s064x_2101_Orillion",
		lt_grp = 0, srt_grp = 0, usr_flg = 0,
		spatialprops =
		{
			pos = { 0, 0, 0 },
			orient = { { 1, 0, 0 }, { 0, 1, 0 }, { 0, 0, 1 } }
		},
		audioprops =
		{
			attenuation = -15,
			pan = 0,
			dmin = 50,
			dmax = 300,
			ain = 360,
			aout = 360,
			atout = 0,
			rmix = 0,
		},
		userprops =
		{
			category = "Audio",
		}
	},

	{
		entity_name = "dx_s064x_2102_Orillion",
		type = SOUND,
		template_name = "dx_s064x_2102_Orillion",
		lt_grp = 0, srt_grp = 0, usr_flg = 0,
		spatialprops =
		{
			pos = { 0, 0, 0 },
			orient = { { 1, 0, 0 }, { 0, 1, 0 }, { 0, 0, 1 } }
		},
		audioprops =
		{
			attenuation = -35,
			pan = 0,
			dmin = 50,
			dmax = 300,
			ain = 360,
			aout = 360,
			atout = 0,
			rmix = 0,
		},
		userprops =
		{
			category = "Audio",
		}
	},

	{
		entity_name = "dx_s064x_2103_Orillion",
		type = SOUND,
		template_name = "dx_s064x_2103_Orillion",
		lt_grp = 0, srt_grp = 0, usr_flg = 0,
		spatialprops =
		{
			pos = { 0, 0, 0 },
			orient = { { 1, 0, 0 }, { 0, 1, 0 }, { 0, 0, 1 } }
		},
		audioprops =
		{
			attenuation = -15,
			pan = 80,
			dmin = 50,
			dmax = 300,
			ain = 360,
			aout = 360,
			atout = 0,
			rmix = 0,
		},
		userprops =
		{
			category = "Audio",
		}
	},

	{
		entity_name = "char_orillion_Mrk_01_Hand_Shake",
		type = MARKER,
		template_name = "",
		lt_grp = 0, srt_grp = 0, usr_flg = 0,
		spatialprops =
		{
			pos = { 3.638783, 0.972928, -10.35791 },
			orient = { { -0.852438,  0.000000, -0.522828 },
					   {  0.000000,  1.000000,  0.000000 },
					   {  0.522828,  0.000000, -0.852438 } }
		}
	},

	{
		entity_name = "char_orillion_Mrk_02_Approach_Trent",
		type = MARKER,
		template_name = "",
		lt_grp = 0, srt_grp = 0, usr_flg = 0,
		spatialprops =
		{
			pos = { 4.38115, 0.972928, -11.401 },
			orient = { { -0.875413,  0.000000,  0.483375 },
					   {  0.000000,  1.000000,  0.000000 },
					   { -0.483375,  0.000000, -0.875413 } }
		}
	},

	{
		entity_name = "dx_s070x_1301_Assist_03",
		type = SOUND,
		template_name = "dx_s070x_1301_Assist_03",
		lt_grp = 0, srt_grp = 0, usr_flg = 0,
		spatialprops =
		{
			pos = { 0, 0, 0 },
			orient = { { 1, 0, 0 }, { 0, 1, 0 }, { 0, 0, 1 } }
		},
		audioprops =
		{
			attenuation = 0,
			pan = 0,
			dmin = 50,
			dmax = 300,
			ain = 360,
			aout = 360,
			atout = 0,
			rmix = 0,
		},
		userprops =
		{
			category = "Audio",
		}
	},

	{
		entity_name = "Cam_01_Report_Colonel",
		type = CAMERA,
		template_name = "",
		lt_grp = 0, srt_grp = 0, usr_flg = 0,
		spatialprops =
		{
			pos = { 6.033253, 1.567237, -11.42678 },
			orient = { {  0.387562,  0.000000, -0.921844 },
					   { -0.080887,  0.996143, -0.034007 },
					   {  0.918288,  0.087745,  0.386067 } }
		},
		cameraprops =
		{
			fovh = 20,
			hvaspect = 1.85,
			nearplane = 0.4,
			farplane = 500
		}
	},

	{
		entity_name = "Cam_01_Report_Colonelend)",
		type = CAMERA,
		template_name = "",
		lt_grp = 0, srt_grp = 0, usr_flg = 0,
		spatialprops =
		{
			pos = { 6.963696, 1.62681, -8.18885 },
			orient = { {  0.761619,  0.000000, -0.648025 },
					   { -0.072482,  0.993725, -0.085188 },
					   {  0.643959,  0.111851,  0.756840 } }
		},
		cameraprops =
		{
			fovh = 20,
			hvaspect = 1.85,
			nearplane = 0.4,
			farplane = 500
		}
	},

	{
		entity_name = "Cam_02_Report_Chancellor_Dead",
		type = CAMERA,
		template_name = "",
		lt_grp = 0, srt_grp = 0, usr_flg = 0,
		spatialprops =
		{
			pos = { 5.496448, 1.630121, -10.64239 },
			orient = { { -0.991037,  0.000000,  0.133588 },
					   {  0.011192,  0.996484,  0.083027 },
					   { -0.133119,  0.083778, -0.987553 } }
		},
		cameraprops =
		{
			fovh = 15,
			hvaspect = 1.85,
			nearplane = 0.4,
			farplane = 500
		}
	},

	{
		entity_name = "Cam_03_Not_Unharmed",
		type = CAMERA,
		template_name = "",
		lt_grp = 0, srt_grp = 0, usr_flg = 0,
		spatialprops =
		{
			pos = { 6.04504, 1.617852, -9.401015 },
			orient = { {  0.469328,  0.000000, -0.883024 },
					   { -0.025523,  0.999582, -0.013565 },
					   {  0.882655,  0.028904,  0.469131 } }
		},
		cameraprops =
		{
			fovh = 20,
			hvaspect = 1.85,
			nearplane = 0.4,
			farplane = 500
		}
	},

	{
		entity_name = "Cam_04_Still_Me",
		type = CAMERA,
		template_name = "",
		lt_grp = 0, srt_grp = 0, usr_flg = 0,
		spatialprops =
		{
			pos = { 8.095832, 2.221319, -10.51211 },
			orient = { { -0.331656,  0.000000, -0.943401 },
					   { -0.220328,  0.972346,  0.077457 },
					   {  0.917311,  0.233547, -0.322484 } }
		},
		cameraprops =
		{
			fovh = 20,
			hvaspect = 1.85,
			nearplane = 0.4,
			farplane = 500
		}
	},

	{
		entity_name = "Cam_05b_Judging2Shot",
		type = CAMERA,
		template_name = "",
		lt_grp = 0, srt_grp = 0, usr_flg = 0,
		spatialprops =
		{
			pos = { 4.506528, 1.556905, -9.414989 },
			orient = { { -0.252089,  0.000000, -0.967704 },
					   { -0.077987,  0.996747,  0.020316 },
					   {  0.964556,  0.080590, -0.251269 } }
		},
		cameraprops =
		{
			fovh = 20,
			hvaspect = 1.85,
			nearplane = 0.4,
			farplane = 500
		}
	},

	{
		entity_name = "Cam_02_Report_Walker_Dead",
		type = CAMERA,
		template_name = "",
		lt_grp = 0, srt_grp = 0, usr_flg = 0,
		spatialprops =
		{
			pos = { 4.720837, 1.794261, -11.50576 },
			orient = { { -0.957381,  0.000000,  0.288830 },
					   {  0.044512,  0.988053,  0.147544 },
					   { -0.285379,  0.154112, -0.945943 } }
		},
		cameraprops =
		{
			fovh = 15,
			hvaspect = 1.85,
			nearplane = 0.4,
			farplane = 500
		}
	},

	{
		entity_name = "Cam_06_thank_you",
		type = CAMERA,
		template_name = "",
		lt_grp = 0, srt_grp = 0, usr_flg = 0,
		spatialprops =
		{
			pos = { 5.079941, 1.755893, -10.04601 },
			orient = { { -0.238752,  0.000000, -0.971080 },
					   { -0.158215,  0.986638,  0.038899 },
					   {  0.958105,  0.162927, -0.235562 } }
		},
		cameraprops =
		{
			fovh = 20,
			hvaspect = 1.85,
			nearplane = 0.4,
			farplane = 500
		}
	},

	{
		entity_name = "Cam_08_your_orders",
		type = CAMERA,
		template_name = "",
		lt_grp = 0, srt_grp = 0, usr_flg = 0,
		spatialprops =
		{
			pos = { 3.048619, 1.553515, -7.42488 },
			orient = { {  0.999068,  0.000000,  0.043161 },
					   {  0.001208,  0.999608, -0.027959 },
					   { -0.043144,  0.027985,  0.998677 } }
		},
		cameraprops =
		{
			fovh = 15,
			hvaspect = 1.85,
			nearplane = 0.4,
			farplane = 500
		}
	},

	{
		entity_name = "Cam_09_Do_you_Remember_Trent(ACOH)",
		type = CAMERA,
		template_name = "",
		lt_grp = 0, srt_grp = 0, usr_flg = 0,
		spatialprops =
		{
			pos = { 3.858274, 1.858897, -7.817827 },
			orient = { {  0.310390,  0.000000,  0.950609 },
					   {  0.186250,  0.980618, -0.060814 },
					   { -0.932185,  0.195927,  0.304374 } }
		},
		cameraprops =
		{
			fovh = 15,
			hvaspect = 1.85,
			nearplane = 0.4,
			farplane = 500
		}
	},

	{
		entity_name = "Cam_10_No(ACOH)",
		type = CAMERA,
		template_name = "",
		lt_grp = 0, srt_grp = 0, usr_flg = 0,
		spatialprops =
		{
			pos = { 6.6362, 1.509622, -8.950366 },
			orient = { { -0.224573,  0.000000, -0.974457 },
					   {  0.059443,  0.998138, -0.013699 },
					   {  0.972643, -0.061001, -0.224155 } }
		},
		cameraprops =
		{
			fovh = 15,
			hvaspect = 1.85,
			nearplane = 0.4,
			farplane = 500
		}
	},

	{
		entity_name = "Cam_11_You_know_What",
		type = CAMERA,
		template_name = "",
		lt_grp = 0, srt_grp = 0, usr_flg = 0,
		spatialprops =
		{
			pos = { 4.877318, 1.771041, -7.368093 },
			orient = { {  0.937497,  0.000000,  0.347993 },
					   {  0.057885,  0.986069, -0.155942 },
					   { -0.343145,  0.166339,  0.924437 } }
		},
		cameraprops =
		{
			fovh = 15,
			hvaspect = 1.85,
			nearplane = 0.4,
			farplane = 500
		}
	},

	{
		entity_name = "Cam_12_Welcome2_02",
		type = CAMERA,
		template_name = "",
		lt_grp = 0, srt_grp = 0, usr_flg = 0,
		spatialprops =
		{
			pos = { 6.739718, 1.588994, -9.591393 },
			orient = { { -0.313421,  0.000000, -0.949614 },
					   { -0.109861,  0.993285,  0.036260 },
					   {  0.943238,  0.115690, -0.311317 } }
		},
		cameraprops =
		{
			fovh = 25,
			hvaspect = 1.85,
			nearplane = 0.4,
			farplane = 500
		}
	},

	{
		entity_name = "char_juni_Mrk_have_it_analyzed",
		type = MARKER,
		template_name = "",
		lt_grp = 0, srt_grp = 0, usr_flg = 0,
		spatialprops =
		{
			pos = { 5.908206, 0.959241, -8.93108 },
			orient = { {  0.780535,  0.000000, -0.625112 },
					   {  0.000000,  1.000000,  0.000000 },
					   {  0.625112,  0.000000,  0.780535 } }
		}
	},

	{
		entity_name = "char_orillion_Mrk_have_it_analyzed",
		type = MARKER,
		template_name = "",
		lt_grp = 0, srt_grp = 0, usr_flg = 0,
		spatialprops =
		{
			pos = { 4.918489, 0.972928, -10.21713 },
			orient = { { -0.823271,  0.000000,  0.567648 },
					   {  0.000000,  1.000000,  0.000000 },
					   { -0.567648,  0.000000, -0.823271 } }
		}
	},

	{
		entity_name = "char_assistant_male_Mrk_analyzed_UA",
		type = MARKER,
		template_name = "",
		lt_grp = 0, srt_grp = 0, usr_flg = 0,
		spatialprops =
		{
			pos = { 5.223547, 1.40158, -10.63871 },
			orient = { { -0.824701,  0.000000,  0.565569 },
					   {  0.000000,  1.000000,  0.000000 },
					   { -0.565569,  0.000000, -0.824701 } }
		}
	},

	{
		entity_name = "char_assistant_male_Mrk_analyzed_LA",
		type = MARKER,
		template_name = "",
		lt_grp = 0, srt_grp = 0, usr_flg = 0,
		spatialprops =
		{
			pos = { 5.261115, 1.50555, -10.30405 },
			orient = { { -0.824701,  0.000000,  0.565569 },
					   {  0.000000,  1.000000,  0.000000 },
					   { -0.565569,  0.000000, -0.824701 } }
		}
	},

	{
		entity_name = "char_assistant_male_Mrk_analyzed_Tors",
		type = MARKER,
		template_name = "",
		lt_grp = 0, srt_grp = 0, usr_flg = 0,
		spatialprops =
		{
			pos = { 6.058306, 1.184442, -9.968771 },
			orient = { { -0.824701,  0.000000,  0.565569 },
					   {  0.000000,  1.000000,  0.000000 },
					   { -0.565569,  0.000000, -0.824701 } }
		}
	},

	{
		entity_name = "char_aide_male_Mrk_Oh_and",
		type = MARKER,
		template_name = "",
		lt_grp = 0, srt_grp = 0, usr_flg = 0,
		spatialprops =
		{
			pos = { 3.373834, 1.264294, -10.74893 },
			orient = { {  0.993095,  0.000000,  0.117315 },
					   {  0.000000,  1.000000,  0.000000 },
					   { -0.117315,  0.000000,  0.993095 } }
		}
	},

	{
		entity_name = "char_aide_male_Mrk_Oh_and_(end)",
		type = MARKER,
		template_name = "",
		lt_grp = 0, srt_grp = 0, usr_flg = 0,
		spatialprops =
		{
			pos = { 3.296201, 1.250166, -10.70415 },
			orient = { {  0.873793,  0.000000,  0.486297 },
					   {  0.000000,  1.000000,  0.000000 },
					   { -0.486297,  0.000000,  0.873793 } }
		}
	},

	{
		entity_name = "char_jacobi_Body_Core",
		type = MARKER,
		template_name = "",
		lt_grp = 0, srt_grp = 0, usr_flg = 0,
		spatialprops =
		{
			pos = { 3.979417, 0.960122, 13.73768 },
			orient = { { 1, 0, 0 }, { 0, 1, 0 }, { 0, 0, 1 } }
		}
	},

	{
		entity_name = "char_jacobi_Head_Right",
		type = MARKER,
		template_name = "",
		lt_grp = 0, srt_grp = 0, usr_flg = 0,
		spatialprops =
		{
			pos = { 4.161917, 1.562422, 14.07178 },
			orient = { { 1, 0, 0 }, { 0, 1, 0 }, { 0, 0, 1 } }
		}
	},

	{
		entity_name = "char_jacobi_Head_Left",
		type = MARKER,
		template_name = "",
		lt_grp = 0, srt_grp = 0, usr_flg = 0,
		spatialprops =
		{
			pos = { 4.291017, 1.562422, 13.66498 },
			orient = { { 1, 0, 0 }, { 0, 1, 0 }, { 0, 0, 1 } }
		}
	},

	{
		entity_name = "char_jacobi_Head_Center",
		type = MARKER,
		template_name = "",
		lt_grp = 0, srt_grp = 0, usr_flg = 0,
		spatialprops =
		{
			pos = { 4.225017, 1.562422, 13.87298 },
			orient = { { 1, 0, 0 }, { 0, 1, 0 }, { 0, 0, 1 } }
		}
	},

	{
		entity_name = "prop_juni_datachip_1",
		type = COMPOUND,
		template_name = "juni_datachip",
		lt_grp = 0, srt_grp = 0, usr_flg = 0,
		flags = LIT_DYNAMIC,
		spatialprops =
		{
			pos = { 7.54781, 0.790864, 0.785663 },
			orient = { { -0.988283,  0.134885, -0.071441 },
					   { -0.028515,  0.296648,  0.954561 },
					   {  0.149949,  0.945413, -0.289326 } }
		},
		userprops =
		{
			category = "Prop",
		}
	},

	{
		entity_name = "char_assistant_male_Mrk_analyzed_HND",
		type = MARKER,
		template_name = "",
		lt_grp = 0, srt_grp = 0, usr_flg = 0,
		spatialprops =
		{
			pos = { 5.262549, 1.421107, -10.2991 },
			orient = { { -0.824701,  0.000000,  0.565569 },
					   {  0.000000,  1.000000,  0.000000 },
					   { -0.565569,  0.000000, -0.824701 } }
		}
	},

	{
		entity_name = "char_assistant_male_Mrk_Right_Hand",
		type = MARKER,
		template_name = "",
		lt_grp = 0, srt_grp = 0, usr_flg = 0,
		spatialprops =
		{
			pos = { 4.468431, 0.79896, -13.42681 },
			orient = { { -0.516525, -0.294341, -0.804093 },
					   {  0.819547,  0.102129, -0.563837 },
					   {  0.248082, -0.950228,  0.188474 } }
		}
	},

	{
		entity_name = "char_orillion_Mrk_Body_Core",
		type = MARKER,
		template_name = "",
		lt_grp = 0, srt_grp = 0, usr_flg = 0,
		spatialprops =
		{
			pos = { 2.922646, 0.967951, 13.73768 },
			orient = { { 1, 0, 0 }, { 0, 1, 0 }, { 0, 0, 1 } }
		}
	},

	{
		entity_name = "char_orillion_Mrk_Head_Left",
		type = MARKER,
		template_name = "",
		lt_grp = 0, srt_grp = 0, usr_flg = 0,
		spatialprops =
		{
			pos = { 2.767946, 1.634451, 14.18678 },
			orient = { { 1, 0, 0 }, { 0, 1, 0 }, { 0, 0, 1 } }
		}
	},

	{
		entity_name = "char_juni_Mrk_Body_Core",
		type = MARKER,
		template_name = "",
		lt_grp = 0, srt_grp = 0, usr_flg = 0,
		spatialprops =
		{
			pos = { 6.465004, 0.952499, -1.593766 },
			orient = { { 1, 0, 0 }, { 0, 1, 0 }, { 0, 0, 1 } }
		}
	},

	{
		entity_name = "char_juni_Mrk_Head_Right",
		type = MARKER,
		template_name = "",
		lt_grp = 0, srt_grp = 0, usr_flg = 0,
		spatialprops =
		{
			pos = { 5.426972, 1.534202, -9.039406 },
			orient = { {  0.106393,  0.000000, -0.994324 },
					   {  0.000000,  1.000000,  0.000000 },
					   {  0.994324,  0.000000,  0.106393 } }
		}
	},

	{
		entity_name = "Cam_07_these_people",
		type = CAMERA,
		template_name = "",
		lt_grp = 0, srt_grp = 0, usr_flg = 0,
		spatialprops =
		{
			pos = { 7.472659, 8.367975, -12.38267 },
			orient = { { -0.751162,  0.063310, -0.657075 },
					   { -0.524555,  0.547037,  0.652375 },
					   {  0.400747,  0.834711, -0.377704 } }
		},
		cameraprops =
		{
			fovh = 20,
			hvaspect = 1.85,
			nearplane = 0.4,
			farplane = 500
		}
	},

	{
		entity_name = "aMoveEmOut",
		type = MARKER,
		template_name = "",
		lt_grp = 0, srt_grp = 0, usr_flg = 0,
		spatialprops =
		{
			pos = { 3.076048, 0, 13.73768 },
			orient = { { 1, 0, 0 }, { 0, 1, 0 }, { 0, 0, 1 } }
		}
	},

	{
		entity_name = "char_orillion_mrk_lookrt",
		type = MARKER,
		template_name = "",
		lt_grp = 0, srt_grp = 0, usr_flg = 0,
		spatialprops =
		{
			pos = { 4.739836, 1.562541, -9.384769 },
			orient = { { -0.363207,  0.000000,  0.931709 },
					   {  0.000000,  1.000000,  0.000000 },
					   { -0.931709,  0.000000, -0.363207 } }
		}
	},

	{
		entity_name = "Cam_02a_Analyzed",
		type = CAMERA,
		template_name = "",
		lt_grp = 0, srt_grp = 0, usr_flg = 0,
		spatialprops =
		{
			pos = { 7.176875, 1.576946, -7.979935 },
			orient = { {  0.736221,  0.000000, -0.676741 },
					   { -0.055065,  0.996684, -0.059904 },
					   {  0.674497,  0.081367,  0.733780 } }
		},
		cameraprops =
		{
			fovh = 20,
			hvaspect = 1.85,
			nearplane = 0.4,
			farplane = 500
		}
	},

	{
		entity_name = "Cam_13_MissionBriefing_01",
		type = CAMERA,
		template_name = "",
		lt_grp = 0, srt_grp = 0, usr_flg = 0,
		spatialprops =
		{
			pos = { 8.191695, 4.226707, -11.36984 },
			orient = { { -0.521201,  0.000000, -0.853434 },
					   { -0.509911,  0.801883,  0.311408 },
					   {  0.684354,  0.597482, -0.417942 } }
		},
		cameraprops =
		{
			fovh = 20,
			hvaspect = 1.85,
			nearplane = 0.4,
			farplane = 500
		}
	},

	{
		entity_name = "Cam_13_MissionBriefing_02",
		type = CAMERA,
		template_name = "",
		lt_grp = 0, srt_grp = 0, usr_flg = 0,
		spatialprops =
		{
			pos = { 9.393513, 4.788836, -9.164705 },
			orient = { {  0.032475,  0.000000, -0.999473 },
					   { -0.609076,  0.792865, -0.019790 },
					   {  0.792447,  0.609397,  0.025748 } }
		},
		cameraprops =
		{
			fovh = 20,
			hvaspect = 1.85,
			nearplane = 0.4,
			farplane = 500
		}
	},

	{
		entity_name = "Cam_13_MissionBriefing_03",
		type = CAMERA,
		template_name = "",
		lt_grp = 0, srt_grp = 0, usr_flg = 0,
		spatialprops =
		{
			pos = { 7.860612, 4.594039, -6.208881 },
			orient = { {  0.723736,  0.000000, -0.690077 },
					   { -0.413465,  0.800631, -0.433632 },
					   {  0.552497,  0.599158,  0.579446 } }
		},
		cameraprops =
		{
			fovh = 20,
			hvaspect = 1.85,
			nearplane = 0.4,
			farplane = 500
		}
	},

	{
		entity_name = "Cam_13_MissionBriefing_04",
		type = CAMERA,
		template_name = "",
		lt_grp = 0, srt_grp = 0, usr_flg = 0,
		spatialprops =
		{
			pos = { 5.217531, 4.708439, -4.4757 },
			orient = { {  0.998745,  0.000000, -0.050088 },
					   { -0.029654,  0.805916, -0.591287 },
					   {  0.040367,  0.592031,  0.804904 } }
		},
		cameraprops =
		{
			fovh = 20,
			hvaspect = 1.85,
			nearplane = 0.4,
			farplane = 500
		}
	},

	{
		entity_name = "Cam_13_MissionBriefing_05",
		type = CAMERA,
		template_name = "",
		lt_grp = 0, srt_grp = 0, usr_flg = 0,
		spatialprops =
		{
			pos = { 2.595169, 5.008608, -4.837253 },
			orient = { {  0.885985,  0.000000,  0.463714 },
					   {  0.289416,  0.781323, -0.552967 },
					   { -0.362310,  0.624127,  0.692240 } }
		},
		cameraprops =
		{
			fovh = 20,
			hvaspect = 1.85,
			nearplane = 0.4,
			farplane = 500
		}
	},

	{
		entity_name = "Cam_13_Path",
		type = MOTION_PATH,
		template_name = "",
		lt_grp = 0, srt_grp = 0, usr_flg = 0,
		spatialprops =
		{
			pos = { 0, -0.5, 0 },
			orient = { { 1, 0, 0 }, { 0, 1, 0 }, { 0, 0, 1 } }
		},
		pathprops =
		{
			path_type = "CV_CROrientationSplinePath",
			path_data = "OPEN,{8.191695,4.226707,-11.369836}, {0.461717,-0.161918,0.822985,0.288610}, {9.393512,4.226707,-9.164705}, {0.684140,-0.219523,0.662272,0.212506}, {7.860612,4.226707,-6.208881}, {0.880882,-0.293113,0.352650,0.117344}, {5.217531,4.226707,-4.475700}, {0.949943,-0.311418,0.023805,0.007804}, {2.595169,4.226707,-4.837253}, {0.916454,-0.321100,-0.225332,-0.078950}, {0.292919,4.226707,-7.379416}, {0.791940,-0.269833,-0.518472,-0.176656}, {1.935413,4.226707,-11.097931}, {-0.463351,0.122575,0.848470,0.224454}, {4.342522,4.226707,-13.307961}, {-0.034265,0.008408,0.970581,0.238174}, {7.898652,4.226707,-12.086760}, {0.402559,-0.093010,0.887282,0.205003}, {8.191695,4.226707,-11.369836}, {0.464419,-0.153995,0.827802,0.274489}, "
		}
	},

	{
		entity_name = "Cam_13_MissionBriefing_Cam",
		type = CAMERA,
		template_name = "",
		lt_grp = 0, srt_grp = 0, usr_flg = 0,
		spatialprops =
		{
			pos = { 8.191695, 4.226707, -11.36984 },
			orient = { { -0.521201,  0.000000, -0.853434 },
					   { -0.509911,  0.801883,  0.311408 },
					   {  0.684354,  0.597482, -0.417942 } }
		},
		cameraprops =
		{
			fovh = 20,
			hvaspect = 1.85,
			nearplane = 0.4,
			farplane = 500
		}
	},

	{
		entity_name = "Cam_15_Miracle",
		type = CAMERA,
		template_name = "",
		lt_grp = 0, srt_grp = 0, usr_flg = 0,
