duration = 36.374;

entities =
{

	{
		entity_name = "Layer_s071b_accept_king_li_05_bar",
		type = SCENE,
		template_name = "",
		lt_grp = 0, srt_grp = 0, usr_flg = 0,
		spatialprops =
		{
			pos = { 0, 0, 0 },
			orient = { { 1, 0, 0 }, { 0, 1, 0 }, { 0, 0, 1 } }
		},
		up = Y_AXIS,
		front = Z_AXIS,
		ambient = { 0, 0, 0 }
	},

	{
		entity_name = "dx_s071b_0101_Trent_40",
		type = SOUND,
		template_name = "dx_s071b_0101_Trent",
		lt_grp = 0, srt_grp = 0, usr_flg = 0,
		spatialprops =
		{
			pos = { 0, 0, 0 },
			orient = { { 1, 0, 0 }, { 0, 1, 0 }, { 0, 0, 1 } }
		},
		audioprops =
		{
			attenuation = -1,
			pan = 0,
			dmin = 50,
			dmax = 1000,
			ain = 360,
			aout = 360,
			atout = 0,
			rmix = 0,
		},
		userprops =
		{
			category = "Audio",
		}
	},

	{
		entity_name = "dx_s071b_0201_juni_41",
		type = SOUND,
		template_name = "dx_s071b_0201_juni",
		lt_grp = 0, srt_grp = 0, usr_flg = 0,
		spatialprops =
		{
			pos = { 0, 0, 0 },
			orient = { { 1, 0, 0 }, { 0, 1, 0 }, { 0, 0, 1 } }
		},
		audioprops =
		{
			attenuation = -1,
			pan = 0,
			dmin = 50,
			dmax = 1000,
			ain = 360,
			aout = 360,
			atout = 0,
			rmix = 0,
		},
		userprops =
		{
			category = "Audio",
		}
	},

	{
		entity_name = "dx_s071b_0301_Trent_42",
		type = SOUND,
		template_name = "dx_s071b_0301_Trent",
		lt_grp = 0, srt_grp = 0, usr_flg = 0,
		spatialprops =
		{
			pos = { 0, 0, 0 },
			orient = { { 1, 0, 0 }, { 0, 1, 0 }, { 0, 0, 1 } }
		},
		audioprops =
		{
			attenuation = -1,
			pan = 0,
			dmin = 50,
			dmax = 1000,
			ain = 360,
			aout = 360,
			atout = 0,
			rmix = 0,
		},
		userprops =
		{
			category = "Audio",
		}
	},

	{
		entity_name = "dx_s071b_0401_juni_43",
		type = SOUND,
		template_name = "dx_s071b_0401_juni",
		lt_grp = 0, srt_grp = 0, usr_flg = 0,
		spatialprops =
		{
			pos = { 0, 0, 0 },
			orient = { { 1, 0, 0 }, { 0, 1, 0 }, { 0, 0, 1 } }
		},
		audioprops =
		{
			attenuation = -1,
			pan = 0,
			dmin = 50,
			dmax = 1000,
			ain = 360,
			aout = 360,
			atout = 0,
			rmix = 0,
		},
		userprops =
		{
			category = "Audio",
		}
	},

	{
		entity_name = "dx_s071b_0501_King_44",
		type = SOUND,
		template_name = "dx_s071b_0501_King",
		lt_grp = 0, srt_grp = 0, usr_flg = 0,
		spatialprops =
		{
			pos = { 0, 0, 0 },
			orient = { { 1, 0, 0 }, { 0, 1, 0 }, { 0, 0, 1 } }
		},
		audioprops =
		{
			attenuation = -1,
			pan = 0,
			dmin = 50,
			dmax = 1000,
			ain = 360,
			aout = 360,
			atout = 0,
			rmix = 0,
		},
		userprops =
		{
			category = "Audio",
		}
	},

	{
		entity_name = "dx_s071b_0601_juni_45",
		type = SOUND,
		template_name = "dx_s071b_0601_juni",
		lt_grp = 0, srt_grp = 0, usr_flg = 0,
		spatialprops =
		{
			pos = { 0, 0, 0 },
			orient = { { 1, 0, 0 }, { 0, 1, 0 }, { 0, 0, 1 } }
		},
		audioprops =
		{
			attenuation = -1,
			pan = 0,
			dmin = 50,
			dmax = 1000,
			ain = 360,
			aout = 360,
			atout = 0,
			rmix = 0,
		},
		userprops =
		{
			category = "Audio",
		}
	},

	{
		entity_name = "dx_s071b_0701_juni_46",
		type = SOUND,
		template_name = "dx_s071b_0701_juni",
		lt_grp = 0, srt_grp = 0, usr_flg = 0,
		spatialprops =
		{
			pos = { 0, 0, 0 },
			orient = { { 1, 0, 0 }, { 0, 1, 0 }, { 0, 0, 1 } }
		},
		audioprops =
		{
			attenuation = -1,
			pan = 0,
			dmin = 50,
			dmax = 1000,
			ain = 360,
			aout = 360,
			atout = 0,
			rmix = 0,
		},
		userprops =
		{
			category = "Audio",
		}
	},

	{
		entity_name = "dx_s071b_0102_Trent_1",
		type = SOUND,
		template_name = "dx_s071b_0102_Trent",
		lt_grp = 0, srt_grp = 0, usr_flg = 0,
		spatialprops =
		{
			pos = { 0, 0, 0 },
			orient = { { 1, 0, 0 }, { 0, 1, 0 }, { 0, 0, 1 } }
		},
		audioprops =
		{
			attenuation = -1,
			pan = 0,
			dmin = 50,
			dmax = 1000,
			ain = 360,
			aout = 360,
			atout = 0,
			rmix = 0,
		},
		userprops =
		{
			category = "Audio",
		}
	},

	{
		entity_name = "dx_s071b_0103_Trent_2",
		type = SOUND,
		template_name = "dx_s071b_0103_Trent",
		lt_grp = 0, srt_grp = 0, usr_flg = 0,
		spatialprops =
		{
			pos = { 0, 0, 0 },
			orient = { { 1, 0, 0 }, { 0, 1, 0 }, { 0, 0, 1 } }
		},
		audioprops =
		{
			attenuation = -1,
			pan = 0,
			dmin = 50,
			dmax = 1000,
			ain = 360,
			aout = 360,
			atout = 0,
			rmix = 0,
		},
		userprops =
		{
			category = "Audio",
		}
	},

	{
		entity_name = "cam_Monitor_1",
		type = MONITOR,
		template_name = "",
		lt_grp = 0, srt_grp = 0, usr_flg = 0,
		userprops =
		{
			Priority = "Monitor_Moving_1",
		}
	},

	{
		entity_name = "Char_Juni",
		type = DEFORMABLE,
		template_name = "juni",
		lt_grp = 0, srt_grp = 0, usr_flg = 0,
		flags = LIT_DYNAMIC,
		spatialprops =
		{
			pos = { 2.124657, 0, -8.83173 },
			orient = { {  0.814181,  0.000000, -0.580611 },
					   {  0.000000,  1.000000,  0.000000 },
					   {  0.580611,  0.000000,  0.814181 } }
		},
		compoundprops =
		{
			floor_height = 0
		},
		userprops =
		{
			actor = "Juni",
			category = "Character",
		}
	},

	{
		entity_name = "Char_King",
		type = DEFORMABLE,
		template_name = "king",
		lt_grp = 0, srt_grp = 0, usr_flg = 0,
		flags = LIT_DYNAMIC,
		spatialprops =
		{
			pos = { 2.007668, 0, -9.70204 },
			orient = { { -0.576135,  0.000000, -0.817354 },
					   {  0.000000,  1.000000,  0.000000 },
					   {  0.817354,  0.000000, -0.576135 } }
		},
		compoundprops =
		{
			floor_height = 0
		},
		userprops =
		{
			actor = "king",
			category = "Character",
		}
	},

	{
		entity_name = "Char_Trent",
		type = DEFORMABLE,
		template_name = "trent",
		lt_grp = 0, srt_grp = 0, usr_flg = 0,
		flags = LIT_DYNAMIC,
		spatialprops =
		{
			pos = { 1.230748, 0, -8.994889 },
			orient = { {  0.589292,  0.000000,  0.807920 },
					   {  0.000000,  1.000000,  0.000000 },
					   { -0.807920,  0.000000,  0.589292 } }
		},
		compoundprops =
		{
			floor_height = 0
		},
		userprops =
		{
			actor = "Player",
			category = "Character",
		}
	},

	{
		entity_name = "Cam_3",
		type = CAMERA,
		template_name = "",
		lt_grp = 0, srt_grp = 0, usr_flg = 0,
		flags = HIDDEN,
		spatialprops =
		{
			pos = { 3.496424, 1.773079, -9.33396 },
			orient = { { -0.110024,  0.000000, -0.993929 },
					   { -0.171707,  0.984965,  0.019008 },
					   {  0.978985,  0.172756, -0.108370 } }
		},
		cameraprops =
		{
			fovh = 22,
			hvaspect = 1.85,
			nearplane = 0.4,
			farplane = 4000
		}
	},

	{
		entity_name = "Cam_2",
		type = CAMERA,
		template_name = "",
		lt_grp = 0, srt_grp = 0, usr_flg = 0,
		flags = HIDDEN,
		spatialprops =
		{
			pos = { 2.835505, 1.758197, -9.414221 },
			orient = { { -0.017454,  0.000000, -0.999848 },
					   { -0.161523,  0.986865,  0.002820 },
					   {  0.986715,  0.161547, -0.017224 } }
		},
		cameraprops =
		{
			fovh = 22,
			hvaspect = 1.85,
			nearplane = 0.4,
			farplane = 4000
		}
	},

	{
		entity_name = "Cam_1A",
		type = CAMERA,
		template_name = "",
		lt_grp = 0, srt_grp = 0, usr_flg = 0,
		flags = HIDDEN,
		spatialprops =
		{
			pos = { 4.115216, 1.627151, -9.444269 },
			orient = { { -0.098968,  0.000000, -0.995091 },
					   { -0.103761,  0.994549,  0.010320 },
					   {  0.989666,  0.104273, -0.098429 } }
		},
		cameraprops =
		{
			fovh = 22,
			hvaspect = 1.85,
			nearplane = 0.4,
			farplane = 4000
		}
	},

	{
		entity_name = "Mk_Trent_Look_Juni",
		type = MARKER,
		template_name = "",
		lt_grp = 0, srt_grp = 0, usr_flg = 0,
		spatialprops =
		{
			pos = { 2.188269, 1.579932, -9.081754 },
			orient = { {  0.815071,  0.000000, -0.579361 },
					   {  0.000000,  1.000000,  0.000000 },
					   {  0.579361,  0.000000,  0.815071 } }
		}
	},

	{
		entity_name = "Mk_Juni_Look_Trent",
		type = MARKER,
		template_name = "",
		lt_grp = 0, srt_grp = 0, usr_flg = 0,
		spatialprops =
		{
			pos = { 1.281741, 1.756339, -9.204063 },
			orient = { {  0.613691,  0.000000,  0.789546 },
					   {  0.000000,  1.000000,  0.000000 },
					   { -0.789546,  0.000000,  0.613691 } }
		}
	},

	{
		entity_name = "Mk_King_Look_Juni",
		type = MARKER,
		template_name = "",
		lt_grp = 0, srt_grp = 0, usr_flg = 0,
		spatialprops =
		{
			pos = { 1.644588, 1.467285, -8.779483 },
			orient = { {  0.814181,  0.000000, -0.580611 },
					   {  0.000000,  1.000000,  0.000000 },
					   {  0.580611,  0.000000,  0.814181 } }
		}
	},

	{
		entity_name = "Cam_1A_End",
		type = CAMERA,
		template_name = "",
		lt_grp = 0, srt_grp = 0, usr_flg = 0,
		flags = HIDDEN,
		spatialprops =
		{
			pos = { 2.443108, 1.677523, -9.219195 },
			orient = { { -0.116195,  0.000000, -0.993226 },
					   { -0.073361,  0.997268,  0.008582 },
					   {  0.990513,  0.073861, -0.115878 } }
		},
		cameraprops =
		{
			fovh = 22,
			hvaspect = 1.85,
			nearplane = 0.4,
			farplane = 4000
		}
	},

	{
		entity_name = "Cam_1B_King",
		type = CAMERA,
		template_name = "",
		lt_grp = 0, srt_grp = 0, usr_flg = 0,
		flags = HIDDEN,
		spatialprops =
		{
			pos = { 1.438355, 1.658552, -8.995425 },
			orient = { {  0.809248,  0.000000,  0.587467 },
					   { -0.001341,  0.999997,  0.001847 },
					   { -0.587465, -0.002283,  0.809246 } }
		},
		cameraprops =
		{
			fovh = 22,
			hvaspect = 1.85,
			nearplane = 0.4,
			farplane = 4000
		}
	},

	{
		entity_name = "Cam_1C_Juni",
		type = CAMERA,
		template_name = "",
		lt_grp = 0, srt_grp = 0, usr_flg = 0,
		flags = HIDDEN,
		spatialprops =
		{
			pos = { 2.275326, 1.528093, -9.566266 },
			orient = { { -0.913344,  0.000000, -0.407189 },
					   {  0.010983,  0.999636, -0.024635 },
					   {  0.407041, -0.026972, -0.913012 } }
		},
		cameraprops =
		{
			fovh = 22,
			hvaspect = 1.85,
			nearplane = 0.4,
			farplane = 4000
		}
	},

	{
		entity_name = "Mk_Juni_Look_King",
		type = MARKER,
		template_name = "",
		lt_grp = 0, srt_grp = 0, usr_flg = 0,
		spatialprops =
		{
			pos = { 1.804698, 1.588295, -9.534145 },
			orient = { { -0.584535,  0.000000, -0.811369 },
					   {  0.000000,  1.000000,  0.000000 },
					   {  0.811369,  0.000000, -0.584535 } }
		}
	},

	{
		entity_name = "Cam_4",
		type = CAMERA,
		template_name = "",
		lt_grp = 0, srt_grp = 0, usr_flg = 0,
		flags = HIDDEN,
		spatialprops =
		{
			pos = { 1.206624, 1.566563, -9.252707 },
			orient = { { -0.697659,  0.000000,  0.716430 },
					   {  0.026645,  0.999308,  0.025947 },
					   { -0.715935,  0.037191, -0.697176 } }
		},
		cameraprops =
		{
			fovh = 22,
			hvaspect = 1.85,
			nearplane = 0.4,
			farplane = 4000
		}
	},

	{
		entity_name = "Cam_5",
		type = CAMERA,
		template_name = "",
		lt_grp = 0, srt_grp = 0, usr_flg = 0,
		flags = HIDDEN,
		spatialprops =
		{
			pos = { 1.142665, 1.679336, -7.276873 },
			orient = { {  0.948668,  0.000000,  0.316275 },
					   {  0.038654,  0.992503, -0.115943 },
					   { -0.313904,  0.122217,  0.941556 } }
		},
		cameraprops =
		{
			fovh = 22,
			hvaspect = 1.85,
			nearplane = 0.4,
			farplane = 4000
		}
	},

	{
		entity_name = "Cam_6_Wide",
		type = CAMERA,
		template_name = "",
		lt_grp = 0, srt_grp = 0, usr_flg = 0,
		flags = HIDDEN,
		spatialprops =
		{
			pos = { 3.199361, 1.595871, -7.590015 },
			orient = { {  0.684431,  0.000000, -0.729078 },
					   { -0.096524,  0.991197, -0.090613 },
					   {  0.722660,  0.132392,  0.678406 } }
		},
		cameraprops =
		{
			fovh = 25,
			hvaspect = 1.85,
			nearplane = 0.4,
			farplane = 4000
		}
	},

	{
		entity_name = "Mk_Juni_Attach",
		type = MARKER,
		template_name = "",
		lt_grp = 0, srt_grp = 0, usr_flg = 0,
		spatialprops =
		{
			pos = { 2.127665, 0.959241, -8.830661 },
			orient = { {  0.817411,  0.000000, -0.576055 },
					   {  0.000000,  1.000000,  0.000000 },
					   {  0.576055,  0.000000,  0.817411 } }
		}
	},

	{
		entity_name = "Mk_Juni_Ik_Arm_At_King",
		type = MARKER,
		template_name = "",
		lt_grp = 0, srt_grp = 0, usr_flg = 0,
		spatialprops =
		{
			pos = { 2.010725, 0.517821, -9.704086 },
			orient = { { -0.582279,  0.000000, -0.812989 },
					   {  0.000000,  1.000000,  0.000000 },
					   {  0.812989,  0.000000, -0.582279 } }
		}
	},

	{
		entity_name = "Mk_Juni_Look_King2",
		type = MARKER,
		template_name = "",
		lt_grp = 0, srt_grp = 0, usr_flg = 0,
		spatialprops =
		{
			pos = { 1.652934, 1.753003, -9.369952 },
			orient = { { -0.584535,  0.000000, -0.811369 },
					   {  0.000000,  1.000000,  0.000000 },
					   {  0.811369,  0.000000, -0.584535 } }
		}
	},

	{
		entity_name = "Cam_1Reversed_B",
		type = CAMERA,
		template_name = "",
		lt_grp = 0, srt_grp = 0, usr_flg = 0,
		flags = HIDDEN,
		spatialprops =
		{
			pos = { 3.855343, 1.803963, -9.676558 },
			orient = { { -0.195579,  0.000000, -0.980688 },
					   { -0.176711,  0.983632,  0.035241 },
					   {  0.964636,  0.180191, -0.192377 } }
		},
		cameraprops =
		{
			fovh = 22,
			hvaspect = 1.85,
			nearplane = 0.4,
			farplane = 4000
		}
	},

	{
		entity_name = "Cam_1Reversed_A",
		type = CAMERA,
		template_name = "",
		lt_grp = 0, srt_grp = 0, usr_flg = 0,
		flags = HIDDEN,
		spatialprops =
		{
			pos = { 2.650031, 1.763761, -9.26589 },
			orient = { {  0.930227,  0.000000, -0.366985 },
					   { -0.057332,  0.987722, -0.145325 },
					   {  0.362479,  0.156225,  0.918805 } }
		},
		cameraprops =
		{
			fovh = 22,
			hvaspect = 1.85,
			nearplane = 0.4,
			farplane = 4000
		}
	},

	{
		entity_name = "Cam_3b_OTS_Trent_to_Juni",
		type = CAMERA,
		template_name = "",
		lt_grp = 0, srt_grp = 0, usr_flg = 0,
		flags = HIDDEN,
		spatialprops =
		{
			pos = { 0.776685, 1.78606, -7.765738 },
			orient = { {  0.784976,  0.000000,  0.619526 },
					   {  0.110806,  0.983875, -0.140398 },
					   { -0.609537,  0.178856,  0.772318 } }
		},
		cameraprops =
		{
			fovh = 22,
			hvaspect = 1.85,
			nearplane = 0.4,
			farplane = 4000
		}
	},

	{
		entity_name = "Mk_King_Look_Juni_2",
		type = MARKER,
		template_name = "",
		lt_grp = 0, srt_grp = 0, usr_flg = 0,
		spatialprops =
		{
			pos = { 1.84017, 1.467285, -8.798433 },
			orient = { {  0.814181,  0.000000, -0.580611 },
					   {  0.000000,  1.000000,  0.000000 },
					   {  0.580611,  0.000000,  0.814181 } }
		}
	},

	{
		entity_name = "Path_1",
		type = MOTION_PATH,
		template_name = "",
		lt_grp = 0, srt_grp = 0, usr_flg = 0,
		spatialprops =
		{
			pos = { 2.199103, 0, -8.069361 },
			orient = { {  0.294272,  0.000000,  0.955722 },
					   {  0.000000,  1.000000,  0.000000 },
					   { -0.955722,  0.000000,  0.294272 } }
		},
		pathprops =
		{
			path_type = "CV_CROrientationSplinePath",
			path_data = "OPEN,{-5.000000,0.000000,0.000000}, {1.000000,0.000000,0.000000,0.000000}, {-0.000006,5.000000,0.000000}, {1.000000,0.000000,0.000000,0.000000}, {5.000000,0.000013,0.000000}, {1.000000,0.000000,0.000000,0.000000}, "
		}
	},

	{
		entity_name = "Mk_Juni_Look_King3",
		type = MARKER,
		template_name = "",
		lt_grp = 0, srt_grp = 0, usr_flg = 0,
		spatialprops =
		{
			pos = { 1.689985, 1.600894, -9.039229 },
			orient = { { -0.584535,  0.000000, -0.811369 },
					   {  0.000000,  1.000000,  0.000000 },
					   {  0.811369,  0.000000, -0.584535 } }
		}
	},

	{
		entity_name = "cam_Monitor_static_cam",
		type = MONITOR,
		template_name = "",
		lt_grp = 0, srt_grp = 0, usr_flg = 0,
		userprops =
		{
			Priority = "Monitor_Static_1",
		}
	},

	{
		entity_name = "Cam_static_01",
		type = CAMERA,
		template_name = "",
		lt_grp = 0, srt_grp = 0, usr_flg = 0,
		flags = HIDDEN,
		spatialprops =
		{
			pos = { 3.398355, 1.743017, -9.31181 },
			orient = { { -0.076996,  0.000000, -0.997031 },
					   { -0.155761,  0.987722,  0.012029 },
					   {  0.984789,  0.156225, -0.076051 } }
		},
		cameraprops =
		{
			fovh = 22,
			hvaspect = 1.85,
			nearplane = 0.4,
			farplane = 4000
		}
	},

	{
		entity_name = "Cam_3b_OTS_Trent_to_Juni_copy_1",
		type = CAMERA,
		template_name = "",
		lt_grp = 0, srt_grp = 0, usr_flg = 0,
		flags = HIDDEN,
		spatialprops =
		{
			pos = { 0.776685, 1.78606, -7.765738 },
			orient = { {  0.784976,  0.000000,  0.619526 },
					   {  0.110806,  0.983875, -0.140398 },
					   { -0.609537,  0.178856,  0.772318 } }
		},
		cameraprops =
		{
			fovh = 22,
			hvaspect = 1.85,
			nearplane = 0.4,
			farplane = 4000
		}
	},

	{
		entity_name = "Cam_static_02_three",
		type = CAMERA,
		template_name = "",
		lt_grp = 0, srt_grp = 0, usr_flg = 0,
		flags = HIDDEN,
		spatialprops =
		{
			pos = { 0.793008, 1.7813, -7.743935 },
			orient = { {  0.797821, -0.000566,  0.602894 },
					   {  0.106229,  0.984486, -0.139651 },
					   { -0.593462,  0.175462,  0.785504 } }
		},
		cameraprops =
		{
			fovh = 22,
			hvaspect = 1.85,
			nearplane = 0.4,
			farplane = 4000
		}
	},

	{
		entity_name = "Char_Juni_sfx_fturn_female01_17",
		type = SOUND,
		template_name = "sfx_fturn_female01",
		lt_grp = 0, srt_grp = 0, usr_flg = 0,
		spatialprops =
		{
			pos = { 0, 0, 0 },
			orient = { { 1, 0, 0 }, { 0, 1, 0 }, { 0, 0, 1 } }
		},
		audioprops =
		{
			attenuation = -15,
			pan = 21,
			dmin = 50,
			dmax = 300,
			ain = 360,
			aout = 360,
			atout = 0,
			rmix = 0,
		},
		userprops =
		{
			category = "Audio",
			Priority = "Steps_4",
		}
	},

	{
		entity_name = "Char_Juni_fs_fl_steel01_18",
		type = SOUND,
		template_name = "fs_fl_steel01",
		lt_grp = 0, srt_grp = 0, usr_flg = 0,
		spatialprops =
		{
			pos = { 0, 0, 0 },
			orient = { { 1, 0, 0 }, { 0, 1, 0 }, { 0, 0, 1 } }
		},
		audioprops =
		{
			attenuation = -24,
			pan = 23,
			dmin = 50,
			dmax = 300,
			ain = 360,
			aout = 360,
			atout = 0,
			rmix = 0,
		},
		userprops =
		{
			category = "Audio",
			Priority = "Steps_4",
		}
	},

	{
		entity_name = "Char_Juni_sfx_fstop_steel_female02_19",
		type = SOUND,
		template_name = "sfx_fstop_steel_female02",
		lt_grp = 0, srt_grp = 0, usr_flg = 0,
		spatialprops =
		{
			pos = { 0, 0, 0 },
			orient = { { 1, 0, 0 }, { 0, 1, 0 }, { 0, 0, 1 } }
		},
		audioprops =
		{
			attenuation = -17,
			pan = 20,
			dmin = 50,
			dmax = 300,
			ain = 360,
			aout = 360,
			atout = 0,
			rmix = 0,
		},
		userprops =
		{
			category = "Audio",
			Priority = "Steps_4",
		}
	},

	{
		entity_name = "Char_Juni_sfx_fturn_female03_20",
		type = SOUND,
		template_name = "sfx_fturn_female03",
		lt_grp = 0, srt_grp = 0, usr_flg = 0,
		spatialprops =
		{
			pos = { 0, 0, 0 },
			orient = { { 1, 0, 0 }, { 0, 1, 0 }, { 0, 0, 1 } }
		},
		audioprops =
		{
			attenuation = -15,
			pan = 0,
			dmin = 50,
			dmax = 300,
			ain = 360,
			aout = 360,
			atout = 0,
			rmix = 0,
		},
		userprops =
		{
			category = "Audio",
			Priority = "Steps_4",
		}
	},

	{
		entity_name = "Char_Juni_fs_fl_steel02_21",
		type = SOUND,
		template_name = "fs_fl_steel02",
		lt_grp = 0, srt_grp = 0, usr_flg = 0,
		spatialprops =
		{
			pos = { 0, 0, 0 },
			orient = { { 1, 0, 0 }, { 0, 1, 0 }, { 0, 0, 1 } }
		},
		audioprops =
		{
			attenuation = -24,
			pan = -5,
			dmin = 50,
			dmax = 300,
			ain = 360,
			aout = 360,
			atout = 0,
			rmix = 0,
		},
		userprops =
		{
			category = "Audio",
			Priority = "Steps_4",
		}
	},

	{
		entity_name = "Char_Juni_fs_fr_steel01_22",
		type = SOUND,
		template_name = "fs_fr_steel01",
		lt_grp = 0, srt_grp = 0, usr_flg = 0,
		spatialprops =
		{
			pos = { 0, 0, 0 },
			orient = { { 1, 0, 0 }, { 0, 1, 0 }, { 0, 0, 1 } }
		},
		audioprops =
		{
			attenuation = -25,
			pan = -40,
			dmin = 50,
			dmax = 300,
			ain = 360,
			aout = 360,
			atout = 0,
			rmix = 0,
		},
		userprops =
		{
			category = "Audio",
			Priority = "Steps_4",
		}
	},

	{
		entity_name = "Char_Juni_fs_fl_steel03_23",
		type = SOUND,
		template_name = "fs_fl_steel03",
		lt_grp = 0, srt_grp = 0, usr_flg = 0,
		spatialprops =
		{
			pos = { 0, 0, 0 },
			orient = { { 1, 0, 0 }, { 0, 1, 0 }, { 0, 0, 1 } }
		},
		audioprops =
		{
			attenuation = -26,
			pan = -50,
			dmin = 50,
			dmax = 300,
			ain = 360,
			aout = 360,
			atout = 0,
			rmix = 0,
		},
		userprops =
		{
			category = "Audio",
			Priority = "Steps_4",
		}
	},

	{
		entity_name = "Char_Juni_fs_fr_steel02_24",
		type = SOUND,
		template_name = "fs_fr_steel02",
		lt_grp = 0, srt_grp = 0, usr_flg = 0,
		spatialprops =
		{
			pos = { 0, 0, 0 },
			orient = { { 1, 0, 0 }, { 0, 1, 0 }, { 0, 0, 1 } }
		},
		audioprops =
		{
			attenuation = -27,
			pan = -60,
			dmin = 50,
			dmax = 300,
			ain = 360,
			aout = 360,
			atout = 0,
			rmix = 0,
		},
		userprops =
		{
			category = "Audio",
			Priority = "Steps_4",
		}
	},

	{
		entity_name = "Char_Trent_sfx_fturn_male01_25",
		type = SOUND,
		template_name = "sfx_fturn_male01",
		lt_grp = 0, srt_grp = 0, usr_flg = 0,
		spatialprops =
		{
			pos = { 0, 0, 0 },
			orient = { { 1, 0, 0 }, { 0, 1, 0 }, { 0, 0, 1 } }
		},
		audioprops =
		{
			attenuation = -15,
			pan = -10,
			dmin = 50,
			dmax = 300,
			ain = 360,
			aout = 360,
			atout = 0,
			rmix = 0,
		},
		userprops =
		{
			category = "Audio",
			Priority = "Steps_4",
		}
	},

	{
		entity_name = "Char_Trent_fs_mr_steel04_26",
		type = SOUND,
		template_name = "fs_mr_steel04",
		lt_grp = 0, srt_grp = 0, usr_flg = 0,
		spatialprops =
		{
			pos = { 0, 0, 0 },
			orient = { { 1, 0, 0 }, { 0, 1, 0 }, { 0, 0, 1 } }
		},
		audioprops =
		{
			attenuation = -26,
			pan = -20,
			dmin = 50,
			dmax = 300,
			ain = 360,
			aout = 360,
			atout = 0,
			rmix = 0,
		},
		userprops =
		{
			category = "Audio",
			Priority = "Steps_4",
		}
	},

	{
		entity_name = "Char_Trent_fs_ml_steel01_27",
		type = SOUND,
		template_name = "fs_ml_steel01",
		lt_grp = 0, srt_grp = 0, usr_flg = 0,
		spatialprops =
		{
			pos = { 0, 0, 0 },
			orient = { { 1, 0, 0 }, { 0, 1, 0 }, { 0, 0, 1 } }
		},
		audioprops =
		{
			attenuation = -24,
			pan = -38,
			dmin = 50,
			dmax = 300,
			ain = 360,
			aout = 360,
			atout = 0,
			rmix = 0,
		},
		userprops =
		{
			category = "Audio",
			Priority = "Steps_4",
		}
	},

	{
		entity_name = "Char_Trent_fs_mr_steel03_28",
		type = SOUND,
		template_name = "fs_mr_steel03",
		lt_grp = 0, srt_grp = 0, usr_flg = 0,
		spatialprops =
		{
			pos = { 0, 0, 0 },
			orient = { { 1, 0, 0 }, { 0, 1, 0 }, { 0, 0, 1 } }
		},
		audioprops =
		{
			attenuation = -25,
			pan = -50,
			dmin = 50,
			dmax = 300,
			ain = 360,
			aout = 360,
			atout = 0,
			rmix = 0,
		},
		userprops =
		{
			category = "Audio",
			Priority = "Steps_4",
		}
	},

	{
		entity_name = "Char_King_fs_mr_steel01_29",
		type = SOUND,
		template_name = "fs_mr_steel01",
		lt_grp = 0, srt_grp = 0, usr_flg = 0,
		spatialprops =
		{
			pos = { 0, 0, 0 },
			orient = { { 1, 0, 0 }, { 0, 1, 0 }, { 0, 0, 1 } }
		},
		audioprops =
		{
			attenuation = -24,
			pan = 5,
			dmin = 50,
			dmax = 300,
			ain = 360,
			aout = 360,
			atout = 0,
			rmix = 0,
		},
		userprops =
		{
			category = "Audio",
			Priority = "Steps_4",
		}
	},

	{
		entity_name = "Char_King_fs_ml_steel04_30",
		type = SOUND,
		template_name = "fs_ml_steel04",
		lt_grp = 0, srt_grp = 0, usr_flg = 0,
		spatialprops =
		{
			pos = { 0, 0, 0 },
			orient = { { 1, 0, 0 }, { 0, 1, 0 }, { 0, 0, 1 } }
		},
		audioprops =
		{
			attenuation = -24,
			pan = -10,
			dmin = 50,
			dmax = 300,
			ain = 360,
			aout = 360,
			atout = 0,
			rmix = 0,
		},
		userprops =
		{
			category = "Audio",
			Priority = "Steps_4",
		}
	},

	{
		entity_name = "Char_King_fs_mr_steel02_31",
		type = SOUND,
		template_name = "fs_mr_steel02",
		lt_grp = 0, srt_grp = 0, usr_flg = 0,
		spatialprops =
		{
			pos = { 0, 0, 0 },
			orient = { { 1, 0, 0 }, { 0, 1, 0 }, { 0, 0, 1 } }
		},
		audioprops =
		{
			attenuation = -26,
			pan = -40,
			dmin = 50,
			dmax = 300,
			ain = 360,
			aout = 360,
			atout = 0,
			rmix = 0,
		},
		userprops =
		{
			category = "Audio",
			Priority = "Steps_4",
		}
	},

	{
		entity_name = "rtc_ambience_bar_ground_smaller_32",
		type = SOUND,
		template_name = "ambience_bar_ground_smaller",
		lt_grp = 0, srt_grp = 0, usr_flg = 0,
		spatialprops =
		{
			pos = { 0, 0, 0 },
			orient = { { 1, 0, 0 }, { 0, 1, 0 }, { 0, 0, 1 } }
		},
		audioprops =
		{
			attenuation = -10,
			pan = 0,
			dmin = 50,
			dmax = 300,
			ain = 360,
			aout = 360,
			atout = 0,
			rmix = 0,
		},
		userprops =
		{
			category = "Audio",
			Priority = "Story_Sound_1",
		}
	},

	{
		entity_name = "rtc_backgroundambient_33",
		type = SOUND,
		template_name = "backgroundambient",
		lt_grp = 0, srt_grp = 0, usr_flg = 0,
		spatialprops =
		{
			pos = { 0, 0, 0 },
			orient = { { 1, 0, 0 }, { 0, 1, 0 }, { 0, 0, 1 } }
		},
		audioprops =
		{
			attenuation = 0,
			pan = 0,
			dmin = 50,
			dmax = 300,
			ain = 360,
			aout = 360,
			atout = 0,
			rmix = 0,
		},
		userprops =
		{
			category = "Audio",
		}
	},

	{
		entity_name = "rtc_backgroundmusic_34",
		type = SOUND,
		template_name = "backgroundmusic",
		lt_grp = 0, srt_grp = 0, usr_flg = 0,
		spatialprops =
		{
			pos = { 0, 0, 0 },
			orient = { { 1, 0, 0 }, { 0, 1, 0 }, { 0, 0, 1 } }
		},
		audioprops =
		{
			attenuation = 0,
			pan = 0,
			dmin = 50,
			dmax = 300,
			ain = 360,
			aout = 360,
			atout = 0,
			rmix = 0,
		},
		userprops =
		{
			category = "Audio",
		}
	},

	{
		entity_name = "Char_Juni_Mk_loc_02_EndPartA",
		type = MARKER,
		template_name = "",
		lt_grp = 0, srt_grp = 0, usr_flg = 0,
		spatialprops =
		{
			pos = { 1.973017, 0.959241, -8.756501 },
			orient = { {  0.999919,  0.000000, -0.012756 },
					   {  0.000000,  1.000000,  0.000000 },
					   {  0.012756,  0.000000,  0.999919 } }
		}
	},

	{
		entity_name = "Char_K_Mk_loc_02_EndPartA_copy_1",
		type = MARKER,
		template_name = "",
		lt_grp = 0, srt_grp = 0, usr_flg = 0,
		spatialprops =
		{
			pos = { 2.011897, 0.973156, -9.721016 },
			orient = { { -0.764416,  0.000000, -0.644723 },
					   {  0.000000,  1.000000,  0.000000 },
					   {  0.644723,  0.000000, -0.764416 } }
		}
	},

	{
		entity_name = "Char_Tr_Mk_loc_02_EndPartA_copy_1",
		type = MARKER,
		template_name = "",
		lt_grp = 0, srt_grp = 0, usr_flg = 0,
		spatialprops =
		{
			pos = { 1.236835, 0.973081, -9.010158 },
			orient = { {  0.589043,  0.000000,  0.808102 },
					   {  0.000000,  1.000000,  0.000000 },
					   { -0.808102,  0.000000,  0.589043 } }
		}
	},

	{
		entity_name = "Cam_1A_Begin",
		type = CAMERA,
		template_name = "",
		lt_grp = 0, srt_grp = 0, usr_flg = 0,
		flags = HIDDEN,
		spatialprops =
		{
			pos = { 3.083565, 1.69542, -9.867464 },
			orient = { { -0.505801,  0.000000, -0.862650 },
					   { -0.108108,  0.992116,  0.063387 },
					   {  0.855849,  0.125321, -0.501814 } }
		},
		cameraprops =
		{
			fovh = 22,
			hvaspect = 1.85,
			nearplane = 0.4,
			farplane = 4000
		}
	},

	{
		entity_name = "Char_Trent_EndLookAt",
		type = MARKER,
		template_name = "",
		lt_grp = 0, srt_grp = 0, usr_flg = 0,
		spatialprops =
		{
			pos = { -1.198243, 1.600994, -6.704696 },
			orient = { {  0.589043,  0.000000,  0.808102 },
					   {  0.000000,  1.000000,  0.000000 },
					   { -0.808102,  0.000000,  0.589043 } }
		}
	},

	{
		entity_name = "rtc_music_stab_comedy_1",
		type = SOUND,
		template_name = "rtc_music_stab_comedy",
		lt_grp = 0, srt_grp = 0, usr_flg = 0,
		spatialprops =
		{
			pos = { 0, 0, 0 },
			orient = { { 1, 0, 0 }, { 0, 1, 0 }, { 0, 0, 1 } }
		},
		audioprops =
		{
			attenuation = -12,
			pan = 0,
			dmin = 50,
			dmax = 300,
			ain = 360,
			aout = 360,
			atout = 0,
			rmix = 0,
		},
		userprops =
		{
			category = "Audio",
		}
	},

	{
		entity_name = "aaaa_LockMarkr",
		type = MARKER,
		template_name = "",
		lt_grp = 0, srt_grp = 0, usr_flg = 0,
		spatialprops =
		{
			pos = { 0, 0, 0 },
			orient = { { 1, 0, 0 }, { 0, 1, 0 }, { 0, 0, 1 } }
		}
	},

	{
		entity_name = "aaaa_xKeyMrkr",
		type = MARKER,
		template_name = "",
		lt_grp = 0, srt_grp = 0, usr_flg = 0,
		spatialprops =
		{
			pos = { -0.215239, 0, -7.39112 },
			orient = { {  0.294272,  0.000000,  0.955722 },
					   {  0.000000,  1.000000,  0.000000 },
					   { -0.955722,  0.000000,  0.294272 } }
		}
	},

	{
		entity_name = "glass_metal_1_1",
		type = COMPOUND,
		template_name = "glass_metal_1",
		lt_grp = 0, srt_grp = 0, usr_flg = 0,
		flags = LIT_DYNAMIC,
		spatialprops =
		{
			pos = { 1.109452, 1.169022, -10.17501 },
			orient = { {  0.230931,  0.000000,  0.972970 },
					   {  0.972970,  0.001114, -0.230930 },
					   { -0.001084,  0.999999,  0.000257 } }
		},
		userprops =
		{
			category = "Prop",
		}
	},

	{
		entity_name = "ambi_LtG00_Warm_2oc_STRY_OFF",
		type = LIGHT,
		template_name = "",
		lt_grp = 0, srt_grp = 0, usr_flg = 0,
		flags = REFERENCE,
		spatialprops =
		{
			pos = { 12.44582, 0, -11.20824 },
			orient = { { 1, 0, 0 }, { 0, 1, 0 }, { 0, 0, 1 } }
		},
		lightprops =
		{
			on = Y,
			color = { 255, 255, 255 },
			diffuse = { 1, 1, 1 },
			specular = { 0, 0, 0 },
			ambient = { 0, 0, 0 },
			direction = { 0, 0, 1 },
			range = 1000,
			cutoff = 180,
			type = L_SPOT,
			theta = 144,
			atten = { 0, 0, 0.0001 }
		}
	},

	{
		entity_name = "Cam_1A_Begin_copy_1",
		type = CAMERA,
		template_name = "",
		lt_grp = 0, srt_grp = 0, usr_flg = 0,
		flags = HIDDEN,
		spatialprops =
		{
			pos = { 3.790986, 1.805303, -9.342131 },
			orient = { { -0.019523,  0.000000, -0.999809 },
					   { -0.186253,  0.982495,  0.003637 },
					   {  0.982308,  0.186289, -0.019181 } }
		},
		cameraprops =
		{
			fovh = 22,
			hvaspect = 1.85,
			nearplane = 0.4,
			farplane = 4000
		}
	},

	{
		entity_name = "Cam_1D_Juni",
		type = CAMERA,
		template_name = "",
		lt_grp = 0, srt_grp = 0, usr_flg = 0,
		flags = HIDDEN,
		spatialprops =
		{
			pos = { 1.960581, 1.535733, -9.620682 },
			orient = { { -0.998829,  0.000000, -0.048376 },
					   {  0.000248,  0.999987, -0.005127 },
					   {  0.048375, -0.005133, -0.998816 } }
		},
		cameraprops =
		{
			fovh = 22,
			hvaspect = 1.85,
			nearplane = 0.4,
			farplane = 4000
		}
	}
};

events =
{
	{
		0.000, START_AUDIO_PROP_ANIM, { "rtc_backgroundmusic_34" },
		{
			duration = 2.000,
			audioprops =
			{
				attenuation = -100
			}
		}
	},

	{
		0.000, ATTACH_ENTITY, { "Char_Juni", "Char_Juni_Mk_loc_02_EndPartA" },
		{
			duration = 0.000,
			offset = { 0, 0, 0 },
			up = Y_AXIS,
			front = NEG_Z_AXIS,
			target_part = "",
			target_type = ROOT,
			flags = POSITION + ORIENTATION
		}
	},

	{
		0.000, START_SPATIAL_PROP_ANIM, { "aaaa_LockMarkr", "aaaa_xKeyMrkr" },
		{
			duration = 0.000,
			target_part = "",
			target_type = ROOT,
			spatialprops =
			{
				pos = { -0.215239, 0, -7.39112 },
				q_orient = { 0.294272, 0, 0.955722, 0 }
			}
		}
	},

	{
		0.000, START_MOTION, { "Char_Trent" },
		{
			animation = "Sc_MLHAND_WALK_TALK_RGHT_CASL_000LV_XA_%",
			duration = 11.111,
			trans_time = 0.500,
			time_scale = 0.6,
			weight = 1,
			heading = -1,
			event_flags = 128
		}
	},

	{
		0.000, START_MOTION, { "Char_Trent" },
		{
			animation = "Sc_MLHAND_WALK_TALK_LEFT_CASL_000LV_XA_%",
			duration = 11.111,
			trans_time = 0.500,
			time_scale = 0.6,
			weight = 1,
			heading = -1,
			event_flags = 128
		}
	},

	{
		0.000, START_AUDIO_PROP_ANIM, { "rtc_backgroundambient_33" },
		{
			duration = 1.000,
			audioprops =
			{
				attenuation = -10
			}
		}
	},

	{
		0.000, SET_CAMERA, { "cam_Monitor_static_cam", "Cam_static_01" }
	},

	{
		0.000, START_MOTION, { "Char_Trent" },
		{
			animation = "Sc_dx_s071b_0101_Trent",
			duration = 4.599,
			time_scale = 1,
			weight = 1,
			heading = -1
		}
	},

	{
		0.000, START_MOTION, { "Char_Juni" },
		{
			animation = "Sc_FMBODY_STND_IDLE_000LV_xa_05",
			duration = 32.250,
			time_scale = 1,
			weight = 1,
			heading = -1,
			event_flags = 2
		}
	},

	{
		0.000, SET_CAMERA, { "cam_Monitor_1", "Cam_1A" }
	},

	{
		0.000, START_MOTION, { "Char_King" },
		{
			animation = "Sc_MLBODY_STND_IDLE_000LV_xa_04",
			duration = 32.812,
			time_scale = 1,
			weight = 1,
			heading = -1,
			event_flags = 2
		}
	},

	{
		0.000, START_LIGHT_PROP_ANIM, { "ambi_LtG00_Warm_2oc_STRY_OFF" },
		{
			duration = 0.000,
			lightprops =
			{
				on = Y,
			}
		}
	},

	{
		0.001, START_IK, { "Char_King", "Char_Trent" },
		{
			duration = 12.187,
			end_effector = "Body_Head",
			count_to_root = 1,
			target_part = "hp_neck",
			target_type = HARDPOINT,
			damping = 1,
			up = NEG_Y_AXIS,
			front = Z_AXIS,
			point_at = 1,
			move_to = 0,
			transition_duration = 1.000,
			event_flags = 128
		}
	},

	{
		0.001, START_IK, { "Char_Trent", "Mk_Trent_Look_Juni" },
		{
			duration = 2.894,
			end_effector = "Body_Head",
			count_to_root = 1,
			target_part = "hp_neck",
			target_type = ROOT,
			damping = 1,
			up = NEG_Y_AXIS,
			front = Z_AXIS,
			point_at = 1,
			move_to = 0,
			transition_duration = 1.000,
			event_flags = 128
		}
	},

	{
		0.001, START_IK, { "Char_Trent", "Char_Juni" },
		{
			duration = 2.894,
			end_effector = "Eye IK Left",
			count_to_root = 1,
			target_part = "hp_head",
			target_type = HARDPOINT,
			damping = 10,
			up = Y_AXIS,
			front = Z_AXIS,
			point_at = 1,
			move_to = 0,
			transition_duration = 0.000
		}
	},

	{
		0.001, START_IK, { "Char_Juni", "Mk_Juni_Look_Trent" },
		{
			duration = 5.560,
			end_effector = "Body_Head",
			count_to_root = 1,
			target_part = "hp_head",
			target_type = ROOT,
			damping = 1,
			up = NEG_Y_AXIS,
			front = Z_AXIS,
			point_at = 1,
			move_to = 0,
			transition_duration = 1.000,
			event_flags = 128
		}
	},

	{
		0.001, START_SOUND, { "rtc_ambience_bar_ground_smaller_32" },
		{
			duration = 36.369,
			flags = LOOP
		}
	},

	{
		0.062, START_MOTION, { "Char_Trent" },
		{
			animation = "Sc_MLBODY_STND_SHRG_SHLDRS_SMALL_000LV_XA_01",
			duration = 2.000,
			time_scale = 1.1,
			weight = 1,
			heading = -1
		}
	},

	{
		0.343, START_SOUND, { "dx_s071b_0101_Trent_40" },
		{
			duration = 4.339
		}
	},

	{
		0.500, START_SPATIAL_PROP_ANIM, { "Cam_1A", "Cam_1A_End" },
		{
			duration = 11.500,
			target_part = "",
			target_type = ROOT,
			spatialprops =
			{
				pos = { 2.443108, 1.677523, -9.219195 },
				q_orient = { -0.116195, 0, -0.993226, -0.073361 }
			},
			param_curve =
			{
				CLSID = "FreeFormPCurve",
				points =
				{
					{  0.000000,  0.000000,  0.000000,  0.000000 },
					{  1.000000,  1.000000,  0.000000,  0.000000 },
				}
			},
			pcurve_period = -1000
		}
	},

	{
		0.875, START_SOUND, { "rtc_music_stab_comedy_1" },
		{
			duration = 19.201
		}
	},

	{
		1.406, START_MOTION, { "Char_Trent" },
		{
			animation = "Sc_MLBODY_STND_CONV_HNDSUP_TRNS_000LV_XA_00",
			duration = 0.833,
			trans_time = 0.300,
			time_scale = 1,
			weight = 1,
			heading = -1
		}
	},

	{
		1.492, START_MOTION, { "Char_King" },
		{
			animation = "Sc_MLHEAD_SURPRSE_DISBELIEF_000LV_XA_%",
			duration = 8.000,
			trans_time = 1.000,
			time_scale = 0.5,
			weight = 1,
			heading = -1
		}
	},

	{
		1.546, START_MOTION, { "Char_Trent" },
		{
			animation = "Sc_MLHAND_HNEUT_POINT_RGHT_CASL_000LV_00",
			duration = 3.333,
			trans_time = 1.000,
			time_scale = 2,
			weight = 1,
			heading = -1,
			event_flags = 128
		}
	},

	{
		1.639, START_MOTION, { "Char_Trent" },
		{
			animation = "Sc_MLBODY_STND_CONV_HNDS_CASL_000LV_xb_03",
			duration = 3.000,
			trans_time = 0.600,
			time_scale = 1,
			weight = 1,
			heading = -1
		}
	},

	{
		2.700, START_MOTION, { "Char_Trent" },
		{
			animation = "Sc_MLHAND_NEUT_RGHT_000LV_A_00",
			duration = 4.000,
			trans_time = 0.500,
			time_scale = 1,
			weight = 1,
			heading = -1,
			event_flags = 128
		}
	},

	{
		2.796, START_MOTION, { "Char_Trent" },
		{
			animation = "Sc_MLHAND_HNEUT_GESTL_CASL_000LV_00",
			duration = 2.500,
			trans_time = 0.500,
			time_scale = 1,
			weight = 1,
			heading = -1,
			event_flags = 128
		}
	},

	{
		3.213, START_IK, { "Char_Trent", "Char_King" },
		{
			duration = 1.769,
			end_effector = "Body_Head",
			count_to_root = 1,
			target_part = "Body_Head",
			target_type = PART,
			damping = 1,
			up = NEG_Y_AXIS,
			front = Z_AXIS,
			point_at = 1,
			move_to = 0,
			transition_duration = 1.230,
			event_flags = 128
		}
	},

	{
		3.213, START_MOTION, { "Char_Trent" },
		{
			animation = "Sc_MLHEAD_NEUT_BLINK_EYES_000LV_A_00",
			duration = 0.266,
			time_scale = 1,
			weight = 1,
			heading = -1
		}
	},

	{
		3.213, START_IK, { "Char_Trent", "Char_King" },
		{
			duration = 7.786,
			end_effector = "Eye IK Left",
			count_to_root = 1,
			target_part = "hp_head",
			target_type = HARDPOINT,
			damping = 1,
			up = Y_AXIS,
			front = Z_AXIS,
			point_at = 1,
			move_to = 0,
			transition_duration = 0.500,
			event_flags = 128
		}
	},

	{
		4.197, START_MOTION, { "Char_Trent" },
		{
			animation = "Sc_MLHAND_NEUT_LEFT_000LV_A_00",
			duration = 2.000,
			trans_time = 0.500,
			time_scale = 1,
			weight = 1,
			heading = -1,
			event_flags = 128
		}
	},

	{
		4.718, START_SOUND, { "dx_s071b_0102_Trent_1" },
		{
			duration = 5.907
		}
	},

	{
		4.750, START_MOTION, { "Char_Trent" },
		{
			animation = "Sc_dx_s071b_0102_Trent",
			duration = 6.000,
			trans_time = 0.200,
			time_scale = 1,
			weight = 1,
			heading = -1
		}
	},

	{
		4.750, SET_CAMERA, { "cam_Monitor_static_cam", "Cam_1B_King" }
	},

	{
		4.750, SET_CAMERA, { "cam_Monitor_1", "Cam_1B_King" }
	},

	{
		4.809, START_IK, { "Char_King", "Char_Juni" },
		{
			duration = 0.769,
			end_effector = "Eye IK Left",
			count_to_root = 1,
			target_part = "Body_Head",
			target_type = PART,
			damping = 1,
			up = Y_AXIS,
			front = Z_AXIS,
			point_at = 1,
			move_to = 0,
			transition_duration = 0.500,
			event_flags = 128
		}
	},

	{
		5.239, START_MOTION, { "Char_Trent" },
		{
			animation = "Sc_MLBODY_STND_CONV_HNDS_CASL_000LV_xa_04",
			duration = 4.665,
			time_scale = 1,
			weight = 1,
			heading = -1
		}
	},

	{
		5.289, START_MOTION, { "Char_Juni" },
		{
			animation = "Sc_FMHEAD_MOTION_HUH_JUNI_000LV_XA_%",
			duration = 4.000,
			trans_time = 0.500,
			time_scale = 1,
			weight = 1,
			heading = -1
		}
	},

	{
		5.472, START_MOTION, { "Char_King" },
		{
			animation = "Sc_MLHEAD_NEUT_BLINK_EYES_000LV_A_00",
			duration = 0.266,
			time_scale = 1,
			weight = 1,
			heading = -1
		}
	},

	{
		5.476, START_IK, { "Char_Juni", "Char_King" },
		{
			duration = 0.768,
			end_effector = "Eye IK Left",
			count_to_root = 1,
			target_part = "Body_Head",
			target_type = PART,
			damping = 1,
			up = Y_AXIS,
			front = Z_AXIS,
			point_at = 1,
			move_to = 0,
			transition_duration = 0.500,
			event_flags = 128
		}
	},

	{
		5.611, START_IK, { "Char_King", "Char_Trent" },
		{
			duration = 0.769,
			end_effector = "Eye IK Left",
			count_to_root = 1,
			target_part = "Body_Head",
			target_type = PART,
			damping = 1,
			up = Y_AXIS,
			front = Z_AXIS,
			point_at = 1,
			move_to = 0,
			transition_duration = 0.500,
			event_flags = 128
		}
	},

	{
		6.117, START_MOTION, { "Char_Juni" },
		{
			animation = "Sc_FMHEAD_NEUT_BLINK_EYES_000LV_A_00",
			duration = 0.300,
			time_scale = 1,
			weight = 1,
			heading = -1
		}
	},

	{
		6.178, SET_CAMERA, { "cam_Monitor_static_cam", "Cam_1C_Juni" }
	},

	{
		6.179, SET_CAMERA, { "cam_Monitor_1", "Cam_1C_Juni" }
	},

	{
		6.320, START_IK, { "Char_Juni", "Char_Trent" },
		{
			duration = 0.768,
			end_effector = "Eye IK Left",
			count_to_root = 1,
			target_part = "Body_Head",
			target_type = PART,
			damping = 1,
			up = Y_AXIS,
			front = Z_AXIS,
			point_at = 1,
			move_to = 0,
			transition_duration = 0.500,
			event_flags = 128
		}
	},

	{
		6.427, START_IK, { "Char_Juni", "Mk_Juni_Look_Trent" },
		{
			duration = 5.071,
			end_effector = "Body_Head",
			count_to_root = 1,
			target_part = "Body_Head",
			target_type = ROOT,
			damping = 1,
			up = NEG_Y_AXIS,
			front = Z_AXIS,
			point_at = 1,
			move_to = 0,
			transition_duration = 0.800,
			event_flags = 128
		}
	},

	{
		7.492, SET_CAMERA, { "cam_Monitor_1", "Cam_1A" }
	},

	{
		7.492, SET_CAMERA, { "cam_Monitor_static_cam", "Cam_1A_Begin" }
	},

	{
		7.625, START_MOTION, { "Char_King" },
		{
			animation = "Sc_MLHEAD_BASEPOSE_000LV_02_01",
			duration = 9.432,
			trans_time = 1.000,
			time_scale = 1,
			weight = 1,
			heading = -1
		}
	},

	{
		8.060, START_MOTION, { "Char_Trent" },
		{
			animation = "Sc_MLHAND_HNEUT_GESTR_TYPING_000LV_00",
			duration = 4.367,
			trans_time = 1.000,
			time_scale = 0.5,
			weight = 1,
			heading = -1,
			event_flags = 128
		}
	},

	{
		9.343, START_MOTION, { "Char_Trent" },
		{
			animation = "Sc_MLHAND_HNEUT_GESTR_CASL_000LV_00",
			duration = 2.500,
			trans_time = 0.500,
			time_scale = 1,
			weight = 1,
			heading = -1,
			event_flags = 128
		}
	},

	{
		9.750, START_MOTION, { "Char_Trent" },
		{
