duration = 39.985;

entities =
{

	{
		entity_name = "Layer_Scene_s072aa_offer_Quintaine_pl_07_City_01",
		type = SCENE,
		template_name = "",
		lt_grp = 0, srt_grp = 0, usr_flg = 0,
		spatialprops =
		{
			pos = { 0, 0, 0 },
			orient = { { 1, 0, 0 }, { 0, 1, 0 }, { 0, 0, 1 } }
		},
		up = Y_AXIS,
		front = Z_AXIS,
		ambient = { 0, 0, 0 },
		userprops =
		{
			TextStart = "0.75000",
			TextString = "259627.01563",
		}
	},

	{
		entity_name = "Char_king",
		type = DEFORMABLE,
		template_name = "king",
		lt_grp = 0, srt_grp = 0, usr_flg = 0,
		flags = LIT_DYNAMIC,
		spatialprops =
		{
			pos = { -18.02743, 0, -53.17704 },
			orient = { { -0.999949,  0.000063,  0.010095 },
					   {  0.000064,  1.000000,  0.000122 },
					   { -0.010095,  0.000123, -0.999949 } }
		},
		compoundprops =
		{
			floor_height = 0
		},
		userprops =
		{
			actor = "King",
			category = "Character",
		}
	},

	{
		entity_name = "Char_trent",
		type = DEFORMABLE,
		template_name = "trent",
		lt_grp = 0, srt_grp = 0, usr_flg = 0,
		flags = LIT_DYNAMIC,
		spatialprops =
		{
			pos = { -27.81038, 0, 397.7088 },
			orient = { {  0.999967,  0.000000,  0.008093 },
					   {  0.000000,  1.000000,  0.000000 },
					   { -0.008093,  0.000000,  0.999967 } }
		},
		compoundprops =
		{
			floor_height = 0
		},
		userprops =
		{
			actor = "Player",
			category = "Character",
		}
	},

	{
		entity_name = "Char_juni",
		type = DEFORMABLE,
		template_name = "juni",
		lt_grp = 0, srt_grp = 0, usr_flg = 0,
		flags = LIT_DYNAMIC,
		spatialprops =
		{
			pos = { -33.12007, 0, 377.2001 },
			orient = { {  0.990809, -0.000086, -0.135267 },
					   {  0.000100,  1.000000,  0.000095 },
					   {  0.135267, -0.000108,  0.990809 } }
		},
		compoundprops =
		{
			floor_height = 0
		},
		userprops =
		{
			actor = "Juni",
			category = "Character",
		}
	},

	{
		entity_name = "Cam_05_Wide_pad_B",
		type = CAMERA,
		template_name = "",
		lt_grp = 0, srt_grp = 0, usr_flg = 0,
		spatialprops =
		{
			pos = { -54.72259, 12.29704, 31.77725 },
			orient = { {  0.777949,  0.000000,  0.628327 },
					   { -0.000853,  0.999999,  0.001056 },
					   { -0.628327, -0.001358,  0.777948 } }
		},
		cameraprops =
		{
			fovh = 40,
			hvaspect = 1.85,
			nearplane = 2,
			farplane = 1000
		}
	},

	{
		entity_name = "cam_Monitor_s072aa",
		type = MONITOR,
		template_name = "",
		lt_grp = 0, srt_grp = 0, usr_flg = 0
	},

	{
		entity_name = "Ship_Li_fighter_King",
		type = COMPOUND,
		template_name = "li_fighter_King",
		lt_grp = 3, srt_grp = 0, usr_flg = 0,
		flags = LIT_DYNAMIC,
		spatialprops =
		{
			pos = { -1810.678, 0, 24.06488 },
			orient = { { 1, 0, 0 }, { 0, 1, 0 }, { 0, 0, 1 } }
		},
		userprops =
		{
			category = "Spaceship",
			loadout = "MSN13_King",
			running_lights = "True",
		}
	},

	{
		entity_name = "Ship_PlayerShip",
		type = COMPOUND,
		template_name = "PlayerShip",
		lt_grp = 3, srt_grp = 0, usr_flg = 0,
		flags = LIT_DYNAMIC,
		spatialprops =
		{
			pos = { -1810.678, 0, 24.06488 },
			orient = { { 1, 0, 0 }, { 0, 1, 0 }, { 0, 0, 1 } }
		},
		userprops =
		{
			category = "Spaceship",
			running_lights = "True",
		}
	},

	{
		entity_name = "Cam_05_Wide_pad_A",
		type = CAMERA,
		template_name = "",
		lt_grp = 0, srt_grp = 0, usr_flg = 0,
		spatialprops =
		{
			pos = { -54.72259, 12.29704, 31.77725 },
			orient = { {  0.777955,  0.000000,  0.628320 },
					   { -0.241239,  0.923357,  0.298691 },
					   { -0.580163, -0.383943,  0.718330 } }
		},
		cameraprops =
		{
			fovh = 30,
			hvaspect = 1.85,
			nearplane = 10,
			farplane = 1000
		}
	},

	{
		entity_name = "Path_Ship_Flyby",
		type = MOTION_PATH,
		template_name = "",
		lt_grp = 0, srt_grp = 0, usr_flg = 0,
		spatialprops =
		{
			pos = { -45.70441, 39.41309, -60.30969 },
			orient = { { -0.977851, -0.019017, -0.208435 },
					   { -0.032834,  0.997471,  0.063032 },
					   {  0.206709,  0.068479, -0.976003 } }
		},
		pathprops =
		{
			path_type = "CV_CROrientationSplinePath",
			path_data = "OPEN,{148.113403,-4.257431,2.056108}, {0.799261,-0.021230,0.599636,-0.034180}, {-126.530434,2.191283,-78.672356}, {0.790694,0.095560,0.592356,0.121597}, "
		}
	},

	{
		entity_name = "Ship_Order_Elite",
		type = COMPOUND,
		template_name = "or_elite",
		lt_grp = 3, srt_grp = 0, usr_flg = 0,
		flags = LIT_DYNAMIC,
		spatialprops =
		{
			pos = { -1810.678, 0, 24.06488 },
			orient = { { 1, 0, 0 }, { 0, 1, 0 }, { 0, 0, 1 } }
		},
		userprops =
		{
			category = "Spaceship",
			loadout = "MSN13_Order_Heavy_Fighter",
			Priority = "FG_Ship_1",
			running_lights = "True",
		}
	},

	{
		entity_name = "Mk_Ship_Land_Shipcentre",
		type = MARKER,
		template_name = "",
		lt_grp = 0, srt_grp = 0, usr_flg = 0,
		spatialprops =
		{
			pos = { -15.39804, 0, -23.02625 },
			orient = { { -0.894252,  0.000000, -0.447564 },
					   {  0.000000,  1.000000,  0.000000 },
					   {  0.447564,  0.000000, -0.894252 } }
		}
	},

	{
		entity_name = "Mk_Ship_Offset",
		type = MARKER,
		template_name = "",
		lt_grp = 0, srt_grp = 0, usr_flg = 0,
		spatialprops =
		{
			pos = { 84.67433, 15.72573, -49.49036 },
			orient = { { -0.255661,  0.000000, -0.966767 },
					   {  0.000000,  1.000000,  0.000000 },
					   {  0.966767,  0.000000, -0.255661 } }
		}
	},

	{
		entity_name = "Cam_06_Deck_A",
		type = CAMERA,
		template_name = "",
		lt_grp = 0, srt_grp = 0, usr_flg = 0,
		spatialprops =
		{
			pos = { -18.86936, 1.997661, -36.12547 },
			orient = { {  0.969570,  0.000000,  0.244814 },
					   { -0.003204,  0.999914,  0.012688 },
					   { -0.244793, -0.013086,  0.969487 } }
		},
		cameraprops =
		{
			fovh = 20,
			hvaspect = 1.85,
			nearplane = 1,
			farplane = 500
		}
	},

	{
		entity_name = "Char_order_male_tech",
		type = DEFORMABLE,
		template_name = "order_male_tech_1",
		lt_grp = 0, srt_grp = 0, usr_flg = 0,
		flags = LIT_DYNAMIC,
		spatialprops =
		{
			pos = { -16.25643, 0, -52.61321 },
			orient = { { -1.000000,  0.000000,  0.000394 },
					   {  0.000000,  1.000000,  0.000000 },
					   { -0.000394,  0.000000, -1.000000 } }
		},
		compoundprops =
		{
			floor_height = 0
		},
		userprops =
		{
			actor = "Odr_tech01",
			category = "Character",
		}
	},

	{
		entity_name = "Char_order_male_tech_2",
		type = DEFORMABLE,
		template_name = "medic_3",
		lt_grp = 0, srt_grp = 0, usr_flg = 0,
		flags = LIT_DYNAMIC,
		spatialprops =
		{
			pos = { -17.32234, 0, -52.14199 },
			orient = { { -1.000000,  0.000000,  0.000394 },
					   {  0.000000,  1.000000,  0.000000 },
					   { -0.000394,  0.000000, -1.000000 } }
		},
		compoundprops =
		{
			floor_height = 0
		},
		userprops =
		{
			actor = "Odr_tech02",
			category = "Character",
		}
	},

	{
		entity_name = "char_trent_Mk_Trent_Position",
		type = MARKER,
		template_name = "",
		lt_grp = 0, srt_grp = 0, usr_flg = 0,
		spatialprops =
		{
			pos = { -18.2779, 0.972884, -36.40984 },
			orient = { {  0.999967,  0.000000,  0.008093 },
					   {  0.000000,  1.000000,  0.000000 },
					   { -0.008093,  0.000000,  0.999967 } }
		}
	},

	{
		entity_name = "char_juni_Mk_Juni_Position",
		type = MARKER,
		template_name = "",
		lt_grp = 0, srt_grp = 0, usr_flg = 0,
		spatialprops =
		{
			pos = { -17.53634, 0.952789, -52.68653 },
			orient = { { -0.999923, -0.000086, -0.012434 },
					   { -0.000085,  1.000000, -0.000109 },
					   {  0.012434, -0.000108, -0.999923 } }
		}
	},

	{
		entity_name = "rtc_shipdust_snow_2",
		type = PSYS,
		template_name = "rtc_shipdust_snow",
		lt_grp = 0, srt_grp = 0, usr_flg = 0,
		flags = LIT_DYNAMIC + LIT_AMBIENT,
		spatialprops =
		{
			pos = { -372.5079, 68.0558, 282.9189 },
			orient = { { -0.894252,  0.000000, -0.447564 },
					   {  0.000000,  1.000000,  0.000000 },
					   {  0.447564,  0.000000, -0.894252 } }
		},
		psysprops =
		{
			sparam = 0
		}
	},

	{
		entity_name = "gf_rtc_shipcushion",
		type = PSYS,
		template_name = "gf_rtc_shipcushion",
		lt_grp = 0, srt_grp = 0, usr_flg = 0,
		flags = LIT_DYNAMIC + LIT_AMBIENT,
		spatialprops =
		{
			pos = { -15.39804, 0, -23.02625 },
			orient = { { -0.894252,  0.000000, -0.447564 },
					   {  0.000000,  1.000000,  0.000000 },
					   {  0.447564,  0.000000, -0.894252 } }
		},
		psysprops =
		{
			sparam = 0
		}
	},

	{
		entity_name = "cam_Monitor_s072aa_static",
		type = MONITOR,
		template_name = "",
		lt_grp = 0, srt_grp = 0, usr_flg = 0,
		userprops =
		{
			Priority = "Monitor_Static_1",
		}
	},

	{
		entity_name = "FX_gf_br_smallengine01_2",
		type = PSYS,
		template_name = "gf_br_smallengine01",
		lt_grp = 0, srt_grp = 0, usr_flg = 0,
		flags = LIT_DYNAMIC + LIT_AMBIENT,
		spatialprops =
		{
			pos = { 0, 0, 0 },
			orient = { { 1, 0, 0 }, { 0, 1, 0 }, { 0, 0, 1 } }
		},
		psysprops =
		{
			sparam = 0
		}
	},

	{
		entity_name = "Marker_offscreen",
		type = MARKER,
		template_name = "",
		lt_grp = 0, srt_grp = 0, usr_flg = 0,
		spatialprops =
		{
			pos = { -1810.678, 0, 24.06488 },
			orient = { { 1, 0, 0 }, { 0, 1, 0 }, { 0, 0, 1 } }
		}
	},

	{
		entity_name = "char_king_Mk_Position",
		type = MARKER,
		template_name = "",
		lt_grp = 0, srt_grp = 0, usr_flg = 0,
		spatialprops =
		{
			pos = { -11.96562, 0.952118, -44.0322 },
			orient = { { -0.206840, -0.000069, -0.978375 },
					   {  0.000103,  1.000000, -0.000092 },
					   {  0.978375, -0.000120, -0.206840 } }
		}
	},

	{
		entity_name = "Cam_06_Deck_B",
		type = CAMERA,
		template_name = "",
		lt_grp = 0, srt_grp = 0, usr_flg = 0,
		spatialprops =
		{
			pos = { -19.21509, 1.82641, -35.68478 },
			orient = { {  0.928873,  0.000000,  0.370400 },
					   {  0.053103,  0.989670, -0.133169 },
					   { -0.366573,  0.143367,  0.919277 } }
		},
		cameraprops =
		{
			fovh = 20,
			hvaspect = 1.85,
			nearplane = 0.4,
			farplane = 1000
		}
	},

	{
		entity_name = "Cam_07_3shot_A",
		type = CAMERA,
		template_name = "",
		lt_grp = 0, srt_grp = 0, usr_flg = 0,
		spatialprops =
		{
			pos = { -19.23938, 1.198977, -42.72859 },
			orient = { {  0.744840,  0.000000,  0.667243 },
					   { -0.061186,  0.995787,  0.068302 },
					   { -0.664432, -0.091700,  0.741702 } }
		},
		cameraprops =
		{
			fovh = 20,
			hvaspect = 1.85,
			nearplane = 1.5,
			farplane = 500
		}
	},

	{
		entity_name = "char_order_male_tech_mrk_look_Juni",
		type = MARKER,
		template_name = "",
		lt_grp = 0, srt_grp = 0, usr_flg = 0,
		spatialprops =
		{
			pos = { -18.18532, 1.554677, -43.89328 },
			orient = { { -0.914633,  0.000000, -0.404284 },
					   {  0.000000,  1.000000,  0.000000 },
					   {  0.404284,  0.000000, -0.914633 } }
		}
	},

	{
		entity_name = "char_order_male_tech_mrk_look_Juni_Nod",
		type = MARKER,
		template_name = "",
		lt_grp = 0, srt_grp = 0, usr_flg = 0,
		spatialprops =
		{
			pos = { -18.18532, 1.461006, -43.89328 },
			orient = { { -0.914633,  0.000000, -0.404284 },
					   {  0.000000,  1.000000,  0.000000 },
					   {  0.404284,  0.000000, -0.914633 } }
		}
	},

	{
		entity_name = "char_juni_Mk_look_at_tech",
		type = MARKER,
		template_name = "",
		lt_grp = 0, srt_grp = 0, usr_flg = 0,
		spatialprops =
		{
			pos = { -17.45434, 1.676643, -44.34586 },
			orient = { { -0.914633,  0.000000, -0.404284 },
					   {  0.000000,  1.000000,  0.000000 },
					   {  0.404284,  0.000000, -0.914633 } }
		}
	},

	{
		entity_name = "Cam_07_3shot_B",
		type = CAMERA,
		template_name = "",
		lt_grp = 0, srt_grp = 0, usr_flg = 0,
		spatialprops =
		{
			pos = { -21.32486, 1.259418, -43.78901 },
			orient = { { -0.341948,  0.000000,  0.939719 },
					   {  0.019605,  0.999782,  0.007134 },
					   { -0.939514,  0.020862, -0.341873 } }
		},
		cameraprops =
		{
			fovh = 20,
			hvaspect = 1.85,
			nearplane = 1,
			farplane = 1000
		}
	},

	{
		entity_name = "char_trent_Mk_Trent_Position_forward",
		type = MARKER,
		template_name = "",
		lt_grp = 0, srt_grp = 0, usr_flg = 0,
		spatialprops =
		{
			pos = { -18.23524, 0.972884, -41.68052 },
			orient = { {  0.999967,  0.000000,  0.008093 },
					   {  0.000000,  1.000000,  0.000000 },
					   { -0.008093,  0.000000,  0.999967 } }
		}
	},

	{
		entity_name = "char_order_male_tech_pivot",
		type = MARKER,
		template_name = "",
		lt_grp = 0, srt_grp = 0, usr_flg = 0,
		spatialprops =
		{
			pos = { -17.52478, 0.921478, -43.44156 },
			orient = { { -0.988041,  0.000000,  0.154193 },
					   {  0.000000,  1.000000,  0.000000 },
					   { -0.154193,  0.000000, -0.988041 } }
		}
	},

	{
		entity_name = "Cam_08_Walk_Away_A",
		type = CAMERA,
		template_name = "",
		lt_grp = 0, srt_grp = 0, usr_flg = 0,
		spatialprops =
		{
			pos = { -20.22588, 1.645787, -44.71069 },
			orient = { { -0.370219,  0.000000,  0.928945 },
					   {  0.051366,  0.998470,  0.020471 },
					   { -0.927523,  0.055295, -0.369652 } }
		},
		cameraprops =
		{
			fovh = 13,
			hvaspect = 1.85,
			nearplane = 1,
			farplane = 1000
		}
	},

	{
		entity_name = "Cam_08_Walk_Away_B",
		type = CAMERA,
		template_name = "",
		lt_grp = 0, srt_grp = 0, usr_flg = 0,
		spatialprops =
		{
			pos = { -19.94832, 1.64426, -47.80229 },
			orient = { { -0.390416,  0.000000,  0.920638 },
					   {  0.034855,  0.999283,  0.014781 },
					   { -0.919978,  0.037860, -0.390136 } }
		},
		cameraprops =
		{
			fovh = 10,
			hvaspect = 1.85,
			nearplane = 0.4,
			farplane = 4000
		}
	},

	{
		entity_name = "char_juni_Mk_look_at_King",
		type = MARKER,
		template_name = "",
		lt_grp = 0, srt_grp = 0, usr_flg = 0,
		spatialprops =
		{
			pos = { -17.36095, 1.676643, -43.23984 },
			orient = { { -0.914633,  0.000000, -0.404284 },
					   {  0.000000,  1.000000,  0.000000 },
					   {  0.404284,  0.000000, -0.914633 } }
		}
	},

	{
		entity_name = "char_order_male_tech_2_mrk_look_Juni",
		type = MARKER,
		template_name = "",
		lt_grp = 0, srt_grp = 0, usr_flg = 0,
		spatialprops =
		{
			pos = { -17.55347, 1.554677, -43.40454 },
			orient = { { -0.914633,  0.000000, -0.404284 },
					   {  0.000000,  1.000000,  0.000000 },
					   {  0.404284,  0.000000, -0.914633 } }
		}
	},

	{
		entity_name = "char_order_male_tech_2_mrk_look_off",
		type = MARKER,
		template_name = "",
		lt_grp = 0, srt_grp = 0, usr_flg = 0,
		spatialprops =
		{
			pos = { -17.59215, 1.554677, -39.32727 },
			orient = { { -0.914633,  0.000000, -0.404284 },
					   {  0.000000,  1.000000,  0.000000 },
					   {  0.404284,  0.000000, -0.914633 } }
		}
	},

	{
		entity_name = "char_trent_Mk_BODY_CORE",
		type = MARKER,
		template_name = "",
		lt_grp = 0, srt_grp = 0, usr_flg = 0,
		spatialprops =
		{
			pos = { -18.23547, 0.972928, -41.68092 },
			orient = { {  0.999967,  0.000000,  0.008093 },
					   {  0.000000,  1.000000,  0.000000 },
					   { -0.008093,  0.000000,  0.999967 } }
		}
	},

	{
		entity_name = "char_King_Mk_BODY_CORE",
		type = MARKER,
		template_name = "",
		lt_grp = 0, srt_grp = 0, usr_flg = 0,
		spatialprops =
		{
			pos = { -18.23547, 0.972928, -41.68092 },
			orient = { {  0.999967,  0.000000,  0.008093 },
					   {  0.000000,  1.000000,  0.000000 },
					   { -0.008093,  0.000000,  0.999967 } }
		}
	},

	{
		entity_name = "char_King_Mk_BODY_CORE_copy_1",
		type = MARKER,
		template_name = "",
		lt_grp = 0, srt_grp = 0, usr_flg = 0,
		spatialprops =
		{
			pos = { -14.18624, 1.621983, -42.77394 },
			orient = { { -0.219785,  0.000000, -0.975548 },
					   {  0.000000,  1.000000,  0.000000 },
					   {  0.975548,  0.000000, -0.219785 } }
		}
	},

	{
		entity_name = "char_trent_Mk_BODY_CORE_copy_1",
		type = MARKER,
		template_name = "",
		lt_grp = 0, srt_grp = 0, usr_flg = 0,
		spatialprops =
		{
			pos = { -17.94249, 1.648122, -42.17241 },
			orient = { {  0.999967,  0.000000,  0.008093 },
					   {  0.000000,  1.000000,  0.000000 },
					   { -0.008093,  0.000000,  0.999967 } }
		}
	},

	{
		entity_name = "Ship_Order_elite_2",
		type = COMPOUND,
		template_name = "or_elite",
		lt_grp = 3, srt_grp = 0, usr_flg = 0,
		flags = LIT_DYNAMIC,
		spatialprops =
		{
			pos = { -1810.678, 0, 24.06488 },
			orient = { { 1, 0, 0 }, { 0, 1, 0 }, { 0, 0, 1 } }
		},
		userprops =
		{
			category = "Spaceship",
			loadout = "MSN13_Order_Heavy_Fighter",
			Priority = "FG_Ship_1",
			running_lights = "True",
		}
	},

	{
		entity_name = "FX_gf_br_smallengine01_1",
		type = PSYS,
		template_name = "gf_br_smallengine01",
		lt_grp = 0, srt_grp = 0, usr_flg = 0,
		flags = LIT_DYNAMIC + LIT_AMBIENT,
		spatialprops =
		{
			pos = { 0, 0, 0 },
			orient = { { 1, 0, 0 }, { 0, 1, 0 }, { 0, 0, 1 } }
		},
		psysprops =
		{
			sparam = 0
		},
		userprops =
		{
			Priority = "FG_Ship_1",
		}
	},

	{
		entity_name = "Ship_rh_elite_Von_Calaussen",
		type = COMPOUND,
		template_name = "rtcprop_r_elite",
		lt_grp = 0, srt_grp = 0, usr_flg = 0,
		flags = LIT_DYNAMIC,
		spatialprops =
		{
			pos = { -1810.678, 0, 24.06488 },
			orient = { { 1, 0, 0 }, { 0, 1, 0 }, { 0, 0, 1 } }
		},
		userprops =
		{
			category = "Spaceship",
			loadout = "MSN13_Von_Claussen",
			running_lights = "True",
		}
	},

	{
		entity_name = "Cam_02_ships_overhead_A",
		type = CAMERA,
		template_name = "",
		lt_grp = 0, srt_grp = 0, usr_flg = 0,
		spatialprops =
		{
			pos = { -1136.376, 52.44876, 1194.077 },
			orient = { {  0.804077,  0.000000,  0.594525 },
					   { -0.038858,  0.997862,  0.052555 },
					   { -0.593254, -0.065360,  0.802358 } }
		},
		cameraprops =
		{
			fovh = 20,
			hvaspect = 1.85,
			nearplane = 10,
			farplane = 10000
		}
	},

	{
		entity_name = "Ship_Mk_Playership_start_pos",
		type = MARKER,
		template_name = "",
		lt_grp = 0, srt_grp = 0, usr_flg = 0,
		spatialprops =
		{
			pos = { -1141.484, 78.57989, 1181.326 },
			orient = { {  0.662455,  0.000000,  0.749102 },
					   {  0.000000,  1.000000,  0.000000 },
					   { -0.749102,  0.000000,  0.662455 } }
		}
	},

	{
		entity_name = "Ship_Mk_Playership_start_pos_02",
		type = MARKER,
		template_name = "",
		lt_grp = 0, srt_grp = 0, usr_flg = 0,
		spatialprops =
		{
			pos = { -15.39804, 11.28202, -23.02626 },
			orient = { { -0.992050,  0.000000,  0.125841 },
					   {  0.000000,  1.000000,  0.000000 },
					   { -0.125841,  0.000000, -0.992050 } }
		}
	},

	{
		entity_name = "Ship_Li_fighter_King_Mrk_Start_pos",
		type = MARKER,
		template_name = "",
		lt_grp = 0, srt_grp = 0, usr_flg = 0,
		spatialprops =
		{
			pos = { -1131.528, 63.7376, 1201.158 },
			orient = { {  0.634937,  0.285223,  0.717985 },
					   { -0.183761,  0.958438, -0.218238 },
					   { -0.750391,  0.006630,  0.660961 } }
		}
	},

	{
		entity_name = "Ship_Li_fighter_King_Mrk_Start_pos_02",
		type = MARKER,
		template_name = "",
		lt_grp = 0, srt_grp = 0, usr_flg = 0,
		spatialprops =
		{
			pos = { 44.18209, 2.25, -22.19222 },
			orient = { {  0.305573,  0.000000, -0.952169 },
					   {  0.000000,  1.000000,  0.000000 },
					   {  0.952169,  0.000000,  0.305573 } }
		}
	},

	{
		entity_name = "Ship_rh_elite_VonCalaussen_Mrk_Start_pos",
		type = MARKER,
		template_name = "",
		lt_grp = 0, srt_grp = 0, usr_flg = 0,
		spatialprops =
		{
			pos = { -1135.231, 65.12479, 1190.469 },
			orient = { {  0.831252,  0.270018,  0.485912 },
					   { -0.183761,  0.958438, -0.218238 },
					   { -0.524645,  0.092119,  0.846323 } }
		}
	},

	{
		entity_name = "Ship_Li_fighter_King_path",
		type = MOTION_PATH,
		template_name = "",
		lt_grp = 0, srt_grp = 0, usr_flg = 0,
		spatialprops =
		{
			pos = { -1154.213, 63.73761, 1201.158 },
			orient = { {  0.564422,  0.284652,  0.774855 },
					   { -0.183761,  0.958438, -0.218238 },
					   { -0.804773, -0.019209,  0.593272 } }
		},
		pathprops =
		{
			path_type = "CV_CROrientationSplinePath",
			path_data = "OPEN,{0.000006,0.000000,-0.000002}, {1.000000,0.000000,0.000000,0.000000}, {-18.931137,-0.000289,-175.150696}, {0.999215,0.000000,0.039614,0.000000}, {-65.176346,32.170414,-378.246246}, {0.947075,0.101146,0.129616,-0.275715}, {-109.922867,55.885429,-542.370483}, {0.951627,-0.039843,0.168916,-0.253547}, {-198.491943,69.841911,-813.563721}, {0.947074,0.101147,0.129625,-0.275712}, "
		}
	},

	{
		entity_name = "Ship_rh_elite_Von_Calaussen_path",
		type = MOTION_PATH,
		template_name = "",
		lt_grp = 0, srt_grp = 0, usr_flg = 0,
		spatialprops =
		{
			pos = { -1170.498, 39.62146, 1128.061 },
			orient = { {  0.506423,  0.282596,  0.814662 },
					   { -0.183761,  0.958438, -0.218238 },
					   { -0.842477, -0.039182,  0.537306 } }
		},
		pathprops =
		{
			path_type = "CV_CROrientationSplinePath",
			path_data = "OPEN,{76.894928,12.285079,14.190412}, {0.988354,0.000000,0.152175,0.000000}, {-16.245127,15.102672,-175.528076}, {0.984345,0.000001,0.176249,-0.000001}, {-98.256317,45.561161,-391.048737}, {0.947075,0.101147,0.129617,-0.275713}, {-157.552887,63.481525,-576.376709}, {0.947075,0.101146,0.129616,-0.275714}, {-253.159210,69.005768,-844.611328}, {0.955896,0.064743,0.006363,-0.286410}, "
		}
	},

	{
		entity_name = "Ship_PlayerShip_path",
		type = MOTION_PATH,
		template_name = "",
		lt_grp = 0, srt_grp = 0, usr_flg = 0,
		spatialprops =
		{
			pos = { -1144.828, 74.25049, 1185.902 },
			orient = { {  0.605652,  0.311205,  0.732350 },
					   { -0.218026,  0.950030, -0.223398 },
					   { -0.765278, -0.024369,  0.643239 } }
		},
		pathprops =
		{
			path_type = "CV_CROrientationSplinePath",
			path_data = "OPEN,{-0.000006,0.000000,-0.000058}, {1.000000,0.000000,0.000000,0.000000}, {-30.753284,-2.136913,-171.693130}, {0.983173,0.106443,0.146784,-0.022259}, {-68.618362,20.242863,-380.061890}, {0.951595,0.040587,0.146922,-0.266895}, {-114.040428,43.315590,-542.048035}, {0.947075,0.101146,0.129616,-0.275715}, {-195.529282,59.485439,-819.130188}, {0.947075,0.101146,0.129616,-0.275715}, "
		}
	},

	{
		entity_name = "Ship_PlayerShip_path_for_camera",
		type = MOTION_PATH,
		template_name = "",
		lt_grp = 0, srt_grp = 0, usr_flg = 0,
		spatialprops =
		{
			pos = { -1141.606, 76.45405, 1189.589 },
			orient = { {  0.634937,  0.285223,  0.717985 },
					   { -0.183761,  0.958438, -0.218238 },
					   { -0.750391,  0.006630,  0.660961 } }
		},
		pathprops =
		{
			path_type = "CV_CROrientationSplinePath",
			path_data = "OPEN,{-0.000006,0.000000,-0.000058}, {1.000000,0.000000,0.000000,0.000000}, {-18.931103,-0.000305,-175.150650}, {0.984346,0.000000,0.176249,0.000000}, {-65.176353,32.170410,-378.246246}, {0.947075,0.101146,0.129616,-0.275715}, {-109.922859,55.885403,-542.370483}, {0.947075,0.101146,0.129616,-0.275715}, {-206.544266,72.501862,-802.068298}, {0.947075,0.101146,0.129616,-0.275715}, "
		}
	},

	{
		entity_name = "Cam_02_ships_overhead_B",
		type = CAMERA,
		template_name = "",
		lt_grp = 0, srt_grp = 0, usr_flg = 0,
		spatialprops =
		{
			pos = { -839.0072, 90.59567, 780.8301 },
			orient = { {  0.791210, -0.242400,  0.561453 },
					   {  0.202911,  0.970137,  0.132899 },
					   { -0.576901,  0.008774,  0.816767 } }
		},
		cameraprops =
		{
			fovh = 20,
			hvaspect = 1.85,
			nearplane = 0.4,
			farplane = 4000
		}
	},

	{
		entity_name = "Cam_04_bwtn_rocks_A",
		type = CAMERA,
		template_name = "",
		lt_grp = 0, srt_grp = 0, usr_flg = 0,
		spatialprops =
		{
			pos = { -243.741, 53.76985, 242.7713 },
			orient = { { -0.284859,  0.000000, -0.958569 },
					   {  0.075835,  0.996866, -0.022536 },
					   {  0.955565, -0.079113, -0.283966 } }
		},
		cameraprops =
		{
			fovh = 15,
			hvaspect = 1.85,
			nearplane = 10,
			farplane = 10000
		}
	},

	{
		entity_name = "Cam_04_bwtn_rocks_B",
		type = CAMERA,
		template_name = "",
		lt_grp = 0, srt_grp = 0, usr_flg = 0,
		spatialprops =
		{
			pos = { -322.7274, 54.52641, 233.3048 },
			orient = { {  0.666994,  0.000000,  0.745063 },
					   {  0.079760,  0.994253, -0.071403 },
					   { -0.740782,  0.107052,  0.663161 } }
		},
		cameraprops =
		{
			fovh = 15,
			hvaspect = 1.85,
			nearplane = 0.4,
			farplane = 4000
		}
	},

	{
		entity_name = "Ship_rh_elite_VonCalaussen_Mrk_Start_pos_2",
		type = MARKER,
		template_name = "",
		lt_grp = 0, srt_grp = 0, usr_flg = 0,
		spatialprops =
		{
			pos = { -416.0829, 72.48885, 303.8524 },
			orient = { {  0.550218, -0.178953,  0.815620 },
					   {  0.071894,  0.983291,  0.167242 },
					   { -0.831920, -0.033381,  0.553890 } }
		}
	},

	{
		entity_name = "Ship_rh_elite_VonCalaussen_Mrk_Start_pos_2_END",
		type = MARKER,
		template_name = "",
		lt_grp = 0, srt_grp = 0, usr_flg = 0,
		spatialprops =
		{
			pos = { -169.128, 64.52824, 131.7849 },
			orient = { {  0.531773, -0.333112,  0.778623 },
					   {  0.158516,  0.942296,  0.294874 },
					   { -0.831920, -0.033381,  0.553891 } }
		}
	},

	{
		entity_name = "Ship_Mk_Playership_start_pos_02_b",
		type = MARKER,
		template_name = "",
		lt_grp = 0, srt_grp = 0, usr_flg = 0,
		spatialprops =
		{
			pos = { -449.8228, 67.69814, 311.2229 },
			orient = { {  0.549373, -0.190023,  0.813683 },
					   {  0.078090,  0.981212,  0.176423 },
					   { -0.831920, -0.033381,  0.553891 } }
		}
	},

	{
		entity_name = "Ship_Li_fighter_King_Mrk_Start_pos_02_b",
		type = MARKER,
		template_name = "",
		lt_grp = 0, srt_grp = 0, usr_flg = 0,
		spatialprops =
		{
			pos = { -416.0829, 72.48885, 303.8524 },
			orient = { {  0.547058, -0.216514,  0.808609 },
					   {  0.092933,  0.975709,  0.198384 },
					   { -0.831920, -0.033381,  0.553891 } }
		}
	},

	{
		entity_name = "Ship_rh_elite_VonCalaussen_Mrk_Start_pos_3",
		type = MARKER,
		template_name = "",
		lt_grp = 0, srt_grp = 0, usr_flg = 0,
		spatialprops =
		{
			pos = { -52.29252, 13.25132, 30.87643 },
			orient = { {  0.876465,  0.021861,  0.480968 },
					   { -0.031784,  0.999417,  0.012494 },
					   { -0.480415, -0.026238,  0.876649 } }
		}
	},

	{
		entity_name = "Ship_rh_elite_VonCalaussen_Mrk_Start_pos_3_END",
		type = MARKER,
		template_name = "",
		lt_grp = 0, srt_grp = 0, usr_flg = 0,
		spatialprops =
		{
			pos = { -52.02123, 4.720658, 30.76979 },
			orient = { {  0.876465,  0.021861,  0.480968 },
					   { -0.031784,  0.999417,  0.012494 },
					   { -0.480415, -0.026238,  0.876649 } }
		}
	},

	{
		entity_name = "rtc_shipdust_snow_MRK",
		type = MARKER,
		template_name = "",
		lt_grp = 0, srt_grp = 0, usr_flg = 0,
		spatialprops =
		{
			pos = { -15.39804, 0, -23.02625 },
			orient = { { -0.894252,  0.000000, -0.447564 },
					   {  0.000000,  1.000000,  0.000000 },
					   {  0.447564,  0.000000, -0.894252 } }
		}
	},

	{
		entity_name = "rtc_shipdust_snow_MRK_whooosh",
		type = MARKER,
		template_name = "",
		lt_grp = 0, srt_grp = 0, usr_flg = 0,
		spatialprops =
		{
			pos = { -371.7984, 66.02304, 283.9047 },
			orient = { {  0.390018,  0.674857,  0.626462 },
					   { -0.394709,  0.737193, -0.548407 },
					   { -0.831920, -0.033381,  0.553891 } }
		}
	},

	{
		entity_name = "Char_vonclaussen",
		type = DEFORMABLE,
		template_name = "vonclaussen",
		lt_grp = 0, srt_grp = 0, usr_flg = 0,
		flags = LIT_DYNAMIC + LIT_AMBIENT,
		spatialprops =
		{
			pos = { -17.43808, 0, -40.69223 },
			orient = { { 1, 0, 0 }, { 0, 1, 0 }, { 0, 0, 1 } }
		},
		compoundprops =
		{
			floor_height = 0
		},
		userprops =
		{
			actor = "vonclaussen",
			category = "Character",
		}
	},

	{
		entity_name = "char_vonclaussen_Mrk_arrive",
		type = MARKER,
		template_name = "",
		lt_grp = 0, srt_grp = 0, usr_flg = 0,
		spatialprops =
		{
			pos = { -17.69128, 0.974997, -36.61685 },
			orient = { {  0.998076,  0.000000,  0.062009 },
					   {  0.000000,  1.000000,  0.000000 },
					   { -0.062009,  0.000000,  0.998076 } }
		}
	},

	{
		entity_name = "char_vonclaussen_Mrk_arrive_02",
		type = MARKER,
		template_name = "",
		lt_grp = 0, srt_grp = 0, usr_flg = 0,
		spatialprops =
		{
			pos = { -17.42932, 0.974997, -40.83324 },
			orient = { {  0.998076,  0.000000,  0.062009 },
					   {  0.000000,  1.000000,  0.000000 },
					   { -0.062009,  0.000000,  0.998076 } }
		}
	},

	{
		entity_name = "FX_gf_br_smallengine01_Trent",
		type = PSYS,
		template_name = "gf_br_smallengine01",
		lt_grp = 0, srt_grp = 0, usr_flg = 0,
		flags = LIT_DYNAMIC + LIT_AMBIENT,
		spatialprops =
		{
			pos = { 0, 0, 0 },
			orient = { { 1, 0, 0 }, { 0, 1, 0 }, { 0, 0, 1 } }
		},
		psysprops =
		{
			sparam = 0
		}
	},

	{
		entity_name = "FX_gf_br_smallengine01_1_von_01",
		type = PSYS,
		template_name = "gf_br_smallengine01",
		lt_grp = 0, srt_grp = 0, usr_flg = 0,
		flags = LIT_DYNAMIC + LIT_AMBIENT,
		spatialprops =
		{
			pos = { 0, 0, 0 },
			orient = { { 1, 0, 0 }, { 0, 1, 0 }, { 0, 0, 1 } }
		},
		psysprops =
		{
			sparam = 0
		}
	},

	{
		entity_name = "FX_gf_br_smallengine01_1_von_02",
		type = PSYS,
		template_name = "gf_br_smallengine01",
		lt_grp = 0, srt_grp = 0, usr_flg = 0,
		flags = LIT_DYNAMIC + LIT_AMBIENT,
		spatialprops =
		{
			pos = { 0, 0, 0 },
			orient = { { 1, 0, 0 }, { 0, 1, 0 }, { 0, 0, 1 } }
		},
		psysprops =
		{
			sparam = 0
		}
	},

	{
		entity_name = "Cam_03_fly_by",
		type = CAMERA,
		template_name = "",
		lt_grp = 0, srt_grp = 0, usr_flg = 0,
		spatialprops =
		{
			pos = { -977.2103, 113.2075, 806.5984 },
			orient = { {  0.441476,  0.000000,  0.897273 },
					   {  0.067066,  0.997203, -0.032998 },
					   { -0.894763,  0.074744,  0.440241 } }
		},
		cameraprops =
		{
			fovh = 20,
			hvaspect = 1.85,
			nearplane = 10,
			farplane = 10000
		}
	},

	{
		entity_name = "FX_gf_br_smallengine01_2_copy_1",
		type = PSYS,
		template_name = "gf_br_smallengine01",
		lt_grp = 0, srt_grp = 0, usr_flg = 0,
		flags = LIT_DYNAMIC + LIT_AMBIENT,
		spatialprops =
		{
			pos = { 0, 0, 0 },
			orient = { { 1, 0, 0 }, { 0, 1, 0 }, { 0, 0, 1 } }
		},
		psysprops =
		{
			sparam = 0
		},
		userprops =
		{
			Priority = "FG_Ship_1",
		}
	},

	{
		entity_name = "Cam_01_Opening_Wide_A",
		type = CAMERA,
		template_name = "",
		lt_grp = 0, srt_grp = 0, usr_flg = 0,
		spatialprops =
		{
			pos = { -659.1088, 279.4438, 1351.868 },
			orient = { {  0.886144,  0.000000,  0.463410 },
					   {  0.064222,  0.990351, -0.122806 },
					   { -0.458939,  0.138585,  0.877593 } }
		},
		cameraprops =
		{
			fovh = 15,
			hvaspect = 1.85,
			nearplane = 20,
			farplane = 10000
		}
	},

	{
		entity_name = "Cam_01_Opening_Wide_B",
		type = CAMERA,
		template_name = "",
		lt_grp = 0, srt_grp = 0, usr_flg = 0,
		spatialprops =
		{
			pos = { -643.0421, 274.5928, 1321.154 },
			orient = { {  0.886144,  0.000000,  0.463410 },
					   {  0.064222,  0.990351, -0.122806 },
					   { -0.458939,  0.138585,  0.877593 } }
		},
		cameraprops =
		{
			fovh = 15,
			hvaspect = 1.85,
			nearplane = 0.4,
			farplane = 4000
		}
	},

	{
		entity_name = "mix_s072aa_2",
		type = SOUND,
		template_name = "mix_s072aa",
		lt_grp = 0, srt_grp = 0, usr_flg = 0,
		spatialprops =
		{
			pos = { 0, 0, 0 },
			orient = { { 1, 0, 0 }, { 0, 1, 0 }, { 0, 0, 1 } }
		},
		audioprops =
		{
			attenuation = 0,
			pan = 0,
			dmin = 50,
			dmax = 300,
			ain = 360,
			aout = 360,
			atout = 0,
			rmix = 0,
		},
		userprops =
		{
			category = "Audio",
		}
	},

	{
		entity_name = "Cam_04_bwtn_rocks_A_static",
		type = CAMERA,
		template_name = "",
		lt_grp = 0, srt_grp = 0, usr_flg = 0,
		spatialprops =
		{
			pos = { -243.741, 53.76985, 242.7713 },
			orient = { { -0.284859,  0.000000, -0.958569 },
					   {  0.075835,  0.996866, -0.022536 },
					   {  0.955565, -0.079113, -0.283966 } }
		},
		cameraprops =
		{
			fovh = 15,
			hvaspect = 1.85,
			nearplane = 2,
			farplane = 4000
		}
	},

	{
		entity_name = "Cam_05_Wide_pad_A_static",
		type = CAMERA,
		template_name = "",
		lt_grp = 0, srt_grp = 0, usr_flg = 0,
		spatialprops =
		{
			pos = { -54.72259, 12.29704, 31.77725 },
			orient = { {  0.766823,  0.000000,  0.641859 },
					   { -0.062383,  0.995266,  0.074528 },
					   { -0.638820, -0.097191,  0.763193 } }
		},
		cameraprops =
		{
			fovh = 35,
			hvaspect = 1.85,
			nearplane = 2,
			farplane = 1000
		}
	},

	{
		entity_name = "char_order_male_tech_mrk_loc_start",
		type = MARKER,
		template_name = "",
		lt_grp = 0, srt_grp = 0, usr_flg = 0,
		spatialprops =
		{
			pos = { -16.25643, 0.973156, -52.61321 },
			orient = { { -1.000000,  0.000000,  0.000394 },
					   {  0.000000,  1.000000,  0.000000 },
					   { -0.000394,  0.000000, -1.000000 } }
		}
	},

	{
		entity_name = "char_order_male_tech_2_mrk_loc_start",
		type = MARKER,
		template_name = "",
		lt_grp = 0, srt_grp = 0, usr_flg = 0,
		spatialprops =
		{
			pos = { -17.32234, 0.973156, -52.14199 },
			orient = { { -1.000000,  0.000000,  0.000394 },
					   {  0.000000,  1.000000,  0.000000 },
					   { -0.000394,  0.000000, -1.000000 } }
		}
	},

	{
		entity_name = "Cam_07_3shot_A_static",
		type = CAMERA,
		template_name = "",
		lt_grp = 0, srt_grp = 0, usr_flg = 0,
		spatialprops =
		{
			pos = { -19.23938, 1.198977, -42.72859 },
			orient = { {  0.744840,  0.000000,  0.667243 },
					   { -0.061186,  0.995787,  0.068302 },
					   { -0.664432, -0.091700,  0.741702 } }
		},
		cameraprops =
		{
			fovh = 20,
			hvaspect = 1.85,
			nearplane = 1,
			farplane = 1000
		}
	},

	{
		entity_name = "Cam_08_Walk_Away_static1",
		type = CAMERA,
		template_name = "",
		lt_grp = 0, srt_grp = 0, usr_flg = 0,
		spatialprops =
		{
			pos = { -20.22588, 1.645787, -44.71069 },
			orient = { { -0.370219,  0.000000,  0.928945 },
					   {  0.051366,  0.998470,  0.020471 },
					   { -0.927523,  0.055295, -0.369652 } }
		},
		cameraprops =
		{
			fovh = 13,
			hvaspect = 1.85,
			nearplane = 1,
			farplane = 1000
		}
	},

	{
		entity_name = "Cam_08_Walk_Away_static2",
		type = CAMERA,
		template_name = "",
		lt_grp = 0, srt_grp = 0, usr_flg = 0,
		spatialprops =
		{
			pos = { -23.55258, 1.127798, -47.62121 },
			orient = { { -0.289696,  0.000000,  0.957119 },
					   { -0.005128,  0.999986, -0.001552 },
					   { -0.957105, -0.005358, -0.289692 } }
		},
		cameraprops =
		{
			fovh = 15,
			hvaspect = 1.85,
			nearplane = 0.4,
			farplane = 1000
		}
	},

	{
		entity_name = "backgroundambient_1",
		type = SOUND,
		template_name = "backgroundambient",
		lt_grp = 0, srt_grp = 0, usr_flg = 0,
		spatialprops =
		{
			pos = { 0, 0, 0 },
			orient = { { 1, 0, 0 }, { 0, 1, 0 }, { 0, 0, 1 } }
		},
		audioprops =
		{
			attenuation = 0,
			pan = 0,
			dmin = 50,
			dmax = 300,
			ain = 360,
			aout = 360,
			atout = 0,
			rmix = 0,
		},
		userprops =
		{
			category = "Audio",
		}
	},

	{
		entity_name = "backgroundmusic_2",
		type = SOUND,
		template_name = "backgroundmusic",
		lt_grp = 0, srt_grp = 0, usr_flg = 0,
		spatialprops =
		{
			pos = { 0, 0, 0 },
			orient = { { 1, 0, 0 }, { 0, 1, 0 }, { 0, 0, 1 } }
		},
		audioprops =
		{
			attenuation = 0,
			pan = 0,
			dmin = 50,
			dmax = 300,
			ain = 360,
			aout = 360,
			atout = 0,
			rmix = 0,
		},
		userprops =
		{
			category = "Audio",
		}
	},

	{
		entity_name = "fx_PlayerShipEngines_1",
		type = PSYS,
		template_name = "PlayerShipEngines",
		lt_grp = 0, srt_grp = 0, usr_flg = 0,
		flags = LIT_DYNAMIC + LIT_AMBIENT,
		spatialprops =
		{
			pos = { 0, 0, 0 },
			orient = { { 1, 0, 0 }, { 0, 1, 0 }, { 0, 0, 1 } }
		},
		psysprops =
		{
			sparam = 0
		}
	}
};

events =
{
	{
		0.000, START_AUDIO_PROP_ANIM, { "backgroundambient_1" },
		{
			duration = 0.000,
			audioprops =
			{
				attenuation = -100
			}
		}
	},

	{
		0.000, ATTACH_ENTITY, { "Char_king", "Marker_offscreen" },
		{
			duration = 0.000,
			offset = { 0, 0, 0 },
			up = Y_AXIS,
			front = NEG_Z_AXIS,
			target_part = "",
			target_type = ROOT,
			flags = POSITION + ORIENTATION
		}
	},

	{
		0.000, ATTACH_ENTITY, { "Char_order_male_tech", "Marker_offscreen" },
		{
			duration = 0.000,
			offset = { 0, 0, 0 },
			up = Y_AXIS,
			front = NEG_Z_AXIS,
			target_part = "",
			target_type = ROOT,
			flags = POSITION + ORIENTATION
		}
	},

	{
		0.000, ATTACH_ENTITY, { "Char_order_male_tech_2", "Marker_offscreen" },
		{
			duration = 0.000,
			offset = { 0, 0, 0 },
			up = Y_AXIS,
			front = NEG_Z_AXIS,
			target_part = "",
			target_type = ROOT,
			flags = POSITION + ORIENTATION
		}
	},

	{
		0.000, ATTACH_ENTITY, { "Char_trent", "Marker_offscreen" },
		{
			duration = 0.000,
			offset = { 0, 0, 0 },
			up = Y_AXIS,
			front = NEG_Z_AXIS,
			target_part = "",
			target_type = ROOT,
			flags = POSITION + ORIENTATION
		}
	},

	{
		0.000, ATTACH_ENTITY, { "Char_vonclaussen", "Marker_offscreen" },
		{
			duration = 0.000,
			offset = { 0, 0, 0 },
			up = Y_AXIS,
			front = NEG_Z_AXIS,
			target_part = "",
			target_type = ROOT,
			flags = POSITION + ORIENTATION
		}
	},

	{
		0.000, START_MOTION, { "Char_vonclaussen" },
		{
			animation = "Sc_MLBODY_STND_IDLE_BRTH_000LV_xa_05",
			duration = 0.100,
			time_scale = 1,
			weight = 1,
			heading = -1
		}
	},

	{
		0.000, START_MOTION, { "Char_order_male_tech_2" },
		{
			animation = "Sc_MLBODY_STND_IDLE_000LV_xa_04",
			duration = 0.100,
			time_scale = 1,
			weight = 1,
			heading = -1
		}
	},

	{
		0.000, START_MOTION, { "Char_order_male_tech" },
		{
			animation = "Sc_MLBODY_STND_IDLE_000LV_xa_04",
			duration = 0.100,
			time_scale = 1,
			weight = 1,
			heading = -1
		}
	},

	{
		0.000, START_MOTION, { "Char_king" },
		{
			animation = "Sc_MLBODY_STND_IDLE_000LV_xa_04",
			duration = 0.100,
			time_scale = 1,
			weight = 1,
			heading = -1
		}
	},

	{
		0.000, START_MOTION, { "Char_trent" },
		{
			animation = "Sc_MLHAND_NEUT_LEFT_000LV_A_00",
			duration = 0.100,
			time_scale = 1,
			weight = 1,
			heading = -1
		}
	},

	{
		0.000, START_MOTION, { "Char_juni" },
		{
			animation = "Sc_FMBODY_STND_IDLE_000LV_xa_05",
			duration = 0.100,
			time_scale = 1,
			weight = 1,
			heading = -1
		}
	},

	{
		0.000, SET_CAMERA, { "cam_Monitor_s072aa_static", "Cam_01_Opening_Wide_B" }
	},

	{
		0.000, SET_CAMERA, { "cam_Monitor_s072aa", "Cam_01_Opening_Wide_A" }
	},

	{
		0.000, START_SPATIAL_PROP_ANIM, { "Cam_01_Opening_Wide_A", "Cam_01_Opening_Wide_B" },
		{
			duration = 2.312,
			target_part = "",
			target_type = ROOT,
			spatialprops =
			{
				pos = { -643.0421, 274.5928, 1321.154 },
				q_orient = { 0.886144, 0, 0.46341, 0.064222 }
			},
			param_curve =
			{
				CLSID = "FreeFormPCurve",
				points =
				{
					{  0.000000,  0.000000,  0.000000,  0.000000 },
					{  1.000000,  1.000000,  0.000000,  0.000000 },
				}
			},
			pcurve_period = -1000
		}
	},

	{
		0.000, START_AUDIO_PROP_ANIM, { "backgroundmusic_2" },
		{
			duration = 0.000,
			audioprops =
			{
				attenuation = -100
			}
		}
	},

	{
		0.000, ATTACH_ENTITY, { "Char_juni", "Marker_offscreen" },
		{
			duration = 0.000,
			offset = { 0, 0, 0 },
			up = Y_AXIS,
			front = NEG_Z_AXIS,
			target_part = "",
			target_type = ROOT,
			flags = POSITION
		}
	},

	{
		0.001, START_SOUND, { "mix_s072aa_2" },
		{
			duration = 40.985
		}
	},

	{
		2.000, START_SPATIAL_PROP_ANIM, { "Cam_02_ships_overhead_A", "Cam_02_ships_overhead_B" },
		{
			duration = 7.435,
			target_part = "",
			target_type = ROOT,
			spatialprops =
			{
				pos = { -839.0072, 90.59567, 780.8301 },
				q_orient = { 0.79121, -0.2424, 0.561453, 0.202911 }
			},
			param_curve =
			{
				CLSID = "FreeFormPCurve",
				points =
				{
					{  0.000000,  0.000000,  0.000000,  0.000000 },
					{  1.000000,  1.000000,  0.000000,  0.000000 },
				}
			},
			pcurve_period = -1000
		}
	},

	{
		2.000, ATTACH_ENTITY, { "Ship_Order_elite_2", "Ship_Li_fighter_King_Mrk_Start_pos" },
		{
			duration = 0.000,
			offset = { 0, 0, 0 },
			up = Y_AXIS,
			front = NEG_Z_AXIS,
			target_part = "",
			target_type = ROOT,
			flags = POSITION
		}
	},

	{
		2.000, ATTACH_ENTITY, { "Ship_Order_Elite", "Ship_Li_fighter_King_Mrk_Start_pos" },
		{
			duration = 0.000,
			offset = { 0, 0, 0 },
			up = Y_AXIS,
			front = NEG_Z_AXIS,
			target_part = "",
			target_type = ROOT,
			flags = POSITION
		}
	},

	{
		2.000, ATTACH_ENTITY, { "Ship_rh_elite_Von_Calaussen", "Ship_rh_elite_VonCalaussen_Mrk_Start_pos" },
		{
			duration = 0.000,
			offset = { 0, 0, 0 },
			up = Y_AXIS,
			front = NEG_Z_AXIS,
			target_part = "",
			target_type = ROOT,
			flags = POSITION + ORIENTATION
		}
	},

	{
		2.000, ATTACH_ENTITY, { "Ship_Li_fighter_King", "Ship_Li_fighter_King_Mrk_Start_pos" },
		{
			duration = 0.000,
			offset = { 0, 0, 0 },
			up = Y_AXIS,
			front = NEG_Z_AXIS,
			target_part = "",
			target_type = ROOT,
			flags = POSITION + ORIENTATION
		}
	},

	{
		2.000, ATTACH_ENTITY, { "Ship_PlayerShip", "Ship_Mk_Playership_start_pos" },
		{
			duration = 0.000,
			offset = { 0, 0, 0 },
