duration = 54.305;

entities =
{

	{
		entity_name = "Layer_s074x_nrml_Quintaine_pl_09_Pad_01",
		type = SCENE,
		template_name = "",
		lt_grp = 0, srt_grp = 0, usr_flg = 0,
		spatialprops =
		{
			pos = { 0, 0, 0 },
			orient = { { 1, 0, 0 }, { 0, 1, 0 }, { 0, 0, 1 } }
		},
		up = Y_AXIS,
		front = Z_AXIS,
		ambient = { 0, 0, 0 },
		userprops =
		{
			TextStart = "0.75000",
			TextString = "259627.01563",
		}
	},

	{
		entity_name = "Char_Trent",
		type = DEFORMABLE,
		template_name = "trent",
		lt_grp = 0, srt_grp = 0, usr_flg = 0,
		flags = LIT_DYNAMIC,
		spatialprops =
		{
			pos = { -792.7786, 0, 3459.779 },
			orient = { { -0.064265,  0.000000,  0.997933 },
					   {  0.000000,  1.000000,  0.000000 },
					   { -0.997933,  0.000000, -0.064265 } }
		},
		compoundprops =
		{
			floor_height = 0
		},
		userprops =
		{
			actor = "Player",
			category = "Character",
		}
	},

	{
		entity_name = "Char_order_male_tech_1",
		type = DEFORMABLE,
		template_name = "order_male_tech_1",
		lt_grp = 0, srt_grp = 0, usr_flg = 0,
		flags = LIT_DYNAMIC,
		spatialprops =
		{
			pos = { -792.7786, 0, 3459.779 },
			orient = { { -0.996980,  0.000000,  0.077657 },
					   {  0.000000,  1.000000,  0.000000 },
					   { -0.077657,  0.000000, -0.996980 } }
		},
		compoundprops =
		{
			floor_height = 0
		},
		userprops =
		{
			actor = "odr_tech01",
			category = "Character",
		}
	},

	{
		entity_name = "Char_Orillion",
		type = DEFORMABLE,
		template_name = "orillion",
		lt_grp = 0, srt_grp = 0, usr_flg = 0,
		flags = LIT_DYNAMIC,
		spatialprops =
		{
			pos = { -792.7786, 0, 3459.779 },
			orient = { { -0.537318,  0.000000,  0.843380 },
					   {  0.000000,  1.000000,  0.000000 },
					   { -0.843380,  0.000000, -0.537318 } }
		},
		compoundprops =
		{
			floor_height = 0
		},
		userprops =
		{
			actor = "orillion",
			category = "Character",
		}
	},

	{
		entity_name = "dx_s074x_0101_Quintaine_15",
		type = SOUND,
		template_name = "dx_s074x_0101_Quintaine",
		lt_grp = 0, srt_grp = 0, usr_flg = 0,
		spatialprops =
		{
			pos = { 0, 0, 0 },
			orient = { { 1, 0, 0 }, { 0, 1, 0 }, { 0, 0, 1 } }
		},
		audioprops =
		{
			attenuation = -1,
			pan = 0,
			dmin = 50,
			dmax = 1000,
			ain = 360,
			aout = 360,
			atout = 0,
			rmix = 0,
		},
		userprops =
		{
			category = "Audio",
		}
	},

	{
		entity_name = "dx_s074x_0102_Quintaine_16",
		type = SOUND,
		template_name = "dx_s074x_0102_Quintaine",
		lt_grp = 0, srt_grp = 0, usr_flg = 0,
		spatialprops =
		{
			pos = { 0, 0, 0 },
			orient = { { 1, 0, 0 }, { 0, 1, 0 }, { 0, 0, 1 } }
		},
		audioprops =
		{
			attenuation = -1,
			pan = 0,
			dmin = 50,
			dmax = 1000,
			ain = 360,
			aout = 360,
			atout = 0,
			rmix = 0,
		},
		userprops =
		{
			category = "Audio",
		}
	},

	{
		entity_name = "dx_s074x_0201_Trent_17",
		type = SOUND,
		template_name = "dx_s074x_0201_Trent",
		lt_grp = 0, srt_grp = 0, usr_flg = 0,
		spatialprops =
		{
			pos = { 0, 0, 0 },
			orient = { { 1, 0, 0 }, { 0, 1, 0 }, { 0, 0, 1 } }
		},
		audioprops =
		{
			attenuation = -1,
			pan = 0,
			dmin = 50,
			dmax = 1000,
			ain = 360,
			aout = 360,
			atout = 0,
			rmix = 0,
		},
		userprops =
		{
			category = "Audio",
		}
	},

	{
		entity_name = "dx_s074x_0401_Orillion_19",
		type = SOUND,
		template_name = "dx_s074x_0401_Orillion",
		lt_grp = 0, srt_grp = 0, usr_flg = 0,
		spatialprops =
		{
			pos = { 0, 0, 0 },
			orient = { { 1, 0, 0 }, { 0, 1, 0 }, { 0, 0, 1 } }
		},
		audioprops =
		{
			attenuation = -1,
			pan = 0,
			dmin = 50,
			dmax = 1000,
			ain = 360,
			aout = 360,
			atout = 0,
			rmix = 0,
		},
		userprops =
		{
			category = "Audio",
		}
	},

	{
		entity_name = "dx_s074x_0402_Orillion_20",
		type = SOUND,
		template_name = "dx_s074x_0402_Orillion",
		lt_grp = 0, srt_grp = 0, usr_flg = 0,
		spatialprops =
		{
			pos = { 0, 0, 0 },
			orient = { { 1, 0, 0 }, { 0, 1, 0 }, { 0, 0, 1 } }
		},
		audioprops =
		{
			attenuation = -1,
			pan = 0,
			dmin = 50,
			dmax = 1000,
			ain = 360,
			aout = 360,
			atout = 0,
			rmix = 0,
		},
		userprops =
		{
			category = "Audio",
		}
	},

	{
		entity_name = "cam_Monitor_s074x",
		type = MONITOR,
		template_name = "",
		lt_grp = 0, srt_grp = 0, usr_flg = 0,
		userprops =
		{
			Priority = "Monitor_Moving_1",
		}
	},

	{
		entity_name = "Char_Juni",
		type = DEFORMABLE,
		template_name = "juni",
		lt_grp = 0, srt_grp = 0, usr_flg = 0,
		flags = LIT_DYNAMIC + LIT_AMBIENT,
		spatialprops =
		{
			pos = { -792.7786, 0, 3459.779 },
			orient = { { -0.113202,  0.000000,  0.993572 },
					   {  0.000000,  1.000000,  0.000000 },
					   { -0.993572,  0.000000, -0.113202 } }
		},
		compoundprops =
		{
			floor_height = 0
		},
		userprops =
		{
			actor = "juni",
			category = "Character",
		}
	},

	{
		entity_name = "Char_Oril_Mk_loc_start",
		type = MARKER,
		template_name = "",
		lt_grp = 0, srt_grp = 0, usr_flg = 0,
		spatialprops =
		{
			pos = { -20.35492, 0.973156, -35.56396 },
			orient = { { -0.537318,  0.000000,  0.843380 },
					   {  0.000000,  1.000000,  0.000000 },
					   { -0.843380,  0.000000, -0.537318 } }
		}
	},

	{
		entity_name = "Char_order_Mk_loc_01_start",
		type = MARKER,
		template_name = "",
		lt_grp = 0, srt_grp = 0, usr_flg = 0,
		spatialprops =
		{
			pos = { -16.27593, 0.892916, -77.31032 },
			orient = { { -0.990574,  0.000000,  0.136975 },
					   {  0.000000,  1.000000,  0.000000 },
					   { -0.136975,  0.000000, -0.990574 } }
		}
	},

	{
		entity_name = "Char_Q_Mk_loc_01_start",
		type = MARKER,
		template_name = "",
		lt_grp = 0, srt_grp = 0, usr_flg = 0,
		spatialprops =
		{
			pos = { -17.34065, 0.991379, -53.51173 },
			orient = { { -0.995383,  0.000210, -0.095978 },
					   {  0.000043,  0.999998,  0.001744 },
					   {  0.095978,  0.001732, -0.995382 } }
		}
	},

	{
		entity_name = "Char_Tr_Mk_loc_01_start",
		type = MARKER,
		template_name = "",
		lt_grp = 0, srt_grp = 0, usr_flg = 0,
		spatialprops =
		{
			pos = { -24.36037, 0.973152, -47.52069 },
			orient = { { -0.064265,  0.000000,  0.997933 },
					   {  0.000000,  1.000000,  0.000000 },
					   { -0.997933,  0.000000, -0.064265 } }
		}
	},

	{
		entity_name = "Char_S_Mk_loc_01_start",
		type = MARKER,
		template_name = "",
		lt_grp = 0, srt_grp = 0, usr_flg = 0,
		spatialprops =
		{
			pos = { -16.33935, 0, -52.30196 },
			orient = { { -0.994485,  0.000000,  0.104877 },
					   {  0.000000,  1.000000,  0.000000 },
					   { -0.104877,  0.000000, -0.994485 } }
		}
	},

	{
		entity_name = "Char_Sinclair",
		type = DEFORMABLE,
		template_name = "sinclair",
		lt_grp = 0, srt_grp = 0, usr_flg = 0,
		flags = LIT_DYNAMIC + LIT_AMBIENT,
		spatialprops =
		{
			pos = { -792.7786, 0, 3459.779 },
			orient = { { 1, 0, 0 }, { 0, 1, 0 }, { 0, 0, 1 } }
		},
		compoundprops =
		{
			floor_height = 0
		},
		userprops =
		{
			actor = "sinclair",
			category = "Character",
		}
	},

	{
		entity_name = "Prop_Maglev",
		type = COMPOUND,
		template_name = "maglev",
		lt_grp = 0, srt_grp = 0, usr_flg = 0,
		flags = LIT_DYNAMIC,
		spatialprops =
		{
			pos = { -16.68394, 0.623908, -73.95928 },
			orient = { { -0.999690,  0.024896,  0.000487 },
					   {  0.000720,  0.009373,  0.999956 },
					   {  0.024890,  0.999646, -0.009388 } }
		},
		userprops =
		{
			category = "Prop",
		}
	},

	{
		entity_name = "Prop_Maglev_Mk_loc_02_goto",
		type = MARKER,
		template_name = "",
		lt_grp = 0, srt_grp = 0, usr_flg = 0,
		spatialprops =
		{
			pos = { -16.3772, 0.727296, -30.90313 },
			orient = { { -1.000000,  0.000647,  0.000715 },
					   {  0.000721,  0.009373,  0.999956 },
					   {  0.000641,  0.999956, -0.009374 } }
		}
	},

	{
		entity_name = "Char_Tr_Mk_loc_02_Shift_over",
		type = MARKER,
		template_name = "",
		lt_grp = 0, srt_grp = 0, usr_flg = 0,
		spatialprops =
		{
			pos = { -18.97808, 0.973156, -46.26319 },
			orient = { { -0.110275,  0.000000,  0.993901 },
					   {  0.000000,  1.000000,  0.000000 },
					   { -0.993901,  0.000000, -0.110275 } }
		}
	},

	{
		entity_name = "Char_pygar_male_Mk_loc_02_Orillion",
		type = MARKER,
		template_name = "",
		lt_grp = 0, srt_grp = 0, usr_flg = 0,
		spatialprops =
		{
			pos = { -19.54627, 0.973156, -35.09649 },
			orient = { {  0.521972,  0.000000, -0.852963 },
					   {  0.000000,  1.000000,  0.000000 },
					   {  0.852963,  0.000000,  0.521972 } }
		}
	},

	{
		entity_name = "Ship_PlayerShip",
		type = COMPOUND,
		template_name = "PlayerShip",
		lt_grp = 3, srt_grp = 0, usr_flg = 0,
		flags = LIT_DYNAMIC,
		spatialprops =
		{
			pos = { -1078.286, 59.29037, 1169.388 },
			orient = { {  0.694276, -0.504430,  0.513353 },
					   {  0.405597,  0.863453,  0.299901 },
					   { -0.594535,  0.000000,  0.804070 } }
		},
		userprops =
		{
			category = "Spaceship",
			running_lights = "True",
		}
	},

	{
		entity_name = "Char_Quintaine",
		type = DEFORMABLE,
		template_name = "quintaine",
		lt_grp = 0, srt_grp = 0, usr_flg = 0,
		flags = LIT_DYNAMIC,
		spatialprops =
		{
			pos = { -792.7786, 0, 3459.779 },
			orient = { { 1, 0, 0 }, { 0, 1, 0 }, { 0, 0, 1 } }
		},
		compoundprops =
		{
			floor_height = 0
		},
		userprops =
		{
			actor = "quintaine",
			category = "Character",
		}
	},

	{
		entity_name = "Ship_or_elite_01",
		type = COMPOUND,
		template_name = "or_elite",
		lt_grp = 3, srt_grp = 0, usr_flg = 0,
		flags = LIT_DYNAMIC,
		spatialprops =
		{
			pos = { 127.1833, 169.5696, -446.0588 },
			orient = { { -0.279761, -0.957720,  0.067122 },
					   { -0.898630,  0.236608, -0.369434 },
					   {  0.337933, -0.163671, -0.926830 } }
		},
		userprops =
		{
			category = "Spaceship",
			loadout = "MSN13_Order_Heavy_Fighter_Beta_Wing",
			Priority = "FG_Ship_1",
			running_lights = "True",
		}
	},

	{
		entity_name = "Ship_Path_over_hill_or_elite_01",
		type = MOTION_PATH,
		template_name = "",
		lt_grp = 0, srt_grp = 0, usr_flg = 0,
		spatialprops =
		{
			pos = { 0, 0, 0 },
			orient = { { 1, 0, 0 }, { 0, 1, 0 }, { 0, 0, 1 } }
		},
		pathprops =
		{
			path_type = "CV_CROrientationSplinePath",
			path_data = "OPEN,{375.480316,179.657135,-58.563160}, {0.761467,-0.063301,0.644825,0.019018}, {128.869781,149.822510,-99.915253}, {0.768978,-0.147389,0.594581,-0.182820}, {0.518034,116.584724,-160.638031}, {0.789752,0.220272,0.490952,0.294514}, {-100.005402,139.179626,-218.846390}, {0.928174,0.072729,0.333975,0.147189}, "
		}
	},

	{
		entity_name = "Ship_or_elite_02",
		type = COMPOUND,
		template_name = "or_elite",
		lt_grp = 3, srt_grp = 0, usr_flg = 0,
		flags = LIT_DYNAMIC,
		spatialprops =
		{
			pos = { -242.0302, 56.10061, 56.00999 },
			orient = { { -0.609294,  0.043822, -0.791732 },
					   { -0.037560,  0.995756,  0.084019 },
					   {  0.792054,  0.080930, -0.605062 } }
		},
		userprops =
		{
			category = "Spaceship",
			loadout = "MSN13_Order_Heavy_Fighter_Delta_Wing",
			Priority = "FG_Ship_1",
			running_lights = "True",
		}
	},

	{
		entity_name = "Cam_07_ACU_Orllion",
		type = CAMERA,
		template_name = "",
		lt_grp = 0, srt_grp = 0, usr_flg = 0,
		spatialprops =
		{
			pos = { -19.96979, 1.766686, -36.89973 },
			orient = { { -0.978221,  0.000000, -0.207567 },
					   { -0.024287,  0.993131,  0.114461 },
					   {  0.206141,  0.117010, -0.971501 } }
		},
		cameraprops =
		{
			fovh = 20,
			hvaspect = 1.85,
			nearplane = 1,
			farplane = 1000
		}
	},

	{
		entity_name = "Cam_08_High_Wide_All",
		type = CAMERA,
		template_name = "",
		lt_grp = 0, srt_grp = 0, usr_flg = 0,
		spatialprops =
		{
			pos = { -21.52481, 2.07062, -35.47412 },
			orient = { {  0.455769,  0.000000,  0.890098 },
					   {  0.326516,  0.930287, -0.167190 },
					   { -0.828047,  0.366832,  0.423996 } }
		},
		cameraprops =
		{
			fovh = 30,
			hvaspect = 1.85,
			nearplane = 1,
			farplane = 100
		}
	},

	{
		entity_name = "Ship_or_elite_03_Buzz",
		type = COMPOUND,
		template_name = "or_elite",
		lt_grp = 3, srt_grp = 0, usr_flg = 0,
		flags = LIT_DYNAMIC,
		spatialprops =
		{
			pos = { -226.9612, 11.48624, 89.28886 },
			orient = { { -0.609294,  0.043822, -0.791732 },
					   { -0.037560,  0.995756,  0.084019 },
					   {  0.792054,  0.080930, -0.605062 } }
		},
		userprops =
		{
			category = "Spaceship",
			loadout = "MSN13_Order_Heavy_Fighter_Epsilon_Wing",
			Priority = "BG_Ship_1",
			running_lights = "True",
		}
	},

	{
		entity_name = "Cam_06_Dolly_walk_to_Oril",
		type = CAMERA,
		template_name = "",
		lt_grp = 0, srt_grp = 0, usr_flg = 0,
		spatialprops =
		{
			pos = { -21.18021, 1.400228, -44.3198 },
			orient = { {  0.571946,  0.000000,  0.820291 },
					   {  0.033613,  0.999160, -0.023437 },
					   { -0.819602,  0.040978,  0.571466 } }
		},
		cameraprops =
		{
			fovh = 30,
			hvaspect = 1.85,
			nearplane = 0.5,
			farplane = 300
		}
	},

	{
		entity_name = "Cam_06_Path",
		type = MOTION_PATH,
		template_name = "",
		lt_grp = 0, srt_grp = 0, usr_flg = 0,
		spatialprops =
		{
			pos = { -21.08254, 1.400228, -44.89909 },
			orient = { {  0.598373,  0.084812,  0.796716 },
					   {  0.027612,  0.991608, -0.126297 },
					   { -0.800742,  0.097571,  0.591009 } }
		},
		pathprops =
		{
			path_type = "CV_CROrientationSplinePath",
			path_data = "OPEN,{0.000001,0.000000,0.000000}, {1.000000,0.000000,0.000000,0.000000}, {2.660575,0.179313,1.863472}, {0.967507,-0.063868,-0.243694,-0.021561}, {4.222357,0.226885,2.668529}, {0.887495,-0.045967,-0.456549,-0.042447}, {6.081317,0.069873,3.139711}, {0.502785,-0.136917,-0.808783,-0.272636}, "
		}
	},

	{
		entity_name = "Cam_06_Path_Lookat_goto",
		type = MOTION_PATH,
		template_name = "",
		lt_grp = 0, srt_grp = 0, usr_flg = 0,
		spatialprops =
		{
			pos = { -19.04822, 1.20765, -45.34072 },
			orient = { {  0.999141,  0.000944, -0.041440 },
					   {  0.001675,  0.998006,  0.063096 },
					   {  0.041417, -0.063111,  0.997147 } }
		},
		pathprops =
		{
			path_type = "CV_CROrientationSplinePath",
			path_data = "OPEN,{0.000000,0.000000,0.000000}, {1.000000,0.000000,0.000000,0.000000}, {-1.004004,0.583290,9.187819}, {-0.067173,0.017135,0.966630,0.246620}, "
		}
	},

	{
		entity_name = "Cam_06_Dolly_Mrk_LookAt",
		type = MARKER,
		template_name = "",
		lt_grp = 0, srt_grp = 0, usr_flg = 0,
		spatialprops =
		{
			pos = { -19.04822, 1.20765, -45.34072 },
			orient = { {  0.993271,  0.000000, -0.115817 },
					   {  0.000000,  1.000000,  0.000000 },
					   {  0.115817,  0.000000,  0.993271 } }
		}
	},

	{
		entity_name = "Cam_06_Path_Lookat",
		type = MOTION_PATH,
		template_name = "",
		lt_grp = 0, srt_grp = 0, usr_flg = 0,
		spatialprops =
		{
			pos = { -19.04822, 1.20765, -45.34072 },
			orient = { {  0.993271,  0.000000, -0.115817 },
					   {  0.000000,  1.000000,  0.000000 },
					   {  0.115817,  0.000000,  0.993271 } }
		},
		pathprops =
		{
			path_type = "CV_CROrientationSplinePath",
			path_data = "OPEN,{0.000000,0.000000,0.000000}, {1.000000,0.000000,0.000000,0.000000}, {-1.004005,0.583290,9.187820}, {-0.067173,0.017135,0.966630,0.246620}, "
		}
	},

	{
		entity_name = "Cam_09_LowTracking",
		type = CAMERA,
		template_name = "",
		lt_grp = 0, srt_grp = 0, usr_flg = 0,
		spatialprops =
		{
			pos = { -19.78903, 0.69885, -39.9252 },
			orient = { { -0.999634,  0.000000,  0.027059 },
					   { -0.004914,  0.983370, -0.181545 },
					   { -0.026609, -0.181611, -0.983010 } }
		},
		cameraprops =
		{
			fovh = 20,
			hvaspect = 1.85,
			nearplane = 1,
			farplane = 1000
		}
	},

	{
		entity_name = "Mrk_Offscreen",
		type = MARKER,
		template_name = "",
		lt_grp = 0, srt_grp = 0, usr_flg = 0,
		spatialprops =
		{
			pos = { -792.7786, -5930.95, 3459.779 },
			orient = { {  0.993710,  0.000000,  0.111982 },
					   {  0.000000,  1.000000,  0.000000 },
					   { -0.111982,  0.000000,  0.993710 } }
		}
	},

	{
		entity_name = "Char_pygar_male_scientist_2",
		type = DEFORMABLE,
		template_name = "pygar_male_scientist_2",
		lt_grp = 0, srt_grp = 0, usr_flg = 0,
		flags = LIT_DYNAMIC + LIT_AMBIENT,
		spatialprops =
		{
			pos = { -792.7786, 0, 3459.779 },
			orient = { {  0.521972,  0.000000, -0.852963 },
					   {  0.000000,  1.000000,  0.000000 },
					   {  0.852963,  0.000000,  0.521972 } }
		},
		compoundprops =
		{
			floor_height = 0
		},
		userprops =
		{
			actor = "pygar_msc2",
			category = "Character",
		}
	},

	{
		entity_name = "Ship_Playership_Mk_loc_Parked",
		type = MARKER,
		template_name = "",
		lt_grp = 0, srt_grp = 0, usr_flg = 0,
		spatialprops =
		{
			pos = { -14.65859, 0, -10.70556 },
			orient = { {  0.742429,  0.000000, -0.669925 },
					   {  0.000000,  1.000000,  0.000000 },
					   {  0.669925,  0.000000,  0.742429 } }
		}
	},

	{
		entity_name = "Prop_PlayerShip_Shipcushion_Marker_A",
		type = MARKER,
		template_name = "",
		lt_grp = 0, srt_grp = 0, usr_flg = 0,
		flags = REFERENCE,
		spatialprops =
		{
			pos = { 23.66104, 0, 31.21434 },
			orient = { { -0.371335,  0.000000,  0.928499 },
					   {  0.000000,  1.000000,  0.000000 },
					   { -0.928499,  0.000000, -0.371335 } }
		}
	},

	{
		entity_name = "Ship_Path_over_back_hill",
		type = MOTION_PATH,
		template_name = "",
		lt_grp = 0, srt_grp = 0, usr_flg = 0,
		spatialprops =
		{
			pos = { 33.33962, 189.7731, -518.3179 },
			orient = { { -0.962933,  0.098316, -0.251186 },
					   {  0.108000,  0.993836, -0.025029 },
					   {  0.247177, -0.051229, -0.967615 } }
		},
		pathprops =
		{
			path_type = "CV_CROrientationSplinePath",
			path_data = "OPEN,{-52.058140,27.262844,9.261534}, {0.926716,0.000000,-0.375762,0.000000}, {17.971004,29.231699,-111.619171}, {0.910013,-0.247216,-0.145512,0.299310}, {97.786667,-58.695438,-308.577057}, {0.969644,-0.107237,-0.123319,-0.181888}, {104.287277,-179.486923,-563.781189}, {0.935737,-0.253600,0.062506,0.237017}, {118.812599,-219.841705,-645.398926}, {0.963950,-0.045163,0.062694,0.254619}, {93.126396,-214.659225,-729.393738}, {0.823381,0.134168,0.218144,0.506415}, {20.881111,-183.781097,-855.806396}, {0.984649,-0.009940,0.163682,-0.059795}, {-69.809807,-108.674225,-904.253418}, {1.000000,0.000000,0.000000,0.000000}, "
		}
	},

	{
		entity_name = "Prop_lair_power_cell",
		type = COMPOUND,
		template_name = "lair_power_cell",
		lt_grp = 0, srt_grp = 0, usr_flg = 0,
		flags = LIT_DYNAMIC,
		spatialprops =
		{
			pos = { -16.68352, 1.233332, -73.90614 },
			orient = { { -0.999690, -0.001470,  0.024857 },
					   {  0.000720, -0.999546, -0.030117 },
					   {  0.024890, -0.030090,  0.999237 } }
		},
		userprops =
		{
			category = "Solar",
		}
	},

	{
		entity_name = "Cam_05_Path",
		type = MOTION_PATH,
		template_name = "",
		lt_grp = 0, srt_grp = 0, usr_flg = 0,
		spatialprops =
		{
			pos = { -14.6794, 1.077309, -40.56701 },
			orient = { {  0.933809, -0.004946, -0.357738 },
					   { -0.000501,  0.999885, -0.015132 },
					   {  0.357772,  0.014310,  0.933699 } }
		},
		pathprops =
		{
			path_type = "CV_CROrientationSplinePath",
			path_data = "OPEN,{-3.349477,-0.019885,0.229967}, {0.964343,0.000000,-0.264655,0.000000}, {-3.427171,-0.022215,-1.336026}, {0.973867,-0.006130,-0.226903,0.007773}, {-2.107141,0.340989,-2.952378}, {0.998817,-0.026277,-0.040904,0.000807}, "
		}
	},

	{
		entity_name = "Cam_05_Dolly_Q_and_Tr",
		type = CAMERA,
		template_name = "",
		lt_grp = 0, srt_grp = 0, usr_flg = 0,
		spatialprops =
		{
			pos = { -17.72489, 1.077284, -39.15376 },
			orient = { {  0.985616,  0.003051,  0.168970 },
					   { -0.000501,  0.999885, -0.015132 },
					   { -0.168997,  0.014830,  0.985505 } }
		},
		cameraprops =
		{
			fovh = 20,
			hvaspect = 1.85,
			nearplane = 2,
			farplane = 200
		}
	},

	{
		entity_name = "Prop_artifact_crystal",
		type = COMPOUND,
		template_name = "prop_artifact_crystal",
		lt_grp = 0, srt_grp = 0, usr_flg = 0,
		flags = LIT_DYNAMIC,
		spatialprops =
		{
			pos = { -16.68352, 1.233332, -73.90614 },
			orient = { { -0.999690, -0.001470,  0.024857 },
					   {  0.000720, -0.999546, -0.030117 },
					   {  0.024890, -0.030090,  0.999237 } }
		},
		userprops =
		{
			category = "Prop",
		}
	},

	{
		entity_name = "Char_Q_Mk_loc_02_ajust",
		type = MARKER,
		template_name = "",
		lt_grp = 0, srt_grp = 0, usr_flg = 0,
		spatialprops =
		{
			pos = { -18.86408, 0.973156, -36.47659 },
			orient = { { -0.288634,  0.000000, -0.957440 },
					   {  0.000000,  1.000000,  0.000000 },
					   {  0.957440,  0.000000, -0.288634 } }
		}
	},

	{
		entity_name = "Char_Tr_Mk_IKhead_Q",
		type = MARKER,
		template_name = "",
		lt_grp = 0, srt_grp = 0, usr_flg = 0,
		spatialprops =
		{
			pos = { -17.95658, 1.677111, -46.99696 },
			orient = { { -0.997197,  0.000000, -0.074824 },
					   {  0.000000,  1.000000,  0.000000 },
					   {  0.074824,  0.000000, -0.997197 } }
		}
	},

	{
		entity_name = "Char_Tr_Mk_IKhead_Q_Path",
		type = MOTION_PATH,
		template_name = "",
		lt_grp = 0, srt_grp = 0, usr_flg = 0,
		spatialprops =
		{
			pos = { -17.95658, 1.677111, -46.99696 },
			orient = { { -0.997197,  0.000000, -0.074824 },
					   {  0.000000,  1.000000,  0.000000 },
					   {  0.074824,  0.000000, -0.997197 } }
		},
		pathprops =
		{
			path_type = "CV_CROrientationSplinePath",
			path_data = "OPEN,{0.000001,0.000000,-0.000002}, {1.000000,0.000000,0.000000,0.000000}, {0.283869,0.000000,-0.410649}, {1.000000,0.000000,0.000000,0.000000}, {0.881981,0.000000,-0.452482}, {1.000000,0.000000,0.000000,0.000000}, "
		}
	},

	{
		entity_name = "Ship_or_elite_04_Mk_loc_04_takeoff_B",
		type = MARKER,
		template_name = "",
		lt_grp = 0, srt_grp = 0, usr_flg = 0,
		spatialprops =
		{
			pos = { -229.81, 72.19021, 147.8519 },
			orient = { {  0.149687,  0.881746, -0.447346 },
					   {  0.567975,  0.293661,  0.768874 },
					   {  0.809319, -0.369172, -0.456852 } }
		}
	},

	{
		entity_name = "Ship_Path_cam_buzz_A_or_elite_03",
		type = MOTION_PATH,
		template_name = "",
		lt_grp = 0, srt_grp = 0, usr_flg = 0,
		spatialprops =
		{
			pos = { -187.6178, 58.43671, 117.6217 },
			orient = { { -0.582074, -0.109220, -0.805767 },
					   {  0.182727,  0.948024, -0.260502 },
					   {  0.792339, -0.298866, -0.531862 } }
		},
		pathprops =
		{
			path_type = "CV_CROrientationSplinePath",
			path_data = "OPEN,{-0.000360,-0.000252,59.402397}, {0.908495,0.000000,0.000000,0.417896}, {-0.000015,0.000033,-59.401726}, {0.858314,0.000000,0.000000,-0.513125}, "
		}
	},

	{
		entity_name = "Ship_or_elite_04_Buzz",
		type = COMPOUND,
		template_name = "or_elite",
		lt_grp = 3, srt_grp = 0, usr_flg = 0,
		flags = LIT_DYNAMIC,
		spatialprops =
		{
			pos = { -191.4466, 45.37864, 68.3122 },
			orient = { { -0.609294,  0.043822, -0.791732 },
					   { -0.037560,  0.995756,  0.084019 },
					   {  0.792054,  0.080930, -0.605062 } }
		},
		userprops =
		{
			category = "Spaceship",
			loadout = "MSN13_Order_Heavy_Fighter_Alpha_Wing",
			Priority = "BG_Ship_1",
			running_lights = "True",
		}
	},

	{
		entity_name = "Char_S_Mk_loc_03_ready",
		type = MARKER,
		template_name = "",
		lt_grp = 0, srt_grp = 0, usr_flg = 0,
		spatialprops =
		{
			pos = { -16.191, 0, -32.16171 },
			orient = { {  0.794584,  0.000000, -0.607154 },
					   {  0.000000,  1.000000,  0.000000 },
					   {  0.607154,  0.000000,  0.794584 } }
		}
	},

	{
		entity_name = "Ship_or_elite_04_Mk_loc_03_takeoff_A",
		type = MARKER,
		template_name = "",
		lt_grp = 0, srt_grp = 0, usr_flg = 0,
		spatialprops =
		{
			pos = { -106.2261, 15.69285, 78.88728 },
			orient = { { -0.372930, -0.927216, -0.034546 },
					   { -0.482827,  0.225719, -0.846126 },
					   {  0.792339, -0.298866, -0.531862 } }
		}
	},

	{
		entity_name = "Prop_Maglev_Mrk_ROOT",
		type = MARKER,
		template_name = "",
		lt_grp = 0, srt_grp = 0, usr_flg = 0,
		spatialprops =
		{
			pos = { -16.68394, 0.623908, -73.95928 },
			orient = { { -0.999690,  0.024896,  0.000487 },
					   {  0.000720,  0.009373,  0.999956 },
					   {  0.024890,  0.999646, -0.009388 } }
		}
	},

	{
		entity_name = "Char_J_Mk_loc_Start",
		type = MARKER,
		template_name = "",
		lt_grp = 0, srt_grp = 0, usr_flg = 0,
		spatialprops =
		{
			pos = { -24.12766, 0.959241, -46.17103 },
			orient = { { -0.233945,  0.000000,  0.972250 },
					   {  0.000000,  1.000000,  0.000000 },
					   { -0.972250,  0.000000, -0.233945 } }
		}
	},

	{
		entity_name = "Char_Q_Mk_IKhead_Trent_A",
		type = MARKER,
		template_name = "",
		lt_grp = 0, srt_grp = 0, usr_flg = 0,
		spatialprops =
		{
			pos = { -19.06913, 1.710759, -46.24366 },
			orient = { { -0.066094,  0.000000,  0.997813 },
					   {  0.000000,  1.000000,  0.000000 },
					   { -0.997813,  0.000000, -0.066094 } }
		}
	},

	{
		entity_name = "Char_Q_Mk_IKhead_Trent_B",
		type = MARKER,
		template_name = "",
		lt_grp = 0, srt_grp = 0, usr_flg = 0,
		spatialprops =
		{
			pos = { -16.86137, 1.710759, -45.76057 },
			orient = { { -0.066094,  0.000000,  0.997813 },
					   {  0.000000,  1.000000,  0.000000 },
					   { -0.997813,  0.000000, -0.066094 } }
		}
	},

	{
		entity_name = "Ship_or_elite_01_gf_co_smallengine02_fire_1",
		type = PSYS,
		template_name = "gf_co_smallengine02_fire",
		lt_grp = 0, srt_grp = 0, usr_flg = 0,
		flags = LIT_DYNAMIC + LIT_AMBIENT,
		spatialprops =
		{
			pos = { 0, 0, 0 },
			orient = { { 1, 0, 0 }, { 0, 1, 0 }, { 0, 0, 1 } }
		},
		psysprops =
		{
			sparam = 0
		},
		userprops =
		{
			Priority = "FG_Ship_1",
		}
	},

	{
		entity_name = "Ship_or_elite_01_gf_co_smallengine02_fire_2",
		type = PSYS,
		template_name = "gf_co_smallengine02_fire",
		lt_grp = 0, srt_grp = 0, usr_flg = 0,
		flags = LIT_DYNAMIC + LIT_AMBIENT,
		spatialprops =
		{
			pos = { 0, 0, 0 },
			orient = { { 1, 0, 0 }, { 0, 1, 0 }, { 0, 0, 1 } }
		},
		psysprops =
		{
			sparam = 0
		},
		userprops =
		{
			Priority = "FG_Ship_1",
		}
	},

	{
		entity_name = "Ship_or_elite_01_gf_co_smallengine02_fire_3",
		type = PSYS,
		template_name = "gf_co_smallengine02_fire",
		lt_grp = 0, srt_grp = 0, usr_flg = 0,
		flags = LIT_DYNAMIC + LIT_AMBIENT,
		spatialprops =
		{
			pos = { 0, 0, 0 },
			orient = { { 1, 0, 0 }, { 0, 1, 0 }, { 0, 0, 1 } }
		},
		psysprops =
		{
			sparam = 0
		},
		userprops =
		{
			Priority = "FG_Ship_1",
		}
	},

	{
		entity_name = "Ship_or_elite_02_gf_co_smallengine02_fire_1",
		type = PSYS,
		template_name = "gf_co_smallengine02_fire",
		lt_grp = 0, srt_grp = 0, usr_flg = 0,
		flags = LIT_DYNAMIC + LIT_AMBIENT,
		spatialprops =
		{
			pos = { 0, 0, 0 },
			orient = { { 1, 0, 0 }, { 0, 1, 0 }, { 0, 0, 1 } }
		},
		psysprops =
		{
			sparam = 0
		}
	},

	{
		entity_name = "Ship_or_elite_02_gf_co_smallengine02_fire_2",
		type = PSYS,
		template_name = "gf_co_smallengine02_fire",
		lt_grp = 0, srt_grp = 0, usr_flg = 0,
		flags = LIT_DYNAMIC + LIT_AMBIENT,
		spatialprops =
		{
			pos = { 0, 0, 0 },
			orient = { { 1, 0, 0 }, { 0, 1, 0 }, { 0, 0, 1 } }
		},
		psysprops =
		{
			sparam = 0
		}
	},

	{
		entity_name = "Ship_or_elite_03_Buzz_gf_co_smallengine02_fire_3",
		type = PSYS,
		template_name = "gf_co_smallengine02_fire",
		lt_grp = 0, srt_grp = 0, usr_flg = 0,
		flags = LIT_DYNAMIC + LIT_AMBIENT,
		spatialprops =
		{
			pos = { 0, 0, 0 },
			orient = { { 1, 0, 0 }, { 0, 1, 0 }, { 0, 0, 1 } }
		},
		psysprops =
		{
			sparam = 0
		},
		userprops =
		{
			Priority = "BG_Ship_1",
		}
	},

	{
		entity_name = "Ship_or_elite_03_Buzz_gf_co_smallengine02_fire_1",
		type = PSYS,
		template_name = "gf_co_smallengine02_fire",
		lt_grp = 0, srt_grp = 0, usr_flg = 0,
		flags = LIT_DYNAMIC + LIT_AMBIENT,
		spatialprops =
		{
			pos = { 0, 0, 0 },
			orient = { { 1, 0, 0 }, { 0, 1, 0 }, { 0, 0, 1 } }
		},
		psysprops =
		{
			sparam = 0
		},
		userprops =
		{
			Priority = "BG_Ship_1",
		}
	},

	{
		entity_name = "Ship_or_elite_03_Buzz_gf_co_smallengine02_fire_2",
		type = PSYS,
		template_name = "gf_co_smallengine02_fire",
		lt_grp = 0, srt_grp = 0, usr_flg = 0,
		flags = LIT_DYNAMIC + LIT_AMBIENT,
		spatialprops =
		{
			pos = { 0, 0, 0 },
			orient = { { 1, 0, 0 }, { 0, 1, 0 }, { 0, 0, 1 } }
		},
		psysprops =
		{
			sparam = 0
		},
		userprops =
		{
			Priority = "BG_Ship_1",
		}
	},

	{
		entity_name = "Ship_or_elite_04_Buzz_gf_co_smallengine02_fire_1",
		type = PSYS,
		template_name = "gf_co_smallengine02_fire",
		lt_grp = 0, srt_grp = 0, usr_flg = 0,
		flags = LIT_DYNAMIC + LIT_AMBIENT,
		spatialprops =
		{
			pos = { 0, 0, 0 },
			orient = { { 1, 0, 0 }, { 0, 1, 0 }, { 0, 0, 1 } }
		},
		psysprops =
		{
			sparam = 0
		},
		userprops =
		{
			Priority = "BG_Ship_1",
		}
	},

	{
		entity_name = "Ship_or_elite_04_Buzz_gf_co_smallengine02_fire_2",
		type = PSYS,
		template_name = "gf_co_smallengine02_fire",
		lt_grp = 0, srt_grp = 0, usr_flg = 0,
		flags = LIT_DYNAMIC + LIT_AMBIENT,
		spatialprops =
		{
			pos = { 0, 0, 0 },
			orient = { { 1, 0, 0 }, { 0, 1, 0 }, { 0, 0, 1 } }
		},
		psysprops =
		{
			sparam = 0
		},
		userprops =
		{
			Priority = "BG_Ship_1",
		}
	},

	{
		entity_name = "Ship_or_elite_04_Buzz_gf_co_smallengine02_fire_3",
		type = PSYS,
		template_name = "gf_co_smallengine02_fire",
		lt_grp = 0, srt_grp = 0, usr_flg = 0,
		flags = LIT_DYNAMIC + LIT_AMBIENT,
		spatialprops =
		{
			pos = { 0, 0, 0 },
			orient = { { 1, 0, 0 }, { 0, 1, 0 }, { 0, 0, 1 } }
		},
		psysprops =
		{
			sparam = 0
		},
		userprops =
		{
			Priority = "BG_Ship_1",
		}
	},

	{
		entity_name = "Ship_or_elite_02_gf_co_smallengine02_fire_3",
		type = PSYS,
		template_name = "gf_co_smallengine02_fire",
		lt_grp = 0, srt_grp = 0, usr_flg = 0,
		flags = LIT_DYNAMIC + LIT_AMBIENT,
		spatialprops =
		{
			pos = { 0, 0, 0 },
			orient = { { 1, 0, 0 }, { 0, 1, 0 }, { 0, 0, 1 } }
		},
		psysprops =
		{
			sparam = 0
		}
	},

	{
		entity_name = "Char_Q_Mk_IKhead_Walking",
		type = MARKER,
		template_name = "",
		lt_grp = 0, srt_grp = 0, usr_flg = 0,
		spatialprops =
		{
			pos = { -17.39744, 1.742106, -52.92278 },
			orient = { { -0.995383,  0.000210, -0.095978 },
					   {  0.000043,  0.999998,  0.001744 },
					   {  0.095978,  0.001732, -0.995382 } }
		}
	},

	{
		entity_name = "Char_Q_Mk_IKhead_Walking_Path_1",
		type = MOTION_PATH,
		template_name = "",
		lt_grp = 0, srt_grp = 0, usr_flg = 0,
		spatialprops =
		{
			pos = { -17.39744, 1.630476, -52.92278 },
			orient = { { -0.995383,  0.000210, -0.095978 },
					   {  0.000043,  0.999998,  0.001744 },
					   {  0.095978,  0.001732, -0.995382 } }
		},
		pathprops =
		{
			path_type = "CV_CROrientationSplinePath",
			path_data = "OPEN,{0.000000,0.000000,0.000001}, {1.000000,0.000000,0.000000,0.000000}, {0.706913,0.000001,0.000006}, {1.000000,0.000000,0.000000,0.000000}, "
		}
	},

	{
		entity_name = "Char_Q_Mk_IKhead_Orillion_B",
		type = MARKER,
		template_name = "",
		lt_grp = 0, srt_grp = 0, usr_flg = 0,
		spatialprops =
		{
			pos = { -19.96047, 1.630476, -35.6695 },
			orient = { { -0.995383,  0.000210, -0.095978 },
					   {  0.000043,  0.999998,  0.001744 },
					   {  0.095978,  0.001732, -0.995382 } }
		}
	},

	{
		entity_name = "Char_Q_Mk_IKhead_Orillion_A",
		type = MARKER,
		template_name = "",
		lt_grp = 0, srt_grp = 0, usr_flg = 0,
		spatialprops =
		{
			pos = { -18.96491, 1.630266, -35.57351 },
			orient = { { -0.995383,  0.000210, -0.095978 },
					   {  0.000043,  0.999998,  0.001744 },
					   {  0.095978,  0.001732, -0.995382 } }
		}
	},

	{
		entity_name = "Char_Q_Mk_IKhead_Walking_Path_2",
		type = MOTION_PATH,
		template_name = "",
		lt_grp = 0, srt_grp = 0, usr_flg = 0,
		spatialprops =
		{
			pos = { -17.9863, 1.631265, -46.76111 },
			orient = { { -0.995383,  0.000210, -0.095978 },
					   {  0.000043,  0.999998,  0.001744 },
					   {  0.095978,  0.001732, -0.995382 } }
		},
		pathprops =
		{
			path_type = "CV_CROrientationSplinePath",
			path_data = "OPEN,{-0.000001,0.000000,0.000002}, {1.000000,0.000000,0.000000,0.000000}, {-0.158685,0.019109,-10.880520}, {1.000000,0.000000,0.000000,0.000000}, "
		}
	},

	{
		entity_name = "Cam_04_Path",
		type = MOTION_PATH,
		template_name = "",
		lt_grp = 0, srt_grp = 0, usr_flg = 0,
		spatialprops =
		{
			pos = { -215.0656, 69.87843, 140.5896 },
			orient = { {  0.578781,  0.000000,  0.815483 },
					   { -0.167756,  0.978612,  0.119064 },
					   { -0.798041, -0.205714,  0.566402 } }
		},
		pathprops =
		{
			path_type = "CV_CROrientationSplinePath",
			path_data = "OPEN,{-0.000007,0.000064,16.631491}, {1.000000,0.000000,0.000000,0.000000}, {0.000179,-2.367036,9.748534}, {0.998691,-0.051137,0.000001,0.000000}, {0.000012,-5.874322,3.743485}, {0.994893,-0.100933,0.000001,0.000001}, {0.000018,-17.093111,2.309356}, {0.984631,-0.174646,0.000000,0.000000}, "
		}
	},

	{
		entity_name = "Cam_04_Tracking",
		type = CAMERA,
		template_name = "",
		lt_grp = 0, srt_grp = 0, usr_flg = 0,
		spatialprops =
		{
			pos = { -228.3382, 66.45716, 150.0096 },
			orient = { {  0.578781,  0.000000,  0.815483 },
					   { -0.167756,  0.978612,  0.119064 },
					   { -0.798041, -0.205714,  0.566402 } }
		},
		cameraprops =
		{
			fovh = 20,
			hvaspect = 1.85,
			nearplane = 6,
			farplane = 1000
		}
	},

	{
		entity_name = "cam_Monitor_s074x_static",
		type = MONITOR,
		template_name = "",
		lt_grp = 0, srt_grp = 0, usr_flg = 0,
		userprops =
		{
			Priority = "Monitor_Static_1",
		}
	},

	{
		entity_name = "Cam_04_Tracking_static_A",
		type = CAMERA,
		template_name = "",
		lt_grp = 0, srt_grp = 0, usr_flg = 0,
		spatialprops =
		{
			pos = { -228.2968, 66.45132, 149.9803 },
			orient = { {  0.582364,  0.000000,  0.812928 },
					   { -0.075517,  0.995676,  0.054099 },
					   { -0.809413, -0.092895,  0.579846 } }
		},
		cameraprops =
		{
			fovh = 20,
			hvaspect = 1.85,
			nearplane = 3,
			farplane = 700
		}
	},

	{
		entity_name = "Cam_04_Tracking_static_B",
		type = CAMERA,
		template_name = "",
		lt_grp = 0, srt_grp = 0, usr_flg = 0,
		spatialprops =
		{
			pos = { -214.5366, 54.82676, 140.2142 },
			orient = { {  0.578782,  0.000000,  0.815483 },
					   {  0.094060,  0.993326, -0.066758 },
					   { -0.810040,  0.115343,  0.574919 } }
		},
		cameraprops =
		{
			fovh = 20,
			hvaspect = 1.85,
			nearplane = 3,
			farplane = 700
		}
	},

	{
		entity_name = "Cam_05_Dolly_static",
		type = CAMERA,
		template_name = "",
		lt_grp = 0, srt_grp = 0, usr_flg = 0,
		spatialprops =
		{
			pos = { -18.32712, 1.037907, -40.33646 },
			orient = { {  0.999152,  0.000000,  0.041177 },
					   {  0.000833,  0.999795, -0.020218 },
					   { -0.041168,  0.020236,  0.998947 } }
		},
		cameraprops =
		{
			fovh = 25,
			hvaspect = 1.85,
			nearplane = 1,
			farplane = 100
		}
	},

	{
		entity_name = "Cam_06_Dolly_static_A",
		type = CAMERA,
		template_name = "",
		lt_grp = 0, srt_grp = 0, usr_flg = 0,
		spatialprops =
		{
			pos = { -21.07153, 1.482846, -44.45229 },
			orient = { {  0.372044,  0.000000,  0.928215 },
					   {  0.114204,  0.992402, -0.045775 },
					   { -0.921163,  0.123036,  0.369217 } }
		},
		cameraprops =
		{
			fovh = 30,
			hvaspect = 1.85,
			nearplane = 0.5,
			farplane = 300
		}
	},

	{
		entity_name = "Cam_06_Dolly_static_C",
		type = CAMERA,
		template_name = "",
		lt_grp = 0, srt_grp = 0, usr_flg = 0,
		spatialprops =
		{
			pos = { -20.38117, 2.440228, -40.94299 },
			orient = { { -0.962393,  0.000000,  0.271661 },
					   {  0.105638,  0.921297,  0.374236 },
					   { -0.250280,  0.388859, -0.886650 } }
		},
		cameraprops =
		{
			fovh = 30,
			hvaspect = 1.85,
			nearplane = 0.5,
			farplane = 300
		}
	},

	{
		entity_name = "sfx_ambience_planetscape_icy_48",
		type = SOUND,
		template_name = "ambience_planetscape_icy",
		lt_grp = 0, srt_grp = 0, usr_flg = 0,
		spatialprops =
		{
			pos = { 0, 0, 0 },
			orient = { { 1, 0, 0 }, { 0, 1, 0 }, { 0, 0, 1 } }
		},
		audioprops =
		{
			attenuation = -5,
			pan = 0,
			dmin = 50,
			dmax = 300,
			ain = 360,
			aout = 360,
			atout = 0,
			rmix = 0,
		},
		userprops =
		{
			category = "Audio",
			Priority = "Story_Sound_1",
		}
	},

	{
		entity_name = "Ship_or_elite_01_engine_loop",
		type = SOUND,
		template_name = "engine_oe_h_fighter_loop",
		lt_grp = 0, srt_grp = 0, usr_flg = 0,
		flags = SPATIAL,
		spatialprops =
		{
			pos = { 127.1833, 169.5696, -446.0588 },
			orient = { { 1, 0, 0 }, { 0, 1, 0 }, { 0, 0, 1 } }
		},
		audioprops =
		{
			attenuation = 0,
			pan = 0,
			dmin = 100,
			dmax = 1000,
			ain = 360,
			aout = 360,
			atout = 0,
			rmix = 0,
		},
		userprops =
		{
			category = "Audio",
			Priority = "Engine_Sound_2",
		}
	},

	{
		entity_name = "Ship_or_elite_01_engine_exterior_thruster",
		type = SOUND,
		template_name = "exterior_thruster_sound",
		lt_grp = 0, srt_grp = 0, usr_flg = 0,
		flags = SPATIAL,
		spatialprops =
		{
			pos = { 127.1833, 169.5696, -446.0588 },
			orient = { { 1, 0, 0 }, { 0, 1, 0 }, { 0, 0, 1 } }
		},
		audioprops =
		{
			attenuation = 0,
			pan = 0,
			dmin = 100,
			dmax = 1000,
			ain = 360,
			aout = 360,
			atout = 0,
			rmix = 0,
		},
		userprops =
		{
			category = "Audio",
			Priority = "Engine_Sound_2",
		}
	},

	{
		entity_name = "Ship_or_elite_02_engine_exterior_thruster",
		type = SOUND,
		template_name = "exterior_thruster_sound",
		lt_grp = 0, srt_grp = 0, usr_flg = 0,
		flags = SPATIAL,
		spatialprops =
		{
			pos = { -242.0302, 56.10061, 56.00999 },
			orient = { { 1, 0, 0 }, { 0, 1, 0 }, { 0, 0, 1 } }
		},
		audioprops =
		{
			attenuation = 0,
			pan = 0,
			dmin = 100,
			dmax = 1000,
			ain = 360,
			aout = 360,
			atout = 0,
			rmix = 0,
		},
		userprops =
		{
			category = "Audio",
			Priority = "Engine_Sound_2",
		}
	},

	{
		entity_name = "Ship_or_elite_02_engine_loop",
		type = SOUND,
		template_name = "engine_oe_h_fighter_loop",
		lt_grp = 0, srt_grp = 0, usr_flg = 0,
		flags = SPATIAL,
		spatialprops =
		{
			pos = { -242.0302, 56.10061, 56.00999 },
			orient = { { 1, 0, 0 }, { 0, 1, 0 }, { 0, 0, 1 } }
		},
		audioprops =
		{
			attenuation = 0,
			pan = 0,
			dmin = 100,
			dmax = 1000,
			ain = 360,
			aout = 360,
			atout = 0,
			rmix = 0,
		},
		userprops =
		{
			category = "Audio",
			Priority = "Engine_Sound_2",
		}
	},

	{
		entity_name = "Ship_or_elite_03_engine_exterior_thruster",
		type = SOUND,
		template_name = "exterior_thruster_sound",
		lt_grp = 0, srt_grp = 0, usr_flg = 0,
		flags = SPATIAL,
		spatialprops =
		{
			pos = { -226.9612, 11.48624, 89.28886 },
			orient = { { 1, 0, 0 }, { 0, 1, 0 }, { 0, 0, 1 } }
		},
		audioprops =
		{
			attenuation = 0,
			pan = 0,
			dmin = 100,
			dmax = 1000,
			ain = 360,
			aout = 360,
			atout = 0,
			rmix = 0,
		},
		userprops =
		{
			category = "Audio",
			Priority = "Engine_Sound_1",
		}
	},

	{
		entity_name = "Ship_or_elite_03_engine_loop",
		type = SOUND,
		template_name = "engine_oe_h_fighter_loop",
		lt_grp = 0, srt_grp = 0, usr_flg = 0,
		flags = SPATIAL,
		spatialprops =
		{
			pos = { -226.9612, 11.48624, 89.28886 },
			orient = { { 1, 0, 0 }, { 0, 1, 0 }, { 0, 0, 1 } }
		},
		audioprops =
		{
			attenuation = 0,
			pan = 0,
			dmin = 100,
			dmax = 1000,
			ain = 360,
			atout = 0,
			rmix = 0,
		},
		userprops =
		{
			category = "Audio",
			Priority = "Engine_Sound_1",
		}
	},

	{
		entity_name = "Ship_or_elite_04_engine_exterior_thruster",
		type = SOUND,
		template_name = "exterior_thruster_sound",
		lt_grp = 0, srt_grp = 0, usr_flg = 0,
		flags = SPATIAL,
		spatialprops =
		{
			pos = { -191.4466, 45.37864, 68.3122 },
			orient = { { 1, 0, 0 }, { 0, 1, 0 }, { 0, 0, 1 } }
		},
		audioprops =
		{
			attenuation = 0,
			pan = 0,
			dmax = 1000,
			ain = 360,
			aout = 360,
			atout = 0,
			rmix = 0,
		},
		userprops =
		{
			category = "Audio",
			Priority = "Engine_Sound_1",
		}
	},

	{
		entity_name = "Ship_or_elite_04_engine_loop",
		type = SOUND,
		template_name = "engine_oe_h_fighter_loop",
		lt_grp = 0, srt_grp = 0, usr_flg = 0,
		flags = SPATIAL,
		spatialprops =
		{
			pos = { -191.4466, 45.37864, 68.3122 },
			orient = { { 1, 0, 0 }, { 0, 1, 0 }, { 0, 0, 1 } }
		},
		audioprops =
		{
			pan = 0,
			dmin = 100,
			dmax = 1000,
			ain = 360,
			aout = 360,
			atout = 0,
			rmix = 0,
		},
		userprops =
		{
			category = "Audio",
			Priority = "Engine_Sound_1",
		}
	},

	{
		entity_name = "Char_Sinclair_fs_fr_steel01_18",
		type = SOUND,
		template_name = "fs_fr_steel01",
		lt_grp = 0, srt_grp = 0, usr_flg = 0,
		spatialprops =
		{
			pos = { 0, 0, 0 },
			orient = { { 1, 0, 0 }, { 0, 1, 0 }, { 0, 0, 1 } }
		},
		audioprops =
		{
			attenuation = -23,
			dmin = 50,
